1475.000000
370.000000
181.000000
106.000000
54.000000
25.000000
22.000000
12.000000
12.000000
3.000000
2.000000
4.000000
2.000000
0.000000
2.000000
0.000000
0.000000
0.000000
1.000000
0.000000
0.000000
0.000000
0.000000
0.000000
0.000000
0.000000
0.000000
0.000000
0.000000
0.000000
0.000000
0.000000
0.000000
0.000000
0.000000
0.000000
0.000000
0.000000
0.000000
0.000000
0.000000
0.000000
0.000000
0.000000
0.000000
0.000000
0.000000
0.000000
1.000000
12.000000
0.000000
0.000000
0.000000
0.000000
0.000000
0.000000
0.000000
0.000000
0.000000
0.000000
0.000000
0.000000
0.000000
0.000000
0.000000
0.000000
0.000000
0.000000
0.000000
0.000000
0.000000
0.000000
0.000000
0.000000
0.000000
0.000000
0.000000
0.000000
0.000000
0.000000
0.000000
1.000000
1.000000
2.000000
5.000000
2.000000
4.000000
6.000000
2.000000
7.000000
11.000000
14.000000
18.000000
22.000000
24.000000
31.000000
19.000000
18.000000
37.000000
42.000000
