1760.000000
281.000000
146.000000
78.000000
33.000000
29.000000
13.000000
9.000000
8.000000
10.000000
3.000000
2.000000
4.000000
1.000000
2.000000
0.000000
0.000000
0.000000
0.000000
0.000000
0.000000
0.000000
0.000000
0.000000
0.000000
0.000000
0.000000
0.000000
0.000000
0.000000
0.000000
0.000000
0.000000
0.000000
0.000000
0.000000
0.000000
0.000000
0.000000
0.000000
0.000000
0.000000
0.000000
0.000000
0.000000
0.000000
0.000000
0.000000
0.000000
4.000000
0.000000
0.000000
0.000000
0.000000
0.000000
0.000000
0.000000
0.000000
0.000000
0.000000
0.000000
0.000000
0.000000
0.000000
0.000000
0.000000
0.000000
0.000000
0.000000
0.000000
0.000000
0.000000
0.000000
1.000000
0.000000
0.000000
1.000000
0.000000
0.000000
0.000000
1.000000
1.000000
0.000000
1.000000
1.000000
2.000000
3.000000
4.000000
10.000000
11.000000
15.000000
11.000000
11.000000
16.000000
15.000000
14.000000
12.000000
12.000000
14.000000
11.000000
