1701.000000
320.000000
151.000000
75.000000
42.000000
23.000000
15.000000
12.000000
13.000000
3.000000
2.000000
1.000000
4.000000
1.000000
2.000000
1.000000
0.000000
1.000000
0.000000
0.000000
0.000000
0.000000
0.000000
0.000000
0.000000
0.000000
0.000000
0.000000
0.000000
0.000000
0.000000
0.000000
0.000000
0.000000
0.000000
0.000000
0.000000
0.000000
0.000000
0.000000
0.000000
0.000000
0.000000
0.000000
0.000000
0.000000
0.000000
0.000000
0.000000
4.000000
0.000000
0.000000
0.000000
0.000000
0.000000
0.000000
0.000000
0.000000
0.000000
0.000000
0.000000
0.000000
0.000000
0.000000
0.000000
0.000000
0.000000
0.000000
0.000000
0.000000
1.000000
0.000000
0.000000
0.000000
0.000000
0.000000
0.000000
0.000000
0.000000
0.000000
1.000000
1.000000
0.000000
2.000000
1.000000
5.000000
3.000000
3.000000
7.000000
7.000000
8.000000
13.000000
19.000000
14.000000
13.000000
13.000000
14.000000
15.000000
22.000000
17.000000
