2 384
5 375
3 392
0 576
2 576
8 776
4 776
468 511
4 2287
6 2287
4 745
0 745
14 914
2 338
8 448
2 691
1 691
0 183
5 914
17 1155
32 1155
1063 1155
1 1155
2 1155
1 1370
1 1623
36 7389
123 7389
305 7389
3 7389
4 7389
117 7389
114 7389
13 7389
48 7389
35 7389
329 7389
3 2339
2 615
35 1288
2 176
9 1265
32 1265
6 1265
7 150
0 79
2 1983
3 1983
4 1983
96 1983
7 269
4 397
41 1208
39 1208
18 1208
25 1474
8 240
9 448
3 558
1 1113
0 1113
0 79
5 305
5 400
0 388
6 590
1 1483
139 152
4 152
1 796
1508 1536
0 805
0 276
19 328
5 1267
11 1267
23 1267
6 1267
15 1267
2 522
0 198
1 1013
0 1013
5 152
0 1303
2 1008
3 1008
2 327
0 562
7 737
7 737
218 264
160 175
0 44
0 89
3 1913
0 1913
3 1539
11 973
3 855
0 301
6 7645
180 7645
13 7645
2 7645
19 7645
158 7645
81 7645
16 7645
22 7645
14 7645
15 7645
1 7645
29 7645
4 7645
17 7645
3 7645
7 7645
8 7645
118 7645
10 7645
315 9306
28 9306
12 9306
155 9306
50 9306
347 9306
2 9306
170 9306
5 9306
189 9306
6 9306
48 9306
14 9306
319 9306
9 9306
362 9306
401 9306
44 9306
30 3760
183 3760
180 3760
28 3760
40 3760
64 3760
33 3760
54 3760
5 689
5 295
75 1454
87 1454
14 1454
18 1454
1 626
0 203
0 405
0 794
2 794
1 844
622 657
1 1110
138 150
1 1071
0 812
0 812
0 422
37 896
2 395
9 2339
0 135
4 324
1 721
11 79
1 204
0 811
1 368
0 380
0 380
1 384
8 152
0 98
67 68
1 446
1 777
4 777
0 884
883 884
0 1514
822 876
2 348
0 169
5 663
3 663
3 303
5 240
0 441
1 1474
0 733
2 1077
0 404
0 973
0 138
17 1618
6 567
21 876
1 176
0 2150
10 2150
20 876
2 311
11 1597
2 1597
12 1597
3 1597
2 618
0 98
0 184
9 776
3 776
1 497
54 57
3 392
15 670
9 670
3 392
38 511
1 247
0 876
1 344
2 965
1465 1539
0 509
3 215
6 176
4 215
2 215
6 1386
0 283
0 764
0 465
0 792
3 10782
27 10782
2 10782
6 10782
64 10782
20 10782
34 10782
284 10782
52 10782
48 10782
29 10782
164 10782
17 10782
76 10782
57 10782
9 10782
110 10782
74 10782
92 10782
7 10782
44 10782
15 10782
25 10782
8 10782
29 10782
114 10782
1 224
19 767
4 144
38 540
7 2510
0 2510
254 269
3 269
1 1269
0 1269
2 919
0 782
11 448
0 931
1 931
1 247
0 89
18 2038
2 2038
0 2038
0 446
6 737
5 1898
4 1898
7 584
5 1360
3 2257
4 2257
0 1695
1963 2339
21 1072
1 746
1 746
4 2150
15 2150
29 3410
6 3410
15 3410
2 746
2 2150
16 2150
11 764
2 746
0 456
17 590
30 2449
57 2449
16 191
20 777
7 266
1 1027
5 976
17 976
12 3000
23 3000
15 3000
27 3000
25 3000
6 3000
0 202
0 456
6 777
2 381
0 295
3 186
399 441
0 94
54 68
1 287
5 240
7 142
6 240
1 655
0 1197
6 2831
5 2831
3 2831
1 2831
1 1331
3 4210
51 4210
67 4210
28 4210
120 4210
66 4210
23 4210
1 4210
29 4210
138 4210
218 4210
0 20
1 209
0 677
7 677
2 1547
11 1547
3 888
22 888
0 344
1 413
6 1012
5 1012
8 1012
1 269
0 467
2 504
22 1110
1 585
4 2128
0 2128
9 2128
1 960
1 1483
9 1536
5 1536
0 1110
2 1069
3 1069
4 1069
1 1014
743 811
1 1110
4 423
0 93
177 183
1 384
3 724
7 2375
3 2375
6 2375
0 178
11 788
2 788
6 788
5 788
16 788
0 788
1 788
9 788
3 788
1 203
22 226
0 4949
2 4949
6 4949
33 4949
114 4949
11 4949
72 4949
0 120
39 2150
1 2150
12 2150
0 653
5 689
3 2955
1 2955
83 2955
5 2955
12 2955
2 2955
153 2955
3 1695
0 439
0 439
10 225
0 2163
2 2163
208 13875
35 13875
5 13875
40 13875
38 13875
79 13875
16 13875
5 13875
408 13875
24 13875
13115 13875
45 13875
93 13875
77 13875
7 2339
2 222
1 150
3 1164
5 1164
25 1164
0 2347
1 2347
3 2347
2 2347
0 633
0 384
21 3126
16 3126
52 3126
6 3126
3 3126
11 3126
13 3126
5 1078
1 1078
0 1078
252 267
2 1926
10 526
4 812
7 858
7 5657
2 5657
15 5657
16 5657
10 5657
5 5657
97 5657
46 5657
28 1042
2 423
1 218
1 172
16 1307
100 1021
4 384
0 400
5 240
3 247
1 176
0 247
1 124
0 618
0 247
3 1708
2 1708
1 1708
0 1708
0 762
1 762
5 152
7 371
3 264
1 442
0 442
3 389
52 5642
10 5642
5 5642
137 5642
192 5642
66 5642
15 5642
3 416
1 223
2 86
9 543
11 1403
4 1403
0 679
1 2517
0 87
1 689
1 336
0 89
0 153
12 1403
5 1963
16 1963
9 2002
10 2002
1 2002
9 147
7 147
2 163
253 264
2 1539
222 264
4 590
0 181
227 241
0 465
737 764
30 764
8 764
9 295
0 1652
1 1652
0 1967
0 86
0 1110
3 1183
0 1183
2 1183
0 876
0 389
3 1124
1 1124
1 1014
0 961
3 961
1 961
0 526
0 359
41 1130
1 257
5 1386
2 842
21 1042
0 257
3 2403
43 2403
15 2403
0 106
4 375
21 617
1 270
17 270
4 340
2 327
0 380
4 518
4 587
2 587
0 384
0 424
3 264
678 699
1 1317
3 1317
9 1317
10 120
3 594
0 538
0 603
0 1130
1 344
5 240
0 1241
0 122
2 855
5 1898
3 1898
6 1898
4 1898
5 384
15 17
33 914
0 777
4 163
12 4713
16 4713
2 4713
4317 4713
3 4713
13 4713
0 44
3 2150
10 2150
1 2150
0 2150
7 402
248 266
1 781
2 781
0 781
11 781
19 664
1 689
0 874
0 796
0 796
89 1464
2 1464
12 1464
0 548
3 382
15 233
2 663
1 257
19 506
13 1012
1 257
0 626
0 371
769 782
108 3816
1 3816
3 3816
0 3816
2 3816
21 3816
7 3816
3 340
3 1347
6 1347
0 149
1 554
0 364
5 364
269 295
4 435
5 695
2 1247
1 1247
6 423
2 914
0 265
6 631
4 631
2 186
0 518
166 171
432 511
1 431
0 2308
2 2308
1 2303
9 2303
9 145
5 145
6 145
0 467
5 518
1 405
8 318
11 423
4 324
27 389
1 8726
2 8726
192 8726
10 8726
170 8726
6 8726
335 8726
27 8726
53 8726
81 8726
0 8726
33 8726
143 8726
0 422
1 108
0 456
0 1036
1 1036
14 391
1 344
0 679
2 154
365 397
7 3066
8 3066
46 3066
5 1214
7 1214
24 1595
58 1595
26 764
0 457
0 368
0 376
2 209
0 209
1 1191
0 1191
25 592
3 378
8 141
0 389
4 446
1 264
0 526
24 1110
1110 12734
42 12734
877 12734
744 12734
95 12734
172 12734
12099 12734
290 12734
92 12734
282 12734
49 12734
30 12734
125 12734
40 12734
98 12734
167 12734
47 12734
219 12734
5 203
1 89
0 653
3 295
0 841
0 441
383 384
0 876
77 1264
1138 1264
1263 1264
1 404
0 1483
0 1110
5 590
4 590
221 264
0 107
2 1386
0 148
1 89
4 842
32 461
0 669
1 669
8 737
657 699
8 423
8 737
0 107
0 107
1 148
0 473
14 2629
59 2629
8 2629
5 2629
0 384
2 1589
1 1589
0 1589
1 113
0 2696
1 2696
3 2696
0 774
24 664
115 987
4 987
9 987
8 4344
0 4344
21 4344
50 4344
5 4344
1 4344
3 4344
2 222
0 626
29 1376
14 1376
19 1376
28 1376
2 558
3 680
7 680
12 234
1 177
2 177
4 384
406 441
400 441
1 376
0 1511
1 1511
2 522
9 522
0 169
2 737
23 664
5 479
0 2238
4 2238
24 2238
5 2238
23 1074
10 737
0 762
4 2517
28 788
8 2300
2 2300
0 762
0 618
0 183
20 270
7 558
0 252
20 295
6 1913
166 1913
1 656
8 656
6 656
4 240
1 423
2 764
3 373
9 446
1 357
10 423
0 632
0 590
0 562
11 456
0 9
293 587
0 562
18 1014
0 774
0 404
0 567
0 1407
0 594
1 690
0 690
2 250
1 127
16 295
3 2725
1 2725
0 2725
2 2725
5 2725
0 442
1 442
10 518
1 508
0 269
7 269
0 38
5 6094
1 6094
0 6094
3 6094
65 6094
1 1370
14 2737
18 2737
52 1409
1 526
4 465
1 339
1 960
0 960
32 382
1 295
0 404
0 431
1 1536
1 615
0 844
0 308
0 504
3 560
1 730
0 730
0 764
1 1701
9 240
3 283
5 596
3 392
1 2339
0 2339
0 303
0 461
33 563
15 438
1 122
0 980
1 980
2 845
0 665
6 378
1 352
1 889
11 889
0 189
0 431
0 751
9 526
17 1955
11 1955
14 1955
12 1955
4 1955
18 1955
21 9453
9024 9453
5 9453
40 9453
11 9453
4 9453
10 9453
15 9453
17 9453
18 9453
16 9453
7 9453
6 9453
13 9453
2 9453
8 3604
48 3604
4 3604
3540 3604
2 3604
2 2982
15 2982
19 2982
3 2982
8 2982
1 1152
0 499
0 181
1 181
240 249
21 613
3 395
1 575
1 122
1 1114
2 1114
260 283
280 283
0 241
2 55
8 655
2 1887
5 1887
3 1887
139 7512
32 7512
118 7512
67 7512
25 7512
7 7512
61 7512
170 7512
241 7512
336 7512
145 7512
128 7512
136 7512
518 7512
155 7512
5 328
1 623
0 106
8 82
1 305
0 196
3 151
8 439
7 328
1 2031
1 4370
0 4370
4 4370
3 4370
5 4370
9 4370
6 4370
2 4370
2 340
0 360
0 269
1 413
2 887
1 187
0 187
2 534
3 1539
1 726
5 257
2 202
35 764
66 764
0 473
0 729
2 729
1 729
1 174
2 593
0 326
4 282
57 59
17 2849
15 2849
20 2849
2 2849
1 225
1 435
0 435
0 522
5 146
8 479
2 399
3 587
0 562
26 788
13 788
29 788
23 788
28 788
1 788
2 788
31 788
18 788
433 473
5 473
4 1528
0 1528
5 1904
1 1904
8 733
0 219
10 2417
135 2417
84 594
8 594
37 594
4 620
2 620
0 476
1 476
2 405
1558 1695
1 91
0 91
0 1223
2 1223
3 1223
5 479
1 328
2 1879
10 1879
39 4834
21 4834
19 4834
6 4834
29 4834
9 4834
0 145
41 739
1 336
18 361
154 177
0 413
21 759
1 191
1 191
2 240
9 233
156 177
0 176
4 318
3 807
1 807
4 761
0 446
0 931
1 931
0 1074
3 812
12 287
43 764
2 1043
0 857
1 922
1 558
4 558
0 279
17 173
1 130
2 617
0 617
0 1707
5 1707
2 4275
1 4275
18 4275
3 4275
5 4275
0 1149
1 1149
3 1149
1 2971
3 2971
0 336
288 318
1 1026
1 92
0 92
1 311
0 161
0 774
5 127
0 379
0 400
3 428
3 381
1 562
0 497
2 393
1 279
1 323
5 395
1 223
0 362
26 509
0 2434
11 716
0 388
4 233
0 484
0 484
1 484
9 1075
7 1075
6 1075
7 1075
1 118
0 114
45 844
49 844
3 306
2 1742
1 1742
0 1742
13 441
0 655
629 764
0 509
3272 3737
6 3737
1 3737
0 3737
1 562
256 2181
1 338
1 40
0 379
2 405
1 474
0 98
0 1143
5 368
687 699
0 343
6 126
1 1644
124 1644
0 767
3 767
710 767
1 20
10 310
0 354
2 61
1 297
36 727
3 395
0 1618
0 233
8 381
0 473
215 217
0 152
678 768
0 171
0 567
0 301
0 461
20 788
7 788
25 788
15 788
29 788
0 788
1 788
22 788
14 788
1 405
0 653
1 139
0 324
0 973
1 1386
0 633
17 664
0 1618
5 395
0 295
6 344
4 230
2022 2219
0 385
23 527
5 1926
9 1926
3 548
0 919
4 699
9 472
2 327
0 821
2 821
3 821
1 526
0 567
6 1012
4 1012
5 1012
1 562
9 739
0 266
5 227
0 241
4 635
19 391
0 177
0 407
2 435
23 535
6 527
4 371
10 371
0 240
0 57
248 297
5 262
2 361
52 1312
0 84
2 287
7 509
2 585
0 592
88 812
1169 2339
3 290
0 948
1 948
0 448
970 973
1 360
11 389
1505 1646
1 2101
2 2101
5 2101
17 2101
803 876
4 472
4 265
5 777
4 502
2 137
4 209
2 144
1 183
0 370
67 135
1 120
10 962
10 721
0 114
3 3218
4 1747
0 231
0 1110
0 153
1 290
2 397
317 325
6 319
5 382
15 5267
5 5267
2 5267
8 5267
19 5267
6 5267
32 5267
19 5267
1 5267
7 5267
0 5267
3 5267
22 5267
13 5267
0 1034
5 1034
2 2191
0 2191
0 247
0 247
1 1416
65 1027
0 319
0 1042
0 384
0 163
0 127
2 484
0 900
0 544
0 265
0 368
0 930
2 2416
3 2416
0 2416
13 919
1 407
0 382
0 247
0 233
2 1183
0 1183
1 1183
1 1185
0 382
0 340
3 3763
0 3763
5 177
2 477
0 141
0 242
0 295
1 295
2 395
605 615
0 308
0 1695
13 511
0 227
0 257
11 2339
1 395
0 359
1 761
1 257
0 176
1 336
0 195
1 365
7 240
1 230
4 196
11 338
9 1116
30 1116
0 1124
0 300
47 1623
829 906
0 57
0 188
0 1057
0 233
0 721
11 318
2 735
626 699
0 446
0 310
0 165
1 465
2 1130
630 679
0 392
315 348
6 1898
5 1898
0 472
14 950
7 950
1 950
4 191
1 1695
0 324
0 282
0 861
4 1695
12 360
0 960
1 388
0 1701
1 453
0 453
0 247
0 461
14 295
3 1042
5 549
32 319
0 1110
2 2517
1 866
0 866
4 141
2 387
43 48
0 1791
3 1791
2 511
2 275
6 286
0 423
0 191
942 950
38 509
0 861
0 364
2 364
0 378
1 3651
0 364
2 364
0 298
1 679
0 654
1 177
576 605
6 392
8 392
0 569
0 43
0 414
2 272
3 327
2 2050
0 2050
1 2050
1 617
0 927
9 1268
1 1268
2 1268
2 1413
144 157
6 317
10 790
756 790
0 812
2 1077
8 584
3 562
4 1360
4 1695
10 405
7 587
4 127
1 1592
2 1592
0 1719
2 1719
1 1719
0 548
1 548
1 195
1 352
0 1043
69 2703
22 2703
77 2703
24 2703
17 1165
10 395
2 1323
0 1323
3 1323
6 1323
1 1323
0 118
0 165
3 663
19 451
13 1536
3 1526
2 1526
6 1526
0 116
8 327
2 587
4 139
0 325
4 1288
0 116
200 240
0 217
620 712
2 1386
49 2339
3 2517
7 381
11 284
0 183
5 295
0 2517
3 2339
42 465
0 247
1 2517
0 55
2 281
0 247
8 1360
1 461
10 3761
0 590
0 594
4 378
4 1539
0 108
49 4338
1489 1552
139 152
0 646
1 306
22 657
1 657
11 1042
403 421
1 1042
4 222
1 1034
0 270
0 1104
0 486
0 502
1 57
43 816
4 2365
2 1074
0 187
1 2236
2 2236
3 2236
0 2236
3 405
7 1110
1 497
3 222
0 120
0 151
0 1392
0 230
75 86
1 78
119 2339
0 9
1 1021
0 318
1 308
0 279
0 762
3 88
2 721
0 1027
1 500
0 89
1 86
6 159
13 733
10 725
0 276
0 497
5 1130
0 456
0 654
0 777
0 53
0 340
450 475
1 142
0 694
0 41
0 90
24 588
13 588
3 588
2 214
0 67
1 588
1 327
1 342
0 588
8 193
1 161
3 90
3 588
4 41
7 322
2 718
1 142
17 567
2 588
2 113
0 120
3 588
4 567
8 588
6 588
5 483
8 588
1 218
27 588
8 282
7 282
12 588
22 218
3 327
22 24
0 274
9 274
1 214
1 142
2 90
87 90
1 228
8 567
0 229
31 567
3 343
206 228
1 327
0 43
7 386
25 694
196 228
0 475
4 588
424 475
8 946
0 475
0 567
2 457
2 327
1 483
4 343
0 116
0 475
0 228
0 342
21 327
20 560
218 229
0 99
2 588
41 43
6 43
0 168
2 141
1 483
0 16
15 588
0 386
17 334
1 588
2 588
2 588
1 588
0 90
11 588
0 271
549 588
9 386
0 67
533 560
16 342
1 454
0 588
1 588
0 211
21 694
27 694
10 228
5 327
547 588
3 752
0 53
0 229
15 588
2 41
1 374
0 334
2 588
4 475
10 110
0 229
0 58
12 588
1 142
139 153
2 334
2 116
109 118
548 588
3 386
3 327
2 142
11 228
10 156
2 588
3 588
1 327
4 343
8 153
430 475
1 588
0 99
0 588
2 588
536 574
0 694
1 90
25 694
0 56
29 560
4 342
6 322
0 752
564 588
297 327
1 193
9 454
0 342
0 67
0 327
5 588
0 229
0 342
0 67
16 2673
0 211
5 483
2 327
6 228
4 33
2 962
0 1539
0 125
0 120
3 80
0 816
0 554
1 176
2 406
0 66
0 473
0 977
0 844
0 290
9 502
2 88
2 275
1 147
4 515
0 1205
2 1403
0 1695
6 605
1 605
8 1347
1 1347
19 1516
0 295
0 473
0 59
2 1021
27 788
4 228
0 1110
2 88
0 768
1 476
0 337
0 340
53 1695
4 127
0 308
2 378
0 241
0 452
0 284
1 1900
0 1900
2 3101
0 3101
0 6
3 218
9 664
0 158
0 423
3 951
6 951
0 623
0 399
3 1577
0 278
1 214
6 2150
0 2150
0 145
0 404
0 1074
1 336
0 362
4 594
0 216
0 439
0 527
3 1386
0 639
21 762
0 625
1 625
0 725
0 395
0 1036
3 1042
1 393
2 1539
1 368
2 1539
99 117
17 632
3 1042
0 518
0 567
2 452
1 1071
0 347
0 303
0 120
32 270
16 2237
14 2237
1 2237
0 2237
3 2237
0 233
1527 1552
0 409
0 1230
2 1230
6 853
0 400
0 126
0 446
14 857
0 973
0 274
1 274
2 3390
30 3390
4 3390
1 3390
0 584
9 890
1 626
3 216
0 1346
0 247
11 287
1 79
0 196
15 191
193 7353
106 7353
52 7353
7285 7353
216 7353
13 7353
317 7353
70 7353
91 7353
7149 7353
63 7353
161 7353
57 7353
129 7353
24 7353
10 7353
0 141
1 2466
2 2466
3 2466
0 2466
0 1456
103 10604
314 10604
92 10604
43 10604
479 10604
76 10604
90 10604
26 10604
179 10604
140 10604
28 10604
120 10604
41 10604
25 10604
83 10604
34 10604
10 1655
6 1655
0 407
2 1162
8 1162
1 1162
3 1162
1 479
46 623
0 87
0 564
340 391
0 295
0 590
0 508
1693 1695
1 47
23 788
12 788
30 788
17 788
29 788
3 788
2 788
12 788
15 788
1 230
0 739
0 436
2 1695
0 247
0 626
12 567
4 115
2 48
0 344
22 684
634 764
1 582
35 1072
11 1862
0 1862
2 369
15 876
1 625
0 233
1 937
2 937
3 937
0 230
1 421
0 272
1 218
1 812
22 826
0 919
0 887
1 1072
78 2339
1 958
2 958
1 1623
1 141
0 792
1 811
1 2330
0 2330
1 247
3 974
117 120
0 182
1 423
0 1967
0 30
1 384
9 549
12 1153
0 497
4 188
1 498
5 157
1 157
3 2339
10 950
1 57
0 135
0 473
0 962
1 448
0 163
0 414
3 1161
0 1161
2 1161
0 117
7 96
1 1403
0 1346
1 139
63 1110
0 473
1 318
0 318
1 700
0 162
0 1967
2 1539
0 1539
0 106
5 5662
4 5662
3 5662
2 5662
0 5662
4 1536
11 1536
4 625
10 2565
7 2565
9 2565
4 2565
12 2565
11 2565
1690 1747
6 384
10 183
8 1249
5 1249
0 87
0 812
4 746
10 2128
0 2128
3 2128
0 473
0 67
1 124
4 178
0 764
0 379
2 2396
0 2396
1 2396
14 890
8 890
9 890
0 38
0 2407
3 2407
5 2407
7 2407
0 735
2 581
0 581
0 385
1 385
10 615
1 139
0 641
7 448
1 1064
0 1064
3 2225
1 89
0 941
0 89
0 1419
15 452
2 80
4 554
0 89
0 1294
8 1294
346 381
28 1948
76 1948
32 1948
5 1948
15 962
0 448
0 352
0 137
0 594
1 1708
0 1708
2 287
0 25
0 816
0 626
0 90
19 2339
0 1536
3 233
2 69
1 319
0 796
0 446
1 527
0 142
0 369
0 153
7 590
0 385
400 413
0 446
1 2395
0 2395
0 404
295 592
43 2163
18 2163
70 2163
1 55
183 191
0 2423
2 2423
1 2423
1 344
1 196
0 452
69 1403
1 1205
0 1205
1 1014
2 294
7 448
75 86
0 395
3 844
0 844
0 303
3 1360
0 812
0 107
0 562
0 479
9 467
12 1733
28 1733
22 1733
1 80
1 739
0 446
246 247
0 389
0 733
2 215
4 295
1 431
0 175
2 130
3 187
1 135
0 284
2 371
3 330
3 1724
0 1724
1 1724
2 549
3 919
38 1139
1 896
0 896
0 437
0 103
0 264
1 261
0 264
0 648
7 1577
0 1501
3 1501
1 1501
574 617
2 1618
0 285
3 504
1 115
47 48
0 247
0 737
0 223
0 509
0 311
458 594
2 477
0 345
0 733
4 789
1 789
0 605
0 1747
0 347
7 1511
3 1511
0 362
12 147
0 307
9 139
7 139
0 382
1570 1766
725 788
2 788
11 788
7 788
736 788
0 788
1 788
23 788
3 788
9 694
1 694
289 307
2 174
3 371
1 1077
0 537
5 178
0 103
0 290
9 3159
12 3159
4 3159
2 1331
45 50
0 716
1 508
28 1909
31 1909
34 1909
0 1618
7 1618
0 384
0 384
0 102
0 94
0 585
0 474
488 535
0 261
32 295
0 169
1 148
1 183
3 876
0 733
6 1787
5 1787
4 1787
7 617
0 1553
1 1553
2 504
0 343
1 632
0 127
5 504
11 1083
1 65
1 1144
0 178
1 172
2 240
2 431
16 919
0 498
0 1618
1456 1475
12 368
3 26
13 1965
5 1965
3 1965
0 1965
6 1965
2 1965
1 125
0 175
4 55
1 379
0 229
0 229
0 230
0 1042
0 344
5 323
2 746
27 876
2 479
391 406
2 504
9 171
4 575
605 764
7 1913
1 1913
0 1057
1 269
0 173
5 344
0 772
0 242
3 1695
4 1695
2 382
4 764
0 175
0 94
0 811
0 394
0 1287
0 176
16 139
0 310
0 360
1 230
0 811
1 381
1 1129
11 1129
9 1129
0 638
0 1071
30 1410
16 1410
21 1410
0 811
0 497
0 37
0 285
2 305
2 256
0 360
206 233
13 623
0 1061
1 260
0 452
0 563
4 592
2 144
1 327
0 617
5 337
2 362
5953 5976
54 5976
32 5976
63 5976
53 5976
31 5976
76 5976
71 5976
24 5976
8 1075
11 379
32 661
0 162
1 2517
2 431
2 100
0 1386
2 850
0 511
2 405
2 1102
0 1102
0 370
1 196
1 361
18 841
5 698
0 124
0 290
207 218
0 439
10 229
0 349
1 89
0 360
7 333
7 333
0 526
0 122
0 412
1 196
0 874
0 247
0 896
1 338
2 338
0 142
88 1779
1777 1779
18 1779
1757 1779
0 1238
808 876
56 1853
16 1853
0 1853
0 592
1 564
0 173
2 1539
0 158
0 812
7 584
0 328
2 262
1 816
0 99
9 796
1 404
2 146
0 345
9 464
1 228
2 274
889 919
0 502
0 1110
1 122
7 446
4 518
0 141
1 585
6 561
1 2808
0 1357
22 1416
1 204
0 100
22 563
0 564
0 473
6 1110
0 339
163 327
0 308
5 295
0 587
0 777
3 558
0 149
5 209
0 279
0 962
1 3095
3 3095
2 3095
18 1617
0 1617
11 1617
1 1617
1 318
2 327
2 1767
10 1767
9 1767
1 1767
5 240
0 1071
0 522
0 1618
1 465
0 465
1 465
