13 384
7 375
16 392
1 576
7 576
19 776
22 776
500 511
11 2287
22 2287
6 745
4 745
14 914
10 338
1 448
2 691
3 691
1 183
8 914
26 1155
36 1155
577 1155
14 1155
16 1155
1302 1370
13 1623
53 7389
165 7389
90 7389
23 7389
31 7389
82 7389
47 7389
28 7389
254 7389
177 7389
344 7389
32 2339
6 615
52 1288
5 176
22 1265
3 1265
12 1265
6 150
1 79
5 1983
8 1983
3 1983
4 1983
7 269
377 397
41 1208
18 1208
19 1208
42 1474
11 240
1 448
15 558
4 1113
1 1113
0 79
18 305
395 400
2 388
12 590
6 1483
1 152
1 152
8 796
767 1536
0 805
10 276
326 328
52 1267
54 1267
38 1267
35 1267
46 1267
510 522
4 198
4 1013
3 1013
149 152
3 1303
7 1008
13 1008
3 327
3 562
8 737
8 737
4 264
164 175
0 44
0 89
15 1913
13 1913
6 1539
937 973
27 855
12 301
71 7645
332 7645
277 7645
87 7645
22 7645
222 7645
358 7645
223 7645
261 7645
85 7645
52 7645
123 7645
165 7645
167 7645
39 7645
111 7645
171 7645
75 7645
42 7645
164 7645
9304 9306
85 9306
328 9306
496 9306
505 9306
262 9306
418 9306
698 9306
218 9306
845 9306
240 9306
469 9306
364 9306
601 9306
478 9306
419 9306
451 9306
145 9306
150 3760
160 3760
151 3760
212 3760
158 3760
123 3760
131 3760
178 3760
684 689
279 295
26 1454
21 1454
15 1454
10 1454
6 626
1 203
3 405
5 794
6 794
1 844
626 657
1082 1110
10 150
1 1071
0 812
0 812
0 422
7 896
5 395
10 2339
0 135
7 324
0 721
5 79
201 204
0 811
1 368
0 380
0 380
5 384
13 152
6 98
66 68
3 446
3 777
11 777
5 884
826 884
25 1514
848 876
342 348
0 169
22 663
20 663
11 303
11 240
3 441
1459 1474
0 733
2 1077
2 404
1 973
1 138
16 1618
5 567
19 876
1 176
37 2150
2018 2150
13 876
2 311
3 1597
24 1597
1 1597
30 1597
16 618
4 98
2 184
27 776
25 776
4 497
54 57
12 392
42 670
37 670
367 392
9 511
6 247
0 876
5 344
9 965
1516 1539
1 509
5 215
12 176
4 215
7 215
1354 1386
2 283
6 764
7 465
5 792
205 10782
250 10782
206 10782
96 10782
183 10782
461 10782
291 10782
177 10782
185 10782
145 10782
271 10782
615 10782
258 10782
361 10782
315 10782
139 10782
348 10782
144 10782
324 10782
211 10782
123 10782
140 10782
251 10782
262 10782
271 10782
247 10782
4 224
718 767
10 144
522 540
8 2510
2 2510
134 269
5 269
6 1269
2 1269
2 919
4 782
2 448
0 931
1 931
2 247
4 89
40 2038
14 2038
4 2038
3 446
16 737
18 1898
14 1898
13 584
1356 1360
12 2257
11 2257
16 1695
17 2339
21 1072
2 746
6 746
1 2150
23 2150
35 3410
16 3410
66 3410
729 746
6 2150
25 2150
11 764
8 746
1 456
570 590
21 2449
76 2449
177 191
20 777
0 266
16 1027
910 976
926 976
22 3000
66 3000
18 3000
100 3000
25 3000
74 3000
2 202
2 456
9 777
6 381
1 295
184 186
436 441
1 94
61 68
5 287
10 240
70 142
239 240
4 655
8 1197
16 2831
13 2831
8 2831
9 2831
3 1331
90 4210
95 4210
189 4210
71 4210
152 4210
150 4210
172 4210
170 4210
115 4210
204 4210
225 4210
6 20
4 209
7 677
1 677
6 1547
8 1547
23 888
25 888
322 344
4 413
14 1012
0 1012
14 1012
7 269
10 467
3 504
1109 1110
4 585
31 2128
24 2128
21 2128
12 960
9 1483
1528 1536
38 1536
1108 1110
3 1069
8 1069
19 1069
9 1014
807 811
5 1110
9 423
1 93
7 183
0 384
2 724
21 2375
23 2375
29 2375
175 178
785 788
3 788
6 788
4 788
775 788
1 788
0 788
784 788
5 788
199 203
224 226
8 4949
16 4949
15 4949
33 4949
65 4949
23 4949
44 4949
2 120
48 2150
37 2150
27 2150
5 653
670 689
27 2955
8 2955
34 2955
12 2955
40 2955
26 2955
49 2955
6 1695
0 439
0 439
224 225
3 2163
4 2163
131 13875
132 13875
46 13875
43 13875
33 13875
104 13875
85 13875
115 13875
81 13875
121 13875
12790 13875
270 13875
189 13875
290 13875
27 2339
216 222
140 150
9 1164
3 1164
1 1164
0 2347
3 2347
1 2347
2 2347
2 633
6 384
40 3126
32 3126
35 3126
29 3126
10 3126
39 3126
36 3126
10 1078
5 1078
0 1078
1 267
12 1926
499 526
780 812
16 858
17 5657
19 5657
39 5657
1 5657
23 5657
0 5657
36 5657
5653 5657
66 1042
10 423
7 218
153 172
83 1307
880 1021
11 384
399 400
236 240
12 247
2 176
5 247
7 124
11 618
5 247
10 1708
6 1708
3 1708
4 1708
3 762
10 762
1 152
366 371
13 264
19 442
26 442
2 389
55 5642
18 5642
17 5642
5226 5642
42 5642
43 5642
52 5642
2 416
15 223
4 86
36 543
11 1403
13 1403
18 679
47 2517
1 87
627 689
5 336
2 89
6 153
1359 1403
1773 1963
51 1963
7 2002
6 2002
1860 2002
137 147
13 147
152 163
261 264
14 1539
259 264
11 590
0 181
230 241
2 465
45 764
31 764
16 764
5 295
8 1652
10 1652
1963 1967
3 86
0 1110
5 1183
1 1183
4 1183
1 876
1 389
9 1124
4 1124
1 1014
10 961
8 961
0 961
0 526
0 359
49 1130
1 257
1375 1386
54 842
1039 1042
0 257
36 2403
45 2403
28 2403
105 106
10 375
11 617
17 270
25 270
10 340
2 327
6 380
7 518
10 587
4 587
6 384
1 424
2 264
35 699
24 1317
32 1317
14 1317
8 120
18 594
0 538
0 603
2 1130
2 344
234 240
1 1241
6 122
7 855
15 1898
9 1898
6 1898
2 1898
13 384
13 17
892 914
0 777
5 163
69 4713
75 4713
41 4713
260 4713
48 4713
67 4713
1 44
25 2150
23 2150
3 2150
1 2150
15 402
257 266
7 781
8 781
5 781
10 781
662 664
18 689
4 874
6 796
13 796
103 1464
30 1464
41 1464
5 548
357 382
20 233
3 663
7 257
500 506
957 1012
4 257
7 626
2 371
769 782
34 3816
73 3816
35 3816
32 3816
41 3816
68 3816
46 3816
9 340
13 1347
7 1347
0 149
9 554
5 364
6 364
282 295
23 435
14 695
2 1247
1 1247
9 423
7 914
4 265
11 631
10 631
3 186
4 518
170 171
495 511
18 431
0 2308
5 2308
3 2303
13 2303
15 145
9 145
2 145
14 467
511 518
2 405
20 318
411 423
11 324
5 389
96 8726
258 8726
122 8726
189 8726
381 8726
290 8726
244 8726
200 8726
281 8726
283 8726
79 8726
210 8726
116 8726
0 422
0 108
1 456
0 1036
1 1036
366 391
2 344
15 679
2 154
198 397
27 3066
30 3066
108 3066
7 1214
9 1214
20 1595
22 1595
760 764
0 457
0 368
0 376
10 209
207 209
1 1191
0 1191
532 592
8 378
70 141
3 389
18 446
260 264
7 526
28 1110
12257 12734
243 12734
323 12734
120 12734
317 12734
255 12734
12677 12734
208 12734
153 12734
325 12734
84 12734
90 12734
118 12734
125 12734
301 12734
307 12734
92 12734
305 12734
5 203
8 89
0 653
15 295
0 841
0 441
373 384
15 876
35 1264
631 1264
1201 1264
5 404
0 1483
0 1110
10 590
34 590
4 264
1 107
1337 1386
7 148
77 89
9 842
454 461
1 669
3 669
10 737
652 699
7 423
8 737
0 107
0 107
9 148
0 473
28 2629
56 2629
25 2629
32 2629
7 384
8 1589
3 1589
4 1589
2 113
10 2696
13 2696
15 2696
9 774
29 664
948 987
29 987
41 987
40 4344
31 4344
19 4344
61 4344
23 4344
34 4344
30 4344
209 222
619 626
1367 1376
0 1376
1365 1376
4 1376
9 558
8 680
11 680
4 234
4 177
2 177
15 384
11 441
31 441
5 376
9 1511
10 1511
8 522
16 522
0 169
8 737
32 664
9 479
31 2238
73 2238
52 2238
11 2238
1048 1074
22 737
3 762
2514 2517
766 788
32 2300
22 2300
2 762
2 618
1 183
24 270
9 558
246 252
18 295
6 1913
29 1913
25 656
7 656
19 656
230 240
8 423
20 764
372 373
1 446
1 357
7 423
0 632
10 590
6 562
430 456
0 9
293 587
6 562
3 1014
3 774
0 404
0 567
1 1407
0 594
0 690
1 690
4 250
4 127
294 295
2 2725
4 2725
3 2725
1 2725
6 2725
0 442
2 442
14 518
1 508
0 269
1 269
0 38
6 6094
4 6094
3 6094
0 6094
10 6094
1369 1370
31 2737
19 2737
7 1409
509 526
413 465
3 339
5 960
1 960
8 382
1 295
4 404
1 431
0 1536
6 615
4 844
1 308
7 504
4 560
1 730
0 730
1 764
0 1701
234 240
269 283
23 596
22 392
9 2339
3 2339
0 303
1 461
15 563
2 438
111 122
0 980
1 980
778 845
7 665
7 378
1 352
19 889
4 889
2 189
0 431
3 751
2 526
58 1955
51 1955
64 1955
63 1955
53 1955
48 1955
17 9453
56 9453
15 9453
25 9453
39 9453
16 9453
26 9453
23 9453
13 9453
10 9453
27 9453
11 9453
21 9453
8 9453
31 9453
20 3604
12 3604
14 3604
1801 3604
18 3604
38 2982
52 2982
49 2982
40 2982
31 2982
4 1152
1 499
1 181
0 181
246 249
2 613
12 395
6 575
1 122
7 1114
15 1114
141 283
141 283
0 241
2 55
642 655
6 1887
8 1887
1 1887
318 7512
337 7512
329 7512
321 7512
88 7512
339 7512
343 7512
433 7512
236 7512
449 7512
327 7512
345 7512
322 7512
224 7512
7424 7512
316 328
1 623
0 106
74 82
2 305
177 196
136 151
12 439
1 328
19 2031
3 4370
2 4370
4 4370
1 4370
7 4370
9 4370
6 4370
0 4370
0 340
0 360
0 269
0 413
16 887
1 187
0 187
4 534
42 1539
1 726
234 257
7 202
10 764
13 764
1 473
2 729
4 729
3 729
2 174
8 593
3 326
2 282
55 59
20 2849
35 2849
32 2849
9 2849
19 225
7 435
416 435
1 522
128 146
24 479
7 399
2 587
2 562
739 788
21 788
782 788
737 788
767 788
1 788
0 788
753 788
744 788
18 473
4 473
2 1528
1 1528
3 1904
7 1904
1 733
201 219
103 2417
128 2417
21 594
15 594
34 594
5 620
4 620
1 476
0 476
3 405
3 1695
81 91
2 91
2 1223
1 1223
7 1223
13 479
2 328
4 1879
5 1879
93 4834
55 4834
72 4834
85 4834
24 4834
75 4834
3 145
8 739
10 336
2 361
9 177
2 413
379 759
190 191
2 191
3 240
5 233
160 177
0 176
4 318
4 807
2 807
3 761
1 446
0 931
1 931
2 1074
9 812
266 287
15 764
8 1043
2 857
0 922
5 558
3 558
0 279
86 173
128 130
0 617
1 617
6 1707
8 1707
24 4275
30 4275
33 4275
28 4275
27 4275
3 1149
9 1149
12 1149
17 2971
19 2971
5 336
6 318
48 1026
2 92
3 92
1 311
1 161
4 774
7 127
14 379
0 400
402 428
349 381
12 562
8 497
377 393
2 279
15 323
365 395
0 223
2 362
481 509
1 2434
9 716
4 388
16 233
0 484
1 484
2 484
7 1075
8 1075
14 1075
24 1075
2 118
0 114
421 844
421 844
300 306
17 1742
5 1742
3 1742
8 441
618 655
660 764
0 509
3341 3737
8 3737
1 3737
0 3737
4 562
1090 2181
1 338
3 40
344 379
8 405
23 474
2 98
1103 1143
360 368
665 699
0 343
10 126
6 1644
92 1644
2 767
1 767
763 767
2 20
7 310
2 354
4 61
5 297
363 727
366 395
24 1618
0 233
378 381
0 473
209 217
0 152
383 768
3 171
0 567
0 301
0 461
754 788
8 788
734 788
15 788
742 788
1 788
0 788
750 788
14 788
8 405
5 653
2 139
0 324
1 973
6 1386
3 633
19 664
6 1618
14 395
2 295
322 344
218 230
1109 2219
0 385
496 527
19 1926
19 1926
5 548
0 919
687 699
416 472
5 327
4 821
3 821
5 821
1 526
1 567
9 1012
5 1012
6 1012
6 562
26 739
0 266
224 227
0 241
34 635
2 391
3 177
0 407
5 435
1 535
33 527
353 371
356 371
6 240
0 57
291 297
4 262
3 361
16 1312
0 84
8 287
5 509
11 585
13 592
10 812
2213 2339
144 290
0 948
2 948
2 448
932 973
1 360
5 389
6 1646
0 2101
4 2101
1 2101
2 2101
27 876
33 472
2 265
6 777
6 502
1 137
188 209
9 144
1 183
0 370
67 135
1 120
2 962
48 721
0 114
4 3218
4 1747
0 231
3 1110
0 153
1 290
2 397
18 325
3 319
343 382
24 5267
17 5267
6 5267
20 5267
27 5267
23 5267
10 5267
8 5267
9 5267
19 5267
16 5267
5 5267
36 5267
25 5267
1 1034
3 1034
3 2191
5 2191
1 247
0 247
2 1416
61 1027
0 319
0 1042
0 384
0 163
1 127
1 484
0 900
0 544
7 265
1 368
0 930
9 2416
10 2416
12 2416
3 919
5 407
0 382
1 247
2 233
7 1183
8 1183
9 1183
2 1185
0 382
2 340
2 3763
0 3763
174 177
475 477
122 141
23 242
1 295
2 295
8 395
560 615
0 308
1 1695
12 511
0 227
0 257
50 2339
9 395
1 359
13 761
15 257
0 176
9 336
1 195
2 365
237 240
3 230
180 196
332 338
10 1116
6 1116
0 1124
0 300
5 1623
34 906
0 57
171 188
0 1057
0 233
704 721
10 318
5 735
646 699
4 446
2 310
1 165
421 465
4 1130
588 679
5 392
332 348
10 1898
7 1898
0 472
42 950
52 950
34 950
9 191
0 1695
3 324
1 282
1 861
37 1695
17 360
1 960
3 388
14 1701
27 453
12 453
3 247
1 461
294 295
11 1042
523 549
299 319
3 1110
6 2517
2 866
1 866
1 141
0 387
43 48
8 1791
5 1791
2 511
1 275
3 286
0 423
7 191
908 950
470 509
0 861
6 364
7 364
0 378
2 3651
4 364
7 364
0 298
542 679
13 654
164 177
11 605
3 392
4 392
2 569
0 43
10 414
256 272
5 327
7 2050
5 2050
6 2050
0 617
2 927
6 1268
4 1268
5 1268
29 1413
78 157
10 317
394 790
394 790
2 812
9 1077
7 584
7 562
1269 1360
2 1695
14 405
567 587
5 127
3 1592
2 1592
0 1719
3 1719
1 1719
12 548
1 548
2 195
2 352
0 1043
28 2703
29 2703
20 2703
23 2703
1150 1165
388 395
0 1323
4 1323
2 1323
16 1323
5 1323
1 118
3 165
10 663
9 451
48 1536
22 1526
22 1526
22 1526
0 116
304 327
2 587
1 139
2 325
5 1288
0 116
221 240
0 217
355 712
21 1386
90 2339
0 2517
339 381
10 284
182 183
277 295
1 2517
2294 2339
9 465
0 247
2 2517
1 55
3 281
0 247
1357 1360
2 461
41 3761
12 590
4 594
9 378
1515 1539
7 108
73 4338
48 1552
1 152
1 646
7 306
55 657
29 657
17 1042
398 421
6 1042
207 222
5 1034
267 270
2 1104
2 486
8 502
1 57
795 816
7 2365
1 1074
0 187
22 2236
17 2236
19 2236
6 2236
401 405
2 1110
493 497
5 222
0 120
0 151
0 1392
1 230
83 86
77 78
2184 2339
0 9
5 1021
0 318
2 308
0 279
2 762
2 88
14 721
0 1027
5 500
0 89
7 86
14 159
0 733
20 725
0 276
3 497
7 1130
2 456
1 654
4 777
1 53
0 340
474 475
2 142
666 694
6 41
5 90
585 588
3 588
12 588
4 214
2 67
571 588
1 327
6 342
1 588
187 193
1 161
80 90
567 588
6 41
21 322
5 718
2 142
11 567
3 588
5 113
0 120
13 588
3 567
8 588
39 588
24 483
34 588
212 218
585 588
262 282
277 282
27 588
212 218
4 327
23 24
0 274
4 274
6 214
1 142
5 90
44 90
3 228
3 567
1 229
540 567
13 343
211 228
7 327
1 43
13 386
39 694
209 228
9 475
10 588
434 475
21 946
2 475
533 567
1 457
5 327
4 483
5 343
1 116
14 475
8 228
1 342
24 327
529 560
114 229
8 99
3 588
6 43
7 43
0 168
7 141
0 483
0 16
12 588
1 386
8 334
7 588
8 588
8 588
3 588
0 90
557 588
3 271
21 588
4 386
4 67
541 560
341 342
9 454
11 588
6 588
1 211
670 694
657 694
4 228
3 327
557 588
18 752
2 53
210 229
22 588
6 41
2 374
1 334
0 588
33 475
7 110
0 229
1 58
21 588
2 142
7 153
4 334
3 116
105 118
530 588
22 386
4 327
3 142
11 228
148 156
3 588
7 588
6 327
23 343
150 153
12 475
0 588
6 99
0 588
7 588
550 574
653 694
3 90
14 694
0 56
517 560
323 342
14 322
0 752
12 588
16 327
2 193
441 454
0 342
2 67
8 327
7 588
2 229
0 342
65 67
27 2673
3 211
22 483
15 327
4 228
3 33
15 962
9 1539
0 125
0 120
75 80
2 816
0 554
1 176
4 406
0 66
0 473
0 977
1 844
0 290
495 502
87 88
8 275
3 147
5 515
1 1205
11 1403
5 1695
3 605
8 605
8 1347
11 1347
31 1516
0 295
0 473
0 59
5 1021
768 788
113 228
5 1110
2 88
3 768
3 476
16 337
0 340
1628 1695
4 127
0 308
6 378
0 241
0 452
1 284
3 1900
0 1900
4 3101
0 3101
0 6
213 218
32 664
0 158
0 423
18 951
19 951
0 623
0 399
21 1577
3 278
209 214
20 2150
33 2150
1 145
0 404
0 1074
12 336
1 362
2 594
0 216
3 439
489 527
28 1386
4 639
36 762
0 625
1 625
0 725
0 395
1 1036
12 1042
1 393
6 1539
1 368
6 1539
58 117
566 632
22 1042
8 518
1 567
3 452
1 1071
0 347
1 303
0 120
27 270
12 2237
47 2237
23 2237
4 2237
20 2237
1 233
1393 1552
0 409
0 1230
2 1230
34 853
2 400
0 126
0 446
17 857
0 973
1 274
2 274
6 3390
19 3390
9 3390
0 3390
0 584
9 890
6 626
212 216
0 1346
0 247
284 287
71 79
0 196
180 191
183 7353
333 7353
56 7353
475 7353
207 7353
124 7353
293 7353
284 7353
320 7353
7187 7353
307 7353
209 7353
376 7353
242 7353
309 7353
213 7353
2 141
14 2466
15 2466
16 2466
11 2466
6 1456
210 10604
151 10604
287 10604
186 10604
214 10604
302 10604
125 10604
217 10604
137 10604
174 10604
126 10604
135 10604
203 10604
195 10604
253 10604
129 10604
11 1655
8 1655
0 407
5 1162
7 1162
3 1162
4 1162
462 479
567 623
2 87
528 564
343 391
0 295
0 590
1 508
1678 1695
0 47
781 788
765 788
782 788
777 788
784 788
3 788
0 788
774 788
783 788
3 230
724 739
5 436
30 1695
0 247
621 626
531 567
114 115
45 48
0 344
3 684
662 764
1 582
9 1072
4 1862
6 1862
12 369
18 876
1 625
1 233
6 937
10 937
6 937
0 230
1 421
5 272
7 218
2 812
9 826
2 919
1 887
1 1072
52 2339
10 958
9 958
15 1623
130 141
4 792
4 811
2 2330
3 2330
6 247
27 974
109 120
0 182
0 423
0 1967
0 30
4 384
2 549
1150 1153
0 497
1 188
2 498
8 157
4 157
2245 2339
7 950
54 57
0 135
19 473
0 962
2 448
0 163
4 414
4 1161
2 1161
3 1161
0 117
5 96
37 1403
1 1346
1 139
1049 1110
3 473
1 318
0 318
7 700
159 162
0 1967
9 1539
6 1539
104 106
6 5662
9 5662
4 5662
7 5662
5 5662
24 1536
1473 1536
13 625
19 2565
18 2565
28 2565
22 2565
16 2565
21 2565
1718 1747
12 384
5 183
14 1249
15 1249
1 87
15 812
745 746
28 2128
23 2128
45 2128
8 473
1 67
120 124
1 178
2 764
6 379
2 2396
0 2396
1 2396
9 890
18 890
5 890
0 38
8 2407
18 2407
16 2407
22 2407
3 735
1 581
0 581
0 385
1 385
2 615
1 139
1 641
7 448
7 1064
14 1064
9 2225
6 89
2 941
0 89
0 1419
448 452
3 80
7 554
1 89
6 1294
23 1294
342 381
111 1948
102 1948
76 1948
109 1948
4 962
1 448
1 352
135 137
3 594
7 1708
5 1708
272 287
0 25
17 816
2 626
0 90
32 2339
0 1536
8 233
67 69
9 319
2 796
2 446
521 527
3 142
1 369
1 153
589 590
370 385
206 413
0 446
5 2395
12 2395
400 404
295 592
25 2163
13 2163
14 2163
2 55
18 191
17 2423
16 2423
29 2423
3 344
169 196
440 452
1387 1403
0 1205
1 1205
8 1014
1 294
2 448
85 86
10 395
26 844
0 844
291 303
18 1360
1 812
105 107
0 562
7 479
16 467
1727 1733
39 1733
37 1733
76 80
735 739
437 446
123 247
0 389
0 733
204 215
7 295
20 431
3 175
127 130
10 187
3 135
1 284
6 371
11 330
6 1724
2 1724
5 1724
10 549
5 919
1127 1139
1 896
0 896
2 437
98 103
16 264
5 261
1 264
0 648
36 1577
6 1501
7 1501
5 1501
615 617
20 1618
1 285
6 504
7 115
1 48
3 247
9 737
0 223
0 509
2 311
592 594
462 477
0 345
1 733
6 789
5 789
0 605
24 1747
5 347
30 1511
26 1511
0 362
131 147
0 307
134 139
133 139
2 382
1759 1766
762 788
5 788
3 788
4 788
7 788
0 788
1 788
754 788
6 788
683 694
346 694
10 307
168 174
12 371
1076 1077
1 537
9 178
96 103
2 290
39 3159
35 3159
19 3159
19 1331
24 50
0 716
1 508
28 1909
28 1909
28 1909
6 1618
40 1618
1 384
1 384
0 102
1 94
4 585
13 474
511 535
0 261
291 295
0 169
5 148
4 183
20 876
1 733
13 1787
24 1787
22 1787
9 617
0 1553
2 1553
7 504
7 343
4 632
0 127
21 504
13 1083
2 65
13 1144
4 178
10 172
3 240
4 431
891 919
0 498
1 1618
1396 1475
335 368
3 26
6 1965
5 1965
4 1965
0 1965
2 1965
3 1965
13 125
3 175
1 55
3 379
1 229
8 229
1 230
5 1042
11 344
318 323
8 746
843 876
11 479
202 406
3 504
2 171
2 575
20 764
17 1913
19 1913
0 1057
4 269
1 173
9 344
0 772
15 242
6 1695
18 1695
3 382
12 764
0 175
0 94
0 811
0 394
0 1287
0 176
8 139
1 310
0 360
4 230
0 811
4 381
5 1129
11 1129
4 1129
4 638
1065 1071
37 1410
45 1410
28 1410
0 811
0 497
1 37
0 285
1 305
1 256
0 360
116 233
622 623
0 1061
251 260
1 452
0 563
589 592
3 144
299 327
8 617
314 337
12 362
5882 5976
148 5976
227 5976
222 5976
235 5976
218 5976
265 5976
204 5976
195 5976
1073 1075
378 379
5 661
157 162
1 2517
11 431
6 100
1 1386
5 850
4 511
404 405
9 1102
4 1102
1 370
6 196
1 361
24 841
32 698
0 124
0 290
215 218
1 439
228 229
0 349
3 89
0 360
324 333
332 333
4 526
121 122
0 412
184 196
5 874
0 247
5 896
1 338
2 338
1 142
1768 1779
889 1779
1769 1779
1737 1779
30 1238
16 876
11 1853
19 1853
7 1853
0 592
281 564
17 173
1479 1539
0 158
9 812
5 584
0 328
9 262
0 816
98 99
18 796
9 404
5 146
344 345
3 464
219 228
5 274
459 919
5 502
28 1110
107 122
3 446
6 518
0 141
10 585
3 561
6 2808
11 1357
58 1416
1 204
1 100
281 563
2 564
0 473
1075 1110
3 339
163 327
1 308
260 295
0 587
1 777
16 558
148 149
200 209
1 279
7 962
2 3095
8 3095
4 3095
11 1617
0 1617
10 1617
7 1617
311 318
319 327
9 1767
18 1767
25 1767
16 1767
239 240
6 1071
9 522
0 1618
1 465
0 465
1 465
