1 384
4 375
3 392
0 576
2 576
7 776
4 776
24 511
5 2287
4 2287
3 745
0 745
15 914
3 338
11 448
2 691
1 691
1 183
4 914
15 1155
31 1155
1108 1155
0 1155
1 1155
1 1370
2 1623
64 7389
154 7389
318 7389
3 7389
5 7389
134 7389
108 7389
8 7389
47 7389
34 7389
356 7389
5 2339
2 615
25 1288
2 176
9 1265
25 1265
6 1265
8 150
1 79
3 1983
2 1983
4 1983
73 1983
6 269
5 397
34 1208
55 1208
15 1208
23 1474
3 240
12 448
1 558
1 1113
0 1113
0 79
4 305
9 400
2 388
5 590
1 1483
143 152
142 152
0 796
1448 1536
0 805
0 276
9 328
0 1267
1 1267
19 1267
10 1267
11 1267
2 522
0 198
4 1013
0 1013
144 152
0 1303
3 1008
1 1008
2 327
0 562
8 737
8 737
6 264
164 175
0 44
0 89
4 1913
0 1913
1 1539
4 973
2 855
0 301
5 7645
159 7645
13 7645
4 7645
24 7645
188 7645
66 7645
11 7645
16 7645
14 7645
17 7645
1 7645
22 7645
2 7645
15 7645
3 7645
12 7645
7 7645
128 7645
9 7645
240 9306
59 9306
65 9306
139 9306
15 9306
167 9306
2 9306
53 9306
18 9306
113 9306
4 9306
11 9306
16 9306
316 9306
5 9306
200 9306
256 9306
91 9306
24 3760
129 3760
249 3760
5 3760
29 3760
66 3760
12 3760
37 3760
0 689
264 295
1237 1454
1251 1454
60 1454
70 1454
1 626
0 203
0 405
0 794
2 794
0 844
622 657
0 1110
13 150
0 1071
0 812
0 812
0 422
28 896
2 395
6 2339
1 135
4 324
1 721
78 79
1 204
0 811
0 368
0 380
0 380
2 384
7 152
0 98
66 68
0 446
1 777
4 777
0 884
881 884
0 1514
814 876
22 348
0 169
4 663
0 663
1 303
4 240
0 441
0 1474
0 733
2 1077
0 404
0 973
0 138
16 1618
13 567
28 876
1 176
0 2150
4 2150
792 876
2 311
4 1597
2 1597
5 1597
1 1597
1 618
0 98
0 184
7 776
3 776
1 497
53 57
3 392
7 670
6 670
3 392
455 511
0 247
0 876
0 344
3 965
1406 1539
0 509
3 215
5 176
4 215
3 215
4 1386
0 283
0 764
0 465
0 792
3 10782
13 10782
2 10782
5 10782
102 10782
15 10782
28 10782
301 10782
58 10782
63 10782
34 10782
179 10782
16 10782
72 10782
62 10782
6 10782
298 10782
204 10782
93 10782
7 10782
66 10782
43 10782
21 10782
10 10782
34 10782
177 10782
1 224
668 767
3 144
40 540
5 2510
0 2510
243 269
2 269
0 1269
1 1269
1 919
0 782
7 448
0 931
1 931
1 247
0 89
11 2038
1 2038
0 2038
0 446
1 737
3 1898
4 1898
7 584
4 1360
3 2257
4 2257
0 1695
1984 2339
13 1072
1 746
1 746
4 2150
14 2150
29 3410
5 3410
14 3410
2 746
1 2150
16 2150
9 764
1 746
0 456
14 590
10 2449
36 2449
38 191
76 777
7 266
1 1027
42 976
50 976
30 3000
14 3000
27 3000
26 3000
60 3000
4 3000
1 202
0 456
7 777
2 381
0 295
3 186
9 441
0 94
7 68
0 287
4 240
6 142
1 240
1 655
0 1197
6 2831
4 2831
3 2831
0 2831
2 1331
2 4210
74 4210
45 4210
13 4210
98 4210
31 4210
15 4210
1 4210
10 4210
89 4210
169 4210
0 20
1 209
0 677
13 677
2 1547
10 1547
2 888
24 888
0 344
2 413
8 1012
5 1012
7 1012
1 269
0 467
2 504
12 1110
0 585
4 2128
0 2128
8 2128
1 960
1 1483
7 1536
6 1536
0 1110
2 1069
6 1069
3 1069
1 1014
759 811
1 1110
1 423
0 93
180 183
1 384
3 724
9 2375
0 2375
2 2375
0 178
16 788
2 788
11 788
8 788
19 788
0 788
1 788
13 788
4 788
1 203
10 226
0 4949
2 4949
3 4949
26 4949
188 4949
10 4949
101 4949
0 120
50 2150
3 2150
5 2150
0 653
4 689
3 2955
2 2955
65 2955
4 2955
11 2955
0 2955
89 2955
3 1695
0 439
0 439
18 225
0 2163
2 2163
157 13875
59 13875
17 13875
27 13875
100 13875
56 13875
15 13875
4 13875
346 13875
32 13875
13552 13875
44 13875
64 13875
52 13875
6 2339
2 222
1 150
3 1164
5 1164
1153 1164
0 2347
2 2347
3 2347
1 2347
0 633
0 384
26 3126
11 3126
50 3126
5 3126
2 3126
7 3126
12 3126
5 1078
1 1078
0 1078
258 267
1 1926
473 526
3 812
6 858
3 5657
1 5657
13 5657
25 5657
10 5657
5 5657
84 5657
33 5657
48 1042
2 423
0 218
2 172
12 1307
855 1021
2 384
0 400
3 240
2 247
1 176
0 247
1 124
1 618
0 247
3 1708
2 1708
0 1708
1 1708
0 762
1 762
143 152
7 371
6 264
1 442
0 442
2 389
33 5642
7 5642
6 5642
156 5642
208 5642
38 5642
16 5642
1 416
3 223
2 86
9 543
16 1403
5 1403
0 679
1 2517
0 87
4 689
3 336
0 89
0 153
29 1403
4 1963
17 1963
14 2002
10 2002
0 2002
8 147
4 147
13 163
5 264
2 1539
228 264
0 590
0 181
120 241
0 465
752 764
674 764
7 764
8 295
0 1652
1 1652
0 1967
0 86
0 1110
3 1183
0 1183
2 1183
0 876
0 389
2 1124
1 1124
1 1014
1 961
6 961
0 961
0 526
0 359
152 1130
2 257
3 1386
1 842
45 1042
0 257
2 2403
32 2403
12 2403
0 106
4 375
37 617
0 270
17 270
3 340
1 327
0 380
3 518
0 587
4 587
0 384
0 424
3 264
684 699
1 1317
3 1317
7 1317
12 120
1 594
0 538
0 603
0 1130
0 344
5 240
0 1241
0 122
3 855
2 1898
4 1898
5 1898
4 1898
5 384
11 17
22 914
0 777
3 163
10 4713
13 4713
4 4713
4420 4713
2 4713
6 4713
0 44
4 2150
3 2150
1 2150
0 2150
9 402
240 266
2 781
0 781
1 781
7 781
13 664
1 689
0 874
0 796
0 796
1311 1464
2 1464
20 1464
0 548
3 382
205 233
2 663
2 257
19 506
10 1012
0 257
0 626
0 371
774 782
431 3816
4 3816
3 3816
1 3816
0 3816
23 3816
8 3816
3 340
1 1347
8 1347
0 149
0 554
0 364
5 364
265 295
5 435
4 695
2 1247
1 1247
6 423
1 914
0 265
5 631
3 631
2 186
0 518
170 171
24 511
0 431
0 2308
2 2308
1 2303
5 2303
13 145
5 145
6 145
0 467
3 518
1 405
9 318
11 423
4 324
6 389
2 8726
0 8726
145 8726
9 8726
303 8726
3 8726
360 8726
22 8726
38 8726
166 8726
1 8726
27 8726
220 8726
0 422
1 108
0 456
0 1036
1 1036
12 391
1 344
0 679
2 154
10 397
9 3066
7 3066
18 3066
29 1214
16 1214
25 1595
1432 1595
12 764
0 457
0 368
0 376
5 209
2 209
0 1191
1 1191
25 592
5 378
3 141
0 389
5 446
2 264
0 526
25 1110
1005 12734
36 12734
11850 12734
610 12734
62 12734
104 12734
12099 12734
292 12734
54 12734
245 12734
56 12734
19 12734
88 12734
31 12734
74 12734
191 12734
39 12734
175 12734
2 203
1 89
0 653
4 295
0 841
0 441
382 384
0 876
35 1264
130 1264
1263 1264
0 404
0 1483
0 1110
4 590
0 590
2 264
0 107
3 1386
0 148
2 89
3 842
27 461
0 669
1 669
7 737
671 699
6 423
8 737
0 107
0 107
2 148
0 473
12 2629
57 2629
25 2629
4 2629
1 384
2 1589
0 1589
1 1589
1 113
0 2696
1 2696
4 2696
0 774
20 664
70 987
7 987
12 987
4 4344
0 4344
17 4344
104 4344
3 4344
1 4344
7 4344
2 222
5 626
11 1376
2 1376
5 1376
6 1376
0 558
0 680
3 680
8 234
2 177
1 177
6 384
398 441
399 441
1 376
1 1511
0 1511
2 522
16 522
0 169
4 737
18 664
5 479
0 2238
4 2238
24 2238
5 2238
45 1074
9 737
0 762
4 2517
722 788
11 2300
2 2300
0 762
0 618
0 183
21 270
4 558
0 252
259 295
11 1913
198 1913
0 656
4 656
3 656
4 240
1 423
5 764
1 373
2 446
1 357
7 423
1 632
0 590
0 562
25 456
0 9
583 587
0 562
14 1014
0 774
0 404
0 567
0 1407
0 594
1 690
0 690
2 250
1 127
4 295
3 2725
1 2725
0 2725
2 2725
4 2725
1 442
0 442
12 518
1 508
0 269
5 269
0 38
5 6094
1 6094
0 6094
4 6094
500 6094
1 1370
11 2737
13 2737
90 1409
3 526
4 465
1 339
1 960
0 960
21 382
1 295
0 404
0 431
0 1536
1 615
0 844
0 308
0 504
3 560
1 730
0 730
0 764
1 1701
7 240
1 283
5 596
3 392
1 2339
0 2339
0 303
0 461
528 563
9 438
0 122
0 980
1 980
2 845
0 665
6 378
1 352
0 889
19 889
0 189
0 431
0 751
6 526
11 1955
8 1955
10 1955
16 1955
1 1955
12 1955
20 9453
8999 9453
5 9453
50 9453
10 9453
4 9453
15 9453
14 9453
21 9453
16 9453
18 9453
7 9453
8 9453
11 9453
2 9453
7 3604
42 3604
5 3604
3583 3604
4 3604
1 2982
17 2982
25 2982
4 2982
6 2982
1 1152
0 499
0 181
1 181
241 249
27 613
3 395
0 575
0 122
0 1114
6 1114
275 283
280 283
0 241
2 55
14 655
3 1887
6 1887
5 1887
122 7512
18 7512
53 7512
125 7512
147 7512
4 7512
24 7512
126 7512
205 7512
272 7512
67 7512
59 7512
54 7512
428 7512
98 7512
9 328
1 623
0 106
6 82
1 305
0 196
6 151
5 439
6 328
1 2031
1 4370
0 4370
5 4370
3 4370
4 4370
9 4370
6 4370
2 4370
1 340
0 360
0 269
1 413
1 887
0 187
1 187
2 534
4 1539
1 726
4 257
1 202
34 764
91 764
0 473
0 729
2 729
1 729
1 174
5 593
0 326
4 282
57 59
17 2849
14 2849
19 2849
2 2849
0 225
1 435
0 435
0 522
0 146
8 479
2 399
3 587
0 562
20 788
9 788
27 788
18 788
17 788
1 788
2 788
21 788
13 788
431 473
3 473
4 1528
0 1528
3 1904
5 1904
12 733
0 219
4 2417
102 2417
93 594
13 594
32 594
3 620
2 620
0 476
1 476
2 405
50 1695
1 91
0 91
0 1223
2 1223
3 1223
6 479
1 328
4 1879
12 1879
34 4834
16 4834
22 4834
0 4834
56 4834
8 4834
0 145
704 739
1 336
19 361
7 177
0 413
33 759
0 191
1 191
0 240
12 233
156 177
0 176
2 318
3 807
0 807
6 761
0 446
0 931
1 931
0 1074
4 812
11 287
57 764
2 1043
0 857
1 922
0 558
4 558
0 279
143 173
1 130
4 617
2 617
0 1707
8 1707
2 4275
0 4275
25 4275
3 4275
6 4275
0 1149
1 1149
2 1149
4 2971
5 2971
0 336
287 318
1 1026
0 92
1 92
0 311
0 161
0 774
2 127
0 379
0 400
1 428
4 381
1 562
0 497
0 393
0 279
0 323
6 395
0 223
0 362
14 509
0 2434
17 716
1 388
5 233
0 484
0 484
1 484
12 1075
8 1075
7 1075
9 1075
0 118
0 114
68 844
46 844
283 306
1 1742
2 1742
0 1742
8 441
0 655
650 764
1 509
3227 3737
7 3737
1 3737
0 3737
1 562
226 2181
1 338
1 40
0 379
1 405
1 474
0 98
0 1143
5 368
672 699
0 343
4 126
1 1644
167 1644
7 767
11 767
747 767
1 20
5 310
0 354
1 61
2 297
25 727
2 395
0 1618
0 233
3 381
0 473
213 217
0 152
741 768
0 171
0 567
0 301
0 461
17 788
7 788
32 788
15 788
28 788
0 788
1 788
16 788
13 788
1 405
0 653
1 139
1 324
0 973
1 1386
0 633
8 664
0 1618
3 395
0 295
7 344
3 230
89 2219
0 385
40 527
4 1926
5 1926
3 548
0 919
2 699
9 472
1 327
0 821
3 821
2 821
0 526
0 567
6 1012
1 1012
10 1012
0 562
9 739
0 266
5 227
0 241
13 635
34 391
0 177
0 407
4 435
19 535
31 527
4 371
8 371
0 240
0 57
10 297
5 262
1 361
46 1312
0 84
2 287
4 509
1 585
0 592
52 812
143 2339
2 290
0 948
1 948
0 448
958 973
1 360
10 389
29 1646
1 2101
2 2101
5 2101
20 2101
27 876
3 472
5 265
10 777
0 502
2 137
4 209
2 144
1 183
0 370
13 135
1 120
11 962
15 721
0 114
2 3218
4 1747
0 231
0 1110
0 153
1 290
1 397
319 325
8 319
5 382
18 5267
2 5267
1 5267
8 5267
23 5267
12 5267
36 5267
17 5267
4 5267
19 5267
0 5267
10 5267
26 5267
9 5267
3 1034
11 1034
3 2191
0 2191
0 247
0 247
1 1416
79 1027
0 319
0 1042
0 384
0 163
0 127
2 484
0 900
0 544
1 265
0 368
0 930
2 2416
1 2416
0 2416
13 919
1 407
0 382
0 247
0 233
2 1183
0 1183
1 1183
1 1185
0 382
0 340
3 3763
0 3763
1 177
1 477
0 141
0 242
2 295
1 295
2 395
606 615
0 308
0 1695
12 511
0 227
1 257
9 2339
1 395
0 359
4 761
1 257
0 176
1 336
0 195
1 365
3 240
1 230
5 196
14 338
9 1116
26 1116
0 1124
0 300
1413 1623
832 906
0 57
0 188
0 1057
0 233
0 721
7 318
3 735
660 699
0 446
0 310
0 165
2 465
2 1130
573 679
1 392
313 348
6 1898
5 1898
0 472
4 950
3 950
0 950
6 191
0 1695
0 324
0 282
0 861
7 1695
17 360
1 960
0 388
0 1701
1 453
0 453
0 247
0 461
9 295
1 1042
1 549
296 319
0 1110
1 2517
1 866
0 866
4 141
2 387
43 48
0 1791
15 1791
4 511
2 275
6 286
0 423
1 191
926 950
8 509
0 861
0 364
2 364
1 378
0 3651
0 364
2 364
0 298
4 679
0 654
0 177
39 605
13 392
10 392
0 569
0 43
0 414
2 272
1 327
2 2050
0 2050
1 2050
1 617
0 927
8 1268
1 1268
2 1268
2 1413
6 157
8 317
24 790
62 790
0 812
1 1077
14 584
3 562
5 1360
2 1695
9 405
7 587
4 127
1 1592
2 1592
0 1719
2 1719
1 1719
0 548
1 548
0 195
2 352
0 1043
67 2703
24 2703
89 2703
6 2703
6 1165
11 395
1 1323
0 1323
3 1323
5 1323
2 1323
0 118
0 165
0 663
16 451
22 1536
4 1526
2 1526
6 1526
0 116
4 327
2 587
2 139
0 325
1 1288
0 116
233 240
0 217
701 712
1 1386
29 2339
4 2517
8 381
8 284
0 183
1 295
0 2517
6 2339
429 465
0 247
1 2517
0 55
2 281
4 247
4 1360
0 461
9 3761
0 590
0 594
5 378
4 1539
0 108
32 4338
1461 1552
143 152
0 646
1 306
36 657
0 657
8 1042
391 421
1 1042
6 222
0 1034
0 270
0 1104
0 486
0 502
1 57
20 816
2 2365
2 1074
0 187
0 2236
2 2236
3 2236
1 2236
2 405
11 1110
0 497
3 222
0 120
0 151
0 1392
0 230
72 86
0 78
100 2339
0 9
1 1021
0 318
1 308
0 279
0 762
3 88
2 721
0 1027
1 500
0 89
1 86
14 159
21 733
4 725
0 276
0 497
4 1130
0 456
0 654
0 777
0 53
0 340
451 475
1 142
0 694
0 41
0 90
6 588
12 588
3 588
2 214
0 67
0 588
1 327
0 342
0 588
8 193
0 161
1 90
2 588
4 41
11 322
2 718
1 142
12 567
3 588
8 113
0 120
3 588
4 567
7 588
6 588
1 483
7 588
1 218
38 588
7 282
5 282
11 588
18 218
0 327
21 24
0 274
11 274
0 214
1 142
2 90
87 90
1 228
7 567
0 229
15 567
3 343
211 228
1 327
0 43
7 386
10 694
13 228
0 475
4 588
43 475
11 946
0 475
0 567
5 457
2 327
1 483
4 343
0 116
0 475
2 228
0 342
19 327
15 560
216 229
0 99
3 588
41 43
6 43
0 168
2 141
0 483
0 16
14 588
0 386
15 334
1 588
2 588
3 588
1 588
0 90
11 588
0 271
38 588
8 386
0 67
509 560
316 342
1 454
0 588
2 588
0 211
21 694
33 694
9 228
3 327
540 588
6 752
0 53
0 229
15 588
2 41
1 374
0 334
2 588
4 475
98 110
0 229
0 58
10 588
0 142
140 153
2 334
2 116
108 118
537 588
2 386
3 327
2 142
10 228
142 156
2 588
4 588
1 327
4 343
6 153
61 475
0 588
0 99
0 588
1 588
65 574
0 694
1 90
51 694
0 56
17 560
13 342
7 322
0 752
557 588
289 327
1 193
6 454
0 342
0 67
0 327
6 588
0 229
0 342
0 67
27 2673
0 211
3 483
0 327
11 228
4 33
2 962
2 1539
0 125
0 120
2 80
0 816
0 554
1 176
0 406
0 66
0 473
0 977
0 844
0 290
8 502
2 88
2 275
1 147
4 515
0 1205
2 1403
0 1695
21 605
2 605
8 1347
1 1347
13 1516
0 295
0 473
0 59
2 1021
724 788
3 228
0 1110
1 88
0 768
1 476
1 337
0 340
53 1695
6 127
0 308
1 378
0 241
0 452
0 284
1 1900
0 1900
2 3101
0 3101
0 6
1 218
15 664
0 158
0 423
0 951
3 951
0 623
0 399
3 1577
0 278
1 214
5 2150
0 2150
0 145
0 404
0 1074
1 336
0 362
4 594
0 216
0 439
0 527
3 1386
0 639
26 762
0 625
1 625
0 725
0 395
0 1036
3 1042
1 393
1 1539
1 368
2 1539
10 117
18 632
5 1042
0 518
0 567
1 452
0 1071
0 347
0 303
0 120
25 270
16 2237
9 2237
1 2237
0 2237
2 2237
0 233
1421 1552
0 409
0 1230
2 1230
1 853
0 400
0 126
0 446
21 857
0 973
0 274
1 274
2 3390
57 3390
4 3390
1 3390
0 584
7 890
1 626
5 216
0 1346
0 247
9 287
1 79
0 196
17 191
183 7353
33 7353
49 7353
7168 7353
387 7353
16 7353
274 7353
36 7353
68 7353
630 7353
50 7353
236 7353
40 7353
473 7353
14 7353
5 7353
0 141
0 2466
3 2466
2 2466
1 2466
0 1456
109 10604
257 10604
41 10604
67 10604
567 10604
57 10604
68 10604
12 10604
254 10604
162 10604
18 10604
140 10604
27 10604
20 10604
74 10604
29 10604
10 1655
7 1655
0 407
2 1162
9 1162
0 1162
3 1162
1 479
76 623
0 87
0 564
338 391
0 295
0 590
1 508
1686 1695
2 47
14 788
9 788
16 788
11 788
18 788
2 788
1 788
8 788
7 788
1 230
0 739
0 436
4 1695
0 247
0 626
29 567
106 115
1 48
0 344
43 684
641 764
1 582
39 1072
14 1862
0 1862
4 369
20 876
1 625
0 233
1 937
0 937
2 937
0 230
1 421
0 272
0 218
3 812
44 826
0 919
0 887
1 1072
1965 2339
2 958
1 958
1 1623
1 141
0 792
5 811
1 2330
0 2330
1 247
2 974
111 120
0 182
1 423
0 1967
0 30
2 384
6 549
8 1153
0 497
10 188
1 498
3 157
1 157
3 2339
8 950
1 57
0 135
0 473
0 962
2 448
0 163
0 414
3 1161
0 1161
1 1161
0 117
5 96
2 1403
0 1346
1 139
22 1110
0 473
1 318
0 318
1 700
0 162
2 1967
2 1539
0 1539
0 106
5 5662
3 5662
4 5662
2 5662
0 5662
6 1536
8 1536
4 625
6 2565
2 2565
10 2565
1 2565
11 2565
14 2565
1735 1747
5 384
174 183
7 1249
3 1249
0 87
0 812
2 746
6 2128
0 2128
5 2128
0 473
0 67
1 124
6 178
0 764
1 379
3 2396
0 2396
1 2396
23 890
6 890
9 890
0 38
1 2407
2 2407
6 2407
7 2407
0 735
2 581
0 581
0 385
1 385
4 615
1 139
0 641
8 448
2 1064
0 1064
3 2225
0 89
0 941
0 89
0 1419
5 452
2 80
6 554
0 89
1 1294
5 1294
340 381
59 1948
23 1948
3 1948
0 1948
21 962
0 448
0 352
0 137
0 594
5 1708
0 1708
1 287
0 25
0 816
0 626
0 90
18 2339
0 1536
0 233
3 69
2 319
0 796
0 446
0 527
0 142
0 369
0 153
0 590
0 385
393 413
0 446
1 2395
0 2395
0 404
295 592
14 2163
6 2163
10 2163
1 55
39 191
0 2423
10 2423
2 2423
1 344
0 196
0 452
113 1403
1 1205
0 1205
1 1014
2 294
6 448
81 86
0 395
2 844
0 844
0 303
0 1360
0 812
1 107
0 562
0 479
7 467
2 1733
15 1733
13 1733
1 80
0 739
0 446
206 247
0 389
0 733
1 215
1 295
9 431
0 175
1 130
0 187
4 135
0 284
6 371
3 330
3 1724
1 1724
0 1724
3 549
1 919
49 1139
1 896
0 896
0 437
0 103
0 264
1 261
0 264
0 648
5 1577
0 1501
2 1501
1 1501
39 617
3 1618
0 285
1 504
0 115
47 48
0 247
0 737
0 223
0 509
0 311
23 594
2 477
0 345
0 733
1 789
0 789
0 605
0 1747
0 347
4 1511
2 1511
0 362
5 147
0 307
8 139
5 139
0 382
109 1766
14 788
2 788
7 788
6 788
17 788
0 788
1 788
13 788
3 788
5 694
1 694
297 307
2 174
4 371
1 1077
0 537
3 178
1 103
0 290
4 3159
5 3159
1 3159
3 1331
46 50
0 716
1 508
13 1909
14 1909
16 1909
0 1618
5 1618
0 384
0 384
0 102
0 94
0 585
0 474
468 535
0 261
11 295
0 169
2 148
0 183
3 876
0 733
6 1787
4 1787
1 1787
15 617
0 1553
1 1553
0 504
0 343
1 632
0 127
5 504
17 1083
2 65
2 1144
0 178
0 172
0 240
3 431
23 919
0 498
0 1618
1442 1475
11 368
2 26
13 1965
7 1965
5 1965
0 1965
8 1965
1 1965
0 125
0 175
1 55
1 379
0 229
0 229
0 230
1 1042
0 344
3 323
1 746
23 876
2 479
376 406
1 504
155 171
37 575
665 764
4 1913
1 1913
0 1057
2 269
0 173
0 344
0 772
0 242
1 1695
3 1695
1 382
3 764
0 175
0 94
0 811
0 394
0 1287
0 176
16 139
0 310
0 360
3 230
0 811
1 381
0 1129
7 1129
10 1129
0 638
0 1071
33 1410
15 1410
18 1410
0 811
0 497
3 37
1 285
5 305
2 256
0 360
8 233
1 623
0 1061
0 260
0 452
0 563
2 592
3 144
1 327
0 617
4 337
0 362
5700 5976
45 5976
47 5976
44 5976
20 5976
40 5976
39 5976
103 5976
29 5976
10 1075
11 379
621 661
0 162
1 2517
5 431
1 100
1 1386
1 850
0 511
1 405
1 1102
0 1102
0 370
1 196
1 361
7 841
4 698
0 124
0 290
212 218
0 439
12 229
0 349
0 89
0 360
6 333
4 333
0 526
0 122
0 412
0 196
0 874
0 247
0 896
1 338
0 338
0 142
67 1779
1773 1779
9 1779
1763 1779
0 1238
815 876
30 1853
26 1853
14 1853
0 592
0 564
0 173
0 1539
0 158
0 812
7 584
0 328
2 262
1 816
0 99
3 796
1 404
1 146
0 345
6 464
1 228
2 274
834 919
0 502
0 1110
2 122
7 446
2 518
0 141
0 585
17 561
1 2808
0 1357
21 1416
1 204
0 100
548 563
0 564
0 473
5 1110
0 339
313 327
0 308
7 295
0 587
1 777
3 558
0 149
174 209
0 279
1 962
2 3095
3 3095
1 3095
27 1617
1 1617
15 1617
0 1617
0 318
1 327
5 1767
11 1767
3 1767
1 1767
2 240
0 1071
0 522
0 1618
1 465
0 465
1 465
