1 384
4 375
3 392
0 576
1 576
9 776
3 776
429 511
7 2287
4 2287
3 745
0 745
16 914
2 338
8 448
2 691
1 691
0 183
4 914
13 1155
42 1155
1088 1155
0 1155
2 1155
1 1370
1 1623
73 7389
143 7389
278 7389
3 7389
7 7389
140 7389
128 7389
8 7389
50 7389
28 7389
322 7389
2 2339
2 615
33 1288
2 176
9 1265
31 1265
8 1265
10 150
2 79
2 1983
3 1983
4 1983
106 1983
9 269
5 397
38 1208
35 1208
15 1208
15 1474
4 240
10 448
2 558
1 1113
0 1113
0 79
3 305
9 400
1 388
5 590
1 1483
145 152
141 152
0 796
1523 1536
0 805
0 276
18 328
0 1267
5 1267
23 1267
10 1267
12 1267
2 522
0 198
2 1013
0 1013
144 152
0 1303
3 1008
2 1008
2 327
0 562
7 737
7 737
220 264
159 175
0 44
0 89
4 1913
0 1913
1 1539
7 973
2 855
0 301
5 7645
180 7645
11 7645
3 7645
19 7645
196 7645
61 7645
10 7645
17 7645
14 7645
15 7645
1 7645
25 7645
2 7645
16 7645
4 7645
13 7645
7 7645
126 7645
12 7645
283 9306
38 9306
30 9306
147 9306
17 9306
236 9306
2 9306
89 9306
8 9306
138 9306
3 9306
23 9306
14 9306
351 9306
9 9306
311 9306
372 9306
36 9306
24 3760
153 3760
230 3760
28 3760
35 3760
76 3760
37 3760
55 3760
2 689
10 295
1197 1454
1199 1454
27 1454
40 1454
1 626
0 203
0 405
0 794
2 794
1 844
616 657
0 1110
124 150
1 1071
0 812
0 812
0 422
29 896
1 395
7 2339
0 135
4 324
1 721
75 79
1 204
0 811
0 368
0 380
0 380
4 384
7 152
0 98
67 68
0 446
1 777
5 777
0 884
882 884
0 1514
816 876
334 348
0 169
4 663
2 663
2 303
4 240
0 441
3 1474
0 733
3 1077
0 404
0 973
0 138
17 1618
10 567
24 876
1 176
0 2150
9 2150
28 876
2 311
11 1597
1 1597
6 1597
2 1597
2 618
0 98
0 184
8 776
3 776
1 497
53 57
3 392
12 670
7 670
2 392
449 511
0 247
0 876
1 344
3 965
1410 1539
0 509
2 215
5 176
4 215
2 215
5 1386
0 283
0 764
0 465
0 792
3 10782
16 10782
2 10782
6 10782
92 10782
22 10782
27 10782
377 10782
67 10782
49 10782
33 10782
219 10782
14 10782
77 10782
58 10782
7 10782
283 10782
104 10782
85 10782
5 10782
73 10782
19 10782
25 10782
8 10782
33 10782
159 10782
1 224
16 767
4 144
39 540
6 2510
0 2510
245 269
2 269
0 1269
1 1269
2 919
0 782
6 448
0 931
1 931
1 247
1 89
14 2038
1 2038
0 2038
0 446
2 737
3 1898
4 1898
7 584
7 1360
3 2257
4 2257
0 1695
1973 2339
15 1072
1 746
1 746
4 2150
13 2150
29 3410
5 3410
16 3410
2 746
1 2150
16 2150
10 764
2 746
0 456
13 590
15 2449
24 2449
27 191
48 777
6 266
1 1027
15 976
42 976
23 3000
21 3000
14 3000
28 3000
35 3000
5 3000
1 202
0 456
6 777
2 381
0 295
3 186
20 441
0 94
9 68
0 287
4 240
5 142
3 240
1 655
0 1197
6 2831
4 2831
3 2831
1 2831
1 1331
3 4210
79 4210
61 4210
22 4210
125 4210
39 4210
21 4210
1 4210
25 4210
123 4210
205 4210
0 20
1 209
0 677
7 677
2 1547
10 1547
3 888
15 888
0 344
2 413
7 1012
4 1012
8 1012
1 269
0 467
2 504
19 1110
0 585
4 2128
0 2128
8 2128
1 960
1 1483
7 1536
5 1536
0 1110
2 1069
5 1069
3 1069
1 1014
50 811
1 1110
3 423
0 93
175 183
2 384
3 724
10 2375
0 2375
3 2375
0 178
15 788
2 788
9 788
6 788
19 788
0 788
1 788
13 788
3 788
1 203
13 226
0 4949
2 4949
5 4949
27 4949
156 4949
7 4949
109 4949
0 120
54 2150
2 2150
12 2150
0 653
4 689
2 2955
1 2955
69 2955
5 2955
12 2955
0 2955
121 2955
3 1695
0 439
0 439
10 225
0 2163
2 2163
170 13875
36 13875
16 13875
29 13875
71 13875
76 13875
22 13875
4 13875
316 13875
21 13875
13203 13875
40 13875
80 13875
47 13875
6 2339
2 222
2 150
3 1164
5 1164
46 1164
0 2347
2 2347
3 2347
1 2347
0 633
0 384
19 3126
9 3126
41 3126
3 3126
2 3126
6 3126
11 3126
5 1078
1 1078
0 1078
251 267
1 1926
478 526
4 812
7 858
1 5657
2 5657
10 5657
22 5657
11 5657
7 5657
95 5657
37 5657
24 1042
2 423
0 218
1 172
12 1307
103 1021
4 384
0 400
4 240
2 247
1 176
0 247
1 124
0 618
0 247
3 1708
2 1708
1 1708
0 1708
0 762
1 762
143 152
9 371
4 264
1 442
0 442
2 389
42 5642
8 5642
6 5642
110 5642
170 5642
54 5642
18 5642
2 416
2 223
1 86
9 543
9 1403
4 1403
0 679
1 2517
0 87
1 689
1 336
0 89
0 153
11 1403
4 1963
13 1963
15 2002
12 2002
0 2002
8 147
4 147
2 163
244 264
2 1539
216 264
1 590
0 181
210 241
0 465
738 764
29 764
8 764
8 295
0 1652
1 1652
0 1967
0 86
0 1110
3 1183
0 1183
2 1183
0 876
0 389
4 1124
1 1124
1 1014
1 961
4 961
0 961
0 526
0 359
99 1130
4 257
3 1386
3 842
33 1042
0 257
2 2403
41 2403
16 2403
0 106
4 375
18 617
0 270
17 270
4 340
2 327
0 380
2 518
2 587
5 587
0 384
0 424
3 264
687 699
1 1317
2 1317
9 1317
9 120
3 594
0 538
0 603
0 1130
1 344
6 240
0 1241
0 122
2 855
4 1898
3 1898
6 1898
4 1898
5 384
12 17
23 914
0 777
4 163
12 4713
16 4713
3 4713
4297 4713
2 4713
10 4713
0 44
3 2150
10 2150
1 2150
0 2150
6 402
242 266
2 781
1 781
0 781
7 781
17 664
1 689
0 874
0 796
0 796
89 1464
2 1464
15 1464
0 548
3 382
204 233
2 663
1 257
20 506
13 1012
0 257
0 626
0 371
762 782
240 3816
2 3816
4 3816
1 3816
0 3816
22 3816
8 3816
3 340
1 1347
8 1347
0 149
0 554
0 364
5 364
265 295
3 435
6 695
2 1247
1 1247
6 423
1 914
0 265
4 631
3 631
2 186
0 518
168 171
24 511
1 431
0 2308
2 2308
1 2303
6 2303
14 145
5 145
6 145
0 467
6 518
1 405
9 318
9 423
4 324
8 389
1 8726
2 8726
160 8726
6 8726
300 8726
3 8726
366 8726
23 8726
59 8726
172 8726
0 8726
21 8726
145 8726
0 422
1 108
0 456
0 1036
1 1036
8 391
1 344
0 679
2 154
358 397
8 3066
7 3066
31 3066
13 1214
11 1214
24 1595
83 1595
16 764
0 457
0 368
0 376
3 209
2 209
0 1191
1 1191
23 592
5 378
4 141
0 389
5 446
1 264
0 526
38 1110
1176 12734
34 12734
980 12734
629 12734
75 12734
137 12734
12381 12734
252 12734
76 12734
283 12734
70 12734
16 12734
121 12734
38 12734
85 12734
141 12734
44 12734
193 12734
3 203
1 89
0 653
7 295
0 841
0 441
381 384
0 876
60 1264
114 1264
1263 1264
0 404
0 1483
0 1110
5 590
3 590
6 264
0 107
2 1386
0 148
1 89
5 842
28 461
0 669
1 669
8 737
675 699
8 423
8 737
0 107
0 107
3 148
0 473
14 2629
75 2629
10 2629
4 2629
0 384
2 1589
1 1589
0 1589
1 113
0 2696
1 2696
4 2696
0 774
24 664
76 987
8 987
12 987
5 4344
0 4344
16 4344
60 4344
4 4344
3 4344
2 4344
2 222
4 626
18 1376
0 1376
4 1376
11 1376
1 558
2 680
4 680
7 234
2 177
1 177
4 384
401 441
405 441
1 376
1 1511
0 1511
2 522
8 522
1 169
3 737
21 664
5 479
0 2238
4 2238
25 2238
5 2238
24 1074
12 737
0 762
2 2517
734 788
6 2300
2 2300
0 762
0 618
0 183
21 270
6 558
0 252
18 295
14 1913
1667 1913
0 656
5 656
6 656
4 240
1 423
3 764
1 373
5 446
1 357
7 423
0 632
0 590
0 562
22 456
0 9
293 587
0 562
16 1014
0 774
0 404
0 567
0 1407
0 594
1 690
0 690
2 250
1 127
10 295
3 2725
1 2725
0 2725
2 2725
4 2725
1 442
0 442
12 518
1 508
0 269
4 269
0 38
5 6094
2 6094
0 6094
4 6094
126 6094
2 1370
16 2737
14 2737
64 1409
11 526
8 465
1 339
1 960
0 960
25 382
1 295
0 404
0 431
1 1536
2 615
0 844
0 308
0 504
3 560
1 730
0 730
0 764
1 1701
7 240
1 283
5 596
3 392
1 2339
0 2339
0 303
0 461
41 563
12 438
0 122
0 980
1 980
2 845
0 665
5 378
1 352
1 889
12 889
0 189
0 431
0 751
12 526
15 1955
9 1955
12 1955
17 1955
4 1955
14 1955
20 9453
9064 9453
5 9453
46 9453
10 9453
4 9453
15 9453
14 9453
21 9453
16 9453
18 9453
6 9453
8 9453
11 9453
2 9453
9 3604
56 3604
6 3604
3584 3604
3 3604
1 2982
13 2982
22 2982
6 2982
7 2982
1 1152
0 499
0 181
1 181
241 249
29 613
5 395
0 575
0 122
1 1114
2 1114
255 283
277 283
0 241
3 55
6 655
3 1887
7 1887
2 1887
140 7512
25 7512
86 7512
48 7512
31 7512
5 7512
53 7512
142 7512
198 7512
290 7512
117 7512
98 7512
112 7512
475 7512
131 7512
7 328
1 623
0 106
6 82
1 305
0 196
4 151
8 439
7 328
1 2031
1 4370
0 4370
5 4370
3 4370
4 4370
9 4370
6 4370
2 4370
2 340
0 360
0 269
1 413
2 887
0 187
1 187
2 534
4 1539
1 726
4 257
1 202
56 764
656 764
0 473
0 729
2 729
1 729
1 174
2 593
0 326
3 282
57 59
17 2849
14 2849
20 2849
2 2849
1 225
1 435
0 435
0 522
0 146
8 479
2 399
3 587
0 562
25 788
11 788
32 788
20 788
23 788
1 788
2 788
29 788
18 788
437 473
4 473
3 1528
0 1528
5 1904
4 1904
8 733
0 219
8 2417
138 2417
95 594
13 594
30 594
3 620
2 620
0 476
1 476
2 405
64 1695
1 91
0 91
0 1223
2 1223
3 1223
5 479
1 328
6 1879
10 1879
45 4834
20 4834
18 4834
1 4834
32 4834
7 4834
0 145
686 739
1 336
18 361
9 177
0 413
9 759
1 191
1 191
2 240
11 233
153 177
0 176
2 318
3 807
0 807
3 761
0 446
0 931
1 931
0 1074
2 812
14 287
59 764
2 1043
1 857
1 922
0 558
4 558
0 279
147 173
1 130
2 617
0 617
0 1707
5 1707
2 4275
1 4275
21 4275
3 4275
5 4275
0 1149
1 1149
3 1149
2 2971
5 2971
0 336
288 318
1 1026
1 92
0 92
0 311
0 161
0 774
2 127
0 379
1 400
1 428
3 381
1 562
0 497
1 393
1 279
0 323
6 395
1 223
0 362
21 509
0 2434
13 716
1 388
3 233
0 484
0 484
0 484
14 1075
8 1075
6 1075
8 1075
1 118
0 114
54 844
42 844
290 306
1 1742
2 1742
0 1742
7 441
0 655
76 764
1 509
3222 3737
7 3737
1 3737
0 3737
1 562
247 2181
1 338
1 40
0 379
1 405
0 474
0 98
0 1143
5 368
680 699
0 343
5 126
1 1644
127 1644
3 767
6 767
744 767
1 20
5 310
0 354
2 61
1 297
30 727
3 395
0 1618
0 233
8 381
0 473
213 217
0 152
82 768
0 171
0 567
0 301
0 461
26 788
10 788
32 788
17 788
30 788
0 788
1 788
21 788
15 788
1 405
0 653
1 139
0 324
0 973
1 1386
0 633
12 664
0 1618
4 395
0 295
6 344
3 230
2005 2219
0 385
26 527
4 1926
6 1926
2 548
0 919
4 699
11 472
1 327
0 821
2 821
3 821
1 526
0 567
5 1012
4 1012
9 1012
0 562
8 739
0 266
5 227
0 241
3 635
28 391
0 177
0 407
3 435
24 535
19 527
4 371
8 371
0 240
0 57
10 297
4 262
1 361
46 1312
0 84
2 287
5 509
1 585
0 592
64 812
165 2339
2 290
0 948
1 948
0 448
965 973
1 360
11 389
57 1646
1 2101
2 2101
5 2101
14 2101
37 876
4 472
5 265
10 777
2 502
1 137
4 209
2 144
1 183
0 370
14 135
2 120
10 962
17 721
0 114
3 3218
4 1747
0 231
0 1110
0 153
1 290
1 397
319 325
6 319
5 382
15 5267
3 5267
4 5267
6 5267
19 5267
16 5267
33 5267
21 5267
1 5267
7 5267
0 5267
5 5267
23 5267
12 5267
1 1034
9 1034
1 2191
0 2191
0 247
0 247
1 1416
98 1027
0 319
0 1042
0 384
0 163
0 127
2 484
0 900
0 544
1 265
0 368
0 930
1 2416
2 2416
1 2416
15 919
1 407
0 382
0 247
0 233
2 1183
0 1183
1 1183
1 1185
0 382
0 340
3 3763
0 3763
3 177
1 477
0 141
0 242
2 295
3 295
2 395
607 615
0 308
0 1695
12 511
0 227
0 257
7 2339
0 395
0 359
3 761
0 257
0 176
1 336
0 195
1 365
5 240
1 230
3 196
13 338
9 1116
27 1116
0 1124
0 300
70 1623
829 906
0 57
0 188
0 1057
0 233
0 721
7 318
3 735
634 699
0 446
0 310
0 165
1 465
2 1130
605 679
1 392
327 348
6 1898
5 1898
0 472
6 950
8 950
0 950
3 191
1 1695
0 324
0 282
0 861
5 1695
320 360
1 960
0 388
0 1701
1 453
0 453
0 247
0 461
13 295
1 1042
3 549
33 319
0 1110
1 2517
1 866
0 866
4 141
1 387
43 48
0 1791
4 1791
3 511
0 275
6 286
0 423
1 191
937 950
19 509
0 861
0 364
2 364
0 378
1 3651
0 364
2 364
0 298
1 679
0 654
1 177
41 605
8 392
12 392
0 569
0 43
0 414
1 272
2 327
2 2050
0 2050
1 2050
1 617
0 927
8 1268
0 1268
2 1268
3 1413
150 157
7 317
18 790
771 790
0 812
1 1077
8 584
3 562
4 1360
3 1695
10 405
7 587
4 127
1 1592
2 1592
0 1719
2 1719
1 1719
0 548
1 548
0 195
1 352
0 1043
71 2703
30 2703
106 2703
18 2703
8 1165
7 395
2 1323
0 1323
2 1323
6 1323
1 1323
0 118
0 165
2 663
17 451
29 1536
2 1526
1 1526
6 1526
0 116
4 327
2 587
2 139
0 325
2 1288
0 116
227 240
0 217
695 712
2 1386
31 2339
3 2517
10 381
7 284
0 183
5 295
0 2517
2 2339
419 465
0 247
1 2517
0 55
3 281
0 247
5 1360
0 461
9 3761
0 590
0 594
5 378
5 1539
0 108
43 4338
1388 1552
142 152
0 646
1 306
31 657
0 657
8 1042
400 421
1 1042
4 222
0 1034
0 270
0 1104
0 486
0 502
1 57
34 816
3 2365
2 1074
0 187
0 2236
2 2236
3 2236
1 2236
3 405
7 1110
0 497
3 222
0 120
0 151
0 1392
0 230
74 86
2 78
123 2339
0 9
1 1021
0 318
1 308
0 279
0 762
3 88
3 721
0 1027
1 500
0 89
1 86
14 159
22 733
6 725
0 276
0 497
5 1130
0 456
0 654
0 777
0 53
0 340
456 475
1 142
0 694
0 41
0 90
13 588
13 588
3 588
2 214
0 67
0 588
1 327
0 342
0 588
8 193
0 161
1 90
3 588
4 41
8 322
2 718
1 142
14 567
2 588
4 113
0 120
3 588
5 567
9 588
6 588
3 483
7 588
3 218
54 588
8 282
5 282
12 588
17 218
1 327
21 24
0 274
11 274
1 214
1 142
2 90
86 90
1 228
7 567
0 229
30 567
3 343
212 228
1 327
0 43
8 386
12 694
14 228
0 475
4 588
237 475
8 946
0 475
0 567
5 457
2 327
1 483
3 343
0 116
0 475
2 228
0 342
16 327
16 560
208 229
0 99
3 588
41 43
6 43
0 168
2 141
0 483
0 16
13 588
1 386
17 334
1 588
2 588
3 588
1 588
0 90
9 588
0 271
42 588
8 386
0 67
533 560
22 342
1 454
0 588
2 588
0 211
17 694
24 694
8 228
4 327
551 588
6 752
0 53
0 229
15 588
3 41
1 374
0 334
2 588
4 475
12 110
0 229
0 58
13 588
1 142
138 153
2 334
2 116
110 118
551 588
3 386
3 327
2 142
14 228
145 156
2 588
3 588
1 327
4 343
6 153
59 475
0 588
0 99
0 588
1 588
527 574
0 694
1 90
22 694
0 56
22 560
15 342
3 322
0 752
566 588
294 327
1 193
7 454
0 342
0 67
0 327
6 588
0 229
0 342
0 67
19 2673
0 211
4 483
0 327
10 228
4 33
3 962
1 1539
0 125
0 120
2 80
0 816
0 554
1 176
2 406
0 66
0 473
0 977
0 844
0 290
7 502
2 88
2 275
1 147
4 515
0 1205
1 1403
0 1695
14 605
4 605
9 1347
1 1347
11 1516
0 295
0 473
0 59
2 1021
26 788
4 228
0 1110
1 88
0 768
1 476
0 337
0 340
69 1695
4 127
0 308
1 378
0 241
0 452
0 284
1 1900
0 1900
2 3101
0 3101
0 6
2 218
13 664
0 158
0 423
0 951
6 951
0 623
0 399
3 1577
0 278
1 214
5 2150
0 2150
0 145
0 404
0 1074
1 336
0 362
4 594
0 216
0 439
0 527
3 1386
0 639
27 762
0 625
1 625
0 725
0 395
0 1036
3 1042
1 393
1 1539
1 368
2 1539
101 117
15 632
4 1042
0 518
0 567
1 452
1 1071
0 347
0 303
0 120
26 270
16 2237
12 2237
1 2237
0 2237
2 2237
0 233
1499 1552
0 409
0 1230
2 1230
3 853
0 400
0 126
0 446
11 857
0 973
0 274
1 274
2 3390
31 3390
4 3390
1 3390
0 584
7 890
1 626
4 216
0 1346
0 247
13 287
1 79
0 196
19 191
202 7353
58 7353
45 7353
7294 7353
208 7353
11 7353
259 7353
61 7353
82 7353
830 7353
56 7353
173 7353
40 7353
232 7353
16 7353
6 7353
0 141
3 2466
0 2466
1 2466
2 2466
0 1456
134 10604
236 10604
60 10604
59 10604
468 10604
67 10604
89 10604
18 10604
303 10604
202 10604
21 10604
103 10604
34 10604
20 10604
74 10604
29 10604
9 1655
6 1655
0 407
2 1162
10 1162
1 1162
4 1162
1 479
575 623
0 87
0 564
31 391
0 295
0 590
1 508
1691 1695
3 47
16 788
11 788
21 788
13 788
18 788
2 788
1 788
8 788
10 788
1 230
0 739
0 436
2 1695
0 247
1 626
36 567
8 115
2 48
0 344
27 684
619 764
1 582
33 1072
15 1862
0 1862
5 369
9 876
1 625
0 233
2 937
1 937
0 937
0 230
1 421
0 272
1 218
3 812
39 826
0 919
0 887
1 1072
121 2339
2 958
3 958
1 1623
1 141
0 792
3 811
2 2330
0 2330
1 247
3 974
117 120
0 182
1 423
0 1967
0 30
2 384
8 549
12 1153
0 497
5 188
1 498
3 157
1 157
3 2339
8 950
1 57
0 135
0 473
0 962
3 448
0 163
0 414
3 1161
0 1161
1 1161
0 117
5 96
1 1403
0 1346
1 139
37 1110
0 473
1 318
0 318
1 700
0 162
2 1967
2 1539
0 1539
0 106
5 5662
3 5662
4 5662
2 5662
0 5662
4 1536
9 1536
3 625
10 2565
7 2565
8 2565
2 2565
11 2565
12 2565
1648 1747
5 384
168 183
8 1249
3 1249
0 87
0 812
2 746
8 2128
0 2128
5 2128
0 473
0 67
1 124
6 178
0 764
1 379
3 2396
0 2396
1 2396
22 890
6 890
9 890
0 38
1 2407
2 2407
6 2407
7 2407
0 735
2 581
0 581
0 385
1 385
3 615
1 139
0 641
6 448
2 1064
0 1064
5 2225
0 89
0 941
0 89
0 1419
10 452
2 80
5 554
0 89
1 1294
5 1294
348 381
37 1948
53 1948
10 1948
1 1948
12 962
0 448
0 352
0 137
0 594
1 1708
0 1708
2 287
0 25
0 816
0 626
0 90
23 2339
0 1536
1 233
9 69
3 319
0 796
0 446
0 527
0 142
0 369
0 153
2 590
0 385
403 413
0 446
1 2395
0 2395
0 404
295 592
17 2163
15 2163
37 2163
1 55
174 191
0 2423
8 2423
1 2423
1 344
0 196
0 452
41 1403
1 1205
0 1205
1 1014
2 294
3 448
13 86
0 395
2 844
0 844
0 303
2 1360
0 812
0 107
0 562
0 479
6 467
6 1733
16 1733
15 1733
1 80
0 739
0 446
226 247
0 389
0 733
1 215
3 295
8 431
0 175
1 130
1 187
1 135
0 284
5 371
3 330
3 1724
0 1724
1 1724
3 549
3 919
30 1139
1 896
0 896
0 437
0 103
0 264
1 261
0 264
0 648
6 1577
0 1501
2 1501
1 1501
41 617
3 1618
0 285
2 504
0 115
47 48
0 247
0 737
0 223
0 509
0 311
13 594
2 477
0 345
0 733
4 789
0 789
0 605
0 1747
0 347
6 1511
2 1511
0 362
8 147
0 307
11 139
6 139
0 382
105 1766
21 788
2 788
9 788
6 788
24 788
0 788
1 788
15 788
3 788
6 694
0 694
298 307
2 174
3 371
1 1077
0 537
4 178
0 103
0 290
5 3159
6 3159
3 3159
3 1331
46 50
0 716
1 508
16 1909
34 1909
44 1909
0 1618
7 1618
0 384
0 384
0 102
0 94
0 585
0 474
475 535
0 261
15 295
0 169
1 148
1 183
3 876
0 733
6 1787
5 1787
3 1787
14 617
0 1553
1 1553
1 504
0 343
1 632
0 127
5 504
15 1083
1 65
1 1144
0 178
1 172
1 240
4 431
39 919
0 498
0 1618
1429 1475
10 368
2 26
15 1965
6 1965
3 1965
0 1965
7 1965
2 1965
0 125
0 175
2 55
1 379
0 229
0 229
0 230
1 1042
0 344
3 323
2 746
24 876
2 479
400 406
2 504
162 171
26 575
659 764
4 1913
1 1913
0 1057
2 269
0 173
2 344
0 772
0 242
1 1695
3 1695
1 382
4 764
0 175
0 94
0 811
0 394
0 1287
0 176
17 139
0 310
0 360
1 230
0 811
1 381
0 1129
8 1129
14 1129
0 638
0 1071
29 1410
16 1410
19 1410
0 811
0 497
3 37
0 285
5 305
2 256
0 360
207 233
8 623
0 1061
0 260
0 452
0 563
2 592
3 144
1 327
0 617
3 337
1 362
5817 5976
46 5976
38 5976
66 5976
25 5976
35 5976
61 5976
90 5976
21 5976
8 1075
11 379
599 661
0 162
1 2517
2 431
2 100
1 1386
1 850
0 511
2 405
2 1102
0 1102
0 370
2 196
1 361
26 841
5 698
0 124
0 290
210 218
0 439
7 229
0 349
0 89
0 360
6 333
7 333
0 526
0 122
0 412
1 196
0 874
0 247
0 896
2 338
1 338
0 142
49 1779
1770 1779
6 1779
1753 1779
0 1238
818 876
50 1853
34 1853
10 1853
0 592
1 564
0 173
0 1539
0 158
0 812
7 584
0 328
2 262
1 816
0 99
6 796
1 404
2 146
0 345
7 464
1 228
2 274
879 919
0 502
0 1110
2 122
7 446
4 518
0 141
0 585
12 561
1 2808
0 1357
19 1416
1 204
0 100
26 563
0 564
0 473
2 1110
0 339
163 327
0 308
5 295
0 587
1 777
3 558
0 149
173 209
0 279
1 962
2 3095
3 3095
2 3095
18 1617
0 1617
13 1617
1 1617
0 318
2 327
2 1767
10 1767
7 1767
1 1767
3 240
0 1071
0 522
0 1618
1 465
0 465
1 465
