3 384
6 375
3 392
0 576
4 576
8 776
7 776
442 511
10 2287
11 2287
8 745
1 745
18 914
0 338
8 448
2 691
1 691
0 183
5 914
18 1155
50 1155
1074 1155
0 1155
2 1155
1 1370
2 1623
57 7389
227 7389
167 7389
5 7389
8 7389
110 7389
230 7389
14 7389
192 7389
87 7389
633 7389
2 2339
4 615
41 1288
3 176
24 1265
26 1265
9 1265
1 150
0 79
0 1983
5 1983
3 1983
132 1983
2 269
7 397
45 1208
28 1208
24 1208
23 1474
8 240
4 448
8 558
3 1113
0 1113
0 79
6 305
17 400
0 388
7 590
1 1483
4 152
3 152
4 796
1507 1536
0 805
1 276
27 328
25 1267
14 1267
27 1267
7 1267
30 1267
4 522
4 198
0 1013
1 1013
141 152
0 1303
4 1008
6 1008
3 327
1 562
8 737
7 737
235 264
160 175
0 44
0 89
3 1913
1 1913
4 1539
19 973
7 855
0 301
21 7645
72 7645
29 7645
8 7645
13 7645
203 7645
207 7645
62 7645
138 7645
28 7645
25 7645
9 7645
114 7645
6 7645
4 7645
7 7645
15 7645
10 7645
122 7645
3 7645
546 9306
7 9306
20 9306
248 9306
28 9306
329 9306
2 9306
211 9306
11 9306
349 9306
3 9306
48 9306
19 9306
392 9306
13 9306
456 9306
425 9306
62 9306
63 3760
183 3760
107 3760
61 3760
84 3760
90 3760
44 3760
111 3760
16 689
4 295
39 1454
11 1454
7 1454
9 1454
2 626
0 203
0 405
0 794
2 794
1 844
634 657
5 1110
10 150
0 1071
0 812
0 812
0 422
4 896
3 395
8 2339
0 135
4 324
1 721
78 79
1 204
0 811
1 368
0 380
0 380
3 384
8 152
0 98
67 68
1 446
1 777
3 777
0 884
874 884
0 1514
837 876
1 348
0 169
12 663
7 663
6 303
6 240
0 441
21 1474
0 733
3 1077
1 404
0 973
0 138
18 1618
1 567
30 876
1 176
1 2150
28 2150
801 876
2 311
16 1597
6 1597
15 1597
11 1597
4 618
0 98
1 184
11 776
7 776
2 497
52 57
4 392
19 670
12 670
4 392
15 511
3 247
0 876
1 344
3 965
1534 1539
0 509
5 215
5 176
4 215
2 215
22 1386
1 283
0 764
2 465
0 792
8 10782
48 10782
5 10782
4 10782
56 10782
47 10782
59 10782
153 10782
29 10782
18 10782
46 10782
275 10782
30 10782
94 10782
75 10782
51 10782
74 10782
21 10782
105 10782
13 10782
20 10782
16 10782
60 10782
42 10782
46 10782
69 10782
1 224
9 767
4 144
39 540
4 2510
0 2510
243 269
4 269
1 1269
0 1269
1 919
0 782
7 448
0 931
1 931
1 247
1 89
25 2038
1 2038
0 2038
1 446
11 737
5 1898
4 1898
6 584
12 1360
3 2257
4 2257
1 1695
27 2339
13 1072
2 746
2 746
1 2150
10 2150
34 3410
1 3410
12 3410
4 746
1 2150
14 2150
11 764
4 746
0 456
33 590
8 2449
70 2449
12 191
6 777
0 266
1 1027
7 976
11 976
6 3000
26 3000
22 3000
37 3000
33 3000
24 3000
1 202
0 456
6 777
2 381
0 295
3 186
425 441
0 94
58 68
2 287
6 240
119 142
9 240
1 655
2 1197
6 2831
5 2831
2 2831
1 2831
6 1331
11 4210
23 4210
165 4210
44 4210
53 4210
147 4210
99 4210
4 4210
73 4210
153 4210
244 4210
0 20
4 209
1 677
4 677
0 1547
9 1547
5 888
36 888
0 344
0 413
12 1012
6 1012
13 1012
2 269
3 467
3 504
986 1110
3 585
8 2128
7 2128
5 2128
4 960
1 1483
23 1536
10 1536
14 1110
2 1069
3 1069
4 1069
2 1014
18 811
2 1110
3 423
1 93
167 183
0 384
1 724
11 2375
8 2375
18 2375
0 178
24 788
2 788
10 788
6 788
728 788
0 788
1 788
20 788
5 788
1 203
205 226
0 4949
2 4949
5 4949
36 4949
102 4949
9 4949
37 4949
0 120
46 2150
11 2150
17 2150
1 653
9 689
4 2955
1 2955
23 2955
3 2955
27 2955
2 2955
56 2955
2 1695
0 439
0 439
12 225
2 2163
3 2163
195 13875
43 13875
6 13875
13 13875
23 13875
74 13875
26 13875
18 13875
169 13875
29 13875
13196 13875
118 13875
70 13875
143 13875
9 2339
3 222
3 150
2 1164
5 1164
14 1164
0 2347
1 2347
3 2347
2 2347
0 633
0 384
16 3126
17 3126
36 3126
5 3126
3 3126
9 3126
6 3126
4 1078
1 1078
0 1078
243 267
4 1926
483 526
11 812
10 858
8 5657
3 5657
22 5657
5 5657
18 5657
6 5657
49 5657
80 5657
33 1042
8 423
4 218
3 172
17 1307
945 1021
4 384
4 400
9 240
4 247
1 176
0 247
3 124
2 618
1 247
8 1708
2 1708
0 1708
1 1708
0 762
1 762
3 152
4 371
1 264
1 442
0 442
5 389
65 5642
11 5642
2 5642
5216 5642
64 5642
52 5642
19 5642
12 416
6 223
2 86
18 543
8 1403
7 1403
11 679
1 2517
0 87
1 689
1 336
0 89
1 153
11 1403
10 1963
18 1963
7 2002
8 2002
6 2002
26 147
10 147
5 163
262 264
0 1539
227 264
6 590
0 181
211 241
0 465
48 764
25 764
11 764
11 295
0 1652
1 1652
0 1967
2 86
0 1110
4 1183
0 1183
3 1183
0 876
0 389
3 1124
5 1124
3 1014
1 961
4 961
0 961
0 526
0 359
40 1130
0 257
11 1386
2 842
33 1042
0 257
17 2403
75 2403
27 2403
0 106
6 375
7 617
2 270
18 270
7 340
2 327
0 380
5 518
6 587
4 587
0 384
1 424
4 264
627 699
1 1317
8 1317
3 1317
10 120
3 594
0 538
0 603
0 1130
1 344
7 240
0 1241
0 122
9 855
12 1898
8 1898
6 1898
4 1898
6 384
12 17
14 914
0 777
4 163
29 4713
11 4713
5 4713
4413 4713
9 4713
21 4713
0 44
13 2150
15 2150
2 2150
0 2150
10 402
5 266
3 781
5 781
1 781
9 781
18 664
1 689
0 874
0 796
2 796
79 1464
5 1464
10 1464
0 548
4 382
15 233
2 663
1 257
468 506
9 1012
4 257
0 626
0 371
762 782
30 3816
8 3816
3 3816
7 3816
2 3816
38 3816
10 3816
5 340
5 1347
6 1347
0 149
1 554
3 364
0 364
8 295
12 435
11 695
2 1247
1 1247
6 423
6 914
1 265
5 631
6 631
3 186
0 518
167 171
500 511
2 431
0 2308
4 2308
1 2303
22 2303
10 145
6 145
4 145
3 467
15 518
1 405
19 318
8 423
4 324
7 389
4 8726
14 8726
208 8726
26 8726
116 8726
12 8726
390 8726
23 8726
99 8726
83 8726
2 8726
17 8726
16 8726
0 422
1 108
0 456
0 1036
1 1036
341 391
1 344
7 679
2 154
370 397
10 3066
11 3066
58 3066
5 1214
4 1214
51 1595
52 1595
64 764
0 457
0 368
0 376
2 209
2 209
1 1191
0 1191
33 592
16 378
140 141
0 389
1 446
3 264
4 526
18 1110
1017 12734
88 12734
11999 12734
550 12734
121 12734
125 12734
11947 12734
60 12734
75 12734
127 12734
39 12734
10 12734
85 12734
30 12734
83 12734
179 12734
54 12734
199 12734
8 203
1 89
0 653
4 295
0 841
0 441
380 384
0 876
40 1264
1235 1264
1258 1264
2 404
0 1483
0 1110
6 590
7 590
261 264
0 107
3 1386
0 148
1 89
6 842
41 461
0 669
2 669
8 737
620 699
7 423
6 737
0 107
0 107
1 148
0 473
20 2629
91 2629
7 2629
14 2629
2 384
4 1589
0 1589
1 1589
2 113
1 2696
3 2696
4 2696
1 774
35 664
954 987
11 987
19 987
9 4344
5 4344
12 4344
28 4344
6 4344
4 4344
3 4344
2 222
4 626
37 1376
29 1376
32 1376
34 1376
7 558
7 680
24 680
8 234
1 177
1 177
5 384
404 441
28 441
1 376
2 1511
0 1511
2 522
20 522
0 169
2 737
28 664
6 479
2 2238
10 2238
21 2238
3 2238
24 1074
7 737
0 762
27 2517
749 788
13 2300
4 2300
0 762
0 618
0 183
19 270
8 558
1 252
8 295
19 1913
33 1913
11 656
11 656
12 656
6 240
1 423
2 764
12 373
19 446
1 357
8 423
1 632
7 590
1 562
11 456
0 9
293 587
1 562
12 1014
0 774
0 404
0 567
1 1407
0 594
1 690
0 690
2 250
1 127
294 295
4 2725
2 2725
1 2725
0 2725
5 2725
0 442
2 442
4 518
1 508
0 269
3 269
0 38
5 6094
3 6094
1 6094
4 6094
10 6094
5 1370
22 2737
23 2737
51 1409
15 526
10 465
1 339
1 960
0 960
12 382
0 295
0 404
0 431
1 1536
2 615
0 844
0 308
5 504
3 560
0 730
1 730
1 764
1 1701
11 240
7 283
6 596
1 392
1 2339
0 2339
0 303
0 461
530 563
23 438
1 122
1 980
0 980
1 845
0 665
8 378
1 352
3 889
1 889
0 189
0 431
0 751
9 526
14 1955
18 1955
16 1955
11 1955
6 1955
23 1955
12 9453
652 9453
6 9453
18 9453
22 9453
3 9453
9 9453
2 9453
13 9453
8 9453
19 9453
7 9453
10 9453
5 9453
4 9453
5 3604
14 3604
0 3604
3564 3604
2 3604
8 2982
21 2982
17 2982
12 2982
15 2982
0 1152
1 499
0 181
1 181
235 249
14 613
5 395
2 575
1 122
8 1114
9 1114
278 283
280 283
0 241
49 55
4 655
1 1887
4 1887
3 1887
195 7512
146 7512
175 7512
164 7512
46 7512
111 7512
215 7512
261 7512
286 7512
341 7512
179 7512
273 7512
128 7512
251 7512
276 7512
4 328
1 623
0 106
6 82
3 305
1 196
4 151
9 439
3 328
5 2031
1 4370
0 4370
5 4370
3 4370
7 4370
9 4370
4 4370
2 4370
0 340
0 360
1 269
0 413
5 887
1 187
0 187
7 534
3 1539
1 726
4 257
3 202
12 764
5 764
0 473
0 729
3 729
1 729
1 174
2 593
0 326
4 282
55 59
20 2849
19 2849
18 2849
2 2849
5 225
1 435
0 435
0 522
129 146
11 479
4 399
2 587
1 562
726 788
20 788
738 788
725 788
734 788
1 788
0 788
739 788
736 788
437 473
3 473
7 1528
0 1528
1 1904
4 1904
4 733
0 219
81 2417
291 2417
34 594
9 594
14 594
4 620
3 620
0 476
1 476
2 405
1655 1695
1 91
0 91
1 1223
2 1223
3 1223
6 479
1 328
2 1879
6 1879
50 4834
16 4834
22 4834
18 4834
26 4834
19 4834
9 145
6 739
2 336
307 361
163 177
0 413
745 759
2 191
5 191
2 240
16 233
164 177
0 176
2 318
2 807
1 807
3 761
3 446
0 931
1 931
1 1074
7 812
22 287
17 764
7 1043
0 857
1 922
1 558
7 558
0 279
165 173
1 130
2 617
1 617
2 1707
8 1707
6 4275
3 4275
24 4275
8 4275
10 4275
0 1149
1 1149
3 1149
2 2971
5 2971
0 336
286 318
1 1026
1 92
0 92
1 311
0 161
0 774
6 127
0 379
0 400
383 428
8 381
1 562
2 497
4 393
2 279
6 323
378 395
0 223
0 362
468 509
0 2434
1 716
0 388
12 233
0 484
0 484
1 484
4 1075
6 1075
6 1075
8 1075
1 118
0 114
828 844
25 844
0 306
3 1742
2 1742
0 1742
8 441
1 655
638 764
0 509
3276 3737
4 3737
1 3737
0 3737
2 562
2106 2181
2 338
2 40
0 379
2 405
2 474
0 98
0 1143
11 368
651 699
0 343
9 126
1 1644
143 1644
0 767
1 767
731 767
0 20
288 310
0 354
2 61
1 297
702 727
6 395
0 1618
0 233
9 381
0 473
210 217
0 152
668 768
0 171
0 567
0 301
0 461
38 788
9 788
731 788
18 788
737 788
1 788
0 788
34 788
32 788
1 405
1 653
1 139
0 324
0 973
2 1386
0 633
14 664
0 1618
12 395
0 295
17 344
3 230
2101 2219
0 385
6 527
8 1926
9 1926
3 548
0 919
9 699
12 472
3 327
0 821
3 821
2 821
0 526
0 567
8 1012
4 1012
3 1012
3 562
12 739
0 266
5 227
0 241
13 635
2 391
1 177
0 407
5 435
11 535
5 527
4 371
2 371
0 240
0 57
281 297
3 262
2 361
37 1312
0 84
4 287
3 509
3 585
0 592
799 812
2205 2339
5 290
0 948
1 948
1 448
962 973
1 360
20 389
49 1646
0 2101
2 2101
3 2101
8 2101
43 876
6 472
1 265
4 777
4 502
1 137
0 209
3 144
1 183
0 370
17 135
2 120
2 962
23 721
0 114
2 3218
3 1747
0 231
3 1110
0 153
1 290
2 397
319 325
11 319
7 382
16 5267
4 5267
0 5267
14 5267
20 5267
8 5267
30 5267
19 5267
3 5267
13 5267
2 5267
1 5267
18 5267
15 5267
0 1034
4 1034
0 2191
1 2191
0 247
0 247
1 1416
91 1027
0 319
0 1042
0 384
0 163
1 127
1 484
0 900
0 544
0 265
0 368
0 930
2 2416
1 2416
5 2416
4 919
2 407
0 382
0 247
2 233
1 1183
0 1183
2 1183
1 1185
0 382
1 340
2 3763
0 3763
10 177
2 477
0 141
9 242
0 295
1 295
2 395
588 615
0 308
0 1695
11 511
0 227
0 257
7 2339
4 395
1 359
2 761
7 257
0 176
2 336
1 195
1 365
10 240
1 230
5 196
1 338
2 1116
84 1116
0 1124
0 300
5 1623
51 906
0 57
0 188
0 1057
0 233
1 721
6 318
3 735
31 699
0 446
0 310
0 165
6 465
2 1130
672 679
0 392
331 348
6 1898
5 1898
0 472
15 950
22 950
8 950
7 191
0 1695
0 324
0 282
0 861
3 1695
14 360
1 960
3 388
1 1701
1 453
0 453
0 247
2 461
29 295
4 1042
3 549
11 319
1 1110
0 2517
1 866
0 866
114 141
2 387
41 48
0 1791
2 1791
9 511
6 275
3 286
0 423
0 191
893 950
9 509
0 861
0 364
3 364
0 378
1 3651
0 364
3 364
0 298
9 679
5 654
5 177
12 605
2 392
3 392
1 569
0 43
3 414
1 272
1 327
2 2050
0 2050
1 2050
1 617
0 927
5 1268
3 1268
4 1268
5 1413
156 157
1 317
760 790
779 790
0 812
24 1077
518 584
4 562
10 1360
4 1695
11 405
556 587
4 127
1 1592
2 1592
0 1719
2 1719
1 1719
0 548
1 548
2 195
1 352
0 1043
16 2703
26 2703
27 2703
29 2703
29 1165
362 395
1 1323
0 1323
3 1323
6 1323
2 1323
0 118
0 165
3 663
12 451
16 1536
15 1526
2 1526
11 1526
0 116
29 327
2 587
123 139
0 325
2 1288
0 116
196 240
0 217
697 712
3 1386
49 2339
2 2517
16 381
269 284
0 183
5 295
0 2517
11 2339
4 465
0 247
0 2517
0 55
1 281
0 247
27 1360
2 461
33 3761
0 590
0 594
3 378
25 1539
0 108
46 4338
1329 1552
3 152
0 646
1 306
25 657
2 657
4 1042
420 421
1 1042
3 222
1 1034
0 270
0 1104
0 486
0 502
1 57
778 816
1 2365
2 1074
0 187
2 2236
4 2236
3 2236
1 2236
11 405
5 1110
7 497
5 222
0 120
0 151
0 1392
0 230
80 86
2 78
99 2339
0 9
1 1021
0 318
1 308
0 279
0 762
1 88
4 721
0 1027
3 500
0 89
4 86
9 159
21 733
22 725
0 276
1 497
5 1130
0 456
1 654
0 777
0 53
0 340
470 475
1 142
1 694
0 41
0 90
569 588
16 588
4 588
3 214
0 67
2 588
1 327
1 342
0 588
8 193
1 161
78 90
6 588
6 41
25 322
2 718
2 142
17 567
3 588
2 113
0 120
3 588
2 567
7 588
10 588
6 483
10 588
3 218
543 588
6 282
7 282
12 588
10 218
3 327
23 24
0 274
5 274
2 214
1 142
1 90
88 90
1 228
8 567
0 229
44 567
4 343
214 228
2 327
0 43
2 386
19 694
207 228
2 475
3 588
434 475
12 946
0 475
0 567
1 457
3 327
4 483
6 343
0 116
0 475
3 228
0 342
296 327
508 560
7 229
0 99
3 588
39 43
6 43
0 168
2 141
0 483
0 16
8 588
0 386
18 334
1 588
2 588
1 588
1 588
0 90
22 588
0 271
577 588
26 386
0 67
532 560
313 342
3 454
2 588
2 588
0 211
33 694
629 694
8 228
289 327
572 588
7 752
0 53
0 229
13 588
6 41
0 374
0 334
0 588
9 475
5 110
0 229
0 58
17 588
1 142
6 153
2 334
2 116
7 118
584 588
5 386
4 327
2 142
17 228
5 156
2 588
3 588
1 327
3 343
14 153
48 475
0 588
0 99
0 588
2 588
526 574
3 694
1 90
14 694
0 56
28 560
3 342
10 322
0 752
578 588
22 327
1 193
13 454
0 342
1 67
0 327
6 588
0 229
0 342
0 67
25 2673
1 211
8 483
2 327
3 228
4 33
6 962
1 1539
0 125
0 120
5 80
1 816
0 554
1 176
1 406
0 66
0 473
0 977
0 844
0 290
8 502
2 88
2 275
2 147
5 515
0 1205
2 1403
0 1695
6 605
10 605
7 1347
6 1347
13 1516
0 295
0 473
0 59
2 1021
744 788
10 228
1 1110
1 88
0 768
2 476
4 337
0 340
27 1695
4 127
0 308
1 378
0 241
0 452
0 284
2 1900
0 1900
2 3101
0 3101
0 6
4 218
11 664
0 158
0 423
3 951
27 951
0 623
0 399
6 1577
1 278
3 214
2 2150
0 2150
0 145
0 404
0 1074
1 336
0 362
3 594
0 216
0 439
1 527
1 1386
1 639
40 762
0 625
1 625
0 725
0 395
0 1036
5 1042
1 393
4 1539
1 368
3 1539
105 117
45 632
4 1042
0 518
0 567
4 452
0 1071
0 347
1 303
0 120
24 270
11 2237
16 2237
3 2237
0 2237
2 2237
0 233
1408 1552
0 409
0 1230
2 1230
12 853
1 400
0 126
0 446
12 857
0 973
0 274
1 274
0 3390
23 3390
7 3390
2 3390
0 584
11 890
1 626
6 216
0 1346
0 247
13 287
75 79
0 196
16 191
252 7353
163 7353
63 7353
7294 7353
95 7353
0 7353
271 7353
168 7353
161 7353
7350 7353
102 7353
96 7353
164 7353
157 7353
81 7353
57 7353
0 141
1 2466
2 2466
8 2466
0 2466
0 1456
44 10604
125 10604
127 10604
28 10604
58 10604
74 10604
34 10604
73 10604
102 10604
81 10604
8 10604
115 10604
61 10604
71 10604
85 10604
56 10604
9 1655
5 1655
0 407
2 1162
5 1162
1 1162
3 1162
3 479
12 623
0 87
0 564
18 391
0 295
0 590
1 508
1692 1695
1 47
22 788
25 788
726 788
21 788
18 788
3 788
2 788
15 788
736 788
1 230
0 739
0 436
4 1695
0 247
5 626
12 567
107 115
2 48
0 344
1 684
28 764
2 582
90 1072
5 1862
1 1862
11 369
806 876
1 625
0 233
4 937
5 937
10 937
0 230
1 421
0 272
4 218
1 812
40 826
0 919
0 887
1 1072
101 2339
0 958
3 958
2 1623
5 141
1 792
2 811
0 2330
1 2330
3 247
2 974
119 120
0 182
1 423
0 1967
0 30
2 384
0 549
25 1153
0 497
3 188
1 498
5 157
0 157
12 2339
4 950
1 57
0 135
1 473
0 962
1 448
0 163
2 414
3 1161
0 1161
2 1161
0 117
7 96
6 1403
0 1346
1 139
40 1110
0 473
1 318
0 318
1 700
2 162
1 1967
5 1539
0 1539
0 106
6 5662
5 5662
3 5662
4 5662
1 5662
5 1536
11 1536
5 625
18 2565
17 2565
15 2565
10 2565
19 2565
12 2565
1667 1747
9 384
4 183
9 1249
6 1249
0 87
0 812
4 746
5 2128
0 2128
4 2128
1 473
0 67
2 124
3 178
0 764
1 379
2 2396
0 2396
1 2396
14 890
12 890
7 890
0 38
0 2407
4 2407
3 2407
7 2407
0 735
1 581
0 581
0 385
2 385
3 615
1 139
0 641
1 448
0 1064
1 1064
4 2225
3 89
0 941
0 89
0 1419
437 452
1 80
12 554
0 89
2 1294
9 1294
349 381
63 1948
94 1948
48 1948
59 1948
4 962
1 448
1 352
136 137
2 594
3 1708
0 1708
3 287
0 25
5 816
0 626
0 90
41 2339
0 1536
5 233
3 69
2 319
1 796
0 446
0 527
0 142
1 369
0 153
9 590
5 385
206 413
0 446
3 2395
1 2395
2 404
295 592
41 2163
46 2163
79 2163
2 55
29 191
4 2423
3 2423
11 2423
1 344
2 196
434 452
14 1403
1 1205
0 1205
0 1014
2 294
6 448
5 86
0 395
5 844
0 844
1 303
13 1360
0 812
0 107
0 562
1 479
7 467
63 1733
43 1733
25 1733
3 80
5 739
0 446
219 247
0 389
0 733
2 215
4 295
2 431
0 175
4 130
5 187
1 135
1 284
2 371
3 330
2 1724
0 1724
1 1724
2 549
11 919
1077 1139
1 896
0 896
0 437
0 103
0 264
3 261
0 264
0 648
6 1577
0 1501
10 1501
4 1501
524 617
2 1618
0 285
5 504
2 115
47 48
0 247
1 737
0 223
0 509
0 311
6 594
6 477
0 345
0 733
5 789
3 789
0 605
1 1747
0 347
9 1511
7 1511
0 362
18 147
0 307
13 139
12 139
0 382
88 1766
767 788
2 788
9 788
7 788
765 788
0 788
1 788
761 788
3 788
17 694
1 694
9 307
3 174
2 371
1 1077
0 537
5 178
0 103
0 290
22 3159
18 3159
12 3159
3 1331
46 50
0 716
1 508
46 1909
58 1909
28 1909
1 1618
13 1618
0 384
1 384
0 102
1 94
0 585
3 474
528 535
0 261
289 295
1 169
0 148
2 183
6 876
1 733
8 1787
6 1787
4 1787
11 617
0 1553
2 1553
4 504
1 343
0 632
0 127
8 504
8 1083
2 65
1 1144
0 178
1 172
1 240
5 431
12 919
0 498
0 1618
1439 1475
8 368
3 26
12 1965
5 1965
2 1965
0 1965
4 1965
3 1965
5 125
0 175
1 55
2 379
0 229
0 229
0 230
1 1042
6 344
7 323
3 746
27 876
8 479
404 406
2 504
159 171
0 575
7 764
6 1913
1 1913
0 1057
1 269
0 173
6 344
0 772
0 242
1 1695
7 1695
2 382
3 764
0 175
0 94
0 811
0 394
0 1287
0 176
12 139
0 310
0 360
1 230
0 811
1 381
1 1129
17 1129
3 1129
0 638
0 1071
18 1410
36 1410
27 1410
0 811
0 497
4 37
0 285
1 305
1 256
0 360
231 233
15 623
0 1061
4 260
0 452
0 563
566 592
3 144
2 327
0 617
6 337
9 362
5775 5976
66 5976
70 5976
109 5976
68 5976
103 5976
136 5976
77 5976
67 5976
10 1075
377 379
6 661
0 162
1 2517
1 431
2 100
0 1386
2 850
1 511
2 405
9 1102
1 1102
0 370
2 196
1 361
17 841
7 698
0 124
0 290
215 218
0 439
204 229
0 349
1 89
0 360
307 333
19 333
1 526
1 122
0 412
2 196
0 874
0 247
0 896
1 338
2 338
0 142
1727 1779
1731 1779
48 1779
1720 1779
3 1238
15 876
5 1853
8 1853
0 1853
0 592
557 564
0 173
6 1539
0 158
3 812
3 584
0 328
2 262
1 816
1 99
20 796
4 404
2 146
333 345
5 464
4 228
4 274
917 919
2 502
0 1110
1 122
10 446
3 518
0 141
3 585
2 561
1 2808
1 1357
28 1416
1 204
0 100
24 563
0 564
0 473
16 1110
0 339
163 327
0 308
5 295
0 587
0 777
8 558
1 149
198 209
0 279
0 962
0 3095
6 3095
2 3095
11 1617
4 1617
9 1617
3 1617
2 318
4 327
1 1767
8 1767
10 1767
4 1767
11 240
0 1071
5 522
0 1618
1 465
0 465
1 465
