5 384
10 375
2 392
1 576
0 576
12 776
7 776
21 511
13 2287
13 2287
4 745
4 745
5 914
12 338
4 448
0 691
1 691
0 183
913 914
18 1155
33 1155
577 1155
10 1155
10 1155
6 1370
25 1623
6 7389
16 7389
77 7389
6 7389
4 7389
8 7389
16 7389
76 7389
189 7389
74 7389
178 7389
5 2339
3 615
643 1288
87 176
12 1265
11 1265
10 1265
74 150
1 79
0 1983
1 1983
4 1983
6 1983
3 269
198 397
2 1208
13 1208
6 1208
736 1474
119 240
1 448
3 558
1 1113
0 1113
0 79
152 305
199 400
4 388
5 590
4 1483
3 152
2 152
0 796
767 1536
0 805
5 276
11 328
3 1267
0 1267
8 1267
2 1267
4 1267
11 522
3 198
0 1013
0 1013
75 152
0 1303
1 1008
0 1008
3 327
2 562
3 737
6 737
2 264
5 175
0 44
0 89
17 1913
4 1913
5 1539
972 973
427 855
2 301
132 7645
292 7645
221 7645
67 7645
50 7645
4 7645
95 7645
52 7645
2 7645
41 7645
61 7645
88 7645
51 7645
31 7645
22 7645
202 7645
73 7645
146 7645
5 7645
86 7645
811 9306
4 9306
151 9306
7 9306
5 9306
258 9306
145 9306
6 9306
3 9306
537 9306
283 9306
0 9306
70 9306
245 9306
34 9306
50 9306
20 9306
12 9306
6 3760
121 3760
4 3760
3 3760
20 3760
7 3760
26 3760
8 3760
24 689
4 295
8 1454
0 1454
5 1454
7 1454
3 626
0 203
0 405
5 794
3 794
2 844
328 657
9 1110
74 150
1 1071
0 812
0 812
0 422
11 896
4 395
2 2339
1 135
7 324
1 721
39 79
101 204
3 811
1 368
0 380
0 380
191 384
7 152
48 98
8 68
222 446
0 777
0 777
1 884
12 884
3 1514
437 876
173 348
0 169
3 663
1 663
302 303
11 240
438 441
3 1474
0 733
4 1077
1 404
0 973
1 138
18 1618
2 567
13 876
1 176
0 2150
49 2150
13 876
2 311
3 1597
0 1597
0 1597
10 1597
11 618
0 98
5 184
6 776
1 776
248 497
4 57
12 392
0 670
2 670
9 392
2 511
5 247
0 876
1 344
482 965
769 1539
1 509
4 215
12 176
4 215
4 215
23 1386
141 283
763 764
1 465
0 792
15 10782
13 10782
27 10782
14 10782
3 10782
48 10782
51 10782
55 10782
30 10782
24 10782
25 10782
211 10782
22 10782
11 10782
5 10782
4 10782
34 10782
12 10782
47 10782
21 10782
19 10782
43 10782
44 10782
1 10782
25 10782
57 10782
1 224
18 767
10 144
269 540
3 2510
0 2510
134 269
5 269
1 1269
0 1269
3 919
0 782
1 448
1 931
0 931
1 247
3 89
3 2038
0 2038
1 2038
3 446
25 737
3 1898
6 1898
25 584
24 1360
2 2257
0 2257
33 1695
26 2339
535 1072
1 746
4 746
1 2150
19 2150
5 3410
1 3410
23 3410
4 746
2 2150
28 2150
16 764
4 746
0 456
9 590
15 2449
15 2449
95 191
3 777
3 266
11 1027
487 976
487 976
8 3000
14 3000
16 3000
112 3000
22 3000
7 3000
4 202
3 456
7 777
9 381
147 295
3 186
220 441
1 94
33 68
4 287
5 240
70 142
12 240
6 655
5 1197
6 2831
5 2831
4 2831
0 2831
1 1331
7 4210
5 4210
64 4210
0 4210
3 4210
12 4210
56 4210
38 4210
8 4210
2 4210
106 4210
4 20
3 209
1 677
0 677
1 1547
0 1547
0 888
8 888
171 344
206 413
2 1012
2 1012
3 1012
10 269
233 467
6 504
554 1110
1 585
3 2128
3 2128
1 2128
7 960
11 1483
42 1536
19 1536
554 1110
1 1069
2 1069
0 1069
10 1014
405 811
554 1110
1 423
0 93
91 183
1 384
1 724
1 2375
2 2375
6 2375
7 178
393 788
2 788
6 788
4 788
393 788
0 788
1 788
393 788
3 788
101 203
112 226
5 4949
11 4949
3 4949
30 4949
44 4949
26 4949
41 4949
1 120
38 2150
1 2150
8 2150
2 653
24 689
15 2955
0 2955
10 2955
1 2955
17 2955
5 2955
3 2955
7 1695
5 439
3 439
9 225
3 2163
2 2163
185 13875
2 13875
83 13875
22 13875
22 13875
55 13875
51 13875
2 13875
165 13875
51 13875
6937 13875
162 13875
20 13875
14 13875
37 2339
3 222
0 150
1 1164
6 1164
8 1164
0 2347
3 2347
2 2347
4 2347
4 633
0 384
13 3126
6 3126
5 3126
7 3126
0 3126
11 3126
10 3126
1 1078
0 1078
3 1078
2 267
0 1926
262 526
22 812
16 858
6 5657
5 5657
12 5657
3 5657
1 5657
0 5657
31 5657
175 5657
8 1042
8 423
6 218
85 172
12 1307
118 1021
2 384
199 400
239 240
5 247
87 176
1 247
6 124
6 618
5 247
0 1708
2 1708
0 1708
2 1708
5 762
0 762
2 152
185 371
2 264
2 442
5 442
0 389
53 5642
4 5642
16 5642
147 5642
45 5642
49 5642
38 5642
2 416
111 223
2 86
20 543
13 1403
12 1403
11 679
1 2517
0 87
344 689
5 336
2 89
2 153
701 1403
17 1963
8 1963
2 2002
7 2002
30 2002
11 147
9 147
81 163
131 264
6 1539
131 264
8 590
0 181
120 241
1 465
381 764
381 764
15 764
9 295
13 1652
9 1652
5 1967
4 86
0 1110
2 1183
1 1183
0 1183
0 876
0 389
1 1124
0 1124
10 1014
0 961
3 961
5 961
0 526
0 359
17 1130
5 257
9 1386
12 842
520 1042
0 257
17 2403
50 2403
17 2403
1 106
10 375
14 617
24 270
269 270
11 340
4 327
0 380
4 518
0 587
1 587
0 384
0 424
17 264
8 699
3 1317
0 1317
1 1317
6 120
7 594
0 538
0 603
34 1130
3 344
119 240
1 1241
4 122
10 855
9 1898
15 1898
1 1898
0 1898
4 384
8 17
456 914
0 777
81 163
4 4713
0 4713
5 4713
2356 4713
1 4713
10 4713
21 44
3 2150
2 2150
4 2150
3 2150
200 402
132 266
3 781
4 781
2 781
0 781
331 664
344 689
6 874
8 796
15 796
67 1464
34 1464
37 1464
9 548
190 382
116 233
2 663
128 257
252 506
4 1012
4 257
1 626
2 371
390 782
3 3816
8 3816
10 3816
6 3816
0 3816
20 3816
1 3816
10 340
5 1347
0 1347
1 149
9 554
4 364
4 364
147 295
217 435
694 695
3 1247
0 1247
6 423
17 914
3 265
0 631
9 631
4 186
9 518
85 171
255 511
28 431
2 2308
0 2308
5 2303
13 2303
0 145
1 145
3 145
6 467
258 518
4 405
6 318
7 423
161 324
194 389
1 8726
11 8726
37 8726
8 8726
89 8726
71 8726
284 8726
39 8726
30 8726
3 8726
0 8726
12 8726
5 8726
421 422
107 108
2 456
1 1036
0 1036
12 391
0 344
15 679
1 154
198 397
13 3066
13 3066
32 3066
1 1214
1 1214
14 1595
31 1595
381 764
0 457
0 368
0 376
6 209
104 209
2 1191
1 1191
0 592
188 378
70 141
1 389
1 446
131 264
10 526
4 1110
6366 12734
30 12734
0 12734
197 12734
6 12734
37 12734
6366 12734
9 12734
20 12734
211 12734
24 12734
24 12734
73 12734
38 12734
10 12734
295 12734
131 12734
112 12734
4 203
0 89
3 653
10 295
0 841
0 441
191 384
0 876
33 1264
631 1264
631 1264
0 404
0 1483
0 1110
8 590
4 590
5 264
0 107
14 1386
1 148
44 89
10 842
230 461
0 669
3 669
8 737
24 699
6 423
6 737
0 107
0 107
73 148
0 473
30 2629
48 2629
11 2629
14 2629
6 384
2 1589
0 1589
0 1589
3 113
1 2696
1 2696
8 2696
0 774
31 664
493 987
5 987
3 987
5 4344
23 4344
0 4344
29 4344
1 4344
2 4344
18 4344
3 222
312 626
14 1376
2 1376
14 1376
2 1376
0 558
3 680
5 680
4 234
3 177
11 177
16 384
440 441
220 441
2 376
0 1511
3 1511
7 522
7 522
0 169
9 737
31 664
11 479
17 2238
2 2238
13 2238
7 2238
23 1074
11 737
1 762
1258 2517
393 788
24 2300
35 2300
380 762
7 618
0 183
27 270
11 558
0 252
28 295
19 1913
24 1913
25 656
1 656
8 656
12 240
3 423
381 764
15 373
0 446
2 357
6 423
0 632
5 590
9 562
227 456
0 9
293 587
3 562
5 1014
386 774
0 404
3 567
1 1407
2 594
0 690
1 690
124 250
63 127
147 295
4 2725
2 2725
6 2725
0 2725
1 2725
2 442
0 442
1 518
1 508
0 269
1 269
0 38
2 6094
3 6094
1 6094
0 6094
4 6094
684 1370
11 2737
11 2737
704 1409
262 526
232 465
4 339
4 960
0 960
8 382
294 295
0 404
0 431
1 1536
3 615
0 844
1 308
4 504
4 560
1 730
1 730
1 764
0 1701
11 240
141 283
5 596
12 392
4 2339
1 2339
0 303
0 461
18 563
5 438
60 122
0 980
1 980
422 845
332 665
5 378
175 352
5 889
4 889
2 189
0 431
1 751
262 526
0 1955
8 1955
9 1955
5 1955
8 1955
0 1955
5 9453
31 9453
9 9453
2 9453
4 9453
41 9453
10 9453
11 9453
6 9453
20 9453
22 9453
21 9453
19 9453
13 9453
7 9453
2 3604
9 3604
9 3604
1801 3604
9 3604
4 2982
5 2982
6 2982
1 2982
0 2982
2 1152
249 499
1 181
0 181
124 249
2 613
197 395
6 575
2 122
3 1114
3 1114
141 283
141 283
0 241
4 55
327 655
1 1887
2 1887
0 1887
6 7512
13 7512
6 7512
112 7512
130 7512
16 7512
9 7512
362 7512
277 7512
305 7512
93 7512
9 7512
82 7512
310 7512
3755 7512
163 328
1 623
1 106
2 82
0 305
11 196
75 151
10 439
2 328
1015 2031
2 4370
8 4370
4 4370
0 4370
1 4370
6 4370
3 4370
5 4370
2 340
0 360
1 269
0 413
443 887
0 187
3 187
2 534
3 1539
15 726
128 257
6 202
1 764
1 764
0 473
2 729
1 729
4 729
7 174
296 593
1 326
4 282
29 59
26 2849
31 2849
22 2849
14 2849
6 225
2 435
217 435
0 522
72 146
27 479
199 399
0 587
6 562
393 788
2 788
393 788
393 788
393 788
0 788
0 788
393 788
393 788
15 473
12 473
2 1528
0 1528
1903 1904
1902 1904
0 733
109 219
59 2417
59 2417
296 594
14 594
296 594
1 620
1 620
0 476
3 476
0 405
847 1695
45 91
45 91
1 1223
0 1223
3 1223
14 479
2 328
0 1879
0 1879
56 4834
45 4834
5 4834
0 4834
42 4834
42 4834
1 145
738 739
6 336
180 361
88 177
412 413
379 759
95 191
95 191
7 240
2 233
2 177
0 176
5 318
0 807
0 807
2 761
1 446
1 931
0 931
0 1074
1 812
143 287
10 764
6 1043
0 857
1 922
1 558
5 558
5 279
86 173
64 130
3 617
3 617
3 1707
0 1707
20 4275
35 4275
1 4275
31 4275
28 4275
1 1149
0 1149
4 1149
4 2971
1 2971
5 336
10 318
4 1026
1 92
0 92
0 311
0 161
773 774
8 127
189 379
199 400
213 428
190 381
5 562
2 497
196 393
0 279
12 323
197 395
3 223
1 362
254 509
0 2434
5 716
387 388
18 233
0 484
3 484
3 484
9 1075
17 1075
31 1075
537 1075
58 118
0 114
421 844
421 844
152 306
0 1742
3 1742
1 1742
220 441
6 655
381 764
508 509
1868 3737
1 3737
2 3737
0 3737
9 562
1090 2181
2 338
3 40
189 379
5 405
1 474
1 98
571 1143
183 368
10 699
0 343
10 126
7 1644
4 1644
0 767
0 767
383 767
9 20
154 310
1 354
0 61
2 297
363 727
10 395
808 1618
2 233
190 381
1 473
11 217
151 152
383 768
85 171
0 567
0 301
0 461
393 788
3 788
393 788
393 788
393 788
0 788
0 788
393 788
393 788
1 405
652 653
4 139
0 324
11 973
8 1386
4 633
21 664
50 1618
197 395
0 295
171 344
229 230
1109 2219
0 385
8 527
11 1926
44 1926
3 548
0 919
10 699
235 472
326 327
0 821
1 821
2 821
2 526
4 567
2 1012
2 1012
4 1012
7 562
369 739
1 266
113 227
0 241
317 635
2 391
3 177
1 407
6 435
267 535
3 527
185 371
185 371
119 240
0 57
148 297
2 262
0 361
23 1312
41 84
14 287
4 509
11 585
11 592
405 812
1169 2339
144 290
0 948
1 948
0 448
21 973
2 360
6 389
6 1646
1 2101
0 2101
2 2101
4 2101
4 876
235 472
2 265
7 777
250 502
3 137
104 209
10 144
1 183
0 370
67 135
1 120
5 962
360 721
1 114
3 3218
1 1747
0 231
3 1110
0 153
0 290
4 397
162 325
159 319
190 382
14 5267
12 5267
8 5267
9 5267
30 5267
11 5267
29 5267
34 5267
3 5267
7 5267
6 5267
0 5267
18 5267
26 5267
2 1034
0 1034
0 2191
1 2191
6 247
3 247
8 1416
513 1027
1 319
0 1042
0 384
0 163
0 127
0 484
1 900
0 544
132 265
3 368
0 930
1 2416
1 2416
4 2416
9 919
406 407
0 382
0 247
0 233
8 1183
6 1183
4 1183
1 1185
0 382
0 340
0 3763
1 3763
88 177
238 477
70 141
21 242
0 295
1 295
16 395
307 615
1 308
2 1695
4 511
0 227
2 257
5 2339
12 395
2 359
0 761
128 257
0 176
3 336
2 195
364 365
13 240
3 230
1 196
168 338
12 1116
2 1116
2 1124
0 300
2 1623
452 906
28 57
2 188
3 1057
0 233
360 721
158 318
0 735
16 699
1 446
0 310
0 165
232 465
3 1130
339 679
1 392
173 348
4 1898
2 1898
5 472
2 950
2 950
2 950
1 191
3 1695
0 324
1 282
5 861
847 1695
179 360
479 960
193 388
2 1701
3 453
1 453
6 247
2 461
147 295
12 1042
274 549
159 319
3 1110
16 2517
1 866
0 866
2 141
0 387
3 48
0 1791
2 1791
8 511
0 275
142 286
0 423
1 191
17 950
254 509
0 861
3 364
4 364
6 378
4 3651
0 364
5 364
0 298
339 679
19 654
6 177
6 605
4 392
3 392
8 569
0 43
206 414
3 272
3 327
0 2050
1 2050
2 2050
0 617
9 927
3 1268
0 1268
1 1268
23 1413
78 157
158 317
394 790
394 790
4 812
20 1077
7 584
280 562
19 1360
2 1695
202 405
293 587
63 127
2 1592
0 1592
0 1719
1 1719
2 1719
1 548
1 548
97 195
1 352
0 1043
2 2703
1 2703
2 2703
1 2703
582 1165
197 395
0 1323
2 1323
1 1323
5 1323
3 1323
0 118
3 165
2 663
6 451
24 1536
2 1526
1 1526
1 1526
0 116
3 327
2 587
1 139
3 325
643 1288
1 116
12 240
0 217
355 712
12 1386
15 2339
0 2517
3 381
16 284
91 183
147 295
6 2517
1169 2339
11 465
0 247
0 2517
0 55
0 281
0 247
25 1360
3 461
3758 3761
8 590
2 594
377 378
769 1539
53 108
2168 4338
775 1552
2 152
2 646
3 306
22 657
656 657
14 1042
210 421
4 1042
5 222
13 1034
0 270
4 1104
1 486
11 502
2 57
21 816
8 2365
536 1074
0 187
11 2236
3 2236
2 2236
0 2236
202 405
1 1110
248 497
110 222
0 120
0 151
0 1392
0 230
42 86
6 78
1169 2339
0 9
2 1021
0 318
1 308
3 279
2 762
3 88
2 721
1 1027
249 500
2 89
2 86
12 159
1 733
362 725
1 276
2 497
4 1130
0 456
0 654
11 777
1 53
0 340
237 475
2 142
346 694
0 41
0 90
293 588
10 588
3 588
1 214
2 67
6 588
1 327
1 342
2 588
96 193
2 161
44 90
293 588
6 41
7 322
3 718
2 142
11 567
15 588
1 113
0 120
5 588
4 567
20 588
293 588
12 483
293 588
108 218
293 588
10 282
9 282
293 588
108 218
3 327
11 24
0 274
2 274
2 214
1 142
7 90
44 90
1 228
6 567
0 229
16 567
8 343
1 228
1 327
0 43
3 386
9 694
113 228
3 475
3 588
237 475
24 946
0 475
0 567
1 457
10 327
5 483
4 343
4 116
0 475
113 228
1 342
163 327
279 560
4 229
0 99
6 588
21 43
21 43
0 168
10 141
0 483
0 16
8 588
6 386
0 334
4 588
5 588
293 588
3 588
0 90
17 588
0 271
7 588
11 386
4 67
279 560
170 342
226 454
15 588
12 588
5 211
31 694
20 694
3 228
6 327
11 588
17 752
4 53
114 229
27 588
7 41
0 374
3 334
20 588
31 475
54 110
0 229
1 58
20 588
2 142
6 153
4 334
4 116
58 118
9 588
32 386
3 327
3 142
113 228
77 156
3 588
6 588
1 327
171 343
8 153
21 475
0 588
3 99
0 588
7 588
286 574
1 694
2 90
346 694
0 56
30 560
12 342
2 322
1 752
3 588
22 327
2 193
226 454
1 342
2 67
1 327
14 588
1 229
0 342
3 67
1336 2673
1 211
13 483
11 327
0 228
4 33
16 962
0 1539
0 125
0 120
39 80
0 816
0 554
2 176
3 406
0 66
4 473
0 977
0 844
1 290
10 502
43 88
2 275
73 147
4 515
0 1205
0 1403
0 1695
3 605
6 605
3 1347
6 1347
757 1516
0 295
0 473
0 59
7 1021
7 788
113 228
0 1110
0 88
0 768
1 476
9 337
1 340
38 1695
4 127
2 308
0 378
0 241
225 452
0 284
2 1900
0 1900
1 3101
0 3101
0 6
8 218
24 664
0 158
0 423
6 951
8 951
0 623
0 399
2 1577
0 278
106 214
6 2150
0 2150
0 145
0 404
0 1074
1 336
0 362
4 594
0 216
8 439
263 527
10 1386
2 639
14 762
0 625
1 625
0 725
0 395
0 1036
15 1042
1 393
10 1539
1 368
2 1539
58 117
315 632
44 1042
1 518
2 567
2 452
1 1071
0 347
1 303
0 120
29 270
17 2237
31 2237
1 2237
7 2237
20 2237
0 233
775 1552
0 409
0 1230
2 1230
22 853
1 400
0 126
0 446
428 857
0 973
1 274
0 274
1 3390
17 3390
3 3390
0 3390
0 584
444 890
2 626
107 216
0 1346
0 247
143 287
39 79
0 196
95 191
155 7353
11 7353
74 7353
448 7353
13 7353
52 7353
223 7353
10 7353
14 7353
3676 7353
6 7353
195 7353
18 7353
228 7353
23 7353
44 7353
4 141
3 2466
1 2466
1 2466
2 2466
16 1456
1 10604
4 10604
4 10604
70 10604
9 10604
1 10604
1 10604
21 10604
26 10604
26 10604
30 10604
96 10604
6 10604
21 10604
110 10604
12 10604
13 1655
14 1655
0 407
2 1162
3 1162
0 1162
1 1162
4 479
311 623
0 87
2 564
195 391
0 295
0 590
0 508
44 1695
1 47
393 788
8 788
393 788
13 788
393 788
0 788
1 788
393 788
393 788
3 230
1 739
1 436
28 1695
0 247
312 626
283 567
57 115
23 48
0 344
3 684
381 764
1 582
4 1072
2 1862
0 1862
7 369
13 876
1 625
1 233
0 937
0 937
5 937
0 230
2 421
1 272
4 218
2 812
825 826
0 919
2 887
1 1072
17 2339
4 958
2 958
13 1623
70 141
9 792
7 811
2 2330
0 2330
7 247
973 974
8 120
0 182
0 423
0 1967
0 30
4 384
0 549
576 1153
0 497
2 188
2 498
2 157
1 157
18 2339
11 950
3 57
0 135
5 473
0 962
1 448
0 163
3 414
3 1161
1 1161
2 1161
0 117
0 96
0 1403
0 1346
1 139
7 1110
4 473
27 318
0 318
1 700
0 162
2 1967
7 1539
4 1539
52 106
1 5662
1 5662
4 5662
1 5662
4 5662
767 1536
767 1536
13 625
11 2565
6 2565
10 2565
6 2565
8 2565
9 2565
873 1747
12 384
91 183
1 1249
5 1249
0 87
3 812
372 746
0 2128
1 2128
3 2128
0 473
0 67
5 124
88 178
0 764
0 379
1 2396
0 2396
2 2396
10 890
1 890
4 890
0 38
2 2407
3 2407
0 2407
8 2407
1 735
0 581
1 581
0 385
0 385
13 615
0 139
8 641
1 448
3 1064
3 1064
4 2225
3 89
1 941
0 89
0 1419
225 452
0 80
276 554
1 89
1 1294
23 1294
5 381
18 1948
9 1948
1 1948
25 1948
1 962
3 448
1 352
68 137
0 594
1 1708
0 1708
143 287
0 25
0 816
2 626
0 90
8 2339
0 1536
0 233
34 69
0 319
0 796
0 446
0 527
1 142
1 369
1 153
3 590
2 385
206 413
1 446
1 2395
1 2395
201 404
295 592
19 2163
4 2163
15 2163
27 55
22 191
1 2423
3 2423
0 2423
3 344
0 196
0 452
701 1403
1 1205
2 1205
2 1014
0 294
0 448
42 86
0 395
421 844
0 844
7 303
27 1360
0 812
53 107
0 562
1 479
233 467
41 1733
29 1733
11 1733
4 80
6 739
0 446
123 247
0 389
0 733
2 215
4 295
3 431
0 175
129 130
93 187
1 135
1 284
2 371
8 330
2 1724
0 1724
1 1724
1 549
5 919
569 1139
0 896
1 896
1 437
0 103
9 264
3 261
1 264
0 648
14 1577
2 1501
3 1501
1 1501
308 617
9 1618
0 285
251 504
57 115
1 48
0 247
1 737
0 223
0 509
0 311
296 594
238 477
0 345
1 733
5 789
0 789
0 605
2 1747
0 347
1 1511
1 1511
0 362
13 147
0 307
9 139
9 139
0 382
882 1766
393 788
2 788
5 788
3 788
393 788
0 788
1 788
393 788
4 788
2 694
0 694
4 307
1 174
12 371
538 1077
3 537
88 178
0 103
2 290
4 3159
5 3159
3 3159
4 1331
24 50
0 716
1 508
13 1909
24 1909
13 1909
1 1618
4 1618
0 384
3 384
0 102
0 94
0 585
5 474
267 535
0 261
294 295
84 169
0 148
4 183
8 876
1 733
13 1787
12 1787
3 1787
4 617
0 1553
2 1553
251 504
1 343
1 632
0 127
12 504
11 1083
2 65
571 1144
4 178
5 172
119 240
215 431
21 919
0 498
1 1618
31 1475
183 368
3 26
3 1965
0 1965
1 1965
5 1965
4 1965
6 1965
12 125
0 175
2 55
3 379
0 229
0 229
1 230
1 1042
0 344
5 323
4 746
13 876
8 479
202 406
2 504
85 171
5 575
15 764
13 1913
1 1913
0 1057
1 269
0 173
171 344
0 772
0 242
2 1695
15 1695
3 382
7 764
0 175
0 94
1 811
0 394
0 1287
0 176
69 139
0 310
1 360
114 230
1 811
1 381
0 1129
7 1129
1 1129
0 638
10 1071
35 1410
18 1410
7 1410
1 811
0 497
18 37
0 285
4 305
1 256
0 360
116 233
13 623
0 1061
129 260
0 452
3 563
295 592
4 144
163 327
0 617
4 337
1 362
2987 5976
68 5976
32 5976
92 5976
103 5976
1 5976
112 5976
56 5976
1 5976
537 1075
189 379
660 661
1 162
3 2517
3 431
0 100
1 1386
424 850
2 511
202 405
0 1102
1 1102
0 370
7 196
1 361
17 841
697 698
0 124
0 290
8 218
1 439
11 229
0 349
2 89
0 360
166 333
166 333
1 526
60 122
0 412
0 196
6 874
0 247
5 896
1 338
2 338
0 142
66 1779
889 1779
54 1779
889 1779
9 1238
14 876
6 1853
0 1853
0 1853
3 592
281 564
0 173
5 1539
0 158
1 812
4 584
0 328
2 262
1 816
0 99
397 796
201 404
5 146
172 345
5 464
113 228
136 274
459 919
1 502
1 1110
60 122
5 446
258 518
0 141
9 585
29 561
0 2808
1 1357
707 1416
1 204
0 100
281 563
281 564
0 473
554 1110
0 339
163 327
2 308
147 295
1 587
0 777
3 558
74 149
104 209
2 279
2 962
0 3095
3 3095
2 3095
5 1617
0 1617
2 1617
1 1617
2 318
6 327
0 1767
3 1767
1 1767
2 1767
119 240
0 1071
3 522
0 1618
1 465
0 465
1 465
