191 384
10 375
14 392
0 576
1 576
32 776
33 776
255 511
13 2287
13 2287
4 745
4 745
456 914
168 338
223 448
0 691
1 691
0 183
456 914
18 1155
33 1155
577 1155
10 1155
10 1155
684 1370
811 1623
0 7389
13 7389
76 7389
0 7389
11 7389
2 7389
13 7389
73 7389
186 7389
71 7389
171 7389
15 2339
3 615
643 1288
87 176
10 1265
10 1265
16 1265
74 150
39 79
6 1983
6 1983
4 1983
4 1983
134 269
198 397
1 1208
4 1208
1 1208
736 1474
119 240
3 448
5 558
1 1113
0 1113
1 79
152 305
199 400
193 388
3 590
12 1483
75 152
75 152
0 796
767 1536
0 805
137 276
163 328
5 1267
7 1267
3 1267
11 1267
3 1267
260 522
98 198
0 1013
0 1013
75 152
0 1303
0 1008
2 1008
2 327
3 562
5 737
8 737
131 264
87 175
21 44
0 89
8 1913
11 1913
769 1539
486 973
427 855
150 301
37 7645
293 7645
13 7645
50 7645
28 7645
75 7645
20 7645
20 7645
20 7645
128 7645
162 7645
13 7645
39 7645
13 7645
28 7645
13 7645
129 7645
28 7645
54 7645
13 7645
738 9306
26 9306
35 9306
8 9306
17 9306
318 9306
8 9306
12 9306
26 9306
4652 9306
463 9306
12 9306
12 9306
388 9306
30 9306
228 9306
165 9306
182 9306
6 3760
121 3760
6 3760
16 3760
11 3760
6 3760
19 3760
16 3760
344 689
147 295
1 1454
2 1454
3 1454
1 1454
6 626
0 203
0 405
9 794
9 794
1 844
328 657
554 1110
74 150
1 1071
0 812
0 812
0 422
447 896
197 395
16 2339
1 135
161 324
360 721
39 79
101 204
5 811
1 368
16 380
0 380
191 384
75 152
48 98
33 68
222 446
2 777
388 777
2 884
23 884
756 1514
437 876
173 348
84 169
8 663
2 663
151 303
11 240
220 441
3 1474
0 733
4 1077
1 404
0 973
68 138
808 1618
283 567
16 876
87 176
17 2150
50 2150
15 876
155 311
3 1597
0 1597
0 1597
10 1597
308 618
48 98
3 184
7 776
2 776
248 497
28 57
195 392
1 670
1 670
195 392
10 511
5 247
437 876
6 344
482 965
769 1539
254 509
107 215
87 176
107 215
4 215
692 1386
141 283
381 764
1 465
0 792
7 10782
0 10782
19 10782
2 10782
35 10782
47 10782
59 10782
44 10782
26 10782
31 10782
29 10782
211 10782
21 10782
40 10782
14 10782
5 10782
43 10782
8 10782
25 10782
10 10782
3 10782
17 10782
34 10782
11 10782
29 10782
33 10782
1 224
9 767
71 144
269 540
1 2510
1 2510
134 269
5 269
0 1269
1 1269
4 919
390 782
4 448
1 931
0 931
3 247
44 89
4 2038
1 2038
0 2038
222 446
368 737
0 1898
0 1898
291 584
25 1360
3 2257
0 2257
847 1695
1169 2339
535 1072
1 746
372 746
1 2150
13 2150
18 3410
12 3410
28 3410
4 746
0 2150
7 2150
18 764
372 746
0 456
19 590
15 2449
15 2449
95 191
388 777
132 266
513 1027
487 976
487 976
10 3000
45 3000
23 3000
162 3000
26 3000
16 3000
3 202
3 456
388 777
190 381
147 295
92 186
220 441
1 94
33 68
143 287
119 240
70 142
13 240
4 655
6 1197
7 2831
5 2831
4 2831
1 2831
4 1331
0 4210
5 4210
96 4210
3 4210
12 4210
23 4210
119 4210
65 4210
13 4210
14 4210
105 4210
9 20
104 209
3 677
0 677
1 1547
0 1547
6 888
6 888
171 344
206 413
2 1012
2 1012
3 1012
134 269
233 467
251 504
554 1110
0 585
1 2128
1 2128
1 2128
11 960
6 1483
767 1536
20 1536
554 1110
1 1069
4 1069
1 1069
506 1014
405 811
554 1110
9 423
1 93
91 183
191 384
1 724
8 2375
1 2375
1 2375
88 178
393 788
2 788
393 788
393 788
393 788
0 788
0 788
393 788
393 788
101 203
112 226
4 4949
5 4949
0 4949
31 4949
45 4949
23 4949
36 4949
1 120
60 2150
11 2150
11 2150
1 653
344 689
13 2955
4 2955
10 2955
1 2955
25 2955
1 2955
10 2955
847 1695
219 439
219 439
112 225
3 2163
4 2163
185 13875
2 13875
83 13875
22 13875
22 13875
55 13875
51 13875
2 13875
165 13875
51 13875
6937 13875
162 13875
20 13875
14 13875
1169 2339
3 222
1 150
4 1164
10 1164
8 1164
0 2347
3 2347
1 2347
4 2347
316 633
2 384
11 3126
3 3126
2 3126
12 3126
1 3126
9 3126
8 3126
1 1078
1 1078
4 1078
133 267
14 1926
262 526
405 812
17 858
7 5657
10 5657
22 5657
5 5657
6 5657
0 5657
37 5657
145 5657
11 1042
211 423
6 218
85 172
653 1307
510 1021
191 384
199 400
119 240
5 247
87 176
1 247
6 124
308 618
123 247
0 1708
2 1708
0 1708
2 1708
1 762
1 762
1 152
185 371
131 264
0 442
0 442
0 389
76 5642
12 5642
12 5642
140 5642
56 5642
67 5642
41 5642
207 416
111 223
42 86
23 543
701 1403
16 1403
16 679
1258 2517
1 87
344 689
167 336
44 89
1 153
701 1403
19 1963
19 1963
0 2002
0 2002
1000 2002
73 147
73 147
81 163
131 264
769 1539
131 264
294 590
0 181
120 241
232 465
381 764
381 764
381 764
6 295
0 1652
0 1652
983 1967
42 86
0 1110
2 1183
0 1183
1 1183
3 876
0 389
0 1124
1 1124
506 1014
0 961
11 961
2 961
0 526
1 359
564 1130
128 257
23 1386
420 842
520 1042
0 257
17 2403
50 2403
17 2403
52 106
187 375
308 617
134 270
134 270
169 340
163 327
189 380
258 518
1 587
1 587
1 384
0 424
131 264
349 699
3 1317
1 1317
1 1317
59 120
296 594
0 538
0 603
564 1130
171 344
119 240
1 1241
60 122
12 855
0 1898
0 1898
3 1898
0 1898
10 384
8 17
456 914
0 777
81 163
26 4713
32 4713
1 4713
2356 4713
1 4713
34 4713
21 44
2 2150
1 2150
4 2150
3 2150
200 402
132 266
0 781
0 781
2 781
5 781
331 664
344 689
6 874
397 796
397 796
731 1464
49 1464
49 1464
273 548
190 382
116 233
2 663
128 257
252 506
505 1012
128 257
2 626
185 371
390 782
45 3816
2 3816
2 3816
2 3816
8 3816
2 3816
10 3816
169 340
6 1347
0 1347
74 149
276 554
4 364
4 364
147 295
217 435
347 695
1 1247
1 1247
7 423
456 914
132 265
3 631
3 631
92 186
258 518
85 171
255 511
215 431
1 2308
1 2308
8 2303
8 2303
3 145
3 145
7 145
233 467
258 518
202 405
158 318
211 423
161 324
194 389
39 8726
11 8726
67 8726
109 8726
149 8726
11 8726
305 8726
64 8726
43 8726
43 8726
39 8726
82 8726
69 8726
210 422
53 108
2 456
1 1036
1 1036
195 391
0 344
15 679
1 154
198 397
13 3066
13 3066
32 3066
1 1214
1 1214
797 1595
797 1595
381 764
0 457
0 368
0 376
104 209
104 209
2 1191
0 1191
295 592
188 378
70 141
7 389
7 446
131 264
262 526
554 1110
6366 12734
35 12734
35 12734
246 12734
23 12734
96 12734
6366 12734
83 12734
23 12734
237 12734
76 12734
76 12734
26 12734
26 12734
85 12734
314 12734
153 12734
74 12734
5 203
2 89
326 653
147 295
0 841
0 441
191 384
2 876
631 1264
631 1264
631 1264
5 404
0 1483
0 1110
294 590
294 590
131 264
0 107
692 1386
73 148
44 89
10 842
230 461
0 669
3 669
9 737
349 699
6 423
7 737
0 107
0 107
73 148
0 473
32 2629
42 2629
9 2629
9 2629
191 384
2 1589
0 1589
0 1589
56 113
1 2696
1 2696
8 2696
1 774
331 664
493 987
6 987
6 987
12 4344
1 4344
6 4344
44 4344
8 4344
5 4344
1 4344
3 222
312 626
14 1376
2 1376
14 1376
2 1376
0 558
3 680
5 680
116 234
88 177
88 177
191 384
220 441
220 441
187 376
1 1511
1 1511
7 522
7 522
84 169
8 737
31 664
239 479
20 2238
31 2238
29 2238
20 2238
536 1074
368 737
1 762
1258 2517
393 788
29 2300
29 2300
380 762
15 618
1 183
134 270
278 558
125 252
147 295
22 1913
22 1913
29 656
6 656
6 656
119 240
211 423
381 764
186 373
0 446
178 357
7 423
0 632
10 590
280 562
227 456
4 9
293 587
280 562
7 1014
386 774
0 404
283 567
6 1407
296 594
1 690
1 690
124 250
63 127
147 295
2 2725
4 2725
1 2725
2 2725
1 2725
2 442
2 442
258 518
1 508
1 269
0 269
0 38
1 6094
3 6094
1 6094
4 6094
5 6094
684 1370
11 2737
11 2737
704 1409
262 526
232 465
169 339
5 960
2 960
190 382
147 295
4 404
0 431
1 1536
3 615
0 844
153 308
251 504
279 560
1 730
1 730
1 764
0 1701
119 240
141 283
4 596
195 392
5 2339
5 2339
0 303
0 461
281 563
218 438
60 122
0 980
0 980
422 845
332 665
188 378
175 352
8 889
8 889
3 189
0 431
3 751
262 526
0 1955
8 1955
9 1955
5 1955
8 1955
0 1955
12 9453
26 9453
12 9453
8 9453
9 9453
37 9453
1 9453
15 9453
1 9453
3 9453
12 9453
3 9453
5 9453
4 9453
8 9453
2 3604
2 3604
2 3604
1801 3604
2 3604
4 2982
4 2982
4 2982
4 2982
12 2982
6 1152
249 499
1 181
1 181
124 249
306 613
197 395
7 575
2 122
3 1114
3 1114
141 283
141 283
120 241
27 55
327 655
0 1887
0 1887
2 1887
6 7512
13 7512
6 7512
112 7512
130 7512
16 7512
9 7512
362 7512
277 7512
305 7512
93 7512
9 7512
82 7512
310 7512
3755 7512
163 328
311 623
52 106
0 82
1 305
97 196
75 151
219 439
163 328
1015 2031
3 4370
6 4370
7 4370
1 4370
0 4370
2 4370
4 4370
5 4370
169 340
0 360
2 269
206 413
443 887
1 187
1 187
3 534
3 1539
6 726
128 257
100 202
1 764
1 764
0 473
2 729
1 729
1 729
86 174
296 593
3 326
140 282
29 59
22 2849
27 2849
26 2849
2 2849
112 225
217 435
217 435
260 522
72 146
239 479
199 399
293 587
5 562
393 788
2 788
393 788
393 788
393 788
0 788
0 788
393 788
393 788
2 473
2 473
1 1528
1 1528
951 1904
951 1904
366 733
109 219
59 2417
59 2417
296 594
296 594
296 594
1 620
1 620
1 476
5 476
2 405
847 1695
45 91
45 91
2 1223
1 1223
5 1223
239 479
163 328
0 1879
0 1879
51 4834
38 4834
3 4834
3 4834
36 4834
36 4834
72 145
369 739
167 336
180 361
88 177
206 413
379 759
95 191
95 191
119 240
5 233
88 177
0 176
5 318
0 807
0 807
380 761
0 446
1 931
0 931
0 1074
405 812
143 287
381 764
521 1043
3 857
460 922
1 558
1 558
139 279
86 173
64 130
3 617
3 617
0 1707
0 1707
3 4275
3 4275
3 4275
3 4275
4 4275
1 1149
1 1149
2 1149
1 2971
1 2971
167 336
158 318
8 1026
1 92
0 92
0 311
0 161
386 774
10 127
189 379
199 400
213 428
190 381
4 562
248 497
196 393
139 279
161 323
197 395
1 223
7 362
254 509
2 2434
357 716
193 388
17 233
0 484
241 484
241 484
537 1075
537 1075
537 1075
537 1075
58 118
0 114
421 844
421 844
152 306
2 1742
1 1742
0 1742
220 441
327 655
381 764
254 509
1868 3737
3 3737
1 3737
0 3737
6 562
1090 2181
3 338
19 40
189 379
4 405
1 474
2 98
571 1143
183 368
349 699
171 343
62 126
8 1644
8 1644
0 767
0 767
383 767
9 20
154 310
2 354
2 61
148 297
363 727
197 395
808 1618
116 233
190 381
1 473
108 217
75 152
383 768
85 171
0 567
0 301
0 461
393 788
2 788
393 788
393 788
393 788
0 788
0 788
393 788
393 788
2 405
326 653
69 139
161 324
486 973
692 1386
316 633
331 664
808 1618
197 395
0 295
171 344
114 230
1109 2219
0 385
263 527
962 1926
962 1926
3 548
0 919
349 699
235 472
163 327
0 821
1 821
3 821
4 526
283 567
2 1012
2 1012
3 1012
280 562
369 739
0 266
113 227
0 241
317 635
195 391
3 177
203 407
9 435
267 535
263 527
185 371
185 371
119 240
28 57
148 297
130 262
180 361
655 1312
41 84
143 287
254 509
292 585
295 592
405 812
1169 2339
144 290
0 948
1 948
223 448
486 973
179 360
3 389
822 1646
2 2101
4 2101
3 2101
1 2101
437 876
235 472
132 265
388 777
250 502
68 137
104 209
10 144
1 183
1 370
67 135
1 120
5 962
360 721
56 114
1608 3218
11 1747
0 231
3 1110
0 153
0 290
198 397
162 325
159 319
190 382
0 5267
21 5267
19 5267
2 5267
17 5267
20 5267
10 5267
14 5267
14 5267
14 5267
16 5267
11 5267
9 5267
19 5267
1 1034
1 1034
1 2191
1 2191
123 247
123 247
707 1416
513 1027
0 319
0 1042
0 384
0 163
4 127
0 484
1 900
0 544
132 265
183 368
0 930
1 2416
1 2416
4 2416
459 919
203 407
0 382
0 247
4 233
3 1183
3 1183
3 1183
1 1185
3 382
1 340
1 3763
0 3763
88 177
238 477
70 141
120 242
1 295
1 295
197 395
307 615
153 308
2 1695
255 511
0 227
128 257
3 2339
197 395
2 359
380 761
128 257
0 176
167 336
2 195
182 365
119 240
3 230
97 196
168 338
20 1116
20 1116
2 1124
0 300
8 1623
452 906
28 57
93 188
2 1057
0 233
360 721
158 318
367 735
349 699
0 446
0 310
82 165
232 465
564 1130
339 679
195 392
173 348
2 1898
0 1898
3 472
2 950
2 950
2 950
95 191
4 1695
2 324
140 282
430 861
847 1695
179 360
479 960
193 388
850 1701
0 453
0 453
123 247
230 461
147 295
15 1042
274 549
159 319
554 1110
1258 2517
0 866
0 866
70 141
0 387
23 48
0 1791
0 1791
255 511
2 275
142 286
211 423
95 191
13 950
254 509
0 861
4 364
4 364
188 378
6 3651
4 364
4 364
148 298
339 679
326 654
6 177
302 605
195 392
195 392
284 569
0 43
206 414
135 272
163 327
1 2050
2 2050
4 2050
1 617
19 927
4 1268
0 1268
1 1268
706 1413
78 157
158 317
394 790
394 790
405 812
538 1077
291 584
280 562
679 1360
5 1695
202 405
293 587
63 127
1 1592
0 1592
0 1719
2 1719
1 1719
1 548
1 548
97 195
175 352
0 1043
2 2703
1 2703
2 2703
1 2703
582 1165
197 395
9 1323
6 1323
6 1323
25 1323
12 1323
0 118
82 165
331 663
225 451
767 1536
2 1526
1 1526
1 1526
57 116
163 327
293 587
69 139
4 325
643 1288
57 116
119 240
108 217
355 712
692 1386
1169 2339
1 2517
190 381
141 284
91 183
147 295
1258 2517
1169 2339
232 465
2 247
0 2517
0 55
1 281
0 247
679 1360
230 461
1880 3761
294 590
296 594
188 378
769 1539
53 108
2168 4338
775 1552
1 152
322 646
8 306
26 657
26 657
520 1042
210 421
5 1042
110 222
5 1034
1 270
4 1104
242 486
11 502
2 57
407 816
1182 2365
536 1074
0 187
1 2236
1 2236
1 2236
3 2236
202 405
554 1110
248 497
110 222
59 120
1 151
0 1392
0 230
42 86
38 78
1169 2339
4 9
23 1021
158 318
1 308
139 279
3 762
43 88
360 721
2 1027
249 500
44 89
42 86
79 159
0 733
362 725
4 276
2 497
4 1130
0 456
0 654
388 777
1 53
0 340
237 475
70 142
346 694
0 41
0 90
293 588
293 588
11 588
106 214
33 67
4 588
1 327
170 342
293 588
96 193
2 161
44 90
293 588
20 41
7 322
2 718
70 142
283 567
293 588
56 113
0 120
293 588
3 567
13 588
293 588
241 483
293 588
108 218
293 588
140 282
140 282
293 588
108 218
163 327
11 24
3 274
3 274
2 214
1 142
44 90
44 90
1 228
3 567
0 229
283 567
171 343
113 228
3 327
0 43
11 386
33 694
113 228
4 475
3 588
237 475
472 946
11 475
283 567
1 457
7 327
241 483
171 343
57 116
0 475
113 228
170 342
163 327
279 560
114 229
0 99
293 588
21 43
21 43
0 168
11 141
3 483
7 16
293 588
192 386
166 334
293 588
293 588
293 588
293 588
3 90
293 588
1 271
12 588
192 386
33 67
279 560
170 342
226 454
293 588
293 588
105 211
346 694
346 694
8 228
163 327
12 588
375 752
26 53
114 229
293 588
20 41
6 374
166 334
293 588
237 475
54 110
114 229
28 58
293 588
70 142
76 153
6 334
57 116
58 118
293 588
192 386
3 327
70 142
113 228
77 156
3 588
293 588
3 327
171 343
76 153
237 475
9 588
49 99
2 588
293 588
286 574
346 694
4 90
346 694
27 56
279 560
6 342
160 322
10 752
12 588
163 327
2 193
226 454
170 342
33 67
163 327
293 588
5 229
170 342
33 67
1336 2673
3 211
241 483
163 327
7 228
4 33
480 962
3 1539
0 125
0 120
39 80
1 816
0 554
87 176
202 406
32 66
236 473
0 977
0 844
0 290
250 502
43 88
137 275
73 147
4 515
0 1205
0 1403
0 1695
5 605
5 605
6 1347
11 1347
757 1516
0 295
0 473
0 59
14 1021
393 788
113 228
4 1110
2 88
383 768
3 476
168 337
169 340
847 1695
4 127
1 308
0 378
0 241
225 452
1 284
1 1900
0 1900
1 3101
0 3101
2 6
108 218
331 664
0 158
0 423
5 951
14 951
0 623
0 399
22 1577
0 278
106 214
4 2150
0 2150
1 145
0 404
0 1074
6 336
0 362
4 594
0 216
219 439
263 527
12 1386
319 639
380 762
0 625
1 625
0 725
0 395
0 1036
17 1042
196 393
7 1539
183 368
8 1539
58 117
315 632
520 1042
258 518
283 567
2 452
1 1071
173 347
1 303
0 120
134 270
20 2237
45 2237
1 2237
1 2237
21 2237
1 233
775 1552
0 409
0 1230
2 1230
21 853
199 400
0 126
3 446
428 857
0 973
1 274
0 274
1 3390
17 3390
3 3390
0 3390
0 584
444 890
2 626
107 216
0 1346
0 247
143 287
39 79
0 196
95 191
160 7353
4 7353
54 7353
437 7353
70 7353
80 7353
205 7353
37 7353
4 7353
3676 7353
37 7353
183 7353
42 7353
213 7353
15 7353
50 7353
70 141
3 2466
1 2466
1 2466
2 2466
727 1456
1 10604
4 10604
4 10604
70 10604
9 10604
1 10604
1 10604
21 10604
26 10604
26 10604
30 10604
96 10604
6 10604
21 10604
110 10604
12 10604
0 1655
0 1655
0 407
2 1162
3 1162
0 1162
1 1162
4 479
311 623
0 87
3 564
195 391
0 295
0 590
0 508
37 1695
23 47
393 788
7 788
393 788
11 788
393 788
0 788
1 788
393 788
393 788
3 230
2 739
1 436
847 1695
0 247
312 626
283 567
57 115
23 48
0 344
341 684
381 764
2 582
535 1072
0 1862
0 1862
184 369
14 876
1 625
116 233
0 937
0 937
5 937
0 230
2 421
0 272
6 218
405 812
412 826
1 919
2 887
1 1072
1169 2339
4 958
4 958
13 1623
70 141
395 792
6 811
1 2330
1 2330
5 247
486 974
12 120
0 182
0 423
0 1967
0 30
191 384
274 549
576 1153
0 497
93 188
248 498
1 157
1 157
1169 2339
474 950
28 57
0 135
236 473
0 962
223 448
0 163
3 414
2 1161
1 1161
1 1161
0 117
47 96
16 1403
0 1346
1 139
554 1110
236 473
24 318
0 318
2 700
1 162
0 1967
7 1539
4 1539
52 106
1 5662
1 5662
4 5662
1 5662
4 5662
767 1536
767 1536
12 625
11 2565
6 2565
10 2565
6 2565
8 2565
9 2565
873 1747
191 384
91 183
1 1249
1 1249
0 87
7 812
372 746
2 2128
3 2128
0 2128
0 473
33 67
61 124
88 178
0 764
189 379
2 2396
0 2396
1 2396
10 890
21 890
10 890
0 38
0 2407
3 2407
1 2407
6 2407
2 735
1 581
1 581
0 385
0 385
307 615
0 139
320 641
4 448
3 1064
3 1064
3 2225
44 89
2 941
0 89
0 1419
225 452
3 80
276 554
1 89
7 1294
24 1294
190 381
30 1948
2 1948
2 1948
22 1948
2 962
2 448
1 352
68 137
2 594
1 1708
0 1708
143 287
0 25
407 816
4 626
0 90
1169 2339
0 1536
5 233
34 69
0 319
5 796
0 446
5 527
0 142
1 369
2 153
9 590
192 385
206 413
1 446
1 2395
1 2395
201 404
295 592
19 2163
17 2163
17 2163
27 55
22 191
1 2423
1 2423
4 2423
3 344
0 196
0 452
701 1403
1 1205
2 1205
3 1014
0 294
2 448
42 86
0 395
421 844
0 844
151 303
679 1360
1 812
53 107
0 562
239 479
233 467
39 1733
23 1733
12 1733
3 80
369 739
222 446
123 247
0 389
0 733
6 215
4 295
16 431
2 175
64 130
93 187
67 135
4 284
185 371
164 330
2 1724
2 1724
2 1724
274 549
9 919
569 1139
0 896
1 896
218 437
51 103
11 264
130 261
131 264
0 648
788 1577
1 1501
2 1501
0 1501
308 617
11 1618
0 285
251 504
57 115
23 48
0 247
1 737
0 223
0 509
0 311
296 594
238 477
0 345
1 733
7 789
2 789
0 605
873 1747
0 347
1 1511
1 1511
0 362
9 147
153 307
9 139
9 139
0 382
882 1766
393 788
2 788
3 788
4 788
393 788
0 788
1 788
393 788
5 788
2 694
0 694
153 307
86 174
185 371
538 1077
4 537
88 178
0 103
144 290
2 3159
2 3159
2 3159
9 1331
24 50
1 716
1 508
13 1909
24 1909
13 1909
1 1618
3 1618
6 384
191 384
0 102
0 94
0 585
5 474
267 535
0 261
28 295
84 169
0 148
91 183
9 876
1 733
10 1787
15 1787
1 1787
308 617
0 1553
1 1553
251 504
171 343
0 632
0 127
251 504
541 1083
2 65
571 1144
88 178
85 172
119 240
215 431
459 919
248 498
1 1618
737 1475
183 368
3 26
7 1965
6 1965
0 1965
3 1965
0 1965
2 1965
62 125
0 175
27 55
189 379
1 229
0 229
1 230
7 1042
0 344
5 323
372 746
437 876
9 479
202 406
3 504
85 171
287 575
381 764
10 1913
0 1913
528 1057
3 269
1 173
171 344
0 772
0 242
7 1695
847 1695
190 382
8 764
3 175
46 94
1 811
0 394
0 1287
0 176
69 139
0 310
1 360
114 230
1 811
1 381
1 1129
9 1129
1 1129
2 638
11 1071
37 1410
4 1410
4 1410
1 811
0 497
18 37
0 285
152 305
127 256
1 360
116 233
13 623
0 1061
129 260
0 452
281 563
295 592
5 144
163 327
0 617
5 337
4 362
2987 5976
68 5976
32 5976
92 5976
103 5976
1 5976
112 5976
56 5976
1 5976
537 1075
189 379
330 661
1 162
3 2517
215 431
49 100
1 1386
424 850
2 511
202 405
1 1102
1 1102
0 370
97 196
1 361
420 841
348 698
61 124
0 290
9 218
219 439
114 229
0 349
1 89
0 360
166 333
166 333
4 526
60 122
0 412
0 196
7 874
0 247
447 896
1 338
2 338
0 142
65 1779
889 1779
889 1779
889 1779
618 1238
13 876
6 1853
0 1853
0 1853
295 592
281 564
0 173
4 1539
0 158
4 812
5 584
0 328
130 262
2 816
49 99
397 796
201 404
5 146
172 345
5 464
113 228
136 274
459 919
2 502
4 1110
60 122
222 446
258 518
0 141
12 585
280 561
0 2808
1 1357
707 1416
1 204
49 100
281 563
281 564
0 473
554 1110
0 339
163 327
153 308
147 295
1 587
0 777
3 558
74 149
104 209
139 279
480 962
1 3095
3 3095
0 3095
4 1617
0 1617
2 1617
1 1617
158 318
163 327
0 1767
0 1767
3 1767
8 1767
119 240
0 1071
8 522
0 1618
1 465
0 465
1 465
