7 384
10 375
1 392
1 576
0 576
14 776
7 776
22 511
13 2287
13 2287
4 745
4 745
3 914
10 338
3 448
0 691
1 691
0 183
912 914
18 1155
33 1155
577 1155
10 1155
10 1155
6 1370
25 1623
77 7389
21 7389
26 7389
5 7389
1 7389
4 7389
6 7389
27 7389
152 7389
22 7389
190 7389
5 2339
3 615
643 1288
87 176
12 1265
11 1265
10 1265
4 150
1 79
0 1983
1 1983
6 1983
5 1983
2 269
198 397
0 1208
6 1208
5 1208
736 1474
119 240
1 448
1 558
1 1113
0 1113
0 79
14 305
199 400
4 388
5 590
3 1483
3 152
2 152
0 796
767 1536
0 805
1 276
11 328
0 1267
1 1267
8 1267
4 1267
5 1267
7 522
2 198
0 1013
0 1013
75 152
0 1303
1 1008
0 1008
3 327
1 562
5 737
5 737
2 264
3 175
0 44
0 89
19 1913
6 1913
5 1539
972 973
427 855
2 301
227 7645
285 7645
279 7645
12 7645
48 7645
10 7645
159 7645
125 7645
28 7645
53 7645
43 7645
180 7645
130 7645
115 7645
105 7645
267 7645
75 7645
73 7645
32 7645
174 7645
820 9306
6 9306
162 9306
8 9306
3 9306
265 9306
223 9306
4 9306
2 9306
429 9306
244 9306
0 9306
74 9306
252 9306
43 9306
44 9306
13 9306
10 9306
6 3760
121 3760
4 3760
3 3760
20 3760
7 3760
26 3760
8 3760
16 689
4 295
12 1454
0 1454
2 1454
15 1454
3 626
0 203
0 405
8 794
3 794
2 844
328 657
9 1110
74 150
1 1071
0 812
0 812
0 422
5 896
6 395
2 2339
0 135
4 324
0 721
39 79
101 204
3 811
1 368
0 380
0 380
1 384
8 152
48 98
8 68
2 446
0 777
0 777
1 884
13 884
3 1514
437 876
173 348
0 169
2 663
1 663
15 303
11 240
438 441
6 1474
0 733
3 1077
1 404
0 973
1 138
16 1618
0 567
13 876
1 176
0 2150
37 2150
13 876
3 311
3 1597
0 1597
0 1597
10 1597
11 618
0 98
5 184
4 776
2 776
496 497
4 57
5 392
0 670
2 670
13 392
1 511
5 247
0 876
1 344
15 965
769 1539
2 509
4 215
12 176
4 215
4 215
23 1386
141 283
763 764
4 465
0 792
41 10782
15 10782
55 10782
8 10782
2 10782
32 10782
52 10782
27 10782
37 10782
28 10782
20 10782
224 10782
38 10782
6 10782
4 10782
5 10782
24 10782
9 10782
26 10782
30 10782
21 10782
76 10782
31 10782
3 10782
20 10782
18 10782
1 224
18 767
10 144
269 540
3 2510
1 2510
134 269
5 269
1 1269
0 1269
3 919
0 782
1 448
1 931
0 931
1 247
3 89
2 2038
0 2038
1 2038
2 446
21 737
4 1898
11 1898
25 584
24 1360
0 2257
3 2257
33 1695
16 2339
535 1072
1 746
4 746
1 2150
24 2150
5 3410
1 3410
17 3410
4 746
2 2150
28 2150
16 764
4 746
0 456
9 590
15 2449
15 2449
95 191
3 777
2 266
16 1027
6 976
19 976
8 3000
14 3000
16 3000
112 3000
22 3000
7 3000
4 202
1 456
7 777
13 381
147 295
3 186
220 441
1 94
33 68
4 287
5 240
70 142
12 240
2 655
5 1197
6 2831
5 2831
4 2831
2 2831
0 1331
7 4210
5 4210
64 4210
0 4210
3 4210
12 4210
56 4210
38 4210
8 4210
2 4210
106 4210
4 20
3 209
1 677
0 677
0 1547
1 1547
0 888
8 888
171 344
0 413
2 1012
2 1012
3 1012
11 269
12 467
7 504
554 1110
1 585
1 2128
5 2128
2 2128
7 960
12 1483
42 1536
19 1536
554 1110
4 1069
3 1069
0 1069
10 1014
405 811
10 1110
1 423
0 93
91 183
1 384
1 724
1 2375
2 2375
6 2375
8 178
393 788
2 788
5 788
3 788
393 788
0 788
1 788
393 788
4 788
0 203
112 226
6 4949
12 4949
3 4949
31 4949
46 4949
26 4949
43 4949
1 120
39 2150
2 2150
12 2150
4 653
27 689
12 2955
2 2955
8 2955
4 2955
14 2955
0 2955
5 2955
6 1695
5 439
4 439
9 225
3 2163
2 2163
155 13875
5 13875
7 13875
9 13875
0 13875
12 13875
1 13875
4 13875
144 13875
2 13875
6937 13875
139 13875
37 13875
31 13875
36 2339
3 222
0 150
1 1164
5 1164
7 1164
0 2347
3 2347
2 2347
4 2347
4 633
0 384
13 3126
6 3126
5 3126
7 3126
0 3126
11 3126
10 3126
2 1078
0 1078
3 1078
2 267
0 1926
262 526
22 812
16 858
4 5657
5 5657
12 5657
3 5657
0 5657
1 5657
33 5657
202 5657
8 1042
8 423
6 218
85 172
12 1307
133 1021
1 384
18 400
10 240
5 247
1 176
1 247
6 124
6 618
3 247
0 1708
2 1708
0 1708
2 1708
5 762
1 762
1 152
185 371
2 264
12 442
19 442
0 389
64 5642
1 5642
20 5642
173 5642
47 5642
55 5642
53 5642
2 416
111 223
2 86
21 543
13 1403
12 1403
11 679
1 2517
0 87
344 689
7 336
2 89
3 153
701 1403
21 1963
8 1963
2 2002
7 2002
30 2002
13 147
9 147
81 163
131 264
2 1539
131 264
14 590
0 181
120 241
1 465
53 764
381 764
19 764
7 295
12 1652
8 1652
5 1967
2 86
0 1110
2 1183
1 1183
0 1183
0 876
0 389
1 1124
0 1124
11 1014
0 961
2 961
5 961
0 526
0 359
18 1130
2 257
9 1386
10 842
520 1042
0 257
17 2403
50 2403
17 2403
1 106
10 375
3 617
31 270
269 270
11 340
2 327
0 380
2 518
0 587
1 587
0 384
0 424
262 264
1 699
3 1317
0 1317
1 1317
6 120
7 594
0 538
0 603
63 1130
2 344
119 240
1 1241
4 122
12 855
0 1898
2 1898
0 1898
2 1898
2 384
8 17
456 914
0 777
81 163
4 4713
0 4713
27 4713
2356 4713
15 4713
2 4713
0 44
0 2150
3 2150
1 2150
4 2150
200 402
132 266
3 781
4 781
2 781
0 781
331 664
16 689
6 874
2 796
15 796
62 1464
29 1464
37 1464
9 548
7 382
19 233
2 663
128 257
252 506
6 1012
3 257
1 626
2 371
390 782
3 3816
8 3816
10 3816
6 3816
0 3816
20 3816
1 3816
10 340
5 1347
0 1347
1 149
10 554
4 364
4 364
147 295
217 435
694 695
3 1247
0 1247
6 423
17 914
0 265
0 631
7 631
4 186
18 518
85 171
255 511
33 431
4 2308
0 2308
10 2303
4 2303
2 145
1 145
3 145
9 467
258 518
4 405
9 318
7 423
161 324
10 389
1 8726
11 8726
37 8726
8 8726
89 8726
71 8726
284 8726
39 8726
30 8726
3 8726
0 8726
12 8726
5 8726
421 422
107 108
0 456
1 1036
0 1036
13 391
0 344
15 679
1 154
198 397
4 3066
3 3066
37 3066
1 1214
1 1214
13 1595
35 1595
381 764
0 457
0 368
0 376
3 209
104 209
2 1191
1 1191
0 592
188 378
70 141
1 389
0 446
131 264
7 526
5 1110
6366 12734
21 12734
0 12734
205 12734
22 12734
50 12734
6366 12734
15 12734
12 12734
222 12734
39 12734
39 12734
81 12734
51 12734
27 12734
314 12734
140 12734
120 12734
4 203
0 89
3 653
11 295
0 841
0 441
191 384
0 876
33 1264
631 1264
631 1264
0 404
0 1483
0 1110
7 590
3 590
5 264
0 107
14 1386
1 148
44 89
10 842
230 461
0 669
3 669
8 737
18 699
6 423
4 737
0 107
0 107
73 148
0 473
19 2629
39 2629
4 2629
5 2629
3 384
1 1589
2 1589
0 1589
3 113
0 2696
3 2696
6 2696
1 774
31 664
493 987
2 987
4 987
3 4344
22 4344
2 4344
20 4344
0 4344
1 4344
17 4344
3 222
312 626
14 1376
2 1376
14 1376
2 1376
0 558
3 680
5 680
5 234
4 177
5 177
16 384
19 441
20 441
4 376
0 1511
5 1511
7 522
4 522
0 169
10 737
32 664
11 479
13 2238
2 2238
10 2238
3 2238
28 1074
11 737
1 762
1258 2517
393 788
24 2300
36 2300
380 762
5 618
0 183
30 270
11 558
1 252
34 295
19 1913
24 1913
23 656
1 656
8 656
12 240
0 423
381 764
15 373
0 446
2 357
6 423
0 632
4 590
9 562
227 456
0 9
293 587
3 562
5 1014
10 774
0 404
4 567
1 1407
3 594
1 690
0 690
11 250
63 127
147 295
5 2725
3 2725
6 2725
0 2725
4 2725
2 442
0 442
1 518
1 508
1 269
2 269
0 38
2 6094
3 6094
1 6094
0 6094
4 6094
684 1370
11 2737
11 2737
704 1409
262 526
232 465
4 339
4 960
2 960
8 382
4 295
0 404
0 431
1 1536
3 615
0 844
1 308
4 504
4 560
0 730
1 730
1 764
0 1701
11 240
141 283
5 596
6 392
5 2339
1 2339
0 303
0 461
18 563
6 438
1 122
1 980
0 980
422 845
2 665
5 378
1 352
5 889
4 889
2 189
0 431
1 751
1 526
0 1955
8 1955
9 1955
5 1955
8 1955
0 1955
10 9453
36 9453
14 9453
1 9453
3 9453
47 9453
4 9453
7 9453
6 9453
11 9453
26 9453
13 9453
12 9453
18 9453
5 9453
1 3604
7 3604
8 3604
1801 3604
6 3604
7 2982
8 2982
5 2982
2 2982
0 2982
3 1152
249 499
1 181
0 181
124 249
3 613
12 395
6 575
1 122
3 1114
3 1114
141 283
141 283
0 241
4 55
327 655
1 1887
2 1887
0 1887
87 7512
12 7512
2 7512
116 7512
30 7512
0 7512
10 7512
367 7512
283 7512
312 7512
119 7512
11 7512
16 7512
267 7512
3755 7512
163 328
1 623
1 106
3 82
0 305
14 196
75 151
9 439
1 328
1015 2031
4 4370
9 4370
7 4370
2 4370
0 4370
8 4370
6 4370
1 4370
3 340
0 360
0 269
0 413
11 887
0 187
4 187
2 534
3 1539
20 726
128 257
15 202
1 764
1 764
0 473
2 729
1 729
3 729
6 174
296 593
1 326
4 282
29 59
22 2849
32 2849
20 2849
14 2849
4 225
2 435
217 435
0 522
8 146
19 479
199 399
0 587
6 562
393 788
2 788
393 788
393 788
393 788
0 788
0 788
393 788
393 788
25 473
13 473
2 1528
0 1528
1903 1904
1902 1904
0 733
109 219
64 2417
31 2417
296 594
14 594
296 594
1 620
1 620
0 476
3 476
0 405
5 1695
1 91
45 91
1 1223
0 1223
3 1223
14 479
2 328
0 1879
0 1879
56 4834
45 4834
5 4834
0 4834
42 4834
42 4834
2 145
738 739
8 336
6 361
88 177
412 413
379 759
190 191
190 191
7 240
2 233
2 177
0 176
5 318
1 807
0 807
0 761
1 446
1 931
0 931
0 1074
1 812
143 287
10 764
6 1043
0 857
1 922
1 558
7 558
5 279
86 173
64 130
3 617
3 617
5 1707
1 1707
20 4275
35 4275
1 4275
31 4275
28 4275
1 1149
0 1149
4 1149
4 2971
0 2971
5 336
10 318
2 1026
1 92
0 92
0 311
0 161
773 774
8 127
3 379
399 400
213 428
190 381
4 562
0 497
196 393
0 279
12 323
2 395
4 223
0 362
11 509
0 2434
5 716
386 388
18 233
0 484
3 484
4 484
10 1075
15 1075
31 1075
537 1075
6 118
0 114
421 844
421 844
152 306
0 1742
3 1742
1 1742
5 441
6 655
4 764
508 509
1868 3737
1 3737
2 3737
0 3737
9 562
1090 2181
2 338
3 40
189 379
2 405
1 474
0 98
3 1143
183 368
11 699
0 343
10 126
1 1644
5 1644
0 767
0 767
383 767
9 20
154 310
1 354
1 61
2 297
363 727
9 395
808 1618
2 233
190 381
6 473
14 217
151 152
383 768
0 171
0 567
0 301
0 461
393 788
3 788
393 788
393 788
393 788
0 788
0 788
393 788
393 788
1 405
652 653
4 139
0 324
9 973
13 1386
4 633
21 664
27 1618
197 395
0 295
9 344
229 230
1109 2219
0 385
9 527
6 1926
45 1926
3 548
0 919
10 699
235 472
6 327
0 821
1 821
2 821
3 526
4 567
3 1012
4 1012
1 1012
11 562
369 739
1 266
113 227
0 241
317 635
2 391
3 177
1 407
6 435
267 535
5 527
185 371
185 371
119 240
0 57
148 297
3 262
0 361
23 1312
2 84
14 287
4 509
11 585
11 592
405 812
1169 2339
144 290
0 948
1 948
0 448
24 973
4 360
6 389
6 1646
2 2101
0 2101
4 2101
3 2101
2 876
235 472
2 265
7 777
250 502
1 137
104 209
10 144
1 183
0 370
67 135
1 120
5 962
34 721
1 114
2 3218
1 1747
0 231
3 1110
0 153
0 290
3 397
162 325
159 319
8 382
15 5267
11 5267
8 5267
12 5267
33 5267
9 5267
32 5267
39 5267
5 5267
6 5267
7 5267
3 5267
20 5267
29 5267
2 1034
0 1034
1 2191
0 2191
7 247
5 247
12 1416
82 1027
1 319
0 1042
0 384
0 163
0 127
0 484
1 900
0 544
13 265
5 368
0 930
1 2416
1 2416
4 2416
9 919
406 407
0 382
0 247
0 233
6 1183
3 1183
0 1183
1 1185
0 382
0 340
0 3763
1 3763
88 177
238 477
70 141
21 242
0 295
1 295
10 395
307 615
1 308
1 1695
6 511
0 227
1 257
4 2339
12 395
2 359
0 761
128 257
0 176
3 336
2 195
364 365
13 240
3 230
1 196
168 338
8 1116
1 1116
2 1124
0 300
1 1623
452 906
28 57
2 188
5 1057
0 233
360 721
6 318
0 735
16 699
1 446
0 310
0 165
232 465
3 1130
339 679
1 392
173 348
3 1898
1 1898
6 472
2 950
2 950
2 950
0 191
4 1695
0 324
1 282
1 861
33 1695
179 360
479 960
193 388
2 1701
2 453
1 453
6 247
2 461
26 295
12 1042
274 549
159 319
3 1110
14 2517
1 866
0 866
2 141
0 387
3 48
0 1791
2 1791
7 511
4 275
142 286
0 423
1 191
18 950
254 509
0 861
3 364
4 364
8 378
0 3651
0 364
5 364
0 298
339 679
19 654
6 177
6 605
4 392
3 392
6 569
0 43
206 414
3 272
6 327
0 2050
1 2050
2 2050
0 617
9 927
3 1268
0 1268
1 1268
28 1413
78 157
158 317
394 790
394 790
4 812
28 1077
6 584
280 562
19 1360
2 1695
202 405
293 587
4 127
2 1592
0 1592
0 1719
1 1719
2 1719
1 548
2 548
97 195
1 352
0 1043
2 2703
1 2703
2 2703
1 2703
582 1165
197 395
0 1323
2 1323
1 1323
5 1323
3 1323
0 118
3 165
2 663
6 451
24 1536
2 1526
1 1526
1 1526
0 116
8 327
1 587
3 139
3 325
1287 1288
1 116
7 240
0 217
355 712
15 1386
16 2339
0 2517
3 381
17 284
91 183
1 295
3 2517
1169 2339
5 465
0 247
0 2517
0 55
0 281
0 247
25 1360
2 461
3751 3761
9 590
2 594
377 378
769 1539
9 108
2168 4338
775 1552
1 152
4 646
3 306
22 657
656 657
14 1042
210 421
4 1042
4 222
13 1034
0 270
4 1104
1 486
11 502
2 57
18 816
1 2365
536 1074
0 187
9 2236
3 2236
1 2236
0 2236
202 405
1 1110
9 497
110 222
0 120
0 151
0 1392
0 230
42 86
4 78
1169 2339
0 9
3 1021
0 318
1 308
5 279
2 762
3 88
4 721
1 1027
16 500
2 89
2 86
158 159
1 733
9 725
1 276
2 497
4 1130
0 456
0 654
11 777
1 53
0 340
237 475
3 142
6 694
0 41
0 90
293 588
10 588
3 588
1 214
2 67
3 588
1 327
2 342
3 588
96 193
2 161
44 90
293 588
6 41
1 322
3 718
2 142
11 567
587 588
1 113
0 120
4 588
4 567
26 588
293 588
12 483
293 588
108 218
293 588
11 282
9 282
293 588
108 218
5 327
0 24
0 274
2 274
2 214
1 142
7 90
44 90
1 228
6 567
0 229
31 567
4 343
2 228
1 327
0 43
3 386
6 694
10 228
1 475
3 588
27 475
20 946
0 475
0 567
1 457
6 327
2 483
2 343
4 116
0 475
113 228
0 342
163 327
279 560
6 229
0 99
6 588
7 43
21 43
0 168
7 141
0 483
0 16
4 588
1 386
0 334
3 588
4 588
293 588
3 588
0 90
17 588
0 271
4 588
8 386
3 67
279 560
170 342
7 454
7 588
12 588
5 211
32 694
30 694
5 228
9 327
8 588
13 752
3 53
114 229
27 588
7 41
0 374
5 334
16 588
32 475
5 110
0 229
1 58
7 588
2 142
7 153
4 334
4 116
58 118
7 588
26 386
3 327
2 142
16 228
77 156
3 588
6 588
1 327
171 343
9 153
25 475
1 588
2 99
0 588
6 588
286 574
1 694
1 90
25 694
0 56
22 560
12 342
0 322
0 752
3 588
22 327
2 193
226 454
0 342
2 67
0 327
11 588
0 229
0 342
3 67
1336 2673
1 211
11 483
15 327
0 228
4 33
19 962
1 1539
0 125
0 120
39 80
0 816
0 554
4 176
3 406
0 66
1 473
0 977
0 844
1 290
10 502
43 88
3 275
73 147
4 515
0 1205
0 1403
0 1695
3 605
6 605
3 1347
4 1347
757 1516
0 295
0 473
0 59
7 1021
17 788
113 228
0 1110
0 88
0 768
1 476
8 337
1 340
38 1695
4 127
1 308
0 378
0 241
225 452
0 284
2 1900
0 1900
1 3101
0 3101
0 6
7 218
24 664
0 158
0 423
6 951
8 951
0 623
0 399
2 1577
0 278
5 214
3 2150
0 2150
0 145
0 404
0 1074
1 336
0 362
4 594
0 216
9 439
263 527
13 1386
2 639
14 762
0 625
1 625
0 725
0 395
0 1036
7 1042
1 393
10 1539
1 368
1 1539
58 117
315 632
44 1042
1 518
2 567
1 452
1 1071
0 347
1 303
0 120
29 270
17 2237
31 2237
1 2237
7 2237
20 2237
0 233
775 1552
0 409
0 1230
2 1230
26 853
1 400
0 126
0 446
428 857
0 973
1 274
0 274
1 3390
18 3390
3 3390
0 3390
0 584
12 890
2 626
107 216
0 1346
0 247
143 287
39 79
0 196
95 191
155 7353
11 7353
74 7353
448 7353
13 7353
52 7353
223 7353
10 7353
14 7353
3676 7353
6 7353
195 7353
18 7353
228 7353
23 7353
44 7353
4 141
3 2466
1 2466
1 2466
2 2466
16 1456
1 10604
4 10604
4 10604
70 10604
9 10604
1 10604
1 10604
21 10604
26 10604
26 10604
30 10604
96 10604
6 10604
21 10604
110 10604
12 10604
13 1655
14 1655
0 407
2 1162
6 1162
0 1162
1 1162
4 479
311 623
0 87
2 564
195 391
0 295
0 590
0 508
48 1695
1 47
393 788
9 788
17 788
15 788
393 788
0 788
1 788
8 788
393 788
5 230
1 739
3 436
37 1695
0 247
312 626
17 567
57 115
23 48
0 344
3 684
38 764
1 582
4 1072
2 1862
0 1862
7 369
13 876
1 625
1 233
0 937
0 937
5 937
0 230
2 421
1 272
4 218
2 812
825 826
0 919
1 887
1 1072
29 2339
4 958
2 958
12 1623
70 141
9 792
6 811
2 2330
1 2330
5 247
973 974
9 120
0 182
1 423
0 1967
0 30
4 384
0 549
576 1153
0 497
3 188
2 498
1 157
3 157
18 2339
9 950
3 57
0 135
4 473
0 962
1 448
0 163
3 414
4 1161
1 1161
2 1161
0 117
0 96
0 1403
0 1346
1 139
9 1110
3 473
29 318
0 318
1 700
0 162
2 1967
6 1539
4 1539
52 106
0 5662
2 5662
4 5662
2 5662
1 5662
25 1536
26 1536
10 625
11 2565
6 2565
10 2565
6 2565
8 2565
9 2565
873 1747
21 384
91 183
1 1249
5 1249
0 87
5 812
372 746
0 2128
1 2128
4 2128
0 473
0 67
5 124
88 178
0 764
1 379
1 2396
0 2396
2 2396
11 890
1 890
2 890
0 38
2 2407
3 2407
0 2407
8 2407
1 735
0 581
1 581
2 385
2 385
14 615
0 139
7 641
1 448
3 1064
3 1064
4 2225
3 89
0 941
0 89
0 1419
225 452
0 80
276 554
1 89
1 1294
23 1294
4 381
18 1948
9 1948
1 1948
25 1948
1 962
7 448
1 352
68 137
0 594
1 1708
0 1708
143 287
0 25
0 816
1 626
0 90
14 2339
0 1536
0 233
34 69
0 319
1 796
0 446
0 527
1 142
1 369
1 153
3 590
1 385
206 413
1 446
1 2395
1 2395
3 404
295 592
19 2163
4 2163
15 2163
27 55
22 191
0 2423
2 2423
3 2423
1 344
0 196
0 452
701 1403
1 1205
2 1205
2 1014
0 294
0 448
42 86
0 395
15 844
0 844
4 303
27 1360
0 812
53 107
0 562
1 479
233 467
41 1733
29 1733
11 1733
4 80
6 739
0 446
123 247
0 389
0 733
0 215
4 295
2 431
0 175
129 130
93 187
1 135
1 284
2 371
8 330
2 1724
0 1724
1 1724
1 549
5 919
569 1139
0 896
1 896
0 437
0 103
9 264
4 261
0 264
0 648
12 1577
0 1501
3 1501
2 1501
308 617
11 1618
0 285
503 504
57 115
1 48
0 247
1 737
0 223
0 509
0 311
296 594
238 477
0 345
1 733
5 789
0 789
0 605
3 1747
0 347
1 1511
1 1511
0 362
13 147
0 307
9 139
9 139
0 382
50 1766
8 788
2 788
5 788
4 788
9 788
0 788
1 788
9 788
3 788
2 694
0 694
4 307
1 174
14 371
538 1077
1 537
5 178
0 103
2 290
4 3159
5 3159
3 3159
4 1331
24 50
1 716
1 508
13 1909
24 1909
13 1909
1 1618
4 1618
0 384
3 384
0 102
0 94
0 585
5 474
267 535
0 261
294 295
84 169
0 148
4 183
8 876
1 733
13 1787
12 1787
3 1787
4 617
0 1553
2 1553
7 504
1 343
1 632
0 127
9 504
12 1083
2 65
571 1144
3 178
5 172
119 240
430 431
22 919
0 498
2 1618
10 1475
10 368
3 26
1 1965
0 1965
4 1965
5 1965
2 1965
7 1965
12 125
0 175
2 55
3 379
0 229
0 229
1 230
1 1042
0 344
5 323
4 746
13 876
8 479
202 406
2 504
85 171
6 575
15 764
16 1913
0 1913
0 1057
1 269
0 173
171 344
0 772
0 242
0 1695
15 1695
1 382
7 764
0 175
0 94
1 811
0 394
0 1287
0 176
9 139
0 310
1 360
114 230
1 811
1 381
0 1129
3 1129
1 1129
0 638
8 1071
34 1410
18 1410
13 1410
1 811
0 497
18 37
0 285
5 305
1 256
0 360
116 233
13 623
1 1061
5 260
0 452
3 563
295 592
3 144
163 327
0 617
4 337
1 362
2987 5976
68 5976
32 5976
92 5976
103 5976
1 5976
112 5976
56 5976
1 5976
537 1075
189 379
660 661
1 162
3 2517
4 431
0 100
1 1386
424 850
1 511
4 405
0 1102
1 1102
0 370
7 196
1 361
32 841
697 698
0 124
0 290
6 218
1 439
11 229
0 349
1 89
0 360
166 333
166 333
0 526
60 122
0 412
0 196
6 874
0 247
5 896
1 338
2 338
0 142
66 1779
889 1779
54 1779
889 1779
7 1238
14 876
0 1853
2 1853
2 1853
3 592
281 564
0 173
5 1539
0 158
1 812
4 584
0 328
4 262
0 816
0 99
397 796
201 404
5 146
172 345
5 464
113 228
136 274
459 919
0 502
0 1110
60 122
3 446
10 518
0 141
8 585
7 561
0 2808
1 1357
707 1416
1 204
0 100
281 563
5 564
0 473
554 1110
0 339
163 327
2 308
147 295
1 587
0 777
2 558
74 149
104 209
2 279
1 962
1 3095
3 3095
2 3095
5 1617
0 1617
2 1617
1 1617
2 318
7 327
0 1767
4 1767
2 1767
1 1767
119 240
0 1071
0 522
0 1618
1 465
0 465
1 465
