191 384
187 375
195 392
1 576
1 576
387 776
387 776
255 511
13 2287
13 2287
4 745
4 745
456 914
168 338
223 448
1 691
1 691
0 183
456 914
18 1155
33 1155
577 1155
10 1155
10 1155
684 1370
811 1623
0 7389
13 7389
76 7389
0 7389
11 7389
2 7389
13 7389
73 7389
186 7389
71 7389
171 7389
1169 2339
3 615
643 1288
87 176
10 1265
10 1265
16 1265
74 150
39 79
6 1983
6 1983
4 1983
4 1983
134 269
198 397
1 1208
4 1208
1 1208
736 1474
119 240
2 448
15 558
1 1113
1 1113
39 79
152 305
199 400
193 388
294 590
741 1483
75 152
75 152
0 796
767 1536
0 805
137 276
163 328
5 1267
7 1267
3 1267
11 1267
3 1267
260 522
98 198
0 1013
0 1013
75 152
6 1303
0 1008
0 1008
163 327
280 562
9 737
368 737
131 264
87 175
21 44
0 89
9 1913
9 1913
769 1539
486 973
427 855
150 301
37 7645
293 7645
13 7645
50 7645
28 7645
75 7645
20 7645
20 7645
20 7645
128 7645
162 7645
13 7645
39 7645
13 7645
28 7645
13 7645
129 7645
28 7645
54 7645
13 7645
738 9306
26 9306
35 9306
8 9306
17 9306
318 9306
8 9306
12 9306
26 9306
4652 9306
463 9306
12 9306
12 9306
388 9306
30 9306
228 9306
165 9306
182 9306
6 3760
121 3760
6 3760
16 3760
11 3760
6 3760
19 3760
16 3760
344 689
147 295
1 1454
2 1454
3 1454
1 1454
312 626
0 203
202 405
9 794
9 794
421 844
328 657
554 1110
74 150
1 1071
0 812
0 812
0 422
447 896
197 395
1169 2339
1 135
161 324
360 721
39 79
101 204
405 811
1 368
189 380
189 380
191 384
75 152
48 98
33 68
222 446
5 777
388 777
6 884
441 884
756 1514
437 876
173 348
84 169
1 663
1 663
151 303
119 240
220 441
736 1474
0 733
538 1077
2 404
0 973
68 138
808 1618
283 567
437 876
87 176
21 2150
21 2150
437 876
155 311
3 1597
0 1597
0 1597
10 1597
308 618
48 98
91 184
17 776
4 776
248 497
28 57
195 392
1 670
1 670
195 392
255 511
123 247
437 876
171 344
482 965
769 1539
254 509
107 215
87 176
107 215
107 215
692 1386
141 283
381 764
1 465
395 792
4 10782
20 10782
38 10782
61 10782
9 10782
204 10782
9 10782
120 10782
109 10782
109 10782
35 10782
194 10782
9 10782
14 10782
41 10782
115 10782
171 10782
17 10782
9 10782
4 10782
51 10782
17 10782
173 10782
29 10782
35 10782
14 10782
4 224
9 767
71 144
269 540
1 2510
1 2510
134 269
134 269
1 1269
0 1269
459 919
390 782
2 448
0 931
0 931
123 247
44 89
23 2038
0 2038
0 2038
222 446
368 737
0 1898
0 1898
291 584
679 1360
7 2257
7 2257
847 1695
1169 2339
535 1072
372 746
372 746
1 2150
1 2150
38 3410
0 3410
0 3410
372 746
1 2150
1 2150
381 764
372 746
0 456
294 590
15 2449
15 2449
95 191
388 777
132 266
513 1027
487 976
487 976
24 3000
51 3000
24 3000
1499 3000
29 3000
42 3000
100 202
227 456
388 777
190 381
147 295
92 186
220 441
46 94
33 68
143 287
119 240
70 142
119 240
327 655
598 1197
4 2831
4 2831
6 2831
1 2831
665 1331
3 4210
15 4210
90 4210
5 4210
26 4210
55 4210
150 4210
60 4210
3 4210
25 4210
98 4210
9 20
104 209
1 677
1 677
0 1547
0 1547
6 888
6 888
171 344
206 413
2 1012
2 1012
3 1012
134 269
233 467
251 504
554 1110
2 585
1 2128
1 2128
1 2128
11 960
741 1483
767 1536
20 1536
554 1110
1 1069
4 1069
1 1069
506 1014
405 811
554 1110
211 423
1 93
91 183
191 384
361 724
8 2375
1 2375
1 2375
88 178
393 788
2 788
393 788
393 788
393 788
0 788
0 788
393 788
393 788
101 203
112 226
5 4949
12 4949
5 4949
32 4949
54 4949
32 4949
41 4949
59 120
58 2150
7 2150
7 2150
4 653
344 689
13 2955
4 2955
10 2955
1 2955
25 2955
1 2955
10 2955
847 1695
219 439
219 439
112 225
7 2163
7 2163
185 13875
2 13875
83 13875
22 13875
22 13875
55 13875
51 13875
2 13875
165 13875
51 13875
6937 13875
162 13875
20 13875
14 13875
1169 2339
110 222
74 150
8 1164
8 1164
11 1164
0 2347
1 2347
2 2347
3 2347
316 633
191 384
3 3126
15 3126
11 3126
3 3126
11 3126
2 3126
2 3126
1 1078
1 1078
4 1078
133 267
962 1926
262 526
405 812
428 858
16 5657
16 5657
40 5657
19 5657
12 5657
12 5657
37 5657
2828 5657
11 1042
211 423
108 218
85 172
653 1307
510 1021
191 384
199 400
119 240
123 247
87 176
123 247
61 124
308 618
123 247
0 1708
2 1708
0 1708
2 1708
1 762
1 762
75 152
185 371
131 264
0 442
0 442
1 389
76 5642
12 5642
12 5642
140 5642
56 5642
67 5642
41 5642
207 416
111 223
42 86
271 543
701 1403
701 1403
339 679
1258 2517
43 87
344 689
167 336
44 89
76 153
701 1403
19 1963
19 1963
0 2002
0 2002
1000 2002
73 147
73 147
81 163
131 264
769 1539
131 264
294 590
0 181
120 241
232 465
381 764
381 764
381 764
147 295
0 1652
0 1652
983 1967
42 86
554 1110
1 1183
1 1183
1 1183
437 876
194 389
3 1124
3 1124
506 1014
0 961
9 961
0 961
1 526
1 359
564 1130
128 257
692 1386
420 842
520 1042
128 257
17 2403
50 2403
17 2403
52 106
187 375
308 617
134 270
134 270
169 340
163 327
189 380
258 518
1 587
1 587
191 384
211 424
131 264
349 699
3 1317
1 1317
1 1317
59 120
296 594
0 538
0 603
564 1130
171 344
119 240
620 1241
60 122
427 855
0 1898
0 1898
1 1898
0 1898
191 384
8 17
456 914
388 777
81 163
26 4713
32 4713
1 4713
2356 4713
1 4713
34 4713
21 44
2 2150
1 2150
4 2150
3 2150
200 402
132 266
0 781
0 781
2 781
5 781
331 664
344 689
8 874
397 796
397 796
731 1464
49 1464
49 1464
273 548
190 382
116 233
331 663
128 257
252 506
505 1012
128 257
312 626
185 371
390 782
45 3816
2 3816
2 3816
2 3816
8 3816
2 3816
10 3816
169 340
1 1347
1 1347
74 149
276 554
4 364
4 364
147 295
217 435
347 695
1 1247
1 1247
211 423
456 914
132 265
3 631
3 631
92 186
258 518
85 171
255 511
215 431
1 2308
1 2308
8 2303
8 2303
3 145
3 145
7 145
233 467
258 518
202 405
158 318
211 423
161 324
194 389
39 8726
11 8726
67 8726
109 8726
149 8726
11 8726
305 8726
64 8726
43 8726
43 8726
39 8726
82 8726
69 8726
210 422
53 108
227 456
1 1036
1 1036
195 391
171 344
339 679
1 154
198 397
13 3066
13 3066
32 3066
1 1214
1 1214
797 1595
797 1595
381 764
228 457
0 368
0 376
104 209
104 209
1 1191
0 1191
295 592
188 378
70 141
194 389
222 446
131 264
262 526
554 1110
6366 12734
35 12734
35 12734
246 12734
23 12734
96 12734
6366 12734
83 12734
23 12734
237 12734
76 12734
76 12734
26 12734
26 12734
85 12734
314 12734
153 12734
74 12734
5 203
44 89
326 653
147 295
420 841
220 441
191 384
2 876
631 1264
631 1264
631 1264
201 404
5 1483
0 1110
294 590
294 590
131 264
53 107
692 1386
73 148
44 89
420 842
230 461
0 669
3 669
368 737
349 699
7 423
6 737
53 107
0 107
73 148
236 473
32 2629
42 2629
9 2629
9 2629
191 384
2 1589
0 1589
0 1589
56 113
1 2696
1 2696
8 2696
1 774
331 664
493 987
6 987
6 987
12 4344
1 4344
6 4344
44 4344
8 4344
5 4344
1 4344
110 222
312 626
14 1376
2 1376
14 1376
2 1376
278 558
4 680
4 680
116 234
88 177
88 177
191 384
220 441
220 441
187 376
1 1511
1 1511
7 522
7 522
84 169
368 737
331 664
239 479
20 2238
31 2238
29 2238
20 2238
536 1074
368 737
2 762
1258 2517
393 788
29 2300
29 2300
380 762
10 618
0 183
134 270
278 558
125 252
147 295
22 1913
22 1913
29 656
6 656
6 656
119 240
211 423
381 764
186 373
222 446
178 357
211 423
315 632
294 590
280 562
227 456
4 9
293 587
280 562
506 1014
386 774
0 404
283 567
703 1407
296 594
1 690
1 690
124 250
63 127
147 295
2 2725
4 2725
1 2725
2 2725
1 2725
2 442
2 442
258 518
253 508
3 269
3 269
0 38
1 6094
3 6094
1 6094
4 6094
5 6094
684 1370
11 2737
11 2737
704 1409
262 526
232 465
169 339
5 960
2 960
190 382
147 295
201 404
0 431
767 1536
6 615
0 844
153 308
251 504
279 560
1 730
1 730
381 764
850 1701
119 240
141 283
4 596
195 392
5 2339
5 2339
151 303
1 461
281 563
218 438
60 122
0 980
0 980
422 845
332 665
188 378
175 352
8 889
8 889
94 189
215 431
375 751
262 526
0 1955
8 1955
9 1955
5 1955
8 1955
0 1955
12 9453
26 9453
12 9453
8 9453
9 9453
37 9453
1 9453
15 9453
1 9453
3 9453
12 9453
3 9453
5 9453
4 9453
8 9453
2 3604
2 3604
2 3604
1801 3604
2 3604
4 2982
4 2982
4 2982
4 2982
12 2982
575 1152
249 499
1 181
1 181
124 249
306 613
197 395
2 575
60 122
3 1114
3 1114
141 283
141 283
120 241
27 55
327 655
0 1887
0 1887
2 1887
6 7512
13 7512
6 7512
112 7512
130 7512
16 7512
9 7512
362 7512
277 7512
305 7512
93 7512
9 7512
82 7512
310 7512
3755 7512
163 328
311 623
52 106
40 82
10 305
97 196
75 151
219 439
163 328
1015 2031
6 4370
5 4370
3 4370
7 4370
3 4370
3 4370
3 4370
7 4370
169 340
0 360
134 269
206 413
443 887
1 187
1 187
266 534
769 1539
362 726
128 257
100 202
1 764
1 764
4 473
2 729
1 729
1 729
86 174
296 593
162 326
140 282
29 59
8 2849
24 2849
28 2849
8 2849
112 225
217 435
217 435
260 522
72 146
239 479
199 399
293 587
280 562
393 788
2 788
393 788
393 788
393 788
0 788
0 788
393 788
393 788
2 473
2 473
1 1528
1 1528
951 1904
951 1904
366 733
109 219
59 2417
59 2417
296 594
296 594
296 594
1 620
1 620
4 476
4 476
2 405
847 1695
45 91
45 91
3 1223
3 1223
611 1223
239 479
163 328
0 1879
0 1879
51 4834
38 4834
3 4834
3 4834
36 4834
36 4834
72 145
369 739
167 336
180 361
88 177
206 413
379 759
95 191
95 191
119 240
116 233
88 177
87 176
158 318
0 807
0 807
380 761
222 446
0 931
0 931
1 1074
405 812
143 287
381 764
521 1043
428 857
460 922
1 558
1 558
139 279
86 173
64 130
3 617
3 617
0 1707
0 1707
3 4275
3 4275
3 4275
3 4275
4 4275
1 1149
1 1149
2 1149
1 2971
1 2971
167 336
158 318
512 1026
1 92
0 92
0 311
0 161
386 774
63 127
189 379
199 400
213 428
190 381
280 562
248 497
196 393
139 279
161 323
197 395
111 223
180 362
254 509
1216 2434
357 716
193 388
116 233
241 484
241 484
241 484
537 1075
537 1075
537 1075
537 1075
58 118
56 114
421 844
421 844
152 306
0 1742
2 1742
1 1742
220 441
327 655
381 764
254 509
1868 3737
2 3737
2 3737
2 3737
280 562
1090 2181
168 338
19 40
189 379
202 405
236 474
48 98
571 1143
183 368
349 699
171 343
62 126
8 1644
8 1644
0 767
0 767
383 767
9 20
154 310
176 354
30 61
148 297
363 727
197 395
808 1618
116 233
190 381
236 473
108 217
75 152
383 768
85 171
2 567
150 301
230 461
393 788
2 788
393 788
393 788
393 788
0 788
0 788
393 788
393 788
202 405
326 653
69 139
161 324
486 973
692 1386
316 633
331 664
808 1618
197 395
2 295
171 344
114 230
1109 2219
0 385
263 527
962 1926
962 1926
5 548
0 919
349 699
235 472
163 327
2 821
2 821
5 821
262 526
283 567
2 1012
2 1012
3 1012
280 562
369 739
132 266
113 227
120 241
317 635
195 391
3 177
203 407
217 435
267 535
263 527
185 371
185 371
119 240
28 57
148 297
130 262
180 361
655 1312
41 84
143 287
254 509
292 585
295 592
405 812
1169 2339
144 290
0 948
1 948
223 448
486 973
179 360
3 389
822 1646
1 2101
3 2101
1 2101
1 2101
437 876
235 472
132 265
388 777
250 502
68 137
104 209
71 144
91 183
184 370
67 135
59 120
480 962
360 721
56 114
1608 3218
873 1747
0 231
3 1110
0 153
144 290
198 397
162 325
159 319
190 382
9 5267
18 5267
14 5267
10 5267
12 5267
16 5267
4 5267
4 5267
4 5267
4 5267
8 5267
4 5267
4 5267
14 5267
1 1034
1 1034
1 2191
1 2191
123 247
123 247
707 1416
513 1027
0 319
0 1042
0 384
0 163
4 127
0 484
449 900
271 544
132 265
183 368
464 930
1 2416
1 2416
4 2416
459 919
203 407
0 382
3 247
116 233
1 1183
1 1183
1 1183
1 1185
0 382
169 340
0 3763
0 3763
88 177
238 477
70 141
120 242
1 295
1 295
197 395
307 615
153 308
2 1695
255 511
113 227
128 257
1169 2339
197 395
179 359
380 761
128 257
87 176
167 336
97 195
182 365
119 240
114 230
97 196
168 338
20 1116
20 1116
4 1124
1 300
811 1623
452 906
28 57
93 188
528 1057
116 233
360 721
158 318
367 735
349 699
222 446
154 310
82 165
232 465
564 1130
339 679
195 392
173 348
1 1898
0 1898
2 472
2 950
2 950
2 950
95 191
847 1695
161 324
140 282
430 861
847 1695
179 360
479 960
193 388
850 1701
0 453
0 453
123 247
230 461
147 295
12 1042
274 549
159 319
554 1110
1258 2517
0 866
0 866
70 141
193 387
23 48
0 1791
0 1791
255 511
137 275
142 286
211 423
95 191
474 950
254 509
0 861
4 364
4 364
188 378
1825 3651
4 364
4 364
148 298
339 679
326 654
88 177
302 605
195 392
195 392
284 569
0 43
206 414
135 272
163 327
1 2050
1 2050
3 2050
308 617
463 927
4 1268
0 1268
1 1268
706 1413
78 157
158 317
394 790
394 790
405 812
538 1077
291 584
280 562
679 1360
847 1695
202 405
293 587
63 127
0 1592
0 1592
0 1719
2 1719
0 1719
1 548
1 548
97 195
175 352
0 1043
2 2703
1 2703
2 2703
1 2703
582 1165
197 395
9 1323
6 1323
6 1323
25 1323
12 1323
58 118
82 165
331 663
225 451
767 1536
2 1526
1 1526
1 1526
57 116
163 327
293 587
69 139
162 325
643 1288
57 116
119 240
108 217
355 712
692 1386
1169 2339
3 2517
190 381
141 284
91 183
147 295
1258 2517
1169 2339
232 465
123 247
5 2517
27 55
140 281
123 247
679 1360
230 461
1880 3761
294 590
296 594
188 378
769 1539
53 108
2168 4338
775 1552
75 152
322 646
152 306
26 657
26 657
520 1042
210 421
5 1042
110 222
516 1034
134 270
551 1104
242 486
250 502
28 57
407 816
1182 2365
536 1074
93 187
1 2236
1 2236
1 2236
3 2236
202 405
554 1110
248 497
110 222
59 120
75 151
0 1392
4 230
42 86
38 78
1169 2339
4 9
510 1021
158 318
153 308
139 279
380 762
43 88
360 721
2 1027
249 500
44 89
42 86
79 159
366 733
362 725
137 276
2 497
4 1130
0 456
0 654
388 777
26 53
0 340
237 475
70 142
346 694
20 41
6 90
293 588
293 588
293 588
106 214
33 67
293 588
2 327
170 342
293 588
96 193
2 161
44 90
293 588
20 41
160 322
1 718
70 142
283 567
293 588
56 113
59 120
293 588
283 567
293 588
293 588
241 483
293 588
108 218
293 588
140 282
140 282
293 588
108 218
163 327
11 24
3 274
3 274
2 214
1 142
44 90
44 90
1 228
3 567
3 229
283 567
171 343
113 228
3 327
21 43
192 386
346 694
113 228
14 475
3 588
237 475
472 946
237 475
283 567
228 457
163 327
241 483
171 343
57 116
0 475
113 228
170 342
163 327
279 560
114 229
2 99
293 588
21 43
21 43
83 168
70 141
241 483
7 16
293 588
192 386
166 334
293 588
293 588
293 588
293 588
7 90
293 588
135 271
293 588
192 386
33 67
279 560
170 342
226 454
293 588
293 588
105 211
346 694
346 694
113 228
163 327
293 588
375 752
26 53
114 229
293 588
20 41
186 374
166 334
293 588
237 475
54 110
114 229
28 58
293 588
70 142
76 153
11 334
57 116
58 118
293 588
192 386
163 327
70 142
113 228
77 156
3 588
293 588
3 327
171 343
76 153
237 475
293 588
49 99
293 588
293 588
286 574
346 694
44 90
346 694
27 56
279 560
170 342
160 322
375 752
293 588
163 327
96 193
226 454
170 342
33 67
163 327
293 588
114 229
170 342
33 67
1336 2673
5 211
241 483
163 327
113 228
16 33
480 962
769 1539
0 125
0 120
39 80
1 816
3 554
87 176
202 406
32 66
236 473
0 977
2 844
1 290
250 502
43 88
137 275
73 147
257 515
2 1205
701 1403
0 1695
5 605
5 605
1 1347
1 1347
757 1516
0 295
0 473
0 59
510 1021
393 788
113 228
3 1110
43 88
383 768
237 476
168 337
169 340
847 1695
63 127
1 308
188 378
0 241
225 452
141 284
0 1900
0 1900
5 3101
0 3101
2 6
108 218
331 664
0 158
211 423
7 951
7 951
0 623
199 399
788 1577
3 278
106 214
7 2150
7 2150
1 145
0 404
0 1074
167 336
180 362
3 594
107 216
219 439
263 527
692 1386
319 639
380 762
0 625
1 625
362 725
0 395
15 1036
520 1042
196 393
769 1539
183 368
769 1539
58 117
315 632
520 1042
258 518
283 567
225 452
1 1071
173 347
1 303
0 120
134 270
20 2237
45 2237
1 2237
1 2237
21 2237
116 233
775 1552
0 409
0 1230
2 1230
426 853
199 400
0 126
222 446
428 857
0 973
1 274
1 274
1 3390
34 3390
0 3390
7 3390
0 584
444 890
3 626
107 216
0 1346
0 247
143 287
39 79
0 196
95 191
160 7353
4 7353
54 7353
437 7353
70 7353
80 7353
205 7353
37 7353
4 7353
3676 7353
37 7353
183 7353
42 7353
213 7353
15 7353
50 7353
70 141
3 2466
1 2466
1 2466
2 2466
727 1456
1 10604
4 10604
4 10604
70 10604
9 10604
1 10604
1 10604
21 10604
26 10604
26 10604
30 10604
96 10604
6 10604
21 10604
110 10604
12 10604
0 1655
0 1655
0 407
1 1162
3 1162
2 1162
1 1162
239 479
311 623
1 87
281 564
195 391
0 295
294 590
1 508
847 1695
23 47
393 788
2 788
393 788
393 788
393 788
0 788
0 788
393 788
393 788
114 230
369 739
1 436
847 1695
0 247
312 626
283 567
57 115
23 48
0 344
341 684
381 764
290 582
535 1072
0 1862
0 1862
184 369
437 876
1 625
116 233
0 937
0 937
5 937
0 230
1 421
0 272
108 218
405 812
412 826
459 919
443 887
1 1072
1169 2339
4 958
4 958
811 1623
70 141
395 792
6 811
1 2330
1 2330
123 247
486 974
59 120
90 182
0 423
983 1967
0 30
191 384
274 549
576 1153
0 497
93 188
248 498
1 157
1 157
1169 2339
474 950
28 57
0 135
236 473
0 962
223 448
0 163
3 414
2 1161
1 1161
1 1161
0 117
47 96
701 1403
0 1346
1 139
554 1110
236 473
11 318
0 318
349 700
80 162
983 1967
769 1539
4 1539
52 106
1 5662
1 5662
4 5662
1 5662
4 5662
767 1536
767 1536
12 625
11 2565
6 2565
10 2565
6 2565
8 2565
9 2565
873 1747
191 384
91 183
1 1249
1 1249
0 87
405 812
372 746
2 2128
3 2128
0 2128
0 473
33 67
61 124
88 178
0 764
189 379
2 2396
0 2396
1 2396
10 890
21 890
10 890
0 38
1 2407
3 2407
1 2407
7 2407
367 735
1 581
1 581
0 385
0 385
307 615
1 139
320 641
223 448
3 1064
3 1064
2 2225
44 89
470 941
0 89
0 1419
225 452
39 80
276 554
1 89
7 1294
24 1294
190 381
30 1948
2 1948
2 1948
22 1948
480 962
223 448
175 352
68 137
4 594
1 1708
0 1708
143 287
0 25
407 816
312 626
44 90
1169 2339
0 1536
8 233
34 69
0 319
6 796
1 446
263 527
70 142
1 369
76 153
9 590
192 385
206 413
1 446
1 2395
1 2395
201 404
295 592
19 2163
17 2163
17 2163
27 55
95 191
1 2423
1 2423
4 2423
171 344
2 196
225 452
701 1403
0 1205
1 1205
506 1014
1 294
2 448
42 86
5 395
421 844
0 844
151 303
679 1360
405 812
53 107
0 562
239 479
233 467
39 1733
23 1733
12 1733
39 80
369 739
222 446
123 247
0 389
0 733
107 215
147 295
21 431
87 175
64 130
93 187
67 135
141 284
185 371
164 330
2 1724
2 1724
2 1724
274 549
459 919
569 1139
0 896
0 896
218 437
51 103
131 264
130 261
131 264
323 648
788 1577
1 1501
3 1501
1 1501
308 617
808 1618
0 285
251 504
57 115
23 48
0 247
3 737
0 223
0 509
1 311
296 594
238 477
0 345
366 733
8 789
8 789
0 605
873 1747
2 347
1 1511
1 1511
0 362
73 147
153 307
9 139
9 139
2 382
882 1766
393 788
2 788
393 788
393 788
393 788
0 788
0 788
393 788
393 788
2 694
0 694
153 307
86 174
185 371
538 1077
268 537
88 178
51 103
144 290
2 3159
2 3159
2 3159
665 1331
24 50
4 716
1 508
13 1909
24 1909
13 1909
808 1618
808 1618
191 384
191 384
0 102
1 94
3 585
236 474
267 535
0 261
147 295
84 169
5 148
91 183
437 876
366 733
14 1787
3 1787
3 1787
308 617
0 1553
1 1553
251 504
171 343
315 632
0 127
251 504
541 1083
2 65
571 1144
88 178
85 172
119 240
215 431
459 919
248 498
808 1618
737 1475
183 368
12 26
7 1965
6 1965
0 1965
3 1965
0 1965
2 1965
62 125
0 175
27 55
189 379
2 229
1 229
1 230
520 1042
0 344
5 323
372 746
437 876
9 479
202 406
3 504
85 171
287 575
381 764
9 1913
9 1913
528 1057
134 269
86 173
171 344
0 772
0 242
847 1695
847 1695
190 382
381 764
87 175
46 94
1 811
0 394
0 1287
0 176
69 139
1 310
179 360
114 230
405 811
190 381
1 1129
9 1129
1 1129
318 638
535 1071
37 1410
4 1410
4 1410
1 811
3 497
18 37
0 285
152 305
127 256
1 360
116 233
311 623
0 1061
129 260
0 452
281 563
295 592
71 144
163 327
1 617
5 337
4 362
2987 5976
68 5976
32 5976
92 5976
103 5976
1 5976
112 5976
56 5976
1 5976
537 1075
189 379
330 661
80 162
3 2517
215 431
49 100
1 1386
424 850
255 511
202 405
1 1102
1 1102
0 370
97 196
1 361
420 841
348 698
61 124
0 290
108 218
219 439
114 229
0 349
1 89
1 360
166 333
166 333
262 526
60 122
0 412
1 196
8 874
0 247
447 896
0 338
1 338
70 142
889 1779
889 1779
889 1779
889 1779
618 1238
437 876
6 1853
0 1853
0 1853
295 592
281 564
0 173
769 1539
1 158
3 812
5 584
0 328
130 262
2 816
49 99
397 796
201 404
5 146
172 345
4 464
113 228
136 274
459 919
250 502
554 1110
60 122
222 446
258 518
0 141
12 585
280 561
1 2808
1 1357
707 1416
101 204
49 100
281 563
281 564
3 473
554 1110
7 339
163 327
153 308
147 295
293 587
1 777
3 558
74 149
104 209
139 279
480 962
1 3095
3 3095
0 3095
17 1617
0 1617
9 1617
1 1617
158 318
163 327
0 1767
0 1767
3 1767
8 1767
119 240
2 1071
260 522
0 1618
0 465
0 465
232 465
