191 384
10 375
3 392
0 576
1 576
21 776
12 776
255 511
13 2287
13 2287
4 745
4 745
5 914
12 338
4 448
0 691
2 691
0 183
913 914
18 1155
33 1155
577 1155
10 1155
10 1155
684 1370
29 1623
0 7389
13 7389
76 7389
0 7389
11 7389
2 7389
13 7389
73 7389
186 7389
71 7389
171 7389
8 2339
3 615
643 1288
87 176
10 1265
10 1265
16 1265
74 150
1 79
6 1983
6 1983
4 1983
4 1983
3 269
198 397
4 1208
14 1208
1 1208
736 1474
119 240
2 448
3 558
1 1113
0 1113
1 79
152 305
199 400
2 388
6 590
9 1483
3 152
1 152
0 796
767 1536
0 805
137 276
163 328
3 1267
0 1267
8 1267
2 1267
4 1267
260 522
4 198
0 1013
0 1013
75 152
0 1303
0 1008
2 1008
3 327
6 562
6 737
6 737
4 264
7 175
0 44
0 89
16 1913
0 1913
5 1539
486 973
427 855
2 301
121 7645
290 7645
143 7645
111 7645
33 7645
35 7645
138 7645
30 7645
28 7645
24 7645
47 7645
119 7645
34 7645
143 7645
137 7645
119 7645
59 7645
140 7645
0 7645
143 7645
747 9306
3 9306
30 9306
17 9306
20 9306
323 9306
34 9306
18 9306
5 9306
4652 9306
439 9306
2 9306
42 9306
388 9306
33 9306
99 9306
32 9306
14 9306
6 3760
121 3760
6 3760
16 3760
11 3760
6 3760
19 3760
16 3760
17 689
3 295
6 1454
0 1454
4 1454
2 1454
4 626
0 203
0 405
11 794
4 794
1 844
328 657
8 1110
74 150
1 1071
0 812
0 812
0 422
447 896
197 395
2 2339
1 135
161 324
2 721
39 79
101 204
3 811
1 368
0 380
0 380
191 384
75 152
48 98
33 68
222 446
0 777
0 777
1 884
12 884
10 1514
437 876
173 348
0 169
5 663
0 663
151 303
11 240
440 441
3 1474
0 733
3 1077
1 404
0 973
1 138
808 1618
283 567
14 876
1 176
0 2150
58 2150
13 876
6 311
3 1597
0 1597
0 1597
10 1597
308 618
0 98
4 184
6 776
4 776
248 497
28 57
16 392
0 670
1 670
14 392
5 511
5 247
0 876
1 344
482 965
769 1539
1 509
5 215
12 176
4 215
4 215
29 1386
141 283
381 764
1 465
0 792
6 10782
13 10782
22 10782
4 10782
31 10782
37 10782
87 10782
52 10782
18 10782
15 10782
29 10782
203 10782
48 10782
19 10782
7 10782
2 10782
24 10782
3 10782
36 10782
12 10782
10 10782
32 10782
33 10782
14 10782
29 10782
44 10782
1 224
17 767
71 144
269 540
1 2510
1 2510
134 269
5 269
2 1269
0 1269
3 919
1 782
3 448
1 931
0 931
2 247
3 89
1 2038
2 2038
0 2038
4 446
25 737
1 1898
2 1898
291 584
25 1360
7 2257
0 2257
31 1695
52 2339
535 1072
2 746
4 746
1 2150
12 2150
5 3410
2 3410
31 3410
4 746
6 2150
28 2150
16 764
6 746
0 456
9 590
15 2449
15 2449
95 191
7 777
132 266
11 1027
487 976
487 976
8 3000
12 3000
14 3000
112 3000
19 3000
7 3000
4 202
3 456
7 777
2 381
147 295
4 186
220 441
1 94
33 68
8 287
11 240
70 142
12 240
3 655
6 1197
6 2831
5 2831
4 2831
0 2831
1 1331
0 4210
1 4210
77 4210
6 4210
2 4210
18 4210
61 4210
37 4210
9 4210
8 4210
122 4210
9 20
104 209
4 677
0 677
1 1547
0 1547
6 888
6 888
171 344
206 413
2 1012
2 1012
3 1012
11 269
233 467
6 504
554 1110
0 585
1 2128
1 2128
1 2128
6 960
11 1483
767 1536
20 1536
554 1110
1 1069
4 1069
1 1069
506 1014
405 811
554 1110
6 423
0 93
91 183
191 384
1 724
1 2375
2 2375
6 2375
6 178
393 788
2 788
6 788
4 788
393 788
0 788
1 788
393 788
3 788
101 203
112 226
4 4949
8 4949
5 4949
29 4949
43 4949
21 4949
40 4949
1 120
41 2150
0 2150
2 2150
2 653
19 689
13 2955
4 2955
10 2955
1 2955
25 2955
1 2955
10 2955
8 1695
219 439
2 439
112 225
3 2163
4 2163
185 13875
2 13875
83 13875
22 13875
22 13875
55 13875
51 13875
2 13875
165 13875
51 13875
6937 13875
162 13875
20 13875
14 13875
1169 2339
3 222
0 150
4 1164
5 1164
6 1164
1 2347
3 2347
2 2347
4 2347
4 633
2 384
11 3126
3 3126
2 3126
12 3126
1 3126
9 3126
8 3126
0 1078
1 1078
3 1078
2 267
11 1926
262 526
27 812
15 858
6 5657
5 5657
12 5657
3 5657
1 5657
0 5657
31 5657
175 5657
11 1042
10 423
6 218
85 172
653 1307
54 1021
6 384
199 400
119 240
5 247
87 176
1 247
4 124
18 618
5 247
0 1708
2 1708
0 1708
2 1708
1 762
1 762
2 152
185 371
5 264
0 442
0 442
0 389
53 5642
4 5642
16 5642
147 5642
45 5642
49 5642
38 5642
2 416
111 223
42 86
20 543
11 1403
8 1403
9 679
6 2517
1 87
344 689
8 336
3 89
2 153
701 1403
15 1963
13 1963
2 2002
2 2002
30 2002
11 147
9 147
81 163
131 264
4 1539
131 264
17 590
0 181
120 241
2 465
381 764
381 764
15 764
6 295
8 1652
4 1652
5 1967
42 86
0 1110
2 1183
0 1183
1 1183
0 876
0 389
0 1124
1 1124
9 1014
0 961
5 961
2 961
0 526
1 359
564 1130
9 257
14 1386
420 842
520 1042
0 257
17 2403
50 2403
17 2403
52 106
10 375
308 617
134 270
29 270
169 340
5 327
7 380
7 518
0 587
1 587
0 384
0 424
263 264
22 699
3 1317
1 1317
1 1317
59 120
9 594
0 538
0 603
21 1130
3 344
119 240
1 1241
60 122
11 855
1 1898
3 1898
2 1898
0 1898
16 384
8 17
456 914
0 777
81 163
26 4713
32 4713
1 4713
2356 4713
2 4713
35 4713
21 44
2 2150
1 2150
4 2150
3 2150
200 402
132 266
3 781
4 781
2 781
0 781
331 664
344 689
6 874
397 796
397 796
62 1464
34 1464
35 1464
5 548
190 382
116 233
1 663
128 257
252 506
10 1012
128 257
1 626
2 371
390 782
6 3816
5 3816
3 3816
4 3816
0 3816
20 3816
2 3816
10 340
5 1347
1 1347
1 149
276 554
4 364
4 364
147 295
217 435
347 695
1 1247
1 1247
6 423
17 914
5 265
3 631
3 631
92 186
258 518
85 171
255 511
27 431
1 2308
0 2308
1 2303
12 2303
1 145
2 145
0 145
233 467
258 518
4 405
158 318
7 423
161 324
194 389
1 8726
30 8726
26 8726
16 8726
86 8726
66 8726
277 8726
28 8726
37 8726
4 8726
0 8726
5 8726
2 8726
210 422
53 108
2 456
1 1036
1 1036
195 391
0 344
15 679
1 154
198 397
13 3066
13 3066
32 3066
1 1214
1 1214
14 1595
30 1595
381 764
0 457
0 368
0 376
104 209
104 209
2 1191
1 1191
13 592
188 378
70 141
7 389
1 446
131 264
6 526
554 1110
6366 12734
35 12734
35 12734
246 12734
23 12734
96 12734
6366 12734
83 12734
23 12734
237 12734
76 12734
76 12734
26 12734
26 12734
85 12734
314 12734
153 12734
74 12734
5 203
2 89
326 653
147 295
0 841
0 441
191 384
1 876
33 1264
631 1264
631 1264
0 404
0 1483
0 1110
17 590
8 590
4 264
0 107
692 1386
73 148
44 89
10 842
230 461
0 669
3 669
9 737
21 699
6 423
6 737
0 107
0 107
73 148
0 473
32 2629
42 2629
9 2629
9 2629
6 384
2 1589
0 1589
0 1589
3 113
1 2696
1 2696
8 2696
1 774
32 664
493 987
6 987
6 987
12 4344
1 4344
6 4344
44 4344
8 4344
5 4344
1 4344
3 222
312 626
14 1376
2 1376
14 1376
2 1376
0 558
3 680
5 680
3 234
2 177
88 177
14 384
220 441
220 441
3 376
1 1511
1 1511
7 522
7 522
84 169
8 737
31 664
11 479
28 2238
9 2238
19 2238
11 2238
21 1074
368 737
1 762
1258 2517
393 788
29 2300
29 2300
380 762
14 618
0 183
28 270
11 558
125 252
18 295
22 1913
22 1913
25 656
3 656
7 656
13 240
2 423
381 764
186 373
0 446
2 357
7 423
0 632
7 590
280 562
227 456
0 9
293 587
3 562
6 1014
386 774
0 404
2 567
1 1407
2 594
1 690
1 690
124 250
63 127
147 295
3 2725
1 2725
2 2725
0 2725
6 2725
2 442
2 442
258 518
1 508
0 269
1 269
0 38
0 6094
4 6094
2 6094
1 6094
7 6094
684 1370
11 2737
11 2737
704 1409
262 526
232 465
4 339
3 960
0 960
190 382
6 295
0 404
0 431
1 1536
3 615
0 844
2 308
5 504
6 560
1 730
1 730
1 764
0 1701
11 240
141 283
4 596
13 392
5 2339
0 2339
0 303
0 461
281 563
3 438
60 122
0 980
1 980
422 845
332 665
4 378
175 352
5 889
6 889
2 189
0 431
2 751
262 526
0 1955
8 1955
9 1955
5 1955
8 1955
0 1955
12 9453
26 9453
12 9453
8 9453
9 9453
37 9453
1 9453
15 9453
1 9453
3 9453
12 9453
3 9453
5 9453
4 9453
8 9453
2 3604
2 3604
2 3604
1801 3604
2 3604
3 2982
5 2982
0 2982
1 2982
2 2982
7 1152
249 499
1 181
0 181
124 249
6 613
197 395
6 575
2 122
3 1114
3 1114
141 283
141 283
0 241
27 55
327 655
1 1887
2 1887
0 1887
6 7512
13 7512
6 7512
112 7512
130 7512
16 7512
9 7512
362 7512
277 7512
305 7512
93 7512
9 7512
82 7512
310 7512
3755 7512
163 328
4 623
52 106
0 82
0 305
7 196
75 151
5 439
2 328
1015 2031
2 4370
7 4370
4 4370
0 4370
1 4370
6 4370
3 4370
5 4370
0 340
0 360
1 269
1 413
443 887
0 187
2 187
3 534
3 1539
5 726
128 257
6 202
1 764
1 764
0 473
2 729
1 729
1 729
3 174
296 593
0 326
4 282
29 59
28 2849
29 2849
25 2849
11 2849
6 225
14 435
217 435
4 522
72 146
478 479
199 399
2 587
5 562
393 788
2 788
393 788
393 788
393 788
0 788
0 788
393 788
393 788
8 473
6 473
2 1528
0 1528
951 1904
951 1904
366 733
109 219
59 2417
59 2417
296 594
14 594
296 594
1 620
1 620
0 476
3 476
0 405
847 1695
45 91
45 91
2 1223
0 1223
3 1223
14 479
2 328
0 1879
0 1879
51 4834
38 4834
3 4834
3 4834
36 4834
36 4834
1 145
369 739
11 336
180 361
88 177
7 413
379 759
95 191
95 191
2 240
2 233
2 177
0 176
5 318
0 807
0 807
2 761
1 446
1 931
0 931
0 1074
1 812
143 287
18 764
6 1043
0 857
2 922
2 558
4 558
0 279
86 173
64 130
3 617
3 617
0 1707
0 1707
3 4275
3 4275
3 4275
3 4275
4 4275
1 1149
0 1149
3 1149
1 2971
1 2971
11 336
158 318
5 1026
1 92
0 92
0 311
0 161
386 774
8 127
189 379
199 400
213 428
190 381
7 562
4 497
196 393
0 279
161 323
197 395
2 223
2 362
254 509
0 2434
5 716
193 388
17 233
0 484
3 484
241 484
11 1075
16 1075
25 1075
537 1075
58 118
0 114
421 844
421 844
152 306
1 1742
2 1742
0 1742
220 441
9 655
381 764
254 509
1868 3737
2 3737
1 3737
0 3737
9 562
1090 2181
3 338
19 40
189 379
4 405
1 474
2 98
571 1143
183 368
349 699
171 343
10 126
6 1644
5 1644
0 767
0 767
383 767
9 20
154 310
1 354
0 61
4 297
363 727
197 395
808 1618
1 233
190 381
1 473
108 217
75 152
383 768
85 171
1 567
0 301
1 461
393 788
2 788
393 788
393 788
393 788
0 788
0 788
393 788
393 788
1 405
652 653
69 139
0 324
486 973
16 1386
4 633
18 664
30 1618
197 395
0 295
171 344
114 230
1109 2219
0 385
3 527
962 1926
962 1926
3 548
0 919
349 699
235 472
163 327
0 821
1 821
3 821
4 526
5 567
2 1012
2 1012
3 1012
280 562
369 739
0 266
113 227
0 241
317 635
2 391
3 177
1 407
6 435
267 535
263 527
185 371
185 371
119 240
2 57
148 297
5 262
180 361
655 1312
41 84
7 287
5 509
7 585
295 592
405 812
1169 2339
144 290
0 948
1 948
2 448
486 973
3 360
3 389
822 1646
1 2101
2 2101
4 2101
3 2101
437 876
235 472
1 265
7 777
250 502
68 137
104 209
10 144
1 183
0 370
67 135
1 120
5 962
360 721
1 114
1608 3218
3 1747
0 231
3 1110
0 153
0 290
4 397
162 325
159 319
190 382
9 5267
15 5267
8 5267
12 5267
27 5267
11 5267
25 5267
30 5267
3 5267
6 5267
5 5267
2 5267
14 5267
29 5267
1 1034
1 1034
1 2191
1 2191
6 247
3 247
11 1416
513 1027
0 319
0 1042
0 384
0 163
0 127
0 484
1 900
0 544
132 265
8 368
0 930
1 2416
1 2416
4 2416
5 919
9 407
0 382
0 247
4 233
3 1183
3 1183
3 1183
1 1185
0 382
0 340
0 3763
1 3763
88 177
238 477
70 141
120 242
1 295
1 295
197 395
307 615
1 308
2 1695
255 511
0 227
1 257
5 2339
197 395
2 359
7 761
128 257
0 176
9 336
2 195
182 365
119 240
3 230
97 196
168 338
20 1116
10 1116
2 1124
0 300
2 1623
452 906
28 57
93 188
2 1057
0 233
360 721
158 318
0 735
29 699
1 446
0 310
1 165
232 465
564 1130
339 679
1 392
173 348
10 1898
0 1898
5 472
2 950
2 950
2 950
95 191
4 1695
1 324
2 282
7 861
847 1695
179 360
479 960
193 388
5 1701
8 453
1 453
123 247
230 461
147 295
15 1042
274 549
159 319
5 1110
9 2517
1 866
0 866
70 141
0 387
23 48
0 1791
2 1791
7 511
2 275
142 286
0 423
1 191
13 950
254 509
0 861
4 364
4 364
188 378
3 3651
0 364
5 364
0 298
339 679
326 654
6 177
7 605
195 392
195 392
7 569
0 43
206 414
3 272
2 327
1 2050
2 2050
4 2050
0 617
19 927
3 1268
0 1268
1 1268
12 1413
78 157
158 317
394 790
394 790
6 812
538 1077
291 584
280 562
23 1360
1 1695
202 405
293 587
63 127
2 1592
0 1592
0 1719
2 1719
1 1719
1 548
1 548
97 195
175 352
0 1043
2 2703
1 2703
2 2703
1 2703
582 1165
197 395
0 1323
2 1323
1 1323
18 1323
3 1323
0 118
82 165
14 663
4 451
23 1536
2 1526
1 1526
1 1526
1 116
7 327
2 587
69 139
4 325
643 1288
57 116
119 240
1 217
355 712
16 1386
85 2339
0 2517
3 381
141 284
91 183
147 295
9 2517
1169 2339
16 465
0 247
0 2517
0 55
0 281
0 247
679 1360
6 461
1880 3761
13 590
2 594
188 378
769 1539
53 108
2168 4338
775 1552
1 152
7 646
4 306
26 657
26 657
520 1042
210 421
4 1042
4 222
5 1034
0 270
4 1104
0 486
11 502
2 57
407 816
3 2365
536 1074
0 187
5 2236
4 2236
3 2236
0 2236
202 405
1 1110
248 497
110 222
0 120
0 151
0 1392
0 230
42 86
38 78
1169 2339
0 9
6 1021
0 318
1 308
2 279
2 762
2 88
6 721
2 1027
249 500
44 89
2 86
12 159
0 733
362 725
3 276
2 497
4 1130
0 456
0 654
5 777
1 53
0 340
237 475
2 142
346 694
0 41
0 90
293 588
293 588
3 588
1 214
33 67
6 588
1 327
2 342
6 588
96 193
2 161
44 90
293 588
20 41
6 322
3 718
70 142
13 567
293 588
56 113
0 120
12 588
3 567
19 588
293 588
241 483
293 588
108 218
293 588
140 282
140 282
293 588
108 218
3 327
11 24
0 274
5 274
2 214
1 142
6 90
44 90
1 228
5 567
0 229
283 567
11 343
113 228
2 327
0 43
5 386
19 694
113 228
4 475
3 588
237 475
25 946
0 475
0 567
1 457
9 327
9 483
8 343
4 116
0 475
113 228
2 342
163 327
279 560
114 229
0 99
293 588
21 43
21 43
0 168
14 141
2 483
0 16
15 588
2 386
8 334
7 588
6 588
293 588
6 588
0 90
27 588
0 271
10 588
14 386
33 67
279 560
170 342
226 454
293 588
15 588
5 211
346 694
7 694
4 228
4 327
12 588
375 752
26 53
114 229
293 588
20 41
1 374
4 334
6 588
237 475
54 110
1 229
28 58
27 588
2 142
76 153
6 334
4 116
58 118
12 588
192 386
3 327
70 142
113 228
77 156
3 588
293 588
1 327
171 343
7 153
13 475
0 588
8 99
0 588
293 588
286 574
3 694
2 90
346 694
0 56
279 560
9 342
7 322
4 752
4 588
18 327
3 193
226 454
2 342
3 67
14 327
22 588
0 229
0 342
33 67
1336 2673
1 211
14 483
163 327
0 228
4 33
12 962
3 1539
0 125
0 120
39 80
0 816
0 554
2 176
4 406
0 66
4 473
0 977
0 844
0 290
10 502
43 88
1 275
73 147
4 515
0 1205
0 1403
0 1695
5 605
5 605
2 1347
8 1347
757 1516
0 295
0 473
0 59
14 1021
393 788
113 228
2 1110
2 88
2 768
2 476
168 337
1 340
19 1695
4 127
1 308
0 378
0 241
225 452
0 284
2 1900
0 1900
1 3101
0 3101
0 6
7 218
24 664
0 158
0 423
5 951
14 951
0 623
0 399
13 1577
0 278
106 214
5 2150
0 2150
0 145
0 404
0 1074
2 336
0 362
4 594
0 216
4 439
263 527
12 1386
319 639
380 762
0 625
1 625
0 725
0 395
0 1036
15 1042
1 393
9 1539
1 368
6 1539
58 117
315 632
39 1042
258 518
2 567
2 452
1 1071
0 347
1 303
0 120
29 270
20 2237
45 2237
1 2237
1 2237
21 2237
0 233
775 1552
0 409
0 1230
2 1230
21 853
199 400
0 126
0 446
428 857
0 973
1 274
0 274
1 3390
17 3390
3 3390
0 3390
0 584
444 890
2 626
107 216
0 1346
0 247
143 287
39 79
0 196
95 191
155 7353
11 7353
74 7353
448 7353
13 7353
52 7353
223 7353
10 7353
14 7353
3676 7353
6 7353
195 7353
18 7353
228 7353
23 7353
44 7353
5 141
3 2466
1 2466
1 2466
2 2466
8 1456
1 10604
4 10604
4 10604
70 10604
9 10604
1 10604
1 10604
21 10604
26 10604
26 10604
30 10604
96 10604
6 10604
21 10604
110 10604
12 10604
7 1655
6 1655
0 407
2 1162
3 1162
0 1162
1 1162
4 479
311 623
0 87
2 564
195 391
0 295
0 590
0 508
41 1695
23 47
393 788
8 788
393 788
13 788
393 788
0 788
1 788
393 788
393 788
3 230
2 739
1 436
847 1695
0 247
312 626
283 567
57 115
23 48
0 344
2 684
381 764
1 582
535 1072
2 1862
0 1862
9 369
13 876
1 625
1 233
0 937
0 937
5 937
0 230
1 421
1 272
6 218
2 812
412 826
0 919
0 887
1 1072
1169 2339
4 958
4 958
13 1623
70 141
395 792
5 811
1 2330
2 2330
8 247
486 974
12 120
0 182
0 423
0 1967
0 30
4 384
2 549
576 1153
0 497
1 188
248 498
1 157
1 157
18 2339
12 950
28 57
0 135
236 473
0 962
4 448
0 163
3 414
3 1161
0 1161
1 1161
0 117
0 96
0 1403
0 1346
1 139
7 1110
4 473
26 318
0 318
1 700
0 162
0 1967
7 1539
6 1539
52 106
1 5662
1 5662
4 5662
1 5662
4 5662
767 1536
767 1536
12 625
11 2565
6 2565
10 2565
6 2565
8 2565
9 2565
873 1747
12 384
91 183
1 1249
5 1249
0 87
1 812
372 746
0 2128
1 2128
2 2128
0 473
1 67
61 124
88 178
0 764
189 379
2 2396
0 2396
1 2396
13 890
18 890
6 890
0 38
1 2407
3 2407
0 2407
8 2407
1 735
1 581
1 581
0 385
0 385
307 615
0 139
320 641
2 448
3 1064
3 1064
4 2225
44 89
2 941
0 89
0 1419
225 452
0 80
276 554
1 89
2 1294
26 1294
16 381
30 1948
2 1948
2 1948
22 1948
2 962
4 448
1 352
68 137
1 594
1 1708
0 1708
143 287
0 25
0 816
2 626
0 90
7 2339
0 1536
3 233
34 69
0 319
1 796
0 446
0 527
1 142
1 369
1 153
3 590
7 385
206 413
1 446
1 2395
1 2395
201 404
295 592
19 2163
10 2163
17 2163
27 55
22 191
0 2423
3 2423
1 2423
4 344
0 196
0 452
701 1403
1 1205
2 1205
4 1014
0 294
0 448
42 86
0 395
421 844
0 844
151 303
23 1360
0 812
53 107
0 562
7 479
233 467
33 1733
24 1733
14 1733
4 80
369 739
222 446
123 247
0 389
0 733
4 215
4 295
3 431
1 175
64 130
93 187
1 135
1 284
2 371
164 330
2 1724
0 1724
2 1724
1 549
5 919
569 1139
0 896
1 896
8 437
0 103
9 264
7 261
3 264
0 648
11 1577
2 1501
3 1501
1 1501
308 617
4 1618
0 285
251 504
57 115
23 48
0 247
1 737
0 223
0 509
0 311
296 594
238 477
0 345
1 733
9 789
0 789
0 605
1 1747
0 347
1 1511
1 1511
0 362
9 147
0 307
9 139
9 139
0 382
882 1766
393 788
2 788
5 788
3 788
393 788
0 788
1 788
393 788
4 788
2 694
0 694
4 307
1 174
185 371
538 1077
2 537
88 178
0 103
3 290
4 3159
5 3159
3 3159
11 1331
24 50
1 716
1 508
13 1909
24 1909
13 1909
1 1618
3 1618
0 384
3 384
0 102
0 94
0 585
5 474
267 535
0 261
28 295
84 169
0 148
91 183
8 876
1 733
11 1787
15 1787
1 1787
308 617
0 1553
2 1553
251 504
0 343
1 632
0 127
15 504
541 1083
2 65
571 1144
88 178
6 172
119 240
215 431
18 919
248 498
1 1618
737 1475
183 368
3 26
7 1965
6 1965
0 1965
1 1965
2 1965
3 1965
62 125
0 175
2 55
3 379
0 229
0 229
1 230
3 1042
0 344
5 323
5 746
13 876
9 479
202 406
2 504
85 171
4 575
15 764
17 1913
1 1913
1 1057
2 269
1 173
171 344
0 772
0 242
2 1695
15 1695
5 382
7 764
0 175
0 94
1 811
0 394
0 1287
0 176
69 139
0 310
1 360
114 230
1 811
1 381
1 1129
9 1129
1 1129
1 638
11 1071
35 1410
18 1410
7 1410
1 811
0 497
18 37
0 285
8 305
1 256
0 360
116 233
13 623
0 1061
129 260
0 452
4 563
295 592
5 144
163 327
0 617
5 337
4 362
2987 5976
68 5976
32 5976
92 5976
103 5976
1 5976
112 5976
56 5976
1 5976
537 1075
189 379
330 661
1 162
3 2517
15 431
4 100
1 1386
424 850
2 511
202 405
1 1102
0 1102
0 370
7 196
1 361
420 841
348 698
0 124
0 290
9 218
1 439
11 229
0 349
1 89
0 360
166 333
166 333
2 526
60 122
0 412
0 196
6 874
0 247
7 896
1 338
2 338
0 142
62 1779
889 1779
889 1779
889 1779
6 1238
14 876
6 1853
0 1853
0 1853
295 592
281 564
0 173
5 1539
0 158
1 812
4 584
0 328
130 262
0 816
0 99
397 796
201 404
5 146
172 345
5 464
113 228
136 274
459 919
2 502
4 1110
60 122
5 446
258 518
0 141
15 585
19 561
0 2808
1 1357
707 1416
2 204
6 100
281 563
281 564
0 473
554 1110
0 339
163 327
1 308
147 295
0 587
0 777
3 558
74 149
104 209
2 279
2 962
1 3095
3 3095
0 3095
4 1617
0 1617
2 1617
1 1617
2 318
6 327
0 1767
4 1767
2 1767
1 1767
119 240
0 1071
3 522
0 1618
1 465
0 465
1 465
