576.000000
273.000000
131.000000
89.000000
47.000000
29.000000
29.000000
9.000000
7.000000
5.000000
3.000000
3.000000
2.000000
2.000000
1.000000
1.000000
1.000000
0.000000
0.000000
0.000000
0.000000
0.000000
0.000000
0.000000
0.000000
0.000000
0.000000
0.000000
0.000000
0.000000
0.000000
0.000000
0.000000
0.000000
0.000000
0.000000
0.000000
0.000000
0.000000
0.000000
0.000000
0.000000
0.000000
0.000000
0.000000
0.000000
0.000000
0.000000
0.000000
8.000000
0.000000
0.000000
0.000000
0.000000
0.000000
0.000000
0.000000
0.000000
0.000000
0.000000
0.000000
0.000000
0.000000
0.000000
0.000000
0.000000
0.000000
0.000000
0.000000
0.000000
0.000000
0.000000
1.000000
0.000000
0.000000
0.000000
0.000000
0.000000
0.000000
0.000000
1.000000
4.000000
1.000000
4.000000
1.000000
4.000000
6.000000
13.000000
15.000000
19.000000
21.000000
29.000000
45.000000
59.000000
89.000000
109.000000
150.000000
192.000000
272.000000
299.000000
