533.000000
214.000000
123.000000
76.000000
45.000000
27.000000
19.000000
7.000000
11.000000
5.000000
5.000000
0.000000
2.000000
0.000000
2.000000
1.000000
1.000000
0.000000
0.000000
0.000000
1.000000
0.000000
0.000000
0.000000
0.000000
0.000000
0.000000
0.000000
0.000000
0.000000
0.000000
0.000000
0.000000
0.000000
0.000000
0.000000
0.000000
0.000000
0.000000
0.000000
0.000000
0.000000
0.000000
0.000000
0.000000
0.000000
0.000000
0.000000
0.000000
12.000000
0.000000
0.000000
0.000000
0.000000
0.000000
0.000000
0.000000
0.000000
0.000000
0.000000
0.000000
0.000000
0.000000
0.000000
0.000000
0.000000
1.000000
0.000000
0.000000
0.000000
0.000000
0.000000
0.000000
0.000000
1.000000
0.000000
0.000000
1.000000
0.000000
0.000000
3.000000
1.000000
3.000000
2.000000
11.000000
5.000000
7.000000
16.000000
19.000000
39.000000
29.000000
40.000000
45.000000
63.000000
100.000000
104.000000
140.000000
207.000000
264.000000
365.000000
