859.000000
177.000000
94.000000
64.000000
32.000000
28.000000
23.000000
16.000000
16.000000
8.000000
3.000000
7.000000
4.000000
1.000000
1.000000
3.000000
0.000000
0.000000
0.000000
0.000000
0.000000
0.000000
0.000000
0.000000
0.000000
0.000000
0.000000
0.000000
0.000000
0.000000
0.000000
0.000000
0.000000
0.000000
0.000000
0.000000
0.000000
0.000000
0.000000
0.000000
0.000000
0.000000
0.000000
0.000000
0.000000
0.000000
0.000000
0.000000
1.000000
3.000000
0.000000
0.000000
0.000000
0.000000
0.000000
0.000000
0.000000
0.000000
0.000000
0.000000
0.000000
0.000000
0.000000
0.000000
0.000000
0.000000
1.000000
0.000000
0.000000
0.000000
0.000000
0.000000
0.000000
0.000000
1.000000
0.000000
0.000000
0.000000
1.000000
0.000000
1.000000
0.000000
4.000000
0.000000
0.000000
2.000000
5.000000
7.000000
12.000000
13.000000
19.000000
23.000000
24.000000
57.000000
53.000000
86.000000
100.000000
157.000000
236.000000
408.000000
