416.000000
185.000000
102.000000
76.000000
64.000000
36.000000
19.000000
19.000000
8.000000
5.000000
7.000000
2.000000
1.000000
1.000000
0.000000
1.000000
0.000000
0.000000
0.000000
0.000000
0.000000
0.000000
0.000000
0.000000
0.000000
0.000000
0.000000
0.000000
0.000000
0.000000
0.000000
0.000000
0.000000
0.000000
0.000000
0.000000
0.000000
0.000000
0.000000
0.000000
0.000000
0.000000
0.000000
0.000000
0.000000
1.000000
0.000000
0.000000
0.000000
37.000000
0.000000
0.000000
0.000000
0.000000
0.000000
0.000000
0.000000
0.000000
0.000000
0.000000
0.000000
0.000000
0.000000
0.000000
0.000000
0.000000
0.000000
0.000000
0.000000
0.000000
0.000000
0.000000
0.000000
0.000000
0.000000
0.000000
1.000000
1.000000
0.000000
1.000000
0.000000
4.000000
3.000000
3.000000
7.000000
5.000000
8.000000
9.000000
20.000000
33.000000
39.000000
55.000000
68.000000
87.000000
121.000000
125.000000
159.000000
186.000000
252.000000
383.000000
