999.000000
342.000000
158.000000
98.000000
71.000000
44.000000
35.000000
31.000000
14.000000
14.000000
7.000000
3.000000
6.000000
2.000000
2.000000
2.000000
1.000000
1.000000
1.000000
0.000000
0.000000
1.000000
0.000000
0.000000
0.000000
1.000000
0.000000
0.000000
0.000000
0.000000
0.000000
0.000000
0.000000
0.000000
0.000000
0.000000
0.000000
0.000000
0.000000
0.000000
0.000000
0.000000
0.000000
0.000000
0.000000
0.000000
0.000000
0.000000
1.000000
4.000000
0.000000
0.000000
0.000000
0.000000
0.000000
0.000000
0.000000
0.000000
0.000000
0.000000
0.000000
0.000000
0.000000
0.000000
0.000000
0.000000
0.000000
0.000000
0.000000
0.000000
0.000000
0.000000
0.000000
0.000000
0.000000
0.000000
2.000000
0.000000
0.000000
0.000000
0.000000
0.000000
1.000000
1.000000
0.000000
0.000000
5.000000
0.000000
4.000000
4.000000
11.000000
10.000000
16.000000
20.000000
30.000000
47.000000
60.000000
88.000000
144.000000
269.000000
