642.000000
201.000000
169.000000
80.000000
70.000000
44.000000
33.000000
26.000000
7.000000
7.000000
4.000000
3.000000
4.000000
1.000000
1.000000
0.000000
0.000000
0.000000
0.000000
0.000000
0.000000
0.000000
0.000000
0.000000
0.000000
0.000000
0.000000
0.000000
0.000000
0.000000
0.000000
0.000000
0.000000
0.000000
0.000000
0.000000
0.000000
0.000000
0.000000
0.000000
1.000000
0.000000
0.000000
0.000000
0.000000
0.000000
0.000000
0.000000
1.000000
2.000000
0.000000
0.000000
0.000000
0.000000
0.000000
0.000000
0.000000
0.000000
0.000000
0.000000
0.000000
0.000000
0.000000
0.000000
0.000000
0.000000
0.000000
0.000000
0.000000
0.000000
0.000000
0.000000
0.000000
0.000000
0.000000
0.000000
0.000000
0.000000
0.000000
1.000000
1.000000
0.000000
1.000000
1.000000
1.000000
2.000000
3.000000
8.000000
10.000000
11.000000
19.000000
29.000000
36.000000
37.000000
62.000000
79.000000
134.000000
151.000000
264.000000
404.000000
