1030.000000
356.000000
180.000000
108.000000
87.000000
40.000000
38.000000
34.000000
19.000000
10.000000
12.000000
13.000000
7.000000
3.000000
1.000000
2.000000
5.000000
0.000000
2.000000
1.000000
0.000000
0.000000
0.000000
1.000000
0.000000
0.000000
0.000000
0.000000
0.000000
0.000000
1.000000
0.000000
0.000000
0.000000
0.000000
0.000000
0.000000
0.000000
0.000000
0.000000
0.000000
0.000000
0.000000
0.000000
0.000000
0.000000
0.000000
0.000000
1.000000
5.000000
0.000000
0.000000
0.000000
0.000000
0.000000
0.000000
0.000000
0.000000
0.000000
0.000000
0.000000
0.000000
0.000000
0.000000
0.000000
0.000000
0.000000
0.000000
0.000000
0.000000
0.000000
0.000000
0.000000
0.000000
0.000000
0.000000
0.000000
0.000000
1.000000
0.000000
0.000000
0.000000
1.000000
0.000000
0.000000
0.000000
1.000000
1.000000
2.000000
1.000000
5.000000
5.000000
8.000000
11.000000
21.000000
28.000000
43.000000
83.000000
112.000000
271.000000
