496.000000
179.000000
110.000000
81.000000
36.000000
36.000000
30.000000
14.000000
9.000000
6.000000
3.000000
1.000000
2.000000
1.000000
2.000000
0.000000
0.000000
0.000000
0.000000
0.000000
0.000000
0.000000
0.000000
0.000000
0.000000
1.000000
0.000000
0.000000
0.000000
0.000000
0.000000
0.000000
0.000000
0.000000
0.000000
0.000000
0.000000
0.000000
0.000000
0.000000
0.000000
0.000000
0.000000
0.000000
0.000000
0.000000
0.000000
0.000000
0.000000
19.000000
0.000000
0.000000
0.000000
0.000000
0.000000
0.000000
0.000000
0.000000
0.000000
0.000000
0.000000
0.000000
0.000000
0.000000
0.000000
0.000000
0.000000
0.000000
0.000000
0.000000
0.000000
0.000000
0.000000
0.000000
0.000000
0.000000
1.000000
0.000000
1.000000
1.000000
2.000000
1.000000
7.000000
2.000000
4.000000
9.000000
13.000000
15.000000
18.000000
33.000000
21.000000
50.000000
74.000000
79.000000
111.000000
127.000000
142.000000
227.000000
268.000000
318.000000
