11 384
374 375
17 392
1 576
0 576
38 776
37 776
12 511
12 2287
13 2287
4 745
3 745
21 914
7 338
4 448
0 691
1 691
3 183
28 914
18 1155
1135 1155
82 1155
10 1155
11 1155
1347 1370
21 1623
13 7389
12 7389
76 7389
0 7389
6 7389
11 7389
7 7389
72 7389
186 7389
71 7389
176 7389
2317 2339
8 615
1267 1288
166 176
11 1265
10 1265
16 1265
16 150
3 79
5 1983
6 1983
3 1983
4 1983
6 269
364 397
0 1208
1 1208
2 1208
1467 1474
239 240
4 448
557 558
1 1113
0 1113
2 79
304 305
399 400
385 388
21 590
1363 1483
2 152
2 152
795 796
1416 1536
8 805
17 276
327 328
8 1267
9 1267
2 1267
11 1267
7 1267
13 522
194 198
0 1013
1 1013
7 152
49 1303
0 1008
1 1008
11 327
558 562
13 737
13 737
3 264
4 175
0 44
1 89
8 1913
2 1913
1509 1539
972 973
854 855
299 301
0 7645
292 7645
135 7645
24 7645
1 7645
119 7645
121 7645
77 7645
109 7645
123 7645
157 7645
43 7645
21 7645
34 7645
8 7645
32 7645
127 7645
11 7645
20 7645
49 7645
740 9306
0 9306
10 9306
123 9306
81 9306
317 9306
167 9306
160 9306
15 9306
830 9306
461 9306
146 9306
20 9306
390 9306
143 9306
228 9306
173 9306
177 9306
13 3760
121 3760
51 3760
55 3760
28 3760
9 3760
19 3760
48 3760
685 689
270 295
2 1454
3 1454
0 1454
1 1454
625 626
202 203
403 405
10 794
9 794
842 844
603 657
1103 1110
146 150
8 1071
1 812
1 812
0 422
890 896
394 395
36 2339
1 135
12 324
5 721
68 79
201 204
9 811
10 368
17 380
17 380
2 384
9 152
4 98
66 68
7 446
11 777
14 777
15 884
32 884
1513 1514
841 876
1 348
0 169
0 663
2 663
302 303
239 240
439 441
1463 1474
6 733
9 1077
8 404
3 973
136 138
20 1618
536 567
871 876
159 176
20 2150
21 2150
874 876
10 311
3 1597
0 1597
2 1597
10 1597
611 618
4 98
181 184
38 776
37 776
496 497
5 57
17 392
2 670
0 670
17 392
11 511
6 247
4 876
3 344
936 965
1506 1539
15 509
212 215
173 176
209 215
209 215
1382 1386
280 283
13 764
464 465
786 792
13 10782
1 10782
31 10782
47 10782
12 10782
204 10782
14 10782
120 10782
89 10782
84 10782
29 10782
199 10782
56 10782
50 10782
48 10782
112 10782
170 10782
2 10782
17 10782
18 10782
19 10782
8 10782
173 10782
52 10782
29 10782
3 10782
4 224
20 767
10 144
21 540
2 2510
1 2510
19 269
5 269
2 1269
1 1269
8 919
6 782
4 448
0 931
1 931
3 247
82 89
23 2038
0 2038
1 2038
417 446
52 737
2 1898
1 1898
28 584
1344 1360
6 2257
7 2257
1692 1695
67 2339
1070 1072
5 746
13 746
0 2150
1 2150
39 3410
0 3410
1 3410
717 746
0 2150
1 2150
751 764
724 746
33 456
588 590
14 2449
15 2449
184 191
15 777
3 266
1022 1027
6 976
37 976
23 3000
51 3000
24 3000
91 3000
29 3000
43 3000
7 202
3 456
732 777
8 381
5 295
185 186
440 441
1 94
9 68
267 287
239 240
12 142
239 240
14 655
1 1197
3 2831
1 2831
5 2831
4 2831
12 1331
29 4210
28 4210
91 4210
26 4210
18 4210
59 4210
150 4210
60 4210
33 4210
31 4210
98 4210
2 20
203 209
0 677
1 677
0 1547
1 1547
9 888
7 888
339 344
396 413
2 1012
1 1012
3 1012
264 269
12 467
488 504
1053 1110
9 585
5 2128
1 2128
0 2128
943 960
1343 1483
1505 1536
1515 1536
1107 1110
0 1069
3 1069
2 1069
1012 1014
773 811
14 1110
422 423
1 93
15 183
9 384
8 724
8 2375
0 2375
1 2375
174 178
778 788
3 788
781 788
774 788
780 788
1 788
0 788
779 788
776 788
0 203
220 226
1 4949
12 4949
4 4949
32 4949
56 4949
33 4949
39 4949
117 120
57 2150
9 2150
8 2150
645 653
677 689
13 2955
2 2955
11 2955
0 2955
25 2955
3 2955
9 2955
15 1695
434 439
434 439
223 225
7 2163
6 2163
184 13875
5 13875
81 13875
16 13875
17 13875
54 13875
50 13875
1 13875
165 13875
51 13875
13338 13875
162 13875
43 13875
40 13875
38 2339
217 222
144 150
8 1164
7 1164
11 1164
3 2347
0 2347
1 2347
2 2347
629 633
9 384
4 3126
9 3126
13 3126
3 3126
7 3126
0 3126
1 3126
1 1078
2 1078
4 1078
3 267
20 1926
501 526
810 812
847 858
15 5657
16 5657
40 5657
19 5657
12 5657
11 5657
37 5657
5647 5657
1039 1042
422 423
5 218
160 172
47 1307
53 1021
19 384
399 400
239 240
237 247
160 176
6 247
9 124
21 618
6 247
1 1708
3 1708
0 1708
2 1708
1 762
0 762
3 152
364 371
263 264
3 442
7 442
388 389
74 5642
11 5642
12 5642
140 5642
56 5642
64 5642
42 5642
410 416
5 223
11 86
37 543
16 1403
16 1403
640 679
24 2517
1 87
662 689
9 336
5 89
11 153
17 1403
20 1963
19 1963
0 2002
1 2002
2000 2002
146 147
146 147
159 163
263 264
7 1539
260 264
20 590
0 181
229 241
9 465
25 764
42 764
754 764
20 295
2 1652
0 1652
1958 1967
85 86
4 1110
1 1183
0 1183
2 1183
868 876
387 389
2 1124
3 1124
13 1014
0 961
9 961
1 961
8 526
2 359
34 1130
7 257
1382 1386
21 842
989 1042
3 257
18 2403
50 2403
17 2403
104 106
374 375
26 617
265 270
269 270
339 340
20 327
17 380
504 518
3 587
1 587
8 384
404 424
263 264
18 699
2 1317
3 1317
0 1317
7 120
8 594
3 538
0 603
20 1130
5 344
239 240
10 1241
121 122
29 855
0 1898
2 1898
0 1898
1 1898
17 384
13 17
904 914
9 777
160 163
26 4713
32 4713
7 4713
367 4713
5 4713
34 4713
0 44
2 2150
4 2150
3 2150
4 2150
388 402
11 266
1 781
0 781
2 781
5 781
662 664
686 689
13 874
787 796
795 796
1391 1464
51 1464
50 1464
546 548
381 382
18 233
2 663
255 257
496 506
7 1012
24 257
586 626
1 371
23 782
44 3816
6 3816
1 3816
0 3816
7 3816
5 3816
10 3816
339 340
0 1347
2 1347
7 149
536 554
4 364
5 364
276 295
52 435
31 695
0 1247
1 1247
7 423
896 914
5 265
0 631
4 631
185 186
503 518
158 171
505 511
39 431
1 2308
0 2308
9 2303
7 2303
3 145
1 145
7 145
12 467
513 518
404 405
317 318
27 423
304 324
388 389
36 8726
20 8726
65 8726
110 8726
150 8726
16 8726
305 8726
61 8726
49 8726
53 8726
35 8726
82 8726
68 8726
415 422
103 108
440 456
0 1036
1 1036
378 391
319 344
645 679
11 154
22 397
13 3066
14 3066
33 3066
0 1214
1 1214
128 1595
1522 1595
762 764
2 457
3 368
2 376
4 209
207 209
1 1191
0 1191
589 592
377 378
134 141
388 389
444 446
256 264
521 526
12 1110
1383 12734
19 12734
67 12734
246 12734
35 12734
92 12734
947 12734
78 12734
9 12734
237 12734
75 12734
74 12734
16 12734
13 12734
85 12734
314 12734
153 12734
77 12734
202 203
5 89
21 653
21 295
1 841
6 441
16 384
875 876
1179 1264
1212 1264
1254 1264
6 404
16 1483
13 1110
16 590
552 590
5 264
106 107
10 1386
144 148
4 89
772 842
460 461
0 669
1 669
13 737
18 699
7 423
13 737
105 107
106 107
141 148
14 473
32 2629
42 2629
8 2629
9 2629
11 384
2 1589
1 1589
0 1589
2 113
0 2696
1 2696
8 2696
765 774
34 664
969 987
4 987
7 987
12 4344
1 4344
6 4344
44 4344
7 4344
5 4344
0 4344
214 222
616 626
15 1376
2 1376
14 1376
4 1376
544 558
5 680
4 680
233 234
174 177
17 177
383 384
13 441
30 441
5 376
0 1511
1 1511
6 522
7 522
0 169
13 737
34 664
470 479
21 2238
32 2238
29 2238
20 2238
1061 1074
10 737
759 762
2485 2517
12 788
29 2300
28 2300
757 762
20 618
7 183
263 270
11 558
251 252
289 295
21 1913
22 1913
29 656
5 656
6 656
239 240
2 423
41 764
372 373
425 446
3 357
7 423
2 632
573 590
549 562
6 456
0 9
293 587
557 562
36 1014
710 774
10 404
548 567
8 1407
37 594
0 690
1 690
9 250
126 127
294 295
0 2725
4 2725
3 2725
1 2725
2 2725
0 442
2 442
493 518
500 508
1 269
3 269
0 38
1 6094
4 6094
0 6094
3 6094
5 6094
1347 1370
12 2737
11 2737
84 1409
499 526
31 465
333 339
0 960
1 960
375 382
10 295
5 404
6 431
8 1536
8 615
7 844
0 308
10 504
18 560
1 730
0 730
679 764
1603 1701
239 240
3 283
595 596
17 392
6 2339
5 2339
4 303
2 461
548 563
6 438
6 122
1 980
0 980
819 845
607 665
10 378
337 352
8 889
7 889
10 189
1 431
746 751
10 526
6 1955
2 1955
9 1955
5 1955
1 1955
7 1955
12 9453
26 9453
11 9453
3 9453
13 9453
37 9453
0 9453
15 9453
2 9453
6 9453
9 9453
5 9453
1 9453
4 9453
8 9453
2 3604
3 3604
1 3604
3504 3604
0 3604
8 2982
6 2982
13 2982
7 2982
5 2982
14 1152
487 499
0 181
1 181
13 249
15 613
394 395
555 575
10 122
1 1114
3 1114
6 283
10 283
2 241
4 55
645 655
0 1887
2 1887
1 1887
64 7512
28 7512
49 7512
115 7512
129 7512
15 7512
61 7512
358 7512
276 7512
305 7512
103 7512
71 7512
85 7512
310 7512
7496 7512
309 328
11 623
6 106
68 82
9 305
192 196
144 151
5 439
13 328
2014 2031
8 4370
7 4370
3 4370
6 4370
1 4370
4 4370
2 4370
0 4370
3 340
1 360
3 269
1 413
859 887
0 187
1 187
3 534
12 1539
52 726
255 257
196 202
1 764
0 764
26 473
2 729
1 729
0 729
173 174
5 593
4 326
12 282
58 59
8 2849
24 2849
28 2849
9 2849
8 225
33 435
15 435
4 522
2 146
478 479
15 399
4 587
29 562
779 788
3 788
784 788
780 788
782 788
0 788
1 788
783 788
781 788
2 473
1 473
1 1528
0 1528
39 1904
77 1904
16 733
213 219
56 2417
60 2417
30 594
19 594
18 594
1 620
0 620
3 476
4 476
6 405
1603 1695
4 91
5 91
2 1223
3 1223
15 1223
473 479
315 328
3 1879
0 1879
51 4834
38 4834
3 4834
12 4834
37 4834
36 4834
1 145
709 739
10 336
7 361
8 177
394 413
740 759
190 191
190 191
15 240
8 233
176 177
2 176
5 318
0 807
1 807
8 761
7 446
0 931
1 931
27 1074
12 812
10 287
710 764
1042 1043
9 857
5 922
0 558
1 558
15 279
5 173
125 130
2 617
3 617
0 1707
1 1707
0 4275
1 4275
6 4275
3 4275
4 4275
0 1149
2 1149
3 1149
1 2971
2 2971
9 336
4 318
1025 1026
0 92
2 92
306 311
143 161
771 774
126 127
378 379
389 400
423 428
4 381
558 562
5 497
392 393
5 279
322 323
390 395
27 223
8 362
487 509
12 2434
674 716
5 388
227 233
4 484
480 484
480 484
27 1075
25 1075
86 1075
1066 1075
6 118
4 114
794 844
792 844
0 306
1 1742
0 1742
2 1742
427 441
648 655
82 764
478 509
3715 3737
0 3737
2 3737
1 3737
6 562
2066 2181
3 338
3 40
327 379
404 405
424 474
3 98
1127 1143
6 368
19 699
0 343
16 126
7 1644
8 1644
0 767
1 767
24 767
5 20
281 310
2 354
3 61
29 297
661 727
20 395
1567 1618
229 233
3 381
18 473
14 217
2 152
666 768
15 171
3 567
2 301
3 461
780 788
3 788
785 788
781 788
784 788
1 788
0 788
782 788
783 788
398 405
650 653
133 139
5 324
30 973
50 1386
624 633
653 664
1585 1618
21 395
4 295
341 344
227 230
1109 2219
1 385
21 527
20 1926
20 1926
547 548
0 919
696 699
467 472
324 327
2 821
3 821
5 821
4 526
7 567
3 1012
1 1012
2 1012
9 562
32 739
1 266
214 227
0 241
622 635
354 391
3 177
4 407
428 435
28 535
26 527
1 371
1 371
4 240
12 57
286 297
6 262
353 361
1289 1312
81 84
277 287
16 509
584 585
545 592
34 812
51 2339
277 290
2 948
3 948
6 448
947 973
4 360
15 389
1630 1646
2 2101
0 2101
1 2101
3 2101
10 876
421 472
12 265
23 777
8 502
6 137
188 209
10 144
174 183
1 370
18 135
114 120
940 962
695 721
111 114
33 3218
14 1747
0 231
4 1110
0 153
5 290
9 397
18 325
311 319
370 382
8 5267
18 5267
10 5267
6 5267
14 5267
16 5267
9 5267
12 5267
4 5267
3 5267
5 5267
0 5267
7 5267
13 5267
1 1034
0 1034
1 2191
0 2191
12 247
12 247
61 1416
99 1027
3 319
4 1042
9 384
4 163
8 127
4 484
3 900
5 544
19 265
11 368
4 930
1 2416
0 2416
4 2416
83 919
405 407
5 382
3 247
7 233
0 1183
1 1183
2 1183
4 1185
7 382
5 340
0 3763
1 3763
176 177
470 477
140 141
23 242
0 295
1 295
13 395
8 615
1 308
4 1695
11 511
1 227
252 257
39 2339
378 395
2 359
8 761
238 257
175 176
13 336
190 195
357 365
239 240
224 230
3 196
6 338
20 1116
18 1116
9 1124
2 300
33 1623
70 906
0 57
2 188
9 1057
0 233
678 721
313 318
17 735
18 699
4 446
8 310
2 165
457 465
172 1130
664 679
5 392
5 348
0 1898
1 1898
5 472
5 950
11 950
3 950
190 191
18 1695
322 324
4 282
7 861
35 1695
9 360
63 960
360 388
3 1701
5 453
3 453
244 247
2 461
294 295
1010 1042
518 549
8 319
17 1110
8 2517
1 866
0 866
122 141
5 387
2 48
1 1791
0 1791
10 511
7 275
4 286
1 423
3 191
11 950
500 509
2 861
4 364
5 364
373 378
3556 3651
4 364
5 364
283 298
671 679
24 654
176 177
591 605
6 392
13 392
17 569
0 43
408 414
269 272
306 327
2 2050
1 2050
3 2050
105 617
14 927
1 1268
0 1268
2 1268
16 1413
145 157
4 317
771 790
758 790
12 812
1073 1077
575 584
17 562
1344 1360
10 1695
30 405
4 587
126 127
1 1592
0 1592
1 1719
2 1719
0 1719
2 548
1 548
194 195
344 352
2 1043
0 2703
3 2703
1 2703
2 2703
1115 1165
384 395
9 1323
6 1323
5 1323
25 1323
12 1323
2 118
151 165
12 663
407 451
21 1536
1 1526
0 1526
2 1526
2 116
10 327
4 587
3 139
6 325
1236 1288
3 116
5 240
2 217
68 712
43 1386
2335 2339
16 2517
10 381
7 284
164 183
8 295
13 2517
1960 2339
13 465
2 247
11 2517
4 55
5 281
1 247
1349 1360
37 461
3672 3761
92 590
8 594
35 378
1523 1539
10 108
293 4338
135 1552
3 152
23 646
12 306
28 657
27 657
23 1042
416 421
1039 1042
8 222
1028 1034
266 270
7 1104
2 486
499 502
56 57
16 816
21 2365
15 1074
0 187
4 2236
3 2236
1 2236
0 2236
404 405
35 1110
25 497
213 222
119 120
4 151
4 1392
4 230
85 86
77 78
2297 2339
8 9
125 1021
317 318
1 308
26 279
757 762
85 88
8 721
20 1027
492 500
2 89
2 86
155 159
3 733
713 725
11 276
484 497
1124 1130
439 456
2 654
768 777
51 53
3 340
472 475
2 142
21 694
40 41
7 90
587 588
586 588
583 588
212 214
66 67
547 588
6 327
1 342
8 588
191 193
5 161
4 90
575 588
40 41
20 322
13 718
3 142
546 567
17 588
4 113
6 120
581 588
11 567
39 588
587 588
17 483
586 588
198 218
587 588
11 282
11 282
45 588
23 218
326 327
23 24
4 274
3 274
9 214
2 142
5 90
6 90
2 228
545 567
3 229
13 567
336 343
2 228
6 327
3 43
13 386
33 694
7 228
15 475
24 588
25 475
30 946
15 475
3 567
3 457
7 327
17 483
14 343
3 116
25 475
5 228
7 342
22 327
25 560
16 229
98 99
8 588
40 43
7 43
1 168
12 141
10 483
15 16
28 588
1 386
10 334
6 588
5 588
6 588
4 588
7 90
587 588
7 271
16 588
17 386
4 67
23 560
11 342
453 454
587 588
51 588
5 211
676 694
19 694
9 228
22 327
21 588
27 752
5 53
224 229
28 588
2 41
10 374
43 334
17 588
28 475
5 110
228 229
56 58
35 588
2 142
9 153
14 334
113 116
116 118
21 588
14 386
7 327
139 142
10 228
8 156
12 588
10 588
8 327
338 343
8 153
14 475
13 588
98 99
11 588
7 588
36 574
629 694
4 90
20 694
1 56
17 560
7 342
19 322
15 752
14 588
315 327
189 193
10 454
4 342
66 67
20 327
24 588
5 229
4 342
5 67
72 2673
5 211
22 483
326 327
34 228
4 33
10 962
6 1539
13 125
0 120
76 80
3 816
8 554
1 176
393 406
0 66
15 473
6 977
5 844
1 290
477 502
87 88
2 275
144 147
41 515
4 1205
16 1403
10 1695
5 605
6 605
1 1347
0 1347
1503 1516
4 295
469 473
6 59
954 1021
8 788
227 228
1104 1110
86 88
4 768
7 476
336 337
333 340
1658 1695
126 127
1 308
372 378
7 241
9 452
4 284
1 1900
0 1900
1 3101
0 3101
0 6
208 218
650 664
1 158
0 423
7 951
9 951
4 623
2 399
1519 1577
266 278
2 214
8 2150
4 2150
1 145
1 404
1 1074
328 336
5 362
4 594
2 216
425 439
511 527
1378 1386
6 639
752 762
6 625
7 625
0 725
12 395
2 1036
37 1042
17 393
1500 1539
6 368
1510 1539
4 117
8 632
989 1042
4 518
2 567
438 452
8 1071
337 347
3 303
0 120
265 270
20 2237
48 2237
2 2237
0 2237
21 2237
1 233
98 1552
0 409
0 1230
1 1230
851 853
2 400
0 126
445 446
20 857
3 973
0 274
1 274
0 3390
35 3390
1 3390
8 3390
2 584
62 890
616 626
16 216
2 1346
6 247
10 287
6 79
2 196
188 191
160 7353
46 7353
47 7353
437 7353
65 7353
79 7353
205 7353
36 7353
30 7353
7120 7353
37 7353
182 7353
51 7353
212 7353
13 7353
41 7353
140 141
1 2466
2 2466
3 2466
0 2466
1387 1456
8 10604
14 10604
55 10604
58 10604
0 10604
33 10604
1 10604
19 10604
25 10604
26 10604
2 10604
90 10604
13 10604
15 10604
110 10604
9 10604
3 1655
2 1655
1 407
2 1162
3 1162
0 1162
1 1162
475 479
6 623
1 87
543 564
4 391
3 295
3 590
3 508
1690 1695
0 47
777 788
3 788
785 788
778 788
780 788
1 788
0 788
775 788
782 788
226 230
6 739
423 436
1651 1695
1 247
621 626
566 567
114 115
1 48
23 344
12 684
34 764
554 582
101 1072
1 1862
0 1862
9 369
875 876
5 625
214 233
0 937
1 937
4 937
4 230
2 421
270 272
203 218
801 812
793 826
7 919
4 887
3 1072
42 2339
4 958
3 958
18 1623
140 141
790 792
765 811
0 2330
1 2330
6 247
22 974
119 120
0 182
6 423
4 1967
2 30
9 384
4 549
1141 1153
0 497
16 188
35 498
1 157
0 157
2331 2339
9 950
56 57
1 135
13 473
1 962
4 448
1 163
383 414
2 1161
0 1161
1 1161
1 117
2 96
16 1403
3 1346
1 139
1102 1110
472 473
35 318
4 318
3 700
152 162
12 1967
1485 1539
11 1539
103 106
1 5662
0 5662
3 5662
2 5662
4 5662
1497 1536
29 1536
34 625
11 2565
7 2565
10 2565
6 2565
8 2565
9 2565
1746 1747
383 384
3 183
0 1249
3 1249
1 87
27 812
734 746
6 2128
0 2128
1 2128
472 473
1 67
122 124
167 178
8 764
1 379
16 2396
12 2396
13 2396
10 890
21 890
11 890
7 38
1 2407
2 2407
3 2407
7 2407
717 735
1 581
0 581
0 385
1 385
5 615
1 139
632 641
4 448
2 1064
4 1064
11 2225
87 89
1 941
1 89
6 1419
0 452
3 80
523 554
1 89
16 1294
15 1294
7 381
30 1948
29 1948
23 1948
27 1948
6 962
26 448
1 352
136 137
4 594
1 1708
0 1708
282 287
0 25
814 816
620 626
86 90
20 2339
2 1536
225 233
53 69
8 319
12 796
445 446
5 527
5 142
3 369
22 153
588 590
6 385
389 413
3 446
1 2395
2 2395
387 404
295 592
19 2163
16 2163
17 2163
2 55
185 191
1 2423
0 2423
6 2423
337 344
4 196
450 452
34 1403
0 1205
1 1205
14 1014
5 294
4 448
85 86
12 395
843 844
17 844
3 303
1356 1360
1 812
102 107
1 562
478 479
13 467
42 1733
25 1733
26 1733
72 80
678 739
419 446
239 247
9 389
2 733
6 215
4 295
24 431
3 175
129 130
186 187
2 135
4 284
363 371
315 330
2 1724
0 1724
1 1724
6 549
871 919
1100 1139
0 896
1 896
3 437
0 103
257 264
5 261
3 264
7 648
28 1577
0 1501
2 1501
1 1501
571 617
44 1618
2 285
14 504
114 115
1 48
246 247
719 737
0 223
7 509
307 311
565 594
469 477
2 345
3 733
9 789
8 789
15 605
1724 1747
345 347
2 1511
3 1511
5 362
146 147
291 307
10 139
9 139
8 382
60 1766
781 788
3 788
782 788
773 788
783 788
0 788
1 788
780 788
774 788
4 694
0 694
302 307
171 174
29 371
1032 1077
533 537
4 178
102 103
14 290
3105 3159
3058 3159
3093 3159
1302 1331
24 50
3 716
2 508
13 1909
24 1909
12 1909
1597 1618
1582 1618
9 384
9 384
0 102
90 94
9 585
419 474
36 535
1 261
294 295
0 169
7 148
9 183
868 876
3 733
14 1787
4 1787
8 1787
41 617
0 1553
1 1553
8 504
1 343
4 632
7 127
503 504
1052 1083
63 65
1088 1144
168 178
12 172
14 240
426 431
918 919
495 498
6 1618
42 1475
355 368
3 26
7 1965
6 1965
1 1965
3 1965
0 1965
2 1965
124 125
173 175
53 55
363 379
0 229
0 229
1 230
11 1042
335 344
322 323
688 746
875 876
473 479
405 406
8 504
162 171
17 575
747 764
7 1913
2 1913
12 1057
15 269
1 173
4 344
5 772
23 242
16 1695
1685 1695
381 382
740 764
3 175
93 94
9 811
6 394
5 1287
0 176
137 139
0 310
1 360
221 230
9 811
7 381
0 1129
9 1129
1 1129
1 638
1068 1071
37 1410
6 1410
7 1410
9 811
6 497
0 37
2 285
304 305
5 256
1 360
231 233
578 623
2 1061
253 260
446 452
558 563
589 592
6 144
319 327
1 617
336 337
361 362
5943 5976
68 5976
37 5976
92 5976
102 5976
35 5976
113 5976
55 5976
9 5976
1061 1075
371 379
626 661
1 162
63 2517
29 431
6 100
4 1386
824 850
6 511
403 405
1 1102
0 1102
1 370
188 196
1 361
832 841
697 698
0 124
0 290
217 218
435 439
212 229
5 349
5 89
1 360
331 333
330 333
8 526
121 122
2 412
15 196
13 874
0 247
889 896
0 338
1 338
4 142
1778 1779
1637 1779
1752 1779
1723 1779
1184 1238
874 876
6 1853
1 1853
0 1853
578 592
555 564
1 173
1478 1539
1 158
797 812
582 584
2 328
8 262
11 816
95 99
0 796
381 404
141 146
344 345
5 464
220 228
264 274
854 919
496 502
1102 1110
105 122
5 446
491 518
0 141
548 585
560 561
2799 2808
1352 1357
115 1416
0 204
6 100
25 563
0 564
463 473
15 1110
10 339
163 327
2 308
280 295
1 587
11 777
557 558
148 149
190 209
1 279
36 962
0 3095
1 3095
7 3095
2 1617
3 1617
0 1617
1 1617
317 318
325 327
0 1767
2 1767
5 1767
7 1767
239 240
8 1071
13 522
4 1618
1 465
0 465
17 465
