2 384
373 375
391 392
4 576
7 576
12 776
11 776
502 511
2115 2287
2205 2287
681 745
7 745
5 914
2 338
11 448
685 691
689 691
0 183
6 914
1109 1155
1136 1155
1053 1155
12 1155
9 1155
1 1370
4 1623
7386 7389
7373 7389
7296 7389
85 7389
224 7389
7383 7389
7365 7389
34 7389
82 7389
226 7389
7055 7389
2213 2339
538 615
1270 1288
158 176
1240 1265
1208 1265
1251 1265
10 150
71 79
56 1983
1965 1983
47 1983
1967 1983
260 269
354 397
1 1208
8 1208
69 1208
1453 1474
236 240
447 448
556 558
4 1113
9 1113
0 79
301 305
399 400
0 388
579 590
1 1483
3 152
6 152
790 796
1502 1536
7 805
275 276
317 328
1261 1267
1262 1267
1237 1267
1231 1267
1264 1267
2 522
194 198
957 1013
956 1013
144 152
28 1303
987 1008
938 1008
21 327
547 562
2 737
4 737
12 264
1 175
43 44
88 89
1821 1913
1791 1913
1505 1539
972 973
849 855
300 301
7371 7645
114 7645
7619 7645
7315 7645
376 7645
7560 7645
7633 7645
7604 7645
7627 7645
129 7645
133 7645
7514 7645
7589 7645
76 7645
7454 7645
582 7645
7264 7645
7498 7645
115 7645
7479 7645
177 9306
72 9306
9084 9306
9213 9306
9252 9306
60 9306
9294 9306
9295 9306
9174 9306
8741 9306
6 9306
9273 9306
9104 9306
9262 9306
9263 9306
9256 9306
9270 9306
55 9306
3655 3760
3577 3760
3755 3760
3756 3760
3732 3760
3676 3760
3743 3760
3751 3760
675 689
7 295
1444 1454
1412 1454
205 1454
32 1454
619 626
187 203
401 405
790 794
782 794
815 844
76 657
1095 1110
8 150
7 1071
0 812
0 812
0 422
889 896
394 395
4 2339
0 135
11 324
13 721
2 79
191 204
18 811
1 368
4 380
1 380
0 384
1 152
2 98
65 68
7 446
4 777
776 777
0 884
878 884
1513 1514
835 876
331 348
0 169
652 663
662 663
300 303
235 240
433 441
1446 1474
0 733
1076 1077
399 404
0 973
135 138
1602 1618
13 567
875 876
153 176
3 2150
2115 2150
873 876
16 311
1535 1597
1496 1597
1579 1597
1506 1597
615 618
2 98
183 184
775 776
14 776
493 497
56 57
8 392
666 670
11 670
27 392
1 511
5 247
0 876
0 344
950 965
1507 1539
6 509
210 215
174 176
211 215
205 215
1339 1386
276 283
21 764
460 465
778 792
10370 10782
37 10782
10295 10782
51 10782
22 10782
10720 10782
130 10782
294 10782
350 10782
61 10782
10576 10782
10708 10782
10695 10782
10748 10782
10707 10782
10409 10782
156 10782
439 10782
10726 10782
10211 10782
8 10782
44 10782
286 10782
10623 10782
10576 10782
10353 10782
0 224
765 767
2 144
24 540
18 2510
77 2510
16 269
241 269
1244 1269
0 1269
18 919
0 782
0 448
1 931
929 931
11 247
3 89
2017 2038
53 2038
96 2038
2 446
717 737
1882 1898
1886 1898
28 584
1277 1360
2252 2257
1 2257
1678 1695
18 2339
1066 1072
4 746
3 746
32 2150
1998 2150
3353 3410
3226 3410
3297 3410
668 746
2070 2150
2025 2150
760 764
6 746
5 456
588 590
14 2449
2446 2449
184 191
1 777
5 266
1021 1027
919 976
41 976
2969 3000
2994 3000
17 3000
41 3000
64 3000
2853 3000
190 202
9 456
712 777
8 381
15 295
184 186
436 441
1 94
4 68
13 287
0 240
7 142
238 240
29 655
2 1197
5 2831
13 2831
3 2831
1 2831
2 1331
4181 4210
4182 4210
4108 4210
4201 4210
3871 4210
4120 4210
45 4210
17 4210
4195 4210
4191 4210
4014 4210
0 20
202 209
669 677
46 677
18 1547
1478 1547
883 888
880 888
342 344
397 413
919 1012
8 1012
911 1012
267 269
19 467
502 504
1063 1110
5 585
2119 2128
2079 2128
2090 2128
952 960
0 1483
1484 1536
1487 1536
1105 1110
24 1069
1067 1069
1063 1069
1009 1014
751 811
1099 1110
420 423
8 93
174 183
378 384
10 724
2350 2375
2302 2375
2335 2375
168 178
781 788
777 788
785 788
780 788
783 788
782 788
778 788
779 788
784 788
0 203
217 226
330 4949
4848 4949
12 4949
92 4949
41 4949
201 4949
214 4949
0 120
33 2150
2137 2150
2039 2150
643 653
642 689
44 2955
23 2955
2786 2955
0 2955
2930 2955
2914 2955
13 2955
19 1695
427 439
431 439
222 225
31 2163
51 2163
13239 13875
13440 13875
147 13875
181 13875
171 13875
66 13875
307 13875
387 13875
13636 13875
279 13875
1427 13875
13829 13875
13743 13875
13781 13875
26 2339
212 222
146 150
10 1164
24 1164
1111 1164
1 2347
2 2347
0 2347
4 2347
630 633
0 384
3103 3126
3004 3126
3089 3126
3097 3126
2881 3126
3081 3126
3085 3126
1062 1078
32 1078
102 1078
0 267
31 1926
488 526
787 812
803 858
40 5657
5323 5657
1 5657
9 5657
68 5657
46 5657
268 5657
5624 5657
1040 1042
422 423
0 218
17 172
71 1307
2 1021
378 384
399 400
235 240
12 247
7 176
0 247
14 124
614 618
2 247
12 1708
110 1708
30 1708
36 1708
9 762
4 762
4 152
359 371
263 264
413 442
441 442
386 389
5614 5642
5557 5642
146 5642
112 5642
21 5642
1 5642
5640 5642
411 416
5 223
5 86
499 543
2 1403
1390 1403
619 679
1 2517
0 87
627 689
2 336
88 89
149 153
6 1403
1956 1963
1946 1963
1 2002
17 2002
1970 2002
145 147
144 147
1 163
263 264
45 1539
251 264
584 590
179 181
224 241
442 465
2 764
4 764
712 764
282 295
1632 1652
1604 1652
1957 1967
85 86
9 1110
15 1183
7 1183
1 1183
5 876
1 389
17 1124
1102 1124
17 1014
2 961
1 961
61 961
523 526
2 359
8 1130
245 257
1340 1386
3 842
1031 1042
0 257
2391 2403
40 2403
34 2403
99 106
372 375
594 617
268 270
256 270
337 340
5 327
3 380
493 518
586 587
576 587
0 384
0 424
263 264
5 699
1243 1317
1313 1317
29 1317
115 120
11 594
2 538
4 603
38 1130
0 344
235 240
6 1241
121 122
80 855
1891 1898
1890 1898
1853 1898
1886 1898
5 384
16 17
7 914
19 777
159 163
4607 4713
4655 4713
4698 4713
4327 4713
4704 4713
4406 4713
43 44
2123 2150
2117 2150
20 2150
57 2150
9 402
258 266
756 781
738 781
712 781
762 781
659 664
683 689
1 874
0 796
780 796
1394 1464
1411 1464
22 1464
540 548
377 382
0 233
5 663
255 257
502 506
937 1012
248 257
574 626
2 371
22 782
3602 3816
3785 3816
3722 3816
3782 3816
3742 3816
3791 3816
3700 3816
338 340
1308 1347
26 1347
145 149
547 554
363 364
344 364
282 295
32 435
670 695
1232 1247
28 1247
5 423
900 914
1 265
616 631
621 631
180 186
508 518
152 171
491 511
424 431
3 2308
20 2308
164 2303
22 2303
141 145
140 145
11 145
425 467
509 518
401 405
316 318
2 423
9 324
386 389
35 8726
8586 8726
8468 8726
8568 8726
129 8726
8566 8726
8204 8726
8235 8726
8714 8726
8725 8726
39 8726
33 8726
28 8726
418 422
103 108
417 456
0 1036
9 1036
388 391
324 344
620 679
6 154
19 397
1 3066
2 3066
3005 3066
1201 1214
1205 1214
1525 1595
29 1595
761 764
1 457
0 368
0 376
204 209
191 209
9 1191
5 1191
587 592
367 378
131 141
386 389
439 446
254 264
523 526
47 1110
12416 12734
1102 12734
12704 12734
278 12734
12659 12734
766 12734
787 12734
13 12734
12223 12734
47 12734
423 12734
400 12734
12326 12734
561 12734
579 12734
390 12734
502 12734
12715 12734
202 203
88 89
35 653
8 295
6 841
0 441
378 384
861 876
36 1264
1228 1264
1233 1264
15 404
0 1483
8 1110
580 590
586 590
260 264
106 107
4 1386
147 148
87 89
780 842
458 461
12 669
83 669
0 737
61 699
5 423
0 737
105 107
106 107
6 148
469 473
2499 2629
109 2629
2624 2629
2621 2629
0 384
1586 1589
1550 1589
1538 1589
4 113
2640 2696
2670 2696
46 2696
709 774
7 664
933 987
976 987
983 987
3962 4344
4033 4344
301 4344
8 4344
42 4344
25 4344
4007 4344
206 222
613 626
1317 1376
1349 1376
1105 1376
1358 1376
556 558
679 680
645 680
7 234
172 177
17 177
379 384
440 441
438 441
371 376
1454 1511
49 1511
0 522
520 522
0 169
26 737
18 664
460 479
2157 2238
46 2238
0 2238
11 2238
1071 1074
2 737
12 762
2389 2517
744 788
2297 2300
2274 2300
12 762
616 618
181 183
268 270
10 558
251 252
265 295
42 1913
1816 1913
645 656
637 656
648 656
238 240
0 423
47 764
356 373
434 446
4 357
6 423
1 632
583 590
12 562
15 456
0 9
293 587
541 562
25 1014
674 774
388 404
565 567
1403 1407
2 594
3 690
0 690
0 250
126 127
294 295
134 2725
189 2725
159 2725
149 2725
66 2725
415 442
404 442
31 518
506 508
3 269
261 269
0 38
305 6094
213 6094
163 6094
116 6094
148 6094
1307 1370
2733 2737
2682 2737
61 1409
503 526
436 465
338 339
947 960
950 960
21 382
279 295
1 404
13 431
1516 1536
2 615
1 844
7 308
487 504
0 560
692 730
0 730
692 764
46 1701
234 240
4 283
579 596
29 392
103 2339
81 2339
5 303
3 461
552 563
6 438
101 122
978 980
979 980
801 845
646 665
9 378
339 352
888 889
4 889
1 189
3 431
740 751
493 526
1942 1955
1911 1955
1950 1955
1918 1955
1827 1955
1948 1955
394 9453
9381 9453
367 9453
251 9453
9399 9453
422 9453
68 9453
270 9453
183 9453
320 9453
794 9453
313 9453
157 9453
10 9453
9403 9453
27 3604
3465 3604
161 3604
3399 3604
167 3604
2976 2982
2970 2982
2962 2982
2971 2982
13 2982
1146 1152
498 499
1 181
0 181
3 249
14 613
391 395
501 575
2 122
1034 1114
1093 1114
16 283
21 283
7 241
4 55
650 655
27 1887
1856 1887
80 1887
7504 7512
7410 7512
7494 7512
7258 7512
7248 7512
7300 7512
7468 7512
7168 7512
6800 7512
7238 7512
7399 7512
7487 7512
7445 7512
7240 7512
7233 7512
1 328
4 623
8 106
2 82
3 305
177 196
148 151
1 439
17 328
1956 2031
275 4370
241 4370
221 4370
250 4370
129 4370
143 4370
214 4370
207 4370
0 340
0 360
0 269
12 413
1 887
4 187
5 187
491 534
1515 1539
58 726
250 257
193 202
4 764
1 764
5 473
716 729
717 729
720 729
173 174
25 593
2 326
18 282
58 59
53 2849
59 2849
84 2849
226 2849
0 225
12 435
6 435
6 522
0 146
477 479
24 399
14 587
561 562
778 788
782 788
785 788
781 788
780 788
784 788
783 788
779 788
786 788
27 473
33 473
1492 1528
12 1528
26 1904
46 1904
10 733
211 219
2379 2417
2404 2417
22 594
22 594
13 594
7 620
5 620
14 476
24 476
0 405
1612 1695
90 91
7 91
0 1223
1 1223
3 1223
465 479
2 328
1 1879
8 1879
92 4834
16 4834
4830 4834
4832 4834
83 4834
11 4834
6 145
702 739
333 336
350 361
3 177
0 413
729 759
189 191
184 191
13 240
6 233
3 177
2 176
2 318
25 807
52 807
22 761
416 446
3 931
930 931
0 1074
8 812
6 287
687 764
1037 1043
18 857
9 922
554 558
542 558
13 279
6 173
125 130
4 617
7 617
35 1707
1684 1707
33 4275
3972 4275
4194 4275
4185 4275
4188 4275
0 1149
1064 1149
1082 1149
2934 2971
2938 2971
330 336
11 318
1008 1026
2 92
89 92
309 311
143 161
715 774
123 127
372 379
389 400
416 428
30 381
549 562
3 497
386 393
15 279
321 323
375 395
211 223
2 362
497 509
36 2434
0 716
1 388
227 233
4 484
473 484
468 484
17 1075
26 1075
6 1075
1049 1075
4 118
6 114
798 844
780 844
1 306
1700 1742
1669 1742
1677 1742
436 441
654 655
36 764
505 509
382 3737
0 3737
2 3737
6 3737
11 562
193 2181
2 338
1 40
336 379
12 405
450 474
93 98
1095 1143
11 368
9 699
1 343
10 126
16 1644
1639 1644
11 767
24 767
27 767
8 20
6 310
0 354
2 61
291 297
24 727
3 395
10 1618
222 233
365 381
469 473
12 217
142 152
669 768
163 171
10 567
5 301
6 461
776 788
779 788
785 788
778 788
780 788
782 788
781 788
777 788
783 788
404 405
629 653
9 139
10 324
962 973
20 1386
626 633
646 664
33 1618
392 395
0 295
1 344
226 230
2149 2219
384 385
38 527
58 1926
69 1926
537 548
11 919
689 699
469 472
310 327
12 821
28 821
750 821
4 526
18 567
39 1012
17 1012
16 1012
2 562
15 739
1 266
220 227
0 241
628 635
390 391
0 177
9 407
421 435
522 535
30 527
2 371
355 371
3 240
55 57
271 297
261 262
344 361
1297 1312
1 84
275 287
501 509
563 585
26 592
800 812
2163 2339
285 290
0 948
1 948
420 448
955 973
3 360
387 389
1635 1646
60 2101
1 2101
10 2101
0 2101
17 876
20 472
247 265
11 777
14 502
5 137
193 209
6 144
178 183
6 370
134 135
105 120
927 962
33 721
110 114
3204 3218
1 1747
4 231
1004 1110
4 153
0 290
15 397
315 325
316 319
357 382
143 5267
160 5267
153 5267
88 5267
276 5267
161 5267
238 5267
294 5267
16 5267
11 5267
38 5267
14 5267
126 5267
221 5267
38 1034
1 1034
98 2191
9 2191
14 247
13 247
55 1416
127 1027
25 319
13 1042
22 384
11 163
1 127
0 484
26 900
6 544
20 265
11 368
16 930
2413 2416
2412 2416
2410 2416
16 919
399 407
0 382
0 247
3 233
4 1183
2 1183
1 1183
2 1185
1 382
0 340
0 3763
2 3763
176 177
7 477
140 141
4 242
10 295
6 295
4 395
558 615
1 308
1 1695
13 511
5 227
2 257
35 2339
1 395
3 359
0 761
250 257
168 176
330 336
193 195
352 365
237 240
222 230
0 196
7 338
1095 1116
1102 1116
27 1124
9 300
0 1623
86 906
1 57
0 188
19 1057
4 233
690 721
312 318
4 735
3 699
11 446
0 310
9 165
458 465
1047 1130
653 679
13 392
1 348
37 1898
1857 1898
11 472
943 950
947 950
22 950
190 191
42 1695
2 324
3 282
11 861
23 1695
354 360
933 960
346 388
0 1701
451 453
449 453
235 247
4 461
294 295
942 1042
528 549
7 319
48 1110
66 2517
823 866
29 866
3 141
0 387
3 48
1762 1791
0 1791
37 511
3 275
2 286
0 423
0 191
1 950
503 509
1 861
353 364
331 364
5 378
3550 3651
328 364
337 364
265 298
636 679
15 654
176 177
591 605
8 392
368 392
21 569
1 43
401 414
268 272
316 327
1917 2050
60 2050
41 2050
616 617
5 927
52 1268
61 1268
65 1268
1409 1413
145 157
9 317
764 790
760 790
18 812
1050 1077
571 584
24 562
1274 1360
7 1695
29 405
575 587
125 127
61 1592
1 1592
51 1719
14 1719
43 1719
547 548
0 548
193 195
339 352
3 1043
2678 2703
2613 2703
2625 2703
2670 2703
1108 1165
392 395
4 1323
6 1323
2 1323
37 1323
8 1323
0 118
146 165
621 663
418 451
0 1536
1520 1526
1512 1526
1517 1526
1 116
18 327
10 587
10 139
5 325
29 1288
3 116
9 240
4 217
48 712
69 1386
2267 2339
10 2517
13 381
5 284
1 183
2 295
29 2517
69 2339
1 465
5 247
2508 2517
0 55
1 281
1 247
1319 1360
19 461
186 3761
586 590
23 594
0 378
1514 1539
8 108
133 4338
159 1552
3 152
14 646
13 306
655 657
651 657
25 1042
414 421
1032 1042
10 222
1021 1034
266 270
8 1104
10 486
491 502
53 57
2 816
2357 2365
13 1074
2 187
2215 2236
2199 2236
51 2236
1 2236
403 405
16 1110
1 497
212 222
119 120
0 151
5 1392
0 230
83 86
75 78
2273 2339
8 9
981 1021
315 318
293 308
21 279
740 762
0 88
13 721
7 1027
495 500
1 89
0 86
155 159
31 733
702 725
6 276
6 497
1107 1130
442 456
3 654
751 777
51 53
0 340
465 475
2 142
615 694
40 41
1 90
586 588
587 588
6 588
197 214
65 67
543 588
1 327
7 342
12 588
191 193
0 161
6 90
5 588
40 41
319 322
2 718
0 142
566 567
12 588
3 113
0 120
1 588
0 567
42 588
13 588
0 483
584 588
189 218
584 588
3 282
0 282
571 588
206 218
319 327
23 24
273 274
0 274
212 214
4 142
2 90
2 90
5 228
560 567
3 229
566 567
327 343
0 228
1 327
1 43
10 386
672 694
19 228
14 475
17 588
449 475
40 946
1 475
0 567
0 457
5 327
0 483
14 343
111 116
9 475
9 228
9 342
5 327
542 560
16 229
97 99
4 588
5 43
4 43
3 168
5 141
63 483
14 16
1 588
0 386
12 334
4 588
3 588
15 588
9 588
0 90
13 588
1 271
578 588
23 386
0 67
554 560
10 342
452 454
581 588
25 588
210 211
649 694
1 694
10 228
18 327
584 588
25 752
3 53
220 229
587 588
39 41
0 374
9 334
15 588
7 475
4 110
228 229
57 58
584 588
0 142
1 153
2 334
110 116
15 118
580 588
13 386
324 327
140 142
9 228
5 156
575 588
0 588
322 327
332 343
4 153
15 475
21 588
97 99
0 588
1 588
519 574
606 694
3 90
680 694
0 56
545 560
7 342
321 322
6 752
584 588
302 327
191 193
5 454
2 342
65 67
1 327
0 588
1 229
0 342
66 67
135 2673
210 211
0 483
326 327
226 228
4 33
28 962
1460 1539
0 125
0 120
3 80
1 816
0 554
1 176
7 406
3 66
17 473
0 977
0 844
16 290
445 502
85 88
3 275
146 147
468 515
0 1205
1315 1403
13 1695
5 605
604 605
13 1347
93 1347
1476 1516
0 295
7 473
0 59
968 1021
7 788
224 228
1087 1110
0 88
0 768
3 476
334 337
328 340
1677 1695
8 127
0 308
356 378
0 241
15 452
0 284
2 1900
0 1900
3063 3101
1 3101
5 6
197 218
645 664
0 158
0 423
884 951
947 951
622 623
0 399
1506 1577
251 278
5 214
25 2150
2133 2150
0 145
8 404
0 1074
332 336
0 362
5 594
0 216
437 439
14 527
1345 1386
5 639
732 762
0 625
3 625
0 725
0 395
0 1036
1004 1042
384 393
1502 1539
5 368
5 1539
104 117
0 632
956 1042
42 518
6 567
426 452
7 1071
8 347
1 303
0 120
267 270
19 2237
2229 2237
2223 2237
108 2237
12 2237
0 233
144 1552
0 409
0 1230
4 1230
852 853
0 400
0 126
445 446
17 857
2 973
265 274
4 274
0 3390
23 3390
2 3390
4 3390
4 584
866 890
601 626
212 216
0 1346
0 247
8 287
4 79
0 196
184 191
7162 7353
7343 7353
40 7353
7046 7353
7016 7353
0 7353
7023 7353
7333 7353
7330 7353
6851 7353
7272 7353
4 7353
7303 7353
6436 7353
7221 7353
6920 7353
1 141
2263 2466
2424 2466
2402 2466
2418 2466
1347 1456
10260 10604
10266 10604
10520 10604
21 10604
10421 10604
10480 10604
10164 10604
10292 10604
10139 10604
10073 10604
7 10604
10543 10604
10396 10604
10519 10604
10526 10604
9940 10604
1627 1655
1642 1655
3 407
1148 1162
1157 1162
0 1162
1141 1162
458 479
7 623
0 87
0 564
0 391
0 295
28 590
506 508
1667 1695
0 47
773 788
776 788
781 788
769 788
774 788
780 788
777 788
772 788
778 788
225 230
694 739
434 436
1645 1695
0 247
613 626
565 567
114 115
1 48
2 344
22 684
605 764
0 582
1053 1072
101 1862
4 1862
7 369
873 876
3 625
220 233
918 937
933 937
835 937
0 230
1 421
268 272
3 218
774 812
803 826
5 919
3 887
0 1072
84 2339
40 958
8 958
2 1623
139 141
781 792
7 811
16 2330
34 2330
1 247
0 974
115 120
2 182
29 423
17 1967
0 30
2 384
35 549
1152 1153
0 497
8 188
480 498
152 157
1 157
2323 2339
4 950
56 57
1 135
15 473
17 962
0 448
1 163
413 414
24 1161
1158 1161
1155 1161
1 117
0 96
1390 1403
2 1346
1 139
1105 1110
9 473
21 318
0 318
4 700
0 162
28 1967
1500 1539
1471 1539
96 106
33 5662
32 5662
80 5662
84 5662
73 5662
4 1536
16 1536
6 625
2546 2565
2540 2565
2542 2565
35 2565
2485 2565
2415 2565
1746 1747
373 384
3 183
53 1249
1235 1249
0 87
773 812
706 746
2122 2128
2037 2128
2094 2128
469 473
1 67
8 124
162 178
0 764
2 379
2387 2396
0 2396
2027 2396
851 890
3 890
856 890
0 38
0 2407
5 2407
2348 2407
4 2407
726 735
573 581
570 581
9 385
11 385
24 615
0 139
41 641
1 448
0 1064
1063 1064
2201 2225
86 89
6 941
0 89
5 1419
0 452
4 80
521 554
2 89
10 1294
33 1294
16 381
1898 1948
1944 1948
1938 1948
1928 1948
26 962
9 448
2 352
134 137
0 594
15 1708
1 1708
1 287
0 25
800 816
611 626
82 90
32 2339
0 1536
229 233
59 69
1 319
9 796
444 446
2 527
6 142
0 369
147 153
582 590
1 385
404 413
3 446
3 2395
2336 2395
367 404
295 592
2048 2163
1962 2163
2087 2163
4 55
184 191
2403 2423
2329 2423
2417 2423
324 344
0 196
451 452
1388 1403
4 1205
14 1205
4 1014
289 294
3 448
85 86
0 395
839 844
4 844
0 303
1346 1360
3 812
103 107
0 562
465 479
19 467
1725 1733
1688 1733
1721 1733
74 80
677 739
4 446
229 247
1 389
0 733
211 215
282 295
3 431
0 175
129 130
181 187
1 135
0 284
359 371
309 330
1696 1724
7 1724
9 1724
7 549
906 919
1085 1139
893 896
894 896
10 437
0 103
241 264
3 261
2 264
0 648
99 1577
1440 1501
1493 1501
1491 1501
567 617
3 1618
0 285
488 504
114 115
2 48
233 247
723 737
0 223
0 509
295 311
568 594
460 477
0 345
3 733
761 789
21 789
0 605
1685 1747
340 347
1502 1511
1468 1511
0 362
144 147
7 307
138 139
136 139
0 382
1732 1766
782 788
778 788
784 788
779 788
783 788
776 788
777 788
780 788
781 788
686 694
683 694
300 307
166 174
0 371
1014 1077
536 537
6 178
102 103
288 290
3138 3159
3060 3159
3031 3159
1311 1331
24 50
3 716
505 508
1864 1909
1852 1909
1884 1909
1604 1618
1565 1618
2 384
2 384
0 102
0 94
10 585
1 474
5 535
0 261
294 295
1 169
9 148
5 183
862 876
4 733
17 1787
1759 1787
1774 1787
4 617
1540 1553
1535 1553
486 504
2 343
592 632
0 127
9 504
1059 1083
61 65
1102 1144
1 178
13 172
5 240
418 431
910 919
495 498
56 1618
22 1475
347 368
0 26
32 1965
48 1965
9 1965
40 1965
19 1965
50 1965
123 125
172 175
52 55
364 379
0 229
1 229
213 230
0 1042
341 344
317 323
2 746
873 876
8 479
401 406
0 504
166 171
33 575
1 764
35 1913
5 1913
9 1057
267 269
1 173
2 344
0 772
0 242
3 1695
1681 1695
378 382
676 764
0 175
0 94
6 811
0 394
0 1287
0 176
0 139
0 310
7 360
216 230
14 811
0 381
0 1129
10 1129
17 1129
16 638
1061 1071
1335 1410
1405 1410
1409 1410
1 811
0 497
1 37
0 285
291 305
252 256
4 360
231 233
616 623
3 1061
237 260
449 452
0 563
581 592
6 144
324 327
2 617
336 337
361 362
5882 5976
26 5976
5799 5976
16 5976
25 5976
5971 5976
5732 5976
5838 5976
5943 5976
1041 1075
324 379
643 661
1 162
20 2517
32 431
7 100
0 1386
834 850
8 511
396 405
1089 1102
0 1102
365 370
182 196
1 361
18 841
697 698
0 124
0 290
216 218
424 439
216 229
0 349
88 89
1 360
323 333
332 333
523 526
121 122
0 412
3 196
6 874
0 247
895 896
0 338
1 338
7 142
1777 1779
1723 1779
1708 1779
1660 1779
1145 1238
874 876
7 1853
10 1853
14 1853
583 592
543 564
0 173
1489 1539
145 158
723 812
579 584
5 328
6 262
1 816
89 99
786 796
396 404
6 146
342 345
7 464
225 228
255 274
895 919
13 502
1101 1110
110 122
1 446
26 518
0 141
566 585
552 561
2767 2808
1336 1357
146 1416
0 204
6 100
17 563
3 564
6 473
957 1110
13 339
301 327
1 308
281 295
4 587
0 777
548 558
148 149
190 209
4 279
6 962
0 3095
1 3095
7 3095
10 1617
1 1617
2 1617
0 1617
317 318
319 327
19 1767
20 1767
28 1767
13 1767
238 240
1033 1071
13 522
5 1618
1 465
0 465
1 465
