379 384
7 375
3 392
549 576
0 576
49 776
24 776
490 511
2186 2287
2277 2287
703 745
1 745
11 914
1 338
0 448
686 691
683 691
175 183
19 914
1149 1155
1124 1155
1033 1155
21 1155
14 1155
1361 1370
1533 1623
7381 7389
7368 7389
7314 7389
103 7389
246 7389
7382 7389
7228 7389
35 7389
39 7389
7147 7389
7122 7389
2324 2339
542 615
5 1288
160 176
1221 1265
1202 1265
1251 1265
146 150
74 79
1 1983
1942 1983
63 1983
1929 1983
16 269
16 397
94 1208
176 1208
37 1208
1460 1474
237 240
2 448
557 558
1090 1113
1053 1113
1 79
302 305
398 400
4 388
577 590
1386 1483
148 152
4 152
788 796
2 1536
799 805
13 276
325 328
1262 1267
1261 1267
1259 1267
1191 1267
1265 1267
0 522
191 198
1000 1013
7 1013
2 152
1289 1303
991 1008
992 1008
10 327
543 562
4 737
3 737
2 264
1 175
4 44
88 89
1847 1913
1701 1913
1515 1539
971 973
852 855
38 301
7423 7645
310 7645
7627 7645
7448 7645
252 7645
7634 7645
7637 7645
7590 7645
7629 7645
35 7645
40 7645
7242 7645
7391 7645
10 7645
7524 7645
7415 7645
47 7645
7457 7645
7367 7645
7374 7645
8925 9306
8952 9306
8552 9306
9250 9306
9228 9306
8787 9306
9293 9306
9288 9306
9102 9306
2 9306
23 9306
9282 9306
8501 9306
9140 9306
9272 9306
9197 9306
9224 9306
34 9306
129 3760
3641 3760
3756 3760
3759 3760
3751 3760
3524 3760
3517 3760
3753 3760
678 689
275 295
8 1454
39 1454
40 1454
10 1454
608 626
199 203
391 405
767 794
787 794
838 844
573 657
1097 1110
145 150
3 1071
772 812
3 812
369 422
873 896
394 395
49 2339
1 135
2 324
18 721
68 79
198 204
7 811
0 368
2 380
1 380
3 384
1 152
97 98
64 68
15 446
0 777
1 777
0 884
879 884
1511 1514
855 876
319 348
163 169
656 663
661 663
300 303
235 240
427 441
1464 1474
6 733
9 1077
380 404
908 973
4 138
0 1618
7 567
873 876
166 176
12 2150
2063 2150
871 876
3 311
1493 1597
1563 1597
1526 1597
1411 1597
600 618
0 98
180 184
766 776
736 776
489 497
55 57
391 392
667 670
629 670
1 392
12 511
0 247
843 876
2 344
909 965
1527 1539
11 509
212 215
168 176
206 215
205 215
1370 1386
276 283
2 764
457 465
752 792
157 10782
10668 10782
10650 10782
20 10782
10561 10782
10578 10782
10683 10782
10541 10782
10577 10782
10515 10782
10405 10782
10663 10782
10725 10782
10697 10782
10647 10782
10365 10782
125 10782
595 10782
10414 10782
10260 10782
10477 10782
10582 10782
10363 10782
10729 10782
10405 10782
10455 10782
212 224
725 767
6 144
17 540
2503 2510
33 2510
7 269
216 269
1259 1269
0 1269
57 919
700 782
0 448
1 931
0 931
0 247
84 89
2018 2038
69 2038
26 2038
443 446
1 737
1893 1898
1889 1898
24 584
1329 1360
143 2257
122 2257
1670 1695
2333 2339
1067 1072
720 746
7 746
1906 2150
3 2150
70 3410
3302 3410
4 3410
11 746
2077 2150
1944 2150
45 764
745 746
443 456
588 590
2342 2449
2447 2449
188 191
3 777
4 266
989 1027
923 976
37 976
40 3000
2977 3000
31 3000
34 3000
28 3000
2925 3000
5 202
1 456
727 777
371 381
3 295
184 186
440 441
3 94
60 68
3 287
238 240
70 142
237 240
23 655
1146 1197
7 2831
9 2831
8 2831
0 2831
1274 1331
4188 4210
4209 4210
4094 4210
4200 4210
4201 4210
4181 4210
6 4210
3985 4210
4204 4210
4207 4210
4156 4210
4 20
1 209
606 677
672 677
2 1547
1521 1547
884 888
883 888
328 344
360 413
1 1012
0 1012
3 1012
234 269
0 467
491 504
10 1110
0 585
2101 2128
3 2128
1969 2128
922 960
1373 1483
1466 1536
1492 1536
1102 1110
17 1069
1024 1069
1054 1069
1005 1014
763 811
3 1110
422 423
1 93
172 183
2 384
682 724
2325 2375
2347 2375
2312 2375
164 178
775 788
780 788
782 788
778 788
781 788
785 788
776 788
774 788
772 788
1 203
208 226
26 4949
4887 4949
20 4949
69 4949
4765 4949
179 4949
4660 4949
114 120
117 2150
2096 2150
2082 2150
636 653
628 689
0 2955
4 2955
2949 2955
58 2955
59 2955
2850 2955
2925 2955
1662 1695
427 439
428 439
222 225
56 2163
20 2163
465 13875
13243 13875
196 13875
235 13875
10 13875
306 13875
13627 13875
13761 13875
13686 13875
13479 13875
13016 13875
13354 13875
13669 13875
13866 13875
26 2339
219 222
145 150
15 1164
16 1164
1064 1164
13 2347
12 2347
7 2347
15 2347
631 633
12 384
3066 3126
198 3126
3075 3126
3091 3126
120 3126
3039 3126
3067 3126
82 1078
1055 1078
19 1078
258 267
7 1926
491 526
804 812
825 858
11 5657
14 5657
5225 5657
20 5657
5581 5657
32 5657
30 5657
5548 5657
1036 1042
419 423
217 218
162 172
115 1307
929 1021
383 384
399 400
237 240
6 247
165 176
2 247
122 124
3 618
0 247
8 1708
32 1708
38 1708
28 1708
761 762
1 762
150 152
353 371
262 264
376 442
440 442
383 389
68 5642
34 5642
232 5642
234 5642
58 5642
39 5642
5544 5642
413 416
18 223
7 86
18 543
9 1403
0 1403
676 679
2410 2517
2 87
616 689
1 336
1 89
3 153
4 1403
1942 1963
1928 1963
1892 2002
1826 2002
1991 2002
146 147
146 147
152 163
263 264
0 1539
242 264
583 590
173 181
230 241
7 465
646 764
631 764
731 764
263 295
1634 1652
1612 1652
1960 1967
3 86
4 1110
1163 1183
1171 1183
1175 1183
1 876
379 389
17 1124
1099 1124
16 1014
15 961
65 961
28 961
479 526
4 359
3 1130
0 257
1365 1386
28 842
995 1042
0 257
58 2403
24 2403
2160 2403
94 106
371 375
24 617
266 270
267 270
337 340
307 327
1 380
513 518
586 587
583 587
1 384
417 424
262 264
13 699
1273 1317
1289 1317
1311 1317
117 120
5 594
1 538
562 603
57 1130
1 344
232 240
1210 1241
119 122
850 855
1891 1898
1890 1898
1894 1898
1887 1898
380 384
0 17
895 914
747 777
155 163
4681 4713
4568 4713
4711 4713
4214 4713
4712 4713
4605 4713
43 44
2078 2150
2013 2150
0 2150
3 2150
388 402
238 266
767 781
771 781
3 781
765 781
663 664
675 689
17 874
4 796
793 796
1448 1464
1415 1464
1413 1464
537 548
379 382
1 233
2 663
246 257
486 506
17 1012
12 257
0 626
370 371
10 782
68 3816
42 3816
3806 3816
3609 3816
55 3816
3813 3816
62 3816
334 340
1333 1347
1300 1347
140 149
509 554
8 364
19 364
274 295
37 435
661 695
4 1247
29 1247
386 423
903 914
1 265
40 631
630 631
181 186
491 518
161 171
458 511
4 431
36 2308
6 2308
22 2303
20 2303
144 145
3 145
23 145
0 467
493 518
402 405
5 318
417 423
13 324
380 389
46 8726
8615 8726
113 8726
6 8726
8164 8726
8531 8726
8301 8726
8573 8726
8681 8726
8720 8726
17 8726
63 8726
8387 8726
413 422
106 108
447 456
951 1036
973 1036
367 391
328 344
633 679
5 154
16 397
6 3066
0 3066
3046 3066
1180 1214
1171 1214
1441 1595
1566 1595
757 764
5 457
5 368
2 376
6 209
203 209
0 1191
1 1191
591 592
375 378
131 141
382 389
443 446
249 264
5 526
1086 1110
824 12734
45 12734
12721 12734
44 12734
12722 12734
112 12734
138 12734
648 12734
12731 12734
72 12734
25 12734
22 12734
18 12734
55 12734
64 12734
86 12734
33 12734
620 12734
202 203
0 89
5 653
284 295
16 841
4 441
378 384
850 876
1227 1264
1230 1264
1260 1264
8 404
8 1483
63 1110
554 590
581 590
240 264
106 107
1219 1386
145 148
85 89
768 842
460 461
1 669
668 669
4 737
681 699
7 423
7 737
106 107
105 107
144 148
13 473
26 2629
2384 2629
45 2629
2569 2629
6 384
1581 1589
1586 1589
1587 1589
3 113
2660 2696
2663 2696
26 2696
0 774
5 664
892 987
976 987
981 987
3882 4344
4176 4344
4040 4344
66 4344
7 4344
108 4344
4178 4344
212 222
3 626
14 1376
2 1376
13 1376
4 1376
3 558
678 680
649 680
232 234
176 177
176 177
379 384
436 441
0 441
333 376
9 1511
1 1511
7 522
519 522
3 169
1 737
3 664
464 479
2094 2238
2228 2238
2184 2238
18 2238
1072 1074
2 737
752 762
2492 2517
762 788
2296 2300
75 2300
751 762
15 618
175 183
265 270
7 558
250 252
259 295
6 1913
1859 1913
642 656
0 656
652 656
237 240
416 423
42 764
371 373
17 446
1 357
9 423
1 632
39 590
543 562
0 456
0 9
293 587
543 562
9 1014
11 774
25 404
3 567
1387 1407
9 594
0 690
675 690
238 250
123 127
294 295
56 2725
64 2725
51 2725
61 2725
34 2725
1 442
2 442
508 518
493 508
267 269
268 269
37 38
6069 6094
22 6094
8 6094
32 6094
84 6094
1352 1370
2728 2737
7 2737
9 1409
488 526
24 465
3 339
1 960
6 960
374 382
10 295
5 404
7 431
1499 1536
551 615
2 844
0 308
3 504
535 560
620 730
364 730
654 764
1609 1701
8 240
1 283
586 596
9 392
2283 2339
25 2339
1 303
1 461
554 563
8 438
103 122
11 980
7 980
831 845
7 665
0 378
5 352
870 889
868 889
0 189
8 431
740 751
17 526
1952 1955
1949 1955
1918 1955
1911 1955
1929 1955
1921 1955
92 9453
298 9453
9319 9453
50 9453
218 9453
149 9453
9342 9453
133 9453
9417 9453
112 9453
15 9453
9439 9453
93 9453
7 9453
171 9453
3494 3604
3517 3604
69 3604
3469 3604
35 3604
2927 2982
2907 2982
2968 2982
2962 2982
10 2982
18 1152
480 499
2 181
3 181
10 249
4 613
376 395
572 575
0 122
1026 1114
1078 1114
1 283
4 283
5 241
0 55
630 655
43 1887
1815 1887
18 1887
7508 7512
7470 7512
7494 7512
7437 7512
34 7512
7443 7512
7495 7512
93 7512
7124 7512
7052 7512
7455 7512
7492 7512
7432 7512
7067 7512
7381 7512
312 328
18 623
18 106
69 82
0 305
185 196
6 151
12 439
307 328
22 2031
119 4370
98 4370
122 4370
117 4370
71 4370
120 4370
44 4370
105 4370
322 340
0 360
4 269
10 413
855 887
0 187
1 187
0 534
1460 1539
709 726
244 257
189 202
687 764
726 764
6 473
12 729
8 729
10 729
9 174
7 593
3 326
2 282
58 59
9 2849
43 2849
23 2849
22 2849
174 225
7 435
11 435
12 522
4 146
477 479
388 399
5 587
542 562
778 788
783 788
787 788
785 788
786 788
782 788
781 788
780 788
784 788
7 473
4 473
1395 1528
0 1528
9 1904
10 1904
6 733
218 219
2396 2417
2413 2417
57 594
61 594
17 594
8 620
4 620
3 476
7 476
7 405
1641 1695
1 91
2 91
0 1223
7 1223
14 1223
466 479
310 328
11 1879
9 1879
167 4834
24 4834
39 4834
56 4834
33 4834
22 4834
144 145
734 739
12 336
350 361
0 177
385 413
715 759
190 191
189 191
10 240
2 233
170 177
1 176
6 318
750 807
740 807
0 761
417 446
0 931
1 931
11 1074
36 812
6 287
703 764
1032 1043
5 857
11 922
0 558
3 558
139 279
4 173
120 130
520 617
519 617
1635 1707
1706 1707
22 4275
24 4275
4048 4275
35 4275
38 4275
2 1149
9 1149
1058 1149
2906 2971
2890 2971
5 336
8 318
1022 1026
0 92
1 92
310 311
139 161
736 774
9 127
376 379
11 400
413 428
8 381
549 562
3 497
392 393
3 279
321 323
383 395
1 223
0 362
13 509
6 2434
705 716
377 388
230 233
482 484
476 484
480 484
1006 1075
1065 1075
1061 1075
1070 1075
4 118
0 114
803 844
794 844
294 306
2 1742
1570 1742
1608 1742
440 441
643 655
73 764
488 509
22 3737
63 3737
25 3737
65 3737
1 562
2127 2181
1 338
2 40
328 379
403 405
415 474
0 98
1126 1143
11 368
2 699
1 343
3 126
4 1644
1643 1644
0 767
1 767
20 767
1 20
307 310
1 354
0 61
283 297
648 727
392 395
7 1618
227 233
8 381
9 473
209 217
1 152
685 768
158 171
0 567
6 301
436 461
770 788
780 788
785 788
781 788
783 788
773 788
777 788
776 788
779 788
399 405
650 653
2 139
3 324
964 973
21 1386
631 633
0 664
1606 1618
384 395
265 295
343 344
225 230
1109 2219
382 385
9 527
6 1926
7 1926
536 548
836 919
686 699
452 472
21 327
0 821
2 821
802 821
2 526
14 567
1002 1012
7 1012
9 1012
538 562
39 739
3 266
201 227
0 241
627 635
367 391
5 177
5 407
429 435
521 535
11 527
1 371
349 371
1 240
54 57
274 297
0 262
0 361
1262 1312
83 84
0 287
12 509
580 585
32 592
783 812
2070 2339
253 290
0 948
1 948
422 448
966 973
15 360
384 389
1577 1646
24 2101
55 2101
70 2101
30 2101
868 876
382 472
1 265
22 777
14 502
3 137
7 209
4 144
180 183
24 370
128 135
116 120
29 962
709 721
112 114
3081 3218
0 1747
0 231
1090 1110
134 153
282 290
3 397
307 325
280 319
364 382
90 5267
230 5267
71 5267
146 5267
363 5267
317 5267
333 5267
4956 5267
67 5267
48 5267
108 5267
13 5267
4 5267
4918 5267
516 1034
9 1034
13 2191
10 2191
25 247
20 247
126 1416
24 1027
18 319
0 1042
17 384
161 163
1 127
483 484
30 900
0 544
8 265
9 368
0 930
2215 2416
2269 2416
2243 2416
840 919
378 407
355 382
3 247
2 233
1152 1183
1173 1183
1180 1183
4 1185
359 382
326 340
22 3763
3513 3763
175 177
451 477
133 141
205 242
2 295
7 295
1 395
579 615
1 308
1634 1695
498 511
215 227
1 257
26 2339
390 395
0 359
1 761
216 257
4 176
11 336
190 195
349 365
238 240
223 230
177 196
330 338
64 1116
1064 1116
23 1124
6 300
1540 1623
24 906
54 57
185 188
23 1057
1 233
19 721
308 318
722 735
686 699
1 446
0 310
0 165
13 465
70 1130
677 679
390 392
318 348
1893 1898
1888 1898
470 472
941 950
949 950
930 950
190 191
75 1695
322 324
268 282
825 861
14 1695
6 360
0 960
347 388
3 1701
452 453
426 453
245 247
9 461
294 295
2 1042
495 549
0 319
8 1110
2348 2517
797 866
77 866
1 141
4 387
3 48
1744 1791
39 1791
23 511
0 275
279 286
1 423
0 191
2 950
503 509
0 861
357 364
305 364
368 378
3593 3651
352 364
339 364
274 298
658 679
5 654
176 177
596 605
13 392
3 392
20 569
2 43
386 414
268 272
2 327
1992 2050
1950 2050
1898 2050
608 617
17 927
34 1268
29 1268
32 1268
10 1413
147 157
7 317
753 790
771 790
806 812
1058 1077
550 584
12 562
1335 1360
3 1695
14 405
11 587
126 127
53 1592
25 1592
42 1719
14 1719
29 1719
540 548
544 548
188 195
5 352
993 1043
2688 2703
2691 2703
2699 2703
2701 2703
1110 1165
387 395
15 1323
4 1323
22 1323
13 1323
33 1323
117 118
147 165
646 663
405 451
1436 1536
1501 1526
1435 1526
1521 1526
1 116
325 327
3 587
3 139
5 325
13 1288
1 116
21 240
211 217
33 712
22 1386
2209 2339
146 2517
9 381
276 284
164 183
32 295
6 2517
11 2339
450 465
2 247
2382 2517
1 55
266 281
2 247
1313 1360
434 461
3737 3761
579 590
5 594
359 378
1499 1539
1 108
361 4338
63 1552
151 152
633 646
22 306
651 657
621 657
13 1042
417 421
1036 1042
0 222
1005 1034
269 270
19 1104
10 486
496 502
55 57
11 816
14 2365
18 1074
3 187
2205 2236
2181 2236
2179 2236
2073 2236
403 405
17 1110
477 497
221 222
0 120
0 151
24 1392
1 230
85 86
75 78
2196 2339
8 9
18 1021
309 318
3 308
139 279
8 762
87 88
23 721
60 1027
3 500
1 89
4 86
152 159
8 733
682 725
267 276
0 497
1111 1130
441 456
615 654
765 777
52 53
329 340
40 475
2 142
673 694
39 41
89 90
585 588
585 588
575 588
205 214
66 67
570 588
2 327
12 342
3 588
191 193
148 161
9 90
570 588
39 41
15 322
21 718
3 142
550 567
572 588
110 113
0 120
571 588
519 567
293 588
586 588
8 483
583 588
195 218
580 588
1 282
0 282
23 588
201 218
321 327
23 24
268 274
258 274
9 214
130 142
4 90
85 90
7 228
538 567
224 229
13 567
332 343
3 228
305 327
40 43
5 386
4 694
1 228
18 475
17 588
439 475
472 946
16 475
2 567
416 457
14 327
3 483
7 343
0 116
432 475
0 228
341 342
3 327
33 560
221 229
97 99
564 588
4 43
42 43
6 168
1 141
1 483
0 16
576 588
2 386
6 334
3 588
1 588
9 588
6 588
87 90
574 588
0 271
587 588
2 386
60 67
26 560
4 342
450 454
582 588
47 588
1 211
4 694
21 694
217 228
324 327
586 588
4 752
51 53
228 229
576 588
38 41
3 374
328 334
20 588
0 475
5 110
3 229
55 58
16 588
2 142
149 153
21 334
115 116
117 118
587 588
7 386
310 327
136 142
213 228
7 156
573 588
555 588
287 327
325 343
11 153
46 475
2 588
0 99
575 588
5 588
530 574
666 694
0 90
4 694
2 56
23 560
1 342
15 322
7 752
587 588
14 327
186 193
9 454
3 342
66 67
4 327
574 588
2 229
5 342
66 67
78 2673
191 211
6 483
319 327
225 228
4 33
938 962
1535 1539
0 125
0 120
70 80
17 816
1 554
6 176
403 406
2 66
8 473
0 977
15 844
1 290
487 502
87 88
16 275
143 147
426 515
1113 1205
0 1403
1657 1695
556 605
598 605
1298 1347
1 1347
1449 1516
0 295
459 473
0 59
8 1021
767 788
221 228
1109 1110
87 88
1 768
6 476
334 337
335 340
1638 1695
125 127
0 308
351 378
3 241
13 452
2 284
9 1900
43 1900
2889 3101
4 3101
4 6
210 218
658 664
0 158
382 423
1 951
947 951
604 623
1 399
1549 1577
234 278
0 214
2095 2150
2064 2150
142 145
7 404
5 1074
3 336
8 362
490 594
5 216
420 439
498 527
1362 1386
0 639
741 762
2 625
0 625
678 725
0 395
35 1036
1 1042
371 393
1512 1539
346 368
1534 1539
2 117
561 632
999 1042
4 518
7 567
432 452
3 1071
15 347
5 303
0 120
265 270
2041 2237
2231 2237
5 2237
4 2237
62 2237
216 233
56 1552
0 409
3 1230
27 1230
851 853
389 400
0 126
441 446
14 857
3 973
7 274
256 274
97 3390
3253 3390
182 3390
192 3390
5 584
37 890
590 626
1 216
5 1346
1 247
3 287
1 79
1 196
184 191
6973 7353
7266 7353
6816 7353
7012 7353
7196 7353
6425 7353
6866 7353
7251 7353
7351 7353
6354 7353
7318 7353
6840 7353
7342 7353
7029 7353
7209 7353
57 7353
7 141
2421 2466
2360 2466
2415 2466
2416 2466
1365 1456
10307 10604
10505 10604
10587 10604
289 10604
10523 10604
10593 10604
10325 10604
10408 10604
10423 10604
10392 10604
78 10604
10042 10604
10394 10604
55 10604
9728 10604
10528 10604
1635 1655
1634 1655
3 407
1125 1162
42 1162
23 1162
43 1162
476 479
557 623
0 87
556 564
389 391
264 295
10 590
0 508
1656 1695
1 47
769 788
776 788
777 788
770 788
773 788
782 788
772 788
765 788
768 788
222 230
662 739
19 436
1684 1695
2 247
1 626
566 567
113 115
0 48
317 344
635 684
29 764
576 582
46 1072
32 1862
1818 1862
358 369
872 876
0 625
205 233
920 937
926 937
852 937
1 230
1 421
267 272
196 218
805 812
794 826
856 919
842 887
2 1072
63 2339
915 958
14 958
1506 1623
136 141
788 792
800 811
10 2330
47 2330
1 247
10 974
116 120
5 182
413 423
25 1967
0 30
376 384
6 549
1105 1153
485 497
0 188
459 498
153 157
148 157
2296 2339
4 950
55 57
0 135
470 473
2 962
445 448
3 163
367 414
1094 1161
1118 1161
1127 1161
1 117
3 96
14 1403
6 1346
4 139
1076 1110
465 473
158 318
0 318
684 700
158 162
2 1967
1490 1539
1508 1539
4 106
105 5662
21 5662
178 5662
183 5662
194 5662
1 1536
18 1536
607 625
2503 2565
2489 2565
2542 2565
2285 2565
2504 2565
2405 2565
1746 1747
383 384
166 183
1235 1249
1241 1249
75 87
752 812
739 746
2110 2128
1966 2128
2019 2128
466 473
2 67
118 124
172 178
4 764
358 379
2358 2396
3 2396
2050 2396
874 890
872 890
870 890
0 38
2214 2407
2227 2407
2290 2407
2160 2407
695 735
559 581
516 581
23 385
10 385
11 615
134 139
631 641
3 448
1032 1064
1061 1064
2109 2225
4 89
1 941
82 89
14 1419
5 452
0 80
518 554
0 89
1280 1294
28 1294
13 381
1932 1948
1944 1948
1935 1948
1946 1948
2 962
5 448
1 352
135 137
443 594
1544 1708
1518 1708
262 287
20 25
798 816
614 626
80 90
2147 2339
6 1536
209 233
58 69
303 319
0 796
442 446
483 527
1 142
368 369
143 153
577 590
2 385
398 413
3 446
2189 2395
1 2395
365 404
295 592
1983 2163
2131 2163
2140 2163
0 55
172 191
2359 2423
2324 2423
2411 2423
338 344
189 196
440 452
6 1403
6 1205
0 1205
982 1014
290 294
0 448
84 86
357 395
826 844
839 844
275 303
1324 1360
718 812
102 107
0 562
475 479
6 467
1721 1733
1684 1733
1705 1733
70 80
670 739
404 446
221 247
376 389
6 733
203 215
252 295
1 431
173 175
129 130
182 187
1 135
6 284
357 371
306 330
1696 1724
22 1724
30 1724
18 549
892 919
1132 1139
13 896
6 896
14 437
0 103
237 264
5 261
236 264
643 648
1565 1577
1416 1501
1428 1501
1438 1501
562 617
1593 1618
278 285
5 504
114 115
46 48
238 247
723 737
0 223
6 509
305 311
565 594
455 477
338 345
45 733
16 789
9 789
555 605
1740 1747
3 347
1486 1511
1475 1511
1 362
145 147
305 307
138 139
137 139
347 382
5 1766
774 788
781 788
783 788
772 788
779 788
782 788
773 788
770 788
776 788
687 694
672 694
303 307
167 174
368 371
1057 1077
528 537
7 178
97 103
1 290
3099 3159
3077 3159
3091 3159
1277 1331
7 50
713 716
507 508
1906 1909
1908 1909
1896 1909
1525 1618
1562 1618
1 384
0 384
1 102
93 94
0 585
433 474
529 535
245 261
294 295
0 169
145 148
171 183
858 876
25 733
7 1787
3 1787
1763 1787
552 617
15 1553
1429 1553
0 504
1 343
9 632
2 127
498 504
1066 1083
62 65
49 1144
162 178
9 172
14 240
37 431
911 919
476 498
28 1618
24 1475
363 368
24 26
27 1965
53 1965
38 1965
73 1965
14 1965
74 1965
119 125
172 175
49 55
357 379
0 229
206 229
215 230
948 1042
333 344
318 323
743 746
873 876
476 479
402 406
495 504
165 171
501 575
23 764
1902 1913
1849 1913
1056 1057
5 269
0 173
331 344
701 772
203 242
1604 1695
1647 1695
377 382
738 764
2 175
86 94
0 811
16 394
1191 1287
170 176
138 139
273 310
342 360
223 230
3 811
17 381
1124 1129
1065 1129
0 1129
11 638
1069 1071
3 1410
1400 1410
1408 1410
0 811
479 497
30 37
278 285
295 305
6 256
14 360
227 233
598 623
936 1061
259 260
444 452
559 563
589 592
11 144
301 327
1 617
336 337
356 362
5932 5976
5584 5976
5939 5976
5649 5976
5403 5976
5965 5976
12 5976
5792 5976
5830 5976
1071 1075
345 379
643 661
158 162
2353 2517
5 431
89 100
32 1386
25 850
457 511
400 405
1080 1102
993 1102
0 370
192 196
1 361
823 841
683 698
1 124
1 290
214 218
431 439
206 229
331 349
0 89
325 360
323 333
324 333
26 526
117 122
0 412
189 196
4 874
239 247
885 896
298 338
291 338
127 142
1778 1779
1768 1779
1721 1779
1731 1779
1181 1238
872 876
1754 1853
1823 1853
1770 1853
41 592
538 564
154 173
1512 1539
149 158
770 812
580 584
10 328
11 262
6 816
93 99
3 796
8 404
135 146
342 345
426 464
222 228
240 274
838 919
498 502
1065 1110
114 122
436 446
491 518
134 141
570 585
559 561
2703 2808
1284 1357
150 1416
5 204
0 100
22 563
1 564
2 473
1 1110
0 339
163 327
5 308
253 295
559 587
5 777
556 558
148 149
197 209
236 279
910 962
94 3095
126 3095
3050 3095
1504 1617
1579 1617
26 1617
1486 1617
313 318
323 327
1627 1767
1701 1767
1756 1767
1668 1767
237 240
1014 1071
0 522
26 1618
463 465
459 465
462 465
