6 384
3 375
387 392
561 576
575 576
774 776
775 776
482 511
2263 2287
48 2287
4 745
3 745
12 914
313 338
419 448
0 691
678 691
179 183
4 914
1132 1155
1131 1155
49 1155
29 1155
17 1155
1304 1370
58 1623
7375 7389
7362 7389
126 7389
47 7389
16 7389
7336 7389
198 7389
21 7389
39 7389
121 7389
7117 7389
2306 2339
2 615
1278 1288
166 176
1211 1265
7 1265
1228 1265
138 150
4 79
5 1983
1922 1983
82 1983
1961 1983
268 269
345 397
1 1208
0 1208
15 1208
1434 1474
235 240
1 448
555 558
1085 1113
1088 1113
5 79
300 305
399 400
365 388
4 590
50 1483
2 152
143 152
788 796
1501 1536
775 805
272 276
327 328
1265 1267
1263 1267
1250 1267
1221 1267
1266 1267
2 522
186 198
22 1013
20 1013
1 152
1292 1303
930 1008
1003 1008
5 327
548 562
14 737
0 737
250 264
169 175
3 44
0 89
1844 1913
1855 1913
7 1539
972 973
831 855
299 301
217 7645
189 7645
7642 7645
311 7645
109 7645
7641 7645
7637 7645
7616 7645
7577 7645
15 7645
24 7645
7593 7645
2 7645
244 7645
258 7645
211 7645
242 7645
302 7645
62 7645
288 7645
9045 9306
8988 9306
9254 9306
9282 9306
9202 9306
239 9306
9305 9306
9290 9306
9285 9306
69 9306
17 9306
9283 9306
9144 9306
193 9306
9291 9306
9200 9306
9184 9306
158 9306
3755 3760
179 3760
3757 3760
3759 3760
3752 3760
3737 3760
3641 3760
3753 3760
667 689
282 295
1373 1454
1443 1454
3 1454
5 1454
608 626
198 203
399 405
788 794
791 794
837 844
573 657
1075 1110
139 150
5 1071
765 812
771 812
5 422
6 896
393 395
42 2339
0 135
6 324
702 721
78 79
200 204
796 811
4 368
1 380
1 380
0 384
8 152
2 98
65 68
421 446
0 777
10 777
858 884
866 884
1487 1514
845 876
318 348
0 169
644 663
661 663
298 303
236 240
429 441
1433 1474
1 733
8 1077
392 404
965 973
130 138
7 1618
553 567
869 876
148 176
2024 2150
2091 2150
870 876
4 311
1471 1597
1562 1597
1458 1597
1572 1597
610 618
2 98
181 184
767 776
758 776
495 497
56 57
391 392
655 670
8 670
386 392
29 511
239 247
836 876
4 344
955 965
1537 1539
6 509
202 215
165 176
0 215
198 215
1356 1386
273 283
628 764
464 465
774 792
169 10782
14 10782
194 10782
109 10782
10203 10782
60 10782
10551 10782
10645 10782
108 10782
103 10782
10257 10782
10749 10782
10755 10782
10722 10782
10523 10782
10115 10782
10065 10782
10566 10782
10569 10782
610 10782
10604 10782
10550 10782
155 10782
10661 10782
10257 10782
10095 10782
212 224
742 767
8 144
25 540
14 2510
23 2510
8 269
220 269
1157 1269
0 1269
912 919
2 782
6 448
0 931
1 931
0 247
85 89
2009 2038
13 2038
72 2038
427 446
4 737
1851 1898
1877 1898
22 584
1317 1360
17 2257
6 2257
1629 1695
2336 2339
1069 1072
722 746
727 746
1974 2150
2031 2150
3361 3410
3220 3410
3274 3410
733 746
2002 2150
2074 2150
754 764
725 746
421 456
560 590
2398 2449
2448 2449
167 191
730 777
2 266
1014 1027
6 976
19 976
2861 3000
2986 3000
2758 3000
44 3000
2956 3000
71 3000
2 202
0 456
745 777
380 381
0 295
185 186
440 441
1 94
59 68
8 287
234 240
70 142
238 240
8 655
1113 1197
16 2831
15 2831
3 2831
0 2831
13 1331
4184 4210
4192 4210
4023 4210
4173 4210
4177 4210
4122 4210
0 4210
14 4210
4183 4210
4176 4210
4072 4210
5 20
205 209
4 677
666 677
21 1547
1538 1547
887 888
885 888
330 344
388 413
2 1012
0 1012
3 1012
32 269
8 467
7 504
3 1110
0 585
2120 2128
1 2128
7 2128
925 960
1341 1483
1509 1536
1534 1536
1093 1110
1 1069
4 1069
1068 1069
963 1014
758 811
1041 1110
419 423
85 93
182 183
380 384
710 724
9 2375
4 2375
1 2375
170 178
778 788
783 788
781 788
780 788
779 788
776 788
775 788
774 788
777 788
164 203
224 226
3 4949
221 4949
4686 4949
67 4949
4873 4949
140 4949
88 4949
114 120
2093 2150
2116 2150
2095 2150
594 653
651 689
7 2955
4 2955
2899 2955
25 2955
34 2955
2754 2955
2914 2955
6 1695
417 439
14 439
222 225
2 2163
3 2163
183 13875
180 13875
53 13875
85 13875
13757 13875
906 13875
13854 13875
57 13875
134 13875
679 13875
12899 13875
12967 13875
13530 13875
13636 13875
30 2339
213 222
148 150
18 1164
13 1164
1082 1164
9 2347
1 2347
0 2347
2334 2347
624 633
1 384
3062 3126
3025 3126
3083 3126
3022 3126
2955 3126
3043 3126
3041 3126
1072 1078
1069 1078
13 1078
15 267
10 1926
510 526
806 812
818 858
15 5657
85 5657
44 5657
31 5657
5393 5657
150 5657
144 5657
5486 5657
1036 1042
421 423
199 218
1 172
1181 1307
81 1021
383 384
397 400
234 240
239 247
156 176
228 247
8 124
5 618
242 247
0 1708
15 1708
20 1708
17 1708
18 762
738 762
3 152
361 371
262 264
422 442
441 442
387 389
118 5642
110 5642
97 5642
5342 5642
45 5642
3 5642
66 5642
410 416
1 223
84 86
507 543
10 1403
8 1403
563 679
2457 2517
0 87
645 689
1 336
0 89
141 153
8 1403
1933 1963
1922 1963
4 2002
65 2002
5 2002
144 147
146 147
158 163
262 264
1500 1539
253 264
556 590
6 181
229 241
13 465
631 764
21 764
738 764
17 295
1633 1652
1622 1652
1927 1967
84 86
0 1110
1 1183
3 1183
1144 1183
872 876
387 389
1119 1124
17 1124
943 1014
915 961
20 961
21 961
508 526
1 359
9 1130
0 257
1371 1386
15 842
1022 1042
254 257
75 2403
53 2403
2201 2403
102 106
365 375
15 617
3 270
264 270
16 340
311 327
12 380
484 518
584 587
580 587
0 384
413 424
262 264
3 699
1264 1317
1304 1317
1256 1317
117 120
14 594
0 538
0 603
959 1130
4 344
236 240
21 1241
114 122
2 855
21 1898
1867 1898
1796 1898
1868 1898
381 384
0 17
897 914
14 777
162 163
4669 4713
4587 4713
4688 4713
233 4713
4666 4713
17 4713
43 44
2075 2150
2032 2150
0 2150
3 2150
392 402
5 266
19 781
6 781
26 781
765 781
660 664
662 689
3 874
790 796
793 796
1418 1464
17 1464
1422 1464
526 548
377 382
216 233
598 663
252 257
494 506
30 1012
5 257
1 626
364 371
27 782
1 3816
100 3816
24 3816
19 3816
4 3816
3640 3816
31 3816
338 340
1 1347
1304 1347
144 149
495 554
0 364
4 364
282 295
29 435
690 695
2 1247
3 1247
413 423
2 914
4 265
628 631
630 631
185 186
43 518
2 171
463 511
18 431
6 2308
0 2308
44 2303
0 2303
15 145
3 145
7 145
12 467
513 518
397 405
314 318
405 423
11 324
388 389
10 8726
224 8726
29 8726
8 8726
8240 8726
6 8726
244 8726
30 8726
8691 8726
8701 8726
9 8726
114 8726
8722 8726
416 422
95 108
427 456
0 1036
1 1036
347 391
336 344
558 679
0 154
378 397
1 3066
11 3066
3022 3066
1177 1214
1178 1214
1594 1595
1591 1595
747 764
0 457
0 368
0 376
205 209
205 209
18 1191
1 1191
591 592
376 378
130 141
388 389
442 446
245 264
489 526
1101 1110
1061 12734
69 12734
12694 12734
240 12734
54 12734
36 12734
12209 12734
42 12734
6 12734
149 12734
22 12734
13 12734
17 12734
7 12734
11 12734
296 12734
76 12734
8 12734
201 203
0 89
1 653
19 295
0 841
426 441
383 384
866 876
1243 1264
1171 1264
1259 1264
359 404
3 1483
0 1110
0 590
559 590
249 264
106 107
2 1386
145 148
80 89
1 842
459 461
646 669
653 669
4 737
690 699
413 423
4 737
104 107
106 107
134 148
456 473
2481 2629
2397 2629
4 2629
2623 2629
2 384
1574 1589
1525 1589
1446 1589
4 113
2594 2696
2675 2696
2494 2696
737 774
0 664
943 987
984 987
986 987
4097 4344
4271 4344
199 4344
4146 4344
4279 4344
4153 4344
4018 4344
209 222
2 626
1315 1376
1307 1376
1204 1376
1340 1376
545 558
668 680
646 680
230 234
4 177
2 177
383 384
435 441
6 441
5 376
1484 1511
211 1511
505 522
515 522
2 169
732 737
1 664
455 479
2173 2238
2232 2238
2096 2238
2 2238
1072 1074
33 737
746 762
2465 2517
720 788
2299 2300
16 2300
755 762
2 618
178 183
267 270
1 558
1 252
30 295
1577 1913
1875 1913
648 656
8 656
655 656
238 240
420 423
44 764
355 373
426 446
14 357
413 423
18 632
557 590
558 562
431 456
0 9
293 587
550 562
45 1014
755 774
377 404
19 567
3 1407
575 594
639 690
680 690
244 250
124 127
294 295
84 2725
1362 2725
168 2725
2570 2725
108 2725
1 442
0 442
491 518
0 508
1 269
266 269
37 38
5905 6094
543 6094
463 6094
477 6094
5935 6094
1308 1370
2666 2737
53 2737
1366 1409
496 526
13 465
4 339
917 960
892 960
38 382
1 295
0 404
25 431
1526 1536
3 615
1 844
3 308
2 504
544 560
621 730
364 730
18 764
1687 1701
237 240
0 283
592 596
381 392
61 2339
15 2339
3 303
451 461
538 563
15 438
106 122
56 980
944 980
807 845
583 665
26 378
3 352
820 889
877 889
188 189
35 431
730 751
498 526
1953 1955
1895 1955
1946 1955
1943 1955
1847 1955
1951 1955
576 9453
9228 9453
536 9453
129 9453
9085 9453
601 9453
45 9453
226 9453
9059 9453
513 9453
8 9453
461 9453
9 9453
352 9453
451 9453
3417 3604
3440 3604
110 3604
3510 3604
92 3604
2923 2982
2952 2982
2968 2982
2927 2982
2667 2982
44 1152
9 499
0 181
1 181
0 249
610 613
6 395
519 575
2 122
1092 1114
1090 1114
6 283
10 283
9 241
0 55
646 655
43 1887
1851 1887
47 1887
7499 7512
7462 7512
7486 7512
7424 7512
6970 7512
7394 7512
7501 7512
10 7512
18 7512
7193 7512
7390 7512
7500 7512
7340 7512
7201 7512
7036 7512
303 328
9 623
2 106
3 82
284 305
176 196
75 151
7 439
319 328
1977 2031
2184 4370
364 4370
408 4370
4165 4370
228 4370
4274 4370
166 4370
64 4370
334 340
357 360
0 269
1 413
0 887
180 187
5 187
491 534
1522 1539
25 726
252 257
181 202
760 764
759 764
16 473
26 729
14 729
19 729
5 174
4 593
5 326
140 282
57 59
10 2849
2773 2849
28 2849
218 2849
188 225
398 435
400 435
12 522
1 146
467 479
17 399
4 587
539 562
778 788
783 788
781 788
780 788
777 788
774 788
779 788
772 788
776 788
34 473
18 473
1484 1528
1365 1528
67 1904
52 1904
3 733
213 219
2357 2417
2407 2417
24 594
41 594
28 594
4 620
2 620
28 476
237 476
2 405
1683 1695
1 91
3 91
60 1223
6 1223
1135 1223
453 479
306 328
33 1879
4 1879
4759 4834
4739 4834
4709 4834
4825 4834
156 4834
4581 4834
143 145
4 739
328 336
332 361
158 177
383 413
702 759
184 191
187 191
12 240
226 233
176 177
175 176
3 318
746 807
61 807
28 761
2 446
2 931
4 931
1058 1074
1 812
275 287
712 764
1033 1043
6 857
896 922
3 558
25 558
139 279
12 173
113 130
539 617
517 617
1664 1707
1701 1707
43 4275
3 4275
4181 4275
3976 4275
4028 4275
7 1149
3 1149
12 1149
2873 2971
2951 2971
9 336
1 318
1020 1026
0 92
1 92
300 311
147 161
11 774
126 127
375 379
28 400
427 428
4 381
560 562
488 497
391 393
2 279
319 323
1 395
21 223
10 362
478 509
100 2434
22 716
4 388
205 233
4 484
467 484
473 484
18 1075
3 1075
18 1075
1010 1075
4 118
106 114
805 844
794 844
291 306
1592 1742
1661 1742
1639 1742
437 441
597 655
726 764
31 509
3656 3737
3682 3737
230 3737
299 3737
2 562
2074 2181
17 338
2 40
326 379
401 405
423 474
1 98
1101 1143
6 368
689 699
16 343
1 126
0 1644
1643 1644
702 767
2 767
0 767
0 20
275 310
2 354
3 61
11 297
669 727
1 395
1578 1618
208 233
5 381
447 473
211 217
0 152
10 768
21 171
11 567
6 301
451 461
777 788
783 788
782 788
780 788
778 788
774 788
776 788
772 788
775 788
392 405
0 653
9 139
24 324
15 973
1336 1386
626 633
657 664
78 1618
8 395
0 295
342 344
217 230
1109 2219
3 385
2 527
5 1926
11 1926
531 548
818 919
684 699
464 472
321 327
4 821
794 821
759 821
1 526
16 567
48 1012
6 1012
16 1012
543 562
37 739
7 266
3 227
1 241
612 635
9 391
2 177
19 407
428 435
513 535
27 527
2 371
1 371
237 240
1 57
254 297
258 262
4 361
1251 1312
0 84
253 287
29 509
572 585
513 592
15 812
2075 2339
260 290
0 948
6 948
424 448
950 973
13 360
388 389
1559 1646
82 2101
2094 2101
1960 2101
2069 2101
848 876
424 472
4 265
49 777
19 502
6 137
2 209
1 144
164 183
361 370
117 135
113 120
74 962
44 721
110 114
47 3218
1695 1747
2 231
974 1110
138 153
284 290
389 397
319 325
293 319
7 382
353 5267
314 5267
2633 5267
129 5267
345 5267
2633 5267
5092 5267
4973 5267
5009 5267
5046 5267
281 5267
102 5267
188 5267
145 5267
966 1034
1010 1034
3 2191
9 2191
31 247
23 247
136 1416
27 1027
45 319
65 1042
26 384
6 163
4 127
7 484
58 900
524 544
19 265
3 368
24 930
30 2416
2382 2416
34 2416
877 919
392 407
373 382
0 247
8 233
1 1183
3 1183
1148 1183
22 1185
371 382
329 340
59 3763
83 3763
176 177
450 477
124 141
218 242
5 295
11 295
2 395
562 615
11 308
11 1695
453 511
0 227
251 257
9 2339
373 395
3 359
704 761
238 257
0 176
332 336
2 195
357 365
238 240
214 230
179 196
325 338
1105 1116
3 1116
42 1124
25 300
1600 1623
848 906
0 57
150 188
1019 1057
6 233
673 721
316 318
717 735
696 699
7 446
0 310
5 165
9 465
1049 1130
582 679
21 392
4 348
1791 1898
1866 1898
5 472
940 950
949 950
912 950
190 191
16 1695
311 324
276 282
6 861
39 1695
20 360
22 960
379 388
2 1701
452 453
448 453
243 247
451 461
294 295
12 1042
483 549
16 319
1085 1110
72 2517
14 866
59 866
108 141
13 387
1 48
1747 1791
1727 1791
19 511
3 275
0 286
411 423
163 191
2 950
475 509
5 861
0 364
13 364
371 378
3566 3651
9 364
312 364
274 298
637 679
37 654
176 177
599 605
11 392
11 392
1 569
0 43
392 414
265 272
11 327
4 2050
2 2050
3 2050
561 617
27 927
12 1268
99 1268
1156 1268
5 1413
147 157
312 317
733 790
704 790
23 812
1041 1077
568 584
17 562
1308 1360
1647 1695
395 405
568 587
122 127
101 1592
57 1592
1621 1719
1637 1719
24 1719
544 548
22 548
188 195
2 352
0 1043
2673 2703
2688 2703
2676 2703
2701 2703
26 1165
387 395
4 1323
3 1323
6 1323
9 1323
5 1323
115 118
157 165
588 663
427 451
1461 1536
1510 1526
1443 1526
1520 1526
1 116
7 327
3 587
6 139
1 325
1233 1288
1 116
2 240
208 217
665 712
16 1386
2319 2339
1 2517
10 381
4 284
167 183
292 295
3 2517
1918 2339
450 465
2 247
2466 2517
51 55
261 281
214 247
1325 1360
437 461
3621 3761
564 590
35 594
359 378
1495 1539
2 108
76 4338
62 1552
2 152
18 646
33 306
656 657
651 657
977 1042
417 421
1031 1042
3 222
1006 1034
258 270
1098 1104
14 486
3 502
55 57
807 816
8 2365
57 1074
5 187
2219 2236
2212 2236
2187 2236
112 2236
403 405
8 1110
487 497
206 222
115 120
1 151
32 1392
205 230
85 86
75 78
2183 2339
8 9
1009 1021
317 318
4 308
139 279
754 762
86 88
711 721
946 1027
487 500
88 89
5 86
155 159
3 733
709 725
3 276
482 497
1081 1130
448 456
594 654
748 777
50 53
333 340
468 475
3 142
23 694
39 41
84 90
586 588
586 588
577 588
213 214
66 67
575 588
305 327
10 342
17 588
190 193
152 161
83 90
576 588
40 41
13 322
631 718
1 142
528 567
584 588
5 113
10 120
578 588
14 567
293 588
580 588
445 483
572 588
195 218
584 588
9 282
2 282
10 588
213 218
318 327
23 24
272 274
265 274
194 214
125 142
0 90
86 90
9 228
552 567
223 229
19 567
324 343
6 228
310 327
1 43
350 386
683 694
2 228
31 475
576 588
419 475
472 946
0 475
528 567
427 457
307 327
474 483
5 343
0 116
454 475
204 228
333 342
11 327
13 560
221 229
98 99
583 588
40 43
40 43
6 168
4 141
11 483
15 16
31 588
0 386
0 334
2 588
1 588
36 588
2 588
0 90
584 588
0 271
583 588
0 386
62 67
11 560
4 342
437 454
580 588
579 588
0 211
7 694
6 694
219 228
316 327
586 588
728 752
52 53
227 229
577 588
38 41
27 374
317 334
10 588
0 475
3 110
228 229
2 58
23 588
1 142
4 153
21 334
109 116
117 118
584 588
0 386
318 327
134 142
218 228
6 156
16 588
0 588
290 327
314 343
151 153
9 475
0 588
98 99
1 588
0 588
533 574
640 694
3 90
20 694
3 56
10 560
7 342
9 322
707 752
581 588
3 327
190 193
1 454
0 342
66 67
5 327
570 588
0 229
4 342
66 67
115 2673
0 211
457 483
315 327
213 228
32 33
5 962
1520 1539
114 125
115 120
0 80
742 816
0 554
6 176
401 406
3 66
424 473
0 977
0 844
6 290
487 502
86 88
239 275
141 147
414 515
16 1205
6 1403
1693 1695
582 605
596 605
1309 1347
2 1347
1511 1516
4 295
466 473
53 59
1006 1021
6 788
218 228
1086 1110
87 88
0 768
3 476
335 337
331 340
1694 1695
124 127
3 308
374 378
1 241
18 452
0 284
1 1900
1801 1900
3026 3101
14 3101
0 6
201 218
649 664
2 158
421 423
849 951
934 951
555 623
377 399
1572 1577
261 278
1 214
2114 2150
2108 2150
143 145
3 404
7 1074
317 336
7 362
569 594
4 216
412 439
2 527
1367 1386
0 639
720 762
585 625
15 625
677 725
370 395
957 1036
4 1042
375 393
1485 1539
362 368
1519 1539
0 117
580 632
1035 1042
2 518
11 567
431 452
5 1071
338 347
283 303
116 120
265 270
20 2237
2227 2237
2224 2237
2212 2237
7 2237
206 233
1315 1552
394 409
1132 1230
46 1230
841 853
397 400
0 126
445 446
13 857
6 973
2 274
1 274
64 3390
3235 3390
14 3390
86 3390
0 584
27 890
615 626
205 216
3 1346
2 247
2 287
76 79
188 196
184 191
7136 7353
7325 7353
6806 7353
6845 7353
7289 7353
6524 7353
6971 7353
7283 7353
7332 7353
6371 7353
7273 7353
6556 7353
7281 7353
7028 7353
7226 7353
56 7353
133 141
2391 2466
2400 2466
2425 2466
2412 2466
0 1456
10484 10604
10526 10604
10556 10604
49 10604
10527 10604
10568 10604
10124 10604
10010 10604
10534 10604
10523 10604
171 10604
9772 10604
10413 10604
69 10604
9787 10604
10142 10604
1581 1655
1590 1655
1 407
1131 1162
1078 1162
1069 1162
1085 1162
468 479
579 623
0 87
530 564
359 391
1 295
31 590
507 508
1690 1695
42 47
757 788
767 788
765 788
756 788
760 788
771 788
762 788
754 788
758 788
217 230
675 739
399 436
3 1695
1 247
2 626
565 567
114 115
43 48
0 344
661 684
14 764
570 582
1007 1072
1793 1862
7 1862
365 369
872 876
14 625
4 233
936 937
930 937
863 937
0 230
1 421
258 272
198 218
811 812
793 826
1 919
836 887
1020 1072
2254 2339
7 958
19 958
1411 1623
140 141
762 792
795 811
14 2330
1 2330
236 247
2 974
117 120
3 182
1 423
0 1967
0 30
1 384
514 549
1138 1153
3 497
187 188
462 498
150 157
149 157
2302 2339
895 950
56 57
9 135
4 473
1 962
431 448
2 163
383 414
47 1161
20 1161
7 1161
1 117
1 96
1311 1403
1202 1346
1 139
1087 1110
472 473
158 318
1 318
666 700
161 162
3 1967
1492 1539
1468 1539
101 106
5188 5662
108 5662
112 5662
89 5662
393 5662
1410 1536
0 1536
603 625
2492 2565
2357 2565
2560 2565
2429 2565
2510 2565
2478 2565
1745 1747
380 384
168 183
1230 1249
1197 1249
81 87
784 812
725 746
2113 2128
15 2128
2019 2128
465 473
0 67
122 124
157 178
729 764
2 379
2350 2396
2184 2396
1 2396
883 890
881 890
868 890
0 38
2307 2407
2281 2407
2222 2407
2225 2407
713 735
566 581
536 581
23 385
14 385
9 615
134 139
636 641
442 448
1028 1064
1063 1064
2178 2225
88 89
0 941
76 89
1369 1419
428 452
0 80
544 554
76 89
1287 1294
10 1294
371 381
1920 1948
1945 1948
1932 1948
1935 1948
912 962
415 448
2 352
133 137
6 594
1623 1708
1528 1708
260 287
0 25
772 816
608 626
0 90
2271 2339
0 1536
193 233
65 69
302 319
786 796
441 446
508 527
4 142
345 369
1 153
580 590
338 385
401 413
2 446
2213 2395
2170 2395
373 404
295 592
2039 2163
2048 2163
2102 2163
0 55
183 191
2231 2423
2285 2423
2419 2423
331 344
191 196
446 452
21 1403
1 1205
1172 1205
973 1014
282 294
0 448
84 86
361 395
830 844
0 844
281 303
1334 1360
1 812
101 107
0 562
474 479
440 467
1725 1733
1715 1733
1699 1733
71 80
679 739
410 446
228 247
2 389
621 733
197 215
231 295
1 431
0 175
129 130
185 187
5 135
276 284
346 371
323 330
1706 1724
1696 1724
1710 1724
501 549
905 919
1047 1139
45 896
3 896
409 437
0 103
250 264
0 261
3 264
5 648
1565 1577
1434 1501
1453 1501
1438 1501
562 617
14 1618
279 285
0 504
113 115
47 48
239 247
727 737
0 223
0 509
295 311
568 594
459 477
1 345
31 733
8 789
762 789
1 605
1700 1747
335 347
1505 1511
1501 1511
2 362
146 147
9 307
138 139
137 139
1 382
1756 1766
761 788
777 788
769 788
755 788
765 788
752 788
757 788
751 788
756 788
687 694
680 694
305 307
170 174
357 371
996 1077
522 537
5 178
100 103
286 290
3100 3159
3080 3159
3081 3159
1306 1331
7 50
9 716
3 508
1907 1909
1883 1909
1889 1909
13 1618
1495 1618
12 384
3 384
1 102
0 94
1 585
440 474
487 535
252 261
294 295
0 169
147 148
175 183
833 876
15 733
18 1787
1757 1787
1784 1787
564 617
1487 1553
1408 1553
482 504
301 343
4 632
1 127
500 504
1079 1083
63 65
34 1144
161 178
1 172
9 240
405 431
910 919
8 498
0 1618
1451 1475
338 368
23 26
1853 1965
150 1965
50 1965
148 1965
46 1965
162 1965
123 125
171 175
49 55
355 379
2 229
6 229
213 230
9 1042
332 344
320 323
725 746
859 876
465 479
399 406
487 504
0 171
540 575
722 764
1877 1913
1871 1913
1024 1057
9 269
5 173
336 344
6 772
216 242
0 1695
1680 1695
0 382
740 764
3 175
88 94
771 811
0 394
1179 1287
163 176
137 139
0 310
357 360
220 230
783 811
14 381
1034 1129
1069 1129
1107 1129
318 638
1062 1071
1 1410
1398 1410
1406 1410
807 811
492 497
32 37
280 285
296 305
4 256
3 360
229 233
615 623
985 1061
246 260
451 452
555 563
579 592
135 144
297 327
1 617
334 337
360 362
5765 5976
5703 5976
5955 5976
5578 5976
5236 5976
5967 5976
5099 5976
5927 5976
5944 5976
1012 1075
372 379
640 661
160 162
39 2517
8 431
93 100
8 1386
10 850
479 511
403 405
1089 1102
0 1102
348 370
184 196
1 361
820 841
692 698
0 124
0 290
215 218
412 439
215 229
330 349
81 89
352 360
324 333
327 333
514 526
121 122
0 412
0 196
1 874
222 247
888 896
326 338
321 338
134 142
1777 1779
1688 1779
1700 1779
1692 1779
1180 1238
875 876
1822 1853
1831 1853
1832 1853
557 592
540 564
162 173
1483 1539
141 158
782 812
583 584
322 328
250 262
804 816
93 99
9 796
9 404
138 146
343 345
1 464
225 228
239 274
809 919
499 502
1070 1110
106 122
443 446
507 518
131 141
558 585
560 561
2688 2808
1296 1357
130 1416
6 204
1 100
34 563
6 564
470 473
10 1110
3 339
163 327
17 308
252 295
4 587
695 777
552 558
148 149
188 209
249 279
0 962
93 3095
69 3095
110 3095
1542 1617
34 1617
10 1617
1459 1617
313 318
324 327
1718 1767
1686 1767
1676 1767
1627 1767
239 240
1041 1071
492 522
7 1618
1 465
10 465
1 465
