381 384
373 375
391 392
36 576
13 576
768 776
54 776
481 511
2246 2287
6 2287
4 745
2 745
874 914
2 338
430 448
2 691
690 691
182 183
48 914
1126 1155
17 1155
52 1155
32 1155
16 1155
1361 1370
1533 1623
7350 7389
7306 7389
7272 7389
39 7389
45 7389
7374 7389
25 7389
18 7389
19 7389
1 7389
7213 7389
2281 2339
613 615
1252 1288
3 176
1259 1265
16 1265
1223 1265
142 150
73 79
0 1983
1981 1983
6 1983
1776 1983
220 269
3 397
4 1208
103 1208
44 1208
1465 1474
239 240
439 448
554 558
1108 1113
1077 1113
70 79
302 305
398 400
386 388
574 590
1376 1483
150 152
150 152
795 796
2 1536
752 805
274 276
327 328
1265 1267
1254 1267
1262 1267
1171 1267
1266 1267
1 522
190 198
927 1013
2 1013
150 152
1291 1303
995 1008
1000 1008
7 327
552 562
10 737
8 737
258 264
174 175
2 44
3 89
1900 1913
13 1913
3 1539
972 973
851 855
299 301
82 7645
9 7645
7643 7645
150 7645
138 7645
7642 7645
7635 7645
7626 7645
7625 7645
8 7645
46 7645
7362 7645
6 7645
10 7645
7316 7645
388 7645
7538 7645
275 7645
505 7645
7286 7645
9207 9306
9274 9306
9221 9306
9297 9306
9289 9306
9077 9306
9305 9306
9304 9306
9189 9306
98 9306
37 9306
9301 9306
540 9306
9199 9306
9298 9306
9030 9306
9149 9306
9095 9306
3726 3760
3642 3760
3758 3760
3757 3760
3754 3760
3750 3760
3569 3760
3756 3760
623 689
278 295
1417 1454
1445 1454
89 1454
23 1454
583 626
188 203
376 405
758 794
792 794
826 844
584 657
1067 1110
144 150
7 1071
778 812
766 812
8 422
878 896
384 395
2250 2339
117 135
14 324
1 721
76 79
198 204
23 811
6 368
9 380
12 380
2 384
148 152
0 98
66 68
6 446
7 777
12 777
1 884
877 884
1510 1514
857 876
0 348
167 169
662 663
660 663
302 303
237 240
430 441
1454 1474
1 733
1064 1077
387 404
960 973
0 138
17 1618
551 567
873 876
0 176
2084 2150
2105 2150
870 876
3 311
0 1597
1 1597
1514 1597
14 1597
602 618
0 98
181 184
775 776
774 776
490 497
56 57
382 392
666 670
2 670
382 392
459 511
5 247
850 876
6 344
866 965
1526 1539
491 509
203 215
171 176
201 215
203 215
1370 1386
273 283
676 764
462 465
755 792
175 10782
10771 10782
10269 10782
2 10782
10690 10782
11 10782
10596 10782
10391 10782
493 10782
10697 10782
348 10782
190 10782
10753 10782
10735 10782
10731 10782
10683 10782
10224 10782
10745 10782
445 10782
16 10782
10734 10782
288 10782
19 10782
10751 10782
348 10782
10700 10782
4 224
678 767
11 144
496 540
2466 2510
4 2510
18 269
20 269
1213 1269
3 1269
36 919
4 782
435 448
0 931
928 931
4 247
88 89
2035 2038
26 2038
20 2038
432 446
733 737
1893 1898
1883 1898
6 584
1356 1360
2254 2257
7 2257
1672 1695
2334 2339
1066 1072
5 746
7 746
3 2150
28 2150
3367 3410
5 3410
35 3410
12 746
3 2150
31 2150
703 764
16 746
451 456
588 590
2444 2449
2448 2449
14 191
767 777
4 266
997 1027
0 976
52 976
23 3000
2989 3000
13 3000
156 3000
14 3000
33 3000
2 202
3 456
769 777
376 381
5 295
185 186
439 441
2 94
3 68
264 287
237 240
70 142
238 240
3 655
1168 1197
2694 2831
4 2831
2573 2831
2495 2831
1273 1331
4203 4210
4202 4210
4070 4210
4205 4210
4193 4210
4116 4210
28 4210
4028 4210
4204 4210
4195 4210
4183 4210
2 20
206 209
628 677
647 677
10 1547
1451 1547
887 888
885 888
341 344
372 413
908 1012
2 1012
911 1012
255 269
0 467
485 504
12 1110
1 585
2062 2128
13 2128
32 2128
916 960
1403 1483
1474 1536
1473 1536
1097 1110
1 1069
0 1069
1066 1069
1008 1014
808 811
1084 1110
420 423
0 93
11 183
4 384
722 724
2317 2375
2150 2375
2302 2375
165 178
781 788
786 788
785 788
782 788
784 788
787 788
783 788
779 788
780 788
172 203
214 226
102 4949
4794 4949
4740 4949
4720 4949
4925 4949
4613 4949
175 4949
115 120
2102 2150
2124 2150
2137 2150
633 653
654 689
11 2955
1 2955
2939 2955
0 2955
2909 2955
4 2955
2936 2955
1676 1695
401 439
2 439
220 225
104 2163
2013 2163
318 13875
13369 13875
261 13875
217 13875
338 13875
435 13875
13563 13875
13547 13875
45 13875
13371 13875
12873 13875
13220 13875
13618 13875
13695 13875
2173 2339
214 222
142 150
3 1164
36 1164
1146 1164
5 2347
30 2347
2300 2347
29 2347
625 633
382 384
3034 3126
3001 3126
3093 3126
3011 3126
2962 3126
2960 3126
3007 3126
1067 1078
1072 1078
38 1078
1 267
28 1926
506 526
805 812
800 858
5419 5657
5240 5657
24 5657
5218 5657
5522 5657
243 5657
5648 5657
5462 5657
1030 1042
418 423
1 218
159 172
1199 1307
985 1021
383 384
394 400
237 240
2 247
0 176
2 247
5 124
2 618
2 247
25 1708
45 1708
88 1708
73 1708
751 762
749 762
150 152
361 371
261 264
431 442
441 442
387 389
107 5642
47 5642
156 5642
5300 5642
53 5642
1 5642
5452 5642
409 416
5 223
83 86
8 543
1393 1403
1395 1403
618 679
2406 2517
0 87
677 689
2 336
88 89
151 153
1380 1403
1956 1963
1926 1963
20 2002
33 2002
1994 2002
146 147
144 147
1 163
262 264
1469 1539
261 264
588 590
168 181
225 241
32 465
641 764
693 764
700 764
289 295
1644 1652
25 1652
1965 1967
84 86
45 1110
1172 1183
1170 1183
1178 1183
836 876
386 389
1069 1124
1066 1124
0 1014
947 961
894 961
14 961
515 526
1 359
118 1130
6 257
1369 1386
1 842
975 1042
6 257
2246 2403
2113 2403
2137 2403
102 106
372 375
3 617
0 270
255 270
335 340
7 327
353 380
494 518
586 587
581 587
7 384
374 424
261 264
691 699
1280 1317
1287 1317
1210 1317
115 120
521 594
1 538
6 603
1054 1130
4 344
237 240
1238 1241
121 122
851 855
1894 1898
1893 1898
1895 1898
1892 1898
383 384
1 17
9 914
24 777
6 163
4649 4713
127 4713
4693 4713
98 4713
4702 4713
4621 4713
41 44
2119 2150
2118 2150
13 2150
21 2150
389 402
244 266
742 781
4 781
2 781
1 781
651 664
2 689
35 874
783 796
791 796
1381 1464
1437 1464
1447 1464
512 548
380 382
215 233
14 663
239 257
481 506
8 1012
10 257
570 626
0 371
719 782
3715 3816
3807 3816
11 3816
6 3816
153 3816
3812 3816
3617 3816
339 340
1273 1347
1344 1347
145 149
5 554
2 364
20 364
267 295
23 435
686 695
14 1247
52 1247
390 423
9 914
0 265
35 631
629 631
185 186
0 518
169 171
9 511
18 431
2242 2308
9 2308
194 2303
14 2303
9 145
23 145
15 145
0 467
492 518
0 405
316 318
410 423
308 324
386 389
8414 8726
8693 8726
258 8726
13 8726
8447 8726
350 8726
255 8726
8646 8726
8714 8726
8724 8726
8570 8726
8469 8726
8596 8726
419 422
4 108
452 456
898 1036
929 1036
368 391
323 344
619 679
146 154
12 397
86 3066
2936 3066
3057 3066
1198 1214
1204 1214
32 1595
1509 1595
743 764
456 457
342 368
353 376
203 209
203 209
20 1191
22 1191
590 592
376 378
140 141
386 389
443 446
261 264
516 526
1066 1110
11939 12734
445 12734
12733 12734
12455 12734
40 12734
142 12734
11922 12734
334 12734
1 12734
45 12734
44 12734
44 12734
519 12734
118 12734
92 12734
72 12734
186 12734
12163 12734
202 203
88 89
7 653
6 295
11 841
1 441
374 384
835 876
1210 1264
1217 1264
1253 1264
5 404
5 1483
3 1110
574 590
586 590
260 264
106 107
45 1386
143 148
88 89
5 842
459 461
631 669
665 669
690 737
695 699
3 423
11 737
106 107
106 107
144 148
470 473
2 2629
2624 2629
11 2629
2592 2629
381 384
1586 1589
8 1589
1512 1589
4 113
65 2696
2662 2696
2477 2696
761 774
2 664
493 987
982 987
986 987
84 4344
4145 4344
4052 4344
4078 4344
4068 4344
17 4344
4231 4344
211 222
572 626
1266 1376
1304 1376
1157 1376
1318 1376
555 558
668 680
655 680
225 234
2 177
175 177
383 384
433 441
1 441
10 376
2 1511
1436 1511
0 522
517 522
167 169
5 737
1 664
471 479
2171 2238
2159 2238
18 2238
2 2238
1055 1074
676 737
753 762
4 2517
1 788
2296 2300
41 2300
750 762
8 618
182 183
250 270
14 558
247 252
266 295
25 1913
1878 1913
629 656
0 656
655 656
239 240
408 423
620 764
365 373
409 446
6 357
12 423
576 632
583 590
553 562
441 456
0 9
293 587
558 562
963 1014
716 774
378 404
6 567
11 1407
533 594
620 690
651 690
230 250
123 127
294 295
84 2725
174 2725
148 2725
1362 2725
2576 2725
407 442
416 442
501 518
8 508
11 269
267 269
37 38
5863 6094
369 6094
250 6094
216 6094
153 6094
1294 1370
2729 2737
23 2737
1350 1409
491 526
425 465
0 339
3 960
6 960
31 382
15 295
0 404
8 431
1492 1536
613 615
0 844
2 308
470 504
0 560
641 730
364 730
678 764
1650 1701
237 240
0 283
593 596
390 392
13 2339
0 2339
0 303
450 461
540 563
7 438
109 122
58 980
968 980
827 845
612 665
11 378
5 352
0 889
842 889
0 189
408 431
735 751
501 526
1952 1955
1878 1955
1933 1955
1921 1955
1824 1955
1953 1955
193 9453
9055 9453
144 9453
307 9453
186 9453
242 9453
30 9453
214 9453
164 9453
244 9453
429 9453
252 9453
237 9453
106 9453
296 9453
3574 3604
3489 3604
3273 3604
3592 3604
3209 3604
2880 2982
2826 2982
2950 2982
2855 2982
13 2982
1075 1152
19 499
0 181
3 181
236 249
601 613
368 395
518 575
3 122
1045 1114
1032 1114
2 283
276 283
23 241
4 55
635 655
101 1887
1871 1887
154 1887
7511 7512
7470 7512
7510 7512
7453 7512
7099 7512
7402 7512
7486 7512
55 7512
7276 7512
7131 7512
7307 7512
7505 7512
7458 7512
7175 7512
7225 7512
306 328
48 623
99 106
65 82
284 305
175 196
75 151
6 439
316 328
2007 2031
2184 4370
360 4370
4153 4370
2184 4370
135 4370
158 4370
204 4370
185 4370
331 340
0 360
241 269
1 413
3 887
179 187
2 187
515 534
1533 1539
31 726
241 257
3 202
752 764
748 764
453 473
9 729
4 729
6 729
6 174
10 593
5 326
140 282
56 59
10 2849
172 2849
275 2849
1424 2849
198 225
387 435
6 435
0 522
5 146
478 479
8 399
7 587
560 562
781 788
786 788
785 788
782 788
784 788
787 788
783 788
779 788
780 788
20 473
467 473
1461 1528
1277 1528
53 1904
32 1904
19 733
6 219
0 2417
2413 2417
498 594
71 594
511 594
11 620
9 620
20 476
35 476
6 405
0 1695
3 91
5 91
3 1223
1119 1223
1 1223
474 479
3 328
97 1879
8 1879
4797 4834
69 4834
4774 4834
4825 4834
110 4834
43 4834
143 145
721 739
324 336
19 361
168 177
393 413
737 759
189 191
181 191
19 240
224 233
171 177
160 176
2 318
768 807
761 807
748 761
436 446
3 931
919 931
20 1074
0 812
265 287
755 764
1041 1043
1 857
1 922
8 558
541 558
139 279
2 173
0 130
308 617
524 617
1654 1707
1697 1707
4103 4275
13 4275
4240 4275
4177 4275
4201 4275
2 1149
15 1149
1110 1149
2936 2971
2947 2971
317 336
6 318
1008 1026
1 92
2 92
4 311
131 161
763 774
8 127
377 379
384 400
412 428
5 381
558 562
494 497
389 393
6 279
318 323
13 395
6 223
3 362
14 509
114 2434
622 716
5 388
208 233
3 484
471 484
474 484
23 1075
1027 1075
1006 1075
1021 1075
2 118
6 114
815 844
792 844
1 306
1716 1742
1626 1742
1590 1742
0 441
615 655
694 764
452 509
3648 3737
3706 3737
97 3737
213 3737
11 562
2116 2181
5 338
37 40
345 379
389 405
425 474
2 98
1104 1143
5 368
691 699
4 343
2 126
7 1644
1643 1644
3 767
732 767
31 767
9 20
1 310
5 354
0 61
17 297
17 727
2 395
1598 1618
9 233
2 381
19 473
7 217
3 152
651 768
4 171
10 567
17 301
408 461
781 788
784 788
786 788
782 788
783 788
787 788
785 788
779 788
780 788
401 405
620 653
69 139
8 324
63 973
3 1386
624 633
650 664
1499 1618
11 395
0 295
338 344
227 230
1109 2219
13 385
12 527
13 1926
69 1926
540 548
865 919
696 699
442 472
319 327
0 821
756 821
739 821
1 526
24 567
41 1012
21 1012
981 1012
12 562
36 739
10 266
212 227
3 241
618 635
17 391
8 177
3 407
423 435
40 535
5 527
364 371
366 371
0 240
3 57
284 297
259 262
327 361
1297 1312
81 84
267 287
507 509
573 585
557 592
799 812
2201 2339
262 290
2 948
3 948
21 448
960 973
1 360
387 389
1528 1646
84 2101
1954 2101
2067 2101
2049 2101
856 876
5 472
29 265
718 777
29 502
10 137
2 209
9 144
1 183
1 370
120 135
110 120
50 962
11 721
5 114
19 3218
1665 1747
7 231
988 1110
138 153
275 290
391 397
319 325
12 319
362 382
202 5267
2633 5267
2633 5267
114 5267
2633 5267
2633 5267
4904 5267
4945 5267
154 5267
4846 5267
219 5267
98 5267
26 5267
212 5267
940 1034
982 1034
2068 2191
34 2191
19 247
17 247
163 1416
83 1027
44 319
74 1042
191 384
13 163
0 127
471 484
40 900
16 544
29 265
20 368
15 930
41 2416
2312 2416
2293 2416
871 919
391 407
362 382
2 247
11 233
1176 1183
1169 1183
1172 1183
1080 1185
355 382
335 340
36 3763
174 3763
174 177
467 477
136 141
227 242
1 295
2 295
360 395
542 615
5 308
1682 1695
452 511
214 227
242 257
2240 2339
390 395
0 359
3 761
250 257
172 176
329 336
187 195
361 365
238 240
222 230
184 196
11 338
1085 1116
39 1116
1087 1124
8 300
39 1623
21 906
54 57
158 188
1055 1057
0 233
3 721
316 318
734 735
695 699
434 446
288 310
1 165
408 465
1076 1130
631 679
374 392
3 348
1895 1898
1893 1898
434 472
921 950
949 950
916 950
190 191
15 1695
318 324
1 282
12 861
1670 1695
3 360
928 960
351 388
1577 1701
452 453
450 453
242 247
18 461
294 295
12 1042
496 549
12 319
5 1110
5 2517
81 866
93 866
121 141
13 387
1 48
1774 1791
1739 1791
21 511
266 275
4 286
411 423
167 191
903 950
508 509
5 861
1 364
316 364
373 378
3603 3651
5 364
7 364
287 298
657 679
620 654
174 177
600 605
3 392
3 392
29 569
0 43
378 414
266 272
303 327
1934 2050
117 2050
1867 2050
580 617
0 927
1240 1268
44 1268
1198 1268
7 1413
150 157
299 317
778 790
719 790
776 812
1016 1077
563 584
2 562
1323 1360
1637 1695
14 405
564 587
124 127
83 1592
80 1592
859 1719
70 1719
48 1719
547 548
541 548
184 195
14 352
25 1043
2604 2703
2668 2703
2655 2703
2558 2703
1084 1165
389 395
14 1323
1234 1323
2 1323
4 1323
8 1323
116 118
146 165
2 663
448 451
1 1536
1501 1526
1485 1526
1519 1526
1 116
9 327
4 587
7 139
1 325
16 1288
1 116
1 240
214 217
35 712
0 1386
2334 2339
120 2517
18 381
5 284
168 183
4 295
6 2517
2055 2339
464 465
0 247
2436 2517
27 55
266 281
228 247
1324 1360
6 461
3706 3761
588 590
13 594
27 378
1422 1539
4 108
268 4338
46 1552
148 152
23 646
286 306
654 657
645 657
1017 1042
413 421
1037 1042
215 222
970 1034
262 270
1076 1104
17 486
451 502
0 57
8 816
2268 2365
1018 1074
169 187
2214 2236
2195 2236
24 2236
0 2236
397 405
1031 1110
491 497
209 222
118 120
0 151
695 1392
0 230
85 86
67 78
2241 2339
0 9
971 1021
310 318
0 308
139 279
753 762
86 88
0 721
28 1027
479 500
2 89
83 86
155 159
704 733
14 725
7 276
482 497
1040 1130
442 456
608 654
736 777
50 53
331 340
472 475
3 142
621 694
40 41
84 90
585 588
581 588
569 588
204 214
65 67
577 588
0 327
9 342
6 588
192 193
139 161
4 90
577 588
39 41
5 322
640 718
127 142
529 567
573 588
4 113
115 120
2 588
12 567
293 588
586 588
0 483
580 588
200 218
585 588
0 282
0 282
566 588
10 218
319 327
23 24
5 274
259 274
204 214
135 142
2 90
82 90
3 228
516 567
223 229
523 567
331 343
0 228
0 327
39 43
353 386
3 694
11 228
20 475
585 588
447 475
472 946
5 475
548 567
427 457
6 327
7 483
13 343
0 116
471 475
8 228
1 342
312 327
516 560
19 229
97 99
578 588
38 43
37 43
159 168
4 141
464 483
15 16
575 588
1 386
1 334
3 588
4 588
31 588
7 588
5 90
7 588
5 271
574 588
4 386
65 67
36 560
8 342
446 454
570 588
47 588
1 211
0 694
16 694
225 228
12 327
576 588
712 752
1 53
0 229
577 588
36 41
373 374
325 334
29 588
6 475
1 110
226 229
56 58
586 588
133 142
149 153
16 334
109 116
115 118
29 588
3 386
311 327
136 142
225 228
0 156
560 588
576 588
293 327
324 343
11 153
8 475
15 588
94 99
581 588
7 588
41 574
631 694
1 90
5 694
2 56
10 560
330 342
4 322
55 752
15 588
1 327
190 193
416 454
332 342
65 67
5 327
1 588
0 229
323 342
65 67
88 2673
193 211
4 483
320 327
226 228
0 33
3 962
1524 1539
1 125
118 120
0 80
811 816
0 554
1 176
403 406
0 66
449 473
6 977
1 844
1 290
474 502
86 88
137 275
140 147
2 515
5 1205
1392 1403
1680 1695
600 605
576 605
1342 1347
1287 1347
1499 1516
3 295
455 473
54 59
1003 1021
1 788
113 228
1108 1110
87 88
10 768
10 476
334 337
329 340
1667 1695
0 127
291 308
368 378
0 241
13 452
0 284
1749 1900
1846 1900
2980 3101
17 3101
0 6
3 218
645 664
0 158
399 423
904 951
939 951
1 623
382 399
1490 1577
269 278
212 214
2138 2150
2060 2150
143 145
0 404
1061 1074
329 336
345 362
7 594
200 216
393 439
498 527
18 1386
599 639
746 762
586 625
593 625
5 725
6 395
978 1036
959 1042
5 393
1432 1539
349 368
1423 1539
103 117
584 632
1027 1042
10 518
5 567
1 452
7 1071
19 347
286 303
117 120
0 270
52 2237
2221 2237
2158 2237
2157 2237
26 2237
231 233
30 1552
1 409
1166 1230
20 1230
845 853
393 400
4 126
445 446
41 857
941 973
264 274
265 274
54 3390
3223 3390
105 3390
109 3390
37 584
880 890
592 626
0 216
1300 1346
244 247
261 287
1 79
1 196
7 191
6644 7353
7214 7353
6699 7353
7169 7353
7190 7353
7097 7353
7 7353
7146 7353
7308 7353
6630 7353
7170 7353
16 7353
7052 7353
15 7353
7117 7353
2 7353
0 141
12 2466
83 2466
2243 2466
2212 2466
1376 1456
242 10604
10553 10604
10556 10604
10220 10604
10378 10604
10537 10604
10 10604
192 10604
10542 10604
10535 10604
1 10604
9951 10604
10399 10604
127 10604
10289 10604
10049 10604
1562 1655
78 1655
11 407
1135 1162
1126 1162
1153 1162
1133 1162
456 479
608 623
0 87
534 564
352 391
0 295
294 590
0 508
1691 1695
6 47
758 788
777 788
770 788
759 788
761 788
776 788
756 788
752 788
763 788
217 230
693 739
434 436
1690 1695
1 247
588 626
566 567
114 115
0 48
329 344
1 684
621 764
557 582
983 1072
1831 1862
1 1862
365 369
872 876
595 625
227 233
928 937
936 937
853 937
0 230
3 421
271 272
3 218
803 812
805 826
1 919
29 887
980 1072
2195 2339
7 958
925 958
1531 1623
7 141
769 792
806 811
38 2330
34 2330
10 247
12 974
117 120
0 182
402 423
55 1967
0 30
382 384
12 549
1107 1153
3 497
184 188
20 498
153 157
142 157
2331 2339
890 950
56 57
112 135
1 473
13 962
442 448
2 163
1 414
40 1161
1139 1161
1142 1161
106 117
9 96
3 1403
1312 1346
0 139
1107 1110
466 473
158 318
8 318
675 700
161 162
1821 1967
1423 1539
1419 1539
102 106
275 5662
113 5662
238 5662
26 5662
290 5662
25 1536
3 1536
608 625
2546 2565
2543 2565
2540 2565
5 2565
2557 2565
2535 2565
1746 1747
382 384
173 183
1167 1249
1204 1249
0 87
795 812
739 746
2114 2128
1 2128
2059 2128
455 473
1 67
111 124
88 178
14 764
2 379
2369 2396
13 2396
2145 2396
862 890
881 890
886 890
0 38
2164 2407
2280 2407
2199 2407
2285 2407
685 735
562 581
1 581
192 385
15 385
5 615
134 139
0 641
440 448
1021 1064
1057 1064
2189 2225
88 89
1 941
81 89
1371 1419
436 452
0 80
524 554
0 89
1286 1294
1224 1294
15 381
1914 1948
1947 1948
1946 1948
1918 1948
932 962
427 448
4 352
133 137
508 594
1644 1708
1540 1708
257 287
1 25
753 816
611 626
0 90
87 2339
2 1536
193 233
53 69
315 319
30 796
443 446
497 527
110 142
6 369
151 153
588 590
0 385
398 413
414 446
2264 2395
2248 2395
374 404
295 592
1967 2163
2137 2163
2132 2163
50 55
6 191
2223 2423
2295 2423
2422 2423
320 344
186 196
432 452
1395 1403
1182 1205
1077 1205
983 1014
285 294
433 448
85 86
364 395
833 844
831 844
286 303
1267 1360
712 812
97 107
1 562
470 479
446 467
1728 1733
2 1733
1692 1733
72 80
696 739
2 446
231 247
386 389
3 733
201 215
285 295
0 431
170 175
128 130
180 187
112 135
1 284
359 371
295 330
30 1724
34 1724
58 1724
526 549
870 919
1104 1139
6 896
10 896
410 437
0 103
2 264
1 261
257 264
637 648
1572 1577
1463 1501
1447 1501
1454 1501
588 617
33 1618
284 285
3 504
114 115
46 48
240 247
731 737
0 223
498 509
303 311
565 594
463 477
342 345
649 733
1 789
2 789
581 605
1662 1747
330 347
1474 1511
1470 1511
332 362
146 147
291 307
136 139
137 139
344 382
1749 1766
756 788
780 788
774 788
757 788
763 788
777 788
758 788
750 788
762 788
681 694
670 694
302 307
166 174
363 371
1036 1077
519 537
6 178
100 103
275 290
3024 3159
2939 3159
2947 3159
1321 1331
5 50
13 716
2 508
1905 1909
1884 1909
1871 1909
34 1618
1419 1618
1 384
2 384
3 102
91 94
0 585
2 474
487 535
1 261
294 295
164 169
147 148
10 183
856 876
45 733
61 1787
24 1787
1785 1787
550 617
4 1553
1448 1553
4 504
10 343
566 632
118 127
500 504
1042 1083
61 65
2 1144
169 178
0 172
20 240
15 431
915 919
1 498
1502 1618
1468 1475
350 368
22 26
1896 1965
139 1965
28 1965
109 1965
31 1965
41 1965
121 125
174 175
1 55
347 379
1 229
193 229
0 230
1 1042
320 344
316 323
16 746
869 876
470 479
402 406
1 504
167 171
551 575
763 764
1885 1913
19 1913
1051 1057
249 269
7 173
0 344
738 772
224 242
1654 1695
1690 1695
380 382
757 764
0 175
86 94
30 811
388 394
1200 1287
167 176
136 139
285 310
340 360
223 230
14 811
2 381
4 1129
1085 1129
1098 1129
318 638
1068 1071
1 1410
1395 1410
1405 1410
7 811
488 497
0 37
284 285
301 305
1 256
337 360
220 233
600 623
15 1061
235 260
446 452
553 563
590 592
13 144
299 327
6 617
336 337
360 362
5821 5976
5567 5976
5935 5976
5533 5976
5322 5976
5936 5976
5566 5976
5626 5976
5656 5976
1044 1075
367 379
627 661
161 162
52 2517
13 431
85 100
1263 1386
25 850
505 511
396 405
1083 1102
550 1102
357 370
177 196
0 361
834 841
695 698
112 124
1 290
216 218
420 439
214 229
5 349
88 89
5 360
324 333
323 333
514 526
120 122
0 412
181 196
785 874
10 247
873 896
293 338
168 338
10 142
1777 1779
1618 1779
1740 1779
1658 1779
1224 1238
870 876
1688 1853
1792 1853
1793 1853
548 592
537 564
165 173
1416 1539
151 158
797 812
574 584
295 328
241 262
6 816
97 99
2 796
8 404
137 146
342 345
450 464
222 228
254 274
859 919
500 502
1062 1110
2 122
20 446
459 518
135 141
0 585
560 561
2558 2808
1248 1357
707 1416
0 204
95 100
21 563
7 564
448 473
5 1110
2 339
163 327
2 308
282 295
560 587
694 777
554 558
147 149
195 209
238 279
3 962
59 3095
90 3095
130 3095
1520 1617
61 1617
0 1617
1573 1617
315 318
326 327
1660 1767
1668 1767
1691 1767
1704 1767
239 240
1024 1071
483 522
1484 1618
2 465
432 465
13 465
