15 384
4 375
0 392
0 576
1 576
28 776
1 776
486 511
2233 2287
2212 2287
4 745
3 745
10 914
3 338
3 448
0 691
684 691
179 183
5 914
1124 1155
1095 1155
1052 1155
37 1155
3 1155
1340 1370
0 1623
7363 7389
7364 7389
368 7389
10 7389
108 7389
7344 7389
7345 7389
98 7389
7200 7389
7266 7389
6971 7389
2287 2339
536 615
1240 1288
170 176
1256 1265
1247 1265
3 1265
4 150
75 79
1 1983
1951 1983
80 1983
1949 1983
2 269
17 397
4 1208
8 1208
56 1208
1460 1474
238 240
0 448
556 558
1057 1113
1019 1113
2 79
299 305
395 400
2 388
37 590
1419 1483
148 152
151 152
787 796
1510 1536
6 805
274 276
326 328
1266 1267
1262 1267
1258 1267
1174 1267
1265 1267
4 522
187 198
1001 1013
21 1013
150 152
1260 1303
994 1008
969 1008
324 327
544 562
24 737
14 737
2 264
1 175
42 44
2 89
1812 1913
1765 1913
12 1539
972 973
812 855
290 301
7394 7645
54 7645
7642 7645
29 7645
593 7645
7618 7645
7633 7645
7619 7645
7637 7645
271 7645
9 7645
7515 7645
7512 7645
7521 7645
7271 7645
7364 7645
7336 7645
194 7645
7489 7645
7555 7645
8823 9306
9082 9306
83 9306
9248 9306
9275 9306
110 9306
9305 9306
9300 9306
9022 9306
62 9306
102 9306
9290 9306
9125 9306
8799 9306
9298 9306
9209 9306
9218 9306
91 9306
3752 3760
64 3760
3753 3760
3759 3760
3739 3760
3706 3760
3676 3760
3755 3760
679 689
277 295
1437 1454
3 1454
10 1454
24 1454
618 626
179 203
378 405
19 794
785 794
787 844
585 657
1089 1110
138 150
7 1071
757 812
8 812
369 422
886 896
394 395
32 2339
2 135
7 324
4 721
0 79
195 204
16 811
6 368
1 380
3 380
4 384
147 152
0 98
66 68
421 446
39 777
11 777
12 884
851 884
1491 1514
836 876
320 348
1 169
655 663
12 663
293 303
235 240
439 441
1441 1474
0 733
2 1077
6 404
6 973
135 138
64 1618
560 567
865 876
157 176
28 2150
2018 2150
862 876
4 311
1458 1597
1572 1597
1576 1597
1578 1597
610 618
2 98
181 184
742 776
0 776
496 497
55 57
1 392
668 670
6 670
2 392
10 511
242 247
843 876
7 344
12 965
1514 1539
493 509
203 215
168 176
205 215
204 215
1357 1386
272 283
716 764
464 465
783 792
273 10782
10196 10782
10567 10782
54 10782
10533 10782
10415 10782
10573 10782
293 10782
141 10782
46 10782
10643 10782
10635 10782
10731 10782
10747 10782
10740 10782
10708 10782
152 10782
10355 10782
10644 10782
218 10782
202 10782
10156 10782
21 10782
10762 10782
10643 10782
10719 10782
217 224
757 767
1 144
30 540
2461 2510
82 2510
219 269
0 269
1267 1269
0 1269
7 919
22 782
0 448
2 931
0 931
13 247
0 89
2003 2038
24 2038
23 2038
443 446
731 737
1891 1898
1880 1898
53 584
1298 1360
2206 2257
26 2257
1670 1695
2269 2339
1051 1072
717 746
719 746
9 2150
1984 2150
3403 3410
3302 3410
3328 3410
722 746
2113 2150
2124 2150
743 764
723 746
431 456
576 590
9 2449
2448 2449
176 191
2 777
2 266
7 1027
885 976
34 976
2754 3000
2975 3000
2 3000
29 3000
3 3000
2915 3000
4 202
4 456
740 777
0 381
7 295
185 186
440 441
2 94
58 68
256 287
237 240
70 142
239 240
40 655
1065 1197
18 2831
7 2831
8 2831
3 2831
1297 1331
4208 4210
4200 4210
4109 4210
4191 4210
4077 4210
4181 4210
27 4210
18 4210
4207 4210
4203 4210
4134 4210
0 20
4 209
2 677
18 677
6 1547
1516 1547
887 888
877 888
333 344
376 413
2 1012
907 1012
929 1012
3 269
3 467
9 504
7 1110
540 585
2080 2128
9 2128
2022 2128
957 960
1420 1483
1493 1536
1519 1536
1094 1110
8 1069
10 1069
15 1069
992 1014
779 811
1055 1110
417 423
92 93
170 183
3 384
697 724
2312 2375
2191 2375
2204 2375
172 178
775 788
773 788
771 788
772 788
777 788
779 788
770 788
776 788
769 788
0 203
222 226
14 4949
4840 4949
174 4949
20 4949
4918 4949
128 4949
49 4949
118 120
73 2150
2051 2150
2032 2150
631 653
660 689
8 2955
50 2955
2892 2955
12 2955
2929 2955
91 2955
2829 2955
1616 1695
420 439
429 439
223 225
40 2163
35 2163
482 13875
13430 13875
236 13875
184 13875
205 13875
13361 13875
13808 13875
13717 13875
13347 13875
13328 13875
13050 13875
13473 13875
13677 13875
13860 13875
30 2339
212 222
144 150
1104 1164
27 1164
1102 1164
32 2347
24 2347
3 2347
8 2347
625 633
5 384
3004 3126
172 3126
2949 3126
3087 3126
38 3126
3013 3126
3023 3126
1068 1078
1073 1078
14 1078
1 267
13 1926
508 526
796 812
802 858
8 5657
63 5657
5347 5657
41 5657
5624 5657
186 5657
5356 5657
5636 5657
1033 1042
419 423
1 218
150 172
18 1307
85 1021
4 384
399 400
236 240
237 247
156 176
232 247
109 124
23 618
239 247
1683 1708
81 1708
1552 1708
56 1708
36 762
53 762
150 152
360 371
263 264
433 442
441 442
388 389
63 5642
48 5642
201 5642
186 5642
83 5642
16 5642
5535 5642
411 416
5 223
85 86
516 543
12 1403
6 1403
649 679
8 2517
3 87
656 689
10 336
0 89
148 153
1 1403
1958 1963
1907 1963
131 2002
1853 2002
1999 2002
145 147
146 147
154 163
262 264
0 1539
250 264
0 590
1 181
218 241
430 465
15 764
5 764
715 764
265 295
1642 1652
1610 1652
1966 1967
85 86
7 1110
16 1183
1 1183
1111 1183
864 876
386 389
1074 1124
1120 1124
11 1014
5 961
922 961
7 961
0 526
15 359
2 1130
0 257
1306 1386
811 842
964 1042
1 257
2308 2403
62 2403
2268 2403
104 106
9 375
18 617
269 270
268 270
337 340
3 327
366 380
508 518
586 587
575 587
383 384
396 424
263 264
18 699
1235 1317
1308 1317
1310 1317
116 120
0 594
0 538
17 603
59 1130
7 344
236 240
1 1241
114 122
9 855
1893 1898
1896 1898
19 1898
4 1898
14 384
16 17
34 914
776 777
152 163
32 4713
4465 4713
4690 4713
297 4713
4702 4713
4654 4713
42 44
1995 2150
2031 2150
14 2150
27 2150
4 402
4 266
764 781
745 781
738 781
742 781
657 664
654 689
775 874
795 796
781 796
1401 1464
1461 1464
1444 1464
531 548
378 382
5 233
586 663
245 257
486 506
6 1012
240 257
550 626
3 371
24 782
32 3816
3804 3816
3780 3816
3746 3816
26 3816
3770 3816
61 3816
339 340
1342 1347
1317 1347
1 149
9 554
2 364
39 364
2 295
49 435
20 695
11 1247
30 1247
4 423
891 914
2 265
581 631
626 631
13 186
488 518
166 171
482 511
7 431
33 2308
0 2308
2258 2303
17 2303
5 145
2 145
13 145
3 467
513 518
402 405
311 318
1 423
14 324
0 389
8516 8726
8705 8726
8469 8726
205 8726
8293 8726
8702 8726
56 8726
8561 8726
8712 8726
8718 8726
8370 8726
8650 8726
8529 8726
404 422
98 108
448 456
2 1036
1020 1036
353 391
332 344
678 679
3 154
17 397
14 3066
22 3066
3055 3066
1178 1214
1180 1214
1541 1595
16 1595
746 764
1 457
0 368
1 376
4 209
196 209
9 1191
19 1191
587 592
373 378
130 141
387 389
443 446
243 264
2 526
1032 1110
980 12734
248 12734
12730 12734
475 12734
12490 12734
12644 12734
368 12734
12409 12734
12371 12734
224 12734
561 12734
177 12734
12035 12734
264 12734
12684 12734
196 12734
309 12734
132 12734
202 203
0 89
1 653
4 295
4 841
1 441
379 384
872 876
1199 1264
1230 1264
1255 1264
4 404
39 1483
2 1110
4 590
560 590
6 264
102 107
6 1386
144 148
0 89
2 842
459 461
5 669
659 669
729 737
12 699
3 423
25 737
11 107
104 107
140 148
0 473
45 2629
2521 2629
50 2629
2505 2629
371 384
1584 1589
1573 1589
1570 1589
4 113
2658 2696
2652 2696
89 2696
703 774
6 664
980 987
984 987
986 987
29 4344
74 4344
91 4344
0 4344
35 4344
3 4344
46 4344
213 222
590 626
1328 1376
1231 1376
3 1376
1357 1376
556 558
679 680
676 680
2 234
16 177
168 177
375 384
437 441
439 441
4 376
1502 1511
1500 1511
1 522
510 522
0 169
725 737
6 664
462 479
13 2238
2237 2238
18 2238
35 2238
1067 1074
5 737
750 762
2412 2517
758 788
2298 2300
2290 2300
761 762
9 618
180 183
1 270
6 558
251 252
259 295
11 1913
1818 1913
654 656
3 656
648 656
239 240
1 423
7 764
367 373
7 446
7 357
5 423
589 632
0 590
3 562
4 456
0 9
293 587
6 562
987 1014
722 774
8 404
17 567
21 1407
3 594
1 690
8 690
1 250
125 127
294 295
45 2725
52 2725
61 2725
44 2725
35 2725
424 442
2 442
498 518
3 508
6 269
268 269
37 38
113 6094
131 6094
79 6094
125 6094
132 6094
1326 1370
2703 2737
88 2737
22 1409
490 526
443 465
1 339
917 960
932 960
15 382
9 295
2 404
12 431
1505 1536
544 615
0 844
305 308
0 504
546 560
711 730
0 730
621 764
1554 1701
236 240
1 283
3 596
1 392
158 2339
3 2339
1 303
7 461
550 563
5 438
102 122
23 980
22 980
819 845
611 665
13 378
336 352
858 889
886 889
188 189
16 431
750 751
500 526
1928 1955
1892 1955
1951 1955
1936 1955
17 1955
1945 1955
297 9453
9157 9453
332 9453
407 9453
131 9453
389 9453
28 9453
247 9453
182 9453
296 9453
101 9453
432 9453
172 9453
153 9453
301 9453
3328 3604
3449 3604
116 3604
3366 3604
83 3604
2897 2982
2896 2982
2975 2982
2922 2982
2804 2982
19 1152
491 499
2 181
0 181
235 249
608 613
18 395
476 575
15 122
1058 1114
1097 1114
6 283
9 283
5 241
2 55
631 655
33 1887
1883 1887
31 1887
7478 7512
7476 7512
7462 7512
7351 7512
7194 7512
7410 7512
7489 7512
7427 7512
8 7512
7135 7512
7415 7512
7497 7512
7355 7512
7084 7512
7237 7512
314 328
28 623
8 106
77 82
5 305
179 196
6 151
8 439
14 328
2027 2031
71 4370
80 4370
75 4370
66 4370
42 4370
60 4370
51 4370
50 4370
338 340
343 360
6 269
5 413
876 887
0 187
11 187
3 534
21 1539
27 726
248 257
185 202
741 764
734 764
457 473
39 729
0 729
19 729
8 174
15 593
0 326
7 282
57 59
58 2849
2748 2849
13 2849
85 2849
224 225
377 435
375 435
21 522
7 146
477 479
26 399
3 587
535 562
774 788
779 788
780 788
776 788
778 788
772 788
771 788
777 788
775 788
34 473
22 473
1477 1528
9 1528
48 1904
45 1904
715 733
211 219
8 2417
2388 2417
23 594
2 594
582 594
9 620
10 620
5 476
33 476
4 405
1609 1695
1 91
4 91
5 1223
7 1223
2 1223
468 479
310 328
35 1879
44 1879
16 4834
23 4834
4736 4834
4828 4834
38 4834
19 4834
143 145
714 739
6 336
13 361
161 177
2 413
750 759
188 191
186 191
9 240
16 233
175 177
2 176
2 318
786 807
792 807
25 761
3 446
4 931
3 931
1056 1074
32 812
7 287
701 764
1033 1043
3 857
24 922
0 558
28 558
274 279
7 173
129 130
2 617
3 617
1660 1707
1698 1707
4131 4275
48 4275
4255 4275
4190 4275
4200 4275
3 1149
14 1149
1047 1149
2951 2971
2924 2971
1 336
5 318
1017 1026
1 92
86 92
298 311
144 161
748 774
7 127
368 379
391 400
419 428
1 381
538 562
3 497
390 393
2 279
316 323
384 395
14 223
0 362
27 509
24 2434
7 716
14 388
217 233
3 484
461 484
464 484
7 1075
2 1075
5 1075
10 1075
8 118
107 114
840 844
788 844
0 306
0 1742
2 1742
1 1742
436 441
597 655
2 764
36 509
3662 3737
16 3737
30 3737
26 3737
2 562
2098 2181
9 338
0 40
0 379
395 405
406 474
0 98
1105 1143
1 368
0 699
0 343
117 126
1 1644
1638 1644
30 767
2 767
14 767
3 20
272 310
3 354
0 61
290 297
649 727
7 395
1603 1618
228 233
7 381
17 473
208 217
2 152
678 768
9 171
10 567
9 301
15 461
777 788
779 788
775 788
778 788
781 788
773 788
770 788
780 788
774 788
400 405
13 653
6 139
316 324
965 973
21 1386
615 633
655 664
1546 1618
394 395
2 295
337 344
219 230
1109 2219
378 385
15 527
16 1926
4 1926
530 548
1 919
3 699
454 472
325 327
8 821
19 821
14 821
0 526
3 567
32 1012
12 1012
23 1012
561 562
41 739
2 266
205 227
0 241
621 635
18 391
8 177
5 407
427 435
8 535
15 527
4 371
4 371
230 240
55 57
268 297
7 262
5 361
7 1312
80 84
2 287
1 509
582 585
530 592
788 812
20 2339
266 290
2 948
1 948
434 448
964 973
13 360
387 389
1627 1646
57 2101
28 2101
62 2101
2044 2101
858 876
438 472
259 265
16 777
16 502
6 137
190 209
0 144
5 183
2 370
1 135
115 120
33 962
681 721
107 114
2940 3218
1730 1747
2 231
1068 1110
4 153
278 290
4 397
10 325
301 319
376 382
5253 5267
85 5267
72 5267
35 5267
124 5267
86 5267
18 5267
122 5267
70 5267
39 5267
80 5267
17 5267
75 5267
105 5267
9 1034
1002 1034
2131 2191
6 2191
19 247
17 247
113 1416
35 1027
6 319
6 1042
8 384
6 163
121 127
2 484
17 900
5 544
11 265
12 368
905 930
28 2416
4 2416
12 2416
864 919
368 407
2 382
0 247
7 233
1177 1183
1176 1183
1178 1183
1177 1185
375 382
6 340
3754 3763
41 3763
176 177
474 477
137 141
211 242
4 295
3 295
10 395
600 615
4 308
23 1695
12 511
4 227
15 257
2313 2339
382 395
6 359
8 761
243 257
0 176
2 336
193 195
14 365
238 240
9 230
175 196
16 338
4 1116
15 1116
1112 1124
10 300
40 1623
44 906
0 57
11 188
6 1057
4 233
0 721
311 318
0 735
3 699
6 446
280 310
3 165
440 465
16 1130
673 679
8 392
1 348
3 1898
4 1898
2 472
936 950
949 950
882 950
189 191
1692 1695
315 324
2 282
28 861
1673 1695
12 360
958 960
361 388
8 1701
451 453
447 453
242 247
11 461
293 295
974 1042
483 549
5 319
1081 1110
1 2517
2 866
3 866
115 141
2 387
3 48
1667 1791
44 1791
6 511
4 275
6 286
405 423
2 191
4 950
480 509
0 861
10 364
16 364
377 378
174 3651
0 364
13 364
0 298
643 679
32 654
174 177
600 605
1 392
6 392
52 569
42 43
393 414
266 272
319 327
132 2050
41 2050
11 2050
79 617
6 927
14 1268
12 1268
16 1268
23 1413
147 157
305 317
747 790
753 790
776 812
1054 1077
546 584
15 562
1326 1360
72 1695
28 405
11 587
1 127
11 1592
4 1592
7 1719
5 1719
10 1719
543 548
3 548
192 195
338 352
1003 1043
0 2703
2645 2703
15 2703
2 2703
1117 1165
10 395
8 1323
2 1323
3 1323
80 1323
6 1323
0 118
0 165
9 663
448 451
11 1536
1499 1526
3 1526
1522 1526
2 116
27 327
17 587
135 139
5 325
89 1288
0 116
4 240
5 217
39 712
21 1386
3 2339
65 2517
14 381
24 284
160 183
16 295
9 2517
15 2339
0 465
4 247
2427 2517
2 55
5 281
222 247
1326 1360
447 461
3471 3761
529 590
7 594
26 378
1429 1539
12 108
184 4338
67 1552
148 152
11 646
2 306
647 657
646 657
34 1042
414 421
1029 1042
0 222
1022 1034
261 270
1046 1104
0 486
491 502
2 57
12 816
2 2365
22 1074
1 187
7 2236
4 2236
1 2236
0 2236
400 405
13 1110
470 497
212 222
0 120
0 151
9 1392
2 230
85 86
74 78
36 2339
0 9
14 1021
315 318
297 308
139 279
5 762
2 88
8 721
65 1027
499 500
1 89
14 86
157 159
721 733
709 725
18 276
484 497
5 1130
1 456
0 654
767 777
52 53
2 340
456 475
0 142
682 694
37 41
88 90
586 588
582 588
586 588
206 214
66 67
7 588
5 327
3 342
12 588
10 193
9 161
5 90
3 588
39 41
38 322
6 718
139 142
4 567
5 588
2 113
3 120
12 588
522 567
293 588
580 588
475 483
576 588
196 218
585 588
2 282
280 282
586 588
8 218
309 327
22 24
0 274
2 274
2 214
1 142
1 90
7 90
1 228
8 567
5 229
28 567
3 343
4 228
290 327
1 43
6 386
30 694
4 228
0 475
24 588
466 475
40 946
2 475
539 567
437 457
319 327
1 483
337 343
0 116
455 475
6 228
341 342
8 327
3 560
19 229
98 99
2 588
0 43
0 43
3 168
9 141
0 483
0 16
16 588
5 386
1 334
2 588
3 588
12 588
3 588
1 90
560 588
2 271
580 588
4 386
0 67
9 560
13 342
441 454
565 588
22 588
1 211
3 694
14 694
9 228
1 327
586 588
12 752
0 53
225 229
16 588
39 41
366 374
1 334
33 588
1 475
6 110
228 229
56 58
16 588
0 142
142 153
5 334
110 116
16 118
586 588
8 386
4 327
133 142
227 228
4 156
3 588
581 588
0 327
3 343
4 153
52 475
11 588
2 99
2 588
5 588
2 574
656 694
0 90
38 694
1 56
1 560
11 342
26 322
1 752
586 588
10 327
3 193
429 454
4 342
66 67
2 327
2 588
3 229
1 342
66 67
76 2673
208 211
3 483
325 327
15 228
0 33
10 962
1527 1539
2 125
0 120
1 80
5 816
0 554
3 176
403 406
0 66
1 473
1 977
0 844
3 290
10 502
87 88
4 275
143 147
471 515
4 1205
4 1403
23 1695
567 605
597 605
1311 1347
28 1347
1464 1516
1 295
452 473
2 59
914 1021
10 788
218 228
1088 1110
87 88
4 768
475 476
331 337
329 340
1646 1695
124 127
304 308
4 378
223 241
14 452
0 284
3 1900
1827 1900
2996 3101
2955 3101
0 6
207 218
647 664
0 158
0 423
914 951
943 951
0 623
382 399
1519 1577
274 278
203 214
2029 2150
2022 2150
0 145
0 404
8 1074
2 336
1 362
11 594
2 216
404 439
3 527
1338 1386
3 639
740 762
3 625
2 625
673 725
5 395
977 1036
7 1042
9 393
2 1539
4 368
0 1539
106 117
604 632
995 1042
15 518
9 567
432 452
0 1071
5 347
0 303
0 120
2 270
4 2237
2217 2237
2219 2237
2137 2237
29 2237
218 233
69 1552
2 409
2 1230
6 1230
852 853
1 400
2 126
0 446
28 857
0 973
262 274
3 274
43 3390
44 3390
63 3390
42 3390
566 584
45 890
613 626
0 216
3 1346
246 247
10 287
76 79
194 196
171 191
6926 7353
7337 7353
6835 7353
15 7353
7263 7353
6358 7353
7072 7353
7266 7353
7321 7353
6552 7353
7283 7353
6846 7353
7328 7353
6909 7353
7206 7353
33 7353
140 141
2459 2466
2462 2466
2447 2466
2380 2466
1356 1456
10376 10604
10523 10604
10577 10604
102 10604
10417 10604
10563 10604
10280 10604
10045 10604
10305 10604
10436 10604
29 10604
10368 10604
10400 10604
252 10604
68 10604
10194 10604
1628 1655
1619 1655
360 407
76 1162
1076 1162
11 1162
60 1162
461 479
612 623
0 87
2 564
1 391
0 295
11 590
1 508
1672 1695
2 47
763 788
770 788
780 788
773 788
776 788
781 788
779 788
768 788
774 788
3 230
2 739
416 436
1670 1695
0 247
620 626
566 567
113 115
44 48
3 344
4 684
41 764
559 582
987 1072
1861 1862
6 1862
8 369
865 876
2 625
225 233
922 937
930 937
910 937
2 230
0 421
269 272
4 218
786 812
807 826
829 919
31 887
22 1072
155 2339
939 958
945 958
1 1623
139 141
777 792
793 811
10 2330
16 2330
237 247
12 974
118 120
1 182
421 423
7 1967
0 30
1 384
516 549
1117 1153
18 497
0 188
30 498
154 157
150 157
2333 2339
4 950
56 57
5 135
0 473
12 962
437 448
0 163
5 414
1116 1161
4 1161
1136 1161
2 117
2 96
2 1403
5 1346
0 139
1095 1110
469 473
158 318
2 318
688 700
155 162
1958 1967
1444 1539
0 1539
103 106
294 5662
111 5662
252 5662
79 5662
77 5662
16 1536
15 1536
591 625
2482 2565
2465 2565
2478 2565
2267 2565
2528 2565
2394 2565
1744 1747
383 384
1 183
1205 1249
1233 1249
0 87
19 812
724 746
2099 2128
2082 2128
2087 2128
459 473
1 67
119 124
170 178
6 764
5 379
2370 2396
1 2396
1997 2396
858 890
877 890
856 890
0 38
2280 2407
2208 2407
2336 2407
7 2407
16 735
575 581
549 581
20 385
22 385
8 615
5 139
628 641
0 448
1028 1064
1061 1064
2104 2225
75 89
1 941
86 89
21 1419
1 452
76 80
505 554
2 89
1288 1294
1268 1294
9 381
1934 1948
1941 1948
1939 1948
1945 1948
14 962
446 448
0 352
136 137
545 594
1542 1708
1506 1708
268 287
20 25
811 816
611 626
81 90
16 2339
6 1536
190 233
50 69
299 319
4 796
427 446
483 527
3 142
361 369
149 153
587 590
0 385
402 413
1 446
2187 2395
2219 2395
381 404
295 592
0 2163
2100 2163
2019 2163
0 55
185 191
2257 2423
2417 2423
2397 2423
334 344
185 196
443 452
24 1403
1189 1205
1157 1205
896 1014
291 294
429 448
0 86
1 395
814 844
812 844
0 303
1325 1360
775 812
104 107
0 562
464 479
454 467
1696 1733
1670 1733
1698 1733
76 80
693 739
413 446
223 247
385 389
679 733
206 215
2 295
0 431
167 175
129 130
186 187
4 135
2 284
363 371
306 330
9 1724
0 1724
17 1724
504 549
11 919
1082 1139
9 896
14 896
8 437
94 103
0 264
2 261
13 264
647 648
1511 1577
1461 1501
1499 1501
1465 1501
532 617
1521 1618
280 285
2 504
114 115
47 48
244 247
727 737
1 223
501 509
301 311
557 594
466 477
340 345
23 733
758 789
5 789
565 605
1680 1747
338 347
1506 1511
1505 1511
0 362
146 147
2 307
137 139
135 139
380 382
32 1766
777 788
776 788
756 788
771 788
778 788
780 788
775 788
774 788
772 788
681 694
689 694
303 307
172 174
30 371
11 1077
522 537
177 178
98 103
3 290
3133 3159
3045 3159
3037 3159
1328 1331
7 50
23 716
1 508
1900 1909
1899 1909
1906 1909
1589 1618
1547 1618
0 384
4 384
2 102
90 94
0 585
420 474
530 535
252 261
294 295
0 169
146 148
12 183
849 876
28 733
5 1787
1696 1787
1778 1787
39 617
6 1553
11 1553
3 504
6 343
58 632
0 127
494 504
1066 1083
62 65
43 1144
168 178
1 172
5 240
405 431
915 919
488 498
8 1618
1443 1475
353 368
25 26
20 1965
70 1965
40 1965
86 1965
56 1965
138 1965
124 125
168 175
51 55
349 379
0 229
0 229
213 230
893 1042
326 344
317 323
723 746
865 876
462 479
405 406
5 504
166 171
27 575
752 764
1809 1913
1783 1913
26 1057
4 269
0 173
328 344
702 772
4 242
1670 1695
1683 1695
373 382
713 764
161 175
0 94
776 811
388 394
7 1287
175 176
132 139
267 310
346 360
4 230
733 811
0 381
19 1129
1085 1129
1079 1129
1 638
1046 1071
1286 1410
1403 1410
1407 1410
14 811
2 497
31 37
279 285
289 305
13 256
347 360
217 233
611 623
1001 1061
238 260
438 452
4 563
587 592
9 144
293 327
2 617
336 337
361 362
5896 5976
5652 5976
5863 5976
5526 5976
5209 5976
5925 5976
5572 5976
5810 5976
5856 5976
1050 1075
358 379
629 661
0 162
13 2517
14 431
1 100
35 1386
36 850
2 511
399 405
1087 1102
983 1102
345 370
184 196
2 361
787 841
691 698
121 124
3 290
213 218
430 439
199 229
0 349
0 89
345 360
322 333
317 333
0 526
120 122
0 412
183 196
19 874
238 247
885 896
295 338
283 338
1 142
1776 1779
1673 1779
1726 1779
1686 1779
1194 1238
861 876
1834 1853
1833 1853
1717 1853
57 592
549 564
159 173
17 1539
138 158
781 812
582 584
0 328
260 262
792 816
96 99
4 796
365 404
137 146
344 345
7 464
223 228
267 274
0 919
496 502
1109 1110
114 122
436 446
465 518
133 141
4 585
557 561
2 2808
0 1357
197 1416
1 204
99 100
18 563
0 564
3 473
8 1110
1 339
163 327
0 308
262 295
0 587
691 777
555 558
147 149
194 209
239 279
893 962
43 3095
66 3095
63 3095
47 1617
40 1617
15 1617
68 1617
311 318
317 327
1634 1767
1701 1767
1748 1767
1727 1767
237 240
0 1071
0 522
1490 1618
448 465
433 465
0 465
