11 384
373 375
1 392
2 576
0 576
24 776
3 776
437 511
2182 2287
2238 2287
672 745
1 745
15 914
0 338
3 448
2 691
678 691
4 183
31 914
1126 1155
1149 1155
52 1155
5 1155
6 1155
1339 1370
11 1623
7386 7389
7383 7389
25 7389
17 7389
154 7389
7376 7389
7279 7389
1 7389
66 7389
7285 7389
7185 7389
2318 2339
1 615
1274 1288
159 176
1260 1265
18 1265
1224 1265
17 150
71 79
4 1983
1959 1983
8 1983
221 1983
2 269
362 397
11 1208
2 1208
71 1208
1467 1474
236 240
0 448
556 558
5 1113
0 1113
2 79
303 305
399 400
385 388
50 590
187 1483
0 152
2 152
793 796
1460 1536
0 805
25 276
327 328
1264 1267
1263 1267
1254 1267
1139 1267
1266 1267
0 522
192 198
967 1013
948 1013
144 152
1251 1303
992 1008
991 1008
10 327
548 562
0 737
0 737
5 264
0 175
1 44
1 89
1859 1913
1823 1913
1497 1539
972 973
852 855
299 301
53 7645
7 7645
7644 7645
516 7645
56 7645
7638 7645
7643 7645
7632 7645
7642 7645
11 7645
2 7645
7599 7645
7356 7645
7572 7645
642 7645
7490 7645
154 7645
719 7645
567 7645
7608 7645
8770 9306
27 9306
9132 9306
9299 9306
9297 9306
13 9306
9305 9306
9304 9306
9216 9306
289 9306
4 9306
9303 9306
9190 9306
9025 9306
9302 9306
9252 9306
9262 9306
94 9306
3715 3760
18 3760
3757 3760
3759 3760
3753 3760
3728 3760
3726 3760
3758 3760
686 689
262 295
88 1454
118 1454
2 1454
5 1454
625 626
201 203
404 405
792 794
785 794
842 844
573 657
1105 1110
144 150
0 1071
0 812
0 812
0 422
891 896
394 395
2 2339
0 135
8 324
3 721
4 79
199 204
2 811
1 368
0 380
0 380
0 384
0 152
0 98
66 68
4 446
0 777
2 777
1 884
848 884
1513 1514
839 876
332 348
0 169
651 663
661 663
300 303
237 240
437 441
1457 1474
0 733
3 1077
5 404
0 973
135 138
21 1618
549 567
874 876
157 176
2 2150
2095 2150
874 876
3 311
1548 1597
1516 1597
1574 1597
1550 1597
615 618
0 98
181 184
7 776
3 776
495 497
56 57
7 392
668 670
2 670
5 392
0 511
1 247
0 876
0 344
920 965
1529 1539
493 509
206 215
172 176
202 215
201 215
1373 1386
280 283
3 764
463 465
787 792
10437 10782
46 10782
10607 10782
5 10782
10397 10782
142 10782
10578 10782
31 10782
23 10782
14 10782
10573 10782
10770 10782
10777 10782
10769 10782
10738 10782
10475 10782
9 10782
160 10782
10667 10782
10569 10782
195 10782
10357 10782
83 10782
10762 10782
10573 10782
691 10782
1 224
684 767
2 144
12 540
49 2510
19 2510
18 269
1 269
1260 1269
0 1269
7 919
1 782
0 448
0 931
11 931
1 247
81 89
2032 2038
9 2038
19 2038
422 446
63 737
1891 1898
1894 1898
27 584
1332 1360
4 2257
10 2257
1688 1695
25 2339
1069 1072
5 746
9 746
71 2150
2075 2150
3380 3410
3246 3410
3344 3410
723 746
2080 2150
2119 2150
750 764
718 746
22 456
585 590
7 2449
2448 2449
182 191
6 777
3 266
1009 1027
7 976
32 976
5 3000
2994 3000
2 3000
28 3000
17 3000
2894 3000
5 202
0 456
724 777
10 381
5 295
185 186
440 441
0 94
6 68
33 287
236 240
6 142
238 240
10 655
1 1197
6 2831
5 2831
3 2831
1 2831
0 1331
4207 4210
4205 4210
4150 4210
4206 4210
4132 4210
4192 4210
99 4210
12 4210
4208 4210
4204 4210
4118 4210
1 20
203 209
0 677
6 677
1 1547
1458 1547
887 888
886 888
339 344
393 413
13 1012
0 1012
8 1012
263 269
0 467
497 504
1052 1110
539 585
2119 2128
2067 2128
2025 2128
939 960
1414 1483
1502 1536
1506 1536
1106 1110
0 1069
22 1069
1068 1069
1011 1014
775 811
1085 1110
422 423
0 93
168 183
11 384
2 724
2353 2375
2315 2375
2343 2375
174 178
779 788
778 788
783 788
772 788
781 788
782 788
776 788
780 788
773 788
1 203
219 226
8 4949
4867 4949
11 4949
4 4949
4903 4949
44 4949
63 4949
115 120
17 2150
2094 2150
2084 2150
641 653
661 689
8 2955
1 2955
2899 2955
2 2955
2931 2955
2924 2955
2884 2955
5 1695
431 439
433 439
223 225
8 2163
6 2163
631 13875
13573 13875
12 13875
3 13875
10 13875
227 13875
13330 13875
13144 13875
1326 13875
12876 13875
12939 13875
13741 13875
13809 13875
13862 13875
6 2339
214 222
145 150
4 1164
3 1164
35 1164
1 2347
0 2347
2 2347
3 2347
629 633
3 384
3064 3126
2915 3126
3085 3126
3022 3126
17 3126
2994 3126
3026 3126
1069 1078
1075 1078
11 1078
0 267
0 1926
500 526
806 812
838 858
2 5657
10 5657
48 5657
1 5657
5605 5657
6 5657
27 5657
5631 5657
1040 1042
422 423
201 218
160 172
51 1307
53 1021
21 384
399 400
237 240
236 247
160 176
0 247
6 124
606 618
1 247
1619 1708
75 1708
68 1708
28 1708
21 762
7 762
1 152
364 371
263 264
437 442
441 442
387 389
14 5642
16 5642
44 5642
78 5642
15 5642
4 5642
5635 5642
412 416
2 223
85 86
33 543
0 1403
0 1403
637 679
1 2517
0 87
659 689
3 336
1 89
149 153
1 1403
1960 1963
1956 1963
8 2002
53 2002
1996 2002
146 147
146 147
155 163
263 264
0 1539
254 264
12 590
7 181
225 241
21 465
6 764
14 764
747 764
271 295
1647 1652
1634 1652
1956 1967
85 86
0 1110
2 1183
0 1183
4 1183
853 876
386 389
16 1124
1070 1124
3 1014
1 961
2 961
6 961
1 526
0 359
6 1130
0 257
1372 1386
15 842
1022 1042
1 257
2360 2403
2240 2403
2336 2403
102 106
372 375
16 617
265 270
269 270
339 340
18 327
0 380
505 518
586 587
582 587
0 384
385 424
263 264
0 699
1259 1317
1316 1317
1278 1317
116 120
1 594
0 538
0 603
13 1130
1 344
237 240
0 1241
121 122
18 855
1892 1898
1896 1898
3 1898
25 1898
9 384
15 17
894 914
2 777
160 163
4685 4713
4621 4713
4696 4713
4323 4713
4695 4713
28 4713
42 44
2132 2150
2122 2150
1 2150
5 2150
377 402
6 266
768 781
751 781
16 781
770 781
660 664
686 689
0 874
775 796
795 796
1383 1464
1390 1464
1371 1464
546 548
381 382
2 233
2 663
254 257
493 506
1 1012
244 257
24 626
0 371
18 782
6 3816
3812 3816
3797 3816
3793 3816
3757 3816
3807 3816
3675 3816
339 340
1275 1347
1315 1347
144 149
537 554
340 364
56 364
276 295
38 435
681 695
5 1247
7 1247
2 423
906 914
0 265
589 631
630 631
182 186
504 518
1 171
503 511
23 431
6 2308
9 2308
78 2303
2 2303
13 145
2 145
12 145
0 467
507 518
403 405
315 318
399 423
295 324
387 389
11 8726
8687 8726
8397 8726
43 8726
289 8726
8650 8726
7939 8726
8447 8726
8721 8726
8722 8726
8 8726
2 8726
10 8726
415 422
101 108
433 456
7 1036
14 1036
378 391
328 344
637 679
11 154
18 397
0 3066
6 3066
3059 3066
1172 1214
1183 1214
1470 1595
1480 1595
760 764
0 457
0 368
0 376
7 209
201 209
1 1191
0 1191
590 592
375 378
133 141
387 389
443 446
257 264
524 526
5 1110
1136 12734
92 12734
12733 12734
35 12734
12705 12734
81 12734
428 12734
17 12734
324 12734
43 12734
52 12734
41 12734
217 12734
104 12734
829 12734
139 12734
109 12734
12435 12734
202 203
1 89
12 653
20 295
0 841
0 441
379 384
869 876
1167 1264
1241 1264
1257 1264
0 404
2 1483
0 1110
5 590
570 590
258 264
106 107
4 1386
143 148
0 89
762 842
460 461
11 669
666 669
1 737
0 699
2 423
0 737
105 107
106 107
138 148
4 473
8 2629
22 2629
5 2629
2616 2629
4 384
1587 1589
1576 1589
1561 1589
1 113
2673 2696
2690 2696
6 2696
750 774
1 664
941 987
983 987
985 987
48 4344
4272 4344
142 4344
9 4344
22 4344
39 4344
4143 4344
211 222
605 626
15 1376
2 1376
14 1376
3 1376
554 558
679 680
669 680
233 234
172 177
12 177
379 384
4 441
434 441
7 376
175 1511
1474 1511
0 522
521 522
0 169
1 737
2 664
468 479
2119 2238
2235 2238
6 2238
0 2238
1058 1074
2 737
754 762
2462 2517
753 788
2299 2300
2275 2300
754 762
58 618
9 183
267 270
2 558
251 252
281 295
5 1913
1859 1913
652 656
3 656
653 656
238 240
1 423
31 764
370 373
433 446
1 357
5 423
1 632
582 590
542 562
2 456
0 9
293 587
550 562
48 1014
701 774
0 404
546 567
4 1407
535 594
19 690
661 690
1 250
126 127
294 295
34 2725
78 2725
77 2725
43 2725
47 2725
396 442
415 442
495 518
502 508
5 269
267 269
0 38
81 6094
42 6094
14 6094
21 6094
160 6094
1331 1370
2731 2737
19 2737
1366 1409
499 526
42 465
332 339
31 960
900 960
373 382
21 295
0 404
3 431
1496 1536
1 615
0 844
0 308
6 504
7 560
1 730
0 730
659 764
1608 1701
238 240
4 283
594 596
5 392
104 2339
4 2339
1 303
2 461
552 563
12 438
2 122
58 980
67 980
805 845
40 665
8 378
335 352
876 889
799 889
12 189
1 431
742 751
26 526
1949 1955
1937 1955
1952 1955
1943 1955
1856 1955
1951 1955
91 9453
855 9453
88 9453
40 9453
480 9453
144 9453
0 9453
53 9453
31 9453
100 9453
68 9453
84 9453
15 9453
50 9453
477 9453
281 3604
3373 3604
58 3604
3459 3604
69 3604
2959 2982
2948 2982
2980 2982
2950 2982
2905 2982
13 1152
488 499
0 181
1 181
5 249
12 613
394 395
497 575
9 122
1061 1114
1101 1114
7 283
11 283
3 241
3 55
640 655
43 1887
1879 1887
39 1887
7507 7512
7476 7512
7500 7512
7395 7512
10 7512
7419 7512
7503 7512
101 7512
11 7512
7361 7512
7472 7512
7509 7512
7464 7512
7307 7512
7386 7512
315 328
8 623
4 106
73 82
2 305
190 196
143 151
3 439
303 328
2004 2031
104 4370
93 4370
71 4370
83 4370
59 4370
99 4370
68 4370
61 4370
11 340
0 360
0 269
0 413
847 887
2 187
5 187
1 534
30 1539
47 726
252 257
195 202
701 764
688 764
442 473
21 729
12 729
15 729
173 174
3 593
1 326
11 282
58 59
3 2849
132 2849
8 2849
58 2849
1 225
20 435
10 435
1 522
0 146
478 479
14 399
1 587
558 562
777 788
783 788
784 788
780 788
779 788
773 788
771 788
781 788
782 788
17 473
16 473
1498 1528
0 1528
23 1904
32 1904
8 733
215 219
2387 2417
2411 2417
20 594
7 594
10 594
2 620
0 620
3 476
13 476
0 405
1615 1695
1 91
3 91
0 1223
1 1223
3 1223
469 479
311 328
12 1879
3 1879
4797 4834
5 4834
4821 4834
4833 4834
23 4834
10 4834
0 145
700 739
11 336
7 361
165 177
28 413
737 759
190 191
189 191
12 240
2 233
174 177
1 176
0 318
14 807
27 807
1 761
8 446
0 931
4 931
0 1074
9 812
6 287
732 764
1042 1043
2 857
2 922
2 558
14 558
10 279
5 173
124 130
1 617
2 617
28 1707
1701 1707
28 4275
3925 4275
4255 4275
4128 4275
4161 4275
0 1149
1020 1149
1079 1149
2955 2971
2956 2971
3 336
2 318
1025 1026
0 92
86 92
298 311
148 161
767 774
125 127
376 379
390 400
426 428
6 381
552 562
1 497
392 393
5 279
319 323
387 395
28 223
0 362
502 509
4 2434
64 716
2 388
230 233
0 484
477 484
481 484
5 1075
7 1075
73 1075
1047 1075
4 118
1 114
797 844
790 844
0 306
1718 1742
1701 1742
1711 1742
432 441
643 655
56 764
471 509
3694 3737
1 3737
4 3737
2 3737
0 562
146 2181
0 338
0 40
333 379
403 405
419 474
0 98
1117 1143
4 368
3 699
0 343
10 126
0 1644
1643 1644
1 767
8 767
24 767
3 20
276 310
0 354
1 61
43 297
655 727
27 395
134 1618
227 233
5 381
16 473
10 217
1 152
689 768
19 171
1 567
1 301
1 461
776 788
783 788
784 788
777 788
781 788
780 788
775 788
779 788
782 788
400 405
651 653
131 139
9 324
961 973
102 1386
626 633
648 664
1552 1618
379 395
0 295
337 344
227 230
1109 2219
0 385
17 527
0 1926
1 1926
544 548
1 919
692 699
466 472
322 327
0 821
3 821
15 821
0 526
3 567
24 1012
5 1012
2 1012
31 562
41 739
3 266
208 227
0 241
627 635
363 391
0 177
3 407
424 435
30 535
22 527
0 371
357 371
6 240
9 57
278 297
1 262
353 361
1302 1312
78 84
276 287
8 509
582 585
530 592
789 812
10 2339
279 290
0 948
1 948
7 448
957 973
3 360
383 389
1634 1646
4 2101
0 2101
5 2101
12 2101
2 876
425 472
17 265
9 777
6 502
4 137
188 209
2 144
172 183
0 370
5 135
114 120
926 962
684 721
110 114
48 3218
11 1747
5 231
1045 1110
11 153
0 290
1 397
312 325
311 319
365 382
54 5267
31 5267
24 5267
23 5267
136 5267
36 5267
69 5267
133 5267
8 5267
4 5267
17 5267
1 5267
27 5267
71 5267
6 1034
2 1034
36 2191
7 2191
8 247
10 247
47 1416
100 1027
5 319
0 1042
10 384
3 163
0 127
0 484
3 900
1 544
8 265
6 368
4 930
2326 2416
2296 2416
2306 2416
27 919
403 407
0 382
0 247
3 233
0 1183
1 1183
7 1183
1 1185
1 382
0 340
0 3763
2 3763
176 177
469 477
139 141
9 242
0 295
2 295
1 395
1 615
0 308
3 1695
18 511
8 227
249 257
10 2339
383 395
0 359
0 761
236 257
175 176
18 336
191 195
357 365
238 240
224 230
2 196
325 338
1079 1116
9 1116
6 1124
0 300
33 1623
67 906
0 57
0 188
9 1057
0 233
676 721
312 318
697 735
0 699
2 446
0 310
1 165
454 465
1018 1130
667 679
5 392
4 348
2 1898
29 1898
2 472
946 950
949 950
939 950
190 191
24 1695
322 324
261 282
5 861
39 1695
346 360
941 960
360 388
0 1701
452 453
451 453
241 247
1 461
294 295
1007 1042
514 549
3 319
11 1110
4 2517
5 866
2 866
113 141
3 387
2 48
1655 1791
1 1791
5 511
6 275
3 286
1 423
143 191
0 950
504 509
0 861
5 364
15 364
367 378
3526 3651
7 364
316 364
271 298
662 679
4 654
176 177
597 605
3 392
11 392
11 569
0 43
403 414
267 272
312 327
85 2050
7 2050
4 2050
604 617
2 927
20 1268
8 1268
11 1268
12 1413
145 157
3 317
760 790
763 790
7 812
1063 1077
574 584
13 562
1330 1360
4 1695
29 405
25 587
126 127
23 1592
2 1592
5 1719
2 1719
3 1719
547 548
8 548
193 195
340 352
1 1043
2628 2703
2665 2703
2584 2703
2641 2703
1113 1165
392 395
2 1323
3 1323
1 1323
25 1323
5 1323
0 118
146 165
607 663
429 451
0 1536
1520 1526
1448 1526
1521 1526
0 116
11 327
1 587
130 139
2 325
1214 1288
1 116
5 240
0 217
51 712
52 1386
2331 2339
6 2517
9 381
3 284
163 183
11 295
0 2517
1932 2339
8 465
0 247
1 2517
0 55
1 281
2 247
1333 1360
11 461
3539 3761
553 590
7 594
36 378
1509 1539
8 108
195 4338
102 1552
1 152
20 646
5 306
656 657
654 657
13 1042
416 421
1038 1042
10 222
1027 1034
266 270
2 1104
0 486
499 502
56 57
7 816
46 2365
12 1074
0 187
2231 2236
2224 2236
2191 2236
0 2236
404 405
14 1110
481 497
210 222
118 120
0 151
1 1392
0 230
85 86
75 78
2254 2339
8 9
965 1021
316 318
12 308
23 279
755 762
86 88
2 721
8 1027
495 500
1 89
2 86
156 159
37 733
706 725
1 276
477 497
1124 1130
438 456
0 654
765 777
51 53
3 340
471 475
0 142
658 694
40 41
1 90
587 588
587 588
576 588
212 214
66 67
536 588
1 327
1 342
1 588
190 193
4 161
4 90
567 588
40 41
14 322
3 718
129 142
554 567
9 588
3 113
0 120
38 588
3 567
33 588
587 588
2 483
586 588
188 218
584 588
0 282
0 282
564 588
205 218
323 327
23 24
273 274
0 274
3 214
1 142
0 90
1 90
0 228
560 567
1 229
4 567
336 343
1 228
2 327
0 43
2 386
4 694
7 228
0 475
9 588
447 475
19 946
1 475
497 567
1 457
2 327
0 483
10 343
1 116
391 475
3 228
2 342
1 327
520 560
12 229
98 99
2 588
5 43
6 43
0 168
3 141
28 483
15 16
1 588
0 386
1 334
2 588
1 588
5 588
2 588
0 90
581 588
0 271
579 588
5 386
0 67
28 560
11 342
452 454
586 588
563 588
2 211
657 694
9 694
8 228
17 327
73 588
12 752
51 53
223 229
6 588
39 41
4 374
17 334
9 588
1 475
3 110
228 229
56 58
35 588
0 142
6 153
3 334
112 116
117 118
580 588
4 386
4 327
139 142
211 228
6 156
3 588
3 588
1 327
339 343
4 153
18 475
6 588
98 99
1 588
1 588
520 574
643 694
1 90
25 694
0 56
13 560
2 342
27 322
0 752
20 588
306 327
183 193
0 454
0 342
66 67
0 327
1 588
1 229
0 342
66 67
56 2673
0 211
12 483
323 327
24 228
4 33
12 962
14 1539
0 125
0 120
71 80
1 816
0 554
1 176
398 406
0 66
14 473
0 977
0 844
1 290
473 502
87 88
2 275
144 147
40 515
0 1205
0 1403
0 1695
545 605
602 605
1301 1347
28 1347
1495 1516
0 295
467 473
0 59
953 1021
2 788
225 228
1095 1110
86 88
0 768
3 476
336 337
332 340
1650 1695
126 127
0 308
369 378
0 241
6 452
0 284
2 1900
0 1900
2 3101
0 3101
4 6
208 218
641 664
0 158
0 423
929 951
950 951
0 623
0 399
1539 1577
266 278
7 214
1988 2150
17 2150
0 145
1 404
0 1074
327 336
0 362
4 594
0 216
423 439
500 527
1369 1386
0 639
753 762
0 625
1 625
0 725
0 395
0 1036
28 1042
17 393
1493 1539
3 368
1480 1539
4 117
4 632
995 1042
4 518
4 567
438 452
0 1071
329 347
1 303
0 120
267 270
2 2237
2236 2237
2228 2237
2156 2237
0 2237
0 233
89 1552
0 409
0 1230
2 1230
851 853
1 400
0 126
444 446
13 857
0 973
0 274
2 274
2 3390
15 3390
4 3390
3 3390
0 584
72 890
602 626
17 216
0 1346
0 247
5 287
72 79
0 196
186 191
7030 7353
7351 7353
21 7353
7062 7353
7190 7353
0 7353
7122 7353
7304 7353
7348 7353
6888 7353
7319 7353
81 7353
7328 7353
6530 7353
7197 7353
4 7353
140 141
2392 2466
2421 2466
2447 2466
2415 2466
1368 1456
10178 10604
10460 10604
10593 10604
2 10604
10449 10604
10579 10604
9941 10604
10124 10604
10346 10604
10366 10604
0 10604
10003 10604
10349 10604
10011 10604
170 10604
10185 10604
1625 1655
1620 1655
0 407
1148 1162
1141 1162
11 1162
1129 1162
470 479
2 623
0 87
540 564
0 391
0 295
2 590
4 508
1687 1695
0 47
774 788
781 788
783 788
773 788
776 788
785 788
780 788
770 788
779 788
227 230
1 739
431 436
1650 1695
0 247
615 626
566 567
114 115
1 48
28 344
9 684
45 764
564 582
985 1072
50 1862
1 1862
4 369
874 876
1 625
214 233
925 937
933 937
853 937
0 230
1 421
269 272
199 218
796 812
806 826
0 919
2 887
1 1072
33 2339
909 958
41 958
15 1623
140 141
789 792
771 811
0 2330
2 2330
2 247
3 974
118 120
0 182
15 423
0 1967
0 30
1 384
3 549
1144 1153
0 497
9 188
480 498
153 157
10 157
2326 2339
1 950
56 57
2 135
5 473
0 962
1 448
0 163
394 414
3 1161
0 1161
1 1161
0 117
0 96
0 1403
0 1346
1 139
1102 1110
471 473
23 318
0 318
0 700
151 162
7 1967
1485 1539
3 1539
102 106
1 5662
0 5662
7 5662
6 5662
8 5662
1474 1536
32 1536
602 625
2543 2565
2534 2565
2547 2565
4 2565
2529 2565
2335 2565
1746 1747
383 384
1 183
1232 1249
1244 1249
0 87
31 812
730 746
2121 2128
2037 2128
2084 2128
471 473
1 67
121 124
163 178
0 764
1 379
2331 2396
1978 2396
1971 2396
850 890
883 890
18 890
0 38
1 2407
5 2407
21 2407
4 2407
709 735
573 581
552 581
1 385
2 385
13 615
1 139
636 641
0 448
10 1064
1063 1064
6 2225
87 89
0 941
1 89
0 1419
0 452
73 80
520 554
1 89
1292 1294
10 1294
7 381
1917 1948
1947 1948
1945 1948
1942 1948
4 962
12 448
1 352
136 137
1 594
1 1708
0 1708
279 287
0 25
814 816
615 626
80 90
11 2339
0 1536
225 233
54 69
279 319
3 796
444 446
1 527
3 142
2 369
16 153
583 590
0 385
399 413
2 446
2 2395
2227 2395
378 404
295 592
2132 2163
2086 2163
2144 2163
0 55
186 191
2180 2423
2215 2423
2420 2423
336 344
2 196
450 452
40 1403
0 1205
1 1205
1 1014
7 294
0 448
85 86
0 395
842 844
0 844
0 303
1355 1360
0 812
102 107
506 562
475 479
18 467
1730 1733
1700 1733
1723 1733
72 80
707 739
413 446
233 247
0 389
0 733
4 215
2 295
1 431
1 175
129 130
185 187
2 135
0 284
363 371
309 330
1651 1724
0 1724
8 1724
6 549
899 919
1089 1139
0 896
1 896
3 437
0 103
248 264
0 261
1 264
6 648
48 1577
1436 1501
1485 1501
1472 1501
575 617
104 1618
0 285
12 504
114 115
1 48
245 247
710 737
0 223
0 509
304 311
561 594
466 477
1 345
2 733
7 789
9 789
0 605
1707 1747
345 347
1502 1511
1501 1511
0 362
146 147
287 307
138 139
137 139
4 382
22 1766
782 788
778 788
784 788
775 788
783 788
769 788
772 788
780 788
776 788
692 694
673 694
304 307
169 174
38 371
1025 1077
531 537
11 178
102 103
10 290
3131 3159
3081 3159
3118 3159
1317 1331
24 50
1 716
1 508
1897 1909
1870 1909
1875 1909
1583 1618
1585 1618
0 384
0 384
0 102
87 94
1 585
414 474
506 535
0 261
294 295
0 169
139 148
8 183
859 876
2 733
1 1787
1767 1787
1785 1787
9 617
0 1553
1 1553
5 504
1 343
9 632
0 127
501 504
1069 1083
62 65
1073 1144
166 178
9 172
14 240
423 431
913 919
491 498
1 1618
21 1475
358 368
3 26
3 1965
15 1965
4 1965
10 1965
2 1965
26 1965
124 125
172 175
53 55
361 379
0 229
0 229
209 230
0 1042
331 344
321 323
685 746
874 876
469 479
405 406
4 504
162 171
12 575
724 764
1793 1913
40 1913
7 1057
6 269
0 173
11 344
0 772
0 242
0 1695
1674 1695
380 382
733 764
0 175
92 94
0 811
0 394
0 1287
0 176
136 139
0 310
1 360
216 230
0 811
0 381
0 1129
1110 1129
41 1129
0 638
1066 1071
29 1410
1407 1410
1409 1410
0 811
2 497
0 37
0 285
303 305
7 256
1 360
226 233
590 623
0 1061
240 260
445 452
556 563
589 592
0 144
320 327
0 617
336 337
361 362
5937 5976
80 5976
5962 5976
5282 5976
26 5976
5974 5976
5699 5976
5838 5976
5834 5976
1058 1075
378 379
633 661
0 162
47 2517
15 431
4 100
0 1386
835 850
1 511
402 405
1090 1102
0 1102
3 370
184 196
1 361
834 841
696 698
0 124
0 290
217 218
432 439
211 229
0 349
1 89
0 360
327 333
328 333
3 526
121 122
0 412
172 196
0 874
1 247
891 896
1 338
2 338
1 142
1778 1779
1701 1779
1743 1779
1683 1779
1159 1238
873 876
1814 1853
1820 1853
12 1853
569 592
552 564
0 173
1479 1539
138 158
789 812
582 584
1 328
18 262
0 816
95 99
743 796
386 404
135 146
344 345
4 464
224 228
257 274
872 919
499 502
1101 1110
108 122
7 446
488 518
0 141
549 585
560 561
2791 2808
1345 1357
114 1416
3 204
1 100
17 563
0 564
463 473
8 1110
0 339
278 327
1 308
275 295
0 587
0 777
557 558
148 149
181 209
248 279
903 962
2 3095
5 3095
4 3095
5 1617
2 1617
0 1617
3 1617
317 318
324 327
1689 1767
1743 1767
1758 1767
1686 1767
238 240
1007 1071
0 522
0 1618
5 465
0 465
11 465
