9 384
371 375
17 392
1 576
0 576
38 776
37 776
12 511
12 2287
13 2287
4 745
3 745
15 914
7 338
4 448
0 691
1 691
2 183
22 914
18 1155
51 1155
90 1155
10 1155
11 1155
1351 1370
26 1623
12 7389
13 7389
76 7389
0 7389
6 7389
5 7389
10 7389
72 7389
186 7389
71 7389
175 7389
93 2339
8 615
99 1288
169 176
11 1265
10 1265
16 1265
10 150
3 79
5 1983
6 1983
3 1983
4 1983
6 269
383 397
0 1208
4 1208
1 1208
1457 1474
239 240
4 448
557 558
1 1113
0 1113
2 79
304 305
399 400
13 388
16 590
21 1483
3 152
2 152
795 796
17 1536
8 805
12 276
327 328
7 1267
9 1267
1 1267
11 1267
6 1267
13 522
196 198
0 1013
1 1013
8 152
18 1303
1 1008
0 1008
4 327
559 562
13 737
13 737
3 264
4 175
0 44
3 89
7 1913
3 1913
1513 1539
972 973
853 855
8 301
1 7645
292 7645
122 7645
34 7645
0 7645
87 7645
80 7645
69 7645
81 7645
127 7645
160 7645
44 7645
17 7645
36 7645
9 7645
37 7645
129 7645
12 7645
33 7645
52 7645
740 9306
0 9306
14 9306
74 9306
68 9306
317 9306
150 9306
140 9306
21 9306
820 9306
463 9306
107 9306
28 9306
389 9306
103 9306
228 9306
166 9306
178 9306
15 3760
121 3760
38 3760
53 3760
23 3760
11 3760
18 3760
37 3760
686 689
271 295
3 1454
2 1454
0 1454
1 1454
625 626
202 203
404 405
10 794
9 794
842 844
56 657
1104 1110
7 150
9 1071
1 812
1 812
0 422
884 896
394 395
38 2339
1 135
12 324
6 721
3 79
203 204
9 811
10 368
17 380
17 380
3 384
9 152
4 98
10 68
5 446
11 777
16 777
15 884
24 884
1513 1514
855 876
1 348
0 169
0 663
2 663
294 303
239 240
439 441
1467 1474
6 733
9 1077
3 404
3 973
136 138
19 1618
13 567
872 876
161 176
20 2150
21 2150
875 876
10 311
3 1597
0 1597
2 1597
10 1597
39 618
4 98
182 184
38 776
37 776
496 497
6 57
17 392
2 670
0 670
17 392
11 511
6 247
4 876
3 344
942 965
1529 1539
4 509
213 215
173 176
7 215
212 215
1383 1386
279 283
8 764
464 465
788 792
9 10782
0 10782
36 10782
58 10782
14 10782
204 10782
5 10782
120 10782
100 10782
99 10782
28 10782
199 10782
49 10782
44 10782
43 10782
114 10782
171 10782
1 10782
18 10782
20 10782
32 10782
11 10782
173 10782
45 10782
28 10782
3 10782
4 224
15 767
10 144
26 540
1 2510
2 2510
23 269
5 269
2 1269
1 1269
6 919
8 782
4 448
0 931
1 931
3 247
12 89
23 2038
0 2038
1 2038
5 446
30 737
1 1898
2 1898
28 584
1356 1360
6 2257
7 2257
1686 1695
56 2339
1069 1072
5 746
37 746
0 2150
1 2150
39 3410
0 3410
1 3410
722 746
0 2150
1 2150
758 764
736 746
77 456
587 590
14 2449
15 2449
187 191
14 777
6 266
1023 1027
5 976
46 976
23 3000
51 3000
24 3000
90 3000
29 3000
43 3000
7 202
3 456
745 777
6 381
7 295
185 186
440 441
1 94
16 68
268 287
239 240
17 142
239 240
12 655
3 1197
3 2831
1 2831
5 2831
4 2831
7 1331
23 4210
21 4210
91 4210
24 4210
19 4210
58 4210
150 4210
60 4210
28 4210
30 4210
98 4210
2 20
204 209
0 677
1 677
0 1547
1 1547
7 888
6 888
342 344
396 413
2 1012
1 1012
3 1012
24 269
12 467
28 504
1078 1110
9 585
3 2128
2 2128
0 2128
942 960
1411 1483
1516 1536
1524 1536
1107 1110
1 1069
3 1069
2 1069
1012 1014
771 811
10 1110
421 423
1 93
8 183
6 384
8 724
8 2375
0 2375
1 2375
176 178
780 788
2 788
782 788
778 788
783 788
0 788
1 788
781 788
777 788
0 203
219 226
4 4949
13 4949
3 4949
32 4949
54 4949
33 4949
39 4949
117 120
57 2150
5 2150
7 2150
649 653
683 689
13 2955
3 2955
11 2955
0 2955
25 2955
2 2955
9 2955
15 1695
434 439
430 439
223 225
7 2163
6 2163
185 13875
2 13875
82 13875
20 13875
21 13875
55 13875
52 13875
3 13875
165 13875
51 13875
13470 13875
162 13875
27 13875
16 13875
38 2339
216 222
148 150
8 1164
7 1164
11 1164
3 2347
0 2347
1 2347
2 2347
630 633
9 384
4 3126
11 3126
14 3126
1 3126
7 3126
0 3126
2 3126
1 1078
2 1078
4 1078
3 267
20 1926
503 526
810 812
847 858
15 5657
16 5657
40 5657
19 5657
13 5657
11 5657
37 5657
5636 5657
1039 1042
422 423
5 218
163 172
65 1307
84 1021
16 384
399 400
239 240
7 247
166 176
6 247
8 124
20 618
6 247
0 1708
3 1708
1 1708
2 1708
1 762
0 762
3 152
363 371
263 264
3 442
7 442
11 389
74 5642
11 5642
12 5642
140 5642
56 5642
66 5642
42 5642
412 416
6 223
5 86
44 543
16 1403
16 1403
664 679
24 2517
1 87
664 689
10 336
4 89
13 153
17 1403
20 1963
19 1963
0 2002
1 2002
2000 2002
146 147
146 147
158 163
263 264
7 1539
5 264
16 590
0 181
231 241
11 465
38 764
61 764
758 764
17 295
1 1652
0 1652
1963 1967
83 86
4 1110
2 1183
0 1183
1 1183
4 876
9 389
2 1124
3 1124
11 1014
0 961
9 961
1 961
8 526
2 359
33 1130
7 257
1382 1386
18 842
1005 1042
3 257
18 2403
49 2403
17 2403
104 106
374 375
23 617
34 270
269 270
339 340
9 327
17 380
498 518
2 587
1 587
8 384
412 424
263 264
18 699
2 1317
3 1317
0 1317
7 120
8 594
3 538
0 603
20 1130
4 344
239 240
10 1241
121 122
28 855
0 1898
2 1898
0 1898
1 1898
16 384
15 17
907 914
8 777
160 163
27 4713
32 4713
6 4713
320 4713
7 4713
34 4713
0 44
3 2150
4 2150
3 2150
4 2150
395 402
10 266
1 781
0 781
2 781
5 781
662 664
686 689
13 874
18 796
795 796
150 1464
52 1464
50 1464
545 548
380 382
18 233
2 663
255 257
483 506
6 1012
6 257
18 626
1 371
35 782
45 3816
7 3816
1 3816
0 3816
8 3816
5 3816
10 3816
339 340
1 1347
0 1347
1 149
541 554
4 364
5 364
17 295
49 435
23 695
0 1247
1 1247
7 423
127 914
5 265
0 631
3 631
28 186
500 518
10 171
503 511
35 431
1 2308
0 2308
10 2303
7 2303
2 145
1 145
7 145
12 467
515 518
404 405
314 318
10 423
303 324
388 389
38 8726
20 8726
66 8726
110 8726
150 8726
15 8726
304 8726
63 8726
44 8726
45 8726
36 8726
82 8726
69 8726
417 422
102 108
438 456
0 1036
1 1036
381 391
5 344
668 679
11 154
26 397
13 3066
14 3066
33 3066
0 1214
1 1214
51 1595
179 1595
763 764
2 457
3 368
2 376
4 209
208 209
1 1191
0 1191
24 592
377 378
133 141
387 389
444 446
259 264
33 526
9 1110
1325 12734
32 12734
40 12734
246 12734
34 12734
95 12734
997 12734
79 12734
11 12734
237 12734
74 12734
75 12734
25 12734
22 12734
84 12734
313 12734
153 12734
76 12734
202 203
5 89
7 653
22 295
1 841
6 441
17 384
875 876
1190 1264
1213 1264
1249 1264
6 404
15 1483
13 1110
16 590
16 590
3 264
8 107
12 1386
145 148
4 89
792 842
460 461
0 669
1 669
13 737
18 699
7 423
13 737
1 107
106 107
145 148
7 473
32 2629
42 2629
8 2629
9 2629
10 384
2 1589
1 1589
0 1589
3 113
0 2696
1 2696
8 2696
769 774
34 664
968 987
5 987
7 987
12 4344
1 4344
6 4344
44 4344
8 4344
5 4344
0 4344
6 222
59 626
15 1376
2 1376
14 1376
3 1376
21 558
5 680
4 680
12 234
16 177
19 177
381 384
11 441
31 441
4 376
0 1511
1 1511
6 522
7 522
0 169
13 737
34 664
469 479
21 2238
32 2238
29 2238
20 2238
1064 1074
10 737
757 762
2493 2517
19 788
29 2300
28 2300
758 762
20 618
2 183
34 270
12 558
251 252
30 295
21 1913
22 1913
29 656
5 656
6 656
239 240
4 423
50 764
372 373
431 446
4 357
7 423
1 632
18 590
553 562
8 456
0 9
293 587
560 562
11 1014
733 774
10 404
544 567
7 1407
21 594
0 690
1 690
12 250
126 127
294 295
1 2725
4 2725
2 2725
0 2725
3 2725
0 442
1 442
491 518
500 508
2 269
3 269
0 38
1 6094
4 6094
0 6094
3 6094
5 6094
1362 1370
12 2737
11 2737
118 1409
490 526
14 465
330 339
0 960
1 960
379 382
5 295
5 404
6 431
6 1536
8 615
7 844
0 308
10 504
7 560
1 730
0 730
3 764
16 1701
239 240
4 283
595 596
17 392
6 2339
5 2339
3 303
2 461
550 563
6 438
101 122
0 980
1 980
833 845
632 665
12 378
340 352
8 889
7 889
4 189
2 431
746 751
6 526
4 1955
3 1955
9 1955
7 1955
1 1955
6 1955
13 9453
26 9453
12 9453
4 9453
10 9453
37 9453
0 9453
15 9453
1 9453
6 9453
14 9453
5 9453
2 9453
3 9453
8 9453
3 3604
2 3604
1 3604
3501 3604
0 3604
10 2982
6 2982
13 2982
9 2982
5 2982
16 1152
494 499
0 181
1 181
13 249
13 613
394 395
562 575
4 122
1 1114
3 1114
7 283
20 283
2 241
4 55
649 655
1 1887
2 1887
0 1887
53 7512
23 7512
36 7512
115 7512
130 7512
15 7512
55 7512
360 7512
276 7512
305 7512
101 7512
60 7512
82 7512
309 7512
7503 7512
311 328
12 623
6 106
0 82
9 305
193 196
143 151
11 439
17 328
1999 2031
7 4370
8 4370
1 4370
5 4370
4 4370
3 4370
2 4370
0 4370
7 340
1 360
3 269
1 413
872 887
0 187
1 187
3 534
7 1539
47 726
255 257
197 202
1 764
0 764
14 473
2 729
1 729
0 729
173 174
5 593
4 326
8 282
58 59
8 2849
24 2849
28 2849
9 2849
8 225
50 435
27 435
3 522
3 146
44 479
11 399
3 587
59 562
779 788
2 788
787 788
780 788
783 788
0 788
1 788
784 788
781 788
2 473
1 473
1 1528
0 1528
72 1904
76 1904
1 733
213 219
55 2417
57 2417
28 594
20 594
17 594
1 620
0 620
3 476
4 476
6 405
1614 1695
3 91
4 91
3 1223
2 1223
15 1223
473 479
323 328
3 1879
0 1879
51 4834
38 4834
3 4834
9 4834
37 4834
36 4834
1 145
719 739
12 336
8 361
6 177
47 413
739 759
190 191
186 191
16 240
8 233
8 177
3 176
5 318
0 807
1 807
8 761
8 446
0 931
1 931
27 1074
15 812
10 287
98 764
1042 1043
9 857
4 922
0 558
1 558
14 279
8 173
127 130
2 617
3 617
0 1707
1 1707
0 4275
1 4275
3 4275
2 4275
6 4275
0 1149
1 1149
3 1149
1 2971
0 2971
9 336
4 318
1025 1026
0 92
2 92
33 311
147 161
772 774
21 127
378 379
393 400
425 428
1 381
561 562
5 497
392 393
2 279
322 323
11 395
20 223
8 362
14 509
11 2434
21 716
6 388
226 233
4 484
482 484
482 484
29 1075
26 1075
1044 1075
1067 1075
4 118
2 114
796 844
767 844
0 306
1 1742
0 1742
2 1742
427 441
649 655
85 764
42 509
3730 3737
0 3737
2 3737
1 3737
7 562
2102 2181
3 338
3 40
1 379
404 405
416 474
2 98
1136 1143
7 368
19 699
0 343
13 126
7 1644
8 1644
0 767
1 767
35 767
6 20
287 310
3 354
3 61
35 297
670 727
18 395
1607 1618
231 233
2 381
20 473
15 217
2 152
12 768
21 171
3 567
1 301
2 461
777 788
3 788
785 788
778 788
782 788
1 788
0 788
780 788
781 788
402 405
651 653
5 139
5 324
80 973
40 1386
630 633
61 664
1607 1618
20 395
4 295
26 344
227 230
1109 2219
1 385
32 527
20 1926
21 1926
547 548
0 919
694 699
466 472
325 327
2 821
3 821
5 821
4 526
9 567
3 1012
1 1012
2 1012
9 562
37 739
1 266
220 227
0 241
615 635
371 391
3 177
2 407
430 435
22 535
18 527
2 371
3 371
3 240
11 57
291 297
7 262
350 361
1301 1312
83 84
281 287
16 509
584 585
567 592
28 812
37 2339
282 290
2 948
3 948
8 448
38 973
7 360
9 389
1619 1646
3 2101
0 2101
1 2101
2 2101
8 876
13 472
8 265
27 777
9 502
8 137
194 209
10 144
179 183
1 370
18 135
5 120
108 962
700 721
111 114
9 3218
15 1747
0 231
4 1110
0 153
5 290
9 397
10 325
309 319
28 382
8 5267
18 5267
11 5267
6 5267
14 5267
16 5267
9 5267
10 5267
3 5267
2 5267
5 5267
0 5267
7 5267
13 5267
1 1034
0 1034
1 2191
0 2191
11 247
10 247
53 1416
114 1027
3 319
4 1042
7 384
4 163
8 127
4 484
3 900
5 544
19 265
11 368
4 930
1 2416
0 2416
4 2416
56 919
405 407
5 382
3 247
4 233
0 1183
1 1183
2 1183
4 1185
6 382
5 340
0 3763
1 3763
176 177
471 477
140 141
23 242
0 295
1 295
13 395
15 615
2 308
4 1695
16 511
1 227
6 257
38 2339
7 395
2 359
8 761
239 257
14 176
11 336
191 195
356 365
239 240
226 230
5 196
3 338
20 1116
18 1116
8 1124
2 300
26 1623
878 906
1 57
2 188
8 1057
0 233
686 721
313 318
11 735
18 699
4 446
8 310
1 165
460 465
27 1130
605 679
4 392
7 348
0 1898
1 1898
6 472
4 950
9 950
3 950
190 191
16 1695
321 324
3 282
7 861
31 1695
12 360
36 960
363 388
3 1701
4 453
2 453
246 247
2 461
294 295
27 1042
498 549
12 319
14 1110
8 2517
1 866
0 866
128 141
5 387
3 48
1 1791
0 1791
8 511
3 275
5 286
1 423
2 191
12 950
94 509
2 861
4 364
5 364
25 378
3563 3651
4 364
5 364
12 298
674 679
24 654
176 177
590 605
7 392
11 392
22 569
0 43
410 414
270 272
311 327
2 2050
1 2050
3 2050
22 617
14 927
1 1268
0 1268
2 1268
22 1413
147 157
5 317
780 790
769 790
11 812
1073 1077
580 584
21 562
1341 1360
6 1695
20 405
4 587
126 127
1 1592
0 1592
1 1719
2 1719
0 1719
2 548
1 548
194 195
341 352
1 1043
1 2703
3 2703
0 2703
2 2703
1099 1165
18 395
9 1323
6 1323
5 1323
25 1323
12 1323
2 118
159 165
11 663
9 451
21 1536
1 1526
0 1526
2 1526
4 116
9 327
4 587
8 139
6 325
1263 1288
4 116
6 240
2 217
355 712
28 1386
2337 2339
15 2517
6 381
7 284
168 183
9 295
13 2517
2025 2339
13 465
2 247
11 2517
4 55
6 281
1 247
1349 1360
30 461
3626 3761
586 590
7 594
41 378
1532 1539
10 108
159 4338
184 1552
3 152
25 646
13 306
28 657
27 657
21 1042
415 421
1039 1042
5 222
1030 1034
265 270
7 1104
2 486
501 502
55 57
12 816
4 2365
16 1074
0 187
3 2236
2 2236
1 2236
0 2236
404 405
56 1110
7 497
217 222
119 120
4 151
5 1392
4 230
85 86
77 78
2312 2339
8 9
69 1021
317 318
2 308
27 279
758 762
6 88
7 721
22 1027
18 500
1 89
2 86
157 159
5 733
719 725
12 276
482 497
1104 1130
443 456
2 654
770 777
52 53
2 340
54 475
4 142
21 694
40 41
7 90
587 588
36 588
585 588
210 214
66 67
9 588
6 327
1 342
8 588
191 193
3 161
6 90
10 588
40 41
11 322
13 718
3 142
16 567
24 588
4 113
6 120
33 588
11 567
42 588
587 588
17 483
587 588
204 218
587 588
11 282
11 282
18 588
19 218
320 327
3 24
4 274
3 274
9 214
2 142
5 90
8 90
2 228
8 567
3 229
12 567
338 343
3 228
6 327
3 43
14 386
32 694
8 228
15 475
24 588
28 475
30 946
15 475
11 567
3 457
7 327
17 483
12 343
3 116
25 475
7 228
6 342
22 327
33 560
16 229
98 99
8 588
7 43
7 43
1 168
12 141
15 483
0 16
28 588
1 386
10 334
6 588
5 588
5 588
4 588
7 90
45 588
7 271
14 588
15 386
4 67
29 560
13 342
453 454
587 588
44 588
5 211
683 694
21 694
8 228
21 327
14 588
21 752
5 53
226 229
29 588
2 41
9 374
29 334
22 588
29 475
5 110
228 229
2 58
29 588
2 142
10 153
14 334
9 116
117 118
14 588
15 386
6 327
140 142
18 228
8 156
12 588
10 588
8 327
332 343
8 153
18 475
12 588
97 99
11 588
7 588
22 574
37 694
4 90
21 694
1 56
23 560
7 342
14 322
15 752
14 588
319 327
18 193
10 454
4 342
66 67
20 327
24 588
5 229
4 342
3 67
78 2673
6 211
17 483
326 327
12 228
4 33
5 962
6 1539
13 125
0 120
76 80
3 816
8 554
1 176
18 406
0 66
24 473
6 977
5 844
1 290
476 502
87 88
2 275
144 147
5 515
4 1205
16 1403
10 1695
5 605
6 605
0 1347
1 1347
1512 1516
4 295
466 473
6 59
90 1021
7 788
226 228
1066 1110
85 88
4 768
7 476
336 337
332 340
1670 1695
126 127
1 308
7 378
7 241
9 452
4 284
1 1900
0 1900
1 3101
0 3101
1 6
204 218
29 664
1 158
0 423
7 951
9 951
4 623
2 399
1511 1577
267 278
2 214
6 2150
4 2150
1 145
1 404
1 1074
320 336
5 362
4 594
2 216
430 439
504 527
1380 1386
6 639
67 762
6 625
7 625
0 725
12 395
2 1036
42 1042
17 393
1517 1539
7 368
1516 1539
4 117
8 632
44 1042
2 518
3 567
442 452
9 1071
339 347
3 303
0 120
269 270
20 2237
47 2237
1 2237
0 2237
21 2237
1 233
134 1552
0 409
0 1230
1 1230
851 853
1 400
0 126
445 446
26 857
3 973
0 274
1 274
0 3390
35 3390
1 3390
8 3390
2 584
63 890
617 626
16 216
2 1346
6 247
11 287
6 79
2 196
187 191
160 7353
33 7353
50 7353
437 7353
64 7353
80 7353
205 7353
38 7353
22 7353
534 7353
39 7353
183 7353
49 7353
212 7353
11 7353
46 7353
140 141
2 2466
1 2466
3 2466
0 2466
1402 1456
16 10604
11 10604
35 10604
66 10604
0 10604
31 10604
4 10604
17 10604
26 10604
27 10604
12 10604
95 10604
10 10604
15 10604
110 10604
7 10604
2 1655
3 1655
1 407
1 1162
3 1162
0 1162
2 1162
477 479
6 623
1 87
24 564
4 391
3 295
4 590
1 508
1659 1695
0 47
778 788
2 788
785 788
776 788
779 788
1 788
0 788
777 788
783 788
227 230
5 739
431 436
22 1695
1 247
622 626
566 567
114 115
1 48
10 344
11 684
56 764
3 582
1013 1072
1 1862
0 1862
10 369
874 876
5 625
224 233
0 937
1 937
4 937
4 230
2 421
269 272
209 218
797 812
53 826
7 919
5 887
3 1072
36 2339
4 958
3 958
23 1623
140 141
791 792
14 811
0 2330
1 2330
6 247
25 974
7 120
0 182
8 423
4 1967
2 30
9 384
3 549
1147 1153
0 497
180 188
37 498
1 157
0 157
2326 2339
9 950
56 57
0 135
12 473
1 962
4 448
1 163
17 414
2 1161
0 1161
1 1161
1 117
3 96
16 1403
3 1346
1 139
1085 1110
472 473
39 318
4 318
3 700
2 162
17 1967
1478 1539
11 1539
104 106
1 5662
0 5662
3 5662
2 5662
4 5662
1500 1536
35 1536
610 625
11 2565
7 2565
10 2565
6 2565
8 2565
9 2565
1746 1747
383 384
3 183
0 1249
3 1249
1 87
24 812
733 746
6 2128
0 2128
1 2128
472 473
1 67
122 124
165 178
8 764
1 379
16 2396
12 2396
13 2396
11 890
21 890
10 890
7 38
0 2407
2 2407
3 2407
7 2407
716 735
1 581
0 581
0 385
1 385
5 615
1 139
45 641
4 448
2 1064
4 1064
11 2225
87 89
1 941
1 89
6 1419
11 452
3 80
535 554
1 89
16 1294
15 1294
5 381
30 1948
21 1948
19 1948
26 1948
6 962
5 448
1 352
136 137
4 594
1 1708
0 1708
285 287
0 25
814 816
624 626
85 90
20 2339
2 1536
223 233
54 69
8 319
11 796
445 446
5 527
4 142
4 369
7 153
589 590
6 385
401 413
2 446
2 2395
1 2395
392 404
295 592
19 2163
16 2163
17 2163
2 55
177 191
1 2423
0 2423
6 2423
331 344
3 196
450 452
25 1403
0 1205
1 1205
15 1014
5 294
4 448
85 86
12 395
843 844
17 844
3 303
1356 1360
1 812
103 107
1 562
477 479
9 467
41 1733
25 1733
26 1733
74 80
667 739
423 446
235 247
9 389
2 733
8 215
4 295
25 431
3 175
129 130
186 187
2 135
4 284
363 371
319 330
2 1724
0 1724
1 1724
1 549
8 919
1106 1139
0 896
1 896
4 437
0 103
258 264
5 261
3 264
7 648
33 1577
0 1501
2 1501
1 1501
27 617
35 1618
2 285
9 504
114 115
1 48
246 247
717 737
0 223
7 509
304 311
577 594
471 477
2 345
3 733
9 789
8 789
15 605
1723 1747
345 347
2 1511
3 1511
5 362
146 147
301 307
10 139
9 139
7 382
97 1766
778 788
2 788
772 788
757 788
779 788
0 788
1 788
777 788
753 788
1 694
0 694
300 307
171 174
10 371
1026 1077
534 537
4 178
102 103
11 290
2 3159
1 3159
0 3159
1313 1331
24 50
3 716
2 508
13 1909
24 1909
12 1909
1612 1618
1584 1618
9 384
9 384
0 102
1 94
9 585
434 474
23 535
1 261
294 295
0 169
7 148
9 183
862 876
3 733
14 1787
3 1787
7 1787
13 617
0 1553
1 1553
9 504
2 343
4 632
7 127
503 504
14 1083
64 65
1113 1144
173 178
7 172
15 240
426 431
918 919
495 498
5 1618
29 1475
349 368
3 26
7 1965
6 1965
1 1965
3 1965
0 1965
2 1965
124 125
164 175
53 55
370 379
0 229
0 229
1 230
11 1042
341 344
322 323
723 746
875 876
474 479
405 406
4 504
162 171
17 575
751 764
10 1913
3 1913
10 1057
8 269
1 173
4 344
5 772
23 242
16 1695
1683 1695
381 382
728 764
3 175
93 94
9 811
6 394
5 1287
0 176
136 139
0 310
1 360
225 230
9 811
7 381
0 1129
9 1129
1 1129
5 638
1069 1071
37 1410
5 1410
6 1410
9 811
6 497
1 37
2 285
303 305
4 256
1 360
231 233
589 623
2 1061
256 260
435 452
549 563
590 592
6 144
325 327
1 617
336 337
361 362
5944 5976
68 5976
36 5976
92 5976
102 5976
32 5976
113 5976
56 5976
10 5976
1070 1075
368 379
25 661
1 162
15 2517
30 431
6 100
4 1386
20 850
7 511
403 405
1 1102
0 1102
1 370
188 196
1 361
820 841
697 698
0 124
0 290
216 218
437 439
213 229
5 349
5 89
1 360
330 333
330 333
8 526
121 122
2 412
23 196
13 874
0 247
891 896
0 338
1 338
4 142
1778 1779
1608 1779
1743 1779
1724 1779
1200 1238
868 876
6 1853
1 1853
0 1853
580 592
556 564
1 173
1468 1539
1 158
802 812
582 584
2 328
9 262
11 816
95 99
0 796
380 404
144 146
344 345
6 464
7 228
268 274
858 919
12 502
1102 1110
3 122
5 446
82 518
0 141
11 585
560 561
2797 2808
1352 1357
109 1416
0 204
6 100
38 563
0 564
6 473
26 1110
10 339
163 327
3 308
287 295
1 587
11 777
557 558
148 149
193 209
4 279
900 962
0 3095
1 3095
7 3095
2 1617
3 1617
0 1617
1 1617
317 318
325 327
0 1767
2 1767
4 1767
8 1767
239 240
9 1071
13 522
4 1618
1 465
0 465
15 465
