794.000000
158.000000
75.000000
37.000000
32.000000
24.000000
16.000000
17.000000
1.000000
2.000000
3.000000
6.000000
4.000000
1.000000
0.000000
0.000000
0.000000
0.000000
0.000000
0.000000
0.000000
0.000000
0.000000
0.000000
0.000000
0.000000
0.000000
0.000000
0.000000
0.000000
0.000000
0.000000
0.000000
0.000000
0.000000
0.000000
0.000000
0.000000
0.000000
0.000000
0.000000
0.000000
0.000000
0.000000
0.000000
0.000000
0.000000
0.000000
0.000000
4.000000
0.000000
0.000000
0.000000
0.000000
0.000000
0.000000
0.000000
0.000000
0.000000
0.000000
0.000000
0.000000
0.000000
0.000000
0.000000
0.000000
1.000000
0.000000
0.000000
0.000000
0.000000
0.000000
0.000000
1.000000
0.000000
0.000000
0.000000
0.000000
0.000000
0.000000
0.000000
1.000000
4.000000
0.000000
1.000000
3.000000
3.000000
7.000000
13.000000
19.000000
14.000000
29.000000
54.000000
65.000000
62.000000
100.000000
102.000000
184.000000
285.000000
428.000000
