639.000000
90.000000
42.000000
17.000000
8.000000
5.000000
2.000000
1.000000
4.000000
2.000000
1.000000
1.000000
1.000000
0.000000
0.000000
0.000000
0.000000
0.000000
0.000000
0.000000
0.000000
0.000000
0.000000
0.000000
0.000000
0.000000
0.000000
0.000000
0.000000
0.000000
0.000000
0.000000
0.000000
0.000000
0.000000
0.000000
0.000000
0.000000
0.000000
0.000000
0.000000
0.000000
0.000000
0.000000
0.000000
0.000000
0.000000
0.000000
0.000000
3.000000
0.000000
0.000000
0.000000
0.000000
0.000000
0.000000
0.000000
0.000000
0.000000
0.000000
0.000000
0.000000
0.000000
0.000000
0.000000
0.000000
1.000000
0.000000
0.000000
0.000000
0.000000
0.000000
1.000000
0.000000
0.000000
2.000000
2.000000
1.000000
0.000000
1.000000
2.000000
1.000000
4.000000
11.000000
8.000000
14.000000
20.000000
22.000000
34.000000
46.000000
53.000000
65.000000
55.000000
96.000000
118.000000
136.000000
159.000000
205.000000
286.000000
391.000000
