533.000000
70.000000
29.000000
8.000000
6.000000
5.000000
2.000000
1.000000
0.000000
2.000000
1.000000
1.000000
0.000000
0.000000
0.000000
0.000000
0.000000
0.000000
0.000000
0.000000
0.000000
0.000000
0.000000
0.000000
0.000000
0.000000
0.000000
0.000000
0.000000
0.000000
0.000000
0.000000
0.000000
0.000000
0.000000
0.000000
0.000000
0.000000
0.000000
0.000000
0.000000
0.000000
0.000000
0.000000
0.000000
0.000000
0.000000
0.000000
0.000000
0.000000
0.000000
0.000000
0.000000
0.000000
0.000000
0.000000
0.000000
0.000000
0.000000
0.000000
0.000000
0.000000
0.000000
0.000000
0.000000
0.000000
1.000000
0.000000
0.000000
0.000000
0.000000
1.000000
0.000000
1.000000
2.000000
1.000000
4.000000
1.000000
3.000000
2.000000
4.000000
5.000000
9.000000
16.000000
10.000000
21.000000
34.000000
35.000000
44.000000
51.000000
76.000000
71.000000
86.000000
111.000000
126.000000
134.000000
165.000000
217.000000
302.000000
359.000000
