587.000000
72.000000
31.000000
14.000000
7.000000
6.000000
2.000000
1.000000
2.000000
2.000000
0.000000
1.000000
0.000000
0.000000
0.000000
0.000000
0.000000
0.000000
0.000000
0.000000
0.000000
0.000000
0.000000
0.000000
0.000000
0.000000
0.000000
0.000000
0.000000
0.000000
0.000000
0.000000
0.000000
0.000000
0.000000
0.000000
0.000000
0.000000
0.000000
0.000000
0.000000
0.000000
0.000000
0.000000
0.000000
0.000000
0.000000
0.000000
0.000000
1.000000
0.000000
0.000000
0.000000
0.000000
0.000000
0.000000
0.000000
0.000000
0.000000
0.000000
0.000000
0.000000
0.000000
0.000000
0.000000
0.000000
1.000000
0.000000
0.000000
0.000000
0.000000
0.000000
0.000000
2.000000
0.000000
2.000000
4.000000
0.000000
1.000000
3.000000
5.000000
3.000000
9.000000
10.000000
10.000000
16.000000
23.000000
30.000000
46.000000
44.000000
68.000000
67.000000
74.000000
107.000000
112.000000
141.000000
170.000000
220.000000
283.000000
373.000000
