706.000000
105.000000
48.000000
16.000000
21.000000
10.000000
4.000000
3.000000
2.000000
4.000000
1.000000
1.000000
2.000000
0.000000
0.000000
0.000000
0.000000
0.000000
0.000000
0.000000
0.000000
0.000000
0.000000
0.000000
0.000000
0.000000
0.000000
0.000000
0.000000
0.000000
0.000000
0.000000
0.000000
0.000000
0.000000
0.000000
0.000000
0.000000
0.000000
0.000000
0.000000
0.000000
0.000000
0.000000
0.000000
0.000000
0.000000
0.000000
0.000000
3.000000
0.000000
0.000000
0.000000
0.000000
0.000000
0.000000
0.000000
0.000000
0.000000
0.000000
0.000000
0.000000
0.000000
0.000000
0.000000
0.000000
1.000000
0.000000
0.000000
0.000000
0.000000
0.000000
0.000000
1.000000
0.000000
0.000000
2.000000
0.000000
0.000000
1.000000
0.000000
0.000000
1.000000
3.000000
8.000000
15.000000
12.000000
22.000000
24.000000
34.000000
36.000000
47.000000
60.000000
86.000000
102.000000
116.000000
157.000000
210.000000
269.000000
417.000000
