381 384
372 375
361 392
563 576
4 576
768 776
735 776
478 511
2196 2287
2235 2287
12 745
2 745
37 914
7 338
425 448
669 691
684 691
180 183
903 914
1114 1155
1144 1155
1008 1155
6 1155
3 1155
1330 1370
29 1623
7384 7389
7374 7389
7336 7389
14 7389
118 7389
7377 7389
7279 7389
1 7389
18 7389
7282 7389
6979 7389
2325 2339
2 615
1276 1288
166 176
1255 1265
1183 1265
1225 1265
148 150
72 79
1761 1983
1950 1983
6 1983
1938 1983
19 269
339 397
1173 1208
129 1208
1151 1208
1459 1474
237 240
424 448
556 558
1060 1113
11 1113
0 79
303 305
399 400
375 388
566 590
1382 1483
145 152
143 152
795 796
1475 1536
0 805
270 276
327 328
1264 1267
1263 1267
1256 1267
1153 1267
1265 1267
0 522
190 198
954 1013
11 1013
144 152
1293 1303
985 1008
989 1008
5 327
548 562
1 737
3 737
252 264
169 175
42 44
0 89
1846 1913
1812 1913
1466 1539
972 973
850 855
299 301
67 7645
20 7645
7644 7645
7131 7645
116 7645
7638 7645
7643 7645
7631 7645
7636 7645
26 7645
3 7645
7586 7645
7468 7645
7510 7645
7429 7645
7479 7645
163 7645
7229 7645
7408 7645
7572 7645
8848 9306
8943 9306
9093 9306
9299 9306
9297 9306
106 9306
9305 9306
9304 9306
9221 9306
220 9306
8 9306
9301 9306
9167 9306
9180 9306
9302 9306
9262 9306
9275 9306
402 9306
3730 3760
3348 3760
3758 3760
3759 3760
3752 3760
3735 3760
3715 3760
3757 3760
684 689
271 295
1447 1454
1452 1454
1413 1454
1337 1454
623 626
201 203
402 405
786 794
792 794
837 844
572 657
1103 1110
148 150
0 1071
1 812
0 812
0 422
891 896
394 395
10 2339
0 135
286 324
0 721
69 79
199 204
4 811
1 368
0 380
0 380
0 384
138 152
0 98
66 68
10 446
0 777
1 777
3 884
880 884
1512 1514
840 876
2 348
152 169
655 663
661 663
301 303
237 240
437 441
1456 1474
0 733
0 1077
367 404
6 973
131 138
71 1618
544 567
873 876
157 176
4 2150
2076 2150
873 876
0 311
1548 1597
1501 1597
1581 1597
1553 1597
613 618
0 98
181 184
769 776
756 776
495 497
56 57
383 392
668 670
31 670
382 392
16 511
2 247
796 876
0 344
897 965
1529 1539
484 509
208 215
173 176
201 215
201 215
1378 1386
274 283
2 764
462 465
787 792
10209 10782
10491 10782
10556 10782
2 10782
10644 10782
9856 10782
10646 10782
10602 10782
9785 10782
589 10782
10565 10782
10747 10782
10763 10782
10767 10782
10728 10782
10391 10782
10065 10782
10468 10782
10683 10782
10375 10782
10521 10782
10485 10782
46 10782
10766 10782
10565 10782
10666 10782
1 224
714 767
2 144
467 540
2492 2510
19 2510
11 269
4 269
1256 1269
0 1269
22 919
1 782
428 448
0 931
877 931
2 247
83 89
2034 2038
1872 2038
57 2038
428 446
715 737
1888 1898
1889 1898
10 584
1336 1360
34 2257
2 2257
1674 1695
2338 2339
1069 1072
685 746
698 746
2058 2150
2107 2150
3379 3410
3322 3410
3364 3410
729 746
2084 2150
2118 2150
751 764
723 746
424 456
585 590
2349 2449
2448 2449
182 191
757 777
238 266
1006 1027
18 976
16 976
4 3000
2990 3000
8 3000
19 3000
11 3000
2878 3000
3 202
0 456
759 777
366 381
1 295
185 186
440 441
0 94
58 68
13 287
237 240
4 142
238 240
0 655
1 1197
5 2831
4 2831
3 2831
2 2831
5 1331
4204 4210
4207 4210
4128 4210
4205 4210
4186 4210
4187 4210
67 4210
3759 4210
4208 4210
4206 4210
4154 4210
1 20
202 209
0 677
661 677
3 1547
1529 1547
887 888
886 888
338 344
386 413
11 1012
0 1012
10 1012
263 269
0 467
500 504
1053 1110
521 585
2104 2128
2024 2128
2050 2128
933 960
1393 1483
1507 1536
1515 1536
1105 1110
0 1069
993 1069
1067 1069
1009 1014
782 811
1082 1110
422 423
0 93
170 183
377 384
714 724
2343 2375
2304 2375
2339 2375
169 178
771 788
776 788
783 788
767 788
774 788
781 788
766 788
770 788
768 788
0 203
219 226
13 4949
4752 4949
4710 4949
32 4949
4900 4949
31 4949
115 4949
115 120
29 2150
2105 2150
2090 2150
639 653
664 689
4 2955
0 2955
2932 2955
2 2955
2921 2955
2903 2955
2933 2955
1614 1695
428 439
427 439
223 225
7 2163
31 2163
12715 13875
13649 13875
7 13875
16 13875
33 13875
13298 13875
13590 13875
13488 13875
13113 13875
13301 13875
12657 13875
13477 13875
13765 13875
13842 13875
40 2339
216 222
147 150
12 1164
1 1164
1094 1164
1 2347
0 2347
3 2347
2 2347
629 633
377 384
3080 3126
2952 3126
3096 3126
3051 3126
2629 3126
3017 3126
3042 3126
1072 1078
1077 1078
3 1078
260 267
0 1926
491 526
808 812
818 858
3 5657
17 5657
5090 5657
2 5657
5583 5657
11 5657
5218 5657
5609 5657
1041 1042
422 423
202 218
154 172
1130 1307
50 1021
380 384
399 400
237 240
223 247
156 176
0 247
107 124
604 618
1 247
1496 1708
14 1708
15 1708
4 1708
747 762
742 762
144 152
363 371
263 264
438 442
441 442
387 389
14 5642
33 5642
66 5642
189 5642
21 5642
7 5642
5620 5642
411 416
204 223
85 86
500 543
3 1403
3 1403
633 679
1 2517
0 87
648 689
1 336
0 89
144 153
1285 1403
1959 1963
1948 1963
1900 2002
1849 2002
1996 2002
146 147
146 147
154 163
263 264
1503 1539
258 264
560 590
173 181
226 241
11 465
6 764
12 764
738 764
266 295
1640 1652
1628 1652
1955 1967
85 86
0 1110
2 1183
1 1183
1112 1183
846 876
387 389
1097 1124
1066 1124
0 1014
926 961
26 961
1 961
3 526
0 359
4 1130
0 257
1377 1386
808 842
997 1042
242 257
2303 2403
2147 2403
2311 2403
102 106
372 375
11 617
268 270
269 270
338 340
302 327
344 380
507 518
586 587
582 587
0 384
397 424
263 264
688 699
1258 1317
1312 1317
1294 1317
118 120
0 594
0 538
0 603
11 1130
1 344
237 240
8 1241
121 122
849 855
1889 1898
1891 1898
1888 1898
1889 1898
380 384
13 17
904 914
690 777
156 163
4673 4713
4632 4713
4696 4713
4104 4713
4699 4713
4451 4713
42 44
2115 2150
2095 2150
2 2150
3 2150
391 402
245 266
758 781
752 781
5 781
772 781
660 664
676 689
0 874
789 796
795 796
1373 1464
1409 1464
1438 1464
542 548
380 382
0 233
3 663
249 257
494 506
4 1012
231 257
578 626
347 371
8 782
3748 3816
3804 3816
3759 3816
3699 3816
3741 3816
3806 3816
104 3816
338 340
1291 1347
1326 1347
147 149
530 554
315 364
316 364
277 295
20 435
677 695
3 1247
4 1247
4 423
903 914
8 265
617 631
629 631
185 186
508 518
159 171
498 511
409 431
9 2308
1 2308
2144 2303
20 2303
142 145
4 145
6 145
0 467
507 518
401 405
314 318
412 423
301 324
387 389
6 8726
8679 8726
8296 8726
11 8726
8386 8726
8605 8726
8304 8726
8477 8726
8719 8726
8722 8726
3 8726
25 8726
8353 8726
412 422
99 108
429 456
6 1036
2 1036
378 391
335 344
639 679
4 154
20 397
0 3066
2 3066
3060 3066
1180 1214
1179 1214
1499 1595
1478 1595
760 764
0 457
0 368
0 376
200 209
203 209
1 1191
0 1191
591 592
376 378
133 141
387 389
444 446
256 264
508 526
1089 1110
11548 12734
12070 12734
12733 12734
300 12734
12640 12734
12528 12734
343 12734
12575 12734
12453 12734
384 12734
23 12734
11 12734
11657 12734
115 12734
12224 12734
80 12734
30 12734
12413 12734
202 203
3 89
613 653
274 295
0 841
0 441
381 384
868 876
1192 1264
1226 1264
1259 1264
2 404
5 1483
0 1110
557 590
567 590
259 264
106 107
5 1386
143 148
76 89
14 842
460 461
15 669
666 669
662 737
690 699
5 423
6 737
106 107
106 107
142 148
458 473
170 2629
2450 2629
2366 2629
2608 2629
378 384
1587 1589
1563 1589
1540 1589
2 113
2649 2696
2672 2696
25 2696
755 774
1 664
939 987
983 987
985 987
62 4344
4237 4344
3986 4344
3924 4344
5 4344
35 4344
4107 4344
215 222
590 626
1348 1376
0 1376
9 1376
1375 1376
557 558
679 680
671 680
230 234
167 177
8 177
380 384
435 441
430 441
1 376
1500 1511
1489 1511
1 522
520 522
0 169
5 737
1 664
465 479
2116 2238
2226 2238
2104 2238
0 2238
1064 1074
3 737
751 762
2470 2517
734 788
2299 2300
2265 2300
752 762
606 618
180 183
269 270
1 558
251 252
285 295
3 1913
1869 1913
651 656
7 656
653 656
238 240
410 423
19 764
371 373
425 446
1 357
384 423
0 632
569 590
544 562
424 456
0 9
293 587
549 562
961 1014
679 774
0 404
515 567
3 1407
558 594
661 690
642 690
238 250
126 127
294 295
4 2725
17 2725
15 2725
8 2725
14 2725
3 442
409 442
506 518
499 508
2 269
267 269
36 38
174 6094
14 6094
4 6094
10 6094
5865 6094
1337 1370
2726 2737
2527 2737
1342 1409
485 526
428 465
327 339
931 960
923 960
373 382
245 295
0 404
1 431
1506 1536
1 615
0 844
0 308
2 504
533 560
1 730
0 730
669 764
1616 1701
237 240
4 283
594 596
383 392
56 2339
1 2339
4 303
448 461
550 563
5 438
102 122
19 980
933 980
799 845
590 665
4 378
329 352
869 889
876 889
185 189
392 431
742 751
494 526
1948 1955
1924 1955
1949 1955
1942 1955
1804 1955
1951 1955
106 9453
9333 9453
68 9453
8740 9453
9209 9453
81 9453
6 9453
135 9453
167 9453
138 9453
31 9453
137 9453
19 9453
47 9453
143 9453
3452 3604
3474 3604
59 3604
3459 3604
28 3604
2957 2982
2947 2982
2981 2982
2946 2982
2866 2982
6 1152
480 499
0 181
1 181
6 249
605 613
383 395
554 575
114 122
1046 1114
1096 1114
1 283
4 283
2 241
0 55
645 655
1802 1887
1871 1887
20 1887
7507 7512
7485 7512
7504 7512
7410 7512
7 7512
7417 7512
7506 7512
138 7512
34 7512
7327 7512
7474 7512
7509 7512
7455 7512
7263 7512
7364 7512
312 328
10 623
2 106
72 82
3 305
187 196
136 151
3 439
321 328
1961 2031
41 4370
35 4370
26 4370
34 4370
18 4370
199 4370
12 4370
11 4370
329 340
0 360
0 269
0 413
824 887
177 187
0 187
1 534
1511 1539
18 726
250 257
194 202
745 764
749 764
446 473
5 729
670 729
4 729
171 174
0 593
1 326
8 282
57 59
2 2849
63 2849
34 2849
32 2849
1 225
369 435
15 435
0 522
0 146
477 479
11 399
30 587
551 562
776 788
780 788
784 788
777 788
779 788
782 788
774 788
773 788
778 788
23 473
7 473
1486 1528
0 1528
50 1904
1739 1904
709 733
212 219
2341 2417
2415 2417
18 594
5 594
8 594
10 620
1 620
1 476
9 476
1 405
1588 1695
87 91
1 91
0 1223
2 1223
3 1223
468 479
315 328
8 1879
5 1879
4798 4834
9 4834
4810 4834
4831 4834
29 4834
31 4834
143 145
730 739
6 336
324 361
165 177
367 413
731 759
190 191
187 191
3 240
226 233
175 177
0 176
1 318
708 807
22 807
748 761
409 446
0 931
882 931
1 1074
3 812
22 287
729 764
1042 1043
2 857
1 922
0 558
6 558
221 279
1 173
122 130
1 617
2 617
1599 1707
1701 1707
19 4275
3690 4275
4248 4275
4064 4275
4117 4275
0 1149
1080 1149
1101 1149
2950 2971
2952 2971
2 336
4 318
1024 1026
0 92
84 92
299 311
142 161
757 774
125 127
375 379
387 400
427 428
0 381
552 562
472 497
392 393
0 279
319 323
371 395
9 223
0 362
486 509
2 2434
637 716
2 388
214 233
466 484
477 484
476 484
1033 1075
1013 1075
1031 1075
1044 1075
0 118
0 114
800 844
789 844
0 306
1701 1742
1653 1742
1670 1742
434 441
649 655
677 764
45 509
3648 3737
3652 3737
3 3737
2 3737
0 562
2062 2181
0 338
0 40
328 379
402 405
423 474
87 98
1111 1143
1 368
690 699
0 343
8 126
1 1644
1643 1644
6 767
672 767
3 767
1 20
276 310
0 354
1 61
255 297
645 727
383 395
1543 1618
222 233
1 381
4 473
210 217
2 152
683 768
8 171
1 567
1 301
3 461
774 788
780 788
782 788
775 788
779 788
781 788
772 788
773 788
777 788
401 405
644 653
3 139
6 324
959 973
1219 1386
629 633
649 664
1486 1618
380 395
0 295
334 344
225 230
2033 2219
374 385
5 527
0 1926
5 1926
538 548
1 919
694 699
462 472
318 327
0 821
688 821
730 821
0 526
2 567
20 1012
1 1012
2 1012
550 562
8 739
238 266
207 227
0 241
623 635
373 391
0 177
0 407
426 435
507 535
0 527
6 371
362 371
1 240
5 57
271 297
257 262
349 361
1292 1312
72 84
258 287
504 509
584 585
524 592
758 812
6 2339
277 290
0 948
1 948
413 448
965 973
2 360
388 389
1620 1646
1 2101
29 2101
7 2101
2040 2101
854 876
415 472
233 265
746 777
6 502
3 137
181 209
2 144
164 183
0 370
128 135
114 120
919 962
666 721
106 114
2889 3218
1695 1747
1 231
1045 1110
131 153
270 290
379 397
315 325
298 319
362 382
31 5267
24 5267
17 5267
15 5267
76 5267
26 5267
44 5267
78 5267
5 5267
7 5267
10 5267
0 5267
21 5267
38 5267
2 1034
957 1034
31 2191
15 2191
6 247
2 247
26 1416
43 1027
3 319
1 1042
3 384
1 163
0 127
469 484
4 900
3 544
2 265
4 368
1 930
2246 2416
2255 2416
2198 2416
815 919
394 407
1 382
0 247
6 233
0 1183
1 1183
1109 1183
5 1185
344 382
328 340
18 3763
2 3763
176 177
466 477
138 141
6 242
1 295
2 295
1 395
557 615
1 308
3 1695
452 511
195 227
251 257
2185 2339
376 395
0 359
731 761
232 257
171 176
13 336
187 195
356 365
238 240
222 230
174 196
322 338
1104 1116
1102 1116
1 1124
0 300
1604 1623
851 906
0 57
0 188
1033 1057
0 233
669 721
315 318
727 735
681 699
1 446
0 310
0 165
430 465
953 1130
668 679
3 392
3 348
1889 1898
1890 1898
0 472
946 950
949 950
934 950
190 191
9 1695
321 324
269 282
3 861
1642 1695
9 360
925 960
362 388
0 1701
452 453
451 453
243 247
1 461
294 295
972 1042
501 549
2 319
1040 1110
2284 2517
800 866
2 866
121 141
0 387
1 48
1696 1791
1594 1791
16 511
258 275
10 286
405 423
141 191
7 950
507 509
0 861
323 364
318 364
371 378
3522 3651
329 364
308 364
274 298
663 679
9 654
176 177
600 605
6 392
349 392
10 569
0 43
402 414
267 272
314 327
1910 2050
56 2050
9 2050
583 617
0 927
18 1268
2 1268
8 1268
3 1413
146 157
5 317
762 790
758 790
775 812
1051 1077
566 584
2 562
1328 1360
1640 1695
380 405
563 587
126 127
10 1592
1 1592
4 1719
3 1719
2 1719
547 548
516 548
189 195
337 352
1 1043
2673 2703
2675 2703
2683 2703
2664 2703
1125 1165
391 395
2 1323
4 1323
1 1323
12 1323
3 1323
0 118
140 165
599 663
417 451
0 1536
1516 1526
1463 1526
1520 1526
0 116
299 327
2 587
119 139
3 325
1163 1288
0 116
17 240
211 217
20 712
33 1386
2334 2339
2453 2517
20 381
0 284
163 183
282 295
0 2517
19 2339
463 465
0 247
2352 2517
0 55
257 281
1 247
1347 1360
427 461
3531 3761
567 590
3 594
21 378
1501 1539
5 108
226 4338
20 1552
143 152
6 646
12 306
656 657
647 657
969 1042
418 421
1035 1042
214 222
1011 1034
264 270
995 1104
0 486
484 502
56 57
771 816
2170 2365
7 1074
0 187
2222 2236
2209 2236
2169 2236
0 2236
404 405
1025 1110
482 497
211 222
117 120
0 151
0 1392
0 230
85 86
75 78
2178 2339
8 9
988 1021
306 318
3 308
13 279
750 762
87 88
1 721
8 1027
494 500
1 89
0 86
152 159
710 733
699 725
3 276
482 497
1121 1130
443 456
0 654
755 777
52 53
326 340
468 475
0 142
649 694
40 41
80 90
587 588
586 588
579 588
212 214
66 67
567 588
1 327
1 342
1 588
191 193
141 161
2 90
566 588
40 41
296 322
3 718
136 142
547 567
561 588
1 113
0 120
575 588
488 567
20 588
583 588
2 483
584 588
7 218
586 588
2 282
266 282
557 588
204 218
323 327
23 24
269 274
255 274
201 214
1 142
1 90
1 90
0 228
550 567
216 229
539 567
332 343
5 228
1 327
1 43
2 386
655 694
194 228
0 475
577 588
449 475
24 946
1 475
10 567
1 457
291 327
1 483
24 343
108 116
2 475
0 228
321 342
294 327
516 560
222 229
98 99
555 588
39 43
5 43
0 168
3 141
464 483
14 16
578 588
0 386
325 334
2 588
1 588
3 588
2 588
1 90
576 588
4 271
587 588
2 386
0 67
532 560
5 342
450 454
581 588
553 588
189 211
653 694
2 694
210 228
310 327
587 588
708 752
50 53
222 229
578 588
36 41
372 374
304 334
3 588
1 475
0 110
226 229
55 58
584 588
0 142
143 153
6 334
111 116
115 118
587 588
2 386
297 327
137 142
214 228
3 156
6 588
13 588
1 327
332 343
7 153
18 475
1 588
98 99
29 588
1 588
544 574
647 694
0 90
638 694
0 56
519 560
2 342
29 322
0 752
587 588
302 327
188 193
1 454
0 342
66 67
0 327
566 588
0 229
0 342
66 67
25 2673
183 211
31 483
323 327
226 228
4 33
12 962
1508 1539
0 125
0 120
71 80
1 816
0 554
1 176
400 406
0 66
4 473
0 977
0 844
0 290
475 502
87 88
2 275
144 147
49 515
0 1205
0 1403
1645 1695
541 605
602 605
1323 1347
1281 1347
1503 1516
0 295
464 473
0 59
972 1021
757 788
221 228
1098 1110
87 88
0 768
2 476
336 337
333 340
1657 1695
126 127
0 308
370 378
0 241
4 452
0 284
1 1900
0 1900
25 3101
0 3101
4 6
206 218
648 664
0 158
404 423
935 951
950 951
0 623
0 399
1528 1577
268 278
3 214
2042 2150
1986 2150
142 145
1 404
0 1074
319 336
0 362
4 594
0 216
421 439
498 527
1367 1386
0 639
741 762
1 625
0 625
0 725
0 395
0 1036
955 1042
369 393
1479 1539
357 368
1500 1539
102 117
0 632
1018 1042
0 518
2 567
438 452
0 1071
336 347
0 303
0 120
269 270
2037 2237
2232 2237
2203 2237
2154 2237
1 2237
3 233
15 1552
0 409
0 1230
2 1230
851 853
392 400
0 126
444 446
791 857
0 973
1 274
0 274
1 3390
3083 3390
2 3390
3 3390
0 584
812 890
617 626
197 216
0 1346
0 247
16 287
74 79
0 196
185 191
6963 7353
7351 7353
27 7353
6964 7353
7206 7353
2 7353
7123 7353
7309 7353
7347 7353
6815 7353
7319 7353
99 7353
7331 7353
60 7353
7195 7353
3 7353
137 141
2379 2466
2392 2466
2439 2466
2363 2466
1378 1456
10491 10604
10547 10604
10597 10604
16 10604
10530 10604
10588 10604
10268 10604
10016 10604
10531 10604
10526 10604
0 10604
10192 10604
10374 10604
9530 10604
9971 10604
10245 10604
1643 1655
1635 1655
0 407
1146 1162
1142 1162
1134 1162
1141 1162
471 479
513 623
0 87
535 564
355 391
0 295
0 590
494 508
1685 1695
1 47
776 788
782 788
783 788
777 788
779 788
786 788
781 788
774 788
780 788
222 230
1 739
424 436
1628 1695
0 247
607 626
566 567
114 115
1 48
314 344
630 684
33 764
567 582
970 1072
1810 1862
1701 1862
329 369
872 876
0 625
217 233
925 937
933 937
865 937
0 230
1 421
268 272
201 218
798 812
802 826
0 919
5 887
1 1072
2033 2339
919 958
910 958
22 1623
138 141
783 792
793 811
0 2330
2 2330
3 247
6 974
118 120
0 182
402 423
0 1967
0 30
377 384
494 549
1137 1153
0 497
184 188
452 498
155 157
146 157
2326 2339
1 950
56 57
1 135
442 473
0 962
428 448
0 163
376 414
12 1161
1 1161
2 1161
0 117
0 96
0 1403
0 1346
1 139
1102 1110
470 473
14 318
0 318
611 700
0 162
48 1967
1482 1539
4 1539
102 106
4 5662
1 5662
3 5662
2 5662
5 5662
1465 1536
1437 1536
608 625
2538 2565
2527 2565
2543 2565
4 2565
2545 2565
2376 2565
1746 1747
383 384
1 183
1223 1249
1237 1249
0 87
734 812
735 746
2121 2128
1961 2128
2054 2128
472 473
0 67
120 124
152 178
0 764
0 379
3 2396
0 2396
1 2396
863 890
884 890
867 890
0 38
3 2407
7 2407
2337 2407
4 2407
697 735
573 581
0 581
2 385
1 385
6 615
122 139
631 641
426 448
1020 1064
1063 1064
6 2225
83 89
0 941
68 89
0 1419
0 452
75 80
515 554
0 89
1293 1294
1228 1294
359 381
1918 1948
1947 1948
1945 1948
1944 1948
901 962
419 448
1 352
136 137
1 594
1 1708
0 1708
274 287
0 25
810 816
615 626
83 90
1985 2339
0 1536
223 233
59 69
1 319
782 796
444 446
1 527
0 142
345 369
145 153
589 590
0 385
409 413
2 446
2118 2395
2184 2395
387 404
295 592
2127 2163
2118 2163
2152 2163
0 55
185 191
2220 2423
2205 2423
2420 2423
336 344
179 196
450 452
1354 1403
2 1205
1 1205
5 1014
287 294
431 448
85 86
0 395
840 844
799 844
0 303
1356 1360
0 812
102 107
0 562
475 479
446 467
1731 1733
1705 1733
1723 1733
72 80
696 739
411 446
232 247
385 389
0 733
202 215
2 295
0 431
165 175
129 130
185 187
2 135
0 284
363 371
301 330
1671 1724
1 1724
1590 1724
490 549
902 919
1084 1139
0 896
1 896
3 437
0 103
249 264
0 261
225 264
634 648
1530 1577
1478 1501
1497 1501
1484 1501
574 617
1603 1618
279 285
4 504
114 115
47 48
246 247
720 737
0 223
449 509
303 311
575 594
463 477
334 345
2 733
743 789
716 789
0 605
1683 1747
344 347
1505 1511
1501 1511
0 362
146 147
274 307
138 139
137 139
348 382
1737 1766
775 788
778 788
783 788
771 788
779 788
782 788
772 788
774 788
773 788
693 694
675 694
306 307
170 174
351 371
1021 1077
530 537
4 178
102 103
276 290
3151 3159
3148 3159
3143 3159
1301 1331
6 50
1 716
498 508
1908 1909
1898 1909
1896 1909
1553 1618
1594 1618
0 384
0 384
0 102
93 94
0 585
411 474
512 535
0 261
294 295
0 169
146 148
167 183
857 876
2 733
1 1787
1759 1787
1785 1787
555 617
0 1553
2 1553
3 504
1 343
550 632
0 127
500 504
1005 1083
1 65
1038 1144
167 178
5 172
3 240
390 431
917 919
485 498
2 1618
1466 1475
355 368
25 26
1847 1965
19 1965
2 1965
7 1965
4 1965
15 1965
123 125
172 175
52 55
358 379
0 229
1 229
1 230
0 1042
342 344
322 323
724 746
874 876
468 479
405 406
486 504
161 171
531 575
752 764
1861 1913
1831 1913
1031 1057
231 269
0 173
329 344
0 772
0 242
1600 1695
1673 1695
380 382
737 764
168 175
92 94
0 811
0 394
0 1287
164 176
137 139
0 310
6 360
218 230
4 811
3 381
0 1129
1099 1129
1076 1129
0 638
1067 1071
12 1410
1402 1410
1408 1410
0 811
484 497
0 37
276 285
302 305
216 256
1 360
231 233
622 623
0 1061
255 260
441 452
544 563
589 592
0 144
302 327
0 617
336 337
361 362
5932 5976
5438 5976
5963 5976
5475 5976
30 5976
5974 5976
5629 5976
5841 5976
5861 5976
1050 1075
377 379
641 661
154 162
21 2517
8 431
93 100
0 1386
802 850
2 511
403 405
1097 1102
0 1102
1 370
188 196
1 361
832 841
696 698
0 124
0 290
217 218
429 439
213 229
0 349
75 89
0 360
327 333
328 333
4 526
121 122
0 412
188 196
0 874
8 247
890 896
2 338
1 338
1 142
1778 1779
60 1779
1753 1779
1726 1779
1192 1238
873 876
1801 1853
1819 1853
31 1853
57 592
559 564
0 173
1482 1539
0 158
789 812
582 584
304 328
245 262
2 816
95 99
5 796
370 404
135 146
344 345
3 464
224 228
247 274
855 919
500 502
1098 1110
109 122
439 446
487 518
124 141
12 585
560 561
2790 2808
1346 1357
80 1416
4 204
9 100
6 563
0 564
466 473
12 1110
0 339
163 327
1 308
265 295
1 587
0 777
556 558
148 149
191 209
238 279
896 962
1 3095
2 3095
3 3095
1453 1617
2 1617
6 1617
18 1617
317 318
325 327
1698 1767
1722 1767
1757 1767
1696 1767
238 240
0 1071
1 522
0 1618
442 465
429 465
448 465
