381 384
372 375
375 392
569 576
558 576
768 776
756 776
492 511
2182 2287
2234 2287
693 745
0 745
827 914
313 338
438 448
677 691
688 691
181 183
902 914
1107 1155
1142 1155
1009 1155
4 1155
3 1155
1321 1370
1482 1623
7386 7389
7375 7389
7338 7389
13 7389
169 7389
7376 7389
7272 7389
1 7389
53 7389
7291 7389
6934 7389
2334 2339
543 615
1276 1288
165 176
1255 1265
1176 1265
1225 1265
147 150
74 79
1903 1983
1938 1983
4 1983
1931 1983
243 269
345 397
1165 1208
1183 1208
1146 1208
1454 1474
237 240
437 448
556 558
1057 1113
1022 1113
0 79
302 305
399 400
382 388
566 590
1366 1483
147 152
147 152
789 796
1472 1536
1 805
270 276
327 328
1264 1267
1263 1267
1257 1267
1176 1267
1265 1267
0 522
190 198
947 1013
882 1013
148 152
1284 1303
992 1008
970 1008
3 327
538 562
10 737
15 737
254 264
170 175
42 44
68 89
1827 1913
1795 1913
1468 1539
972 973
851 855
299 301
67 7645
18 7645
7644 7645
7065 7645
128 7645
7638 7645
7643 7645
7627 7645
7634 7645
20 7645
5 7645
7566 7645
7462 7645
7482 7645
7414 7645
7446 7645
6997 7645
7161 7645
7405 7645
7550 7645
8761 9306
9143 9306
9156 9306
9298 9306
9293 9306
195 9306
9305 9306
9304 9306
9241 9306
217 9306
8 9306
9301 9306
9053 9306
9176 9306
9302 9306
9242 9306
9262 9306
8837 9306
3733 3760
3357 3760
3759 3760
3758 3760
3750 3760
3740 3760
3711 3760
3757 3760
677 689
279 295
1449 1454
1452 1454
1430 1454
1383 1454
610 626
199 203
395 405
779 794
792 794
830 844
574 657
1099 1110
148 150
2 1071
759 812
767 812
0 422
890 896
394 395
13 2339
0 135
300 324
1 721
75 79
195 204
4 811
0 368
0 380
0 380
1 384
142 152
0 98
66 68
402 446
0 777
1 777
788 884
874 884
1512 1514
841 876
325 348
158 169
655 663
661 663
300 303
237 240
435 441
1450 1474
0 733
0 1077
370 404
929 973
130 138
1423 1618
547 567
870 876
153 176
1690 2150
2065 2150
870 876
0 311
1491 1597
1451 1597
1547 1597
1511 1597
609 618
0 98
180 184
769 776
763 776
493 497
56 57
387 392
667 670
592 670
385 392
454 511
3 247
807 876
317 344
896 965
1527 1539
480 509
203 215
173 176
201 215
202 215
1365 1386
275 283
648 764
462 465
780 792
10219 10782
10528 10782
10516 10782
3 10782
10689 10782
9945 10782
10628 10782
10635 10782
10168 10782
10029 10782
10537 10782
10747 10782
10763 10782
10765 10782
10727 10782
10376 10782
10395 10782
10657 10782
10677 10782
10430 10782
10593 10782
10576 10782
180 10782
10769 10782
10537 10782
10676 10782
208 224
728 767
1 144
471 540
2492 2510
14 2510
3 269
2 269
1246 1269
5 1269
20 919
5 782
438 448
0 931
879 931
3 247
80 89
2031 2038
1853 2038
66 2038
428 446
713 737
1889 1898
1892 1898
10 584
1338 1360
33 2257
1 2257
1676 1695
2338 2339
1066 1072
693 746
707 746
2074 2150
2110 2150
3383 3410
3319 3410
3357 3410
714 746
2087 2150
2116 2150
747 764
713 746
422 456
580 590
2345 2449
2448 2449
188 191
765 777
236 266
1006 1027
920 976
847 976
2605 3000
2992 3000
20 3000
30 3000
2750 3000
2877 3000
4 202
0 456
753 777
371 381
256 295
185 186
440 441
0 94
57 68
240 287
237 240
2 142
238 240
0 655
1075 1197
5 2831
2 2831
3 2831
4 2831
1292 1331
4203 4210
4208 4210
4098 4210
4204 4210
4186 4210
4179 4210
3794 4210
3898 4210
4207 4210
4205 4210
4145 4210
1 20
202 209
0 677
668 677
15 1547
1530 1547
886 888
887 888
338 344
387 413
894 1012
880 1012
919 1012
262 269
0 467
497 504
1038 1110
516 585
2103 2128
1989 2128
2051 2128
930 960
1378 1483
1472 1536
1499 1536
1102 1110
0 1069
1041 1069
1067 1069
1005 1014
784 811
1085 1110
422 423
0 93
171 183
377 384
715 724
2351 2375
2326 2375
2321 2375
164 178
777 788
779 788
781 788
774 788
778 788
780 788
771 788
769 788
773 788
161 203
219 226
17 4949
4731 4949
4694 4949
33 4949
4904 4949
21 4949
4408 4949
115 120
27 2150
2104 2150
2075 2150
642 653
650 689
1 2955
0 2955
2941 2955
2 2955
2911 2955
2907 2955
2935 2955
1632 1695
427 439
427 439
224 225
24 2163
1895 2163
12580 13875
13722 13875
39 13875
11 13875
12321 13875
13378 13875
13547 13875
13486 13875
13086 13875
13348 13875
12809 13875
13512 13875
13746 13875
13840 13875
69 2339
216 222
148 150
23 1164
1 1164
1136 1164
0 2347
1 2347
12 2347
2 2347
629 633
380 384
3067 3126
2935 3126
3093 3126
3048 3126
2698 3126
3021 3126
3039 3126
1070 1078
1077 1078
3 1078
261 267
2 1926
491 526
808 812
801 858
5 5657
10 5657
5145 5657
2 5657
5568 5657
6 5657
5192 5657
5570 5657
1041 1042
422 423
198 218
154 172
1117 1307
837 1021
380 384
399 400
237 240
222 247
154 176
0 247
107 124
607 618
1 247
1492 1708
11 1708
8 1708
2 1708
750 762
749 762
147 152
362 371
263 264
436 442
441 442
387 389
13 5642
174 5642
53 5642
5050 5642
30 5642
4 5642
5618 5642
411 416
209 223
85 86
507 543
1327 1403
1341 1403
648 679
2440 2517
0 87
648 689
1 336
1 89
141 153
1348 1403
1958 1963
1944 1963
1938 2002
1896 2002
1994 2002
146 147
146 147
156 163
263 264
1510 1539
256 264
563 590
173 181
220 241
12 465
656 764
692 764
727 764
265 295
1632 1652
1623 1652
1951 1967
85 86
0 1110
5 1183
3 1183
1128 1183
843 876
387 389
1092 1124
1068 1124
0 1014
946 961
896 961
0 961
453 526
0 359
26 1130
208 257
1364 1386
810 842
1004 1042
251 257
2272 2403
2056 2403
2301 2403
103 106
372 375
36 617
268 270
268 270
338 340
299 327
356 380
509 518
586 587
584 587
370 384
396 424
263 264
690 699
1260 1317
1309 1317
1297 1317
117 120
0 594
0 538
0 603
15 1130
312 344
237 240
1119 1241
118 122
850 855
1888 1898
1889 1898
1887 1898
1889 1898
380 384
13 17
907 914
677 777
151 163
4667 4713
4636 4713
4699 4713
4078 4713
4698 4713
4472 4713
42 44
2106 2150
2071 2150
1 2150
0 2150
393 402
241 266
754 781
743 781
708 781
769 781
660 664
672 689
0 874
786 796
788 796
1396 1464
1405 1464
1450 1464
537 548
380 382
14 233
576 663
247 257
490 506
14 1012
228 257
584 626
348 371
711 782
3797 3816
3804 3816
3753 3816
3708 3816
3735 3816
3806 3816
3438 3816
338 340
1294 1347
1326 1347
146 149
517 554
327 364
312 364
275 295
13 435
675 695
3 1247
4 1247
382 423
903 914
238 265
614 631
629 631
185 186
507 518
166 171
481 511
409 431
14 2308
1 2308
2153 2303
25 2303
141 145
4 145
6 145
405 467
505 518
402 405
314 318
417 423
301 324
387 389
4 8726
8664 8726
8206 8726
8 8726
8495 8726
8586 8726
8258 8726
8392 8726
8717 8726
8724 8726
2 8726
58 8726
8443 8726
412 422
98 108
428 456
929 1036
918 1036
354 391
335 344
647 679
136 154
355 397
0 3066
8 3066
3050 3066
1203 1214
1181 1214
1519 1595
1506 1595
755 764
0 457
0 368
0 376
202 209
202 209
1 1191
0 1191
591 592
376 378
129 141
387 389
444 446
249 264
498 526
1091 1110
11418 12734
12188 12734
12733 12734
11698 12734
12624 12734
12513 12734
11627 12734
12611 12734
12417 12734
438 12734
22 12734
8 12734
11742 12734
11306 12734
12342 12734
348 12734
20 12734
12409 12734
202 203
2 89
608 653
274 295
0 841
0 441
381 384
849 876
1184 1264
1225 1264
1261 1264
2 404
4 1483
0 1110
562 590
565 590
255 264
105 107
10 1386
144 148
81 89
727 842
460 461
619 669
664 669
668 737
691 699
3 423
671 737
105 107
106 107
143 148
464 473
2317 2629
2482 2629
2473 2629
2588 2629
380 384
1586 1589
1557 1589
1559 1589
2 113
2641 2696
2659 2696
2413 2696
734 774
1 664
917 987
984 987
985 987
25 4344
4169 4344
4002 4344
4176 4344
3611 4344
3731 4344
4108 4344
214 222
596 626
1315 1376
1313 1376
1135 1376
1346 1376
555 558
678 680
668 680
229 234
166 177
166 177
380 384
435 441
427 441
351 376
1505 1511
1490 1511
1 522
520 522
153 169
22 737
1 664
465 479
2123 2238
2221 2238
2091 2238
1 2238
1066 1074
645 737
748 762
2459 2517
742 788
2299 2300
2273 2300
749 762
607 618
181 183
268 270
1 558
251 252
288 295
1567 1913
1868 1913
650 656
6 656
653 656
238 240
408 423
1 764
370 373
419 446
0 357
376 423
7 632
567 590
538 562
427 456
0 9
539 587
538 562
956 1014
710 774
0 404
509 567
2 1407
546 594
664 690
660 690
237 250
126 127
294 295
4 2725
14 2725
13 2725
6 2725
12 2725
394 442
406 442
511 518
500 508
12 269
267 269
37 38
5698 6094
11 6094
4 6094
7 6094
5960 6094
1319 1370
2726 2737
2501 2737
1359 1409
491 526
425 465
321 339
925 960
923 960
373 382
243 295
0 404
0 431
1485 1536
547 615
0 844
2 308
464 504
534 560
602 730
0 730
648 764
1600 1701
237 240
233 283
593 596
385 392
2125 2339
1 2339
273 303
450 461
549 563
3 438
101 122
16 980
941 980
781 845
576 665
4 378
325 352
861 889
876 889
185 189
400 431
741 751
490 526
1947 1955
1918 1955
1948 1955
1939 1955
1793 1955
1950 1955
109 9453
9331 9453
61 9453
8844 9453
9166 9453
70 9453
15 9453
116 9453
243 9453
118 9453
25 9453
117 9453
16 9453
40 9453
126 9453
3420 3604
3456 3604
37 3604
3485 3604
23 3604
2929 2982
2915 2982
2979 2982
2913 2982
2774 2982
5 1152
474 499
1 181
0 181
226 249
607 613
382 395
520 575
114 122
1065 1114
1097 1114
238 283
237 283
2 241
0 55
647 655
1804 1887
1867 1887
25 1887
7508 7512
7473 7512
7500 7512
7478 7512
6785 7512
7370 7512
7498 7512
6993 7512
6964 7512
7227 7512
7434 7512
7507 7512
7423 7512
7256 7512
7255 7512
309 328
10 623
1 106
73 82
3 305
176 196
134 151
1 439
318 328
1961 2031
35 4370
28 4370
20 4370
25 4370
14 4370
4083 4370
11 4370
10 4370
330 340
0 360
0 269
0 413
817 887
176 187
0 187
463 534
1522 1539
15 726
247 257
187 202
746 764
749 764
439 473
2 729
669 729
1 729
171 174
1 593
0 326
248 282
58 59
2 2849
50 2849
48 2849
27 2849
185 225
350 435
343 435
0 522
0 146
477 479
360 399
566 587
549 562
776 788
780 788
783 788
777 788
779 788
782 788
773 788
772 788
778 788
427 473
3 473
1489 1528
0 1528
48 1904
1806 1904
709 733
210 219
2334 2417
2416 2417
17 594
4 594
9 594
7 620
3 620
1 476
6 476
1 405
1581 1695
86 91
0 91
0 1223
2 1223
3 1223
467 479
313 328
5 1879
16 1879
4792 4834
10 4834
4806 4834
4831 4834
4297 4834
4349 4834
143 145
732 739
5 336
321 361
159 177
369 413
730 759
190 191
188 191
3 240
224 233
175 177
149 176
1 318
728 807
710 807
750 761
404 446
0 931
877 931
973 1074
9 812
239 287
721 764
1041 1043
2 857
0 922
0 558
6 558
213 279
129 173
117 130
466 617
4 617
1603 1707
1701 1707
3641 4275
3750 4275
4252 4275
4025 4275
4059 4275
1 1149
1065 1149
1082 1149
2950 2971
2953 2971
3 336
4 318
1020 1026
0 92
84 92
300 311
146 161
746 774
124 127
375 379
386 400
421 428
2 381
549 562
478 497
392 393
0 279
318 323
366 395
7 223
0 362
482 509
1 2434
627 716
2 388
213 233
470 484
476 484
476 484
1034 1075
1027 1075
1037 1075
1050 1075
0 118
2 114
813 844
794 844
289 306
1683 1742
1645 1742
1652 1742
433 441
626 655
680 764
437 509
3632 3737
3671 3737
2 3737
1 3737
496 562
2016 2181
0 338
0 40
323 379
402 405
441 474
87 98
1105 1143
0 368
690 699
0 343
6 126
1 1644
1643 1644
718 767
694 767
667 767
1 20
271 310
0 354
1 61
247 297
630 727
381 395
1567 1618
218 233
339 381
4 473
208 217
0 152
690 768
5 171
1 567
0 301
2 461
775 788
780 788
782 788
776 788
779 788
781 788
773 788
772 788
777 788
402 405
642 653
2 139
6 324
957 973
1232 1386
629 633
649 664
1486 1618
381 395
0 295
336 344
222 230
1998 2219
372 385
6 527
0 1926
5 1926
540 548
1 919
691 699
459 472
314 327
0 821
781 821
739 821
0 526
2 567
897 1012
2 1012
888 1012
548 562
7 739
235 266
201 227
0 241
625 635
379 391
0 177
0 407
429 435
502 535
8 527
352 371
361 371
2 240
6 57
269 297
260 262
338 361
1293 1312
73 84
257 287
504 509
582 585
492 592
769 812
2041 2339
261 290
0 948
1 948
413 448
966 973
1 360
388 389
1594 1646
1 2101
1978 2101
8 2101
2045 2101
849 876
393 472
241 265
753 777
3 502
1 137
174 209
2 144
163 183
0 370
127 135
115 120
916 962
667 721
105 114
2816 3218
1703 1747
200 231
1037 1110
132 153
273 290
376 397
316 325
299 319
359 382
35 5267
12 5267
9 5267
25 5267
72 5267
40 5267
36 5267
57 5267
18 5267
32 5267
5 5267
10 5267
29 5267
30 5267
878 1034
1004 1034
44 2191
14 2191
5 247
4 247
19 1416
34 1027
2 319
1 1042
3 384
0 163
0 127
471 484
3 900
9 544
2 265
3 368
2 930
2214 2416
2217 2416
2188 2416
813 919
398 407
0 382
0 247
205 233
5 1183
6 1183
1120 1183
1099 1185
350 382
331 340
3403 3763
1 3763
176 177
459 477
137 141
216 242
1 295
4 295
2 395
562 615
1 308
2 1695
452 511
208 227
253 257
2177 2339
371 395
317 359
745 761
234 257
167 176
302 336
187 195
357 365
238 240
221 230
179 196
323 338
1103 1116
1101 1116
8 1124
0 300
1611 1623
868 906
50 57
1 188
1035 1057
0 233
673 721
314 318
729 735
692 699
5 446
268 310
0 165
426 465
939 1130
661 679
3 392
319 348
1887 1898
1888 1898
0 472
945 950
949 950
925 950
190 191
9 1695
320 324
266 282
10 861
1649 1695
318 360
930 960
346 388
1552 1701
452 453
451 453
240 247
1 461
294 295
993 1042
498 549
256 319
1034 1110
2248 2517
787 866
1 866
112 141
1 387
1 48
1714 1791
1689 1791
28 511
259 275
264 286
406 423
147 191
849 950
505 509
0 861
327 364
312 364
373 378
3496 3651
329 364
310 364
269 298
654 679
30 654
176 177
601 605
356 392
357 392
490 569
0 43
388 414
268 272
311 327
1913 2050
1822 2050
9 2050
574 617
0 927
16 1268
2 1268
12 1268
2 1413
147 157
272 317
761 790
749 790
766 812
1031 1077
571 584
28 562
1337 1360
1629 1695
373 405
571 587
126 127
7 1592
1 1592
3 1719
2 1719
1 1719
547 548
508 548
189 195
335 352
0 1043
2669 2703
2672 2703
2689 2703
2653 2703
1100 1165
392 395
2 1323
4 1323
1 1323
13 1323
3 1323
111 118
141 165
595 663
418 451
1398 1536
1516 1526
1463 1526
1519 1526
0 116
296 327
2 587
116 139
3 325
1127 1288
0 116
221 240
211 217
652 712
1221 1386
2329 2339
2454 2517
19 381
0 284
161 183
281 295
0 2517
1946 2339
464 465
0 247
2342 2517
0 55
270 281
222 247
1341 1360
418 461
3516 3761
570 590
0 594
318 378
1494 1539
2 108
173 4338
16 1552
147 152
5 646
9 306
656 657
646 657
967 1042
416 421
1035 1042
214 222
1007 1034
262 270
1008 1104
0 486
485 502
56 57
776 816
2162 2365
5 1074
0 187
2213 2236
2205 2236
2181 2236
0 2236
402 405
1042 1110
482 497
208 222
117 120
0 151
0 1392
0 230
85 86
75 78
2151 2339
8 9
1003 1021
306 318
0 308
3 279
745 762
87 88
1 721
5 1027
494 500
1 89
0 86
154 159
709 733
692 725
0 276
481 497
1115 1130
442 456
584 654
750 777
52 53
325 340
467 475
2 142
643 694
40 41
83 90
586 588
585 588
579 588
211 214
66 67
567 588
1 327
0 342
0 588
190 193
151 161
0 90
562 588
40 41
301 322
3 718
135 142
531 567
560 588
8 113
0 120
573 588
477 567
12 588
583 588
444 483
585 588
190 218
586 588
251 282
273 282
554 588
203 218
323 327
23 24
268 274
257 274
199 214
0 142
79 90
79 90
0 228
541 567
224 229
533 567
330 343
216 228
299 327
38 43
343 386
650 694
200 228
0 475
573 588
445 475
804 946
1 475
529 567
419 457
287 327
1 483
309 343
109 116
444 475
1 228
318 342
297 327
508 560
216 229
98 99
560 588
38 43
5 43
1 168
3 141
464 483
15 16
578 588
0 386
325 334
1 588
2 588
4 588
2 588
1 90
578 588
251 271
587 588
4 386
56 67
516 560
322 342
450 454
583 588
556 588
191 211
659 694
2 694
207 228
307 327
587 588
709 752
50 53
221 229
579 588
37 41
373 374
315 334
2 588
1 475
1 110
228 229
55 58
583 588
0 142
145 153
283 334
110 116
115 118
587 588
2 386
303 327
135 142
211 228
2 156
13 588
536 588
1 327
327 343
4 153
18 475
1 588
98 99
558 588
1 588
544 574
640 694
0 90
662 694
0 56
500 560
321 342
293 322
1 752
587 588
294 327
189 193
381 454
0 342
66 67
0 327
565 588
0 229
0 342
66 67
19 2673
195 211
445 483
323 327
227 228
32 33
854 962
1517 1539
0 125
0 120
68 80
0 816
0 554
1 176
401 406
0 66
420 473
0 977
0 844
0 290
471 502
87 88
1 275
144 147
445 515
0 1205
1339 1403
1662 1695
566 605
599 605
1325 1347
1281 1347
1501 1516
0 295
462 473
0 59
974 1021
767 788
217 228
1097 1110
87 88
0 768
405 476
336 337
329 340
1649 1695
126 127
0 308
375 378
1 241
4 452
0 284
1 1900
0 1900
2806 3101
0 3101
4 6
202 218
650 664
0 158
406 423
919 951
950 951
540 623
382 399
1511 1577
263 278
199 214
2040 2150
2066 2150
142 145
2 404
0 1074
317 336
0 362
4 594
0 216
399 439
492 527
1362 1386
0 639
743 762
1 625
0 625
0 725
0 395
0 1036
997 1042
364 393
1473 1539
357 368
1474 1539
101 117
579 632
1022 1042
0 518
1 567
431 452
2 1071
334 347
0 303
0 120
268 270
2042 2237
2232 2237
2199 2237
2145 2237
1 2237
196 233
12 1552
0 409
0 1230
2 1230
851 853
388 400
0 126
444 446
808 857
937 973
1 274
0 274
1 3390
3197 3390
2 3390
3 3390
0 584
806 890
609 626
204 216
0 1346
0 247
247 287
75 79
0 196
186 191
7055 7353
7348 7353
6362 7353
7024 7353
7241 7353
8 7353
7100 7353
7264 7353
7351 7353
6512 7353
7288 7353
6888 7353
7320 7353
6821 7353
7136 7353
1 7353
135 141
2342 2466
2377 2466
2422 2466
2325 2466
1373 1456
10515 10604
10544 10604
10595 10604
9457 10604
10526 10604
10592 10604
10225 10604
9858 10604
10560 10604
10550 10604
0 10604
10248 10604
10349 10604
9549 10604
10030 10604
10173 10604
1639 1655
1633 1655
0 407
1143 1162
1137 1162
1128 1162
1134 1162
468 479
588 623
0 87
529 564
357 391
0 295
0 590
500 508
1667 1695
43 47
770 788
779 788
780 788
772 788
776 788
785 788
778 788
766 788
774 788
222 230
665 739
420 436
1651 1695
0 247
596 626
566 567
114 115
0 48
310 344
641 684
570 764
564 582
988 1072
1812 1862
1755 1862
357 369
870 876
0 625
218 233
924 937
931 937
862 937
0 230
1 421
267 272
198 218
797 812
806 826
1 919
804 887
1 1072
2158 2339
921 958
907 958
1468 1623
138 141
783 792
803 811
0 2330
4 2330
4 247
801 974
117 120
0 182
405 423
0 1967
0 30
380 384
502 549
1122 1153
0 497
184 188
447 498
155 157
144 157
2326 2339
1 950
56 57
0 135
448 473
0 962
439 448
0 163
377 414
1034 1161
1 1161
2 1161
0 117
0 96
1348 1403
0 1346
1 139
1092 1110
469 473
2 318
0 318
669 700
160 162
1822 1967
1481 1539
1444 1539
100 106
5 5662
1 5662
4 5662
2 5662
3 5662
1490 1536
1445 1536
607 625
2443 2565
2426 2565
2499 2565
2216 2565
2510 2565
2466 2565
1746 1747
383 384
171 183
1214 1249
1229 1249
0 87
762 812
721 746
2107 2128
1969 2128
2072 2128
469 473
0 67
117 124
149 178
0 764
345 379
2366 2396
0 2396
1 2396
879 890
880 890
871 890
0 38
2144 2407
2240 2407
2320 2407
2091 2407
692 735
574 581
536 581
2 385
1 385
18 615
124 139
633 641
437 448
1031 1064
1063 1064
2124 2225
81 89
0 941
64 89
1273 1419
420 452
74 80
519 554
0 89
1293 1294
1214 1294
358 381
1934 1948
1947 1948
1945 1948
1939 1948
919 962
416 448
1 352
135 137
4 594
1609 1708
0 1708
268 287
0 25
807 816
601 626
82 90
2029 2339
0 1536
218 233
64 69
311 319
784 796
444 446
493 527
0 142
337 369
145 153
584 590
0 385
405 413
2 446
2189 2395
2174 2395
373 404
462 592
2064 2163
2035 2163
2124 2163
44 55
188 191
2229 2423
2305 2423
2420 2423
333 344
189 196
445 452
1372 1403
1122 1205
0 1205
953 1014
288 294
436 448
85 86
0 395
833 844
833 844
0 303
1333 1360
702 812
101 107
0 562
471 479
445 467
1727 1733
1690 1733
1714 1733
75 80
685 739
408 446
220 247
386 389
1 733
202 215
241 295
1 431
169 175
129 130
185 187
111 135
0 284
362 371
288 330
1646 1724
1 1724
1555 1724
492 549
898 919
1096 1139
0 896
1 896
3 437
0 103
251 264
0 261
227 264
636 648
1519 1577
1439 1501
1472 1501
1457 1501
566 617
1602 1618
281 285
459 504
114 115
47 48
241 247
728 737
0 223
497 509
302 311
572 594
465 477
341 345
2 733
744 789
716 789
568 605
1661 1747
338 347
1506 1511
1496 1511
0 362
146 147
285 307
138 139
137 139
352 382
1738 1766
774 788
779 788
782 788
771 788
778 788
780 788
773 788
769 788
770 788
690 694
682 694
305 307
171 174
356 371
1015 1077
527 537
6 178
102 103
275 290
3129 3159
3088 3159
3096 3159
1300 1331
3 50
7 716
500 508
1905 1909
1891 1909
1900 1909
1492 1618
1533 1618
0 384
1 384
0 102
92 94
0 585
423 474
506 535
224 261
294 295
157 169
147 148
166 183
851 876
2 733
1 1787
1751 1787
1785 1787
538 617
0 1553
6 1553
461 504
1 343
556 632
113 127
500 504
1071 1083
63 65
1012 1144
161 178
5 172
3 240
390 431
915 919
474 498
0 1618
1465 1475
350 368
24 26
1865 1965
24 1965
2 1965
7 1965
4 1965
12 1965
122 125
171 175
48 55
343 379
0 229
2 229
212 230
899 1042
336 344
320 323
714 746
870 876
468 479
404 406
487 504
162 171
552 575
754 764
1826 1913
1806 1913
1037 1057
244 269
0 173
328 344
0 772
199 242
1636 1695
1658 1695
380 382
719 764
168 175
90 94
0 811
366 394
1 1287
164 176
137 139
267 310
331 360
220 230
2 811
336 381
7 1129
1094 1129
1074 1129
519 638
1066 1071
1227 1410
1402 1410
1408 1410
0 811
485 497
31 37
281 285
302 305
220 256
1 360
231 233
604 623
924 1061
246 260
428 452
552 563
590 592
2 144
297 327
0 617
336 337
361 362
5911 5976
5542 5976
5958 5976
5472 5976
15 5976
5972 5976
5486 5976
5892 5976
5879 5976
1049 1075
360 379
645 661
160 162
2263 2517
7 431
94 100
0 1386
788 850
459 511
402 405
1093 1102
0 1102
353 370
183 196
1 361
830 841
696 698
106 124
0 290
217 218
429 439
213 229
0 349
76 89
0 360
326 333
326 333
466 526
120 122
0 412
188 196
5 874
1 247
884 896
261 338
1 338
104 142
1777 1779
1702 1779
1746 1779
1709 1779
1180 1238
870 876
1800 1853
1839 1853
1799 1853
54 592
543 564
162 173
1471 1539
140 158
776 812
582 584
302 328
242 262
5 816
95 99
704 796
359 404
134 146
343 345
421 464
224 228
240 274
838 919
500 502
1078 1110
110 122
439 446
480 518
135 141
514 585
560 561
2741 2808
1332 1357
80 1416
2 204
9 100
7 563
0 564
460 473
958 1110
1 339
268 327
1 308
270 295
1 587
663 777
557 558
147 149
189 209
238 279
910 962
1 3095
2 3095
3 3095
1489 1617
1 1617
1484 1617
44 1617
316 318
324 327
1693 1767
1708 1767
1753 1767
1681 1767
238 240
984 1071
469 522
0 1618
433 465
426 465
445 465
