14 384
373 375
1 392
2 576
0 576
8 776
0 776
0 511
117 2287
106 2287
10 745
5 745
7 914
0 338
0 448
0 691
34 691
0 183
94 914
25 1155
1148 1155
88 1155
5 1155
4 1155
1365 1370
16 1623
7387 7389
7379 7389
39 7389
7 7389
109 7389
7378 7389
287 7389
2 7389
18 7389
7040 7389
7144 7389
22 2339
3 615
1238 1288
172 176
1258 1265
11 1265
101 1265
12 150
0 79
0 1983
187 1983
6 1983
12 1983
2 269
393 397
4 1208
2 1208
138 1208
1470 1474
236 240
0 448
3 558
2 1113
0 1113
1 79
300 305
399 400
383 388
9 590
41 1483
2 152
2 152
21 796
25 1536
0 805
24 276
8 328
1265 1267
1266 1267
1257 1267
6 1267
1264 1267
0 522
10 198
2 1013
1 1013
2 152
23 1303
62 1008
24 1008
7 327
558 562
1 737
1 737
1 264
0 175
0 44
1 89
1770 1913
30 1913
1528 1539
972 973
851 855
299 301
29 7645
8 7645
7644 7645
421 7645
65 7645
7638 7645
7643 7645
7639 7645
7642 7645
9 7645
2 7645
7602 7645
453 7645
7563 7645
322 7645
7587 7645
93 7645
410 7645
373 7645
7621 7645
9232 9306
1 9306
9191 9306
9295 9306
9297 9306
12 9306
9305 9306
9304 9306
9194 9306
232 9306
6 9306
9302 9306
9256 9306
128 9306
9303 9306
326 9306
127 9306
15 9306
3733 3760
12 3760
3758 3760
3759 3760
3750 3760
3736 3760
3734 3760
3757 3760
685 689
3 295
1409 1454
1443 1454
3 1454
2 1454
625 626
4 203
404 405
793 794
7 794
843 844
51 657
1109 1110
3 150
0 1071
0 812
0 812
0 422
891 896
394 395
2 2339
0 135
5 324
4 721
4 79
202 204
2 811
1 368
0 380
0 380
1 384
1 152
0 98
4 68
5 446
0 777
4 777
3 884
13 884
1513 1514
14 876
2 348
0 169
31 663
662 663
300 303
238 240
439 441
1471 1474
0 733
1 1077
1 404
0 973
136 138
3 1618
4 567
15 876
169 176
0 2150
2105 2150
10 876
1 311
0 1597
5 1597
13 1597
1572 1597
612 618
0 98
182 184
15 776
5 776
496 497
56 57
7 392
667 670
4 670
5 392
0 511
2 247
0 876
0 344
937 965
16 1539
4 509
214 215
171 176
4 215
15 215
1385 1386
278 283
50 764
464 465
790 792
442 10782
33 10782
10661 10782
3 10782
10390 10782
178 10782
277 10782
76 10782
8 10782
7 10782
10501 10782
10776 10782
10777 10782
10766 10782
10696 10782
56 10782
16 10782
26 10782
10517 10782
10579 10782
13 10782
586 10782
20 10782
10762 10782
10501 10782
116 10782
0 224
9 767
3 144
20 540
20 2510
13 2510
36 269
5 269
5 1269
0 1269
11 919
2 782
0 448
0 931
1 931
1 247
2 89
2031 2038
4 2038
12 2038
0 446
57 737
1893 1898
1892 1898
25 584
1355 1360
3 2257
6 2257
1688 1695
92 2339
1067 1072
0 746
20 746
1 2150
28 2150
14 3410
33 3410
3403 3410
5 746
71 2150
2106 2150
760 764
7 746
428 456
585 590
8 2449
2448 2449
187 191
1 777
5 266
27 1027
0 976
41 976
6 3000
2958 3000
5 3000
86 3000
4 3000
155 3000
4 202
0 456
754 777
20 381
8 295
184 186
440 441
0 94
16 68
20 287
239 240
70 142
239 240
8 655
9 1197
7 2831
5 2831
2 2831
3 2831
0 1331
4209 4210
4137 4210
37 4210
4190 4210
9 4210
230 4210
5 4210
15 4210
4206 4210
218 4210
58 4210
4 20
205 209
0 677
1 677
0 1547
6 1547
887 888
884 888
342 344
404 413
3 1012
0 1012
1 1012
27 269
0 467
18 504
1072 1110
0 585
2097 2128
2098 2128
73 2128
7 960
1437 1483
1534 1536
1533 1536
1107 1110
0 1069
8 1069
1068 1069
1010 1014
802 811
2 1110
422 423
0 93
10 183
22 384
2 724
3 2375
14 2375
15 2375
177 178
781 788
779 788
782 788
778 788
783 788
4 788
759 788
780 788
777 788
0 203
1 226
2 4949
4845 4949
11 4949
4 4949
4890 4949
38 4949
65 4949
116 120
23 2150
2006 2150
2069 2150
649 653
686 689
9 2955
2 2955
8 2955
4 2955
2910 2955
197 2955
1 2955
4 1695
434 439
434 439
223 225
14 2163
4 2163
360 13875
13453 13875
8 13875
5 13875
6 13875
20 13875
593 13875
13463 13875
98 13875
281 13875
13165 13875
13741 13875
13811 13875
13862 13875
6 2339
4 222
2 150
10 1164
2 1164
8 1164
0 2347
1 2347
2 2347
4 2347
631 633
5 384
3113 3126
135 3126
172 3126
3059 3126
9 3126
3083 3126
3097 3126
1067 1078
1077 1078
11 1078
0 267
0 1926
511 526
811 812
847 858
2 5657
12 5657
0 5657
3 5657
8 5657
4 5657
28 5657
5632 5657
1039 1042
422 423
0 218
25 172
48 1307
53 1021
15 384
399 400
237 240
33 247
166 176
0 247
6 124
23 618
1 247
55 1708
20 1708
28 1708
10 1708
26 762
14 762
2 152
366 371
263 264
438 442
441 442
387 389
20 5642
11 5642
50 5642
96 5642
24 5642
7 5642
5623 5642
411 416
1 223
85 86
22 543
0 1403
0 1403
676 679
1 2517
0 87
672 689
4 336
0 89
8 153
13 1403
1962 1963
1952 1963
2 2002
0 2002
2000 2002
146 147
146 147
158 163
263 264
0 1539
7 264
7 590
0 181
230 241
22 465
46 764
67 764
759 764
17 295
1648 1652
1647 1652
1966 1967
85 86
0 1110
1 1183
0 1183
2 1183
3 876
1 389
0 1124
5 1124
6 1014
0 961
2 961
4 961
0 526
0 359
9 1130
0 257
1384 1386
7 842
1009 1042
2 257
2385 2403
14 2403
2350 2403
105 106
374 375
9 617
265 270
269 270
339 340
29 327
0 380
492 518
586 587
569 587
0 384
0 424
263 264
0 699
1276 1317
1316 1317
0 1317
3 120
5 594
0 538
0 603
20 1130
2 344
237 240
2 1241
121 122
817 855
1882 1898
1896 1898
11 1898
41 1898
8 384
0 17
897 914
5 777
160 163
4607 4713
4639 4713
4705 4713
306 4713
4706 4713
0 4713
0 44
2121 2150
2126 2150
1 2150
3 2150
382 402
258 266
1 781
16 781
0 781
10 781
663 664
686 689
0 874
789 796
794 796
53 1464
189 1464
23 1464
547 548
380 382
2 233
2 663
255 257
3 506
6 1012
17 257
45 626
0 371
40 782
0 3816
3815 3816
3664 3816
247 3816
99 3816
3809 3816
78 3816
339 340
27 1347
8 1347
142 149
540 554
47 364
41 364
15 295
58 435
16 695
4 1247
7 1247
2 423
890 914
0 265
18 631
630 631
183 186
502 518
160 171
23 511
27 431
9 2308
0 2308
83 2303
0 2303
10 145
2 145
13 145
1 467
517 518
403 405
315 318
1 423
8 324
387 389
14 8726
8719 8726
84 8726
8 8726
549 8726
8717 8726
258 8726
8621 8726
8723 8726
8722 8726
1 8726
5 8726
0 8726
413 422
101 108
442 456
0 1036
1 1036
43 391
0 344
677 679
12 154
25 397
1 3066
3 3066
3056 3066
3 1214
69 1214
3 1595
149 1595
762 764
0 457
0 368
0 376
0 209
205 209
2 1191
0 1191
591 592
377 378
70 141
383 389
444 446
260 264
6 526
1 1110
1068 12734
14 12734
12733 12734
21 12734
12720 12734
135 12734
555 12734
27 12734
52 12734
50 12734
30 12734
26 12734
189 12734
94 12734
295 12734
123 12734
114 12734
430 12734
202 203
1 89
6 653
13 295
0 841
0 441
383 384
875 876
22 1264
1223 1264
49 1264
0 404
3 1483
0 1110
1 590
11 590
1 264
106 107
4 1386
147 148
0 89
35 842
460 461
10 669
667 669
3 737
0 699
3 423
1 737
106 107
106 107
138 148
17 473
9 2629
10 2629
2 2629
2577 2629
14 384
1584 1589
1580 1589
1535 1589
4 113
2685 2696
2695 2696
0 2696
767 774
1 664
948 987
984 987
986 987
17 4344
4277 4344
2 4344
5 4344
0 4344
7 4344
158 4344
7 222
597 626
15 1376
1 1376
12 1376
3 1376
6 558
679 680
8 680
233 234
172 177
14 177
383 384
4 441
434 441
2 376
1454 1511
1433 1511
0 522
521 522
0 169
1 737
2 664
473 479
6 2238
2236 2238
9 2238
1 2238
51 1074
4 737
757 762
7 2517
21 788
2299 2300
2279 2300
757 762
17 618
11 183
267 270
3 558
251 252
276 295
3 1913
212 1913
655 656
1 656
654 656
239 240
1 423
53 764
372 373
424 446
2 357
2 423
1 632
553 590
556 562
5 456
0 9
293 587
559 562
27 1014
22 774
0 404
550 567
3 1407
89 594
6 690
673 690
9 250
126 127
294 295
16 2725
38 2725
40 2725
26 2725
22 2725
29 442
1 442
488 518
501 508
2 269
262 269
0 38
57 6094
47 6094
14 6094
16 6094
69 6094
1368 1370
2730 2737
8 2737
1377 1409
501 526
26 465
327 339
6 960
8 960
371 382
27 295
0 404
3 431
7 1536
3 615
0 844
0 308
5 504
7 560
0 730
1 730
2 764
2 1701
239 240
16 283
595 596
5 392
55 2339
1 2339
1 303
2 461
11 563
12 438
1 122
32 980
39 980
834 845
29 665
10 378
348 352
880 889
3 889
12 189
0 431
747 751
10 526
1954 1955
1916 1955
1952 1955
1951 1955
107 1955
1953 1955
82 9453
838 9453
78 9453
36 9453
245 9453
136 9453
0 9453
61 9453
30 9453
86 9453
71 9453
77 9453
15 9453
42 9453
220 9453
84 3604
68 3604
73 3604
3478 3604
16 3604
2975 2982
2949 2982
2979 2982
2974 2982
52 2982
11 1152
497 499
0 181
1 181
8 249
36 613
394 395
571 575
14 122
10 1114
2 1114
18 283
19 283
2 241
3 55
654 655
68 1887
1883 1887
33 1887
7507 7512
7470 7512
7505 7512
291 7512
4 7512
7490 7512
7510 7512
57 7512
12 7512
576 7512
7487 7512
7506 7512
7454 7512
18 7512
7486 7512
322 328
9 623
3 106
3 82
1 305
195 196
145 151
9 439
313 328
1997 2031
93 4370
85 4370
66 4370
80 4370
41 4370
113 4370
40 4370
38 4370
27 340
0 360
0 269
0 413
872 887
1 187
6 187
2 534
4 1539
40 726
255 257
198 202
0 764
1 764
11 473
15 729
12 729
11 729
173 174
2 593
1 326
8 282
58 59
2 2849
88 2849
5 2849
44 2849
0 225
412 435
422 435
0 522
0 146
478 479
10 399
1 587
26 562
778 788
784 788
783 788
781 788
782 788
771 788
772 788
779 788
780 788
21 473
12 473
74 1528
0 1528
50 1904
87 1904
25 733
214 219
97 2417
2396 2417
31 594
9 594
16 594
1 620
0 620
2 476
15 476
0 405
19 1695
2 91
3 91
1 1223
0 1223
3 1223
476 479
327 328
10 1879
1 1879
4806 4834
4 4834
4823 4834
4833 4834
6 4834
8 4834
9 145
721 739
4 336
7 361
5 177
38 413
21 759
190 191
188 191
16 240
3 233
174 177
1 176
2 318
4 807
17 807
0 761
1 446
0 931
1 931
0 1074
15 812
6 287
6 764
1042 1043
3 857
3 922
1 558
12 558
19 279
19 173
126 130
2 617
3 617
39 1707
1702 1707
182 4275
62 4275
6 4275
4163 4275
4208 4275
0 1149
24 1149
1097 1149
2949 2971
2955 2971
1 336
2 318
1025 1026
0 92
90 92
35 311
158 161
772 774
125 127
377 379
391 400
426 428
0 381
560 562
0 497
392 393
2 279
322 323
13 395
18 223
0 362
9 509
3 2434
112 716
2 388
225 233
0 484
483 484
475 484
6 1075
16 1075
1044 1075
1066 1075
4 118
5 114
9 844
823 844
0 306
1 1742
0 1742
2 1742
430 441
648 655
54 764
77 509
3697 3737
1 3737
4 3737
2 3737
14 562
2111 2181
0 338
0 40
1 379
404 405
1 474
2 98
1140 1143
7 368
5 699
0 343
10 126
0 1644
1643 1644
0 767
1 767
34 767
4 20
291 310
2 354
0 61
17 297
48 727
28 395
60 1618
232 233
0 381
10 473
12 217
2 152
58 768
14 171
0 567
0 301
0 461
776 788
784 788
785 788
778 788
781 788
765 788
756 788
777 788
779 788
390 405
651 653
15 139
3 324
949 973
44 1386
632 633
652 664
1591 1618
6 395
0 295
342 344
227 230
1109 2219
2 385
10 527
0 1926
0 1926
546 548
0 919
691 699
463 472
318 327
0 821
1 821
2 821
0 526
7 567
27 1012
2 1012
0 1012
2 562
33 739
0 266
223 227
0 241
605 635
358 391
2 177
3 407
428 435
25 535
15 527
0 371
1 371
3 240
12 57
290 297
1 262
23 361
1293 1312
83 84
282 287
19 509
583 585
583 592
39 812
29 2339
286 290
0 948
1 948
9 448
27 973
6 360
384 389
1629 1646
5 2101
0 2101
2 2101
10 2101
6 876
8 472
10 265
12 777
8 502
7 137
196 209
2 144
177 183
0 370
16 135
3 120
95 962
702 721
111 114
5 3218
12 1747
0 231
3 1110
0 153
1 290
1 397
10 325
312 319
368 382
47 5267
30 5267
24 5267
23 5267
147 5267
38 5267
65 5267
145 5267
12 5267
8 5267
15 5267
0 5267
26 5267
76 5267
6 1034
0 1034
37 2191
5 2191
11 247
8 247
59 1416
87 1027
5 319
3 1042
8 384
3 163
0 127
0 484
7 900
2 544
10 265
6 368
4 930
6 2416
4 2416
7 2416
877 919
405 407
0 382
0 247
5 233
0 1183
1 1183
20 1183
1 1185
0 382
1 340
2 3763
5 3763
176 177
469 477
140 141
20 242
0 295
3 295
2 395
12 615
2 308
1 1695
17 511
1 227
252 257
4 2339
4 395
0 359
0 761
246 257
175 176
7 336
191 195
356 365
239 240
226 230
7 196
3 338
1082 1116
7 1116
4 1124
0 300
70 1623
59 906
0 57
0 188
9 1057
0 233
711 721
313 318
16 735
1 699
2 446
0 310
0 165
460 465
28 1130
81 679
5 392
7 348
4 1898
38 1898
5 472
946 950
949 950
943 950
189 191
23 1695
321 324
2 282
6 861
38 1695
10 360
944 960
381 388
1 1701
452 453
451 453
246 247
1 461
294 295
19 1042
18 549
6 319
6 1110
5 2517
3 866
2 866
137 141
3 387
2 48
1768 1791
0 1791
14 511
5 275
4 286
1 423
0 191
6 950
501 509
0 861
16 364
18 364
372 378
3525 3651
2 364
4 364
0 298
675 679
3 654
176 177
27 605
5 392
6 392
14 569
0 43
410 414
266 272
6 327
183 2050
18 2050
9 2050
586 617
0 927
24 1268
9 1268
13 1268
12 1413
78 157
5 317
34 790
394 790
4 812
1073 1077
578 584
13 562
1348 1360
6 1695
27 405
1 587
126 127
23 1592
1 1592
5 1719
1 1719
3 1719
547 548
2 548
194 195
342 352
1 1043
32 2703
31 2703
3 2703
4 2703
74 1165
11 395
2 1323
3 1323
1 1323
15 1323
5 1323
0 118
163 165
0 663
8 451
1 1536
0 1526
1 1526
13 1526
1 116
17 327
1 587
2 139
2 325
1263 1288
0 116
3 240
1 217
71 712
26 1386
2336 2339
16 2517
14 381
4 284
178 183
13 295
0 2517
14 2339
15 465
0 247
0 2517
0 55
0 281
0 247
1359 1360
45 461
3709 3761
55 590
5 594
41 378
1538 1539
8 108
250 4338
100 1552
2 152
23 646
4 306
656 657
655 657
11 1042
416 421
1038 1042
2 222
1030 1034
5 270
5 1104
0 486
498 502
55 57
5 816
24 2365
12 1074
0 187
2233 2236
2230 2236
2221 2236
0 2236
403 405
1066 1110
23 497
215 222
119 120
0 151
1 1392
0 230
1 86
76 78
2294 2339
8 9
981 1021
316 318
1 308
32 279
756 762
87 88
5 721
28 1027
493 500
1 89
2 86
157 159
65 733
721 725
1 276
2 497
1118 1130
452 456
0 654
776 777
52 53
4 340
470 475
0 142
3 694
40 41
1 90
586 588
586 588
21 588
213 214
66 67
0 588
1 327
0 342
2 588
191 193
2 161
6 90
3 588
40 41
13 322
3 718
2 142
9 567
12 588
3 113
0 120
578 588
11 567
39 588
587 588
0 483
587 588
6 218
586 588
0 282
0 282
15 588
27 218
318 327
23 24
273 274
0 274
2 214
1 142
0 90
10 90
0 228
5 567
1 229
17 567
340 343
1 228
1 327
1 43
4 386
1 694
9 228
0 475
7 588
25 475
26 946
1 475
2 567
1 457
2 327
0 483
10 343
0 116
0 475
7 228
2 342
1 327
23 560
15 229
98 99
0 588
42 43
7 43
0 168
3 141
18 483
0 16
1 588
0 386
2 334
2 588
3 588
2 588
3 588
0 90
32 588
0 271
4 588
7 386
0 67
25 560
11 342
453 454
586 588
571 588
1 211
25 694
12 694
9 228
18 327
24 588
7 752
5 53
228 229
5 588
37 41
5 374
35 334
10 588
1 475
3 110
228 229
55 58
582 588
0 142
11 153
1 334
113 116
117 118
22 588
3 386
3 327
137 142
18 228
6 156
3 588
1 588
1 327
337 343
9 153
20 475
1 588
98 99
1 588
0 588
14 574
1 694
1 90
6 694
2 56
18 560
2 342
18 322
0 752
3 588
31 327
3 193
5 454
0 342
65 67
0 327
8 588
1 229
0 342
66 67
80 2673
0 211
1 483
326 327
17 228
4 33
4 962
0 1539
0 125
0 120
76 80
1 816
0 554
3 176
2 406
0 66
4 473
0 977
0 844
1 290
20 502
87 88
1 275
144 147
4 515
1 1205
0 1403
0 1695
7 605
601 605
26 1347
10 1347
1482 1516
0 295
467 473
0 59
47 1021
7 788
226 228
1 1110
86 88
0 768
1 476
336 337
339 340
1650 1695
126 127
0 308
2 378
0 241
8 452
0 284
2 1900
0 1900
1 3101
0 3101
1 6
4 218
34 664
0 158
0 423
941 951
950 951
0 623
0 399
73 1577
2 278
1 214
37 2150
8 2150
0 145
2 404
0 1074
20 336
0 362
4 594
0 216
425 439
2 527
1383 1386
0 639
751 762
0 625
1 625
0 725
0 395
0 1036
16 1042
372 393
1537 1539
9 368
11 1539
8 117
1 632
5 1042
1 518
6 567
1 452
0 1071
338 347
1 303
0 120
266 270
1 2237
2236 2237
2232 2237
2159 2237
0 2237
0 233
140 1552
0 409
0 1230
2 1230
851 853
1 400
0 126
445 446
24 857
0 973
0 274
1 274
2 3390
19 3390
5 3390
4 3390
0 584
48 890
614 626
7 216
0 1346
0 247
4 287
4 79
0 196
188 191
39 7353
7337 7353
37 7353
404 7353
77 7353
15 7353
51 7353
156 7353
7345 7353
693 7353
7285 7353
17 7353
7338 7353
153 7353
7326 7353
16 7353
140 141
2421 2466
2462 2466
2437 2466
2448 2466
1449 1456
10459 10604
70 10604
10578 10604
2 10604
5 10604
10603 10604
221 10604
265 10604
10402 10604
10463 10604
0 10604
8 10604
10326 10604
14 10604
31 10604
10299 10604
1638 1655
1642 1655
0 407
1137 1162
1124 1162
2 1162
90 1162
478 479
6 623
0 87
540 564
4 391
0 295
2 590
1 508
102 1695
0 47
784 788
776 788
783 788
780 788
782 788
5 788
9 788
781 788
779 788
228 230
0 739
434 436
7 1695
0 247
623 626
565 567
114 115
1 48
6 344
8 684
81 764
0 582
127 1072
15 1862
0 1862
3 369
16 876
0 625
227 233
1 937
0 937
4 937
0 230
1 421
270 272
0 218
804 812
808 826
0 919
4 887
1 1072
37 2339
948 958
1 958
13 1623
140 141
790 792
42 811
0 2330
2 2330
1 247
13 974
3 120
0 182
6 423
0 1967
0 30
4 384
1 549
1152 1153
0 497
14 188
38 498
152 157
14 157
2338 2339
1 950
56 57
2 135
5 473
0 962
0 448
0 163
7 414
9 1161
0 1161
3 1161
1 117
1 96
0 1403
0 1346
1 139
92 1110
472 473
43 318
0 318
1 700
0 162
10 1967
7 1539
0 1539
0 106
1 5662
0 5662
7 5662
9 5662
11 5662
34 1536
5 1536
31 625
36 2565
24 2565
21 2565
6 2565
8 2565
5 2565
1746 1747
382 384
0 183
1232 1249
1248 1249
0 87
10 812
743 746
9 2128
16 2128
11 2128
472 473
1 67
123 124
167 178
0 764
0 379
1 2396
0 2396
2 2396
11 890
17 890
9 890
0 38
1 2407
2 2407
7 2407
8 2407
725 735
1 581
0 581
5 385
6 385
8 615
1 139
635 641
0 448
0 1064
1063 1064
5 2225
5 89
0 941
0 89
0 1419
0 452
0 80
20 554
0 89
1291 1294
17 1294
8 381
1891 1948
1947 1948
1944 1948
1946 1948
3 962
7 448
1 352
136 137
2 594
1 1708
0 1708
286 287
0 25
808 816
624 626
1 90
15 2339
0 1536
2 233
3 69
0 319
4 796
445 446
0 527
4 142
5 369
18 153
25 590
0 385
206 413
2 446
0 2395
2 2395
402 404
295 592
30 2163
15 2163
2123 2163
3 55
14 191
12 2423
0 2423
2412 2423
333 344
1 196
450 452
1357 1403
0 1205
2 1205
2 1014
0 294
0 448
84 86
0 395
843 844
0 844
1 303
1358 1360
0 812
106 107
0 562
476 479
4 467
39 1733
7 1733
6 1733
79 80
22 739
5 446
240 247
0 389
0 733
4 215
1 295
3 431
0 175
129 130
186 187
2 135
0 284
368 371
325 330
1693 1724
0 1724
15 1724
2 549
45 919
1108 1139
1 896
0 896
4 437
1 103
258 264
0 261
0 264
0 648
41 1577
1490 1501
1499 1501
1496 1501
16 617
7 1618
0 285
7 504
114 115
1 48
245 247
3 737
0 223
0 509
1 311
1 594
470 477
0 345
3 733
2 789
1 789
0 605
1726 1747
346 347
1503 1511
1506 1511
0 362
146 147
299 307
138 139
137 139
1 382
83 1766
20 788
2 788
5 788
4 788
11 788
0 788
1 788
14 788
3 788
688 694
0 694
300 307
172 174
356 371
36 1077
536 537
11 178
2 103
16 290
3134 3159
3132 3159
3088 3159
1307 1331
24 50
1 716
2 508
13 1909
25 1909
13 1909
1617 1618
1610 1618
0 384
0 384
0 102
8 94
0 585
30 474
35 535
0 261
294 295
0 169
0 148
10 183
870 876
2 733
2 1787
1775 1787
1786 1787
30 617
0 1553
2 1553
4 504
1 343
3 632
0 127
503 504
2 1083
2 65
1115 1144
174 178
5 172
15 240
417 431
918 919
497 498
0 1618
12 1475
23 368
3 26
3 1965
27 1965
4 1965
21 1965
2 1965
44 1965
124 125
0 175
4 55
376 379
0 229
0 229
0 230
0 1042
4 344
320 323
33 746
18 876
475 479
404 406
0 504
159 171
15 575
748 764
43 1913
10 1913
10 1057
10 269
0 173
2 344
0 772
0 242
1 1695
1673 1695
0 382
8 764
0 175
1 94
1 811
0 394
0 1287
0 176
135 139
0 310
1 360
228 230
1 811
0 381
0 1129
16 1129
3 1129
4 638
1069 1071
17 1410
1408 1410
1409 1410
1 811
0 497
1 37
0 285
294 305
3 256
0 360
116 233
622 623
0 1061
256 260
0 452
556 563
587 592
1 144
324 327
0 617
336 337
361 362
404 5976
5 5976
5971 5976
231 5976
74 5976
5975 5976
5924 5976
113 5976
5918 5976
1074 1075
13 379
33 661
0 162
73 2517
12 431
0 100
0 1386
22 850
1 511
404 405
4 1102
0 1102
0 370
4 196
1 361
832 841
697 698
0 124
0 290
9 218
437 439
219 229
0 349
1 89
0 360
28 333
23 333
1 526
121 122
0 412
1 196
0 874
0 247
19 896
1 338
2 338
3 142
1776 1779
889 1779
81 1779
108 1779
7 1238
12 876
4 1853
39 1853
11 1853
97 592
8 564
0 173
1518 1539
0 158
17 812
3 584
0 328
7 262
0 816
96 99
2 796
15 404
5 146
344 345
6 464
9 228
270 274
459 919
496 502
1 1110
2 122
436 446
489 518
0 141
10 585
560 561
2806 2808
1356 1357
112 1416
2 204
2 100
37 563
0 564
2 473
23 1110
0 339
163 327
0 308
285 295
1 587
0 777
3 558
148 149
5 209
5 279
945 962
3 3095
7 3095
12 3095
7 1617
2 1617
1 1617
5 1617
317 318
326 327
12 1767
185 1767
1761 1767
1 1767
239 240
0 1071
0 522
0 1618
3 465
0 465
41 465
