378 384
369 375
2 392
10 576
0 576
39 776
6 776
5 511
2215 2287
2231 2287
28 745
7 745
17 914
1 338
3 448
7 691
682 691
179 183
889 914
1126 1155
1149 1155
47 1155
6 1155
4 1155
1347 1370
21 1623
7388 7389
7375 7389
7074 7389
10 7389
143 7389
7379 7389
7293 7389
1 7389
34 7389
7316 7389
7120 7389
121 2339
3 615
1272 1288
166 176
1259 1265
1206 1265
1233 1265
142 150
71 79
3 1983
1957 1983
9 1983
1948 1983
2 269
362 397
72 1208
7 1208
166 1208
1465 1474
237 240
0 448
11 558
5 1113
0 1113
0 79
303 305
399 400
382 388
568 590
1375 1483
1 152
2 152
795 796
52 1536
0 805
271 276
327 328
1265 1267
1263 1267
1257 1267
22 1267
1266 1267
0 522
193 198
2 1013
29 1013
145 152
1278 1303
994 1008
996 1008
8 327
554 562
5 737
2 737
10 264
4 175
42 44
0 89
1861 1913
1833 1913
1491 1539
972 973
851 855
299 301
134 7645
3 7645
7644 7645
7192 7645
143 7645
7637 7645
7643 7645
7632 7645
7640 7645
37 7645
6 7645
7603 7645
7506 7645
7518 7645
7380 7645
7526 7645
208 7645
7290 7645
7451 7645
7584 7645
9054 9306
1 9306
9037 9306
9299 9306
9294 9306
15 9306
9305 9306
9304 9306
9127 9306
227 9306
5 9306
9303 9306
9171 9306
9155 9306
9302 9306
9236 9306
9197 9306
26 9306
3730 3760
20 3760
3758 3760
3759 3760
3753 3760
3740 3760
3725 3760
3757 3760
686 689
2 295
1445 1454
1452 1454
35 1454
6 1454
625 626
202 203
404 405
788 794
791 794
842 844
584 657
1109 1110
145 150
0 1071
0 812
0 812
0 422
888 896
394 395
3 2339
0 135
18 324
2 721
2 79
202 204
4 811
1 368
0 380
0 380
0 384
1 152
0 98
66 68
5 446
0 777
2 777
2 884
24 884
1512 1514
862 876
5 348
0 169
656 663
662 663
301 303
237 240
437 441
1472 1474
0 733
1 1077
3 404
0 973
134 138
17 1618
23 567
868 876
162 176
5 2150
2113 2150
875 876
1 311
1580 1597
53 1597
1591 1597
1570 1597
613 618
0 98
182 184
761 776
19 776
495 497
56 57
20 392
668 670
14 670
14 392
1 511
2 247
0 876
0 344
887 965
1502 1539
493 509
212 215
173 176
206 215
202 215
1385 1386
276 283
2 764
464 465
788 792
10038 10782
518 10782
10508 10782
4 10782
10533 10782
319 10782
10566 10782
10325 10782
15 10782
8 10782
10511 10782
10759 10782
10769 10782
10768 10782
10727 10782
10559 10782
64 10782
290 10782
10640 10782
10350 10782
501 10782
10267 10782
35 10782
10773 10782
10511 10782
10385 10782
0 224
5 767
2 144
16 540
2467 2510
28 2510
23 269
5 269
53 1269
0 1269
18 919
1 782
0 448
0 931
1 931
1 247
82 89
2030 2038
2 2038
9 2038
424 446
712 737
1890 1898
1892 1898
17 584
1353 1360
6 2257
3 2257
1686 1695
2335 2339
1064 1072
15 746
698 746
183 2150
2088 2150
3381 3410
3079 3410
3328 3410
20 746
2072 2150
2122 2150
753 764
730 746
413 456
585 590
62 2449
2448 2449
180 191
5 777
4 266
1016 1027
6 976
33 976
2 3000
2991 3000
7 3000
25 3000
5 3000
2955 3000
2 202
0 456
713 777
369 381
4 295
185 186
440 441
0 94
8 68
254 287
237 240
16 142
238 240
1 655
5 1197
6 2831
5 2831
4 2831
2 2831
0 1331
4207 4210
4204 4210
4178 4210
4206 4210
4097 4210
4194 4210
133 4210
5 4210
4208 4210
4200 4210
4109 4210
1 20
201 209
0 677
1 677
2 1547
1461 1547
887 888
886 888
339 344
387 413
19 1012
0 1012
10 1012
262 269
0 467
500 504
1055 1110
3 585
2112 2128
2051 2128
15 2128
945 960
1424 1483
1532 1536
1533 1536
1106 1110
0 1069
46 1069
1067 1069
1010 1014
777 811
1075 1110
422 423
0 93
13 183
376 384
6 724
2284 2375
2344 2375
2365 2375
175 178
778 788
779 788
784 788
774 788
781 788
776 788
773 788
780 788
775 788
0 203
217 226
2 4949
4777 4949
65 4949
6 4949
4881 4949
38 4949
46 4949
115 120
29 2150
2086 2150
2093 2150
646 653
685 689
6 2955
1 2955
247 2955
3 2955
2931 2955
2917 2955
21 2955
20 1695
430 439
431 439
223 225
14 2163
7 2163
431 13875
13481 13875
10 13875
3 13875
21 13875
582 13875
13595 13875
13466 13875
274 13875
13406 13875
12887 13875
13648 13875
13784 13875
13856 13875
6 2339
217 222
148 150
5 1164
3 1164
15 1164
1 2347
0 2347
2 2347
3 2347
629 633
5 384
3070 3126
2906 3126
3087 3126
3031 3126
21 3126
3003 3126
3029 3126
1070 1078
1077 1078
6 1078
252 267
0 1926
501 526
810 812
844 858
3 5657
8 5657
49 5657
1 5657
5599 5657
11 5657
57 5657
5618 5657
1040 1042
422 423
4 218
10 172
44 1307
78 1021
378 384
399 400
237 240
33 247
156 176
0 247
9 124
605 618
1 247
1572 1708
29 1708
32 1708
10 1708
730 762
27 762
1 152
364 371
263 264
437 442
441 442
387 389
16 5642
20 5642
33 5642
307 5642
15 5642
5 5642
5628 5642
412 416
10 223
85 86
41 543
0 1403
0 1403
675 679
1 2517
0 87
661 689
2 336
0 89
147 153
1 1403
1961 1963
1957 1963
72 2002
81 2002
1998 2002
146 147
146 147
156 163
263 264
2 1539
4 264
557 590
175 181
228 241
14 465
15 764
35 764
754 764
274 295
1648 1652
1638 1652
1963 1967
85 86
0 1110
3 1183
1 1183
25 1183
864 876
386 389
15 1124
1074 1124
1 1014
4 961
6 961
2 961
1 526
0 359
4 1130
0 257
1378 1386
55 842
1009 1042
12 257
2362 2403
2165 2403
2340 2403
104 106
372 375
8 617
268 270
269 270
339 340
303 327
0 380
496 518
586 587
583 587
0 384
412 424
263 264
2 699
1264 1317
1316 1317
1226 1317
117 120
1 594
0 538
0 603
21 1130
1 344
238 240
5 1241
121 122
850 855
1893 1898
1896 1898
1866 1898
1880 1898
369 384
13 17
898 914
16 777
157 163
4692 4713
4598 4713
4704 4713
213 4713
4703 4713
48 4713
42 44
2124 2150
2118 2150
1 2150
5 2150
384 402
9 266
752 781
745 781
2 781
751 781
662 664
682 689
0 874
790 796
794 796
1363 1464
75 1464
1399 1464
547 548
380 382
2 233
2 663
246 257
496 506
5 1012
237 257
564 626
1 371
20 782
10 3816
3809 3816
3778 3816
3761 3816
3741 3816
3810 3816
181 3816
338 340
21 1347
40 1347
147 149
533 554
324 364
19 364
270 295
42 435
676 695
4 1247
5 1247
2 423
904 914
0 265
614 631
629 631
185 186
502 518
155 171
503 511
403 431
10 2308
1 2308
2183 2303
12 2303
25 145
1 145
11 145
0 467
516 518
403 405
315 318
388 423
296 324
387 389
11 8726
8707 8726
584 8726
30 8726
8117 8726
8682 8726
8132 8726
8485 8726
8721 8726
8722 8726
3 8726
2 8726
24 8726
412 422
101 108
440 456
0 1036
1 1036
385 391
333 344
671 679
7 154
13 397
0 3066
1 3066
3050 3066
1157 1214
1175 1214
1491 1595
1476 1595
762 764
0 457
0 368
0 376
1 209
204 209
1 1191
0 1191
591 592
376 378
140 141
387 389
443 446
259 264
519 526
10 1110
893 12734
198 12734
12733 12734
92 12734
12660 12734
12383 12734
305 12734
11950 12734
12184 12734
28 12734
23 12734
15 12734
269 12734
67 12734
11802 12734
105 12734
53 12734
12235 12734
202 203
0 89
25 653
18 295
0 841
0 441
380 384
875 876
1175 1264
1239 1264
1258 1264
0 404
5 1483
0 1110
16 590
560 590
253 264
106 107
3 1386
144 148
0 89
790 842
460 461
9 669
667 669
2 737
18 699
2 423
1 737
106 107
106 107
140 148
25 473
17 2629
31 2629
11 2629
2619 2629
375 384
1587 1589
1570 1589
1567 1589
2 113
2664 2696
2691 2696
4 2696
767 774
3 664
949 987
983 987
985 987
38 4344
4292 4344
18 4344
6 4344
1 4344
30 4344
4167 4344
210 222
602 626
12 1376
2 1376
11 1376
16 1376
554 558
679 680
676 680
230 234
10 177
14 177
382 384
432 441
430 441
4 376
1499 1511
1475 1511
0 522
521 522
0 169
2 737
2 664
468 479
2044 2238
2234 2238
11 2238
0 2238
1060 1074
2 737
754 762
2448 2517
17 788
2299 2300
2282 2300
755 762
604 618
181 183
269 270
3 558
251 252
283 295
4 1913
1851 1913
652 656
2 656
653 656
238 240
5 423
43 764
372 373
427 446
1 357
2 423
1 632
570 590
552 562
2 456
0 9
293 587
553 562
955 1014
721 774
0 404
536 567
3 1407
560 594
10 690
643 690
14 250
126 127
294 295
9 2725
29 2725
25 2725
15 2725
32 2725
6 442
424 442
494 518
499 508
7 269
267 269
1 38
77 6094
25 6094
13 6094
17 6094
287 6094
1356 1370
2729 2737
86 2737
1367 1409
499 526
440 465
331 339
48 960
27 960
373 382
14 295
0 404
2 431
1510 1536
1 615
0 844
0 308
7 504
13 560
0 730
1 730
690 764
23 1701
238 240
3 283
594 596
4 392
37 2339
1 2339
2 303
9 461
6 563
8 438
103 122
27 980
62 980
809 845
33 665
7 378
338 352
862 889
809 889
185 189
2 431
745 751
491 526
1948 1955
1934 1955
1951 1955
1945 1955
1842 1955
1952 1955
75 9453
9319 9453
73 9453
74 9453
9291 9453
110 9453
2 9453
59 9453
53 9453
81 9453
40 9453
129 9453
21 9453
32 9453
215 9453
3205 3604
3389 3604
54 3604
3490 3604
38 3604
2973 2982
2963 2982
2980 2982
2970 2982
2939 2982
9 1152
494 499
0 181
1 181
5 249
605 613
386 395
565 575
6 122
1078 1114
1092 1114
3 283
6 283
5 241
2 55
647 655
58 1887
1873 1887
39 1887
7507 7512
7497 7512
7505 7512
7415 7512
3 7512
7492 7512
7509 7512
49 7512
15 7512
7174 7512
7480 7512
7511 7512
7416 7512
32 7512
7433 7512
310 328
11 623
2 106
73 82
4 305
192 196
140 151
4 439
318 328
1984 2031
58 4370
52 4370
38 4370
50 4370
29 4370
72 4370
25 4370
23 4370
323 340
0 360
0 269
0 413
839 887
12 187
2 187
1 534
43 1539
26 726
251 257
197 202
700 764
686 764
439 473
10 729
14 729
6 729
169 174
1 593
1 326
12 282
58 59
3 2849
74 2849
5 2849
41 2849
0 225
394 435
31 435
1 522
0 146
477 479
17 399
1 587
554 562
777 788
783 788
784 788
778 788
779 788
781 788
773 788
776 788
780 788
18 473
11 473
1495 1528
1 1528
17 1904
40 1904
45 733
214 219
2352 2417
2415 2417
16 594
4 594
11 594
1 620
0 620
1 476
14 476
0 405
1593 1695
5 91
1 91
0 1223
1 1223
3 1223
469 479
321 328
11 1879
4 1879
4797 4834
7 4834
4809 4834
4831 4834
24 4834
22 4834
143 145
710 739
8 336
18 361
2 177
381 413
740 759
190 191
189 191
10 240
225 233
174 177
3 176
0 318
40 807
44 807
2 761
2 446
0 931
1 931
0 1074
8 812
5 287
27 764
1042 1043
2 857
2 922
1 558
12 558
18 279
5 173
127 130
3 617
6 617
1604 1707
1704 1707
17 4275
206 4275
4250 4275
4108 4275
4155 4275
0 1149
1029 1149
1087 1149
2952 2971
2956 2971
2 336
1 318
1025 1026
0 92
83 92
297 311
150 161
766 774
125 127
375 379
388 400
427 428
0 381
560 562
5 497
392 393
1 279
320 323
386 395
17 223
0 362
489 509
4 2434
15 716
2 388
225 233
1 484
477 484
475 484
7 1075
12 1075
994 1075
1053 1075
0 118
1 114
798 844
801 844
0 306
1707 1742
1671 1742
1695 1742
435 441
652 655
673 764
45 509
3663 3737
104 3737
3 3737
2 3737
8 562
168 2181
0 338
0 40
2 379
404 405
0 474
15 98
1133 1143
4 368
38 699
0 343
113 126
2 1644
1643 1644
0 767
6 767
15 767
1 20
285 310
0 354
0 61
20 297
44 727
382 395
1555 1618
226 233
2 381
4 473
12 217
2 152
18 768
10 171
1 567
1 301
2 461
777 788
783 788
784 788
779 788
781 788
782 788
773 788
775 788
780 788
397 405
643 653
5 139
6 324
959 973
52 1386
629 633
654 664
1535 1618
379 395
0 295
339 344
227 230
2116 2219
371 385
4 527
0 1926
0 1926
545 548
1 919
694 699
465 472
324 327
0 821
4 821
10 821
0 526
2 567
15 1012
2 1012
0 1012
549 562
18 739
2 266
217 227
0 241
625 635
343 391
0 177
1 407
430 435
494 535
5 527
0 371
0 371
0 240
9 57
284 297
1 262
346 361
1295 1312
78 84
275 287
503 509
583 585
567 592
769 812
29 2339
279 290
0 948
1 948
415 448
961 973
5 360
387 389
1628 1646
1 2101
2 2101
6 2101
1960 2101
851 876
14 472
10 265
18 777
8 502
4 137
188 209
2 144
169 183
0 370
13 135
115 120
910 962
687 721
110 114
30 3218
1696 1747
0 231
1049 1110
2 153
10 290
13 397
314 325
311 319
364 382
50 5267
33 5267
25 5267
24 5267
116 5267
40 5267
71 5267
123 5267
11 5267
12 5267
18 5267
0 5267
26 5267
62 5267
5 1034
1 1034
21 2191
13 2191
8 247
5 247
35 1416
56 1027
4 319
1 1042
4 384
2 163
0 127
4 484
5 900
1 544
5 265
6 368
1 930
2242 2416
71 2416
2279 2416
36 919
399 407
1 382
0 247
4 233
0 1183
1 1183
25 1183
1 1185
2 382
2 340
1 3763
5 3763
176 177
467 477
138 141
14 242
1 295
2 295
2 395
8 615
3 308
2 1695
13 511
1 227
249 257
9 2339
377 395
0 359
3 761
240 257
175 176
6 336
189 195
358 365
239 240
224 230
2 196
6 338
1092 1116
1105 1116
3 1124
0 300
1578 1623
862 906
0 57
1 188
38 1057
0 233
682 721
313 318
727 735
0 699
0 446
0 310
0 165
453 465
1005 1130
665 679
6 392
5 348
1803 1898
1874 1898
2 472
945 950
949 950
938 950
190 191
11 1695
321 324
4 282
7 861
28 1695
17 360
928 960
376 388
0 1701
452 453
451 453
246 247
1 461
294 295
17 1042
514 549
4 319
2 1110
4 2517
32 866
2 866
132 141
0 387
2 48
1684 1791
4 1791
11 511
16 275
1 286
2 423
1 191
3 950
505 509
0 861
19 364
14 364
368 378
3479 3651
8 364
306 364
275 298
672 679
4 654
176 177
590 605
3 392
3 392
12 569
0 43
410 414
269 272
307 327
1937 2050
20 2050
5 2050
601 617
1 927
16 1268
4 1268
10 1268
8 1413
3 157
3 317
783 790
54 790
3 812
1073 1077
580 584
10 562
1342 1360
44 1695
382 405
14 587
126 127
15 1592
1 1592
4 1719
3 1719
2 1719
547 548
518 548
193 195
343 352
1 1043
2608 2703
2674 2703
2614 2703
2649 2703
1106 1165
392 395
2 1323
4 1323
1 1323
11 1323
5 1323
0 118
156 165
2 663
409 451
1 1536
1522 1526
1450 1526
1521 1526
0 116
19 327
2 587
125 139
4 325
1201 1288
0 116
5 240
7 217
49 712
36 1386
2325 2339
2462 2517
15 381
3 284
169 183
284 295
0 2517
2147 2339
450 465
1 247
1 2517
0 55
2 281
1 247
1356 1360
426 461
3643 3761
544 590
4 594
47 378
1531 1539
7 108
155 4338
52 1552
1 152
13 646
4 306
656 657
653 657
17 1042
417 421
1038 1042
210 222
1018 1034
268 270
6 1104
0 486
497 502
56 57
13 816
31 2365
9 1074
0 187
2231 2236
2228 2236
2193 2236
1 2236
404 405
33 1110
483 497
216 222
118 120
0 151
1 1392
0 230
85 86
75 78
2253 2339
8 9
996 1021
313 318
6 308
27 279
756 762
87 88
3 721
18 1027
496 500
1 89
1 86
154 159
709 733
712 725
1 276
482 497
1119 1130
439 456
0 654
768 777
50 53
5 340
471 475
0 142
11 694
40 41
2 90
587 588
585 588
586 588
212 214
66 67
3 588
1 327
1 342
0 588
190 193
2 161
4 90
572 588
40 41
309 322
3 718
130 142
530 567
35 588
1 113
0 120
572 588
13 567
25 588
584 588
0 483
586 588
5 218
586 588
0 282
0 282
23 588
195 218
324 327
23 24
272 274
1 274
5 214
1 142
0 90
5 90
0 228
544 567
1 229
22 567
337 343
4 228
2 327
0 43
3 386
2 694
8 228
0 475
552 588
445 475
20 946
1 475
3 567
1 457
5 327
0 483
18 343
108 116
0 475
4 228
22 342
1 327
517 560
13 229
98 99
30 588
39 43
5 43
0 168
3 141
31 483
1 16
9 588
0 386
22 334
2 588
1 588
4 588
2 588
0 90
584 588
0 271
587 588
3 386
0 67
34 560
4 342
451 454
585 588
52 588
0 211
660 694
3 694
13 228
318 327
586 588
711 752
50 53
226 229
562 588
37 41
369 374
314 334
4 588
1 475
2 110
228 229
55 58
584 588
0 142
6 153
3 334
111 116
116 118
587 588
3 386
4 327
139 142
218 228
6 156
2 588
1 588
1 327
333 343
3 153
12 475
1 588
98 99
1 588
0 588
26 574
19 694
0 90
22 694
1 56
22 560
1 342
22 322
0 752
587 588
310 327
187 193
2 454
0 342
66 67
0 327
9 588
0 229
0 342
66 67
57 2673
2 211
0 483
324 327
224 228
4 33
3 962
21 1539
0 125
0 120
73 80
1 816
0 554
1 176
395 406
0 66
23 473
0 977
0 844
0 290
466 502
87 88
2 275
144 147
5 515
1 1205
0 1403
10 1695
552 605
602 605
57 1347
20 1347
1495 1516
0 295
468 473
0 59
948 1021
20 788
225 228
1094 1110
87 88
0 768
2 476
336 337
331 340
1657 1695
126 127
0 308
370 378
0 241
3 452
0 284
2 1900
0 1900
2 3101
0 3101
0 6
209 218
650 664
0 158
0 423
934 951
950 951
0 623
0 399
1541 1577
270 278
0 214
2066 2150
54 2150
0 145
1 404
0 1074
320 336
0 362
4 594
0 216
435 439
44 527
1379 1386
0 639
751 762
0 625
1 625
0 725
0 395
0 1036
16 1042
371 393
1522 1539
16 368
1484 1539
4 117
0 632
19 1042
3 518
3 567
4 452
0 1071
327 347
1 303
0 120
269 270
14 2237
2232 2237
2227 2237
2166 2237
0 2237
0 233
63 1552
0 409
0 1230
2 1230
851 853
25 400
0 126
443 446
29 857
0 973
1 274
0 274
2 3390
37 3390
3 3390
4 3390
0 584
832 890
621 626
12 216
0 1346
0 247
2 287
76 79
0 196
186 191
478 7353
7349 7353
23 7353
7046 7353
175 7353
13 7353
400 7353
7293 7353
7345 7353
687 7353
7279 7353
3 7353
7335 7353
116 7353
7268 7353
11 7353
140 141
2419 2466
2440 2466
2455 2466
2434 2466
1420 1456
10266 10604
10458 10604
10595 10604
5 10604
9867 10604
10584 10604
9701 10604
10251 10604
10413 10604
10443 10604
0 10604
10166 10604
10328 10604
10082 10604
9644 10604
10291 10604
1642 1655
1635 1655
0 407
1144 1162
1137 1162
52 1162
1134 1162
478 479
3 623
0 87
12 564
0 391
0 295
1 590
3 508
1684 1695
1 47
775 788
781 788
784 788
773 788
776 788
785 788
783 788
774 788
780 788
226 230
0 739
424 436
1640 1695
0 247
621 626
566 567
114 115
1 48
324 344
12 684
55 764
569 582
996 1072
1778 1862
11 1862
3 369
875 876
0 625
209 233
915 937
932 937
911 937
0 230
1 421
269 272
4 218
803 812
811 826
0 919
5 887
1 1072
99 2339
929 958
889 958
10 1623
140 141
790 792
10 811
0 2330
1 2330
3 247
7 974
118 120
0 182
15 423
0 1967
0 30
6 384
1 549
1148 1153
0 497
181 188
457 498
154 157
146 157
2338 2339
1 950
56 57
2 135
12 473
0 962
0 448
0 163
7 414
7 1161
1 1161
2 1161
1 117
1 96
0 1403
0 1346
1 139
1088 1110
472 473
38 318
0 318
0 700
0 162
8 1967
1499 1539
0 1539
104 106
8 5662
2 5662
10 5662
7 5662
12 5662
1483 1536
4 1536
599 625
2562 2565
2558 2565
2546 2565
0 2565
2555 2565
4 2565
1746 1747
382 384
0 183
1238 1249
1248 1249
0 87
17 812
744 746
2092 2128
45 2128
30 2128
472 473
0 67
122 124
159 178
0 764
0 379
2 2396
0 2396
1 2396
14 890
881 890
15 890
0 38
0 2407
1 2407
8 2407
5 2407
715 735
3 581
0 581
2 385
3 385
0 615
2 139
637 641
0 448
8 1064
1063 1064
4 2225
87 89
0 941
3 89
0 1419
12 452
0 80
542 554
0 89
1293 1294
1217 1294
29 381
1903 1948
1946 1948
1944 1948
1945 1948
6 962
425 448
1 352
136 137
2 594
1 1708
0 1708
281 287
0 25
813 816
621 626
5 90
15 2339
0 1536
16 233
66 69
0 319
757 796
445 446
0 527
4 142
26 369
23 153
584 590
0 385
206 413
2 446
12 2395
18 2395
392 404
295 592
18 2163
131 2163
2143 2163
0 55
12 191
24 2423
0 2423
2419 2423
338 344
2 196
451 452
26 1403
1 1205
0 1205
0 1014
0 294
1 448
85 86
0 395
842 844
0 844
0 303
1358 1360
0 812
106 107
0 562
476 479
7 467
1731 1733
1696 1733
1694 1733
79 80
11 739
423 446
235 247
0 389
0 733
2 215
2 295
2 431
0 175
129 130
185 187
2 135
0 284
365 371
315 330
1678 1724
3 1724
61 1724
7 549
908 919
1099 1139
0 896
1 896
3 437
0 103
253 264
0 261
1 264
29 648
1412 1577
1491 1501
1498 1501
1497 1501
9 617
1593 1618
0 285
9 504
114 115
2 48
246 247
11 737
0 223
0 509
309 311
2 594
470 477
1 345
3 733
10 789
5 789
0 605
1718 1747
345 347
1504 1511
1503 1511
0 362
146 147
286 307
138 139
137 139
4 382
1718 1766
781 788
776 788
783 788
772 788
782 788
762 788
771 788
779 788
774 788
692 694
0 694
302 307
171 174
345 371
1028 1077
533 537
5 178
0 103
277 290
3153 3159
3143 3159
3137 3159
1303 1331
7 50
1 716
5 508
1897 1909
47 1909
8 1909
1613 1618
1608 1618
0 384
0 384
0 102
88 94
1 585
420 474
522 535
0 261
294 295
0 169
0 148
9 183
860 876
2 733
1 1787
1760 1787
1785 1787
546 617
0 1553
2 1553
4 504
1 343
3 632
0 127
502 504
1 1083
2 65
1078 1144
172 178
4 172
13 240
408 431
913 919
495 498
1 1618
1447 1475
356 368
3 26
48 1965
24 1965
3 1965
13 1965
2 1965
29 1965
124 125
2 175
53 55
370 379
0 229
0 229
0 230
0 1042
343 344
322 323
717 746
875 876
471 479
399 406
12 504
157 171
12 575
726 764
1837 1913
32 1913
1006 1057
6 269
0 173
5 344
0 772
0 242
0 1695
1683 1695
380 382
735 764
0 175
93 94
0 811
0 394
0 1287
0 176
136 139
0 310
1 360
221 230
2 811
0 381
1 1129
1109 1129
18 1129
3 638
1068 1071
7 1410
1409 1410
1408 1410
0 811
2 497
0 37
0 285
303 305
2 256
1 360
231 233
620 623
0 1061
250 260
432 452
552 563
589 592
4 144
315 327
0 617
336 337
361 362
5774 5976
50 5976
5972 5976
5723 5976
64 5976
5975 5976
5833 5976
5843 5976
5930 5976
1063 1075
378 379
627 661
0 162
44 2517
8 431
1 100
0 1386
820 850
3 511
403 405
1099 1102
0 1102
0 370
188 196
1 361
831 841
695 698
0 124
0 290
217 218
435 439
216 229
0 349
0 89
0 360
331 333
328 333
3 526
121 122
0 412
186 196
0 874
3 247
889 896
1 338
2 338
2 142
1778 1779
139 1779
69 1779
88 1779
46 1238
849 876
15 1853
1817 1853
14 1853
521 592
561 564
0 173
1499 1539
0 158
804 812
571 584
4 328
16 262
2 816
95 99
0 796
34 404
136 146
344 345
6 464
224 228
267 274
858 919
500 502
1061 1110
5 122
442 446
490 518
0 141
15 585
560 561
2804 2808
1355 1357
111 1416
2 204
0 100
17 563
0 564
468 473
43 1110
0 339
163 327
2 308
270 295
1 587
0 777
11 558
148 149
206 209
4 279
914 962
2 3095
3 3095
4 3095
7 1617
3 1617
0 1617
20 1617
317 318
326 327
1653 1767
1751 1767
1762 1767
1713 1767
238 240
0 1071
0 522
0 1618
431 465
0 465
448 465
