381 384
372 375
375 392
569 576
557 576
768 776
756 776
484 511
2184 2287
2228 2287
700 745
0 745
828 914
315 338
436 448
676 691
688 691
181 183
900 914
1111 1155
1142 1155
1014 1155
4 1155
3 1155
1321 1370
1434 1623
7386 7389
7375 7389
7338 7389
14 7389
159 7389
7376 7389
7273 7389
1 7389
53 7389
7282 7389
6946 7389
2332 2339
542 615
1276 1288
165 176
1256 1265
1178 1265
1222 1265
148 150
74 79
1897 1983
1941 1983
4 1983
1933 1983
243 269
344 397
1167 1208
1173 1208
1147 1208
1455 1474
237 240
435 448
557 558
1058 1113
11 1113
0 79
302 305
399 400
383 388
569 590
1362 1483
147 152
147 152
793 796
1474 1536
0 805
270 276
327 328
1264 1267
1263 1267
1256 1267
1181 1267
1265 1267
0 522
190 198
953 1013
887 1013
149 152
1288 1303
987 1008
984 1008
4 327
543 562
9 737
15 737
255 264
171 175
42 44
0 89
1835 1913
1804 1913
1472 1539
972 973
851 855
299 301
62 7645
19 7645
7644 7645
7069 7645
135 7645
7638 7645
7643 7645
7627 7645
7634 7645
25 7645
5 7645
7569 7645
7456 7645
7484 7645
7398 7645
7439 7645
450 7645
7158 7645
7411 7645
7554 7645
8785 9306
9123 9306
9169 9306
9300 9306
9295 9306
191 9306
9305 9306
9304 9306
9244 9306
231 9306
4 9306
9301 9306
9081 9306
9182 9306
9302 9306
9251 9306
9268 9306
8873 9306
3733 3760
3361 3760
3759 3760
3758 3760
3751 3760
3738 3760
3713 3760
3757 3760
679 689
279 295
1449 1454
1452 1454
1431 1454
1386 1454
611 626
199 203
398 405
781 794
792 794
832 844
568 657
1101 1110
148 150
0 1071
0 812
0 812
0 422
891 896
394 395
9 2339
0 135
289 324
1 721
76 79
199 204
4 811
0 368
0 380
0 380
1 384
142 152
0 98
66 68
9 446
0 777
1 777
2 884
878 884
1512 1514
846 876
323 348
157 169
655 663
661 663
300 303
237 240
435 441
1454 1474
0 733
0 1077
366 404
918 973
130 138
1423 1618
545 567
871 876
155 176
1 2150
2081 2150
871 876
0 311
1489 1597
1449 1597
1550 1597
1519 1597
610 618
0 98
180 184
769 776
763 776
494 497
56 57
387 392
667 670
593 670
385 392
455 511
3 247
789 876
2 344
899 965
1528 1539
481 509
203 215
172 176
201 215
202 215
1372 1386
275 283
644 764
462 465
784 792
10182 10782
10529 10782
10533 10782
2 10782
10679 10782
9990 10782
10630 10782
10573 10782
10107 10782
9907 10782
10563 10782
10749 10782
10762 10782
10766 10782
10733 10782
10416 10782
10439 10782
10608 10782
10684 10782
10450 10782
10594 10782
10586 10782
81 10782
10768 10782
10563 10782
10690 10782
205 224
727 767
1 144
468 540
2495 2510
14 2510
3 269
2 269
1244 1269
0 1269
20 919
6 782
433 448
0 931
879 931
2 247
79 89
2031 2038
1855 2038
70 2038
426 446
713 737
1889 1898
1891 1898
10 584
1336 1360
33 2257
1 2257
1677 1695
2338 2339
1068 1072
692 746
706 746
2049 2150
2098 2150
3385 3410
3317 3410
3358 3410
718 746
2082 2150
2116 2150
747 764
716 746
426 456
580 590
2344 2449
2448 2449
187 191
765 777
235 266
1006 1027
921 976
856 976
2564 3000
2990 3000
8 3000
16 3000
2739 3000
2869 3000
4 202
0 456
753 777
371 381
7 295
185 186
440 441
0 94
58 68
241 287
237 240
2 142
238 240
0 655
1055 1197
5 2831
3 2831
2 2831
4 2831
1254 1331
4203 4210
4208 4210
4113 4210
4204 4210
4185 4210
4181 4210
3746 4210
3915 4210
4207 4210
4206 4210
4148 4210
1 20
202 209
0 677
667 677
6 1547
1530 1547
886 888
887 888
338 344
387 413
909 1012
7 1012
897 1012
261 269
0 467
497 504
1042 1110
523 585
2098 2128
1978 2128
2050 2128
930 960
1371 1483
1473 1536
1504 1536
1100 1110
0 1069
1038 1069
1067 1069
1006 1014
784 811
1086 1110
422 423
0 93
171 183
377 384
715 724
2344 2375
2278 2375
2312 2375
165 178
774 788
779 788
781 788
770 788
778 788
780 788
767 788
768 788
769 788
155 203
217 226
18 4949
4735 4949
4687 4949
31 4949
4907 4949
24 4949
4406 4949
115 120
34 2150
2106 2150
2077 2150
640 653
657 689
1 2955
0 2955
2936 2955
2 2955
2911 2955
2901 2955
2932 2955
1631 1695
427 439
428 439
224 225
23 2163
1898 2163
12595 13875
13726 13875
26 13875
9 13875
12345 13875
13336 13875
13559 13875
13495 13875
13104 13875
13344 13875
12780 13875
13492 13875
13751 13875
13840 13875
69 2339
215 222
148 150
21 1164
1 1164
1135 1164
0 2347
1 2347
8 2347
2 2347
629 633
380 384
3069 3126
2938 3126
3093 3126
3046 3126
2705 3126
3022 3126
3042 3126
1070 1078
1077 1078
3 1078
261 267
0 1926
494 526
808 812
802 858
2 5657
9 5657
5165 5657
3 5657
5582 5657
8 5657
5171 5657
5581 5657
1041 1042
422 423
199 218
156 172
1125 1307
839 1021
380 384
399 400
237 240
223 247
154 176
0 247
108 124
607 618
1 247
1496 1708
12 1708
10 1708
2 1708
750 762
748 762
147 152
362 371
263 264
437 442
441 442
387 389
13 5642
48 5642
55 5642
5055 5642
30 5642
4 5642
5619 5642
411 416
209 223
85 86
502 543
1309 1403
1333 1403
647 679
2407 2517
0 87
647 689
1 336
0 89
143 153
1353 1403
1958 1963
1946 1963
1925 2002
1873 2002
1995 2002
146 147
146 147
156 163
263 264
1509 1539
258 264
563 590
172 181
224 241
11 465
610 764
616 764
729 764
264 295
1634 1652
1625 1652
1951 1967
85 86
0 1110
5 1183
3 1183
1130 1183
844 876
387 389
1093 1124
1066 1124
0 1014
942 961
894 961
0 961
11 526
0 359
26 1130
207 257
1366 1386
810 842
1004 1042
251 257
2295 2403
2090 2403
2310 2403
103 106
372 375
36 617
268 270
268 270
338 340
300 327
357 380
506 518
586 587
584 587
5 384
401 424
263 264
690 699
1261 1317
1309 1317
1292 1317
117 120
0 594
0 538
0 603
15 1130
312 344
237 240
1110 1241
119 122
850 855
1888 1898
1890 1898
1888 1898
1889 1898
380 384
13 17
906 914
679 777
152 163
4664 4713
4625 4713
4697 4713
4088 4713
4696 4713
4462 4713
42 44
2108 2150
2077 2150
1 2150
2 2150
394 402
242 266
755 781
744 781
706 781
769 781
660 664
674 689
0 874
786 796
791 796
1382 1464
1411 1464
1449 1464
537 548
380 382
6 233
9 663
248 257
491 506
6 1012
227 257
586 626
350 371
694 782
3800 3816
3804 3816
3749 3816
3710 3816
3723 3816
3805 3816
3439 3816
338 340
1294 1347
1328 1347
146 149
524 554
328 364
313 364
277 295
15 435
676 695
3 1247
4 1247
387 423
902 914
233 265
615 631
629 631
185 186
507 518
163 171
488 511
409 431
14 2308
1 2308
2156 2303
25 2303
141 145
4 145
6 145
0 467
508 518
401 405
314 318
417 423
295 324
387 389
5 8726
8662 8726
8221 8726
10 8726
8511 8726
8578 8726
8284 8726
8410 8726
8716 8726
8724 8726
2 8726
58 8726
8467 8726
412 422
98 108
429 456
933 1036
922 1036
362 391
333 344
647 679
135 154
12 397
0 3066
2 3066
3053 3066
1204 1214
1182 1214
1517 1595
1501 1595
757 764
0 457
0 368
0 376
202 209
202 209
1 1191
0 1191
591 592
376 378
130 141
387 389
444 446
253 264
497 526
1091 1110
11456 12734
12164 12734
12733 12734
11494 12734
12601 12734
12482 12734
410 12734
12575 12734
12419 12734
403 12734
26 12734
9 12734
11552 12734
86 12734
12197 12734
247 12734
22 12734
12395 12734
202 203
2 89
608 653
274 295
0 841
0 441
381 384
852 876
1181 1264
1226 1264
1261 1264
2 404
4 1483
0 1110
563 590
564 590
255 264
105 107
8 1386
144 148
81 89
731 842
460 461
622 669
665 669
666 737
692 699
3 423
659 737
105 107
106 107
142 148
464 473
2324 2629
2477 2629
2480 2629
2592 2629
380 384
1587 1589
1548 1589
1552 1589
2 113
2638 2696
2663 2696
2422 2696
741 774
1 664
919 987
984 987
985 987
29 4344
4161 4344
3935 4344
4162 4344
5 4344
3743 4344
4109 4344
213 222
597 626
1316 1376
1199 1376
2 1376
1289 1376
557 558
678 680
665 680
229 234
166 177
166 177
381 384
435 441
427 441
341 376
1506 1511
1490 1511
1 522
520 522
153 169
24 737
1 664
466 479
2120 2238
2221 2238
2089 2238
1 2238
1066 1074
10 737
748 762
2463 2517
746 788
2299 2300
2268 2300
749 762
607 618
181 183
268 270
1 558
251 252
288 295
17 1913
1870 1913
651 656
7 656
653 656
238 240
410 423
9 764
370 373
420 446
0 357
382 423
0 632
567 590
542 562
432 456
0 9
540 587
542 562
958 1014
704 774
0 404
511 567
2 1407
547 594
664 690
662 690
237 250
126 127
294 295
4 2725
15 2725
14 2725
7 2725
13 2725
392 442
407 442
512 518
500 508
12 269
267 269
37 38
5706 6094
11 6094
5 6094
9 6094
5943 6094
1330 1370
2726 2737
2500 2737
1353 1409
487 526
426 465
322 339
925 960
923 960
373 382
243 295
0 404
0 431
1491 1536
550 615
0 844
0 308
463 504
533 560
590 730
0 730
668 764
1606 1701
237 240
2 283
593 596
386 392
2106 2339
1 2339
267 303
450 461
551 563
3 438
102 122
16 980
941 980
780 845
578 665
4 378
326 352
861 889
875 889
185 189
397 431
743 751
492 526
1947 1955
1917 1955
1948 1955
1939 1955
1786 1955
1950 1955
91 9453
9325 9453
62 9453
8851 9453
9169 9453
71 9453
15 9453
116 9453
157 9453
119 9453
25 9453
117 9453
16 9453
40 9453
126 9453
3428 3604
3465 3604
42 3604
3488 3604
17 3604
2944 2982
2939 2982
2980 2982
2932 2982
2804 2982
5 1152
475 499
1 181
0 181
229 249
607 613
381 395
543 575
114 122
1049 1114
1101 1114
230 283
237 283
2 241
0 55
645 655
1803 1887
1870 1887
28 1887
7508 7512
7480 7512
7503 7512
7442 7512
6697 7512
7398 7512
7504 7512
6764 7512
6674 7512
7292 7512
7456 7512
7507 7512
7446 7512
7249 7512
7317 7512
312 328
10 623
2 106
74 82
3 305
182 196
135 151
1 439
318 328
1951 2031
35 4370
28 4370
20 4370
26 4370
14 4370
4088 4370
11 4370
10 4370
330 340
0 360
0 269
0 413
818 887
176 187
0 187
454 534
1526 1539
15 726
248 257
192 202
746 764
750 764
441 473
3 729
670 729
1 729
171 174
1 593
1 326
250 282
57 59
2 2849
52 2849
49 2849
28 2849
3 225
352 435
7 435
0 522
0 146
477 479
361 399
563 587
549 562
774 788
780 788
782 788
775 788
777 788
781 788
773 788
772 788
776 788
427 473
4 473
1481 1528
0 1528
48 1904
1801 1904
710 733
210 219
2334 2417
2416 2417
18 594
4 594
8 594
6 620
3 620
1 476
7 476
1 405
1586 1695
86 91
0 91
0 1223
2 1223
3 1223
468 479
317 328
5 1879
17 1879
4798 4834
12 4834
4808 4834
4831 4834
151 4834
119 4834
143 145
732 739
6 336
323 361
163 177
366 413
735 759
190 191
188 191
3 240
224 233
175 177
152 176
1 318
730 807
712 807
752 761
409 446
0 931
874 931
22 1074
2 812
234 287
733 764
1042 1043
2 857
0 922
0 558
6 558
213 279
131 173
119 130
1 617
2 617
1587 1707
1701 1707
3582 4275
3763 4275
4252 4275
4036 4275
4075 4275
0 1149
1067 1149
1088 1149
2951 2971
2953 2971
3 336
4 318
1020 1026
0 92
85 92
299 311
146 161
742 774
124 127
375 379
387 400
424 428
1 381
548 562
477 497
392 393
0 279
319 323
365 395
8 223
0 362
483 509
1 2434
632 716
2 388
211 233
470 484
476 484
476 484
1035 1075
1028 1075
1038 1075
1047 1075
0 118
2 114
803 844
788 844
289 306
1690 1742
1650 1742
1659 1742
433 441
637 655
680 764
438 509
3629 3737
3673 3737
2 3737
1 3737
0 562
2026 2181
0 338
0 40
322 379
402 405
443 474
88 98
1105 1143
0 368
690 699
0 343
7 126
1 1644
1643 1644
715 767
696 767
664 767
1 20
271 310
0 354
1 61
251 297
634 727
381 395
1563 1618
219 233
1 381
4 473
209 217
0 152
697 768
7 171
1 567
0 301
2 461
775 788
780 788
782 788
776 788
778 788
781 788
773 788
771 788
777 788
400 405
642 653
2 139
7 324
957 973
1233 1386
629 633
649 664
1477 1618
381 395
0 295
336 344
223 230
1995 2219
374 385
7 527
0 1926
3 1926
540 548
1 919
692 699
464 472
315 327
0 821
769 821
746 821
0 526
2 567
902 1012
2 1012
891 1012
548 562
7 739
233 266
198 227
0 241
625 635
376 391
0 177
0 407
428 435
504 535
11 527
353 371
361 371
1 240
5 57
268 297
259 262
343 361
1294 1312
73 84
260 287
504 509
582 585
502 592
767 812
5 2339
266 290
0 948
1 948
413 448
964 973
1 360
388 389
1599 1646
1 2101
1948 2101
7 2101
2037 2101
849 876
406 472
241 265
753 777
4 502
1 137
174 209
2 144
164 183
0 370
127 135
115 120
918 962
669 721
105 114
2827 3218
1700 1747
198 231
1039 1110
130 153
273 290
376 397
316 325
300 319
360 382
32 5267
15 5267
10 5267
17 5267
65 5267
42 5267
38 5267
61 5267
11 5267
26 5267
7 5267
4 5267
25 5267
31 5267
852 1034
998 1034
38 2191
16 2191
3 247
2 247
19 1416
35 1027
2 319
1 1042
3 384
0 163
0 127
468 484
3 900
9 544
2 265
3 368
2 930
2217 2416
2223 2416
2193 2416
811 919
398 407
0 382
0 247
6 233
1 1183
4 1183
1123 1183
1052 1185
338 382
330 340
21 3763
1 3763
176 177
459 477
138 141
5 242
1 295
4 295
3 395
561 615
1 308
3 1695
452 511
202 227
253 257
2126 2339
373 395
318 359
745 761
234 257
167 176
302 336
187 195
357 365
238 240
221 230
178 196
323 338
1103 1116
1101 1116
9 1124
0 300
1610 1623
851 906
51 57
0 188
1036 1057
0 233
667 721
314 318
728 735
691 699
3 446
0 310
0 165
429 465
941 1130
661 679
4 392
318 348
1888 1898
1889 1898
0 472
945 950
949 950
922 950
190 191
9 1695
320 324
267 282
9 861
1650 1695
318 360
924 960
348 388
1506 1701
452 453
451 453
241 247
1 461
294 295
986 1042
491 549
252 319
1037 1110
2256 2517
789 866
1 866
114 141
1 387
1 48
1713 1791
1687 1791
28 511
259 275
265 286
406 423
141 191
5 950
505 509
0 861
324 364
313 364
373 378
3504 3651
331 364
314 364
268 298
660 679
10 654
176 177
601 605
357 392
357 392
494 569
0 43
397 414
268 272
311 327
1916 2050
1824 2050
11 2050
576 617
0 927
15 1268
2 1268
6 1268
3 1413
147 157
269 317
762 790
749 790
767 812
1042 1077
568 584
2 562
1337 1360
1628 1695
373 405
568 587
126 127
7 1592
1 1592
4 1719
2 1719
1 1719
547 548
509 548
189 195
337 352
0 1043
2674 2703
2676 2703
2688 2703
2658 2703
1083 1165
392 395
2 1323
4 1323
1 1323
13 1323
3 1323
97 118
139 165
587 663
422 451
1401 1536
1516 1526
1461 1526
1519 1526
0 116
296 327
2 587
116 139
3 325
1140 1288
0 116
221 240
212 217
647 712
1226 1386
2328 2339
2454 2517
19 381
0 284
162 183
281 295
0 2517
1955 2339
464 465
0 247
2356 2517
0 55
267 281
220 247
1333 1360
414 461
3504 3761
568 590
0 594
311 378
1492 1539
3 108
186 4338
17 1552
146 152
5 646
9 306
656 657
646 657
970 1042
415 421
1035 1042
213 222
1007 1034
264 270
1009 1104
0 486
485 502
56 57
781 816
2168 2365
5 1074
0 187
2213 2236
2203 2236
2174 2236
0 2236
402 405
1019 1110
482 497
209 222
117 120
0 151
0 1392
0 230
85 86
75 78
2162 2339
8 9
998 1021
306 318
1 308
3 279
745 762
87 88
1 721
6 1027
494 500
1 89
0 86
154 159
710 733
694 725
1 276
482 497
1115 1130
442 456
0 654
751 777
52 53
325 340
467 475
1 142
645 694
40 41
82 90
586 588
585 588
577 588
212 214
66 67
568 588
1 327
0 342
0 588
191 193
137 161
0 90
564 588
40 41
302 322
3 718
135 142
535 567
561 588
9 113
0 120
574 588
478 567
14 588
583 588
442 483
585 588
195 218
587 588
19 282
273 282
556 588
201 218
323 327
23 24
268 274
257 274
201 214
0 142
2 90
80 90
0 228
543 567
223 229
535 567
329 343
213 228
297 327
38 43
327 386
651 694
195 228
0 475
574 588
450 475
810 946
1 475
537 567
419 457
287 327
1 483
310 343
109 116
443 475
0 228
320 342
298 327
511 560
216 229
98 99
560 588
39 43
5 43
1 168
3 141
465 483
15 16
578 588
0 386
325 334
2 588
1 588
4 588
2 588
1 90
579 588
253 271
587 588
2 386
53 67
523 560
319 342
450 454
581 588
556 588
190 211
653 694
2 694
209 228
307 327
587 588
709 752
50 53
221 229
579 588
37 41
373 374
316 334
2 588
1 475
1 110
228 229
55 58
583 588
0 142
144 153
283 334
110 116
115 118
587 588
2 386
304 327
137 142
211 228
3 156
9 588
534 588
1 327
326 343
5 153
18 475
1 588
98 99
559 588
1 588
545 574
642 694
0 90
662 694
0 56
512 560
319 342
293 322
1 752
587 588
293 327
189 193
372 454
0 342
66 67
0 327
565 588
0 229
0 342
66 67
20 2673
193 211
442 483
323 327
227 228
32 33
847 962
1520 1539
0 125
0 120
68 80
0 816
0 554
1 176
401 406
0 66
422 473
0 977
0 844
0 290
471 502
87 88
2 275
144 147
34 515
0 1205
1243 1403
1660 1695
561 605
600 605
1325 1347
1273 1347
1501 1516
0 295
464 473
0 59
972 1021
762 788
220 228
1099 1110
87 88
0 768
1 476
336 337
329 340
1652 1695
126 127
0 308
375 378
0 241
2 452
0 284
1 1900
0 1900
2821 3101
0 3101
4 6
203 218
650 664
0 158
406 423
917 951
950 951
0 623
380 399
1511 1577
262 278
198 214
2052 2150
2070 2150
142 145
2 404
0 1074
318 336
0 362
4 594
0 216
410 439
488 527
1358 1386
0 639
742 762
1 625
0 625
0 725
0 395
1 1036
997 1042
365 393
1471 1539
358 368
1479 1539
102 117
563 632
1024 1042
0 518
1 567
431 452
0 1071
333 347
0 303
0 120
269 270
2045 2237
2232 2237
2200 2237
2147 2237
1 2237
193 233
9 1552
0 409
0 1230
2 1230
852 853
386 400
0 126
444 446
809 857
933 973
1 274
0 274
1 3390
3184 3390
2 3390
3 3390
0 584
808 890
610 626
204 216
0 1346
0 247
244 287
75 79
0 196
185 191
6890 7353
7350 7353
36 7353
7072 7353
7273 7353
2 7353
7104 7353
7290 7353
7349 7353
6643 7353
7317 7353
6866 7353
7329 7353
6838 7353
7190 7353
0 7353
135 141
2353 2466
2370 2466
2425 2466
2330 2466
1360 1456
10492 10604
10543 10604
10596 10604
9291 10604
10528 10604
10590 10604
10241 10604
9879 10604
10550 10604
10536 10604
0 10604
10246 10604
10340 10604
9569 10604
10013 10604
10186 10604
1639 1655
1634 1655
0 407
1144 1162
1138 1162
1129 1162
1136 1162
468 479
579 623
0 87
534 564
357 391
0 295
0 590
497 508
1685 1695
43 47
770 788
780 788
781 788
771 788
775 788
785 788
778 788
767 788
776 788
222 230
650 739
422 436
1658 1695
0 247
597 626
566 567
114 115
0 48
310 344
642 684
563 764
564 582
981 1072
1812 1862
1731 1862
357 369
870 876
0 625
218 233
925 937
932 937
856 937
0 230
1 421
267 272
202 218
793 812
805 826
0 919
806 887
1 1072
2126 2339
920 958
912 958
1417 1623
138 141
783 792
802 811
0 2330
4 2330
5 247
23 974
118 120
0 182
407 423
0 1967
0 30
380 384
487 549
1130 1153
0 497
184 188
450 498
155 157
144 157
2328 2339
1 950
56 57
0 135
445 473
0 962
437 448
0 163
384 414
7 1161
1 1161
2 1161
0 117
0 96
1347 1403
0 1346
1 139
1095 1110
470 473
6 318
0 318
663 700
159 162
1797 1967
1478 1539
1403 1539
101 106
4 5662
1 5662
5 5662
2 5662
3 5662
1486 1536
1442 1536
606 625
2464 2565
2447 2565
2512 2565
2200 2565
2510 2565
2450 2565
1746 1747
383 384
171 183
1214 1249
1230 1249
0 87
754 812
723 746
2107 2128
1979 2128
2059 2128
470 473
0 67
119 124
149 178
0 764
331 379
2380 2396
0 2396
1 2396
873 890
880 890
872 890
0 38
6 2407
9 2407
2338 2407
2 2407
691 735
574 581
537 581
2 385
1 385
18 615
125 139
632 641
436 448
1030 1064
1063 1064
2131 2225
83 89
0 941
67 89
0 1419
419 452
75 80
517 554
0 89
1293 1294
1217 1294
358 381
1929 1948
1947 1948
1945 1948
1938 1948
916 962
415 448
1 352
136 137
0 594
1603 1708
0 1708
269 287
0 25
806 816
609 626
82 90
2041 2339
0 1536
219 233
62 69
311 319
785 796
443 446
487 527
0 142
338 369
145 153
582 590
0 385
407 413
2 446
2135 2395
2180 2395
372 404
295 592
2107 2163
2090 2163
2143 2163
0 55
184 191
2224 2423
2307 2423
2420 2423
335 344
186 196
449 452
1363 1403
1125 1205
0 1205
939 1014
289 294
436 448
85 86
0 395
833 844
832 844
0 303
1346 1360
0 812
102 107
0 562
473 479
446 467
1729 1733
1693 1733
1715 1733
71 80
663 739
411 446
222 247
386 389
1 733
202 215
234 295
0 431
169 175
129 130
185 187
111 135
0 284
364 371
290 330
1651 1724
1 1724
1557 1724
499 549
896 919
1094 1139
0 896
1 896
3 437
0 103
251 264
0 261
229 264
637 648
1522 1577
1437 1501
1486 1501
1468 1501
555 617
1603 1618
282 285
3 504
114 115
47 48
241 247
720 737
0 223
494 509
300 311
571 594
463 477
341 345
2 733
748 789
712 789
569 605
1662 1747
340 347
1506 1511
1496 1511
0 362
146 147
268 307
138 139
137 139
350 382
1741 1766
769 788
773 788
781 788
764 788
772 788
780 788
765 788
767 788
766 788
692 694
678 694
306 307
170 174
357 371
1012 1077
528 537
3 178
101 103
275 290
3145 3159
3134 3159
3130 3159
1302 1331
4 50
3 716
500 508
1905 1909
1898 1909
1892 1909
1508 1618
1548 1618
0 384
1 384
0 102
92 94
0 585
426 474
508 535
0 261
294 295
157 169
147 148
167 183
853 876
2 733
1 1787
1754 1787
1785 1787
540 617
0 1553
2 1553
456 504
1 343
551 632
4 127
501 504
1049 1083
63 65
1019 1144
163 178
6 172
3 240
391 431
915 919
475 498
0 1618
1467 1475
352 368
24 26
1854 1965
20 1965
2 1965
7 1965
4 1965
13 1965
122 125
171 175
48 55
346 379
0 229
1 229
1 230
5 1042
334 344
321 323
716 746
871 876
468 479
405 406
483 504
163 171
551 575
753 764
1829 1913
1801 1913
1036 1057
244 269
0 173
327 344
0 772
0 242
1633 1695
1662 1695
380 382
721 764
168 175
92 94
0 811
364 394
0 1287
165 176
137 139
0 310
333 360
222 230
4 811
16 381
6 1129
1092 1129
1074 1129
0 638
1067 1071
1213 1410
1402 1410
1408 1410
0 811
486 497
31 37
282 285
302 305
220 256
1 360
231 233
587 623
915 1061
250 260
435 452
552 563
589 592
2 144
299 327
0 617
336 337
361 362
5907 5976
5494 5976
5958 5976
5503 5976
17 5976
5974 5976
5510 5976
5905 5976
5885 5976
1049 1075
377 379
645 661
157 162
2271 2517
7 431
91 100
0 1386
791 850
440 511
401 405
1094 1102
0 1102
349 370
184 196
1 361
831 841
696 698
1 124
0 290
217 218
430 439
212 229
0 349
76 89
0 360
328 333
327 333
448 526
121 122
0 412
186 196
4 874
3 247
886 896
257 338
1 338
1 142
1777 1779
1655 1779
1736 1779
1703 1779
1182 1238
871 876
1800 1853
1824 1853
1730 1853
54 592
551 564
142 173
1474 1539
0 158
785 812
582 584
301 328
246 262
3 816
95 99
7 796
361 404
136 146
343 345
0 464
224 228
245 274
836 919
500 502
1084 1110
111 122
438 446
483 518
133 141
517 585
560 561
2745 2808
1335 1357
68 1416
2 204
9 100
8 563
0 564
462 473
965 1110
0 339
271 327
1 308
270 295
1 587
664 777
557 558
147 149
192 209
242 279
905 962
1 3095
2 3095
3 3095
1482 1617
2 1617
1479 1617
15 1617
316 318
324 327
1694 1767
1716 1767
1754 1767
1688 1767
238 240
0 1071
464 522
0 1618
434 465
428 465
445 465
