373 384
373 375
2 392
4 576
0 576
16 776
1 776
4 511
2211 2287
2225 2287
30 745
7 745
29 914
0 338
0 448
1 691
684 691
12 183
883 914
1135 1155
1152 1155
70 1155
6 1155
8 1155
1359 1370
12 1623
7387 7389
7382 7389
89 7389
4 7389
86 7389
7377 7389
7161 7389
1 7389
7 7389
7284 7389
7145 7389
17 2339
3 615
1258 1288
167 176
1260 1265
15 1265
1228 1265
144 150
0 79
1 1983
1953 1983
9 1983
1916 1983
2 269
382 397
39 1208
5 1208
1166 1208
1469 1474
236 240
0 448
4 558
11 1113
0 1113
1 79
303 305
399 400
376 388
30 590
1397 1483
1 152
2 152
786 796
15 1536
0 805
273 276
327 328
1266 1267
1264 1267
1256 1267
11 1267
1265 1267
0 522
194 198
2 1013
15 1013
9 152
1288 1303
975 1008
994 1008
8 327
556 562
1 737
1 737
10 264
1 175
2 44
2 89
1847 1913
1733 1913
1502 1539
972 973
852 855
299 301
105 7645
2 7645
7644 7645
348 7645
108 7645
7639 7645
7643 7645
7632 7645
7641 7645
14 7645
3 7645
7609 7645
7336 7645
7555 7645
7213 7645
7546 7645
134 7645
422 7645
7370 7645
7601 7645
9023 9306
0 9306
9187 9306
9297 9306
9296 9306
15 9306
9305 9306
9304 9306
9192 9306
254 9306
8 9306
9302 9306
9244 9306
9086 9306
9303 9306
9160 9306
611 9306
19 9306
3733 3760
17 3760
3758 3760
3759 3760
3751 3760
3722 3760
3736 3760
3757 3760
687 689
2 295
1444 1454
1450 1454
17 1454
8 1454
625 626
201 203
404 405
790 794
788 794
842 844
602 657
1109 1110
147 150
0 1071
0 812
0 812
0 422
889 896
394 395
3 2339
0 135
10 324
0 721
2 79
202 204
3 811
1 368
0 380
0 380
0 384
1 152
0 98
66 68
3 446
0 777
2 777
3 884
23 884
1513 1514
868 876
5 348
0 169
655 663
662 663
301 303
237 240
439 441
1472 1474
0 733
3 1077
1 404
0 973
137 138
12 1618
9 567
854 876
163 176
3 2150
2113 2150
12 876
1 311
22 1597
1490 1597
1574 1597
1587 1597
614 618
0 98
182 184
13 776
7 776
495 497
56 57
6 392
669 670
22 670
5 392
1 511
2 247
0 876
0 344
920 965
31 1539
5 509
214 215
174 176
6 215
13 215
1385 1386
278 283
6 764
464 465
789 792
882 10782
45 10782
10502 10782
3 10782
10546 10782
148 10782
10519 10782
126 10782
11 10782
8 10782
10556 10782
10763 10782
10777 10782
10772 10782
10736 10782
10450 10782
16 10782
29 10782
10588 10782
10428 10782
109 10782
608 10782
78 10782
10766 10782
10556 10782
323 10782
0 224
8 767
2 144
13 540
2445 2510
9 2510
32 269
5 269
27 1269
0 1269
8 919
2 782
0 448
0 931
1 931
1 247
84 89
2031 2038
4 2038
16 2038
424 446
57 737
1892 1898
1894 1898
18 584
1345 1360
2 2257
5 2257
1689 1695
2324 2339
1064 1072
5 746
25 746
18 2150
2071 2150
381 3410
3247 3410
3371 3410
7 746
2035 2150
2114 2150
756 764
727 746
424 456
584 590
16 2449
2448 2449
186 191
1 777
4 266
1019 1027
4 976
43 976
4 3000
2977 3000
8 3000
40 3000
6 3000
2942 3000
4 202
0 456
740 777
36 381
5 295
185 186
440 441
0 94
10 68
266 287
238 240
19 142
239 240
3 655
10 1197
6 2831
5 2831
3 2831
4 2831
0 1331
4207 4210
4203 4210
4182 4210
4205 4210
65 4210
4195 4210
296 4210
22 4210
4209 4210
4178 4210
45 4210
2 20
195 209
0 677
1 677
2 1547
13 1547
887 888
886 888
342 344
392 413
3 1012
0 1012
13 1012
264 269
0 467
493 504
1067 1110
3 585
2118 2128
2089 2128
79 2128
10 960
1374 1483
1534 1536
1535 1536
1106 1110
0 1069
27 1069
1067 1069
1012 1014
793 811
5 1110
422 423
0 93
8 183
373 384
5 724
158 2375
2291 2375
2363 2375
176 178
779 788
777 788
782 788
774 788
781 788
757 788
762 788
780 788
775 788
0 203
215 226
4 4949
4818 4949
28 4949
6 4949
4887 4949
41 4949
57 4949
115 120
22 2150
2081 2150
2090 2150
650 653
686 689
9 2955
1 2955
19 2955
2 2955
2931 2955
2928 2955
7 2955
7 1695
434 439
429 439
223 225
12 2163
5 2163
261 13875
13582 13875
12 13875
3 13875
5 13875
62 13875
13424 13875
13417 13875
436 13875
1137 13875
12952 13875
13693 13875
13820 13875
13857 13875
7 2339
17 222
2 150
5 1164
4 1164
21 1164
1 2347
0 2347
2 2347
3 2347
629 633
5 384
3088 3126
2920 3126
3083 3126
3042 3126
15 3126
3037 3126
3063 3126
1069 1078
1077 1078
8 1078
0 267
0 1926
515 526
810 812
851 858
1 5657
12 5657
3 5657
2 5657
418 5657
8 5657
32 5657
5636 5657
1041 1042
422 423
0 218
14 172
64 1307
106 1021
15 384
399 400
237 240
38 247
161 176
0 247
6 124
32 618
1 247
1551 1708
30 1708
34 1708
10 1708
35 762
19 762
0 152
365 371
263 264
436 442
441 442
387 389
13 5642
16 5642
36 5642
109 5642
17 5642
6 5642
5627 5642
411 416
9 223
85 86
18 543
0 1403
0 1403
669 679
1 2517
0 87
667 689
2 336
0 89
148 153
2 1403
1962 1963
1951 1963
5 2002
4 2002
2000 2002
146 147
146 147
158 163
263 264
1 1539
4 264
21 590
8 181
231 241
17 465
29 764
52 764
758 764
265 295
1649 1652
1647 1652
1964 1967
85 86
0 1110
1 1183
0 1183
13 1183
856 876
386 389
0 1124
20 1124
2 1014
1 961
5 961
3 961
1 526
0 359
6 1130
0 257
1381 1386
43 842
1008 1042
2 257
2372 2403
50 2403
2331 2403
104 106
374 375
13 617
267 270
269 270
339 340
19 327
0 380
498 518
586 587
581 587
0 384
421 424
263 264
1 699
131 1317
1316 1317
10 1317
117 120
3 594
0 538
0 603
25 1130
2 344
238 240
4 1241
121 122
843 855
1893 1898
1896 1898
1865 1898
1882 1898
20 384
14 17
903 914
13 777
159 163
4689 4713
4579 4713
4701 4713
213 4713
4702 4713
4 4713
2 44
2122 2150
2120 2150
1 2150
4 2150
389 402
12 266
3 781
43 781
0 781
4 781
663 664
686 689
0 874
789 796
795 796
95 1464
83 1464
38 1464
541 548
380 382
2 233
2 663
252 257
25 506
4 1012
232 257
56 626
0 371
34 782
1 3816
3812 3816
3763 3816
3733 3816
3728 3816
3806 3816
112 3816
339 340
32 1347
19 1347
148 149
542 554
29 364
28 364
275 295
45 435
681 695
4 1247
5 1247
2 423
902 914
0 265
615 631
629 631
185 186
498 518
9 171
493 511
22 431
10 2308
1 2308
164 2303
2 2303
13 145
2 145
11 145
0 467
517 518
403 405
314 318
4 423
304 324
387 389
12 8726
8717 8726
528 8726
27 8726
396 8726
8711 8726
137 8726
8577 8726
8722 8726
8723 8726
2 8726
4 8726
10 8726
412 422
102 108
428 456
0 1036
1 1036
387 391
9 344
673 679
10 154
23 397
2 3066
1 3066
3053 3066
42 1214
1167 1214
84 1595
1489 1595
763 764
0 457
0 368
0 376
2 209
205 209
1 1191
0 1191
591 592
377 378
132 141
387 389
443 446
260 264
20 526
4 1110
856 12734
199 12734
12733 12734
26 12734
12699 12734
582 12734
353 12734
61 12734
235 12734
55 12734
16 12734
15 12734
157 12734
74 12734
1018 12734
59 12734
71 12734
12230 12734
202 203
0 89
7 653
16 295
0 841
0 441
381 384
875 876
1174 1264
1217 1264
1251 1264
0 404
3 1483
0 1110
8 590
557 590
1 264
106 107
5 1386
145 148
1 89
813 842
460 461
14 669
667 669
3 737
2 699
2 423
1 737
106 107
106 107
140 148
13 473
7 2629
12 2629
4 2629
2616 2629
10 384
1586 1589
1580 1589
1566 1589
3 113
2670 2696
2695 2696
0 2696
766 774
1 664
947 987
983 987
986 987
50 4344
4301 4344
9 4344
13 4344
1 4344
25 4344
4220 4344
5 222
611 626
12 1376
2 1376
11 1376
16 1376
546 558
679 680
672 680
230 234
16 177
17 177
380 384
429 441
428 441
4 376
1488 1511
1480 1511
0 522
521 522
0 169
1 737
1 664
469 479
37 2238
2235 2238
8 2238
0 2238
1054 1074
3 737
756 762
2488 2517
14 788
2299 2300
2269 2300
756 762
24 618
182 183
268 270
2 558
251 252
274 295
2 1913
1830 1913
652 656
2 656
653 656
238 240
3 423
52 764
372 373
429 446
1 357
2 423
2 632
570 590
557 562
2 456
0 9
293 587
557 562
963 1014
741 774
0 404
544 567
3 1407
563 594
3 690
645 690
2 250
126 127
294 295
13 2725
34 2725
37 2725
23 2725
26 2725
8 442
4 442
491 518
501 508
2 269
267 269
0 38
133 6094
32 6094
14 6094
21 6094
108 6094
1367 1370
2730 2737
27 2737
1371 1409
500 526
29 465
330 339
23 960
19 960
374 382
18 295
0 404
2 431
1480 1536
2 615
0 844
0 308
3 504
4 560
0 730
1 730
1 764
1 1701
239 240
6 283
595 596
5 392
102 2339
2 2339
1 303
2 461
7 563
6 438
1 122
34 980
76 980
824 845
31 665
8 378
341 352
881 889
16 889
185 189
1 431
745 751
10 526
1950 1955
1915 1955
1952 1955
1944 1955
1862 1955
1951 1955
78 9453
9233 9453
88 9453
67 9453
9202 9453
127 9453
2 9453
65 9453
69 9453
93 9453
57 9453
142 9453
23 9453
37 9453
192 9453
3308 3604
126 3604
57 3604
3457 3604
19 3604
2975 2982
2966 2982
2980 2982
2973 2982
2954 2982
10 1152
495 499
0 181
1 181
5 249
604 613
392 395
567 575
9 122
1085 1114
21 1114
10 283
8 283
4 241
2 55
651 655
63 1887
1876 1887
42 1887
7507 7512
7492 7512
7505 7512
7387 7512
6 7512
7493 7512
7510 7512
75 7512
30 7512
431 7512
7481 7512
7511 7512
7441 7512
10 7512
7462 7512
314 328
7 623
3 106
0 82
6 305
193 196
144 151
6 439
308 328
1993 2031
75 4370
71 4370
53 4370
65 4370
31 4370
93 4370
27 4370
25 4370
326 340
0 360
0 269
0 413
854 887
6 187
3 187
2 534
5 1539
34 726
253 257
200 202
4 764
0 764
23 473
13 729
7 729
11 729
172 174
3 593
1 326
6 282
58 59
2 2849
90 2849
6 2849
48 2849
0 225
406 435
37 435
1 522
0 146
477 479
10 399
1 587
554 562
777 788
783 788
784 788
780 788
781 788
773 788
770 788
778 788
779 788
21 473
12 473
1393 1528
0 1528
26 1904
36 1904
11 733
213 219
2347 2417
2415 2417
18 594
7 594
16 594
1 620
0 620
1 476
15 476
0 405
8 1695
6 91
2 91
1 1223
0 1223
3 1223
472 479
324 328
10 1879
3 1879
4792 4834
6 4834
4814 4834
4832 4834
36 4834
7 4834
144 145
714 739
4 336
10 361
1 177
389 413
736 759
190 191
188 191
15 240
219 233
174 177
3 176
0 318
11 807
18 807
1 761
7 446
0 931
1 931
0 1074
11 812
5 287
6 764
1042 1043
3 857
2 922
1 558
14 558
15 279
9 173
128 130
5 617
8 617
48 1707
1703 1707
57 4275
120 4275
4251 4275
4038 4275
4140 4275
0 1149
1053 1149
1106 1149
2956 2971
2960 2971
2 336
2 318
1025 1026
0 92
87 92
306 311
153 161
770 774
125 127
376 379
392 400
427 428
0 381
560 562
1 497
392 393
3 279
322 323
8 395
22 223
0 362
479 509
4 2434
87 716
1 388
228 233
2 484
477 484
478 484
9 1075
7 1075
1015 1075
1061 1075
1 118
5 114
14 844
38 844
0 306
1674 1742
25 1742
1625 1742
429 441
653 655
685 764
46 509
3665 3737
6 3737
3 3737
2 3737
7 562
2077 2181
0 338
0 40
1 379
404 405
1 474
13 98
1138 1143
5 368
3 699
0 343
7 126
2 1644
1643 1644
0 767
9 767
15 767
1 20
282 310
2 354
0 61
16 297
49 727
39 395
1529 1618
227 233
1 381
8 473
11 217
1 152
59 768
10 171
0 567
1 301
0 461
777 788
783 788
784 788
778 788
782 788
775 788
774 788
779 788
780 788
398 405
651 653
9 139
6 324
961 973
51 1386
626 633
651 664
1561 1618
14 395
0 295
338 344
227 230
2147 2219
29 385
5 527
0 1926
0 1926
545 548
0 919
686 699
466 472
323 327
0 821
2 821
3 821
0 526
3 567
20 1012
2 1012
0 1012
546 562
24 739
1 266
220 227
0 241
622 635
346 391
0 177
2 407
433 435
499 535
7 527
0 371
0 371
2 240
9 57
275 297
1 262
346 361
1290 1312
81 84
276 287
489 509
583 585
572 592
765 812
11 2339
286 290
0 948
1 948
12 448
938 973
6 360
387 389
1632 1646
2 2101
0 2101
3 2101
19 2101
7 876
8 472
8 265
10 777
7 502
7 137
189 209
2 144
170 183
0 370
13 135
4 120
69 962
686 721
111 114
23 3218
26 1747
0 231
2 1110
0 153
1 290
36 397
313 325
310 319
368 382
51 5267
34 5267
24 5267
25 5267
133 5267
40 5267
74 5267
141 5267
13 5267
12 5267
20 5267
1 5267
27 5267
66 5267
6 1034
0 1034
25 2191
7 2191
8 247
5 247
44 1416
63 1027
4 319
1 1042
5 384
2 163
0 127
2 484
6 900
1 544
8 265
6 368
2 930
5 2416
3 2416
4 2416
61 919
404 407
0 382
0 247
4 233
0 1183
1 1183
15 1183
1 1185
1 382
1 340
0 3763
4 3763
176 177
470 477
140 141
16 242
0 295
2 295
2 395
11 615
1 308
2 1695
11 511
1 227
249 257
20 2339
4 395
0 359
1 761
237 257
175 176
3 336
190 195
358 365
239 240
226 230
2 196
10 338
1089 1116
1080 1116
2 1124
0 300
1580 1623
853 906
1 57
0 188
13 1057
0 233
19 721
313 318
721 735
0 699
1 446
0 310
0 165
457 465
163 1130
664 679
7 392
5 348
11 1898
224 1898
4 472
943 950
949 950
940 950
190 191
14 1695
322 324
0 282
4 861
21 1695
25 360
933 960
386 388
1 1701
452 453
451 453
246 247
1 461
294 295
19 1042
30 549
7 319
7 1110
4 2517
5 866
3 866
134 141
1 387
1 48
1730 1791
2 1791
12 511
6 275
1 286
2 423
0 191
4 950
505 509
0 861
6 364
17 364
369 378
3495 3651
0 364
8 364
24 298
676 679
4 654
176 177
588 605
5 392
8 392
13 569
0 43
410 414
266 272
303 327
1897 2050
8 2050
4 2050
600 617
2 927
25 1268
8 1268
14 1268
8 1413
78 157
3 317
778 790
394 790
5 812
1073 1077
578 584
13 562
1342 1360
17 1695
386 405
1 587
126 127
17 1592
1 1592
5 1719
2 1719
3 1719
547 548
26 548
193 195
335 352
2 1043
31 2703
2624 2703
33 2703
68 2703
1114 1165
389 395
2 1323
3 1323
1 1323
8 1323
5 1323
0 118
163 165
1 663
9 451
1 1536
1522 1526
31 1526
1523 1526
0 116
14 327
1 587
1 139
2 325
1219 1288
0 116
5 240
1 217
71 712
32 1386
2334 2339
2450 2517
13 381
1 284
174 183
20 295
0 2517
12 2339
450 465
1 247
0 2517
0 55
4 281
0 247
1359 1360
26 461
3693 3761
70 590
5 594
47 378
1535 1539
7 108
175 4338
80 1552
2 152
20 646
2 306
656 657
655 657
19 1042
416 421
1038 1042
215 222
1022 1034
265 270
4 1104
0 486
498 502
56 57
6 816
21 2365
12 1074
0 187
2233 2236
2230 2236
2206 2236
0 2236
403 405
51 1110
480 497
210 222
119 120
0 151
1 1392
0 230
85 86
75 78
2278 2339
8 9
997 1021
316 318
6 308
28 279
757 762
87 88
4 721
22 1027
496 500
1 89
2 86
154 159
705 733
716 725
1 276
486 497
1121 1130
445 456
0 654
772 777
52 53
4 340
471 475
0 142
26 694
40 41
2 90
586 588
587 588
586 588
212 214
66 67
5 588
1 327
1 342
1 588
190 193
1 161
5 90
47 588
40 41
38 322
3 718
127 142
6 567
55 588
1 113
0 120
573 588
12 567
33 588
587 588
0 483
587 588
5 218
587 588
0 282
0 282
21 588
202 218
324 327
23 24
272 274
0 274
2 214
1 142
0 90
8 90
0 228
10 567
1 229
10 567
335 343
1 228
1 327
0 43
4 386
2 694
8 228
0 475
571 588
26 475
26 946
1 475
1 567
1 457
2 327
0 483
19 343
0 116
0 475
9 228
14 342
1 327
527 560
14 229
98 99
3 588
40 43
7 43
1 168
3 141
11 483
1 16
1 588
0 386
11 334
3 588
2 588
4 588
2 588
0 90
587 588
0 271
583 588
4 386
0 67
22 560
8 342
453 454
586 588
561 588
1 211
15 694
6 694
8 228
15 327
586 588
14 752
5 53
227 229
7 588
38 41
360 374
320 334
6 588
1 475
2 110
228 229
55 58
583 588
0 142
4 153
2 334
113 116
115 118
585 588
3 386
4 327
137 142
11 228
8 156
2 588
3 588
1 327
334 343
7 153
18 475
1 588
98 99
1 588
0 588
32 574
1 694
1 90
35 694
1 56
15 560
2 342
24 322
0 752
59 588
317 327
188 193
2 454
0 342
66 67
0 327
11 588
1 229
0 342
66 67
65 2673
0 211
0 483
324 327
14 228
4 33
2 962
0 1539
0 125
0 120
76 80
1 816
0 554
2 176
5 406
0 66
25 473
0 977
0 844
0 290
478 502
87 88
1 275
144 147
4 515
0 1205
0 1403
1 1695
21 605
601 605
27 1347
26 1347
1508 1516
0 295
470 473
0 59
912 1021
6 788
226 228
86 1110
87 88
0 768
4 476
336 337
333 340
1636 1695
126 127
0 308
56 378
0 241
4 452
0 284
2 1900
0 1900
2 3101
0 3101
1 6
8 218
45 664
0 158
0 423
943 951
950 951
0 623
0 399
1529 1577
2 278
0 214
63 2150
7 2150
0 145
1 404
0 1074
325 336
0 362
4 594
0 216
435 439
9 527
1382 1386
0 639
750 762
0 625
1 625
0 725
0 395
0 1036
18 1042
369 393
1532 1539
7 368
1510 1539
7 117
0 632
8 1042
4 518
6 567
3 452
0 1071
337 347
1 303
0 120
269 270
15 2237
2235 2237
2225 2237
2147 2237
0 2237
0 233
98 1552
0 409
0 1230
2 1230
851 853
3 400
0 126
444 446
20 857
0 973
0 274
1 274
2 3390
10 3390
3 3390
6 3390
0 584
36 890
620 626
9 216
0 1346
0 247
3 287
77 79
0 196
187 191
38 7353
7347 7353
28 7353
355 7353
157 7353
13 7353
151 7353
7208 7353
7350 7353
681 7353
7324 7353
8 7353
7335 7353
141 7353
7304 7353
11 7353
140 141
2394 2466
2443 2466
2435 2466
2428 2466
1423 1456
10417 10604
10386 10604
10597 10604
3 10604
6 10604
10587 10604
10115 10604
10215 10604
10458 10604
10496 10604
1 10604
10201 10604
10328 10604
9909 10604
100 10604
10175 10604
1637 1655
1635 1655
0 407
1141 1162
1135 1162
6 1162
1123 1162
478 479
5 623
0 87
25 564
0 391
0 295
2 590
2 508
1681 1695
0 47
780 788
786 788
785 788
776 788
779 788
782 788
777 788
778 788
781 788
227 230
0 739
426 436
34 1695
0 247
621 626
565 567
114 115
1 48
330 344
12 684
73 764
557 582
979 1072
44 1862
14 1862
0 369
871 876
0 625
216 233
2 937
928 937
919 937
0 230
1 421
270 272
4 218
802 812
802 826
0 919
4 887
1 1072
65 2339
941 958
16 958
8 1623
140 141
791 792
30 811
0 2330
1 2330
3 247
6 974
8 120
0 182
6 423
0 1967
0 30
4 384
2 549
1151 1153
0 497
177 188
468 498
154 157
10 157
2338 2339
1 950
56 57
1 135
4 473
0 962
0 448
0 163
9 414
7 1161
0 1161
2 1161
1 117
1 96
0 1403
0 1346
1 139
1087 1110
472 473
39 318
0 318
0 700
0 162
11 1967
23 1539
0 1539
8 106
5 5662
2 5662
7 5662
6 5662
8 5662
1471 1536
7 1536
607 625
56 2565
20 2565
2548 2565
3 2565
16 2565
4 2565
1746 1747
382 384
0 183
1236 1249
1248 1249
0 87
10 812
744 746
17 2128
14 2128
8 2128
472 473
0 67
123 124
167 178
0 764
0 379
1 2396
0 2396
2 2396
8 890
51 890
5 890
0 38
3 2407
1 2407
6 2407
7 2407
717 735
3 581
0 581
2 385
4 385
3 615
1 139
636 641
0 448
0 1064
1063 1064
5 2225
83 89
0 941
1 89
0 1419
437 452
0 80
544 554
0 89
1292 1294
29 1294
13 381
1891 1948
1947 1948
1944 1948
1945 1948
3 962
5 448
1 352
136 137
2 594
1 1708
0 1708
286 287
0 25
812 816
623 626
1 90
11 2339
0 1536
2 233
68 69
0 319
7 796
445 446
0 527
4 142
349 369
12 153
589 590
0 385
206 413
2 446
0 2395
1 2395
393 404
295 592
24 2163
13 2163
2144 2163
2 55
12 191
36 2423
0 2423
2419 2423
331 344
3 196
11 452
36 1403
1 1205
0 1205
0 1014
0 294
0 448
85 86
0 395
842 844
0 844
0 303
1358 1360
0 812
106 107
0 562
474 479
4 467
1730 1733
1674 1733
1669 1733
79 80
14 739
435 446
237 247
0 389
0 733
4 215
2 295
3 431
0 175
129 130
186 187
2 135
0 284
367 371
317 330
1675 1724
0 1724
19 1724
7 549
900 919
52 1139
0 896
1 896
3 437
0 103
254 264
0 261
1 264
1 648
14 1577
1492 1501
1498 1501
1497 1501
36 617
1515 1618
0 285
8 504
114 115
2 48
246 247
7 737
0 223
0 509
1 311
1 594
474 477
0 345
2 733
10 789
2 789
0 605
1701 1747
346 347
1506 1511
1507 1511
0 362
146 147
291 307
138 139
137 139
2 382
59 1766
778 788
768 788
775 788
758 788
779 788
0 788
751 788
777 788
756 788
685 694
0 694
304 307
172 174
345 371
1051 1077
534 537
8 178
1 103
282 290
3156 3159
3151 3159
3134 3159
1319 1331
24 50
1 716
1 508
13 1909
26 1909
13 1909
1613 1618
1602 1618
0 384
0 384
0 102
2 94
1 585
447 474
516 535
0 261
294 295
0 169
0 148
10 183
865 876
2 733
2 1787
1772 1787
1786 1787
18 617
0 1553
3 1553
6 504
1 343
3 632
0 127
502 504
1 1083
2 65
1076 1144
174 178
7 172
15 240
412 431
917 919
496 498
1 1618
1430 1475
358 368
3 26
8 1965
25 1965
3 1965
16 1965
1 1965
33 1965
124 125
0 175
53 55
371 379
0 229
0 229
0 230
0 1042
341 344
321 323
724 746
19 876
474 479
401 406
0 504
159 171
14 575
721 764
1804 1913
6 1913
24 1057
13 269
0 173
0 344
0 772
0 242
1 1695
1683 1695
379 382
17 764
0 175
91 94
0 811
0 394
0 1287
0 176
136 139
0 310
1 360
225 230
1 811
0 381
1 1129
1077 1129
10 1129
3 638
1068 1071
12 1410
1409 1410
1408 1410
0 811
0 497
1 37
0 285
301 305
3 256
1 360
116 233
622 623
0 1061
253 260
2 452
557 563
571 592
4 144
318 327
0 617
336 337
361 362
171 5976
29 5976
5973 5976
5791 5976
41 5976
5975 5976
5767 5976
5820 5976
5928 5976
1072 1075
378 379
644 661
0 162
60 2517
10 431
0 100
0 1386
816 850
2 511
404 405
1101 1102
0 1102
0 370
190 196
1 361
823 841
695 698
0 124
0 290
215 218
437 439
20 229
0 349
1 89
0 360
324 333
327 333
1 526
121 122
0 412
3 196
0 874
1 247
891 896
1 338
2 338
4 142
1777 1779
139 1779
80 1779
110 1779
7 1238
12 876
19 1853
1828 1853
13 1853
80 592
563 564
0 173
1523 1539
0 158
792 812
3 584
2 328
25 262
2 816
96 99
0 796
18 404
143 146
344 345
6 464
224 228
268 274
459 919
500 502
1 1110
2 122
440 446
491 518
1 141
10 585
560 561
2805 2808
1356 1357
128 1416
2 204
2 100
20 563
0 564
458 473
59 1110
0 339
163 327
3 308
278 295
1 587
0 777
4 558
148 149
207 209
5 279
903 962
2 3095
4 3095
9 3095
6 1617
3 1617
0 1617
11 1617
317 318
323 327
7 1767
1754 1767
1762 1767
1690 1767
238 240
0 1071
0 522
0 1618
3 465
0 465
436 465
