380 384
372 375
5 392
541 576
0 576
740 776
10 776
5 511
2216 2287
2227 2287
12 745
5 745
41 914
1 338
1 448
657 691
685 691
181 183
898 914
1124 1155
1146 1155
1044 1155
5 1155
4 1155
1343 1370
36 1623
7387 7389
7372 7389
7285 7389
10 7389
119 7389
7375 7389
7238 7389
1 7389
37 7389
7319 7389
7060 7389
74 2339
2 615
1275 1288
163 176
1256 1265
1189 1265
1235 1265
146 150
71 79
6 1983
1957 1983
7 1983
1937 1983
5 269
352 397
1171 1208
11 1208
1174 1208
1465 1474
236 240
0 448
543 558
1018 1113
0 1113
0 79
303 305
399 400
380 388
563 590
1387 1483
4 152
3 152
795 796
1456 1536
0 805
273 276
327 328
1264 1267
1262 1267
1259 1267
18 1267
1265 1267
0 522
191 198
939 1013
20 1013
144 152
1288 1303
992 1008
995 1008
7 327
551 562
4 737
1 737
256 264
165 175
42 44
0 89
1859 1913
1829 1913
1472 1539
972 973
851 855
299 301
93 7645
5 7645
7644 7645
7182 7645
111 7645
7634 7645
7643 7645
7632 7645
7640 7645
19 7645
4 7645
7601 7645
7494 7645
7524 7645
7344 7645
7486 7645
231 7645
7284 7645
7405 7645
7584 7645
8959 9306
61 9306
9117 9306
9299 9306
9295 9306
12 9306
9305 9306
9304 9306
9195 9306
160 9306
4 9306
9301 9306
9139 9306
9072 9306
9303 9306
9257 9306
9266 9306
105 9306
3728 3760
34 3760
3758 3760
3759 3760
3753 3760
3730 3760
3722 3760
3757 3760
685 689
275 295
1445 1454
1452 1454
1360 1454
35 1454
625 626
201 203
404 405
787 794
792 794
842 844
574 657
1108 1110
148 150
0 1071
0 812
0 812
0 422
889 896
394 395
3 2339
0 135
15 324
0 721
65 79
202 204
5 811
1 368
0 380
0 380
0 384
7 152
0 98
66 68
9 446
0 777
1 777
1 884
864 884
1512 1514
851 876
7 348
0 169
656 663
661 663
301 303
237 240
438 441
1466 1474
0 733
1 1077
373 404
0 973
133 138
14 1618
544 567
873 876
160 176
4 2150
2094 2150
873 876
1 311
1575 1597
1498 1597
1587 1597
1556 1597
613 618
0 98
181 184
756 776
21 776
495 497
56 57
368 392
668 670
5 670
374 392
3 511
3 247
0 876
0 344
894 965
1530 1539
488 509
211 215
172 176
204 215
209 215
1379 1386
275 283
3 764
463 465
788 792
10264 10782
10034 10782
10563 10782
2 10782
10604 10782
10094 10782
10608 10782
10572 10782
146 10782
35 10782
10567 10782
10761 10782
10763 10782
10768 10782
10729 10782
10461 10782
38 10782
10052 10782
10653 10782
10341 10782
10159 10782
10459 10782
18 10782
10769 10782
10567 10782
10546 10782
0 224
5 767
2 144
33 540
2475 2510
33 2510
17 269
5 269
1266 1269
0 1269
23 919
1 782
3 448
0 931
3 931
2 247
84 89
2033 2038
21 2038
13 2038
420 446
716 737
1889 1898
1891 1898
13 584
1342 1360
8 2257
3 2257
1686 1695
2337 2339
1064 1072
677 746
699 746
1968 2150
2091 2150
3381 3410
3248 3410
3347 3410
728 746
2100 2150
2123 2150
748 764
732 746
424 456
586 590
2304 2449
2448 2449
182 191
4 777
2 266
1011 1027
5 976
24 976
3 3000
2993 3000
5 3000
33 3000
7 3000
2935 3000
3 202
0 456
721 777
367 381
2 295
185 186
440 441
0 94
8 68
246 287
237 240
15 142
238 240
1 655
2 1197
6 2831
4 2831
3 2831
1 2831
0 1331
4207 4210
4205 4210
4158 4210
4206 4210
4161 4210
4192 4210
61 4210
31 4210
4208 4210
4203 4210
4130 4210
1 20
200 209
0 677
10 677
2 1547
1523 1547
887 888
886 888
339 344
390 413
18 1012
0 1012
10 1012
263 269
0 467
501 504
1040 1110
1 585
2113 2128
2052 2128
1917 2128
925 960
1399 1483
1529 1536
1531 1536
1106 1110
0 1069
47 1069
1067 1069
1010 1014
753 811
1087 1110
422 423
0 93
170 183
372 384
706 724
2347 2375
2334 2375
2349 2375
174 178
780 788
782 788
785 788
776 788
781 788
784 788
775 788
779 788
777 788
0 203
218 226
4 4949
4760 4949
270 4949
15 4949
4886 4949
41 4949
184 4949
115 120
35 2150
2098 2150
2094 2150
637 653
681 689
4 2955
0 2955
2905 2955
3 2955
2931 2955
2910 2955
2902 2955
9 1695
427 439
431 439
223 225
13 2163
12 2163
1101 13875
13471 13875
10 13875
9 13875
20 13875
13279 13875
13651 13875
13564 13875
279 13875
13390 13875
12896 13875
13622 13875
13784 13875
13838 13875
20 2339
216 222
149 150
5 1164
4 1164
28 1164
1 2347
0 2347
3 2347
2 2347
629 633
5 384
3082 3126
2923 3126
3079 3126
3064 3126
37 3126
3036 3126
3054 3126
1071 1078
1077 1078
5 1078
259 267
0 1926
496 526
810 812
842 858
2 5657
15 5657
86 5657
3 5657
5601 5657
8 5657
5221 5657
5612 5657
1041 1042
422 423
4 218
159 172
65 1307
78 1021
379 384
399 400
237 240
226 247
155 176
0 247
8 124
608 618
1 247
1535 1708
25 1708
28 1708
7 1708
738 762
57 762
1 152
365 371
263 264
439 442
441 442
387 389
16 5642
20 5642
31 5642
254 5642
17 5642
7 5642
5621 5642
411 416
13 223
85 86
33 543
0 1403
0 1403
661 679
1 2517
0 87
661 689
2 336
0 89
146 153
2 1403
1961 1963
1954 1963
58 2002
1782 2002
1997 2002
146 147
146 147
155 163
263 264
1449 1539
21 264
555 590
174 181
225 241
12 465
8 764
27 764
744 764
262 295
1644 1652
1626 1652
1958 1967
85 86
0 1110
2 1183
1 1183
30 1183
866 876
386 389
1093 1124
1089 1124
0 1014
17 961
7 961
1 961
3 526
0 359
4 1130
0 257
1376 1386
801 842
1001 1042
20 257
2333 2403
2230 2403
2327 2403
104 106
372 375
8 617
268 270
269 270
339 340
298 327
7 380
509 518
586 587
581 587
0 384
414 424
263 264
12 699
1264 1317
1316 1317
1277 1317
118 120
0 594
0 538
0 603
21 1130
0 344
237 240
4 1241
121 122
850 855
1890 1898
1895 1898
1879 1898
1882 1898
377 384
14 17
903 914
15 777
158 163
4679 4713
4596 4713
4701 4713
4266 4713
4699 4713
34 4713
42 44
2123 2150
2111 2150
1 2150
4 2150
393 402
5 266
761 781
752 781
7 781
771 781
660 664
678 689
0 874
787 796
795 796
1392 1464
1354 1464
1432 1464
546 548
381 382
0 233
3 663
249 257
491 506
6 1012
240 257
21 626
0 371
14 782
69 3816
3806 3816
3771 3816
3740 3816
3728 3816
3810 3816
147 3816
338 340
123 1347
1324 1347
147 149
533 554
313 364
36 364
279 295
34 435
677 695
4 1247
5 1247
2 423
903 914
0 265
618 631
629 631
185 186
509 518
4 171
500 511
407 431
8 2308
1 2308
2175 2303
17 2303
141 145
1 145
9 145
0 467
516 518
402 405
314 318
404 423
290 324
387 389
9 8726
8696 8726
8303 8726
17 8726
8234 8726
8655 8726
8131 8726
8496 8726
8720 8726
8722 8726
7 8726
2 8726
19 8726
412 422
100 108
441 456
4 1036
6 1036
380 391
334 344
656 679
2 154
11 397
0 3066
1 3066
3056 3066
1179 1214
1185 1214
1476 1595
1455 1595
761 764
0 457
0 368
0 376
192 209
200 209
1 1191
0 1191
591 592
376 378
135 141
387 389
443 446
257 264
516 526
1068 1110
775 12734
450 12734
12733 12734
254 12734
12656 12734
12489 12734
316 12734
12279 12734
12367 12734
50 12734
16 12734
9 12734
288 12734
66 12734
12000 12734
119 12734
45 12734
12378 12734
202 203
0 89
614 653
16 295
0 841
0 441
381 384
875 876
1191 1264
1243 1264
1258 1264
0 404
8 1483
0 1110
543 590
565 590
260 264
106 107
6 1386
144 148
0 89
754 842
460 461
8 669
666 669
3 737
676 699
2 423
1 737
106 107
106 107
140 148
444 473
17 2629
2346 2629
8 2629
2616 2629
370 384
1587 1589
1567 1589
1550 1589
2 113
2664 2696
2689 2696
4 2696
766 774
2 664
945 987
983 987
985 987
22 4344
4268 4344
51 4344
11 4344
1 4344
17 4344
4111 4344
212 222
594 626
13 1376
1 1376
7 1376
1371 1376
555 558
679 680
674 680
231 234
10 177
12 177
380 384
435 441
430 441
7 376
1495 1511
1472 1511
0 522
521 522
0 169
1 737
2 664
467 479
2089 2238
2231 2238
2036 2238
1 2238
1059 1074
2 737
752 762
2483 2517
12 788
2299 2300
2274 2300
755 762
604 618
180 183
269 270
2 558
251 252
286 295
4 1913
1839 1913
652 656
3 656
653 656
238 240
404 423
31 764
372 373
433 446
1 357
2 423
1 632
568 590
542 562
8 456
0 9
293 587
553 562
959 1014
694 774
0 404
527 567
3 1407
569 594
11 690
631 690
231 250
126 127
294 295
7 2725
23 2725
21 2725
15 2725
22 2725
3 442
419 442
496 518
499 508
5 269
267 269
36 38
63 6094
21 6094
9 6094
13 6094
5570 6094
1350 1370
2728 2737
2559 2737
1355 1409
490 526
432 465
329 339
920 960
917 960
374 382
36 295
0 404
1 431
1517 1536
1 615
0 844
0 308
4 504
21 560
0 730
1 730
676 764
1584 1701
237 240
3 283
594 596
9 392
127 2339
2 2339
2 303
431 461
9 563
8 438
101 122
21 980
936 980
812 845
612 665
7 378
337 352
870 889
868 889
185 189
382 431
743 751
494 526
1948 1955
1926 1955
1950 1955
1944 1955
1815 1955
1951 1955
75 9453
9323 9453
66 9453
167 9453
9236 9453
96 9453
2 9453
54 9453
134 9453
68 9453
41 9453
107 9453
16 9453
29 9453
178 9453
3406 3604
3474 3604
49 3604
3439 3604
30 3604
2966 2982
2957 2982
2979 2982
2963 2982
2917 2982
10 1152
480 499
0 181
1 181
6 249
606 613
384 395
562 575
115 122
1090 1114
1106 1114
3 283
4 283
5 241
0 55
644 655
90 1887
1872 1887
31 1887
7507 7512
7495 7512
7504 7512
7417 7512
4 7512
7480 7512
7509 7512
28 7512
10 7512
7326 7512
7479 7512
7511 7512
7426 7512
7048 7512
7422 7512
314 328
11 623
2 106
73 82
2 305
191 196
139 151
3 439
318 328
1977 2031
56 4370
49 4370
35 4370
45 4370
26 4370
66 4370
19 4370
17 4370
328 340
0 360
0 269
0 413
827 887
177 187
2 187
1 534
1441 1539
23 726
251 257
197 202
729 764
730 764
443 473
8 729
9 729
5 729
170 174
1 593
1 326
10 282
58 59
4 2849
57 2849
9 2849
36 2849
1 225
389 435
31 435
0 522
0 146
477 479
13 399
2 587
554 562
774 788
783 788
784 788
776 788
778 788
781 788
772 788
775 788
779 788
17 473
9 473
1476 1528
1 1528
17 1904
1751 1904
719 733
213 219
2338 2417
2415 2417
15 594
5 594
7 594
2 620
0 620
1 476
10 476
0 405
1591 1695
85 91
1 91
0 1223
2 1223
3 1223
469 479
318 328
10 1879
4 1879
4797 4834
6 4834
4814 4834
4831 4834
21 4834
23 4834
143 145
718 739
8 336
323 361
4 177
376 413
738 759
190 191
189 191
8 240
225 233
175 177
2 176
0 318
33 807
37 807
712 761
3 446
0 931
1 931
0 1074
7 812
22 287
683 764
1042 1043
2 857
2 922
0 558
10 558
16 279
4 173
128 130
2 617
5 617
1602 1707
1702 1707
9 4275
146 4275
4253 4275
4098 4275
4141 4275
0 1149
1064 1149
1096 1149
2951 2971
2953 2971
3 336
1 318
1025 1026
0 92
85 92
297 311
146 161
761 774
125 127
375 379
388 400
427 428
0 381
558 562
11 497
392 393
3 279
319 323
380 395
11 223
0 362
493 509
4 2434
631 716
2 388
219 233
4 484
476 484
475 484
11 1075
72 1075
1027 1075
1037 1075
0 118
1 114
43 844
778 844
0 306
1721 1742
1698 1742
1708 1742
436 441
652 655
677 764
36 509
3663 3737
3578 3737
3 3737
2 3737
2 562
2065 2181
0 338
0 40
323 379
403 405
10 474
13 98
1119 1143
4 368
681 699
0 343
10 126
1 1644
1643 1644
10 767
8 767
9 767
1 20
281 310
0 354
2 61
265 297
668 727
381 395
1543 1618
223 233
2 381
4 473
17 217
2 152
10 768
8 171
1 567
1 301
2 461
774 788
781 788
784 788
775 788
777 788
780 788
772 788
773 788
776 788
396 405
645 653
4 139
6 324
960 973
1277 1386
627 633
653 664
1515 1618
386 395
0 295
336 344
227 230
2077 2219
376 385
4 527
0 1926
4 1926
537 548
1 919
693 699
464 472
322 327
0 821
4 821
15 821
0 526
2 567
25 1012
3 1012
4 1012
550 562
14 739
5 266
211 227
0 241
626 635
366 391
0 177
0 407
428 435
490 535
3 527
1 371
358 371
0 240
7 57
276 297
242 262
351 361
1292 1312
73 84
268 287
504 509
583 585
548 592
759 812
9 2339
280 290
0 948
1 948
415 448
963 973
3 360
387 389
1623 1646
1 2101
18 2101
5 2101
2002 2101
859 876
415 472
17 265
37 777
7 502
4 137
184 209
2 144
168 183
0 370
8 135
114 120
907 962
676 721
108 114
45 3218
1707 1747
0 231
1057 1110
1 153
274 290
18 397
314 325
309 319
362 382
42 5267
30 5267
23 5267
20 5267
97 5267
37 5267
58 5267
101 5267
9 5267
13 5267
15 5267
0 5267
24 5267
50 5267
4 1034
3 1034
20 2191
9 2191
7 247
6 247
33 1416
52 1027
3 319
1 1042
4 384
1 163
0 127
8 484
4 900
1 544
5 265
5 368
1 930
2304 2416
2260 2416
2247 2416
819 919
395 407
1 382
0 247
4 233
0 1183
1 1183
48 1183
1 1185
10 382
321 340
7 3763
3 3763
176 177
468 477
139 141
11 242
0 295
2 295
2 395
1 615
2 308
4 1695
443 511
0 227
251 257
36 2339
378 395
0 359
728 761
239 257
173 176
10 336
189 195
353 365
239 240
224 230
3 196
321 338
1103 1116
1105 1116
2 1124
0 300
1588 1623
848 906
0 57
0 188
1012 1057
0 233
671 721
313 318
729 735
0 699
0 446
0 310
0 165
442 465
988 1130
664 679
6 392
3 348
1866 1898
1883 1898
0 472
946 950
949 950
936 950
190 191
8 1695
321 324
263 282
4 861
68 1695
12 360
925 960
362 388
0 1701
452 453
451 453
241 247
1 461
294 295
981 1042
485 549
3 319
44 1110
4 2517
44 866
2 866
129 141
0 387
2 48
1656 1791
3 1791
19 511
263 275
2 286
399 423
141 191
1 950
506 509
0 861
319 364
300 364
373 378
3484 3651
12 364
320 364
273 298
665 679
4 654
176 177
597 605
2 392
2 392
18 569
0 43
410 414
266 272
312 327
1941 2050
82 2050
12 2050
597 617
1 927
15 1268
4 1268
11 1268
4 1413
146 157
2 317
781 790
764 790
3 812
1070 1077
578 584
4 562
1342 1360
1595 1695
382 405
33 587
126 127
12 1592
1 1592
4 1719
3 1719
1 1719
547 548
508 548
190 195
340 352
3 1043
2640 2703
2672 2703
2645 2703
2632 2703
1125 1165
391 395
2 1323
4 1323
1 1323
10 1323
5 1323
0 118
148 165
12 663
419 451
1 1536
1519 1526
1462 1526
1521 1526
0 116
26 327
2 587
123 139
4 325
1188 1288
0 116
6 240
8 217
37 712
23 1386
2332 2339
2457 2517
21 381
1 284
163 183
285 295
0 2517
90 2339
459 465
0 247
1 2517
0 55
1 281
1 247
1355 1360
436 461
3623 3761
566 590
3 594
23 378
1518 1539
6 108
125 4338
44 1552
1 152
12 646
10 306
656 657
652 657
950 1042
417 421
1038 1042
213 222
1013 1034
257 270
3 1104
0 486
491 502
56 57
25 816
43 2365
7 1074
0 187
2231 2236
2220 2236
2179 2236
2 2236
404 405
22 1110
483 497
213 222
118 120
0 151
0 1392
0 230
85 86
75 78
2210 2339
8 9
992 1021
308 318
4 308
21 279
752 762
87 88
2 721
13 1027
495 500
1 89
1 86
155 159
703 733
703 725
3 276
483 497
1121 1130
440 456
0 654
767 777
51 53
324 340
469 475
0 142
30 694
40 41
4 90
587 588
586 588
583 588
212 214
66 67
3 588
1 327
1 342
0 588
190 193
7 161
2 90
572 588
40 41
302 322
3 718
131 142
541 567
557 588
1 113
0 120
569 588
8 567
25 588
584 588
0 483
584 588
6 218
585 588
1 282
0 282
561 588
196 218
323 327
23 24
271 274
17 274
6 214
1 142
1 90
1 90
0 228
556 567
0 229
546 567
337 343
2 228
1 327
0 43
5 386
35 694
5 228
0 475
566 588
445 475
40 946
1 475
3 567
1 457
13 327
1 483
20 343
106 116
0 475
2 228
20 342
8 327
41 560
221 229
98 99
559 588
38 43
5 43
0 168
3 141
452 483
14 16
562 588
0 386
323 334
2 588
1 588
3 588
2 588
1 90
577 588
0 271
587 588
3 386
0 67
546 560
10 342
451 454
584 588
34 588
5 211
677 694
5 694
24 228
316 327
587 588
706 752
50 53
222 229
574 588
36 41
368 374
306 334
4 588
1 475
1 110
228 229
55 58
584 588
0 142
6 153
4 334
111 116
116 118
587 588
3 386
6 327
139 142
212 228
3 156
3 588
3 588
1 327
333 343
2 153
9 475
0 588
98 99
1 588
0 588
546 574
39 694
0 90
33 694
0 56
23 560
1 342
22 322
0 752
586 588
306 327
189 193
1 454
0 342
66 67
0 327
59 588
0 229
0 342
66 67
42 2673
0 211
10 483
323 327
226 228
4 33
14 962
1471 1539
0 125
0 120
73 80
1 816
0 554
1 176
400 406
0 66
11 473
0 977
0 844
0 290
478 502
87 88
2 275
144 147
5 515
1 1205
0 1403
29 1695
29 605
599 605
1322 1347
16 1347
1494 1516
0 295
469 473
0 59
967 1021
758 788
223 228
1100 1110
87 88
0 768
3 476
336 337
333 340
1662 1695
126 127
0 308
373 378
0 241
3 452
0 284
1 1900
0 1900
3 3101
0 3101
4 6
202 218
647 664
0 158
0 423
933 951
950 951
0 623
0 399
1524 1577
255 278
0 214
2072 2150
54 2150
0 145
1 404
0 1074
317 336
0 362
4 594
0 216
427 439
509 527
1372 1386
0 639
750 762
0 625
1 625
0 725
0 395
0 1036
14 1042
369 393
1505 1539
345 368
1518 1539
3 117
0 632
998 1042
2 518
5 567
15 452
0 1071
336 347
1 303
0 120
269 270
2034 2237
2232 2237
2218 2237
2177 2237
0 2237
0 233
29 1552
0 409
0 1230
2 1230
851 853
380 400
0 126
443 446
27 857
0 973
1 274
0 274
2 3390
112 3390
3 3390
4 3390
0 584
819 890
624 626
18 216
0 1346
0 247
2 287
75 79
0 196
184 191
279 7353
7351 7353
15 7353
6863 7353
465 7353
6 7353
7089 7353
7324 7353
7346 7353
331 7353
7314 7353
3 7353
7332 7353
96 7353
7205 7353
9 7353
139 141
2422 2466
2427 2466
2448 2466
2423 2466
1407 1456
10307 10604
10494 10604
10594 10604
5 10604
10449 10604
10583 10604
10121 10604
10122 10604
10432 10604
10457 10604
0 10604
10195 10604
10376 10604
9808 10604
9738 10604
10326 10604
1637 1655
1629 1655
0 407
1143 1162
1132 1162
1051 1162
1128 1162
477 479
2 623
0 87
544 564
8 391
0 295
0 590
489 508
1687 1695
1 47
778 788
784 788
785 788
779 788
780 788
787 788
782 788
776 788
781 788
226 230
0 739
428 436
1648 1695
0 247
619 626
566 567
114 115
1 48
326 344
638 684
47 764
570 582
979 1072
1808 1862
18 1862
5 369
874 876
0 625
216 233
921 937
931 937
898 937
0 230
1 421
270 272
7 218
802 812
811 826
0 919
5 887
1 1072
126 2339
930 958
887 958
8 1623
140 141
789 792
770 811
0 2330
2 2330
3 247
10 974
118 120
0 182
409 423
0 1967
0 30
21 384
1 549
1148 1153
0 497
183 188
454 498
155 157
146 157
2338 2339
1 950
56 57
1 135
447 473
0 962
1 448
0 163
16 414
8 1161
1 1161
2 1161
0 117
0 96
0 1403
0 1346
1 139
1084 1110
471 473
35 318
0 318
0 700
0 162
34 1967
1492 1539
0 1539
104 106
7 5662
1 5662
8 5662
5 5662
10 5662
1477 1536
4 1536
605 625
2553 2565
2544 2565
2547 2565
2 2565
2550 2565
4 2565
1746 1747
382 384
1 183
1228 1249
1246 1249
0 87
18 812
738 746
2113 2128
47 2128
38 2128
472 473
0 67
122 124
160 178
0 764
0 379
2 2396
0 2396
1 2396
843 890
882 890
21 890
0 38
4 2407
0 2407
10 2407
5 2407
713 735
553 581
0 581
1 385
2 385
0 615
4 139
634 641
14 448
998 1064
1063 1064
4 2225
87 89
0 941
2 89
0 1419
5 452
2 80
534 554
0 89
1293 1294
1239 1294
25 381
1923 1948
1947 1948
1945 1948
1944 1948
27 962
421 448
1 352
136 137
1 594
2 1708
0 1708
280 287
0 25
813 816
618 626
86 90
11 2339
0 1536
226 233
56 69
0 319
779 796
445 446
1 527
5 142
352 369
17 153
582 590
0 385
206 413
2 446
2198 2395
2212 2395
394 404
295 592
15 2163
2071 2163
2137 2163
1 55
169 191
43 2423
3 2423
2420 2423
337 344
3 196
451 452
33 1403
0 1205
3 1205
5 1014
274 294
1 448
85 86
0 395
840 844
0 844
0 303
1358 1360
0 812
104 107
0 562
476 479
433 467
1731 1733
1710 1733
1718 1733
76 80
8 739
418 446
234 247
379 389
0 733
202 215
2 295
1 431
0 175
129 130
185 187
2 135
0 284
364 371
311 330
1664 1724
1 1724
87 1724
493 549
906 919
1100 1139
0 896
1 896
3 437
0 103
252 264
0 261
1 264
628 648
1463 1577
1490 1501
1497 1501
1496 1501
2 617
1601 1618
0 285
6 504
114 115
47 48
246 247
19 737
0 223
0 509
305 311
1 594
470 477
1 345
2 733
25 789
6 789
0 605
1712 1747
345 347
1506 1511
1504 1511
0 362
146 147
281 307
138 139
137 139
349 382
1720 1766
782 788
778 788
784 788
772 788
783 788
780 788
771 788
777 788
775 788
693 694
1 694
305 307
172 174
343 371
1035 1077
531 537
5 178
100 103
275 290
3155 3159
3150 3159
3147 3159
1315 1331
6 50
1 716
16 508
1900 1909
1905 1909
7 1909
1599 1618
1593 1618
0 384
0 384
0 102
92 94
0 585
429 474
520 535
0 261
294 295
0 169
4 148
9 183
860 876
2 733
2 1787
1758 1787
1785 1787
534 617
0 1553
2 1553
3 504
1 343
4 632
0 127
502 504
4 1083
2 65
1052 1144
173 178
2 172
7 240
398 431
917 919
492 498
1 1618
1457 1475
357 368
3 26
138 1965
18 1965
2 1965
12 1965
3 1965
21 1965
124 125
163 175
53 55
366 379
0 229
0 229
2 230
0 1042
343 344
322 323
726 746
874 876
470 479
395 406
475 504
158 171
520 575
744 764
1836 1913
1731 1913
1020 1057
5 269
0 173
323 344
0 772
0 242
6 1695
1684 1695
379 382
744 764
0 175
93 94
0 811
0 394
0 1287
0 176
136 139
0 310
1 360
220 230
1 811
0 381
0 1129
1115 1129
1047 1129
1 638
1068 1071
2 1410
1408 1410
1409 1410
0 811
476 497
0 37
0 285
303 305
6 256
1 360
232 233
616 623
0 1061
256 260
440 452
552 563
589 592
2 144
311 327
0 617
336 337
361 362
5881 5976
94 5976
5972 5976
5586 5976
61 5976
5975 5976
5741 5976
5854 5976
5921 5976
1058 1075
378 379
634 661
0 162
37 2517
8 431
89 100
0 1386
812 850
8 511
404 405
1099 1102
0 1102
0 370
189 196
1 361
832 841
696 698
0 124
0 290
217 218
431 439
216 229
0 349
0 89
0 360
329 333
327 333
6 526
121 122
0 412
182 196
0 874
3 247
889 896
1 338
2 338
1 142
1778 1779
133 1779
113 1779
83 1779
36 1238
865 876
1816 1853
1835 1853
82 1853
67 592
560 564
0 173
1462 1539
0 158
799 812
582 584
307 328
249 262
5 816
95 99
4 796
377 404
135 146
344 345
4 464
224 228
261 274
840 919
500 502
1099 1110
103 122
440 446
489 518
4 141
14 585
560 561
2798 2808
1354 1357
100 1416
3 204
4 100
14 563
0 564
465 473
32 1110
0 339
163 327
1 308
268 295
1 587
0 777
556 558
148 149
206 209
1 279
898 962
2 3095
3 3095
4 3095
16 1617
4 1617
1 1617
12 1617
317 318
325 327
1688 1767
1736 1767
1759 1767
1701 1767
238 240
0 1071
0 522
0 1618
442 465
426 465
439 465
