380 384
372 375
9 392
557 576
2 576
759 776
22 776
472 511
2202 2287
2211 2287
11 745
5 745
33 914
1 338
412 448
664 691
686 691
180 183
902 914
1119 1155
1145 1155
1016 1155
7 1155
4 1155
1335 1370
30 1623
7385 7389
7374 7389
7332 7389
12 7389
129 7389
7377 7389
7257 7389
1 7389
22 7389
7295 7389
7007 7389
2309 2339
2 615
1276 1288
167 176
1256 1265
1184 1265
1225 1265
148 150
71 79
21 1983
1952 1983
6 1983
1935 1983
7 269
347 397
1174 1208
47 1208
1163 1208
1463 1474
236 240
418 448
556 558
1021 1113
0 1113
0 79
303 305
399 400
366 388
562 590
1394 1483
3 152
141 152
795 796
1484 1536
0 805
271 276
327 328
1264 1267
1263 1267
1259 1267
47 1267
1265 1267
0 522
191 198
964 1013
16 1013
145 152
1288 1303
989 1008
995 1008
5 327
548 562
1 737
3 737
253 264
167 175
42 44
0 89
1853 1913
1823 1913
1459 1539
972 973
851 855
299 301
75 7645
28 7645
7644 7645
7097 7645
116 7645
7636 7645
7643 7645
7631 7645
7637 7645
18 7645
3 7645
7594 7645
7466 7645
7487 7645
7325 7645
7444 7645
199 7645
7259 7645
7403 7645
7570 7645
8946 9306
8503 9306
9020 9306
9299 9306
9297 9306
17 9306
9305 9306
9304 9306
9196 9306
268 9306
7 9306
9303 9306
9143 9306
9102 9306
9301 9306
9255 9306
9274 9306
310 9306
3730 3760
95 3760
3758 3760
3759 3760
3753 3760
3727 3760
3719 3760
3757 3760
683 689
272 295
1448 1454
1452 1454
1380 1454
66 1454
624 626
201 203
403 405
786 794
792 794
839 844
572 657
1104 1110
148 150
0 1071
0 812
0 812
0 422
892 896
394 395
11 2339
0 135
14 324
0 721
68 79
202 204
5 811
1 368
0 380
0 380
0 384
7 152
1 98
66 68
7 446
0 777
1 777
1 884
874 884
1512 1514
852 876
2 348
0 169
655 663
661 663
301 303
237 240
437 441
1464 1474
0 733
0 1077
378 404
0 973
132 138
16 1618
547 567
874 876
155 176
4 2150
2082 2150
873 876
1 311
1558 1597
1545 1597
1587 1597
1569 1597
613 618
0 98
181 184
765 776
731 776
495 497
56 57
378 392
668 670
6 670
381 392
9 511
2 247
2 876
0 344
902 965
1530 1539
487 509
210 215
171 176
201 215
206 215
1378 1386
274 283
3 764
463 465
786 792
10115 10782
10229 10782
10583 10782
2 10782
10660 10782
9999 10782
10652 10782
10525 10782
9540 10782
215 10782
10598 10782
10757 10782
10765 10782
10766 10782
10731 10782
10416 10782
360 10782
10250 10782
10655 10782
10328 10782
10498 10782
10429 10782
30 10782
10767 10782
10598 10782
10657 10782
1 224
18 767
2 144
30 540
2482 2510
27 2510
13 269
5 269
1258 1269
0 1269
28 919
1 782
424 448
0 931
12 931
2 247
85 89
2033 2038
19 2038
10 2038
422 446
713 737
1889 1898
1891 1898
11 584
1330 1360
25 2257
3 2257
1680 1695
2338 2339
1069 1072
693 746
691 746
2018 2150
2099 2150
3385 3410
3302 3410
3353 3410
733 746
2089 2150
2117 2150
750 764
726 746
428 456
585 590
2349 2449
2448 2449
184 191
737 777
14 266
1008 1027
4 976
21 976
2 3000
2996 3000
4 3000
26 3000
11 3000
2900 3000
3 202
0 456
754 777
367 381
1 295
185 186
440 441
0 94
57 68
22 287
237 240
8 142
238 240
1 655
1 1197
5 2831
4 2831
3 2831
2 2831
3 1331
4206 4210
4207 4210
4145 4210
4204 4210
4168 4210
4190 4210
91 4210
65 4210
4208 4210
4205 4210
4146 4210
1 20
201 209
0 677
9 677
4 1547
1527 1547
887 888
886 888
340 344
389 413
17 1012
0 1012
8 1012
264 269
0 467
500 504
1028 1110
16 585
2105 2128
2027 2128
1983 2128
931 960
1406 1483
1515 1536
1524 1536
1106 1110
0 1069
40 1069
1067 1069
1011 1014
777 811
1081 1110
422 423
0 93
168 183
377 384
711 724
2344 2375
2315 2375
2336 2375
174 178
777 788
781 788
784 788
773 788
779 788
783 788
771 788
775 788
774 788
0 203
219 226
13 4949
4768 4949
4684 4949
33 4949
4895 4949
36 4949
129 4949
115 120
30 2150
2104 2150
2096 2150
639 653
675 689
4 2955
0 2955
2922 2955
3 2955
2919 2955
2908 2955
2923 2955
9 1695
427 439
429 439
223 225
11 2163
37 2163
12330 13875
13644 13875
9 13875
23 13875
37 13875
13354 13875
13602 13875
13528 13875
13048 13875
13281 13875
12747 13875
13509 13875
13780 13875
13840 13875
21 2339
216 222
149 150
3 1164
2 1164
1082 1164
1 2347
0 2347
3 2347
2 2347
629 633
365 384
3082 3126
2958 3126
3088 3126
3070 3126
2702 3126
3030 3126
3062 3126
1071 1078
1077 1078
5 1078
259 267
0 1926
496 526
806 812
833 858
3 5657
13 5657
101 5657
2 5657
5586 5657
9 5657
5256 5657
5613 5657
1041 1042
422 423
203 218
154 172
1129 1307
59 1021
380 384
399 400
237 240
222 247
157 176
0 247
109 124
605 618
1 247
1511 1708
18 1708
19 1708
6 1708
747 762
741 762
6 152
365 371
263 264
439 442
441 442
387 389
17 5642
18 5642
27 5642
214 5642
24 5642
7 5642
5615 5642
411 416
192 223
85 86
31 543
0 1403
0 1403
645 679
1 2517
0 87
657 689
1 336
0 89
143 153
20 1403
1960 1963
1953 1963
1825 2002
1841 2002
1997 2002
146 147
146 147
156 163
263 264
1497 1539
260 264
560 590
174 181
226 241
10 465
8 764
18 764
739 764
259 295
1643 1652
1629 1652
1957 1967
85 86
0 1110
1 1183
2 1183
1094 1183
856 876
386 389
1093 1124
1070 1124
0 1014
918 961
7 961
1 961
3 526
0 359
3 1130
0 257
1377 1386
808 842
1000 1042
241 257
2314 2403
2194 2403
2311 2403
102 106
372 375
8 617
268 270
269 270
338 340
305 327
5 380
509 518
586 587
582 587
0 384
405 424
263 264
676 699
1271 1317
1313 1317
1293 1317
118 120
0 594
0 538
0 603
22 1130
0 344
237 240
12 1241
121 122
849 855
1889 1898
1892 1898
1886 1898
1887 1898
380 384
14 17
903 914
43 777
156 163
4678 4713
4622 4713
4699 4713
4170 4713
4698 4713
4418 4713
42 44
2118 2150
2098 2150
1 2150
4 2150
391 402
245 266
761 781
756 781
6 781
770 781
660 664
681 689
0 874
790 796
795 796
1387 1464
1404 1464
1436 1464
544 548
380 382
0 233
4 663
249 257
496 506
5 1012
237 257
558 626
2 371
10 782
3690 3816
3805 3816
3763 3816
3720 3816
3746 3816
3806 3816
125 3816
338 340
1230 1347
1318 1347
147 149
533 554
315 364
312 364
278 295
29 435
676 695
3 1247
5 1247
2 423
900 914
0 265
616 631
629 631
185 186
509 518
156 171
502 511
407 431
11 2308
1 2308
2159 2303
24 2303
140 145
2 145
9 145
0 467
514 518
401 405
314 318
412 423
281 324
387 389
10 8726
8688 8726
8234 8726
15 8726
8331 8726
8639 8726
8318 8726
8486 8726
8720 8726
8722 8726
5 8726
16 8726
225 8726
411 422
99 108
438 456
3 1036
4 1036
377 391
335 344
632 679
4 154
8 397
0 3066
1 3066
3059 3066
1179 1214
1181 1214
1495 1595
1486 1595
760 764
0 457
0 368
0 376
197 209
203 209
1 1191
0 1191
591 592
376 378
132 141
387 389
443 446
254 264
516 526
1076 1110
694 12734
11834 12734
12733 12734
295 12734
12652 12734
12509 12734
395 12734
12450 12734
12390 12734
136 12734
14 12734
8 12734
700 12734
73 12734
12042 12734
109 12734
39 12734
12348 12734
202 203
0 89
618 653
14 295
0 841
0 441
381 384
871 876
1187 1264
1232 1264
1258 1264
0 404
6 1483
0 1110
555 590
566 590
259 264
106 107
4 1386
143 148
2 89
20 842
460 461
4 669
664 669
12 737
689 699
6 423
6 737
106 107
106 107
141 148
457 473
21 2629
2461 2629
23 2629
2613 2629
377 384
1587 1589
1569 1589
1545 1589
2 113
2654 2696
2682 2696
10 2696
763 774
2 664
939 987
983 987
985 987
37 4344
4267 4344
3848 4344
18 4344
7 4344
31 4344
4143 4344
215 222
588 626
13 1376
0 1376
6 1376
1375 1376
556 558
679 680
669 680
231 234
7 177
9 177
380 384
435 441
430 441
4 376
1495 1511
1486 1511
1 522
520 522
0 169
4 737
2 664
466 479
2133 2238
2227 2238
2081 2238
1 2238
1063 1074
1 737
752 762
2481 2517
751 788
2299 2300
2265 2300
753 762
607 618
180 183
269 270
1 558
251 252
285 295
3 1913
1866 1913
651 656
4 656
653 656
238 240
407 423
27 764
371 373
427 446
1 357
23 423
1 632
569 590
536 562
7 456
0 9
293 587
549 562
962 1014
675 774
0 404
525 567
3 1407
564 594
621 690
625 690
238 250
125 127
294 295
5 2725
19 2725
18 2725
9 2725
17 2725
5 442
409 442
501 518
499 508
3 269
267 269
36 38
193 6094
17 6094
6 6094
11 6094
5888 6094
1355 1370
2728 2737
2530 2737
1349 1409
487 526
433 465
326 339
923 960
920 960
374 382
249 295
0 404
1 431
1510 1536
1 615
0 844
0 308
2 504
532 560
1 730
0 730
663 764
1635 1701
237 240
4 283
594 596
13 392
62 2339
1 2339
3 303
427 461
550 563
6 438
105 122
19 980
927 980
808 845
597 665
6 378
334 352
871 889
875 889
186 189
393 431
743 751
488 526
1948 1955
1928 1955
1949 1955
1940 1955
1804 1955
1950 1955
115 9453
9320 9453
75 9453
325 9453
9223 9453
86 9453
8 9453
97 9453
189 9453
128 9453
34 9453
149 9453
22 9453
53 9453
154 9453
3450 3604
3497 3604
35 3604
3424 3604
21 3604
2957 2982
2945 2982
2980 2982
2951 2982
2901 2982
9 1152
488 499
0 181
1 181
8 249
606 613
384 395
558 575
115 122
1074 1114
1103 1114
1 283
3 283
5 241
0 55
648 655
1810 1887
1872 1887
25 1887
7507 7512
7489 7512
7503 7512
7401 7512
8 7512
7453 7512
7506 7512
50 7512
26 7512
7334 7512
7477 7512
7510 7512
7455 7512
7211 7512
7394 7512
315 328
11 623
2 106
72 82
3 305
188 196
137 151
3 439
320 328
1967 2031
47 4370
41 4370
30 4370
37 4370
22 4370
117 4370
16 4370
15 4370
330 340
0 360
0 269
0 413
823 887
177 187
1 187
1 534
1495 1539
19 726
251 257
196 202
743 764
747 764
441 473
5 729
13 729
3 729
171 174
1 593
1 326
9 282
57 59
2 2849
49 2849
12 2849
33 2849
1 225
382 435
24 435
0 522
0 146
477 479
11 399
5 587
551 562
772 788
780 788
782 788
775 788
777 788
779 788
768 788
773 788
776 788
11 473
8 473
1484 1528
1 1528
6 1904
1756 1904
712 733
213 219
2343 2417
2416 2417
13 594
4 594
11 594
12 620
1 620
1 476
9 476
1 405
1602 1695
86 91
1 91
0 1223
1 1223
3 1223
468 479
316 328
9 1879
6 1879
4804 4834
9 4834
4807 4834
4831 4834
15 4834
27 4834
143 145
728 739
7 336
329 361
162 177
369 413
740 759
190 191
188 191
4 240
223 233
175 177
1 176
0 318
21 807
25 807
734 761
409 446
0 931
4 931
0 1074
4 812
238 287
707 764
1042 1043
2 857
2 922
0 558
7 558
10 279
1 173
124 130
2 617
3 617
1605 1707
1701 1707
6 4275
99 4275
4243 4275
4036 4275
4091 4275
0 1149
1076 1149
1104 1149
2952 2971
2955 2971
3 336
1 318
1025 1026
0 92
85 92
294 311
139 161
747 774
125 127
375 379
387 400
427 428
1 381
554 562
472 497
392 393
1 279
319 323
378 395
10 223
0 362
487 509
3 2434
643 716
2 388
215 233
29 484
477 484
475 484
61 1075
55 1075
1021 1075
1039 1075
0 118
0 114
797 844
788 844
0 306
1712 1742
1679 1742
1692 1742
435 441
652 655
684 764
39 509
3655 3737
3641 3737
3 3737
2 3737
1 562
2073 2181
0 338
0 40
335 379
403 405
437 474
13 98
1118 1143
2 368
688 699
0 343
8 126
1 1644
1643 1644
11 767
7 767
3 767
1 20
278 310
0 354
2 61
260 297
659 727
383 395
1551 1618
222 233
1 381
5 473
206 217
2 152
673 768
8 171
1 567
1 301
2 461
774 788
780 788
783 788
775 788
777 788
781 788
769 788
773 788
776 788
399 405
642 653
4 139
6 324
959 973
1249 1386
629 633
654 664
1492 1618
382 395
0 295
335 344
227 230
2057 2219
374 385
5 527
0 1926
4 1926
540 548
1 919
691 699
463 472
323 327
0 821
4 821
10 821
0 526
2 567
24 1012
1 1012
2 1012
549 562
10 739
4 266
207 227
0 241
625 635
372 391
0 177
0 407
427 435
505 535
2 527
7 371
356 371
0 240
5 57
277 297
257 262
350 361
1289 1312
71 84
260 287
505 509
582 585
537 592
755 812
6 2339
277 290
0 948
1 948
413 448
964 973
2 360
388 389
1619 1646
1 2101
12 2101
4 2101
2039 2101
855 876
425 472
232 265
704 777
5 502
3 137
182 209
2 144
165 183
0 370
128 135
114 120
902 962
674 721
107 114
2902 3218
1696 1747
0 231
1057 1110
2 153
273 290
14 397
316 325
308 319
359 382
39 5267
25 5267
19 5267
17 5267
85 5267
32 5267
54 5267
89 5267
7 5267
10 5267
12 5267
0 5267
20 5267
47 5267
3 1034
896 1034
25 2191
10 2191
6 247
2 247
29 1416
47 1027
3 319
1 1042
3 384
1 163
0 127
464 484
4 900
2 544
3 265
4 368
1 930
2268 2416
2267 2416
2224 2416
815 919
392 407
1 382
0 247
4 233
1 1183
4 1183
1118 1183
4 1185
7 382
327 340
5 3763
2 3763
176 177
466 477
139 141
10 242
0 295
2 295
2 395
559 615
1 308
3 1695
456 511
6 227
250 257
2198 2339
380 395
0 359
737 761
230 257
173 176
13 336
188 195
358 365
238 240
224 230
1 196
323 338
1103 1116
1101 1116
1 1124
0 300
1592 1623
851 906
0 57
0 188
1028 1057
0 233
677 721
314 318
730 735
679 699
0 446
0 310
0 165
436 465
974 1130
669 679
5 392
5 348
1887 1898
1889 1898
0 472
946 950
949 950
934 950
190 191
7 1695
321 324
261 282
4 861
1605 1695
9 360
926 960
362 388
0 1701
452 453
451 453
241 247
1 461
294 295
978 1042
511 549
3 319
32 1110
10 2517
770 866
2 866
126 141
0 387
2 48
1676 1791
19 1791
14 511
260 275
12 286
406 423
9 191
2 950
506 509
0 861
330 364
322 364
371 378
3515 3651
301 364
311 364
265 298
660 679
9 654
176 177
599 605
5 392
2 392
14 569
0 43
405 414
265 272
313 327
1930 2050
71 2050
9 2050
586 617
1 927
14 1268
2 1268
11 1268
4 1413
147 157
7 317
776 790
757 790
15 812
1058 1077
573 584
2 562
1341 1360
1639 1695
380 405
31 587
126 127
10 1592
1 1592
4 1719
3 1719
2 1719
547 548
516 548
190 195
338 352
2 1043
2661 2703
2667 2703
2679 2703
2654 2703
1115 1165
391 395
2 1323
5 1323
1 1323
13 1323
4 1323
0 118
143 165
595 663
415 451
0 1536
1517 1526
1463 1526
1521 1526
0 116
301 327
2 587
121 139
4 325
1168 1288
0 116
18 240
20 217
31 712
35 1386
2329 2339
2448 2517
20 381
1 284
164 183
284 295
0 2517
58 2339
462 465
0 247
65 2517
0 55
4 281
1 247
1348 1360
428 461
3587 3761
565 590
3 594
19 378
1501 1539
7 108
257 4338
32 1552
5 152
9 646
13 306
656 657
650 657
972 1042
418 421
1036 1042
213 222
1011 1034
263 270
2 1104
0 486
487 502
56 57
779 816
2189 2365
7 1074
0 187
2226 2236
2218 2236
2174 2236
1 2236
404 405
1036 1110
483 497
213 222
117 120
0 151
0 1392
0 230
85 86
75 78
2205 2339
8 9
987 1021
310 318
2 308
16 279
749 762
87 88
1 721
10 1027
495 500
1 89
0 86
154 159
706 733
703 725
3 276
483 497
1121 1130
441 456
1 654
760 777
52 53
326 340
469 475
0 142
639 694
40 41
3 90
587 588
586 588
577 588
213 214
66 67
549 588
1 327
1 342
1 588
191 193
6 161
2 90
568 588
40 41
300 322
3 718
133 142
545 567
557 588
1 113
0 120
578 588
7 567
23 588
583 588
1 483
586 588
3 218
585 588
1 282
1 282
560 588
197 218
323 327
23 24
271 274
14 274
201 214
1 142
1 90
1 90
0 228
559 567
2 229
545 567
333 343
4 228
1 327
0 43
5 386
661 694
3 228
0 475
572 588
449 475
32 946
1 475
4 567
1 457
9 327
1 483
26 343
106 116
0 475
1 228
321 342
21 327
28 560
221 229
98 99
555 588
5 43
5 43
0 168
3 141
461 483
14 16
574 588
0 386
327 334
2 588
1 588
3 588
2 588
1 90
575 588
0 271
587 588
3 386
0 67
538 560
8 342
450 454
582 588
552 588
182 211
659 694
4 694
212 228
310 327
587 588
705 752
50 53
221 229
575 588
36 41
372 374
302 334
3 588
1 475
0 110
227 229
55 58
584 588
0 142
130 153
2 334
110 116
116 118
587 588
2 386
11 327
139 142
211 228
3 156
3 588
9 588
1 327
332 343
2 153
17 475
0 588
98 99
6 588
1 588
543 574
635 694
0 90
634 694
0 56
17 560
2 342
20 322
0 752
587 588
298 327
188 193
1 454
0 342
66 67
0 327
55 588
0 229
0 342
66 67
31 2673
0 211
11 483
323 327
225 228
4 33
15 962
1500 1539
0 125
0 120
73 80
1 816
0 554
1 176
398 406
0 66
7 473
0 977
0 844
0 290
473 502
87 88
2 275
144 147
5 515
0 1205
0 1403
1631 1695
537 605
602 605
1327 1347
1281 1347
1500 1516
0 295
464 473
0 59
968 1021
761 788
221 228
1098 1110
87 88
0 768
3 476
336 337
333 340
1663 1695
126 127
0 308
371 378
0 241
4 452
0 284
1 1900
0 1900
13 3101
0 3101
4 6
208 218
649 664
0 158
0 423
937 951
950 951
0 623
0 399
1528 1577
267 278
2 214
2053 2150
1901 2150
11 145
1 404
0 1074
320 336
0 362
4 594
0 216
425 439
507 527
1372 1386
0 639
743 762
0 625
1 625
0 725
0 395
0 1036
961 1042
370 393
1488 1539
348 368
1511 1539
103 117
0 632
1015 1042
1 518
2 567
430 452
0 1071
336 347
1 303
0 120
269 270
2023 2237
2232 2237
2207 2237
2159 2237
0 2237
0 233
23 1552
0 409
0 1230
2 1230
851 853
389 400
0 126
444 446
35 857
0 973
1 274
0 274
1 3390
162 3390
3 3390
4 3390
0 584
815 890
622 626
13 216
0 1346
0 247
1 287
74 79
0 196
183 191
357 7353
7352 7353
10 7353
6984 7353
7140 7353
4 7353
7074 7353
7318 7353
7346 7353
220 7353
7322 7353
3 7353
7332 7353
67 7353
7186 7353
8 7353
137 141
2415 2466
2422 2466
2444 2466
2402 2466
1398 1456
10473 10604
10540 10604
10596 10604
10 10604
10532 10604
10585 10604
10248 10604
10009 10604
10515 10604
10517 10604
0 10604
10230 10604
10400 10604
9650 10604
9987 10604
10292 10604
1635 1655
1623 1655
0 407
1146 1162
1142 1162
1130 1162
1141 1162
475 479
2 623
0 87
540 564
350 391
0 295
0 590
488 508
1685 1695
1 47
772 788
782 788
784 788
773 788
774 788
786 788
781 788
771 788
778 788
224 230
0 739
427 436
1633 1695
0 247
614 626
566 567
114 115
1 48
324 344
625 684
31 764
568 582
960 1072
1807 1862
21 1862
5 369
874 876
0 625
217 233
918 937
933 937
873 937
0 230
1 421
270 272
204 218
799 812
806 826
0 919
5 887
1 1072
2056 2339
925 958
906 958
22 1623
139 141
785 792
783 811
0 2330
2 2330
2 247
7 974
118 120
0 182
406 423
0 1967
0 30
369 384
2 549
1143 1153
0 497
182 188
452 498
154 157
146 157
2337 2339
1 950
56 57
1 135
448 473
0 962
410 448
0 163
382 414
13 1161
2 1161
1 1161
0 117
0 96
0 1403
0 1346
1 139
1097 1110
470 473
21 318
0 318
0 700
0 162
23 1967
1470 1539
2 1539
102 106
7 5662
1 5662
4 5662
2 5662
8 5662
1456 1536
43 1536
605 625
2552 2565
2544 2565
2550 2565
6 2565
2545 2565
1 2565
1746 1747
383 384
1 183
1228 1249
1241 1249
0 87
40 812
734 746
2119 2128
1990 2128
2004 2128
472 473
0 67
120 124
155 178
0 764
0 379
2 2396
0 2396
1 2396
852 890
884 890
849 890
0 38
3 2407
6 2407
2243 2407
4 2407
700 735
570 581
0 581
1 385
2 385
7 615
123 139
630 641
417 448
1011 1064
1063 1064
5 2225
84 89
0 941
69 89
0 1419
0 452
75 80
518 554
0 89
1292 1294
1232 1294
358 381
1920 1948
1947 1948
1945 1948
1944 1948
871 962
420 448
1 352
136 137
1 594
2 1708
0 1708
277 287
0 25
812 816
618 626
85 90
28 2339
0 1536
227 233
54 69
0 319
787 796
444 446
1 527
1 142
349 369
139 153
585 590
1 385
411 413
2 446
2179 2395
2155 2395
389 404
295 592
2079 2163
2107 2163
2150 2163
0 55
175 191
2217 2423
55 2423
2420 2423
336 344
2 196
451 452
1289 1403
2 1205
1 1205
3 1014
287 294
6 448
85 86
0 395
839 844
3 844
0 303
1358 1360
0 812
103 107
0 562
474 479
433 467
1731 1733
1709 1733
1723 1733
73 80
24 739
412 446
231 247
385 389
1 733
198 215
3 295
0 431
160 175
129 130
185 187
2 135
0 284
364 371
306 330
1666 1724
1 1724
69 1724
495 549
904 919
1090 1139
0 896
1 896
3 437
0 103
251 264
0 261
2 264
632 648
1519 1577
1480 1501
1497 1501
1493 1501
557 617
1606 1618
0 285
5 504
114 115
47 48
246 247
695 737
0 223
0 509
305 311
564 594
465 477
319 345
2 733
742 789
6 789
0 605
1695 1747
345 347
1505 1511
1503 1511
0 362
146 147
278 307
138 139
137 139
351 382
1725 1766
779 788
780 788
783 788
776 788
781 788
782 788
774 788
778 788
777 788
693 694
660 694
304 307
171 174
345 371
1029 1077
531 537
4 178
101 103
276 290
3152 3159
3148 3159
3145 3159
1310 1331
7 50
1 716
492 508
1908 1909
1904 1909
1886 1909
1573 1618
1582 1618
0 384
0 384
0 102
92 94
0 585
422 474
513 535
0 261
294 295
0 169
144 148
9 183
858 876
2 733
1 1787
1759 1787
1785 1787
526 617
0 1553
1 1553
3 504
1 343
536 632
0 127
501 504
53 1083
2 65
1048 1144
169 178
1 172
4 240
392 431
917 919
487 498
2 1618
1464 1475
356 368
25 26
1827 1965
19 1965
2 1965
8 1965
3 1965
18 1965
124 125
169 175
53 55
360 379
0 229
0 229
1 230
0 1042
343 344
322 323
721 746
874 876
469 479
402 406
486 504
160 171
516 575
749 764
1858 1913
1801 1913
1027 1057
4 269
0 173
330 344
0 772
0 242
1613 1695
1681 1695
380 382
733 764
0 175
92 94
0 811
0 394
0 1287
0 176
137 139
0 310
2 360
215 230
3 811
0 381
0 1129
1103 1129
1053 1129
0 638
1067 1071
14 1410
1407 1410
1409 1410
0 811
485 497
0 37
0 285
303 305
12 256
1 360
232 233
622 623
0 1061
253 260
446 452
549 563
589 592
1 144
310 327
0 617
336 337
361 362
5918 5976
5391 5976
5968 5976
5515 5976
49 5976
5974 5976
5618 5976
5824 5976
5858 5976
1056 1075
376 379
634 661
154 162
28 2517
8 431
94 100
0 1386
808 850
4 511
403 405
1099 1102
0 1102
2 370
188 196
1 361
834 841
696 698
0 124
0 290
217 218
430 439
212 229
0 349
2 89
0 360
327 333
328 333
6 526
121 122
0 412
186 196
0 874
12 247
890 896
2 338
1 338
1 142
1778 1779
114 1779
1760 1779
1719 1779
1179 1238
871 876
1808 1853
1818 1853
43 1853
61 592
559 564
0 173
1484 1539
0 158
795 812
582 584
310 328
245 262
3 816
95 99
4 796
376 404
136 146
344 345
5 464
224 228
253 274
847 919
500 502
1103 1110
101 122
440 446
490 518
2 141
15 585
560 561
2797 2808
1348 1357
84 1416
4 204
6 100
10 563
0 564
465 473
24 1110
0 339
163 327
1 308
267 295
1 587
0 777
556 558
148 149
200 209
2 279
899 962
2 3095
3 3095
4 3095
21 1617
3 1617
0 1617
23 1617
317 318
325 327
1700 1767
1733 1767
1753 1767
1690 1767
238 240
0 1071
0 522
0 1618
445 465
433 465
451 465
