381 384
372 375
373 392
562 576
11 576
769 776
737 776
474 511
2192 2287
2230 2287
664 745
1 745
828 914
299 338
430 448
673 691
686 691
181 183
901 914
1109 1155
1142 1155
1014 1155
6 1155
3 1155
1324 1370
25 1623
7386 7389
7374 7389
7330 7389
15 7389
164 7389
7377 7389
7283 7389
1 7389
39 7389
7270 7389
6956 7389
2326 2339
2 615
1276 1288
166 176
1256 1265
1178 1265
1227 1265
148 150
74 79
1836 1983
1946 1983
6 1983
1941 1983
244 269
345 397
1170 1208
128 1208
1149 1208
1457 1474
237 240
431 448
556 558
1064 1113
9 1113
0 79
302 305
399 400
381 388
565 590
1362 1483
148 152
146 152
792 796
1491 1536
0 805
270 276
327 328
1264 1267
1263 1267
1257 1267
1192 1267
1265 1267
0 522
190 198
959 1013
8 1013
149 152
1293 1303
989 1008
988 1008
5 327
548 562
6 737
8 737
255 264
169 175
42 44
0 89
1844 1913
1813 1913
1459 1539
972 973
851 855
299 301
60 7645
20 7645
7644 7645
7085 7645
102 7645
7638 7645
7643 7645
7628 7645
7635 7645
25 7645
4 7645
7572 7645
7467 7645
7495 7645
7407 7645
7453 7645
472 7645
7189 7645
7410 7645
7563 7645
8847 9306
9061 9306
9135 9306
9299 9306
9296 9306
130 9306
9305 9306
9304 9306
9223 9306
231 9306
4 9306
9301 9306
9126 9306
9196 9306
9302 9306
9260 9306
9279 9306
8531 9306
3729 3760
3375 3760
3758 3760
3759 3760
3751 3760
3740 3760
3714 3760
3757 3760
681 689
276 295
1448 1454
1452 1454
1424 1454
1378 1454
617 626
200 203
400 405
783 794
792 794
834 844
570 657
1104 1110
148 150
0 1071
0 812
0 812
0 422
891 896
394 395
10 2339
0 135
298 324
1 721
74 79
199 204
4 811
0 368
0 380
0 380
1 384
136 152
0 98
66 68
9 446
0 777
1 777
2 884
879 884
1512 1514
848 876
329 348
157 169
655 663
661 663
301 303
237 240
436 441
1461 1474
0 733
0 1077
373 404
924 973
132 138
1415 1618
544 567
872 876
157 176
3 2150
2088 2150
872 876
0 311
1536 1597
1467 1597
1569 1597
1543 1597
612 618
0 98
181 184
768 776
756 776
494 497
56 57
383 392
668 670
590 670
383 392
454 511
3 247
787 876
2 344
900 965
1528 1539
482 509
204 215
172 176
203 215
203 215
1375 1386
275 283
2 764
462 465
786 792
10205 10782
10516 10782
10546 10782
2 10782
10672 10782
10056 10782
10639 10782
10609 10782
10087 10782
9776 10782
10574 10782
10752 10782
10764 10782
10766 10782
10737 10782
10386 10782
10422 10782
10525 10782
10677 10782
10390 10782
10610 10782
10531 10782
80 10782
10768 10782
10574 10782
10682 10782
198 224
711 767
2 144
462 540
2495 2510
15 2510
6 269
2 269
1249 1269
0 1269
20 919
1 782
425 448
0 931
882 931
2 247
82 89
2031 2038
1861 2038
45 2038
428 446
715 737
1889 1898
1891 1898
10 584
1342 1360
34 2257
1 2257
1675 1695
2338 2339
1069 1072
696 746
697 746
2057 2150
2103 2150
3385 3410
3326 3410
3360 3410
723 746
2081 2150
2114 2150
748 764
723 746
425 456
583 590
2344 2449
2448 2449
183 191
761 777
234 266
1003 1027
907 976
860 976
17 3000
2991 3000
5 3000
18 3000
42 3000
2872 3000
4 202
0 456
756 777
370 381
2 295
185 186
440 441
0 94
57 68
11 287
237 240
3 142
238 240
0 655
1037 1197
5 2831
4 2831
2 2831
3 2831
1243 1331
4204 4210
4208 4210
4124 4210
4205 4210
4188 4210
4185 4210
3717 4210
3861 4210
4207 4210
4206 4210
4153 4210
1 20
203 209
0 677
665 677
3 1547
1529 1547
887 888
886 888
338 344
387 413
913 1012
7 1012
902 1012
263 269
0 467
499 504
1044 1110
524 585
2098 2128
2004 2128
2055 2128
931 960
1378 1483
1500 1536
1507 1536
1100 1110
0 1069
1026 1069
1067 1069
1007 1014
773 811
1090 1110
422 423
0 93
169 183
377 384
714 724
2349 2375
2283 2375
2327 2375
166 178
773 788
777 788
782 788
770 788
776 788
781 788
767 788
768 788
769 788
154 203
217 226
17 4949
4744 4949
4693 4949
31 4949
4904 4949
26 4949
4413 4949
115 120
41 2150
2104 2150
2089 2150
639 653
661 689
1 2955
0 2955
2932 2955
3 2955
2918 2955
2904 2955
2931 2955
1637 1695
429 439
428 439
223 225
8 2163
26 2163
12653 13875
13665 13875
29 13875
10 13875
309 13875
13360 13875
13601 13875
13469 13875
12985 13875
13297 13875
12658 13875
13447 13875
13751 13875
13837 13875
56 2339
213 222
149 150
24 1164
1 1164
1113 1164
0 2347
1 2347
3 2347
2 2347
629 633
380 384
3064 3126
2917 3126
3092 3126
3034 3126
2583 3126
3012 3126
3026 3126
1070 1078
1077 1078
3 1078
260 267
0 1926
498 526
809 812
812 858
2 5657
16 5657
5093 5657
3 5657
5591 5657
14 5657
5187 5657
5593 5657
1041 1042
422 423
203 218
153 172
1117 1307
44 1021
380 384
399 400
237 240
220 247
153 176
0 247
106 124
606 618
1 247
1481 1708
14 1708
13 1708
3 1708
747 762
740 762
147 152
364 371
263 264
439 442
441 442
387 389
13 5642
43 5642
62 5642
170 5642
22 5642
7 5642
5621 5642
411 416
209 223
85 86
506 543
9 1403
1264 1403
639 679
1 2517
0 87
641 689
1 336
0 89
144 153
1324 1403
1958 1963
1947 1963
1927 2002
1877 2002
1995 2002
146 147
146 147
151 163
263 264
1507 1539
252 264
562 590
173 181
226 241
6 465
7 764
6 764
730 764
267 295
1638 1652
1627 1652
1948 1967
85 86
0 1110
4 1183
1 1183
1114 1183
844 876
387 389
1092 1124
1060 1124
0 1014
938 961
849 961
0 961
6 526
0 359
12 1130
206 257
1369 1386
811 842
1002 1042
249 257
2305 2403
2131 2403
2321 2403
102 106
372 375
12 617
268 270
268 270
338 340
301 327
352 380
506 518
586 587
583 587
2 384
403 424
263 264
690 699
1264 1317
1312 1317
1296 1317
117 120
0 594
0 538
0 603
20 1130
2 344
237 240
1116 1241
120 122
850 855
1888 1898
1890 1898
1889 1898
1890 1898
380 384
13 17
906 914
690 777
154 163
4668 4713
4637 4713
4697 4713
4069 4713
4696 4713
4444 4713
42 44
2109 2150
2086 2150
2 2150
1 2150
392 402
244 266
756 781
750 781
3 781
770 781
660 664
675 689
0 874
788 796
794 796
1363 1464
1405 1464
1443 1464
537 548
380 382
0 233
4 663
249 257
494 506
6 1012
231 257
577 626
347 371
13 782
3784 3816
3804 3816
3755 3816
3709 3816
3728 3816
3805 3816
3447 3816
338 340
1283 1347
1325 1347
146 149
527 554
326 364
313 364
276 295
17 435
678 695
3 1247
4 1247
387 423
903 914
225 265
612 631
629 631
185 186
509 518
160 171
493 511
410 431
16 2308
1 2308
2136 2303
18 2303
142 145
4 145
6 145
0 467
509 518
401 405
314 318
413 423
299 324
387 389
3 8726
8668 8726
8243 8726
8 8726
8514 8726
8572 8726
8301 8726
8433 8726
8718 8726
8724 8726
2 8726
19 8726
8388 8726
412 422
98 108
433 456
874 1036
881 1036
371 391
333 344
641 679
137 154
15 397
0 3066
2 3066
3057 3066
1195 1214
1179 1214
1508 1595
1483 1595
760 764
0 457
0 368
0 376
200 209
204 209
1 1191
0 1191
591 592
376 378
132 141
387 389
444 446
254 264
503 526
1092 1110
11516 12734
12039 12734
12733 12734
316 12734
12623 12734
12514 12734
474 12734
12559 12734
12443 12734
395 12734
29 12734
9 12734
11615 12734
105 12734
12206 12734
74 12734
25 12734
12402 12734
202 203
2 89
609 653
275 295
0 841
0 441
381 384
861 876
1189 1264
1225 1264
1260 1264
2 404
4 1483
0 1110
561 590
566 590
254 264
106 107
7 1386
143 148
77 89
10 842
460 461
619 669
665 669
663 737
691 699
2 423
8 737
106 107
106 107
141 148
462 473
2310 2629
2480 2629
2403 2629
2604 2629
377 384
1587 1589
1553 1589
1544 1589
2 113
2644 2696
2666 2696
2426 2696
749 774
1 664
928 987
984 987
985 987
45 4344
4199 4344
3938 4344
4067 4344
7 4344
3700 4344
4077 4344
212 222
597 626
1311 1376
0 1376
4 1376
1333 1376
557 558
678 680
668 680
229 234
166 177
8 177
380 384
435 441
427 441
326 376
1503 1511
1489 1511
1 522
520 522
151 169
6 737
1 664
468 479
2118 2238
2224 2238
2094 2238
1 2238
1065 1074
9 737
747 762
2454 2517
754 788
2299 2300
2265 2300
749 762
606 618
181 183
269 270
1 558
251 252
283 295
6 1913
1871 1913
651 656
7 656
653 656
238 240
410 423
14 764
370 373
420 446
0 357
379 423
0 632
569 590
543 562
429 456
0 9
293 587
548 562
962 1014
696 774
0 404
512 567
2 1407
553 594
661 690
655 690
236 250
126 127
294 295
4 2725
16 2725
14 2725
8 2725
13 2725
4 442
405 442
512 518
500 508
2 269
267 269
36 38
5485 6094
12 6094
5 6094
9 6094
5887 6094
1337 1370
2727 2737
2509 2737
1347 1409
490 526
429 465
323 339
924 960
923 960
373 382
245 295
0 404
0 431
1500 1536
3 615
0 844
0 308
460 504
535 560
1 730
0 730
669 764
1610 1701
237 240
2 283
593 596
383 392
1963 2339
1 2339
4 303
450 461
548 563
4 438
102 122
16 980
931 980
788 845
584 665
4 378
333 352
862 889
877 889
185 189
390 431
744 751
493 526
1949 1955
1919 1955
1948 1955
1941 1955
1797 1955
1950 1955
95 9453
9322 9453
65 9453
8851 9453
9179 9453
76 9453
15 9453
120 9453
166 9453
123 9453
27 9453
122 9453
17 9453
42 9453
129 9453
3453 3604
3476 3604
53 3604
3470 3604
20 3604
2951 2982
2943 2982
2980 2982
2942 2982
2837 2982
5 1152
478 499
0 181
1 181
226 249
607 613
383 395
551 575
114 122
1062 1114
1098 1114
1 283
3 283
2 241
0 55
646 655
1804 1887
1871 1887
13 1887
7507 7512
7475 7512
7503 7512
7396 7512
7 7512
7385 7512
7506 7512
180 7512
31 7512
7293 7512
7466 7512
7508 7512
7454 7512
7249 7512
7346 7512
312 328
10 623
2 106
70 82
3 305
183 196
135 151
2 439
321 328
1955 2031
37 4370
30 4370
20 4370
28 4370
14 4370
4096 4370
11 4370
10 4370
330 340
0 360
0 269
0 413
817 887
176 187
0 187
1 534
1520 1539
16 726
247 257
192 202
746 764
753 764
441 473
4 729
680 729
3 729
171 174
1 593
1 326
8 282
57 59
2 2849
59 2849
51 2849
29 2849
3 225
358 435
10 435
0 522
0 146
477 479
362 399
552 587
550 562
776 788
780 788
782 788
777 788
779 788
781 788
775 788
774 788
778 788
430 473
6 473
1483 1528
0 1528
51 1904
1787 1904
710 733
211 219
2337 2417
2416 2417
18 594
4 594
8 594
6 620
2 620
1 476
8 476
1 405
1596 1695
87 91
0 91
0 1223
2 1223
3 1223
468 479
314 328
6 1879
7 1879
4806 4834
11 4834
4807 4834
4831 4834
27 4834
26 4834
143 145
732 739
7 336
326 361
164 177
365 413
730 759
190 191
188 191
3 240
224 233
175 177
149 176
1 318
704 807
19 807
747 761
413 446
0 931
878 931
6 1074
2 812
235 287
728 764
1042 1043
2 857
0 922
0 558
6 558
215 279
131 173
121 130
1 617
2 617
1593 1707
1701 1707
79 4275
3797 4275
4251 4275
4053 4275
4100 4275
0 1149
1071 1149
1098 1149
2951 2971
2954 2971
2 336
4 318
1022 1026
0 92
84 92
300 311
146 161
742 774
125 127
375 379
387 400
424 428
0 381
550 562
472 497
392 393
0 279
319 323
366 395
8 223
0 362
485 509
1 2434
635 716
2 388
212 233
471 484
476 484
476 484
1037 1075
1029 1075
1034 1075
1042 1075
0 118
0 114
796 844
781 844
291 306
1692 1742
1642 1742
1660 1742
432 441
646 655
672 764
433 509
3635 3737
3658 3737
2 3737
1 3737
0 562
2041 2181
0 338
0 40
324 379
402 405
418 474
87 98
1108 1143
1 368
690 699
0 343
8 126
1 1644
1643 1644
701 767
686 767
644 767
1 20
273 310
0 354
1 61
253 297
639 727
381 395
1561 1618
220 233
2 381
4 473
210 217
0 152
675 768
7 171
1 567
1 301
3 461
776 788
780 788
782 788
777 788
779 788
781 788
775 788
772 788
778 788
400 405
645 653
3 139
6 324
958 973
1227 1386
629 633
649 664
1480 1618
382 395
0 295
334 344
223 230
2008 2219
372 385
5 527
0 1926
4 1926
538 548
1 919
692 699
464 472
317 327
0 821
740 821
748 821
0 526
2 567
905 1012
6 1012
20 1012
549 562
7 739
235 266
203 227
0 241
622 635
376 391
0 177
0 407
428 435
505 535
3 527
353 371
361 371
1 240
5 57
270 297
257 262
346 361
1293 1312
73 84
256 287
504 509
582 585
511 592
764 812
5 2339
272 290
0 948
1 948
415 448
965 973
1 360
388 389
1614 1646
1 2101
1890 2101
6 2101
2029 2101
853 876
409 472
239 265
752 777
5 502
2 137
177 209
2 144
164 183
0 370
127 135
115 120
916 962
672 721
106 114
2861 3218
1696 1747
2 231
1047 1110
128 153
265 290
376 397
316 325
297 319
360 382
31 5267
21 5267
15 5267
13 5267
69 5267
48 5267
38 5267
71 5267
6 5267
9 5267
7 5267
0 5267
22 5267
32 5267
5 1034
998 1034
26 2191
18 2191
4 247
2 247
23 1416
43 1027
2 319
1 1042
3 384
0 163
0 127
466 484
3 900
3 544
2 265
3 368
3 930
2222 2416
2246 2416
2202 2416
815 919
399 407
1 382
0 247
6 233
2 1183
0 1183
1116 1183
1030 1185
338 382
327 340
15 3763
1 3763
176 177
464 477
138 141
5 242
1 295
6 295
1 395
564 615
1 308
3 1695
456 511
198 227
253 257
2148 2339
370 395
0 359
743 761
232 257
170 176
303 336
187 195
356 365
238 240
222 230
173 196
323 338
1103 1116
1100 1116
3 1124
0 300
1608 1623
850 906
51 57
0 188
1035 1057
0 233
668 721
314 318
729 735
689 699
4 446
0 310
0 165
429 465
949 1130
664 679
5 392
318 348
1889 1898
1888 1898
0 472
945 950
949 950
928 950
190 191
9 1695
321 324
269 282
5 861
1650 1695
15 360
926 960
352 388
0 1701
452 453
451 453
241 247
1 461
294 295
977 1042
497 549
2 319
1035 1110
2261 2517
792 866
2 866
114 141
1 387
1 48
1692 1791
1638 1791
13 511
258 275
9 286
407 423
138 191
5 950
506 509
0 861
326 364
315 364
371 378
3509 3651
332 364
315 364
270 298
660 679
8 654
176 177
601 605
349 392
358 392
7 569
0 43
399 414
267 272
312 327
1922 2050
1812 2050
8 2050
579 617
0 927
17 1268
2 1268
7 1268
3 1413
149 157
7 317
762 790
760 790
771 812
1042 1077
566 584
2 562
1336 1360
1634 1695
378 405
567 587
126 127
9 1592
1 1592
4 1719
3 1719
1 1719
547 548
510 548
189 195
337 352
1 1043
2670 2703
2676 2703
2684 2703
2660 2703
1107 1165
391 395
2 1323
4 1323
1 1323
15 1323
3 1323
0 118
140 165
593 663
424 451
1408 1536
1516 1526
1463 1526
1518 1526
0 116
298 327
2 587
118 139
3 325
1144 1288
0 116
215 240
210 217
636 712
1174 1386
2328 2339
2450 2517
21 381
0 284
163 183
282 295
0 2517
29 2339
463 465
0 247
2351 2517
0 55
266 281
5 247
1344 1360
417 461
3511 3761
567 590
3 594
312 378
1496 1539
5 108
202 4338
17 1552
146 152
5 646
11 306
656 657
645 657
969 1042
416 421
1035 1042
213 222
1008 1034
265 270
989 1104
0 486
487 502
56 57
785 816
2153 2365
6 1074
0 187
2217 2236
2201 2236
2159 2236
0 2236
402 405
1019 1110
483 497
209 222
117 120
0 151
0 1392
0 230
85 86
75 78
2180 2339
8 9
994 1021
306 318
2 308
7 279
747 762
87 88
1 721
7 1027
494 500
1 89
0 86
154 159
711 733
696 725
2 276
483 497
1118 1130
443 456
0 654
755 777
52 53
326 340
468 475
0 142
656 694
40 41
82 90
587 588
585 588
578 588
213 214
66 67
566 588
1 327
1 342
0 588
191 193
139 161
1 90
562 588
40 41
300 322
3 718
135 142
540 567
561 588
1 113
0 120
577 588
485 567
17 588
584 588
441 483
585 588
198 218
587 588
4 282
272 282
556 588
200 218
323 327
23 24
269 274
257 274
202 214
1 142
1 90
77 90
0 228
544 567
221 229
542 567
330 343
213 228
282 327
37 43
5 386
651 694
195 228
0 475
574 588
452 475
20 946
1 475
494 567
411 457
288 327
1 483
28 343
109 116
429 475
0 228
320 342
290 327
509 560
220 229
98 99
559 588
39 43
5 43
0 168
3 141
461 483
15 16
576 588
0 386
325 334
2 588
1 588
4 588
2 588
1 90
575 588
7 271
587 588
2 386
2 67
529 560
8 342
450 454
581 588
554 588
191 211
644 694
2 694
209 228
307 327
587 588
711 752
50 53
221 229
578 588
36 41
373 374
308 334
3 588
1 475
0 110
227 229
55 58
584 588
0 142
144 153
8 334
110 116
115 118
587 588
2 386
302 327
138 142
213 228
3 156
9 588
13 588
1 327
327 343
4 153
17 475
1 588
98 99
30 588
0 588
544 574
647 694
0 90
635 694
0 56
512 560
312 342
28 322
1 752
587 588
295 327
188 193
1 454
0 342
66 67
0 327
566 588
0 229
0 342
66 67
21 2673
185 211
441 483
323 327
226 228
4 33
846 962
1520 1539
0 125
0 120
71 80
0 816
0 554
1 176
401 406
0 66
427 473
0 977
0 844
0 290
471 502
87 88
2 275
144 147
41 515
0 1205
1 1403
1657 1695
554 605
602 605
1327 1347
1272 1347
1501 1516
0 295
464 473
0 59
971 1021
758 788
221 228
1096 1110
87 88
0 768
2 476
336 337
332 340
1661 1695
126 127
0 308
371 378
0 241
3 452
0 284
1 1900
0 1900
58 3101
0 3101
4 6
204 218
650 664
0 158
405 423
928 951
950 951
0 623
379 399
1520 1577
264 278
3 214
2071 2150
2062 2150
142 145
1 404
0 1074
317 336
0 362
4 594
0 216
417 439
487 527
1365 1386
0 639
743 762
1 625
0 625
0 725
0 395
1 1036
994 1042
367 393
1476 1539
356 368
1481 1539
103 117
1 632
1023 1042
0 518
1 567
433 452
0 1071
335 347
0 303
0 120
269 270
2049 2237
2232 2237
2200 2237
2140 2237
1 2237
195 233
17 1552
0 409
0 1230
2 1230
852 853
389 400
0 126
443 446
786 857
3 973
1 274
0 274
1 3390
3141 3390
2 3390
3 3390
0 584
809 890
609 626
204 216
0 1346
0 247
240 287
75 79
0 196
186 191
6943 7353
7351 7353
26 7353
7084 7353
7211 7353
1 7353
7087 7353
7303 7353
7349 7353
6753 7353
7323 7353
6559 7353
7330 7353
6593 7353
7179 7353
0 7353
136 141
2377 2466
2381 2466
2430 2466
2355 2466
1368 1456
10502 10604
10539 10604
10597 10604
66 10604
10524 10604
10589 10604
10280 10604
9941 10604
10550 10604
10543 10604
0 10604
10208 10604
10362 10604
9549 10604
9977 10604
10194 10604
1639 1655
1633 1655
0 407
1145 1162
1142 1162
1134 1162
1140 1162
469 479
577 623
0 87
529 564
351 391
0 295
0 590
499 508
1685 1695
44 47
771 788
780 788
781 788
772 788
775 788
785 788
778 788
767 788
776 788
221 230
651 739
425 436
1616 1695
0 247
603 626
566 567
114 115
1 48
311 344
636 684
17 764
566 582
975 1072
1813 1862
1730 1862
352 369
871 876
0 625
216 233
926 937
933 937
856 937
0 230
1 421
267 272
203 218
796 812
809 826
0 919
13 887
1 1072
2104 2339
918 958
909 958
1398 1623
138 141
783 792
802 811
0 2330
2 2330
8 247
4 974
118 120
0 182
399 423
0 1967
0 30
380 384
503 549
1134 1153
0 497
184 188
452 498
155 157
146 157
2332 2339
1 950
56 57
1 135
439 473
0 962
436 448
0 163
380 414
9 1161
2 1161
1 1161
0 117
0 96
1327 1403
0 1346
1 139
1097 1110
470 473
10 318
0 318
657 700
156 162
1810 1967
1477 1539
1387 1539
100 106
3 5662
1 5662
4 5662
2 5662
5 5662
1465 1536
1441 1536
608 625
2500 2565
2480 2565
2520 2565
4 2565
2521 2565
2394 2565
1746 1747
383 384
169 183
1221 1249
1236 1249
0 87
765 812
728 746
2119 2128
2030 2128
2068 2128
471 473
0 67
119 124
151 178
0 764
1 379
2387 2396
0 2396
1 2396
873 890
881 890
872 890
0 38
2 2407
7 2407
2343 2407
3 2407
695 735
573 581
546 581
2 385
1 385
6 615
126 139
632 641
426 448
1029 1064
1063 1064
2140 2225
83 89
0 941
68 89
0 1419
420 452
75 80
515 554
0 89
1293 1294
1224 1294
359 381
1921 1948
1947 1948
1945 1948
1942 1948
908 962
414 448
1 352
136 137
1 594
1 1708
0 1708
273 287
0 25
808 816
611 626
82 90
2067 2339
0 1536
223 233
63 69
309 319
785 796
443 446
483 527
0 142
342 369
146 153
585 590
0 385
408 413
2 446
2088 2395
2195 2395
375 404
295 592
2113 2163
2114 2163
2152 2163
0 55
185 191
2223 2423
2292 2423
2420 2423
336 344
183 196
450 452
1347 1403
12 1205
1 1205
6 1014
287 294
434 448
85 86
0 395
836 844
828 844
0 303
1353 1360
0 812
101 107
0 562
473 479
445 467
1730 1733
1696 1733
1720 1733
72 80
667 739
409 446
224 247
386 389
0 733
202 215
234 295
0 431
168 175
129 130
185 187
112 135
0 284
365 371
295 330
1654 1724
1 1724
1568 1724
500 549
901 919
1079 1139
0 896
1 896
3 437
0 103
249 264
0 261
230 264
635 648
1524 1577
1464 1501
1490 1501
1480 1501
561 617
1608 1618
282 285
4 504
114 115
47 48
243 247
718 737
0 223
484 509
303 311
563 594
465 477
340 345
2 733
746 789
712 789
0 605
1671 1747
342 347
1506 1511
1497 1511
0 362
146 147
269 307
138 139
137 139
340 382
1740 1766
774 788
776 788
781 788
766 788
777 788
780 788
768 788
771 788
769 788
692 694
678 694
306 307
170 174
352 371
1018 1077
530 537
2 178
102 103
275 290
3146 3159
3140 3159
3137 3159
1305 1331
4 50
1 716
497 508
1906 1909
1899 1909
1897 1909
1532 1618
1573 1618
0 384
1 384
0 102
93 94
0 585
421 474
511 535
0 261
294 295
158 169
147 148
167 183
854 876
2 733
1 1787
1755 1787
1785 1787
551 617
0 1553
2 1553
456 504
1 343
551 632
0 127
498 504
1049 1083
61 65
1028 1144
163 178
6 172
3 240
393 431
917 919
478 498
1 1618
1462 1475
354 368
25 26
1854 1965
19 1965
2 1965
8 1965
4 1965
15 1965
123 125
172 175
48 55
353 379
0 229
1 229
0 230
1 1042
339 344
322 323
720 746
873 876
468 479
405 406
484 504
164 171
545 575
752 764
1842 1913
1811 1913
1036 1057
247 269
0 173
329 344
0 772
0 242
1615 1695
1660 1695
380 382
732 764
168 175
92 94
0 811
342 394
0 1287
165 176
137 139
0 310
323 360
220 230
3 811
4 381
0 1129
1095 1129
1081 1129
0 638
1067 1071
12 1410
1402 1410
1408 1410
0 811
484 497
32 37
282 285
302 305
220 256
1 360
231 233
610 623
884 1061
250 260
438 452
547 563
589 592
2 144
301 327
0 617
336 337
361 362
5921 5976
5462 5976
5958 5976
5552 5976
19 5976
5974 5976
5571 5976
5898 5976
5880 5976
1048 1075
377 379
642 661
153 162
21 2517
7 431
92 100
0 1386
798 850
17 511
402 405
1092 1102
0 1102
342 370
185 196
1 361
832 841
696 698
0 124
0 290
217 218
431 439
210 229
0 349
74 89
0 360
328 333
328 333
16 526
121 122
0 412
188 196
4 874
5 247
888 896
3 338
1 338
1 142
1777 1779
1561 1779
1736 1779
1699 1779
1183 1238
873 876
1805 1853
1831 1853
1742 1853
56 592
557 564
2 173
1473 1539
0 158
784 812
582 584
302 328
240 262
5 816
95 99
5 796
365 404
137 146
344 345
1 464
224 228
240 274
850 919
500 502
1092 1110
109 122
439 446
486 518
133 141
10 585
560 561
2755 2808
1338 1357
72 1416
3 204
9 100
6 563
0 564
463 473
5 1110
0 339
163 327
1 308
265 295
1 587
4 777
556 558
148 149
191 209
246 279
906 962
1 3095
2 3095
3 3095
1464 1617
2 1617
61 1617
18 1617
317 318
324 327
1695 1767
1720 1767
1754 1767
1690 1767
238 240
0 1071
1 522
0 1618
441 465
428 465
445 465
