596.000000
132.000000
66.000000
40.000000
25.000000
22.000000
9.000000
14.000000
4.000000
2.000000
2.000000
4.000000
3.000000
1.000000
1.000000
1.000000
0.000000
0.000000
0.000000
0.000000
0.000000
0.000000
0.000000
0.000000
0.000000
0.000000
0.000000
0.000000
0.000000
0.000000
0.000000
0.000000
0.000000
0.000000
0.000000
0.000000
0.000000
0.000000
0.000000
0.000000
0.000000
0.000000
0.000000
0.000000
0.000000
0.000000
0.000000
0.000000
0.000000
12.000000
0.000000
0.000000
0.000000
0.000000
0.000000
0.000000
0.000000
0.000000
0.000000
0.000000
0.000000
0.000000
0.000000
0.000000
0.000000
0.000000
1.000000
0.000000
0.000000
0.000000
0.000000
0.000000
0.000000
0.000000
0.000000
0.000000
3.000000
0.000000
0.000000
2.000000
0.000000
4.000000
3.000000
8.000000
6.000000
7.000000
13.000000
12.000000
24.000000
35.000000
46.000000
46.000000
79.000000
76.000000
98.000000
130.000000
160.000000
208.000000
275.000000
380.000000
