782.000000
141.000000
91.000000
60.000000
30.000000
21.000000
15.000000
17.000000
9.000000
7.000000
2.000000
4.000000
3.000000
2.000000
4.000000
0.000000
0.000000
0.000000
0.000000
0.000000
1.000000
0.000000
0.000000
0.000000
0.000000
0.000000
0.000000
0.000000
0.000000
0.000000
0.000000
0.000000
0.000000
0.000000
0.000000
0.000000
0.000000
0.000000
0.000000
0.000000
0.000000
0.000000
0.000000
0.000000
0.000000
0.000000
0.000000
0.000000
1.000000
2.000000
0.000000
0.000000
0.000000
0.000000
0.000000
0.000000
0.000000
0.000000
0.000000
0.000000
0.000000
0.000000
0.000000
0.000000
0.000000
0.000000
1.000000
0.000000
0.000000
0.000000
0.000000
0.000000
0.000000
0.000000
0.000000
2.000000
0.000000
0.000000
0.000000
0.000000
1.000000
0.000000
0.000000
2.000000
1.000000
4.000000
4.000000
11.000000
15.000000
17.000000
21.000000
37.000000
50.000000
62.000000
74.000000
104.000000
110.000000
170.000000
245.000000
427.000000
