969.000000
319.000000
174.000000
101.000000
75.000000
48.000000
32.000000
25.000000
12.000000
17.000000
9.000000
6.000000
3.000000
3.000000
4.000000
2.000000
1.000000
1.000000
2.000000
1.000000
0.000000
0.000000
0.000000
0.000000
0.000000
1.000000
0.000000
0.000000
0.000000
0.000000
0.000000
0.000000
0.000000
0.000000
0.000000
0.000000
0.000000
0.000000
0.000000
0.000000
0.000000
0.000000
0.000000
0.000000
0.000000
0.000000
0.000000
0.000000
1.000000
4.000000
0.000000
0.000000
0.000000
0.000000
0.000000
0.000000
0.000000
0.000000
0.000000
0.000000
0.000000
0.000000
0.000000
0.000000
0.000000
0.000000
0.000000
0.000000
0.000000
0.000000
0.000000
0.000000
0.000000
0.000000
0.000000
0.000000
1.000000
0.000000
0.000000
1.000000
0.000000
0.000000
2.000000
0.000000
0.000000
1.000000
3.000000
4.000000
4.000000
4.000000
9.000000
12.000000
11.000000
24.000000
25.000000
54.000000
62.000000
89.000000
151.000000
283.000000
