488.000000
137.000000
72.000000
38.000000
44.000000
34.000000
15.000000
13.000000
7.000000
1.000000
1.000000
0.000000
2.000000
2.000000
0.000000
0.000000
0.000000
0.000000
0.000000
0.000000
1.000000
0.000000
0.000000
0.000000
0.000000
0.000000
0.000000
0.000000
0.000000
0.000000
0.000000
0.000000
0.000000
0.000000
0.000000
0.000000
0.000000
0.000000
0.000000
0.000000
0.000000
0.000000
0.000000
0.000000
0.000000
0.000000
0.000000
0.000000
0.000000
19.000000
0.000000
0.000000
0.000000
0.000000
0.000000
0.000000
0.000000
0.000000
0.000000
0.000000
0.000000
0.000000
0.000000
0.000000
0.000000
0.000000
0.000000
0.000000
0.000000
0.000000
0.000000
0.000000
0.000000
0.000000
0.000000
0.000000
0.000000
2.000000
3.000000
0.000000
1.000000
3.000000
4.000000
8.000000
4.000000
9.000000
12.000000
15.000000
32.000000
33.000000
49.000000
52.000000
83.000000
112.000000
97.000000
150.000000
161.000000
211.000000
278.000000
357.000000
