667.000000
163.000000
83.000000
41.000000
27.000000
20.000000
21.000000
17.000000
4.000000
7.000000
3.000000
3.000000
3.000000
0.000000
2.000000
2.000000
0.000000
1.000000
0.000000
0.000000
0.000000
0.000000
0.000000
0.000000
0.000000
0.000000
0.000000
0.000000
0.000000
0.000000
0.000000
0.000000
0.000000
0.000000
0.000000
0.000000
0.000000
0.000000
0.000000
0.000000
0.000000
0.000000
0.000000
0.000000
0.000000
0.000000
0.000000
0.000000
0.000000
8.000000
0.000000
0.000000
0.000000
0.000000
0.000000
0.000000
0.000000
0.000000
0.000000
0.000000
0.000000
0.000000
0.000000
0.000000
0.000000
0.000000
1.000000
0.000000
0.000000
0.000000
0.000000
0.000000
0.000000
1.000000
0.000000
0.000000
1.000000
0.000000
1.000000
0.000000
1.000000
3.000000
2.000000
2.000000
3.000000
8.000000
6.000000
13.000000
29.000000
31.000000
27.000000
29.000000
62.000000
88.000000
98.000000
113.000000
136.000000
189.000000
287.000000
347.000000
