853.000000
184.000000
90.000000
49.000000
41.000000
32.000000
20.000000
17.000000
9.000000
4.000000
6.000000
5.000000
4.000000
1.000000
0.000000
2.000000
1.000000
0.000000
0.000000
0.000000
0.000000
0.000000
0.000000
0.000000
0.000000
0.000000
0.000000
0.000000
0.000000
0.000000
0.000000
0.000000
0.000000
0.000000
0.000000
0.000000
0.000000
0.000000
0.000000
0.000000
0.000000
0.000000
0.000000
0.000000
0.000000
0.000000
0.000000
0.000000
1.000000
3.000000
0.000000
0.000000
0.000000
0.000000
0.000000
0.000000
0.000000
0.000000
0.000000
0.000000
0.000000
0.000000
0.000000
0.000000
0.000000
0.000000
1.000000
0.000000
0.000000
0.000000
0.000000
0.000000
0.000000
0.000000
1.000000
0.000000
0.000000
1.000000
0.000000
0.000000
0.000000
0.000000
2.000000
0.000000
2.000000
3.000000
2.000000
8.000000
13.000000
21.000000
21.000000
24.000000
36.000000
55.000000
57.000000
74.000000
101.000000
156.000000
240.000000
410.000000
