411.000000
125.000000
87.000000
50.000000
39.000000
27.000000
14.000000
10.000000
11.000000
6.000000
2.000000
3.000000
2.000000
3.000000
0.000000
0.000000
0.000000
0.000000
0.000000
0.000000
0.000000
0.000000
0.000000
0.000000
0.000000
0.000000
0.000000
0.000000
0.000000
0.000000
0.000000
0.000000
0.000000
0.000000
0.000000
0.000000
0.000000
0.000000
0.000000
0.000000
0.000000
0.000000
0.000000
0.000000
0.000000
1.000000
0.000000
0.000000
0.000000
37.000000
0.000000
0.000000
0.000000
0.000000
0.000000
0.000000
0.000000
0.000000
0.000000
0.000000
0.000000
0.000000
0.000000
0.000000
0.000000
0.000000
0.000000
0.000000
0.000000
0.000000
0.000000
0.000000
0.000000
0.000000
0.000000
2.000000
0.000000
0.000000
2.000000
2.000000
0.000000
3.000000
4.000000
5.000000
5.000000
7.000000
14.000000
14.000000
14.000000
31.000000
50.000000
59.000000
96.000000
121.000000
120.000000
146.000000
160.000000
205.000000
265.000000
397.000000
