998.000000
353.000000
184.000000
127.000000
86.000000
47.000000
35.000000
33.000000
20.000000
13.000000
10.000000
11.000000
7.000000
1.000000
1.000000
0.000000
5.000000
0.000000
2.000000
1.000000
1.000000
0.000000
0.000000
0.000000
0.000000
0.000000
1.000000
0.000000
0.000000
0.000000
1.000000
0.000000
0.000000
0.000000
0.000000
0.000000
0.000000
0.000000
0.000000
0.000000
0.000000
0.000000
0.000000
0.000000
0.000000
0.000000
0.000000
0.000000
1.000000
5.000000
0.000000
0.000000
0.000000
0.000000
0.000000
0.000000
0.000000
0.000000
0.000000
0.000000
0.000000
0.000000
0.000000
0.000000
0.000000
0.000000
0.000000
0.000000
0.000000
0.000000
0.000000
0.000000
0.000000
0.000000
0.000000
0.000000
0.000000
0.000000
0.000000
1.000000
0.000000
0.000000
1.000000
0.000000
0.000000
0.000000
2.000000
1.000000
2.000000
1.000000
5.000000
6.000000
10.000000
14.000000
19.000000
28.000000
41.000000
86.000000
117.000000
273.000000
