9 384
14 375
16 392
1 576
0 576
37 776
36 776
11 511
13 2287
12 2287
4 745
3 745
13 914
11 338
4 448
0 691
1 691
2 183
31 914
18 1155
1154 1155
577 1155
10 1155
11 1155
1368 1370
18 1623
66 7389
7 7389
74 7389
0 7389
1 7389
2 7389
14 7389
69 7389
183 7389
67 7389
176 7389
73 2339
7 615
24 1288
174 176
11 1265
10 1265
16 1265
23 150
3 79
1 1983
4 1983
5 1983
6 1983
5 269
7 397
1 1208
0 1208
2 1208
21 1474
239 240
4 448
21 558
1 1113
0 1113
1 79
304 305
399 400
6 388
14 590
60 1483
3 152
2 152
21 796
45 1536
8 805
12 276
327 328
10 1267
11 1267
4 1267
9 1267
7 1267
13 522
3 198
1 1013
0 1013
4 152
14 1303
1 1008
0 1008
3 327
5 562
13 737
12 737
3 264
5 175
0 44
0 89
8 1913
0 1913
13 1539
972 973
852 855
7 301
8 7645
287 7645
201 7645
4 7645
14 7645
83 7645
161 7645
151 7645
154 7645
40 7645
115 7645
57 7645
5 7645
72 7645
46 7645
100 7645
54 7645
15 7645
39 7645
117 7645
742 9306
0 9306
51 9306
136 9306
109 9306
309 9306
275 9306
196 9306
20 9306
792 9306
445 9306
182 9306
139 9306
384 9306
213 9306
215 9306
116 9306
38 9306
12 3760
121 3760
64 3760
87 3760
51 3760
7 3760
13 3760
59 3760
685 689
4 295
3 1454
0 1454
1 1454
4 1454
624 626
5 203
404 405
11 794
6 794
842 844
328 657
1109 1110
4 150
4 1071
1 812
1 812
0 422
16 896
391 395
34 2339
1 135
7 324
4 721
4 79
203 204
8 811
9 368
14 380
13 380
4 384
7 152
4 98
10 68
3 446
10 777
11 777
14 884
18 884
15 1514
14 876
6 348
0 169
0 663
2 663
16 303
11 240
440 441
1470 1474
5 733
6 1077
3 404
3 973
137 138
18 1618
2 567
17 876
3 176
20 2150
21 2150
17 876
8 311
7 1597
5 1597
6 1597
10 1597
18 618
4 98
183 184
37 776
36 776
496 497
5 57
16 392
6 670
0 670
16 392
11 511
6 247
4 876
3 344
11 965
13 1539
3 509
214 215
171 176
5 215
6 215
1385 1386
282 283
30 764
464 465
790 792
57 10782
18 10782
75 10782
4 10782
3 10782
195 10782
77 10782
41 10782
10 10782
15 10782
16 10782
198 10782
150 10782
61 10782
49 10782
22 10782
151 10782
20 10782
40 10782
107 10782
0 10782
37 10782
161 10782
66 10782
16 10782
2 10782
4 224
16 767
10 144
38 540
0 2510
1 2510
35 269
5 269
2 1269
1 1269
5 919
6 782
4 448
1 931
0 931
3 247
4 89
22 2038
0 2038
1 2038
3 446
28 737
0 1898
1 1898
24 584
1358 1360
3 2257
2 2257
1691 1695
51 2339
1065 1072
4 746
4 746
1 2150
3 2150
37 3410
0 3410
11 3410
7 746
0 2150
5 2150
31 764
6 746
5 456
17 590
14 2449
15 2449
185 191
11 777
5 266
52 1027
5 976
33 976
20 3000
51 3000
21 3000
125 3000
28 3000
42 3000
8 202
3 456
10 777
25 381
3 295
185 186
439 441
1 94
33 68
7 287
11 240
70 142
239 240
6 655
7 1197
4 2831
3 2831
2 2831
1 2831
6 1331
47 4210
23 4210
88 4210
21 4210
2 4210
60 4210
144 4210
57 4210
28 4210
25 4210
99 4210
5 20
4 209
0 677
1 677
1 1547
0 1547
13 888
8 888
343 344
10 413
2 1012
0 1012
3 1012
17 269
13 467
502 504
72 1110
9 585
3 2128
5 2128
4 2128
13 960
16 1483
1534 1536
1535 1536
1109 1110
0 1069
2 1069
1 1069
1013 1014
794 811
9 1110
13 423
1 93
8 183
3 384
5 724
5 2375
4 2375
3 2375
177 178
10 788
2 788
6 788
5 788
21 788
0 788
1 788
9 788
4 788
0 203
8 226
2 4949
11 4949
0 4949
32 4949
53 4949
33 4949
38 4949
4 120
56 2150
2 2150
7 2150
13 653
688 689
12 2955
0 2955
11 2955
1 2955
25 2955
4 2955
9 2955
15 1695
48 439
432 439
11 225
7 2163
6 2163
185 13875
2 13875
67 13875
8 13875
9 13875
46 13875
10 13875
3 13875
163 13875
21 13875
1708 13875
161 13875
27 13875
7 13875
36 2339
4 222
149 150
8 1164
7 1164
11 1164
0 2347
2 2347
1 2347
3 2347
631 633
9 384
11 3126
6 3126
7 3126
0 3126
1 3126
8 3126
4 3126
2 1078
0 1078
3 1078
3 267
15 1926
23 526
811 812
29 858
10 5657
12 5657
39 5657
19 5657
8 5657
9 5657
38 5657
416 5657
39 1042
13 423
5 218
7 172
39 1307
134 1021
16 384
399 400
17 240
8 247
1 176
5 247
8 124
18 618
5 247
0 1708
3 1708
1 1708
2 1708
2 762
0 762
2 152
368 371
5 264
5 442
17 442
9 389
76 5642
12 5642
14 5642
141 5642
55 5642
62 5642
43 5642
5 416
7 223
5 86
23 543
16 1403
16 1403
18 679
22 2517
1 87
670 689
11 336
3 89
3 153
29 1403
25 1963
20 1963
0 2002
1 2002
2001 2002
146 147
146 147
158 163
263 264
7 1539
6 264
17 590
0 181
240 241
4 465
54 764
52 764
763 764
7 295
2 1652
1 1652
1965 1967
5 86
4 1110
2 1183
1 1183
0 1183
3 876
7 389
0 1124
1 1124
11 1014
0 961
7 961
2 961
7 526
2 359
33 1130
6 257
56 1386
18 842
21 1042
2 257
18 2403
48 2403
17 2403
105 106
374 375
9 617
29 270
269 270
339 340
5 327
17 380
12 518
3 587
1 587
8 384
1 424
12 264
19 699
3 1317
2 1317
0 1317
6 120
8 594
3 538
0 603
35 1130
3 344
15 240
7 1241
121 122
27 855
0 1898
1 1898
0 1898
1 1898
16 384
0 17
21 914
7 777
5 163
23 4713
25 4713
21 4713
378 4713
9 4713
27 4713
1 44
0 2150
5 2150
3 2150
4 2150
9 402
261 266
0 781
2 781
1 781
4 781
663 664
685 689
13 874
9 796
793 796
91 1464
43 1464
44 1464
540 548
6 382
18 233
2 663
7 257
7 506
11 1012
5 257
3 626
7 371
41 782
35 3816
13 3816
2 3816
0 3816
8 3816
6 3816
7 3816
339 340
2 1347
1 1347
1 149
8 554
4 364
5 364
291 295
39 435
22 695
2 1247
1 1247
7 423
19 914
5 265
0 631
5 631
5 186
503 518
8 171
37 511
42 431
1 2308
0 2308
8 2303
7 2303
2 145
1 145
7 145
12 467
517 518
404 405
9 318
9 423
8 324
388 389
6 8726
56 8726
53 8726
98 8726
148 8726
73 8726
296 8726
65 8726
72 8726
66 8726
3 8726
70 8726
41 8726
13 422
3 108
5 456
0 1036
1 1036
19 391
3 344
666 679
2 154
198 397
14 3066
13 3066
37 3066
0 1214
1 1214
45 1595
63 1595
763 764
2 457
3 368
1 376
4 209
208 209
1 1191
0 1191
19 592
377 378
132 141
8 389
9 446
7 264
8 526
9 1110
6366 12734
9 12734
10 12734
246 12734
38 12734
96 12734
6366 12734
48 12734
3 12734
235 12734
61 12734
61 12734
23 12734
22 12734
83 12734
316 12734
153 12734
75 12734
202 203
4 89
7 653
12 295
1 841
4 441
10 384
3 876
47 1264
93 1264
45 1264
6 404
12 1483
13 1110
16 590
14 590
3 264
0 107
11 1386
146 148
4 89
10 842
460 461
0 669
1 669
12 737
18 699
7 423
12 737
0 107
0 107
144 148
6 473
29 2629
40 2629
8 2629
9 2629
9 384
0 1589
2 1589
1 1589
3 113
0 2696
1 2696
8 2696
771 774
34 664
967 987
7 987
9 987
14 4344
6 4344
1 4344
43 4344
2 4344
3 4344
4 4344
16 222
16 626
15 1376
2 1376
14 1376
4 1376
21 558
5 680
4 680
4 234
3 177
10 177
21 384
13 441
38 441
2 376
1 1511
4 1511
7 522
6 522
0 169
12 737
34 664
15 479
19 2238
30 2238
28 2238
18 2238
15 1074
13 737
6 762
23 2517
21 788
31 2300
27 2300
761 762
18 618
2 183
269 270
11 558
1 252
33 295
21 1913
22 1913
29 656
5 656
6 656
239 240
0 423
49 764
372 373
0 446
3 357
7 423
0 632
14 590
9 562
12 456
0 9
293 587
561 562
9 1014
12 774
7 404
566 567
7 1407
6 594
0 690
1 690
246 250
126 127
294 295
1 2725
2 2725
4 2725
0 2725
3 2725
2 442
0 442
12 518
1 508
0 269
2 269
0 38
2 6094
3 6094
0 6094
1 6094
4 6094
1368 1370
12 2737
11 2737
15 1409
30 526
10 465
4 339
1 960
0 960
16 382
3 295
5 404
5 431
3 1536
7 615
1 844
0 308
9 504
8 560
0 730
1 730
3 764
1 1701
11 240
6 283
595 596
16 392
6 2339
4 2339
2 303
1 461
8 563
11 438
1 122
1 980
0 980
34 845
5 665
5 378
351 352
8 889
6 889
3 189
1 431
750 751
1 526
12 1955
3 1955
8 1955
14 1955
2 1955
9 1955
10 9453
27 9453
12 9453
1 9453
5 9453
37 9453
0 9453
6 9453
2 9453
13 9453
7 9453
11 9453
9 9453
4 9453
8 9453
1 3604
5 3604
7 3604
1801 3604
2 3604
12 2982
7 2982
13 2982
14 2982
2 2982
7 1152
492 499
0 181
1 181
13 249
9 613
14 395
571 575
3 122
2 1114
0 1114
141 283
141 283
0 241
27 55
652 655
1 1887
0 1887
2 1887
133 7512
67 7512
123 7512
98 7512
112 7512
91 7512
126 7512
347 7512
267 7512
307 7512
131 7512
129 7512
101 7512
304 7512
7508 7512
325 328
5 623
1 106
7 82
8 305
195 196
75 151
10 439
4 328
17 2031
2 4370
8 4370
4 4370
0 4370
1 4370
6 4370
3 4370
5 4370
339 340
1 360
3 269
1 413
886 887
0 187
1 187
4 534
6 1539
17 726
18 257
199 202
1 764
0 764
9 473
3 729
1 729
2 729
7 174
13 593
4 326
5 282
2 59
8 2849
24 2849
28 2849
9 2849
8 225
4 435
5 435
3 522
8 146
28 479
3 399
3 587
15 562
8 788
2 788
21 788
29 788
393 788
0 788
1 788
393 788
9 788
2 473
1 473
1 1528
0 1528
35 1904
23 1904
4 733
214 219
51 2417
53 2417
21 594
27 594
17 594
1 620
0 620
2 476
4 476
5 405
67 1695
1 91
4 91
2 1223
1 1223
12 1223
476 479
2 328
3 1879
0 1879
51 4834
36 4834
10 4834
29 4834
37 4834
38 4834
4 145
737 739
11 336
4 361
7 177
411 413
20 759
190 191
190 191
5 240
8 233
3 177
0 176
5 318
0 807
1 807
7 761
4 446
0 931
1 931
25 1074
30 812
12 287
15 764
25 1043
7 857
2 922
0 558
3 558
16 279
86 173
129 130
2 617
3 617
1 1707
0 1707
7 4275
5 4275
0 4275
9 4275
8 4275
1 1149
2 1149
3 1149
0 2971
1 2971
10 336
4 318
1025 1026
0 92
1 92
3 311
9 161
27 774
11 127
7 379
398 400
427 428
3 381
559 562
4 497
392 393
0 279
322 323
4 395
5 223
8 362
19 509
11 2434
10 716
31 388
27 233
3 484
483 484
482 484
21 1075
20 1075
1074 1075
1070 1075
6 118
0 114
15 844
39 844
0 306
2 1742
0 1742
1 1742
23 441
653 655
27 764
48 509
1868 3737
1 3737
2 3737
0 3737
17 562
1090 2181
2 338
3 40
2 379
4 405
5 474
2 98
1142 1143
183 368
19 699
0 343
12 126
6 1644
8 1644
0 767
1 767
383 767
9 20
19 310
2 354
3 61
2 297
363 727
13 395
1614 1618
232 233
190 381
24 473
15 217
2 152
743 768
3 171
2 567
2 301
0 461
393 788
2 788
15 788
20 788
393 788
0 788
1 788
393 788
9 788
5 405
652 653
4 139
1 324
6 973
13 1386
632 633
23 664
32 1618
19 395
4 295
5 344
229 230
1109 2219
1 385
14 527
16 1926
20 1926
9 548
0 919
50 699
34 472
4 327
2 821
3 821
4 821
4 526
3 567
3 1012
2 1012
0 1012
9 562
31 739
2 266
13 227
0 241
30 635
8 391
3 177
1 407
36 435
46 535
14 527
1 371
3 371
2 240
7 57
148 297
5 262
1 361
47 1312
83 84
22 287
13 509
584 585
587 592
13 812
81 2339
283 290
1 948
2 948
2 448
20 973
7 360
9 389
39 1646
3 2101
1 2101
0 2101
2 2101
8 876
11 472
4 265
13 777
6 502
1 137
206 209
10 144
2 183
1 370
18 135
2 120
13 962
15 721
113 114
5 3218
14 1747
0 231
4 1110
0 153
5 290
6 397
8 325
19 319
17 382
9 5267
18 5267
7 5267
8 5267
15 5267
12 5267
14 5267
16 5267
3 5267
5 5267
6 5267
0 5267
10 5267
13 5267
1 1034
0 1034
1 2191
0 2191
7 247
6 247
20 1416
65 1027
1 319
3 1042
0 384
4 163
8 127
3 484
1 900
5 544
20 265
10 368
2 930
1 2416
0 2416
4 2416
20 919
405 407
5 382
3 247
4 233
2 1183
1 1183
0 1183
3 1185
5 382
4 340
0 3763
1 3763
176 177
469 477
140 141
23 242
0 295
1 295
13 395
13 615
4 308
4 1695
34 511
0 227
12 257
36 2339
7 395
2 359
7 761
15 257
0 176
10 336
192 195
362 365
239 240
228 230
5 196
333 338
19 1116
17 1116
6 1124
2 300
17 1623
897 906
0 57
2 188
4 1057
0 233
712 721
311 318
9 735
20 699
3 446
6 310
1 165
7 465
6 1130
93 679
2 392
9 348
0 1898
1 1898
7 472
14 950
21 950
7 950
3 191
7 1695
323 324
3 282
4 861
16 1695
12 360
21 960
386 388
2 1701
12 453
8 453
246 247
1 461
294 295
24 1042
21 549
17 319
13 1110
10 2517
0 866
1 866
5 141
2 387
23 48
1 1791
0 1791
8 511
4 275
8 286
0 423
2 191
21 950
49 509
2 861
5 364
4 364
373 378
20 3651
4 364
5 364
0 298
668 679
24 654
176 177
9 605
6 392
6 392
5 569
0 43
413 414
3 272
5 327
4 2050
1 2050
2 2050
2 617
14 927
0 1268
1 1268
2 1268
22 1413
5 157
312 317
771 790
394 790
9 812
59 1077
9 584
22 562
1342 1360
5 1695
6 405
4 587
126 127
1 1592
0 1592
1 1719
0 1719
2 1719
5 548
1 548
194 195
341 352
1 1043
3 2703
2 2703
1 2703
0 2703
12 1165
13 395
5 1323
4 1323
3 1323
25 1323
8 1323
2 118
163 165
12 663
9 451
21 1536
3 1526
0 1526
1 1526
1 116
3 327
4 587
4 139
5 325
3 1288
2 116
7 240
2 217
355 712
11 1386
177 2339
10 2517
3 381
19 284
180 183
5 295
13 2517
24 2339
10 465
2 247
9 2517
4 55
5 281
0 247
1359 1360
8 461
114 3761
18 590
6 594
18 378
1538 1539
9 108
96 4338
149 1552
2 152
10 646
10 306
25 657
639 657
22 1042
210 421
14 1042
6 222
1032 1034
264 270
4 1104
2 486
501 502
2 57
24 816
15 2365
12 1074
0 187
6 2236
3 2236
2 2236
0 2236
403 405
4 1110
6 497
221 222
118 120
4 151
4 1392
4 230
4 86
77 78
86 2339
8 9
22 1021
317 318
3 308
19 279
12 762
4 88
5 721
4 1027
40 500
1 89
2 86
158 159
7 733
9 725
10 276
4 497
26 1130
7 456
1 654
776 777
52 53
0 340
66 475
2 142
5 694
7 41
7 90
587 588
14 588
24 588
6 214
4 67
7 588
6 327
0 342
8 588
5 193
3 161
7 90
7 588
40 41
11 322
13 718
2 142
15 567
50 588
2 113
5 120
24 588
6 567
26 588
587 588
17 483
587 588
4 218
587 588
10 282
10 282
22 588
21 218
10 327
0 24
4 274
3 274
9 214
2 142
5 90
44 90
2 228
6 567
3 229
17 567
12 343
4 228
6 327
3 43
14 386
32 694
11 228
15 475
24 588
25 475
24 946
15 475
2 567
3 457
6 327
16 483
12 343
3 116
25 475
6 228
5 342
25 327
36 560
9 229
98 99
9 588
7 43
7 43
1 168
11 141
5 483
0 16
28 588
2 386
10 334
5 588
6 588
5 588
3 588
7 90
28 588
7 271
14 588
15 386
4 67
279 560
13 342
453 454
581 588
12 588
5 211
35 694
31 694
5 228
7 327
14 588
20 752
4 53
228 229
28 588
7 41
8 374
10 334
25 588
27 475
6 110
1 229
1 58
27 588
2 142
11 153
14 334
5 116
3 118
14 588
14 386
5 327
2 142
25 228
8 156
11 588
10 588
8 327
14 343
9 153
21 475
12 588
8 99
10 588
7 588
34 574
5 694
4 90
20 694
0 56
21 560
11 342
10 322
14 752
13 588
27 327
4 193
10 454
3 342
65 67
18 327
24 588
5 229
3 342
3 67
79 2673
5 211
17 483
326 327
9 228
4 33
5 962
6 1539
13 125
0 120
9 80
3 816
6 554
3 176
18 406
0 66
1 473
6 977
4 844
1 290
19 502
87 88
3 275
3 147
4 515
3 1205
16 1403
10 1695
5 605
6 605
1 1347
2 1347
67 1516
4 295
4 473
6 59
13 1021
8 788
113 228
17 1110
3 88
4 768
7 476
336 337
339 340
1655 1695
5 127
1 308
7 378
6 241
1 452
4 284
1 1900
0 1900
1 3101
0 3101
0 6
5 218
30 664
1 158
0 423
10 951
8 951
4 623
2 399
18 1577
5 278
2 214
5 2150
0 2150
1 145
0 404
1 1074
9 336
5 362
4 594
1 216
425 439
5 527
1375 1386
5 639
21 762
4 625
6 625
0 725
11 395
2 1036
27 1042
7 393
1536 1539
3 368
16 1539
58 117
7 632
40 1042
1 518
3 567
2 452
4 1071
345 347
3 303
0 120
269 270
20 2237
48 2237
4 2237
1 2237
21 2237
1 233
171 1552
0 409
0 1230
2 1230
845 853
1 400
0 126
9 446
15 857
3 973
1 274
0 274
0 3390
35 3390
1 3390
5 3390
1 584
54 890
9 626
17 216
0 1346
5 247
17 287
5 79
2 196
26 191
160 7353
49 7353
30 7353
435 7353
57 7353
73 7353
202 7353
22 7353
61 7353
767 7353
48 7353
177 7353
70 7353
211 7353
43 7353
23 7353
10 141
1 2466
3 2466
0 2466
2 2466
1425 1456
55 10604
5 10604
73 10604
26 10604
9 10604
105 10604
11 10604
20 10604
21 10604
54 10604
3 10604
80 10604
35 10604
7 10604
109 10604
34 10604
5 1655
3 1655
1 407
2 1162
3 1162
0 1162
1 1162
478 479
7 623
1 87
554 564
6 391
3 295
2 590
1 508
56 1695
0 47
785 788
3 788
786 788
784 788
783 788
0 788
1 788
782 788
787 788
229 230
4 739
5 436
14 1695
1 247
622 626
566 567
114 115
3 48
10 344
6 684
79 764
3 582
21 1072
1 1862
0 1862
9 369
17 876
4 625
14 233
0 937
1 937
4 937
4 230
2 421
270 272
5 218
794 812
53 826
7 919
2 887
3 1072
28 2339
4 958
3 958
19 1623
7 141
11 792
21 811
1 2330
0 2330
6 247
19 974
8 120
0 182
1 423
3 1967
2 30
9 384
2 549
1152 1153
0 497
187 188
7 498
2 157
0 157
2338 2339
9 950
56 57
0 135
12 473
1 962
4 448
1 163
5 414
2 1161
1 1161
0 1161
0 117
1 96
16 1403
2 1346
1 139
1091 1110
5 473
27 318
4 318
3 700
1 162
7 1967
26 1539
10 1539
1 106
0 5662
3 5662
4 5662
1 5662
2 5662
77 1536
57 1536
17 625
11 2565
7 2565
10 2565
6 2565
8 2565
9 2565
1746 1747
383 384
3 183
0 1249
6 1249
1 87
23 812
744 746
3 2128
2 2128
1 2128
472 473
1 67
123 124
174 178
8 764
1 379
12 2396
5 2396
7 2396
11 890
21 890
10 890
7 38
1 2407
2 2407
3 2407
6 2407
4 735
1 581
0 581
0 385
1 385
11 615
1 139
3 641
4 448
2 1064
4 1064
10 2225
4 89
0 941
1 89
6 1419
2 452
3 80
548 554
1 89
15 1294
16 1294
7 381
29 1948
46 1948
41 1948
47 1948
3 962
9 448
1 352
136 137
4 594
1 1708
0 1708
286 287
0 25
802 816
9 626
0 90
20 2339
2 1536
9 233
68 69
6 319
9 796
10 446
5 527
4 142
1 369
2 153
589 590
5 385
408 413
1 446
1 2395
2 2395
400 404
295 592
19 2163
15 2163
16 2163
2 55
14 191
1 2423
0 2423
7 2423
13 344
3 196
451 452
85 1403
0 1205
2 1205
11 1014
3 294
4 448
85 86
11 395
44 844
17 844
3 303
1358 1360
1 812
106 107
0 562
10 479
9 467
41 1733
26 1733
25 1733
79 80
23 739
6 446
123 247
6 389
1 733
4 215
4 295
24 431
3 175
129 130
186 187
8 135
4 284
367 371
17 330
2 1724
0 1724
1 1724
1 549
7 919
26 1139
0 896
1 896
0 437
1 103
20 264
5 261
3 264
6 648
21 1577
0 1501
3 1501
2 1501
589 617
33 1618
2 285
9 504
114 115
2 48
245 247
16 737
0 223
5 509
4 311
5 594
471 477
2 345
2 733
7 789
6 789
15 605
5 1747
4 347
8 1511
7 1511
5 362
146 147
3 307
11 139
9 139
5 382
26 1766
9 788
2 788
6 788
5 788
14 788
0 788
1 788
14 788
4 788
4 694
0 694
7 307
1 174
3 371
12 1077
16 537
3 178
1 103
5 290
5 3159
4 3159
2 3159
54 1331
24 50
2 716
1 508
14 1909
25 1909
12 1909
1617 1618
23 1618
8 384
9 384
0 102
4 94
9 585
18 474
39 535
1 261
294 295
0 169
7 148
5 183
873 876
2 733
14 1787
7 1787
11 1787
5 617
0 1553
1 1553
9 504
1 343
0 632
7 127
503 504
8 1083
2 65
33 1144
177 178
6 172
5 240
430 431
908 919
496 498
5 1618
30 1475
19 368
3 26
7 1965
5 1965
1 1965
3 1965
0 1965
4 1965
15 125
3 175
2 55
376 379
0 229
0 229
1 230
10 1042
341 344
322 323
4 746
17 876
474 479
400 406
4 504
2 171
22 575
22 764
8 1913
1 1913
4 1057
5 269
1 173
2 344
5 772
23 242
14 1695
1685 1695
6 382
20 764
3 175
0 94
8 811
5 394
4 1287
0 176
12 139
0 310
1 360
229 230
8 811
6 381
0 1129
9 1129
1 1129
2 638
1068 1071
37 1410
10 1410
13 1410
8 811
5 497
1 37
2 285
12 305
3 256
1 360
232 233
616 623
3 1061
254 260
5 452
6 563
588 592
6 144
326 327
1 617
12 337
361 362
376 5976
58 5976
64 5976
91 5976
103 5976
71 5976
113 5976
52 5976
35 5976
1074 1075
360 379
21 661
1 162
5 2517
26 431
6 100
4 1386
22 850
5 511
404 405
1 1102
0 1102
1 370
191 196
1 361
13 841
697 698
0 124
0 290
10 218
438 439
219 229
4 349
3 89
1 360
21 333
327 333
8 526
121 122
2 412
3 196
13 874
0 247
19 896
0 338
1 338
1 142
1778 1779
146 1779
85 1779
100 1779
11 1238
17 876
6 1853
1 1853
0 1853
8 592
560 564
1 173
48 1539
1 158
25 812
6 584
2 328
4 262
8 816
96 99
4 796
6 404
7 146
344 345
5 464
226 228
268 274
459 919
11 502
4 1110
3 122
4 446
68 518
0 141
14 585
58 561
88 2808
31 1357
102 1416
1 204
6 100
281 563
0 564
4 473
22 1110
10 339
163 327
3 308
289 295
1 587
10 777
21 558
148 149
4 209
5 279
1 962
0 3095
1 3095
4 3095
3 1617
2 1617
1 1617
0 1617
317 318
326 327
0 1767
6 1767
2 1767
4 1767
239 240
3 1071
13 522
4 1618
1 465
0 465
4 465
