9 384
10 375
16 392
0 576
1 576
37 776
36 776
11 511
14 2287
12 2287
3 745
4 745
13 914
12 338
4 448
0 691
1 691
2 183
55 914
18 1155
36 1155
577 1155
10 1155
11 1155
4 1370
74 1623
42 7389
13 7389
75 7389
1 7389
0 7389
2 7389
3 7389
71 7389
186 7389
70 7389
178 7389
73 2339
7 615
25 1288
174 176
10 1265
11 1265
16 1265
4 150
3 79
3 1983
4 1983
6 1983
5 1983
5 269
17 397
0 1208
8 1208
2 1208
7 1474
11 240
4 448
21 558
1 1113
0 1113
1 79
22 305
397 400
5 388
16 590
12 1483
3 152
1 152
8 796
767 1536
8 805
12 276
13 328
7 1267
9 1267
0 1267
11 1267
6 1267
13 522
4 198
0 1013
0 1013
4 152
14 1303
0 1008
1 1008
3 327
5 562
12 737
13 737
3 264
7 175
0 44
0 89
4 1913
1 1913
1535 1539
970 973
854 855
6 301
14 7645
288 7645
164 7645
4 7645
8 7645
83 7645
112 7645
97 7645
54 7645
88 7645
146 7645
66 7645
17 7645
45 7645
58 7645
115 7645
98 7645
16 7645
23 7645
111 7645
738 9306
0 9306
57 9306
47 9306
9 9306
317 9306
170 9306
15 9306
10 9306
796 9306
454 9306
21 9306
66 9306
384 9306
49 9306
222 9306
154 9306
151 9306
18 3760
121 3760
52 3760
46 3760
42 3760
4 3760
14 3760
25 3760
684 689
4 295
4 1454
0 1454
3 1454
1 1454
7 626
5 203
4 405
11 794
7 794
2 844
328 657
1109 1110
4 150
4 1071
1 812
1 812
0 422
16 896
29 395
36 2339
1 135
8 324
4 721
7 79
203 204
8 811
9 368
14 380
14 380
1 384
8 152
4 98
9 68
2 446
11 777
11 777
14 884
19 884
16 1514
25 876
3 348
0 169
1 663
0 663
16 303
11 240
440 441
1473 1474
6 733
7 1077
3 404
3 973
2 138
18 1618
2 567
17 876
2 176
20 2150
21 2150
17 876
10 311
3 1597
1 1597
0 1597
10 1597
20 618
4 98
5 184
37 776
36 776
496 497
4 57
17 392
2 670
0 670
16 392
11 511
6 247
4 876
5 344
11 965
25 1539
3 509
5 215
22 176
4 215
4 215
32 1386
282 283
57 764
15 465
5 792
14 10782
4 10782
38 10782
5 10782
1 10782
199 10782
17 10782
113 10782
52 10782
58 10782
35 10782
196 10782
67 10782
7 10782
9 10782
30 10782
166 10782
3 10782
26 10782
29 10782
6 10782
45 10782
170 10782
2 10782
35 10782
8 10782
4 224
16 767
10 144
50 540
2 2510
0 2510
134 269
5 269
2 1269
1 1269
5 919
6 782
4 448
1 931
0 931
2 247
4 89
23 2038
0 2038
1 2038
3 446
28 737
0 1898
1 1898
18 584
1355 1360
5 2257
7 2257
1685 1695
52 2339
1066 1072
4 746
4 746
1 2150
5 2150
37 3410
1 3410
7 3410
4 746
0 2150
7 2150
25 764
4 746
5 456
23 590
14 2449
15 2449
23 191
11 777
2 266
1021 1027
9 976
22 976
21 3000
51 3000
23 3000
136 3000
28 3000
41 3000
4 202
3 456
10 777
15 381
0 295
185 186
220 441
1 94
33 68
7 287
11 240
70 142
13 240
8 655
6 1197
5 2831
3 2831
2 2831
1 2831
6 1331
30 4210
5 4210
87 4210
2 4210
8 4210
56 4210
144 4210
59 4210
1 4210
11 4210
99 4210
1 20
4 209
1 677
0 677
0 1547
1 1547
7 888
3 888
343 344
405 413
2 1012
0 1012
3 1012
267 269
12 467
503 504
554 1110
9 585
0 2128
3 2128
1 2128
12 960
12 1483
1535 1536
1531 1536
1106 1110
1 1069
3 1069
0 1069
1008 1014
801 811
9 1110
13 423
1 93
11 183
3 384
5 724
8 2375
1 2375
2 2375
177 178
7 788
2 788
6 788
5 788
8 788
0 788
1 788
8 788
4 788
0 203
11 226
2 4949
12 4949
1 4949
33 4949
53 4949
32 4949
38 4949
4 120
56 2150
0 2150
7 2150
10 653
53 689
13 2955
3 2955
10 2955
2 2955
25 2955
0 2955
9 2955
14 1695
5 439
22 439
12 225
6 2163
7 2163
185 13875
1 13875
75 13875
16 13875
9 13875
55 13875
10 13875
0 13875
163 13875
12 13875
6937 13875
161 13875
26 13875
4 13875
36 2339
4 222
4 150
7 1164
8 1164
11 1164
2 2347
1 2347
0 2347
3 2347
632 633
9 384
7 3126
9 3126
8 3126
0 3126
4 3126
2 3126
1 3126
1 1078
0 1078
3 1078
3 267
15 1926
262 526
811 812
20 858
15 5657
14 5657
40 5657
19 5657
8 5657
9 5657
37 5657
156 5657
37 1042
13 423
6 218
85 172
18 1307
69 1021
16 384
399 400
13 240
6 247
1 176
5 247
9 124
20 618
6 247
0 1708
3 1708
1 1708
2 1708
2 762
0 762
1 152
367 371
5 264
3 442
10 442
9 389
75 5642
11 5642
14 5642
141 5642
55 5642
64 5642
41 5642
5 416
5 223
4 86
23 543
17 1403
16 1403
15 679
22 2517
1 87
26 689
10 336
4 89
3 153
1400 1403
20 1963
18 1963
0 2002
2 2002
1989 2002
143 147
18 147
11 163
131 264
7 1539
131 264
16 590
0 181
120 241
1 465
37 764
38 764
17 764
5 295
2 1652
1 1652
14 1967
4 86
4 1110
2 1183
0 1183
1 1183
3 876
7 389
3 1124
1 1124
10 1014
0 961
8 961
2 961
8 526
2 359
30 1130
7 257
28 1386
14 842
520 1042
3 257
17 2403
51 2403
18 2403
105 106
10 375
8 617
29 270
269 270
10 340
4 327
16 380
11 518
1 587
0 587
8 384
1 424
263 264
19 699
3 1317
2 1317
0 1317
6 120
7 594
3 538
0 603
67 1130
3 344
11 240
7 1241
3 122
28 855
0 1898
1 1898
0 1898
1 1898
17 384
8 17
18 914
7 777
4 163
25 4713
28 4713
5 4713
313 4713
1 4713
33 4713
0 44
0 2150
3 2150
3 2150
4 2150
9 402
132 266
0 781
2 781
1 781
4 781
663 664
53 689
13 874
9 796
795 796
78 1464
46 1464
47 1464
11 548
7 382
116 233
2 663
7 257
252 506
12 1012
4 257
3 626
3 371
390 782
41 3816
0 3816
2 3816
1 3816
3 3816
5 3816
4 3816
11 340
1 1347
0 1347
1 149
8 554
4 364
5 364
147 295
217 435
22 695
1 1247
0 1247
7 423
34 914
5 265
0 631
3 631
5 186
20 518
85 171
255 511
33 431
1 2308
0 2308
8 2303
7 2303
1 145
2 145
7 145
13 467
516 518
403 405
8 318
10 423
7 324
388 389
14 8726
27 8726
62 8726
105 8726
148 8726
40 8726
299 8726
64 8726
60 8726
46 8726
8 8726
80 8726
61 8726
6 422
6 108
5 456
0 1036
1 1036
20 391
3 344
15 679
2 154
198 397
14 3066
13 3066
33 3066
0 1214
1 1214
46 1595
53 1595
763 764
2 457
3 368
1 376
7 209
206 209
1 1191
0 1191
20 592
377 378
70 141
8 389
10 446
11 264
8 526
9 1110
6366 12734
9 12734
16 12734
245 12734
10 12734
94 12734
6366 12734
73 12734
11 12734
237 12734
74 12734
74 12734
20 12734
24 12734
82 12734
314 12734
153 12734
76 12734
201 203
5 89
9 653
11 295
1 841
4 441
8 384
3 876
45 1264
631 1264
52 1264
6 404
11 1483
13 1110
21 590
16 590
5 264
0 107
11 1386
10 148
4 89
10 842
460 461
0 669
1 669
13 737
26 699
7 423
12 737
0 107
0 107
1 148
3 473
30 2629
42 2629
9 2629
8 2629
9 384
2 1589
1 1589
0 1589
4 113
0 2696
1 2696
8 2696
17 774
34 664
493 987
5 987
6 987
12 4344
3 4344
6 4344
43 4344
7 4344
4 4344
0 4344
4 222
13 626
15 1376
2 1376
14 1376
4 1376
21 558
4 680
5 680
5 234
3 177
12 177
18 384
17 441
438 441
3 376
0 1511
3 1511
7 522
6 522
0 169
14 737
34 664
13 479
19 2238
30 2238
29 2238
18 2238
16 1074
13 737
6 762
28 2517
393 788
29 2300
27 2300
761 762
20 618
2 183
269 270
11 558
2 252
19 295
21 1913
22 1913
29 656
5 656
6 656
13 240
0 423
381 764
366 373
0 446
3 357
7 423
0 632
16 590
9 562
13 456
0 9
293 587
5 562
8 1014
0 774
7 404
14 567
7 1407
5 594
0 690
1 690
249 250
126 127
294 295
3 2725
1 2725
4 2725
0 2725
2 2725
2 442
0 442
11 518
1 508
0 269
2 269
0 38
1 6094
3 6094
2 6094
0 6094
5 6094
1369 1370
12 2737
11 2737
30 1409
262 526
18 465
4 339
1 960
0 960
25 382
4 295
5 404
5 431
3 1536
7 615
1 844
0 308
8 504
7 560
0 730
1 730
3 764
1 1701
11 240
141 283
14 596
18 392
6 2339
4 2339
2 303
1 461
19 563
10 438
0 122
0 980
1 980
16 845
1 665
5 378
351 352
8 889
6 889
3 189
1 431
750 751
5 526
11 1955
2 1955
7 1955
10 1955
3 1955
6 1955
12 9453
26 9453
13 9453
0 9453
5 9453
37 9453
2 9453
6 9453
3 9453
7 9453
14 9453
9 9453
8 9453
11 9453
4 9453
0 3604
2 3604
6 3604
1801 3604
1 3604
4 2982
3 2982
6 2982
5 2982
2 2982
7 1152
497 499
0 181
1 181
124 249
12 613
14 395
7 575
3 122
3 1114
0 1114
141 283
141 283
0 241
27 55
654 655
1 1887
0 1887
2 1887
75 7512
47 7512
48 7512
111 7512
126 7512
66 7512
73 7512
351 7512
271 7512
307 7512
116 7512
63 7512
98 7512
304 7512
7505 7512
4 328
5 623
1 106
1 82
8 305
8 196
75 151
8 439
1 328
87 2031
2 4370
8 4370
4 4370
0 4370
1 4370
6 4370
3 4370
5 4370
5 340
1 360
3 269
1 413
885 887
0 187
1 187
4 534
6 1539
7 726
128 257
201 202
0 764
1 764
9 473
1 729
0 729
3 729
4 174
296 593
4 326
4 282
29 59
11 2849
24 2849
28 2849
8 2849
8 225
13 435
1 435
3 522
7 146
36 479
3 399
3 587
7 562
393 788
2 788
393 788
393 788
393 788
0 788
0 788
393 788
393 788
2 473
1 473
1 1528
0 1528
29 1904
19 1904
3 733
218 219
48 2417
53 2417
50 594
17 594
45 594
0 620
1 620
2 476
4 476
5 405
34 1695
1 91
2 91
2 1223
1 1223
12 1223
478 479
2 328
3 1879
0 1879
52 4834
36 4834
3 4834
11 4834
37 4834
38 4834
4 145
737 739
11 336
8 361
7 177
412 413
379 759
190 191
189 191
7 240
8 233
3 177
0 176
5 318
1 807
0 807
8 761
3 446
1 931
0 931
25 1074
7 812
143 287
15 764
25 1043
7 857
2 922
0 558
1 558
10 279
86 173
129 130
2 617
3 617
1 1707
0 1707
6 4275
3 4275
0 4275
8 4275
9 4275
1 1149
2 1149
3 1149
1 2971
2 2971
11 336
9 318
13 1026
1 92
0 92
3 311
1 161
766 774
11 127
5 379
399 400
427 428
11 381
7 562
4 497
392 393
2 279
322 323
4 395
3 223
8 362
12 509
11 2434
9 716
386 388
27 233
3 484
4 484
7 484
21 1075
20 1075
1073 1075
20 1075
58 118
0 114
10 844
823 844
0 306
1 1742
0 1742
2 1742
6 441
653 655
16 764
7 509
1868 3737
1 3737
2 3737
0 3737
12 562
1090 2181
4 338
3 40
4 379
4 405
5 474
2 98
1141 1143
183 368
29 699
1 343
13 126
6 1644
8 1644
0 767
1 767
383 767
9 20
154 310
2 354
3 61
2 297
363 727
12 395
97 1618
4 233
190 381
6 473
108 217
1 152
383 768
8 171
2 567
1 301
0 461
393 788
2 788
393 788
393 788
393 788
0 788
0 788
393 788
393 788
3 405
651 653
3 139
1 324
5 973
17 1386
5 633
23 664
31 1618
18 395
4 295
9 344
10 230
1109 2219
1 385
10 527
19 1926
21 1926
9 548
0 919
20 699
4 472
4 327
2 821
3 821
4 821
4 526
4 567
2 1012
2 1012
3 1012
11 562
12 739
1 266
113 227
0 241
17 635
3 391
4 177
2 407
15 435
531 535
16 527
1 371
10 371
2 240
7 57
148 297
7 262
1 361
22 1312
83 84
22 287
13 509
584 585
17 592
5 812
112 2339
286 290
1 948
3 948
2 448
25 973
5 360
9 389
25 1646
1 2101
0 2101
2 2101
3 2101
6 876
13 472
3 265
14 777
2 502
1 137
104 209
10 144
2 183
1 370
18 135
2 120
7 962
16 721
113 114
5 3218
14 1747
0 231
4 1110
0 153
5 290
7 397
10 325
9 319
10 382
9 5267
17 5267
6 5267
8 5267
15 5267
12 5267
14 5267
16 5267
3 5267
5 5267
4 5267
2 5267
10 5267
13 5267
1 1034
0 1034
0 2191
1 2191
6 247
4 247
11 1416
82 1027
0 319
3 1042
0 384
4 163
8 127
3 484
1 900
5 544
16 265
7 368
1 930
1 2416
0 2416
5 2416
14 919
406 407
5 382
3 247
4 233
2 1183
1 1183
0 1183
3 1185
5 382
4 340
0 3763
1 3763
176 177
7 477
140 141
23 242
0 295
1 295
18 395
307 615
1 308
4 1695
6 511
0 227
3 257
36 2339
21 395
2 359
10 761
256 257
0 176
11 336
3 195
363 365
239 240
229 230
2 196
6 338
19 1116
18 1116
6 1124
2 300
15 1623
29 906
0 57
2 188
7 1057
0 233
2 721
8 318
9 735
31 699
3 446
6 310
1 165
232 465
4 1130
339 679
2 392
173 348
1 1898
0 1898
7 472
3 950
15 950
4 950
3 191
7 1695
15 324
2 282
3 861
24 1695
179 360
16 960
381 388
2 1701
4 453
3 453
246 247
1 461
294 295
25 1042
23 549
159 319
11 1110
11 2517
1 866
0 866
4 141
2 387
23 48
1 1791
0 1791
11 511
2 275
8 286
0 423
2 191
16 950
38 509
2 861
4 364
5 364
377 378
15 3651
4 364
5 364
0 298
652 679
24 654
176 177
9 605
4 392
4 392
4 569
0 43
6 414
3 272
3 327
1 2050
2 2050
3 2050
2 617
15 927
1 1268
0 1268
2 1268
11 1413
78 157
314 317
783 790
394 790
8 812
538 1077
9 584
32 562
24 1360
5 1695
202 405
7 587
5 127
1 1592
0 1592
0 1719
2 1719
1 1719
2 548
1 548
194 195
350 352
1 1043
2 2703
1 2703
0 2703
3 2703
28 1165
16 395
7 1323
4 1323
3 1323
25 1323
9 1323
2 118
164 165
11 663
9 451
28 1536
0 1526
1 1526
3 1526
1 116
7 327
3 587
3 139
5 325
24 1288
1 116
9 240
2 217
355 712
13 1386
72 2339
10 2517
3 381
141 284
182 183
1 295
17 2517
13 2339
13 465
2 247
10 2517
4 55
5 281
0 247
1359 1360
8 461
3758 3761
18 590
6 594
377 378
27 1539
10 108
2168 4338
775 1552
3 152
7 646
10 306
26 657
28 657
20 1042
210 421
11 1042
5 222
16 1034
1 270
5 1104
2 486
501 502
2 57
24 816
12 2365
33 1074
0 187
4 2236
2 2236
1 2236
0 2236
14 405
7 1110
13 497
110 222
119 120
4 151
4 1392
4 230
85 86
77 78
1169 2339
8 9
22 1021
317 318
0 308
7 279
7 762
87 88
7 721
1 1027
15 500
1 89
2 86
14 159
3 733
9 725
10 276
4 497
25 1130
3 456
1 654
776 777
52 53
0 340
237 475
2 142
5 694
6 41
7 90
14 588
14 588
24 588
5 214
3 67
7 588
6 327
2 342
8 588
7 193
3 161
44 90
7 588
6 41
10 322
13 718
2 142
15 567
587 588
1 113
5 120
24 588
4 567
19 588
29 588
17 483
32 588
6 218
586 588
11 282
10 282
16 588
108 218
9 327
11 24
4 274
3 274
9 214
2 142
7 90
44 90
2 228
6 567
3 229
34 567
12 343
2 228
6 327
3 43
14 386
32 694
11 228
15 475
24 588
30 475
23 946
15 475
2 567
3 457
7 327
17 483
12 343
5 116
25 475
6 228
5 342
163 327
279 560
6 229
8 99
7 588
7 43
6 43
1 168
11 141
4 483
0 16
28 588
2 386
11 334
5 588
6 588
12 588
6 588
7 90
28 588
7 271
15 588
13 386
4 67
279 560
170 342
10 454
12 588
10 588
5 211
31 694
13 694
7 228
3 327
14 588
21 752
4 53
3 229
28 588
6 41
9 374
8 334
13 588
28 475
9 110
1 229
1 58
27 588
2 142
11 153
13 334
6 116
58 118
14 588
27 386
6 327
2 142
19 228
77 156
11 588
10 588
8 327
24 343
8 153
19 475
12 588
8 99
11 588
6 588
27 574
5 694
4 90
26 694
0 56
279 560
13 342
12 322
15 752
14 588
22 327
4 193
11 454
4 342
3 67
20 327
24 588
5 229
4 342
3 67
49 2673
5 211
17 483
10 327
9 228
4 33
11 962
6 1539
13 125
0 120
6 80
3 816
8 554
3 176
18 406
0 66
1 473
6 977
4 844
1 290
7 502
87 88
1 275
5 147
4 515
3 1205
16 1403
10 1695
5 605
6 605
0 1347
1 1347
41 1516
4 295
4 473
6 59
13 1021
10 788
113 228
18 1110
3 88
4 768
7 476
13 337
339 340
21 1695
5 127
1 308
7 378
6 241
3 452
4 284
1 1900
0 1900
1 3101
0 3101
0 6
6 218
662 664
1 158
0 423
9 951
8 951
4 623
2 399
18 1577
4 278
3 214
5 2150
0 2150
1 145
0 404
1 1074
9 336
5 362
4 594
1 216
438 439
5 527
29 1386
6 639
17 762
5 625
6 625
0 725
11 395
2 1036
25 1042
2 393
11 1539
3 368
10 1539
58 117
9 632
47 1042
1 518
1 567
2 452
4 1071
4 347
3 303
0 120
269 270
20 2237
48 2237
2 2237
0 2237
21 2237
1 233
775 1552
0 409
0 1230
2 1230
32 853
1 400
0 126
9 446
33 857
3 973
1 274
0 274
0 3390
35 3390
1 3390
6 3390
1 584
15 890
7 626
107 216
0 1346
5 247
143 287
39 79
2 196
17 191
160 7353
12 7353
56 7353
437 7353
63 7353
80 7353
204 7353
27 7353
17 7353
577 7353
8 7353
181 7353
44 7353
211 7353
24 7353
45 7353
6 141
3 2466
2 2466
0 2466
1 2466
86 1456
19 10604
0 10604
68 10604
61 10604
21 10604
69 10604
2 10604
32 10604
6 10604
20 10604
11 10604
89 10604
10 10604
16 10604
110 10604
5 10604
4 1655
3 1655
1 407
2 1162
3 1162
0 1162
1 1162
478 479
22 623
1 87
1 564
195 391
3 295
2 590
1 508
48 1695
2 47
393 788
3 788
23 788
19 788
393 788
0 788
1 788
12 788
393 788
9 230
4 739
6 436
50 1695
1 247
620 626
18 567
114 115
23 48
10 344
4 684
49 764
3 582
5 1072
1 1862
0 1862
9 369
17 876
4 625
19 233
1 937
0 937
4 937
4 230
2 421
1 272
6 218
58 812
825 826
7 919
3 887
3 1072
22 2339
4 958
3 958
20 1623
9 141
6 792
10 811
1 2330
0 2330
7 247
22 974
12 120
0 182
2 423
3 1967
2 30
9 384
2 549
1150 1153
0 497
7 188
7 498
0 157
1 157
2338 2339
9 950
56 57
0 135
12 473
1 962
4 448
1 163
5 414
2 1161
0 1161
1 1161
0 117
2 96
16 1403
3 1346
1 139
26 1110
5 473
11 318
4 318
3 700
1 162
5 1967
11 1539
10 1539
105 106
0 5662
1 5662
4 5662
3 5662
2 5662
1534 1536
34 1536
18 625
11 2565
7 2565
10 2565
6 2565
8 2565
9 2565
1744 1747
382 384
4 183
0 1249
4 1249
1 87
23 812
744 746
0 2128
1 2128
3 2128
5 473
1 67
2 124
176 178
8 764
2 379
12 2396
6 2396
7 2396
11 890
21 890
10 890
7 38
1 2407
3 2407
2 2407
6 2407
4 735
0 581
1 581
0 385
1 385
28 615
1 139
4 641
4 448
2 1064
3 1064
9 2225
4 89
0 941
1 89
6 1419
1 452
3 80
19 554
1 89
15 1294
16 1294
21 381
28 1948
13 1948
16 1948
30 1948
3 962
5 448
2 352
136 137
4 594
1 1708
0 1708
143 287
0 25
7 816
4 626
0 90
29 2339
2 1536
9 233
3 69
6 319
9 796
8 446
5 527
2 142
1 369
2 153
17 590
5 385
409 413
1 446
1 2395
2 2395
3 404
295 592
19 2163
16 2163
17 2163
1 55
20 191
1 2423
0 2423
5 2423
3 344
4 196
450 452
22 1403
0 1205
1 1205
12 1014
3 294
4 448
85 86
11 395
843 844
17 844
3 303
1359 1360
1 812
106 107
0 562
10 479
9 467
41 1733
25 1733
26 1733
4 80
21 739
0 446
123 247
7 389
1 733
5 215
4 295
25 431
3 175
129 130
185 187
1 135
4 284
368 371
10 330
2 1724
0 1724
1 1724
1 549
7 919
569 1139
0 896
1 896
1 437
51 103
19 264
6 261
3 264
6 648
20 1577
1 1501
3 1501
0 1501
11 617
35 1618
2 285
21 504
5 115
1 48
9 247
15 737
0 223
6 509
4 311
4 594
471 477
2 345
2 733
9 789
7 789
15 605
7 1747
3 347
4 1511
6 1511
5 362
146 147
0 307
10 139
9 139
5 382
58 1766
8 788
2 788
6 788
5 788
9 788
0 788
1 788
9 788
4 788
4 694
0 694
4 307
0 174
3 371
1 1077
5 537
88 178
3 103
5 290
2 3159
1 3159
0 3159
21 1331
24 50
2 716
1 508
13 1909
24 1909
12 1909
4 1618
2 1618
8 384
9 384
0 102
1 94
9 585
6 474
267 535
1 261
294 295
0 169
7 148
4 183
18 876
2 733
14 1787
3 1787
6 1787
4 617
0 1553
1 1553
9 504
1 343
1 632
7 127
15 504
7 1083
2 65
5 1144
5 178
5 172
119 240
430 431
19 919
497 498
5 1618
36 1475
183 368
3 26
7 1965
5 1965
1 1965
3 1965
0 1965
2 1965
15 125
3 175
27 55
20 379
0 229
0 229
1 230
10 1042
10 344
321 323
4 746
17 876
13 479
402 406
4 504
3 171
12 575
23 764
15 1913
2 1913
4 1057
5 269
1 173
4 344
5 772
23 242
14 1695
23 1695
6 382
17 764
3 175
0 94
8 811
5 394
4 1287
0 176
10 139
0 310
1 360
4 230
8 811
6 381
0 1129
9 1129
1 1129
1 638
14 1071
37 1410
7 1410
6 1410
8 811
5 497
18 37
2 285
12 305
2 256
1 360
116 233
622 623
2 1061
14 260
5 452
5 563
585 592
4 144
163 327
1 617
12 337
15 362
420 5976
67 5976
50 5976
92 5976
104 5976
31 5976
114 5976
59 5976
21 5976
1072 1075
378 379
25 661
1 162
3 2517
26 431
6 100
4 1386
9 850
5 511
404 405
1 1102
0 1102
1 370
7 196
1 361
13 841
697 698
0 124
0 290
108 218
24 439
15 229
4 349
4 89
1 360
12 333
12 333
8 526
3 122
2 412
3 196
13 874
0 247
8 896
0 338
1 338
2 142
64 1779
889 1779
72 1779
889 1779
9 1238
17 876
6 1853
0 1853
1 1853
3 592
562 564
2 173
16 1539
1 158
5 812
6 584
2 328
6 262
9 816
96 99
6 796
6 404
5 146
344 345
3 464
6 228
273 274
459 919
11 502
4 1110
5 122
4 446
509 518
0 141
9 585
19 561
10 2808
12 1357
707 1416
1 204
6 100
281 563
2 564
4 473
22 1110
10 339
163 327
1 308
20 295
1 587
11 777
21 558
148 149
5 209
277 279
1 962
0 3095
1 3095
5 3095
3 1617
2 1617
1 1617
0 1617
8 318
326 327
1 1767
2 1767
0 1767
6 1767
239 240
4 1071
13 522
4 1618
1 465
0 465
1 465
