376 384
370 375
384 392
571 576
572 576
772 776
773 776
486 511
2251 2287
2188 2287
4 745
3 745
821 914
8 338
434 448
0 691
684 691
180 183
61 914
1120 1155
1135 1155
1037 1155
10 1155
4 1155
1300 1370
1451 1623
7382 7389
7363 7389
7045 7389
7 7389
27 7389
7367 7389
228 7389
1 7389
3 7389
6859 7389
7161 7389
2329 2339
543 615
1278 1288
169 176
1241 1265
0 1265
1228 1265
144 150
6 79
0 1983
1957 1983
22 1983
1951 1983
265 269
352 397
6 1208
0 1208
4 1208
1439 1474
237 240
7 448
556 558
1082 1113
1061 1113
6 79
302 305
399 400
370 388
546 590
1396 1483
142 152
143 152
789 796
1487 1536
734 805
270 276
327 328
1265 1267
1263 1267
1257 1267
1213 1267
1266 1267
0 522
187 198
4 1013
2 1013
140 152
1294 1303
972 1008
998 1008
6 327
546 562
11 737
6 737
253 264
170 175
42 44
0 89
1855 1913
1829 1913
1398 1539
972 973
849 855
299 301
59 7645
18 7645
7644 7645
440 7645
72 7645
7643 7645
7641 7645
7634 7645
7636 7645
3 7645
2 7645
7574 7645
9 7645
56 7645
142 7645
244 7645
55 7645
349 7645
212 7645
557 7645
9059 9306
9074 9306
9214 9306
9296 9306
9291 9306
153 9306
9305 9306
9303 9306
9272 9306
16 9306
6 9306
9299 9306
9027 9306
8941 9306
9302 9306
9209 9306
9221 9306
8876 9306
3750 3760
114 3760
3758 3760
3759 3760
3755 3760
3737 3760
3677 3760
3757 3760
668 689
283 295
1406 1454
1451 1454
28 1454
3 1454
610 626
196 203
393 405
784 794
792 794
834 844
581 657
1089 1110
146 150
3 1071
764 812
757 812
7 422
881 896
394 395
2115 2339
0 135
11 324
13 721
74 79
195 204
783 811
2 368
6 380
0 380
0 384
20 152
1 98
66 68
415 446
1 777
2 777
838 884
874 884
1512 1514
847 876
319 348
155 169
649 663
661 663
300 303
237 240
431 441
1436 1474
1 733
1 1077
384 404
960 973
130 138
2 1618
551 567
872 876
146 176
1928 2150
2099 2150
872 876
2 311
1422 1597
1492 1597
1498 1597
1516 1597
611 618
1 98
183 184
769 776
768 776
495 497
56 57
390 392
666 670
0 670
386 392
462 511
230 247
839 876
3 344
937 965
1530 1539
481 509
202 215
170 176
1 215
200 215
1369 1386
274 283
637 764
463 465
773 792
9945 10782
10404 10782
10080 10782
4 10782
10493 10782
5 10782
10612 10782
10647 10782
253 10782
121 10782
10425 10782
10742 10782
10769 10782
10763 10782
10687 10782
10379 10782
9897 10782
10588 10782
10567 10782
10305 10782
10592 10782
10629 10782
86 10782
10757 10782
10425 10782
10467 10782
209 224
741 767
1 144
475 540
2403 2510
11 2510
7 269
11 269
1218 1269
0 1269
905 919
2 782
422 448
0 931
23 931
0 247
87 89
2030 2038
3 2038
36 2038
421 446
702 737
1881 1898
1888 1898
14 584
1335 1360
2 2257
4 2257
1676 1695
2338 2339
1070 1072
723 746
728 746
2005 2150
2089 2150
3378 3410
3263 3410
3334 3410
733 746
2019 2150
2108 2150
751 764
729 746
412 456
569 590
2396 2449
2448 2449
177 191
754 777
1 266
1013 1027
4 976
17 976
22 3000
2996 3000
13 3000
27 3000
2886 3000
2830 3000
2 202
0 456
751 777
378 381
1 295
185 186
440 441
0 94
60 68
251 287
236 240
70 142
238 240
0 655
1114 1197
5 2831
3 2831
2 2831
4 2831
1244 1331
4206 4210
4209 4210
4081 4210
4205 4210
4198 4210
4153 4210
0 4210
139 4210
4207 4210
4202 4210
4131 4210
4 20
204 209
0 677
651 677
2 1547
1527 1547
887 888
886 888
334 344
388 413
1 1012
0 1012
4 1012
248 269
5 467
495 504
1 1110
0 585
2107 2128
0 2128
3 2128
926 960
1398 1483
1486 1536
1525 1536
1099 1110
0 1069
1 1069
1068 1069
994 1014
772 811
1079 1110
422 423
0 93
178 183
379 384
714 724
18 2375
7 2375
3 2375
170 178
777 788
785 788
784 788
778 788
780 788
782 788
774 788
775 788
776 788
165 203
222 226
0 4949
4592 4949
4650 4949
78 4949
4900 4949
35 4949
155 4949
115 120
1971 2150
2117 2150
2101 2150
625 653
658 689
1 2955
0 2955
2911 2955
3 2955
103 2955
2785 2955
2942 2955
23 1695
422 439
399 439
223 225
2 2163
3 2163
130 13875
13027 13875
4 13875
14 13875
13254 13875
13195 13875
13767 13875
618 13875
84 13875
13311 13875
12856 13875
12658 13875
13638 13875
13736 13875
30 2339
216 222
148 150
13 1164
2 1164
1080 1164
12 2347
1 2347
2 2347
2186 2347
627 633
373 384
3068 3126
3027 3126
3101 3126
3042 3126
2906 3126
3040 3126
3048 3126
1077 1078
1075 1078
6 1078
258 267
0 1926
501 526
810 812
825 858
11 5657
12 5657
8 5657
7 5657
5493 5657
37 5657
119 5657
5534 5657
1041 1042
422 423
198 218
7 172
1188 1307
930 1021
383 384
399 400
237 240
230 247
160 176
13 247
8 124
606 618
228 247
0 1708
4 1708
5 1708
3 1708
748 762
743 762
8 152
364 371
263 264
431 442
441 442
387 389
58 5642
28 5642
19 5642
5227 5642
29 5642
3 5642
5477 5642
413 416
211 223
85 86
509 543
76 1403
1320 1403
600 679
2459 2517
0 87
655 689
2 336
0 89
3 153
69 1403
1952 1963
1937 1963
108 2002
1856 2002
1969 2002
145 147
146 147
157 163
263 264
1437 1539
255 264
556 590
173 181
227 241
13 465
619 764
640 764
736 764
21 295
1635 1652
1619 1652
1946 1967
85 86
0 1110
0 1183
3 1183
1144 1183
859 876
387 389
1089 1124
12 1124
46 1014
895 961
25 961
2 961
494 526
0 359
3 1130
0 257
1373 1386
2 842
1011 1042
251 257
2173 2403
35 2403
2252 2403
102 106
371 375
5 617
262 270
269 270
338 340
310 327
350 380
494 518
586 587
584 587
1 384
407 424
263 264
1 699
1258 1317
1309 1317
1272 1317
118 120
1 594
0 538
0 603
959 1130
2 344
237 240
1154 1241
117 122
840 855
1875 1898
1892 1898
1873 1898
1882 1898
381 384
0 17
900 914
23 777
159 163
4668 4713
4561 4713
4696 4713
245 4713
4689 4713
41 4713
42 44
2091 2150
2058 2150
0 2150
1 2150
395 402
238 266
730 781
7 781
2 781
750 781
661 664
667 689
2 874
794 796
795 796
1384 1464
1344 1464
1432 1464
531 548
380 382
9 233
606 663
251 257
497 506
19 1012
3 257
1 626
0 371
711 782
38 3816
3793 3816
21 3816
7 3816
6 3816
3802 3816
17 3816
338 340
21 1347
1324 1347
144 149
502 554
0 364
3 364
280 295
28 435
688 695
1 1247
2 1247
410 423
9 914
6 265
617 631
630 631
185 186
493 518
155 171
463 511
410 431
3 2308
0 2308
38 2303
0 2303
18 145
5 145
11 145
8 467
512 518
395 405
317 318
408 423
286 324
388 389
1 8726
8564 8726
63 8726
0 8726
8503 8726
155 8726
8146 8726
71 8726
8708 8726
8724 8726
2 8726
73 8726
8711 8726
411 422
94 108
400 456
2 1036
1 1036
354 391
332 344
610 679
0 154
369 397
1 3066
2744 3066
3039 3066
1182 1214
1184 1214
1578 1595
1566 1595
752 764
0 457
2 368
0 376
200 209
204 209
15 1191
0 1191
591 592
376 378
132 141
387 389
444 446
246 264
507 526
1098 1110
933 12734
33 12734
12733 12734
294 12734
222 12734
39 12734
12099 12734
83 12734
0 12734
52 12734
13 12734
6 12734
16 12734
5 12734
12 12734
233 12734
27 12734
123 12734
202 203
0 89
2 653
12 295
0 841
2 441
383 384
862 876
1220 1264
1201 1264
1259 1264
8 404
3 1483
0 1110
4 590
564 590
254 264
106 107
4 1386
145 148
84 89
1 842
460 461
648 669
665 669
705 737
685 699
410 423
676 737
106 107
106 107
136 148
456 473
2447 2629
2486 2629
18 2629
2622 2629
376 384
1585 1589
1545 1589
1519 1589
3 113
2604 2696
2675 2696
2469 2696
729 774
0 664
936 987
984 987
986 987
3955 4344
4262 4344
131 4344
4127 4344
4141 4344
4001 4344
4179 4344
215 222
560 626
1312 1376
1318 1376
1170 1376
1341 1376
552 558
675 680
655 680
230 234
2 177
1 177
383 384
434 441
4 441
0 376
1495 1511
1469 1511
30 522
519 522
158 169
712 737
0 664
464 479
2161 2238
2225 2238
2105 2238
1 2238
1068 1074
692 737
753 762
2480 2517
715 788
2299 2300
2217 2300
754 762
605 618
179 183
269 270
2 558
251 252
245 295
1596 1913
1879 1913
652 656
13 656
653 656
238 240
415 423
21 764
369 373
434 446
4 357
410 423
5 632
564 590
556 562
425 456
0 9
293 587
550 562
54 1014
727 774
373 404
12 567
3 1407
576 594
650 690
665 690
240 250
125 127
294 295
53 2725
1362 2725
137 2725
2539 2725
163 2725
1 442
8 442
501 518
494 508
2 269
267 269
37 38
5823 6094
454 6094
336 6094
353 6094
5856 6094
1312 1370
2710 2737
2574 2737
1375 1409
494 526
415 465
4 339
923 960
899 960
32 382
4 295
0 404
16 431
1527 1536
549 615
0 844
0 308
5 504
544 560
625 730
364 730
597 764
1670 1701
237 240
0 283
594 596
383 392
2171 2339
3 2339
281 303
454 461
538 563
6 438
106 122
51 980
947 980
804 845
582 665
16 378
4 352
832 889
877 889
184 189
403 431
736 751
498 526
1952 1955
1923 1955
1949 1955
1945 1955
1860 1955
1951 1955
322 9453
9178 9453
276 9453
156 9453
455 9453
358 9453
14 9453
212 9453
790 9453
275 9453
8 9453
228 9453
16 9453
135 9453
295 9453
3455 3604
3480 3604
153 3604
3528 3604
52 3604
2939 2982
2960 2982
2976 2982
2932 2982
2651 2982
39 1152
5 499
0 181
1 181
0 249
609 613
368 395
517 575
112 122
1086 1114
1090 1114
1 283
3 283
6 241
0 55
643 655
1839 1887
1875 1887
57 1887
7509 7512
7483 7512
7501 7512
7444 7512
6949 7512
7417 7512
7504 7512
0 7512
70 7512
7229 7512
7434 7512
7507 7512
7405 7512
7236 7512
7072 7512
307 328
10 623
3 106
1 82
283 305
185 196
75 151
6 439
323 328
1983 2031
2184 4370
363 4370
372 4370
4152 4370
205 4370
4256 4370
124 4370
103 4370
332 340
354 360
3 269
0 413
1 887
179 187
3 187
485 534
1524 1539
32 726
252 257
184 202
759 764
761 764
445 473
11 729
4 729
7 729
8 174
4 593
1 326
140 282
57 59
0 2849
2622 2849
26 2849
172 2849
177 225
402 435
394 435
0 522
0 146
477 479
7 399
5 587
551 562
778 788
785 788
784 788
779 788
780 788
782 788
781 788
774 788
777 788
37 473
15 473
1486 1528
1294 1528
39 1904
1788 1904
688 733
211 219
2231 2417
2415 2417
23 594
42 594
27 594
4 620
2 620
16 476
237 476
3 405
1647 1695
2 91
0 91
64 1223
2 1223
55 1223
466 479
317 328
10 1879
15 1879
4794 4834
4611 4834
4781 4834
4829 4834
77 4834
4501 4834
143 145
725 739
321 336
334 361
159 177
383 413
706 759
187 191
187 191
12 240
226 233
175 177
172 176
0 318
748 807
737 807
732 761
413 446
0 931
864 931
1037 1074
0 812
267 287
727 764
1042 1043
1 857
877 922
2 558
22 558
139 279
7 173
113 130
529 617
513 617
1668 1707
1705 1707
16 4275
28 4275
4232 4275
4025 4275
4103 4275
1 1149
1015 1149
1096 1149
2929 2971
2958 2971
3 336
1 318
1024 1026
0 92
1 92
298 311
144 161
713 774
126 127
376 379
380 400
424 428
0 381
557 562
483 497
392 393
0 279
318 323
1 395
20 223
4 362
484 509
60 2434
0 716
0 388
202 233
4 484
469 484
470 484
58 1075
48 1075
992 1075
1018 1075
6 118
101 114
813 844
795 844
292 306
1647 1742
1601 1742
1607 1742
435 441
603 655
716 764
26 509
3661 3737
3702 3737
107 3737
210 3737
1 562
2075 2181
25 338
1 40
330 379
401 405
436 474
85 98
1110 1143
3 368
687 699
8 343
3 126
0 1644
1643 1644
725 767
712 767
1 767
1 20
4 310
1 354
3 61
9 297
652 727
1 395
1537 1618
209 233
0 381
449 473
209 217
0 152
5 768
18 171
8 567
4 301
424 461
778 788
784 788
783 788
780 788
781 788
782 788
779 788
774 788
777 788
396 405
624 653
8 139
20 324
945 973
59 1386
629 633
655 664
68 1618
16 395
3 295
341 344
220 230
1109 2219
15 385
7 527
0 1926
2 1926
538 548
823 919
687 699
462 472
319 327
1 821
770 821
742 821
0 526
7 567
39 1012
5 1012
7 1012
547 562
24 739
6 266
6 227
0 241
613 635
354 391
1 177
8 407
431 435
512 535
14 527
2 371
354 371
3 240
0 57
255 297
260 262
314 361
1272 1312
0 84
262 287
503 509
576 585
523 592
746 812
2079 2339
261 290
0 948
2 948
417 448
957 973
8 360
388 389
1569 1646
74 2101
2066 2101
1952 2101
2079 2101
857 876
416 472
9 265
715 777
13 502
7 137
2 209
1 144
162 183
18 370
117 135
115 120
903 962
38 721
107 114
26 3218
1702 1747
3 231
974 1110
138 153
286 290
387 397
316 325
289 319
355 382
207 5267
244 5267
2633 5267
55 5267
245 5267
2633 5267
4988 5267
4917 5267
4905 5267
4947 5267
143 5267
238 5267
101 5267
109 5267
941 1034
1013 1034
2047 2191
19 2191
22 247
20 247
129 1416
64 1027
44 319
48 1042
23 384
6 163
1 127
13 484
53 900
523 544
13 265
4 368
43 930
13 2416
2302 2416
44 2416
860 919
379 407
363 382
0 247
6 233
2 1183
8 1183
1155 1183
1101 1185
367 382
328 340
28 3763
50 3763
176 177
453 477
137 141
219 242
2 295
4 295
2 395
546 615
8 308
37 1695
445 511
0 227
245 257
30 2339
377 395
0 359
729 761
239 257
7 176
325 336
181 195
351 365
238 240
218 230
181 196
323 338
1095 1116
5 1116
38 1124
20 300
1604 1623
839 906
0 57
145 188
1030 1057
2 233
664 721
317 318
730 735
692 699
10 446
0 310
1 165
15 465
1048 1130
622 679
26 392
3 348
1871 1898
1883 1898
1 472
945 950
949 950
923 950
190 191
5 1695
315 324
276 282
3 861
1602 1695
12 360
926 960
374 388
0 1701
452 453
451 453
242 247
430 461
294 295
920 1042
481 549
6 319
1072 1110
2305 2517
14 866
60 866
110 141
7 387
0 48
1735 1791
1704 1791
4 511
258 275
0 286
411 423
162 191
3 950
501 509
1 861
2 364
305 364
373 378
3514 3651
302 364
311 364
275 298
646 679
40 654
176 177
600 605
5 392
6 392
16 569
0 43
396 414
268 272
308 327
13 2050
4 2050
2 2050
562 617
14 927
17 1268
79 1268
1147 1268
2 1413
147 157
305 317
771 790
703 790
23 812
1032 1077
567 584
12 562
1325 1360
1652 1695
389 405
562 587
126 127
87 1592
50 1592
1606 1719
1609 1719
22 1719
545 548
17 548
185 195
4 352
0 1043
2655 2703
2668 2703
2675 2703
2687 2703
1077 1165
388 395
1 1323
9 1323
2 1323
7 1323
6 1323
111 118
150 165
591 663
425 451
7 1536
1515 1526
1479 1526
1520 1526
0 116
9 327
3 587
3 139
3 325
1209 1288
0 116
2 240
210 217
665 712
3 1386
2332 2339
14 2517
371 381
5 284
166 183
292 295
0 2517
1960 2339
457 465
6 247
2466 2517
47 55
263 281
226 247
1337 1360
424 461
3632 3761
566 590
9 594
358 378
1495 1539
3 108
269 4338
34 1552
3 152
11 646
278 306
656 657
649 657
982 1042
417 421
1035 1042
213 222
1010 1034
260 270
1079 1104
5 486
452 502
56 57
799 816
2 2365
47 1074
8 187
2217 2236
2202 2236
2171 2236
6 2236
400 405
2 1110
486 497
205 222
117 120
0 151
26 1392
0 230
85 86
75 78
2195 2339
8 9
999 1021
315 318
1 308
139 279
753 762
87 88
34 721
60 1027
494 500
86 89
5 86
155 159
31 733
698 725
3 276
482 497
1104 1130
447 456
608 654
744 777
51 53
329 340
469 475
1 142
640 694
40 41
85 90
586 588
586 588
579 588
213 214
66 67
575 588
296 327
5 342
6 588
191 193
153 161
5 90
577 588
40 41
5 322
629 718
3 142
530 567
579 588
4 113
7 120
578 588
6 567
293 588
580 588
441 483
580 588
195 218
585 588
268 282
1 282
541 588
203 218
319 327
23 24
270 274
263 274
194 214
127 142
2 90
84 90
3 228
541 567
223 229
520 567
324 343
1 228
304 327
38 43
7 386
675 694
3 228
13 475
578 588
414 475
472 946
0 475
535 567
429 457
303 327
24 483
14 343
0 116
454 475
202 228
324 342
307 327
15 560
221 229
97 99
578 588
41 43
41 43
163 168
3 141
32 483
15 16
578 588
0 386
0 334
2 588
1 588
31 588
1 588
2 90
578 588
0 271
586 588
1 386
62 67
12 560
6 342
449 454
581 588
575 588
0 211
633 694
3 694
221 228
316 327
587 588
711 752
50 53
225 229
578 588
38 41
365 374
314 334
8 588
1 475
2 110
228 229
55 58
578 588
3 142
146 153
14 334
109 116
116 118
585 588
2 386
314 327
135 142
217 228
4 156
554 588
0 588
290 327
330 343
150 153
21 475
6 588
98 99
22 588
0 588
533 574
646 694
1 90
663 694
1 56
13 560
5 342
4 322
714 752
584 588
3 327
190 193
401 454
0 342
66 67
0 327
567 588
0 229
2 342
66 67
80 2673
189 211
448 483
322 327
222 228
32 33
1 962
1517 1539
116 125
115 120
0 80
750 816
0 554
3 176
402 406
3 66
432 473
0 977
0 844
4 290
485 502
87 88
235 275
143 147
6 515
1 1205
1294 1403
1689 1695
586 605
600 605
1325 1347
1180 1347
1506 1516
0 295
462 473
52 59
992 1021
9 788
218 228
1099 1110
87 88
0 768
0 476
336 337
330 340
1688 1695
126 127
4 308
372 378
0 241
13 452
0 284
0 1900
1808 1900
3031 3101
38 3101
0 6
201 218
651 664
0 158
413 423
886 951
947 951
514 623
379 399
1558 1577
261 278
0 214
2112 2150
2102 2150
144 145
0 404
4 1074
319 336
323 362
519 594
0 216
411 439
493 527
1368 1386
0 639
720 762
26 625
4 625
686 725
358 395
976 1036
11 1042
377 393
1482 1539
359 368
1505 1539
103 117
589 632
1036 1042
0 518
5 567
430 452
3 1071
335 347
275 303
116 120
269 270
2036 2237
2229 2237
2219 2237
2185 2237
4 2237
213 233
37 1552
4 409
15 1230
34 1230
847 853
394 400
0 126
444 446
53 857
959 973
2 274
1 274
19 3390
3216 3390
21 3390
50 3390
1 584
47 890
612 626
208 216
6 1346
2 247
263 287
75 79
185 196
184 191
7031 7353
7344 7353
6707 7353
6885 7353
7308 7353
6495 7353
7034 7353
7298 7353
7349 7353
6349 7353
7302 7353
6621 7353
7293 7353
6895 7353
7212 7353
28 7353
135 141
2348 2466
2342 2466
2414 2466
2350 2466
1318 1456
10486 10604
10550 10604
10592 10604
468 10604
10544 10604
10584 10604
10120 10604
10093 10604
10540 10604
10539 10604
37 10604
9882 10604
10471 10604
9609 10604
9910 10604
10230 10604
1623 1655
1626 1655
0 407
1136 1162
1101 1162
1100 1162
1112 1162
468 479
582 623
0 87
534 564
364 391
0 295
15 590
496 508
1684 1695
42 47
767 788
777 788
776 788
766 788
772 788
783 788
774 788
765 788
768 788
222 230
675 739
414 436
1635 1695
0 247
567 626
566 567
114 115
0 48
0 344
646 684
10 764
570 582
1013 1072
1801 1862
16 1862
361 369
872 876
5 625
215 233
934 937
932 937
858 937
0 230
1 421
267 272
199 218
811 812
799 826
0 919
817 887
973 1072
2241 2339
4 958
870 958
1408 1623
140 141
771 792
805 811
3 2330
0 2330
230 247
4 974
118 120
1 182
1 423
0 1967
0 30
374 384
499 549
1128 1153
4 497
184 188
454 498
154 157
149 157
2326 2339
882 950
56 57
4 135
2 473
1 962
435 448
2 163
382 414
29 1161
4 1161
3 1161
104 117
2 96
1333 1403
5 1346
1 139
1091 1110
471 473
158 318
0 318
670 700
160 162
2 1967
1490 1539
1432 1539
102 106
5062 5662
43 5662
93 5662
66 5662
306 5662
1414 1536
0 1536
608 625
2459 2565
2406 2565
2551 2565
2371 2565
2523 2565
2453 2565
1745 1747
383 384
171 183
1221 1249
1216 1249
80 87
784 812
732 746
2113 2128
6 2128
2007 2128
467 473
0 67
122 124
151 178
690 764
0 379
2365 2396
0 2396
1 2396
878 890
881 890
876 890
0 38
2267 2407
2308 2407
2239 2407
2246 2407
705 735
573 581
537 581
17 385
7 385
1 615
134 139
633 641
434 448
1044 1064
1063 1064
2158 2225
87 89
0 941
74 89
1352 1419
427 452
0 80
537 554
4 89
1291 1294
25 1294
371 381
1928 1948
1947 1948
1944 1948
1937 1948
919 962
418 448
2 352
134 137
461 594
1631 1708
1530 1708
263 287
0 25
790 816
609 626
0 90
2205 2339
1 1536
210 233
66 69
309 319
792 796
443 446
500 527
1 142
346 369
135 153
580 590
312 385
399 413
3 446
2232 2395
2208 2395
375 404
295 592
2038 2163
2072 2163
2121 2163
0 55
184 191
2229 2423
2283 2423
2420 2423
333 344
191 196
447 452
1343 1403
14 1205
1145 1205
972 1014
285 294
418 448
85 86
362 395
831 844
807 844
281 303
1327 1360
3 812
101 107
0 562
476 479
449 467
1731 1733
1713 1733
1712 1733
71 80
682 739
413 446
225 247
385 389
688 733
201 215
238 295
0 431
168 175
129 130
185 187
2 135
0 284
352 371
305 330
1685 1724
1662 1724
1689 1724
513 549
896 919
1069 1139
20 896
1 896
415 437
0 103
252 264
0 261
232 264
630 648
1559 1577
1448 1501
1460 1501
1455 1501
565 617
1608 1618
284 285
0 504
114 115
47 48
240 247
728 737
0 223
3 509
302 311
575 594
461 477
340 345
9 733
30 789
746 789
587 605
1670 1747
337 347
1507 1511
1503 1511
1 362
146 147
252 307
138 139
137 139
3 382
1740 1766
768 788
779 788
777 788
766 788
773 788
778 788
765 788
764 788
767 788
688 694
680 694
305 307
171 174
357 371
1003 1077
525 537
2 178
102 103
286 290
3107 3159
3071 3159
3066 3159
1311 1331
6 50
7 716
0 508
1906 1909
1889 1909
1895 1909
7 1618
1450 1618
5 384
2 384
1 102
87 94
0 585
427 474
491 535
244 261
294 295
0 169
147 148
173 183
845 876
8 733
2 1787
1755 1787
1785 1787
566 617
1445 1553
1447 1553
0 504
20 343
4 632
1 127
501 504
1076 1083
63 65
18 1144
162 178
0 172
10 240
19 431
917 919
455 498
4 1618
1459 1475
339 368
23 26
1883 1965
147 1965
19 1965
141 1965
16 1965
135 1965
123 125
171 175
49 55
352 379
0 229
3 229
212 230
9 1042
329 344
320 323
729 746
867 876
467 479
401 406
487 504
3 171
550 575
731 764
1877 1913
1868 1913
1039 1057
235 269
1 173
332 344
724 772
219 242
1 1695
1670 1695
380 382
742 764
165 175
89 94
750 811
358 394
1206 1287
163 176
137 139
268 310
353 360
224 230
784 811
8 381
1006 1129
1079 1129
1095 1129
318 638
1067 1071
0 1410
1403 1410
1408 1410
783 811
492 497
32 37
284 285
303 305
0 256
343 360
230 233
608 623
952 1061
245 260
443 452
552 563
589 592
127 144
294 327
1 617
335 337
360 362
5820 5976
5700 5976
5956 5976
5568 5976
5170 5976
5973 5976
5417 5976
5912 5976
5928 5976
1017 1075
363 379
639 661
160 162
8 2517
10 431
93 100
0 1386
9 850
481 511
401 405
1092 1102
0 1102
352 370
184 196
1 361
827 841
696 698
0 124
0 290
217 218
423 439
215 229
329 349
84 89
350 360
329 333
329 333
501 526
121 122
0 412
182 196
2 874
212 247
890 896
321 338
307 338
126 142
1777 1779
1662 1779
1729 1779
1699 1779
1186 1238
875 876
1815 1853
1822 1853
1818 1853
549 592
539 564
166 173
1473 1539
143 158
783 812
582 584
314 328
248 262
789 816
94 99
3 796
7 404
133 146
344 345
429 464
225 228
238 274
819 919
500 502
1086 1110
109 122
441 446
505 518
131 141
530 585
560 561
2708 2808
1305 1357
107 1416
195 204
1 100
26 563
3 564
469 473
10 1110
0 339
163 327
12 308
251 295
1 587
696 777
556 558
148 149
186 209
247 279
869 962
34 3095
38 3095
62 3095
1537 1617
21 1617
23 1617
1473 1617
314 318
325 327
1721 1767
1689 1767
1723 1767
1657 1767
238 240
1030 1071
490 522
2 1618
0 465
6 465
0 465
