9 384
371 375
13 392
1 576
0 576
33 776
32 776
12 511
12 2287
13 2287
4 745
3 745
14 914
5 338
4 448
0 691
1 691
2 183
22 914
19 1155
1152 1155
89 1155
9 1155
10 1155
1350 1370
26 1623
82 7389
65 7389
52 7389
0 7389
4 7389
38 7389
2 7389
29 7389
165 7389
49 7389
184 7389
98 2339
7 615
74 1288
169 176
12 1265
10 1265
15 1265
10 150
3 79
0 1983
4 1983
1 1983
2 1983
6 269
383 397
1 1208
0 1208
4 1208
1457 1474
239 240
4 448
556 558
1 1113
0 1113
2 79
304 305
399 400
11 388
14 590
21 1483
3 152
2 152
795 796
16 1536
8 805
12 276
327 328
35 1267
22 1267
7 1267
4 1267
41 1267
13 522
196 198
1 1013
2 1013
8 152
18 1303
1 1008
0 1008
4 327
559 562
11 737
12 737
3 264
4 175
0 44
3 89
4 1913
0 1913
1512 1539
972 973
853 855
8 301
4 7645
274 7645
436 7645
59 7645
8 7645
222 7645
279 7645
239 7645
280 7645
7 7645
15 7645
159 7645
62 7645
139 7645
41 7645
143 7645
36 7645
47 7645
50 7645
189 7645
748 9306
0 9306
107 9306
327 9306
297 9306
282 9306
650 9306
472 9306
126 9306
797 9306
429 9306
392 9306
159 9306
399 9306
385 9306
223 9306
166 9306
29 9306
69 3760
114 3760
120 3760
176 3760
93 3760
58 3760
66 3760
113 3760
686 689
271 295
3 1454
2 1454
0 1454
1 1454
625 626
202 203
404 405
12 794
8 794
842 844
52 657
1104 1110
7 150
2 1071
1 812
1 812
0 422
884 896
394 395
31 2339
1 135
12 324
5 721
3 79
203 204
8 811
8 368
13 380
13 380
3 384
7 152
4 98
10 68
5 446
9 777
16 777
15 884
24 884
1513 1514
856 876
1 348
0 169
3 663
8 663
295 303
239 240
439 441
1468 1474
4 733
8 1077
3 404
3 973
136 138
19 1618
12 567
872 876
161 176
20 2150
24 2150
875 876
10 311
4 1597
2 1597
9 1597
12 1597
38 618
4 98
182 184
37 776
33 776
496 497
6 57
15 392
18 670
0 670
15 392
11 511
6 247
4 876
3 344
941 965
1528 1539
4 509
213 215
173 176
7 215
212 215
1383 1386
278 283
6 764
464 465
788 792
32 10782
5 10782
103 10782
0 10782
59 10782
182 10782
18 10782
35 10782
7 10782
6 10782
75 10782
286 10782
218 10782
184 10782
124 10782
23 10782
89 10782
8 10782
78 10782
88 10782
4 10782
39 10782
105 10782
174 10782
75 10782
12 10782
4 224
13 767
10 144
26 540
0 2510
1 2510
23 269
5 269
3 1269
1 1269
6 919
9 782
4 448
0 931
1 931
3 247
15 89
25 2038
0 2038
1 2038
5 446
30 737
3 1898
4 1898
28 584
1356 1360
0 2257
4 2257
1687 1695
50 2339
1069 1072
5 746
50 746
0 2150
3 2150
42 3410
0 3410
9 3410
725 746
0 2150
6 2150
757 764
737 746
434 456
587 590
14 2449
22 2449
187 191
14 777
6 266
1022 1027
4 976
45 976
13 3000
58 3000
14 3000
80 3000
20 3000
42 3000
7 202
3 456
744 777
6 381
5 295
185 186
440 441
1 94
18 68
268 287
239 240
16 142
239 240
11 655
3 1197
4 2831
3 2831
2 2831
1 2831
6 1331
115 4210
97 4210
116 4210
117 4210
4 4210
98 4210
146 4210
26 4210
152 4210
70 4210
102 4210
2 20
204 209
0 677
1 677
0 1547
1 1547
16 888
15 888
342 344
395 413
3 1012
0 1012
2 1012
22 269
12 467
30 504
1077 1110
9 585
8 2128
6 2128
1 2128
939 960
1419 1483
1514 1536
1521 1536
1106 1110
0 1069
2 1069
9 1069
1012 1014
769 811
10 1110
421 423
1 93
9 183
5 384
8 724
6 2375
2 2375
5 2375
176 178
779 788
3 788
781 788
778 788
783 788
0 788
1 788
780 788
777 788
0 203
219 226
2 4949
18 4949
1 4949
31 4949
54 4949
35 4949
37 4949
117 120
46 2150
6 2150
13 2150
649 653
683 689
13 2955
0 2955
11 2955
1 2955
30 2955
6 2955
10 2955
14 1695
434 439
430 439
223 225
6 2163
4 2163
176 13875
19 13875
35 13875
0 13875
1 13875
5 13875
21 13875
24 13875
155 13875
9 13875
13459 13875
172 13875
74 13875
95 13875
35 2339
216 222
148 150
8 1164
7 1164
11 1164
0 2347
1 2347
2 2347
3 2347
630 633
9 384
16 3126
3 3126
17 3126
7 3126
0 3126
9 3126
10 3126
1 1078
3 1078
2 1078
3 267
14 1926
502 526
810 812
847 858
4 5657
7 5657
36 5657
8 5657
10 5657
5 5657
38 5657
5636 5657
1039 1042
422 423
5 218
29 172
66 1307
80 1021
16 384
399 400
239 240
7 247
166 176
5 247
8 124
17 618
5 247
0 1708
3 1708
1 1708
2 1708
2 762
1 762
3 152
362 371
263 264
14 442
33 442
11 389
63 5642
5 5642
11 5642
138 5642
52 5642
55 5642
49 5642
412 416
6 223
5 86
45 543
15 1403
16 1403
665 679
21 2517
1 87
664 689
10 336
3 89
12 153
17 1403
1960 1963
29 1963
1 2002
0 2002
1999 2002
146 147
146 147
158 163
263 264
6 1539
5 264
14 590
0 181
231 241
11 465
38 764
63 764
758 764
16 295
8 1652
4 1652
1963 1967
83 86
4 1110
2 1183
0 1183
1 1183
3 876
7 389
0 1124
2 1124
10 1014
0 961
7 961
2 961
7 526
2 359
31 1130
5 257
1382 1386
18 842
1008 1042
2 257
18 2403
48 2403
17 2403
104 106
374 375
22 617
33 270
269 270
339 340
9 327
14 380
498 518
11 587
3 587
8 384
415 424
263 264
17 699
3 1317
10 1317
0 1317
7 120
8 594
3 538
0 603
21 1130
4 344
239 240
8 1241
121 122
26 855
0 1898
5 1898
0 1898
1 1898
15 384
14 17
907 914
8 777
160 163
28 4713
24 4713
31 4713
312 4713
33 4713
5 4713
0 44
10 2150
13 2150
0 2150
1 2150
395 402
10 266
3 781
2 781
0 781
4 781
662 664
686 689
13 874
20 796
795 796
155 1464
50 1464
45 1464
546 548
380 382
18 233
2 663
255 257
483 506
6 1012
6 257
16 626
1 371
35 782
24 3816
48 3816
7 3816
5 3816
8 3816
27 3816
4 3816
339 340
8 1347
4 1347
1 149
541 554
4 364
5 364
16 295
50 435
23 695
0 1247
1 1247
7 423
108 914
5 265
0 631
7 631
184 186
499 518
11 171
502 511
34 431
1 2308
0 2308
10 2303
5 2303
3 145
1 145
7 145
12 467
515 518
404 405
314 318
9 423
303 324
388 389
1 8726
108 8726
41 8726
75 8726
148 8726
92 8726
285 8726
54 8726
147 8726
167 8726
0 8726
33 8726
19 8726
417 422
102 108
436 456
0 1036
1 1036
381 391
5 344
669 679
11 154
26 397
8 3066
10 3066
39 3066
0 1214
1 1214
48 1595
165 1595
762 764
2 457
3 368
1 376
4 209
208 209
1 1191
0 1191
22 592
377 378
133 141
387 389
444 446
259 264
30 526
9 1110
1308 12734
7 12734
138 12734
235 12734
122 12734
76 12734
982 12734
34 12734
2 12734
226 12734
26 12734
28 12734
19 12734
16 12734
63 12734
301 12734
151 12734
74 12734
202 203
4 89
7 653
21 295
1 841
4 441
20 384
875 876
1188 1264
1212 1264
1250 1264
6 404
12 1483
9 1110
14 590
14 590
3 264
8 107
11 1386
145 148
4 89
791 842
460 461
0 669
1 669
12 737
17 699
7 423
11 737
1 107
106 107
145 148
8 473
28 2629
38 2629
7 2629
12 2629
10 384
4 1589
1 1589
0 1589
3 113
0 2696
4 2696
8 2696
769 774
33 664
963 987
14 987
21 987
7 4344
12 4344
1 4344
41 4344
0 4344
2 4344
5 4344
5 222
58 626
15 1376
1 1376
13 1376
2 1376
21 558
9 680
4 680
12 234
16 177
19 177
382 384
10 441
31 441
4 376
0 1511
7 1511
6 522
7 522
0 169
12 737
33 664
469 479
20 2238
40 2238
28 2238
17 2238
1063 1074
10 737
759 762
2493 2517
17 788
43 2300
28 2300
758 762
17 618
2 183
34 270
12 558
251 252
29 295
21 1913
23 1913
34 656
5 656
11 656
239 240
4 423
51 764
372 373
431 446
4 357
7 423
1 632
18 590
555 562
8 456
0 9
293 587
560 562
11 1014
732 774
6 404
39 567
7 1407
25 594
0 690
1 690
12 250
126 127
294 295
1 2725
2 2725
3 2725
0 2725
4 2725
0 442
1 442
491 518
500 508
1 269
2 269
0 38
2 6094
3 6094
0 6094
1 6094
4 6094
1362 1370
14 2737
11 2737
115 1409
490 526
14 465
329 339
0 960
1 960
379 382
5 295
5 404
4 431
6 1536
7 615
1 844
0 308
10 504
7 560
1 730
0 730
3 764
20 1701
239 240
4 283
595 596
15 392
6 2339
4 2339
2 303
2 461
549 563
6 438
106 122
0 980
1 980
834 845
634 665
12 378
339 352
6 889
5 889
4 189
2 431
746 751
7 526
13 1955
1 1955
21 1955
11 1955
0 1955
17 1955
11 9453
25 9453
9 9453
5 9453
12 9453
36 9453
0 9453
8 9453
2 9453
13 9453
14 9453
10 9453
3 9453
6 9453
18 9453
4 3604
3 3604
1 3604
3501 3604
0 3604
22 2982
16 2982
43 2982
20 2982
6 2982
16 1152
494 499
0 181
1 181
12 249
10 613
394 395
562 575
4 122
1 1114
3 1114
7 283
19 283
2 241
4 55
649 655
1 1887
3 1887
0 1887
292 7512
188 7512
246 7512
122 7512
43 7512
140 7512
301 7512
338 7512
247 7512
320 7512
177 7512
349 7512
109 7512
302 7512
7500 7512
310 328
14 623
6 106
0 82
9 305
193 196
142 151
11 439
18 328
1997 2031
7 4370
8 4370
1 4370
4 4370
5 4370
3 4370
2 4370
0 4370
7 340
1 360
3 269
1 413
871 887
0 187
1 187
1 534
7 1539
45 726
255 257
197 202
1 764
0 764
13 473
2 729
3 729
1 729
173 174
4 593
4 326
8 282
58 59
1 2849
24 2849
27 2849
12 2849
7 225
55 435
29 435
3 522
3 146
45 479
10 399
2 587
46 562
779 788
3 788
786 788
781 788
783 788
0 788
1 788
782 788
780 788
4 473
3 473
1 1528
0 1528
73 1904
77 1904
1 733
213 219
36 2417
46 2417
29 594
20 594
18 594
1 620
0 620
1 476
4 476
5 405
1611 1695
3 91
4 91
2 1223
1 1223
11 1223
473 479
323 328
3 1879
0 1879
53 4834
24 4834
33 4834
56 4834
27 4834
25 4834
1 145
721 739
12 336
8 361
6 177
47 413
740 759
190 191
186 191
16 240
8 233
8 177
3 176
5 318
0 807
1 807
7 761
8 446
0 931
1 931
24 1074
15 812
10 287
669 764
1042 1043
9 857
3 922
1 558
3 558
15 279
8 173
126 130
2 617
3 617
0 1707
2 1707
2 4275
4 4275
8 4275
6 4275
7 4275
0 1149
2 1149
3 1149
5 2971
6 2971
9 336
3 318
1025 1026
0 92
4 92
30 311
147 161
772 774
21 127
378 379
393 400
425 428
1 381
561 562
5 497
392 393
2 279
322 323
12 395
19 223
8 362
13 509
11 2434
23 716
6 388
226 233
3 484
482 484
482 484
28 1075
24 1075
1048 1075
1067 1075
4 118
2 114
794 844
767 844
0 306
3 1742
0 1742
2 1742
426 441
649 655
86 764
38 509
3731 3737
0 3737
2 3737
1 3737
6 562
2104 2181
2 338
3 40
1 379
404 405
418 474
2 98
1136 1143
7 368
18 699
0 343
13 126
5 1644
9 1644
0 767
1 767
33 767
6 20
288 310
3 354
3 61
31 297
671 727
18 395
1606 1618
231 233
1 381
17 473
14 217
2 152
12 768
20 171
2 567
1 301
0 461
777 788
3 788
785 788
778 788
782 788
1 788
0 788
779 788
781 788
401 405
651 653
5 139
4 324
75 973
39 1386
630 633
63 664
1608 1618
20 395
3 295
27 344
227 230
1109 2219
1 385
31 527
15 1926
15 1926
547 548
0 919
694 699
466 472
325 327
0 821
3 821
4 821
4 526
9 567
3 1012
1 1012
0 1012
8 562
37 739
1 266
220 227
0 241
614 635
368 391
3 177
2 407
430 435
22 535
18 527
1 371
2 371
3 240
11 57
291 297
5 262
349 361
1301 1312
83 84
281 287
15 509
584 585
569 592
27 812
30 2339
281 290
0 948
2 948
8 448
38 973
8 360
8 389
1617 1646
3 2101
0 2101
1 2101
2 2101
8 876
13 472
8 265
27 777
9 502
8 137
194 209
10 144
179 183
1 370
18 135
5 120
108 962
700 721
111 114
8 3218
15 1747
0 231
4 1110
0 153
5 290
6 397
10 325
309 319
28 382
10 5267
20 5267
7 5267
8 5267
17 5267
11 5267
13 5267
15 5267
3 5267
2 5267
6 5267
0 5267
9 5267
14 5267
1 1034
0 1034
1 2191
0 2191
11 247
10 247
57 1416
117 1027
3 319
3 1042
8 384
4 163
8 127
3 484
3 900
5 544
19 265
11 368
4 930
1 2416
0 2416
3 2416
62 919
405 407
5 382
3 247
4 233
0 1183
1 1183
2 1183
3 1185
5 382
4 340
0 3763
1 3763
176 177
471 477
140 141
23 242
0 295
1 295
13 395
15 615
2 308
4 1695
16 511
1 227
6 257
34 2339
7 395
2 359
7 761
239 257
9 176
11 336
191 195
356 365
239 240
226 230
4 196
3 338
21 1116
16 1116
7 1124
2 300
24 1623
878 906
2 57
2 188
6 1057
0 233
684 721
313 318
12 735
17 699
4 446
6 310
1 165
460 465
27 1130
606 679
5 392
8 348
0 1898
1 1898
6 472
22 950
66 950
19 950
190 191
14 1695
321 324
3 282
7 861
31 1695
12 360
40 960
363 388
2 1701
43 453
17 453
246 247
2 461
294 295
26 1042
498 549
10 319
14 1110
8 2517
1 866
0 866
128 141
5 387
2 48
1 1791
0 1791
8 511
3 275
5 286
1 423
2 191
12 950
494 509
2 861
4 364
5 364
25 378
3561 3651
3 364
4 364
15 298
674 679
23 654
176 177
591 605
7 392
9 392
23 569
0 43
410 414
270 272
311 327
5 2050
2 2050
1 2050
20 617
14 927
1 1268
0 1268
2 1268
22 1413
147 157
5 317
779 790
765 790
11 812
1073 1077
580 584
20 562
1341 1360
5 1695
20 405
3 587
126 127
2 1592
0 1592
2 1719
0 1719
1 1719
12 548
0 548
194 195
341 352
1 1043
1 2703
5 2703
0 2703
2 2703
1099 1165
18 395
5 1323
3 1323
1 1323
25 1323
8 1323
2 118
158 165
10 663
9 451
18 1536
5 1526
0 1526
8 1526
4 116
11 327
3 587
7 139
6 325
1264 1288
4 116
5 240
2 217
355 712
23 1386
2337 2339
16 2517
6 381
7 284
168 183
9 295
12 2517
2012 2339
13 465
2 247
9 2517
4 55
7 281
1 247
1349 1360
36 461
3632 3761
586 590
7 594
46 378
1530 1539
10 108
160 4338
181 1552
3 152
26 646
13 306
656 657
655 657
21 1042
415 421
1039 1042
5 222
1029 1034
265 270
6 1104
1 486
501 502
55 57
8 816
4 2365
16 1074
0 187
19 2236
14 2236
3 2236
0 2236
404 405
61 1110
9 497
216 222
119 120
3 151
5 1392
4 230
85 86
76 78
2312 2339
8 9
72 1021
317 318
2 308
29 279
758 762
8 88
7 721
24 1027
18 500
1 89
2 86
157 159
5 733
719 725
12 276
483 497
1101 1130
443 456
1 654
771 777
52 53
2 340
53 475
4 142
21 694
40 41
8 90
587 588
39 588
585 588
212 214
66 67
7 588
5 327
1 342
8 588
191 193
3 161
6 90
11 588
40 41
11 322
13 718
3 142
15 567
25 588
4 113
2 120
34 588
13 567
42 588
587 588
15 483
587 588
203 218
587 588
9 282
8 282
19 588
18 218
320 327
3 24
5 274
2 274
9 214
2 142
5 90
8 90
2 228
10 567
3 229
10 567
337 343
3 228
6 327
3 43
13 386
31 694
8 228
15 475
24 588
28 475
30 946
15 475
12 567
3 457
7 327
15 483
12 343
3 116
24 475
8 228
6 342
22 327
32 560
16 229
98 99
7 588
7 43
8 43
0 168
12 141
15 483
0 16
27 588
1 386
9 334
6 588
5 588
5 588
4 588
7 90
47 588
6 271
13 588
15 386
4 67
30 560
13 342
453 454
587 588
47 588
5 211
686 694
21 694
8 228
22 327
13 588
20 752
5 53
226 229
29 588
2 41
9 374
30 334
22 588
26 475
5 110
228 229
3 58
30 588
2 142
9 153
13 334
9 116
117 118
13 588
15 386
5 327
140 142
19 228
8 156
11 588
10 588
8 327
332 343
8 153
18 475
11 588
97 99
10 588
6 588
22 574
41 694
4 90
22 694
1 56
23 560
7 342
15 322
14 752
13 588
319 327
187 193
9 454
3 342
66 67
17 327
24 588
5 229
2 342
3 67
80 2673
6 211
15 483
326 327
12 228
4 33
5 962
6 1539
12 125
0 120
74 80
3 816
6 554
1 176
17 406
0 66
23 473
6 977
3 844
1 290
476 502
87 88
1 275
144 147
5 515
4 1205
15 1403
10 1695
5 605
6 605
6 1347
4 1347
1512 1516
3 295
469 473
6 59
87 1021
7 788
226 228
89 1110
86 88
3 768
7 476
336 337
332 340
1670 1695
126 127
1 308
7 378
6 241
9 452
4 284
1 1900
0 1900
1 3101
0 3101
1 6
204 218
29 664
0 158
0 423
11 951
880 951
4 623
2 399
1511 1577
267 278
2 214
10 2150
4 2150
1 145
1 404
1 1074
29 336
5 362
4 594
1 216
430 439
504 527
1380 1386
5 639
67 762
3 625
5 625
0 725
11 395
2 1036
41 1042
17 393
1514 1539
7 368
1517 1539
4 117
5 632
43 1042
1 518
4 567
442 452
2 1071
339 347
3 303
0 120
269 270
21 2237
2162 2237
11 2237
2 2237
20 2237
1 233
134 1552
0 409
0 1230
2 1230
851 853
1 400
0 126
445 446
27 857
3 973
0 274
1 274
0 3390
36 3390
1 3390
4 3390
1 584
58 890
617 626
16 216
0 1346
5 247
11 287
6 79
2 196
187 191
143 7353
242 7353
11 7353
7124 7353
58 7353
22 7353
199 7353
105 7353
178 7353
493 7353
109 7353
153 7353
133 7353
191 7353
50 7353
10 7353
140 141
0 2466
2 2466
4 2466
1 2466
1402 1456
68 10604
56 10604
142 10604
4 10604
1 10604
117 10604
24 10604
37 10604
78 10604
82 10604
0 10604
75 10604
50 10604
20 10604
81 10604
30 10604
6 1655
7 1655
1 407
1 1162
3 1162
0 1162
2 1162
476 479
5 623
1 87
21 564
3 391
3 295
4 590
1 508
1660 1695
1 47
778 788
3 788
785 788
776 788
779 788
1 788
0 788
777 788
782 788
227 230
3 739
431 436
22 1695
1 247
622 626
566 567
114 115
1 48
10 344
11 684
56 764
2 582
1011 1072
1 1862
0 1862
9 369
874 876
4 625
224 233
0 937
1 937
3 937
4 230
2 421
269 272
209 218
798 812
52 826
7 919
5 887
3 1072
35 2339
5 958
2 958
21 1623
140 141
791 792
15 811
0 2330
1 2330
6 247
25 974
7 120
0 182
8 423
3 1967
2 30
9 384
3 549
1147 1153
0 497
180 188
37 498
2 157
0 157
2326 2339
8 950
56 57
0 135
12 473
1 962
4 448
1 163
18 414
2 1161
0 1161
1 1161
1 117
3 96
15 1403
2 1346
1 139
1085 1110
472 473
39 318
4 318
3 700
1 162
15 1967
1475 1539
9 1539
104 106
1 5662
0 5662
3 5662
2 5662
4 5662
1494 1536
34 1536
613 625
11 2565
8 2565
10 2565
6 2565
9 2565
7 2565
1746 1747
383 384
3 183
6 1249
13 1249
1 87
23 812
733 746
15 2128
1 2128
4 2128
472 473
1 67
122 124
165 178
8 764
0 379
18 2396
2 2396
4 2396
11 890
23 890
10 890
7 38
0 2407
1 2407
4 2407
5 2407
717 735
1 581
0 581
0 385
1 385
4 615
1 139
47 641
4 448
0 1064
5 1064
9 2225
87 89
0 941
1 89
6 1419
13 452
3 80
535 554
1 89
20 1294
15 1294
5 381
31 1948
1902 1948
97 1948
91 1948
6 962
5 448
1 352
136 137
4 594
1 1708
0 1708
285 287
0 25
814 816
624 626
86 90
20 2339
1 1536
223 233
55 69
6 319
8 796
445 446
3 527
4 142
5 369
7 153
589 590
4 385
403 413
2 446
1 2395
0 2395
392 404
295 592
18 2163
14 2163
21 2163
2 55
177 191
3 2423
2 2423
13 2423
330 344
4 196
450 452
25 1403
0 1205
1 1205
12 1014
3 294
4 448
85 86
11 395
843 844
17 844
3 303
1356 1360
1 812
103 107
0 562
477 479
9 467
1730 1733
27 1733
32 1733
73 80
667 739
423 446
235 247
6 389
1 733
8 215
4 295
24 431
3 175
129 130
185 187
2 135
4 284
363 371
319 330
3 1724
0 1724
1 1724
1 549
8 919
1106 1139
0 896
1 896
4 437
0 103
258 264
5 261
3 264
6 648
33 1577
1 1501
6 1501
2 1501
23 617
36 1618
2 285
9 504
114 115
1 48
246 247
719 737
0 223
4 509
305 311
577 594
471 477
2 345
3 733
7 789
5 789
15 605
1722 1747
345 347
8 1511
9 1511
5 362
146 147
300 307
138 139
137 139
6 382
103 1766
778 788
3 788
772 788
757 788
779 788
0 788
1 788
776 788
755 788
8 694
0 694
300 307
172 174
13 371
1026 1077
534 537
3 178
102 103
12 290
8 3159
6 3159
5 3159
1313 1331
24 50
3 716
2 508
21 1909
40 1909
17 1909
1609 1618
1584 1618
7 384
8 384
0 102
1 94
9 585
435 474
23 535
1 261
294 295
0 169
7 148
10 183
862 876
3 733
11 1787
10 1787
18 1787
15 617
0 1553
1 1553
9 504
2 343
4 632
7 127
503 504
20 1083
64 65
1113 1144
173 178
7 172
14 240
426 431
917 919
495 498
5 1618
30 1475
351 368
3 26
4 1965
7 1965
1 1965
3 1965
0 1965
5 1965
124 125
164 175
52 55
370 379
0 229
0 229
1 230
8 1042
341 344
322 323
729 746
875 876
473 479
405 406
4 504
162 171
17 575
750 764
9 1913
0 1913
8 1057
10 269
1 173
4 344
5 772
23 242
15 1695
1682 1695
381 382
731 764
3 175
93 94
6 811
5 394
2 1287
0 176
135 139
0 310
1 360
226 230
8 811
6 381
0 1129
9 1129
1 1129
4 638
1069 1071
33 1410
24 1410
27 1410
6 811
5 497
1 37
2 285
303 305
4 256
1 360
231 233
590 623
2 1061
256 260
435 452
550 563
590 592
6 144
325 327
1 617
336 337
361 362
5940 5976
32 5976
82 5976
89 5976
97 5976
108 5976
114 5976
41 5976
45 5976
1070 1075
365 379
24 661
1 162
15 2517
30 431
6 100
4 1386
21 850
7 511
403 405
1 1102
0 1102
1 370
188 196
1 361
820 841
697 698
0 124
0 290
216 218
437 439
213 229
4 349
4 89
1 360
329 333
329 333
8 526
121 122
2 412
181 196
13 874
0 247
891 896
0 338
1 338
4 142
1778 1779
1605 1779
1741 1779
1722 1779
1202 1238
867 876
6 1853
1 1853
0 1853
577 592
556 564
1 173
1462 1539
1 158
802 812
582 584
2 328
9 262
7 816
95 99
0 796
378 404
144 146
344 345
6 464
7 228
268 274
858 919
11 502
1102 1110
3 122
5 446
104 518
1 141
11 585
560 561
2794 2808
1352 1357
110 1416
0 204
6 100
39 563
0 564
8 473
25 1110
9 339
163 327
3 308
285 295
1 587
9 777
557 558
148 149
194 209
4 279
902 962
0 3095
1 3095
5 3095
3 1617
2 1617
0 1617
1 1617
317 318
325 327
1 1767
13 1767
18 1767
10 1767
239 240
5 1071
12 522
3 1618
1 465
0 465
18 465
