382 384
372 375
391 392
556 576
552 576
767 776
755 776
479 511
2243 2287
12 2287
4 745
2 745
877 914
1 338
439 448
0 691
690 691
182 183
859 914
1113 1155
1087 1155
46 1155
10 1155
5 1155
1348 1370
1524 1623
7379 7389
7335 7389
7319 7389
8 7389
16 7389
7381 7389
4 7389
1 7389
2 7389
6922 7389
7229 7389
2312 2339
610 615
1268 1288
168 176
1257 1265
4 1265
1217 1265
146 150
72 79
0 1983
1976 1983
1 1983
1787 1983
226 269
18 397
0 1208
114 1208
22 1208
1460 1474
237 240
435 448
555 558
1106 1113
7 1113
70 79
302 305
399 400
386 388
575 590
1401 1483
149 152
149 152
793 796
1412 1536
749 805
273 276
327 328
1265 1267
1261 1267
1262 1267
44 1267
1266 1267
1 522
189 198
3 1013
1 1013
148 152
1295 1303
978 1008
997 1008
7 327
550 562
20 737
15 737
260 264
170 175
2 44
67 89
1885 1913
12 1913
3 1539
972 973
853 855
299 301
47 7645
11 7645
7644 7645
422 7645
90 7645
7643 7645
7639 7645
7628 7645
7632 7645
32 7645
23 7645
7491 7645
163 7645
5 7645
398 7645
678 7645
601 7645
7250 7645
603 7645
7232 7645
9191 9306
9266 9306
9169 9306
9301 9306
9285 9306
8886 9306
9305 9306
9304 9306
9260 9306
301 9306
30 9306
9299 9306
8969 9306
9174 9306
9302 9306
9118 9306
9184 9306
8915 9306
3737 3760
3560 3760
3759 3760
3758 3760
3753 3760
3751 3760
3660 3760
3756 3760
638 689
276 295
1425 1454
1449 1454
1370 1454
35 1454
592 626
193 203
381 405
764 794
792 794
834 844
590 657
1065 1110
146 150
0 1071
736 812
718 812
5 422
885 896
391 395
2261 2339
116 135
285 324
2 721
73 79
193 204
15 811
3 368
8 380
8 380
1 384
148 152
2 98
67 68
7 446
5 777
10 777
0 884
881 884
1512 1514
848 876
314 348
167 169
659 663
662 663
300 303
237 240
432 441
1451 1474
6 733
1040 1077
378 404
948 973
0 138
12 1618
547 567
874 876
1 176
1973 2150
2111 2150
874 876
3 311
1 1597
2 1597
1499 1597
6 1597
607 618
1 98
181 184
775 776
774 776
490 497
56 57
386 392
667 670
1 670
387 392
468 511
6 247
855 876
324 344
889 965
1527 1539
491 509
204 215
171 176
203 215
204 215
1379 1386
274 283
681 764
463 465
756 792
172 10782
10748 10782
125 10782
4 10782
10655 10782
8 10782
10656 10782
10452 10782
102 10782
339 10782
10184 10782
387 10782
10760 10782
10744 10782
10732 10782
10343 10782
10426 10782
10719 10782
10293 10782
63 10782
10725 10782
9923 10782
12 10782
10750 10782
10184 10782
10718 10782
208 224
699 767
10 144
501 540
2456 2510
1 2510
15 269
17 269
1226 1269
3 1269
30 919
3 782
436 448
0 931
913 931
4 247
88 89
2037 2038
14 2038
5 2038
424 446
730 737
1895 1898
1891 1898
7 584
1352 1360
36 2257
2 2257
1679 1695
2338 2339
1067 1072
6 746
707 746
4 2150
119 2150
3368 3410
6 3410
49 3410
719 746
4 2150
176 2150
740 764
719 746
447 456
585 590
2423 2449
2448 2449
173 191
754 777
9 266
999 1027
1 976
42 976
20 3000
2995 3000
7 3000
84 3000
5 3000
2837 3000
3 202
1 456
764 777
368 381
8 295
185 186
440 441
2 94
6 68
265 287
237 240
70 142
238 240
1 655
1141 1197
2579 2831
0 2831
2574 2831
2595 2831
1286 1331
4202 4210
4209 4210
4080 4210
4206 4210
4198 4210
4153 4210
23 4210
4046 4210
4207 4210
4205 4210
4179 4210
2 20
205 209
17 677
649 677
16 1547
1433 1547
887 888
886 888
341 344
373 413
910 1012
3 1012
911 1012
258 269
0 467
483 504
11 1110
0 585
2071 2128
2 2128
1995 2128
929 960
1404 1483
1450 1536
1456 1536
1103 1110
0 1069
1 1069
1067 1069
1006 1014
805 811
1100 1110
421 423
0 93
10 183
368 384
722 724
2328 2375
2233 2375
2304 2375
169 178
781 788
786 788
785 788
782 788
784 788
787 788
783 788
779 788
780 788
161 203
219 226
4791 4949
4835 4949
4821 4949
4712 4949
4911 4949
4607 4949
4598 4949
115 120
2011 2150
2124 2150
2137 2150
632 653
661 689
17 2955
0 2955
2946 2955
1 2955
2903 2955
83 2955
2945 2955
1674 1695
414 439
406 439
222 225
129 2163
2023 2163
196 13875
13390 13875
250 13875
369 13875
130 13875
12834 13875
13622 13875
13616 13875
38 13875
13443 13875
12813 13875
13228 13875
13683 13875
13749 13875
2194 2339
215 222
146 150
1105 1164
20 1164
1152 1164
0 2347
18 2347
2181 2347
17 2347
629 633
383 384
3054 3126
3026 3126
3105 3126
3039 3126
2974 3126
2989 3126
3033 3126
1071 1078
1076 1078
32 1078
258 267
0 1926
497 526
807 812
802 858
5371 5657
5244 5657
22 5657
5227 5657
5562 5657
5138 5657
5583 5657
5541 5657
1035 1042
422 423
0 218
166 172
1205 1307
983 1021
383 384
398 400
237 240
3 247
0 176
6 247
4 124
586 618
0 247
22 1708
40 1708
80 1708
65 1708
756 762
753 762
149 152
360 371
262 264
438 442
441 442
387 389
142 5642
45 5642
110 5642
5289 5642
82 5642
10 5642
5546 5642
414 416
8 223
85 86
502 543
1394 1403
1394 1403
629 679
2442 2517
0 87
677 689
0 336
88 89
151 153
1387 1403
1956 1963
1939 1963
94 2002
1883 2002
1990 2002
146 147
146 147
146 163
262 264
72 1539
261 264
586 590
170 181
226 241
22 465
627 764
682 764
714 764
283 295
1639 1652
1630 1652
1963 1967
85 86
23 1110
1165 1183
1162 1183
1173 1183
836 876
387 389
1075 1124
1046 1124
1 1014
948 961
906 961
6 961
514 526
0 359
46 1130
3 257
1377 1386
1 842
974 1042
241 257
2254 2403
2176 2403
2213 2403
104 106
372 375
2 617
32 270
267 270
338 340
5 327
354 380
501 518
586 587
584 587
372 384
399 424
262 264
691 699
1265 1317
1303 1317
1255 1317
115 120
1 594
0 538
4 603
1037 1130
2 344
237 240
1232 1241
121 122
854 855
1897 1898
1894 1898
1897 1898
1894 1898
383 384
0 17
885 914
711 777
154 163
4658 4713
4296 4713
4706 4713
80 4713
4709 4713
4597 4713
42 44
2124 2150
2115 2150
12 2150
2 2150
391 402
241 266
745 781
732 781
731 781
727 781
649 664
2 689
14 874
793 796
794 796
1366 1464
1423 1464
1452 1464
527 548
379 382
6 233
610 663
242 257
481 506
2 1012
224 257
578 626
0 371
718 782
3736 3816
3805 3816
18 3816
2 3816
3632 3816
3810 3816
3614 3816
338 340
1252 1347
1332 1347
146 149
496 554
14 364
33 364
271 295
21 435
682 695
6 1247
29 1247
383 423
31 914
0 265
615 631
629 631
185 186
482 518
170 171
439 511
408 431
2248 2308
1 2308
2184 2303
2 2303
20 145
19 145
13 145
0 467
497 518
384 405
316 318
414 423
306 324
387 389
125 8726
8683 8726
8319 8726
16 8726
8528 8726
8483 8726
8450 8726
8630 8726
8716 8726
8725 8726
8175 8726
7973 8726
8625 8726
418 422
5 108
449 456
937 1036
953 1036
364 391
327 344
629 679
146 154
8 397
2739 3066
2867 3066
3058 3066
1199 1214
1204 1214
33 1595
1506 1595
754 764
447 457
340 368
354 376
202 209
202 209
9 1191
12 1191
591 592
377 378
140 141
387 389
444 446
261 264
512 526
1092 1110
11937 12734
12020 12734
12733 12734
12367 12734
61 12734
198 12734
11840 12734
11888 12734
0 12734
23 12734
48 12734
48 12734
11843 12734
58 12734
203 12734
35 12734
90 12734
12215 12734
202 203
88 89
16 653
4 295
6 841
1 441
378 384
836 876
1207 1264
1236 1264
1260 1264
2 404
11 1483
0 1110
574 590
576 590
259 264
106 107
21 1386
144 148
88 89
4 842
460 461
648 669
666 669
701 737
694 699
2 423
691 737
106 107
106 107
142 148
469 473
47 2629
2598 2629
10 2629
2591 2629
383 384
1585 1589
1491 1589
1500 1589
3 113
2487 2696
2671 2696
2478 2696
763 774
1 664
493 987
982 987
986 987
75 4344
4199 4344
4071 4344
4160 4344
4002 4344
21 4344
4226 4344
214 222
581 626
1270 1376
1323 1376
1154 1376
1328 1376
556 558
670 680
656 680
224 234
1 177
168 177
383 384
432 441
0 441
348 376
28 1511
1486 1511
0 522
520 522
167 169
6 737
1 664
469 479
2147 2238
2155 2238
6 2238
2 2238
1061 1074
676 737
755 762
2443 2517
1 788
2299 2300
2206 2300
750 762
592 618
182 183
267 270
7 558
248 252
271 295
8 1913
1888 1913
648 656
0 656
654 656
239 240
408 423
601 764
368 373
425 446
6 357
4 423
570 632
582 590
551 562
436 456
0 9
293 587
553 562
963 1014
724 774
377 404
6 567
2 1407
542 594
630 690
643 690
233 250
123 127
294 295
59 2725
168 2725
141 2725
1362 2725
2580 2725
408 442
419 442
508 518
489 508
24 269
263 269
37 38
5803 6094
313 6094
168 6094
146 6094
104 6094
1312 1370
2724 2737
2550 2737
1361 1409
490 526
422 465
0 339
930 960
932 960
29 382
16 295
0 404
5 431
1494 1536
610 615
0 844
0 308
467 504
7 560
647 730
364 730
661 764
1638 1701
237 240
0 283
594 596
390 392
2212 2339
1 2339
288 303
450 461
539 563
2 438
105 122
56 980
964 980
820 845
607 665
8 378
4 352
0 889
841 889
0 189
412 431
742 751
499 526
1950 1955
1900 1955
1945 1955
1937 1955
4 1955
1948 1955
141 9453
9048 9453
95 9453
317 9453
112 9453
183 9453
12 9453
161 9453
198 9453
180 9453
515 9453
168 9453
163 9453
69 9453
235 9453
3560 3604
3519 3604
3282 3604
3571 3604
3248 3604
2916 2982
2888 2982
2965 2982
2911 2982
31 2982
1068 1152
17 499
168 181
167 181
236 249
606 613
370 395
515 575
12 122
1056 1114
1052 1114
2 283
267 283
18 241
3 55
642 655
1814 1887
1877 1887
146 1887
7510 7512
7474 7512
7507 7512
7465 7512
7032 7512
7394 7512
7489 7512
7 7512
7229 7512
7306 7512
7412 7512
7502 7512
7438 7512
7165 7512
7191 7512
308 328
73 623
98 106
69 82
285 305
183 196
75 151
5 439
319 328
2009 2031
2184 4370
333 4370
4119 4370
2184 4370
237 4370
349 4370
142 4370
128 4370
332 340
0 360
241 269
1 413
6 887
179 187
2 187
504 534
1531 1539
28 726
242 257
193 202
752 764
751 764
452 473
10 729
3 729
4 729
7 174
6 593
2 326
140 282
56 59
4 2849
143 2849
2596 2849
1424 2849
187 225
386 435
2 435
0 522
4 146
477 479
5 399
568 587
560 562
781 788
786 788
785 788
782 788
783 788
787 788
784 788
779 788
780 788
435 473
452 473
1461 1528
1275 1528
43 1904
1813 1904
27 733
4 219
2 2417
2416 2417
501 594
508 594
496 594
10 620
6 620
12 476
32 476
2 405
1 1695
4 91
2 91
4 1223
1121 1223
3 1223
473 479
316 328
88 1879
29 1879
4808 4834
42 4834
4789 4834
4827 4834
180 4834
35 4834
143 145
724 739
11 336
16 361
167 177
390 413
731 759
189 191
184 191
16 240
223 233
175 177
161 176
1 318
762 807
749 807
749 761
436 446
0 931
908 931
4 1074
0 812
266 287
744 764
1042 1043
2 857
0 922
5 558
538 558
139 279
5 173
113 130
308 617
519 617
1661 1707
1701 1707
3969 4275
6 4275
4256 4275
4158 4275
4190 4275
2 1149
1057 1149
1108 1149
2950 2971
2957 2971
14 336
5 318
1013 1026
0 92
3 92
290 311
131 161
761 774
124 127
376 379
383 400
418 428
0 381
557 562
488 497
390 393
5 279
318 323
14 395
6 223
1 362
489 509
53 2434
627 716
4 388
208 233
464 484
476 484
477 484
27 1075
1011 1075
1002 1075
1021 1075
2 118
4 114
811 844
776 844
1 306
1715 1742
1621 1742
1612 1742
0 441
620 655
683 764
454 509
3671 3737
3708 3737
57 3737
230 3737
7 562
2113 2181
22 338
37 40
341 379
394 405
431 474
8 98
1111 1143
4 368
690 699
3 343
2 126
1 1644
1643 1644
4 767
730 767
31 767
9 20
2 310
4 354
0 61
12 297
17 727
2 395
1557 1618
7 233
1 381
19 473
206 217
142 152
644 768
7 171
17 567
6 301
412 461
781 788
786 788
785 788
782 788
783 788
787 788
784 788
779 788
780 788
396 405
638 653
69 139
8 324
955 973
4 1386
626 633
647 664
1484 1618
366 395
0 295
339 344
227 230
1109 2219
357 385
9 527
1 1926
14 1926
544 548
859 919
694 699
455 472
316 327
0 821
754 821
733 821
0 526
20 567
38 1012
15 1012
960 1012
537 562
32 739
5 266
211 227
3 241
612 635
350 391
6 177
1 407
424 435
504 535
6 527
364 371
365 371
0 240
2 57
272 297
258 262
328 361
1289 1312
79 84
266 287
506 509
575 585
561 592
791 812
2199 2339
259 290
1 948
0 948
418 448
961 973
0 360
388 389
1516 1646
126 2101
1962 2101
2053 2101
2067 2101
853 876
10 472
231 265
716 777
21 502
8 137
1 209
7 144
3 183
2 370
120 135
110 120
40 962
18 721
6 114
18 3218
1681 1747
6 231
982 1110
139 153
275 290
388 397
317 325
11 319
359 382
115 5267
2633 5267
2633 5267
39 5267
2633 5267
2633 5267
4886 5267
4942 5267
99 5267
292 5267
131 5267
60 5267
17 5267
156 5267
942 1034
991 1034
2064 2191
20 2191
14 247
12 247
156 1416
79 1027
43 319
60 1042
191 384
11 163
0 127
479 484
34 900
15 544
27 265
17 368
13 930
40 2416
2298 2416
2277 2416
872 919
388 407
359 382
3 247
12 233
1164 1183
1155 1183
1168 1183
1087 1185
355 382
330 340
35 3763
150 3763
175 177
465 477
137 141
231 242
1 295
2 295
359 395
546 615
0 308
1662 1695
452 511
213 227
245 257
2252 2339
388 395
0 359
728 761
246 257
174 176
318 336
186 195
356 365
238 240
225 230
183 196
310 338
1083 1116
1063 1116
1087 1124
7 300
1569 1623
17 906
53 57
153 188
1052 1057
0 233
2 721
316 318
730 735
694 699
433 446
288 310
0 165
404 465
1062 1130
642 679
377 392
2 348
1896 1898
1893 1898
434 472
939 950
949 950
928 950
190 191
16 1695
320 324
256 282
2 861
1672 1695
1 360
926 960
351 388
1597 1701
452 453
451 453
241 247
16 461
294 295
935 1042
492 549
13 319
3 1110
3 2517
801 866
72 866
122 141
7 387
1 48
1748 1791
1729 1791
43 511
265 275
2 286
407 423
165 191
902 950
508 509
2 861
33 364
316 364
370 378
3558 3651
323 364
31 364
285 298
664 679
611 654
175 177
600 605
0 392
1 392
524 569
0 43
377 414
268 272
306 327
1950 2050
1898 2050
1915 2050
570 617
1 927
1235 1268
82 1268
1177 1268
4 1413
149 157
299 317
774 790
721 790
785 812
1025 1077
564 584
10 562
1336 1360
1645 1695
16 405
578 587
125 127
67 1592
75 1592
859 1719
67 1719
37 1719
546 548
536 548
184 195
12 352
13 1043
2630 2703
2677 2703
2666 2703
2626 2703
1096 1165
392 395
4 1323
1201 1323
3 1323
2 1323
6 1323
114 118
144 165
597 663
441 451
3 1536
1510 1526
1482 1526
1520 1526
1 116
10 327
11 587
7 139
5 325
16 1288
1 116
3 240
211 217
31 712
0 1386
2330 2339
157 2517
15 381
8 284
167 183
14 295
0 2517
2067 2339
462 465
213 247
2432 2517
27 55
268 281
229 247
1336 1360
4 461
3690 3761
576 590
3 594
25 378
1428 1539
3 108
227 4338
46 1552
147 152
14 646
294 306
656 657
646 657
1012 1042
413 421
1037 1042
216 222
1001 1034
264 270
1060 1104
13 486
480 502
56 57
15 816
2268 2365
1003 1074
169 187
2221 2236
2211 2236
2187 2236
8 2236
395 405
1023 1110
491 497
208 222
117 120
0 151
695 1392
0 230
85 86
68 78
2257 2339
0 9
995 1021
311 318
1 308
139 279
751 762
87 88
3 721
26 1027
488 500
1 89
80 86
155 159
703 733
3 725
23 276
488 497
1084 1130
444 456
620 654
741 777
50 53
331 340
471 475
2 142
609 694
40 41
84 90
585 588
583 588
571 588
206 214
66 67
580 588
0 327
7 342
8 588
192 193
141 161
4 90
580 588
40 41
1 322
643 718
129 142
537 567
575 588
4 113
114 120
2 588
7 567
293 588
586 588
451 483
583 588
198 218
585 588
0 282
0 282
562 588
9 218
319 327
23 24
264 274
260 274
204 214
136 142
2 90
83 90
2 228
512 567
223 229
531 567
332 343
0 228
0 327
39 43
350 386
642 694
6 228
24 475
584 588
441 475
472 946
3 475
552 567
428 457
6 327
10 483
26 343
0 116
472 475
8 228
328 342
314 327
517 560
17 229
97 99
582 588
40 43
40 43
157 168
5 141
466 483
15 16
568 588
0 386
9 334
1 588
2 588
29 588
3 588
81 90
0 588
258 271
580 588
2 386
66 67
507 560
5 342
447 454
572 588
567 588
1 211
3 694
17 694
225 228
10 327
580 588
719 752
0 53
0 229
572 588
38 41
373 374
323 334
20 588
4 475
1 110
227 229
56 58
586 588
131 142
150 153
12 334
109 116
115 118
581 588
2 386
309 327
136 142
223 228
0 156
557 588
572 588
291 327
324 343
147 153
9 475
12 588
97 99
575 588
10 588
539 574
625 694
1 90
2 694
2 56
24 560
330 342
1 322
709 752
579 588
0 327
190 193
415 454
15 342
66 67
1 327
0 588
0 229
10 342
66 67
64 2673
190 211
450 483
322 327
224 228
0 33
1 962
1498 1539
1 125
117 120
0 80
809 816
0 554
0 176
403 406
0 66
444 473
1 977
0 844
1 290
476 502
87 88
137 275
142 147
2 515
1 1205
1391 1403
1683 1695
595 605
586 605
1339 1347
1287 1347
1505 1516
2 295
461 473
54 59
998 1021
12 788
113 228
1105 1110
87 88
0 768
2 476
336 337
331 340
1668 1695
124 127
8 308
374 378
0 241
9 452
0 284
1741 1900
1827 1900
2978 3101
7 3101
0 6
1 218
651 664
0 158
390 423
917 951
947 951
0 623
380 399
1474 1577
269 278
212 214
2130 2150
2065 2150
144 145
0 404
1042 1074
324 336
337 362
4 594
194 216
397 439
501 527
15 1386
592 639
742 762
578 625
586 625
675 725
1 395
993 1036
963 1042
6 393
1432 1539
357 368
1421 1539
106 117
594 632
1027 1042
3 518
4 567
1 452
0 1071
4 347
283 303
117 120
267 270
2005 2237
2225 2237
2182 2237
2177 2237
3 2237
227 233
20 1552
0 409
1147 1230
18 1230
850 853
393 400
2 126
444 446
798 857
947 973
259 274
264 274
32 3390
3254 3390
65 3390
88 3390
29 584
872 890
597 626
205 216
1253 1346
238 247
262 287
0 79
0 196
156 191
6821 7353
7272 7353
6646 7353
7061 7353
7252 7353
6777 7353
148 7353
7208 7353
7347 7353
6565 7353
7236 7353
6753 7353
7144 7353
6751 7353
7082 7353
1 7353
0 141
21 2466
2153 2466
2313 2466
2204 2466
1386 1456
9943 10604
10552 10604
10580 10604
9931 10604
10465 10604
10544 10604
7 10604
9915 10604
10499 10604
10510 10604
0 10604
9796 10604
10387 10604
219 10604
10152 10604
10028 10604
1596 1655
1581 1655
11 407
1151 1162
1138 1162
1155 1162
1144 1162
459 479
597 623
0 87
534 564
375 391
0 295
294 590
0 508
1688 1695
6 47
766 788
781 788
776 788
767 788
770 788
780 788
764 788
760 788
769 788
216 230
688 739
433 436
1687 1695
0 247
589 626
566 567
114 115
0 48
332 344
16 684
599 764
550 582
981 1072
1826 1862
1745 1862
366 369
874 876
587 625
225 233
929 937
933 937
852 937
0 230
0 421
270 272
2 218
797 812
807 826
0 919
838 887
5 1072
2202 2339
15 958
920 958
1509 1623
134 141
774 792
806 811
21 2330
18 2330
20 247
21 974
116 120
0 182
403 423
11 1967
0 30
383 384
1 549
1106 1153
4 497
184 188
22 498
153 157
143 157
2334 2339
892 950
56 57
111 135
0 473
14 962
441 448
3 163
1 414
1093 1161
1113 1161
1129 1161
106 117
9 96
1363 1403
1279 1346
0 139
1105 1110
468 473
158 318
3 318
679 700
161 162
1825 1967
1432 1539
1416 1539
102 106
206 5662
67 5662
185 5662
56 5662
232 5662
1438 1536
10 1536
608 625
2538 2565
2531 2565
2532 2565
10 2565
2559 2565
2519 2565
1745 1747
383 384
173 183
1209 1249
1224 1249
75 87
791 812
734 746
2105 2128
1 2128
2050 2128
462 473
1 67
111 124
88 178
6 764
349 379
2366 2396
0 2396
5 2396
852 890
880 890
884 890
0 38
2180 2407
2302 2407
2221 2407
2301 2407
694 735
569 581
0 581
192 385
13 385
3 615
134 139
596 641
437 448
1037 1064
1061 1064
2168 2225
88 89
0 941
78 89
1358 1419
437 452
0 80
531 554
0 89
1289 1294
1237 1294
11 381
1927 1948
1946 1948
1945 1948
1937 1948
934 962
427 448
3 352
133 137
489 594
1646 1708
1534 1708
251 287
0 25
781 816
602 626
0 90
2026 2339
0 1536
206 233
55 69
310 319
789 796
444 446
502 527
107 142
5 369
151 153
587 590
0 385
400 413
413 446
2264 2395
2252 2395
370 404
295 592
1951 2163
2114 2163
2134 2163
49 55
178 191
2251 2423
2350 2423
2420 2423
324 344
191 196
424 452
1386 1403
1158 1205
1090 1205
968 1014
286 294
435 448
85 86
361 395
837 844
834 844
281 303
1270 1360
716 812
97 107
0 562
472 479
451 467
1728 1733
1631 1733
1712 1733
72 80
693 739
411 446
228 247
386 389
3 733
204 215
276 295
1 431
171 175
129 130
181 187
112 135
1 284
360 371
295 330
14 1724
20 1724
45 1724
520 549
877 919
1103 1139
2 896
8 896
411 437
0 103
239 264
1 261
250 264
636 648
1541 1577
1452 1501
1450 1501
1447 1501
584 617
1581 1618
284 285
3 504
114 115
46 48
240 247
732 737
0 223
500 509
305 311
574 594
458 477
342 345
71 733
2 789
1 789
583 605
1620 1747
329 347
1491 1511
1490 1511
332 362
146 147
284 307
137 139
138 139
21 382
1744 1766
761 788
782 788
777 788
762 788
769 788
781 788
764 788
760 788
766 788
687 694
667 694
302 307
167 174
364 371
1028 1077
520 537
7 178
102 103
274 290
3029 3159
2940 3159
2901 3159
1317 1331
6 50
13 716
5 508
1907 1909
1895 1909
1881 1909
35 1618
1421 1618
2 384
1 384
1 102
93 94
0 585
403 474
502 535
1 261
294 295
165 169
147 148
10 183
850 876
32 733
18 1787
1753 1787
1784 1787
556 617
5 1553
1467 1553
6 504
6 343
566 632
120 127
501 504
1055 1083
62 65
0 1144
171 178
151 172
15 240
12 431
915 919
2 498
1475 1618
1465 1475
351 368
22 26
1899 1965
121 1965
15 1965
111 1965
18 1965
55 1965
121 125
174 175
1 55
345 379
0 229
198 229
0 230
0 1042
328 344
319 323
723 746
870 876
474 479
405 406
488 504
166 171
561 575
762 764
1880 1913
1756 1913
1051 1057
252 269
6 173
0 344
741 772
227 242
1662 1695
1687 1695
379 382
751 764
162 175
90 94
718 811
381 394
1213 1287
164 176
136 139
286 310
341 360
226 230
12 811
2 381
1 1129
1081 1129
1092 1129
318 638
1068 1071
0 1410
1395 1410
1407 1410
4 811
488 497
32 37
284 285
302 305
0 256
337 360
225 233
594 623
8 1061
240 260
444 452
552 563
590 592
10 144
298 327
525 617
336 337
360 362
5828 5976
5639 5976
5967 5976
5593 5976
5247 5976
5964 5976
5622 5976
5692 5976
5758 5976
1043 1075
361 379
615 661
161 162
59 2517
9 431
85 100
1261 1386
20 850
498 511
394 405
1090 1102
550 1102
357 370
178 196
0 361
834 841
696 698
111 124
0 290
217 218
419 439
215 229
314 349
88 89
4 360
330 333
328 333
505 526
120 122
0 412
190 196
757 874
6 247
882 896
293 338
168 338
3 142
1777 1779
1631 1779
1749 1779
1647 1779
1209 1238
874 876
1737 1853
1785 1853
1756 1853
542 592
537 564
165 173
1418 1539
150 158
785 812
580 584
299 328
239 262
4 816
96 99
1 796
3 404
137 146
342 345
444 464
222 228
255 274
848 919
501 502
1066 1110
110 122
437 446
469 518
137 141
0 585
560 561
2593 2808
1266 1357
707 1416
194 204
92 100
20 563
7 564
454 473
5 1110
5 339
163 327
0 308
275 295
551 587
703 777
555 558
148 149
194 209
238 279
915 962
38 3095
44 3095
95 3095
1535 1617
45 1617
1 1617
1558 1617
315 318
326 327
1680 1767
1682 1767
1709 1767
1683 1767
238 240
1021 1071
496 522
1497 1618
2 465
427 465
2 465
