380 384
368 375
2 392
561 576
2 576
57 776
34 776
487 511
2216 2287
2255 2287
689 745
0 745
20 914
0 338
0 448
665 691
689 691
181 183
857 914
1137 1155
1138 1155
1032 1155
10 1155
5 1155
1342 1370
1512 1623
7388 7389
7372 7389
7338 7389
16 7389
103 7389
7385 7389
7238 7389
2 7389
19 7389
7229 7389
7136 7389
2335 2339
544 615
1229 1288
169 176
1251 1265
1186 1265
1240 1265
146 150
73 79
1 1983
1949 1983
14 1983
1937 1983
12 269
340 397
46 1208
9 1208
20 1208
1464 1474
237 240
0 448
557 558
1097 1113
1051 1113
0 79
303 305
399 400
1 388
567 590
1401 1483
7 152
1 152
792 796
1420 1536
47 805
272 276
327 328
1264 1267
1263 1267
1259 1267
1204 1267
1265 1267
0 522
190 198
981 1013
3 1013
1 152
1297 1303
992 1008
993 1008
6 327
551 562
5 737
3 737
246 264
2 175
41 44
84 89
1872 1913
1846 1913
1485 1539
972 973
853 855
296 301
69 7645
44 7645
7643 7645
7267 7645
163 7645
7639 7645
7641 7645
7627 7645
7638 7645
3 7645
2 7645
7554 7645
7354 7645
53 7645
7297 7645
7440 7645
12 7645
7319 7645
7384 7645
7476 7645
9011 9306
9069 9306
8887 9306
9294 9306
9287 9306
276 9306
9305 9306
9304 9306
9190 9306
47 9306
3 9306
9301 9306
8848 9306
9180 9306
9302 9306
9245 9306
9247 9306
215 9306
3715 3760
3474 3760
3758 3760
3759 3760
3755 3760
3712 3760
3693 3760
3757 3760
675 689
276 295
1389 1454
1448 1454
55 1454
2 1454
610 626
196 203
394 405
775 794
791 794
838 844
578 657
1100 1110
145 150
2 1071
754 812
20 812
3 422
889 896
394 395
89 2339
0 135
6 324
8 721
68 79
197 204
17 811
1 368
0 380
0 380
1 384
2 152
94 98
67 68
13 446
0 777
1 777
1 884
879 884
1512 1514
850 876
320 348
158 169
658 663
662 663
301 303
237 240
432 441
1453 1474
1 733
4 1077
379 404
916 973
8 138
3 1618
528 567
874 876
163 176
1 2150
2084 2150
873 876
1 311
1470 1597
1515 1597
1546 1597
1532 1597
610 618
0 98
182 184
766 776
758 776
492 497
56 57
389 392
668 670
622 670
378 392
3 511
7 247
845 876
4 344
915 965
1530 1539
483 509
210 215
173 176
203 215
203 215
1374 1386
277 283
0 764
460 465
758 792
749 10782
10544 10782
10529 10782
2 10782
10649 10782
10275 10782
10686 10782
10597 10782
10446 10782
10294 10782
10550 10782
10701 10782
10754 10782
10750 10782
10704 10782
10357 10782
558 10782
10096 10782
10524 10782
10181 10782
10587 10782
10501 10782
516 10782
10758 10782
10550 10782
10630 10782
211 224
727 767
3 144
28 540
2490 2510
11 2510
8 269
214 269
1257 1269
0 1269
879 919
14 782
0 448
0 931
1 931
0 247
86 89
2032 2038
38 2038
12 2038
434 446
1 737
1893 1898
1894 1898
20 584
1339 1360
28 2257
18 2257
1681 1695
2338 2339
1069 1072
717 746
717 746
2077 2150
2101 2150
3369 3410
3349 3410
3351 3410
721 746
2102 2150
2114 2150
745 764
737 746
438 456
588 590
2359 2449
2448 2449
186 191
729 777
2 266
999 1027
891 976
29 976
11 3000
2988 3000
6 3000
16 3000
10 3000
2884 3000
3 202
0 456
725 777
373 381
1 295
185 186
440 441
2 94
61 68
6 287
237 240
70 142
238 240
5 655
1112 1197
4 2831
3 2831
5 2831
2 2831
1255 1331
4202 4210
4209 4210
4109 4210
4203 4210
4198 4210
4188 4210
5 4210
3942 4210
4207 4210
4205 4210
4169 4210
3 20
199 209
4 677
663 677
0 1547
1509 1547
887 888
886 888
337 344
373 413
1 1012
0 1012
3 1012
250 269
0 467
497 504
1012 1110
0 585
2093 2128
4 2128
1947 2128
927 960
1409 1483
1474 1536
1502 1536
1106 1110
1 1069
46 1069
1062 1069
1006 1014
779 811
1063 1110
422 423
0 93
171 183
374 384
707 724
2335 2375
2317 2375
2299 2375
167 178
774 788
781 788
783 788
777 788
778 788
785 788
770 788
771 788
775 788
155 203
213 226
1 4949
4826 4949
16 4949
17 4949
4802 4949
56 4949
430 4949
116 120
107 2150
2113 2150
2108 2150
633 653
649 689
1 2955
0 2955
2948 2955
8 2955
2874 2955
2854 2955
2938 2955
14 1695
423 439
427 439
223 225
18 2163
25 2163
270 13875
13715 13875
56 13875
54 13875
14 13875
1071 13875
13628 13875
13685 13875
13418 13875
13507 13875
12932 13875
13304 13875
13743 13875
13856 13875
12 2339
217 222
146 150
4 1164
1 1164
1062 1164
1 2347
0 2347
9 2347
8 2347
631 633
375 384
3067 3126
2942 3126
3096 3126
3064 3126
2760 3126
3005 3126
3042 3126
1068 1078
1075 1078
8 1078
259 267
0 1926
491 526
809 812
831 858
9 5657
8 5657
108 5657
5 5657
5568 5657
15 5657
37 5657
5585 5657
1041 1042
422 423
215 218
159 172
1188 1307
941 1021
383 384
399 400
237 240
6 247
164 176
3 247
119 124
593 618
1 247
0 1708
7 1708
9 1708
5 1708
747 762
745 762
149 152
358 371
263 264
437 442
441 442
387 389
29 5642
23 5642
65 5642
5217 5642
24 5642
8 5642
5592 5642
413 416
25 223
84 86
491 543
0 1403
2 1403
654 679
2413 2517
0 87
638 689
1 336
0 89
141 153
10 1403
1952 1963
1935 1963
1916 2002
1857 2002
1994 2002
146 147
146 147
155 163
263 264
0 1539
251 264
566 590
176 181
227 241
9 465
632 764
638 764
736 764
265 295
1637 1652
1618 1652
1956 1967
84 86
0 1110
60 1183
1122 1183
1171 1183
842 876
387 389
1053 1124
1063 1124
5 1014
9 961
41 961
6 961
469 526
0 359
3 1130
0 257
1372 1386
5 842
998 1042
1 257
2201 2403
19 2403
2212 2403
101 106
372 375
4 617
267 270
269 270
338 340
312 327
11 380
508 518
586 587
584 587
0 384
412 424
263 264
8 699
1273 1317
1307 1317
1301 1317
117 120
2 594
0 538
0 603
935 1130
0 344
237 240
1181 1241
120 122
850 855
1894 1898
1895 1898
1895 1898
1889 1898
382 384
0 17
901 914
739 777
155 163
4688 4713
4588 4713
4708 4713
4198 4713
4709 4713
4376 4713
43 44
2098 2150
2071 2150
0 2150
1 2150
390 402
235 266
756 781
768 781
4 781
762 781
662 664
674 689
2 874
788 796
795 796
1427 1464
1306 1464
1435 1464
539 548
380 382
0 233
612 663
251 257
491 506
14 1012
9 257
0 626
365 371
7 782
28 3816
3801 3816
3764 3816
3531 3816
3613 3816
3809 3816
21 3816
338 340
1281 1347
1311 1347
146 149
512 554
9 364
11 364
276 295
33 435
665 695
2 1247
6 1247
392 423
899 914
15 265
613 631
630 631
185 186
502 518
161 171
464 511
24 431
16 2308
0 2308
77 2303
5 2303
144 145
2 145
19 145
0 467
500 518
400 405
312 318
417 423
297 324
387 389
10 8726
8646 8726
120 8726
1 8726
8305 8726
8584 8726
8408 8726
8531 8726
8711 8726
8725 8726
4 8726
25 8726
8464 8726
411 422
101 108
438 456
924 1036
915 1036
371 391
333 344
622 679
2 154
14 397
1 3066
0 3066
3053 3066
1189 1214
1178 1214
1476 1595
1524 1595
759 764
0 457
3 368
1 376
1 209
203 209
1 1191
0 1191
591 592
377 378
132 141
387 389
443 446
254 264
510 526
1091 1110
718 12734
219 12734
12733 12734
119 12734
12703 12734
12273 12734
166 12734
12320 12734
12684 12734
48 12734
8 12734
5 12734
31 12734
40 12734
113 12734
66 12734
36 12734
12019 12734
202 203
0 89
11 653
280 295
5 841
0 441
381 384
852 876
1217 1264
1230 1264
1260 1264
1 404
3 1483
0 1110
69 590
568 590
254 264
106 107
37 1386
144 148
77 89
752 842
460 461
4 669
667 669
9 737
686 699
7 423
8 737
106 107
106 107
141 148
30 473
5 2629
2456 2629
10 2629
2608 2629
379 384
1586 1589
1567 1589
1557 1589
3 113
2645 2696
2669 2696
5 2696
722 774
2 664
895 987
982 987
985 987
199 4344
4230 4344
3908 4344
3862 4344
6 4344
88 4344
4194 4344
212 222
6 626
14 1376
0 1376
7 1376
11 1376
550 558
677 680
659 680
230 234
176 177
171 177
380 384
432 441
3 441
2 376
169 1511
27 1511
1 522
521 522
2 169
4 737
2 664
464 479
2091 2238
2229 2238
2145 2238
1 2238
1070 1074
2 737
756 762
2486 2517
759 788
2299 2300
2246 2300
753 762
598 618
180 183
268 270
4 558
251 252
262 295
3 1913
1872 1913
650 656
2 656
653 656
238 240
414 423
28 764
370 373
426 446
0 357
384 423
0 632
565 590
546 562
0 456
0 9
293 587
553 562
13 1014
20 774
12 404
2 567
1332 1407
553 594
2 690
4 690
232 250
125 127
294 295
12 2725
23 2725
20 2725
18 2725
11 2725
0 442
1 442
503 518
501 508
249 269
267 269
37 38
5900 6094
9 6094
4 6094
7 6094
46 6094
1341 1370
2727 2737
25 2737
1355 1409
486 526
423 465
3 339
32 960
901 960
373 382
10 295
0 404
4 431
1519 1536
556 615
0 844
0 308
6 504
516 560
622 730
364 730
647 764
1626 1701
237 240
1 283
592 596
19 392
2133 2339
1 2339
0 303
4 461
546 563
5 438
102 122
7 980
6 980
819 845
572 665
0 378
2 352
865 889
869 889
0 189
380 431
742 751
490 526
1952 1955
1941 1955
1944 1955
1934 1955
1868 1955
1945 1955
38 9453
339 9453
140 9453
21 9453
234 9453
79 9453
20 9453
69 9453
494 9453
45 9453
10 9453
9229 9453
25 9453
7 9453
90 9453
3492 3604
3500 3604
39 3604
3488 3604
7 3604
2942 2982
2927 2982
2979 2982
2935 2982
3 2982
14 1152
470 499
0 181
1 181
232 249
10 613
381 395
546 575
4 122
1037 1114
1078 1114
0 283
1 283
2 241
0 55
636 655
103 1887
1867 1887
6 1887
7509 7512
7479 7512
7501 7512
7467 7512
124 7512
7427 7512
7503 7512
38 7512
7120 7512
7183 7512
7450 7512
7505 7512
7403 7512
7138 7512
7193 7512
312 328
11 623
99 106
69 82
0 305
186 196
6 151
8 439
315 328
1951 2031
53 4370
44 4370
58 4370
52 4370
22 4370
82 4370
12 4370
28 4370
20 340
0 360
1 269
0 413
846 887
2 187
0 187
1 534
1505 1539
82 726
246 257
191 202
738 764
744 764
8 473
6 729
2 729
4 729
11 174
6 593
3 326
4 282
57 59
0 2849
26 2849
4 2849
16 2849
171 225
15 435
365 435
1 522
1 146
478 479
379 399
1 587
549 562
774 788
783 788
787 788
780 788
782 788
776 788
772 788
777 788
779 788
11 473
4 473
1444 1528
0 1528
10 1904
13 1904
695 733
217 219
2337 2417
2416 2417
42 594
48 594
21 594
5 620
2 620
1 476
6 476
1 405
1616 1695
4 91
0 91
0 1223
3 1223
11 1223
466 479
318 328
3 1879
0 1879
4767 4834
8 4834
4693 4834
4828 4834
25 4834
13 4834
143 145
728 739
8 336
347 361
3 177
386 413
718 759
190 191
188 191
13 240
216 233
172 177
0 176
4 318
758 807
749 807
3 761
418 446
0 931
1 931
7 1074
10 812
5 287
720 764
1040 1043
4 857
6 922
0 558
4 558
139 279
3 173
119 130
515 617
509 617
1637 1707
1706 1707
13 4275
17 4275
4227 4275
52 4275
3753 4275
1 1149
1089 1149
1107 1149
2944 2971
2952 2971
2 336
1 318
1023 1026
0 92
1 92
307 311
132 161
740 774
122 127
376 379
378 400
420 428
1 381
553 562
20 497
392 393
1 279
321 323
366 395
2 223
0 362
480 509
2 2434
695 716
20 388
222 233
2 484
475 484
479 484
38 1075
1055 1075
1048 1075
1066 1075
2 118
0 114
805 844
792 844
279 306
1656 1742
1573 1742
1629 1742
434 441
627 655
97 764
462 509
3695 3737
3631 3737
4 3737
9 3737
0 562
2111 2181
1 338
2 40
326 379
403 405
428 474
0 98
1122 1143
5 368
667 699
0 343
1 126
3 1644
1643 1644
0 767
1 767
7 767
1 20
287 310
0 354
0 61
257 297
644 727
393 395
1481 1618
223 233
1 381
4 473
208 217
1 152
676 768
155 171
0 567
1 301
420 461
772 788
782 788
785 788
776 788
778 788
781 788
774 788
773 788
775 788
399 405
648 653
2 139
5 324
956 973
1199 1386
632 633
642 664
1550 1618
376 395
8 295
342 344
227 230
1109 2219
380 385
4 527
0 1926
1 1926
543 548
821 919
691 699
461 472
316 327
0 821
32 821
760 821
0 526
6 567
979 1012
0 1012
1 1012
543 562
31 739
1 266
201 227
0 241
624 635
371 391
0 177
0 407
430 435
517 535
1 527
0 371
358 371
0 240
53 57
269 297
251 262
308 361
1283 1312
82 84
0 287
504 509
582 585
504 592
773 812
2061 2339
255 290
0 948
1 948
421 448
965 973
11 360
387 389
1582 1646
9 2101
1944 2101
43 2101
1973 2101
863 876
384 472
6 265
22 777
13 502
5 137
4 209
3 144
178 183
2 370
127 135
115 120
32 962
699 721
110 114
3006 3218
26 1747
0 231
1074 1110
133 153
286 290
3 397
308 325
293 319
361 382
82 5267
199 5267
59 5267
104 5267
4954 5267
419 5267
381 5267
4933 5267
52 5267
69 5267
103 5267
0 5267
17 5267
4887 5267
516 1034
956 1034
11 2191
7 2191
20 247
18 247
108 1416
40 1027
25 319
3 1042
21 384
158 163
0 127
482 484
42 900
1 544
4 265
4 368
1 930
54 2416
2253 2416
2229 2416
846 919
377 407
353 382
5 247
6 233
39 1183
1122 1183
1169 1183
1107 1185
352 382
325 340
9 3763
3449 3763
176 177
449 477
137 141
202 242
1 295
3 295
3 395
568 615
3 308
3 1695
489 511
206 227
240 257
110 2339
386 395
1 359
1 761
229 257
166 176
5 336
189 195
354 365
238 240
224 230
179 196
22 338
1062 1116
1068 1116
9 1124
5 300
1580 1623
40 906
53 57
171 188
1041 1057
0 233
650 721
315 318
726 735
687 699
0 446
0 310
0 165
406 465
1001 1130
673 679
388 392
11 348
1891 1898
1887 1898
455 472
945 950
949 950
938 950
190 191
25 1695
321 324
269 282
808 861
6 1695
6 360
915 960
349 388
0 1701
452 453
451 453
244 247
5 461
294 295
7 1042
493 549
0 319
11 1110
2334 2517
794 866
72 866
115 141
1 387
1 48
1722 1791
1639 1791
25 511
1 275
272 286
408 423
0 191
5 950
505 509
0 861
341 364
309 364
369 378
3536 3651
334 364
333 364
281 298
667 679
2 654
176 177
600 605
6 392
1 392
517 569
35 43
386 414
268 272
308 327
1984 2050
1915 2050
135 2050
584 617
15 927
28 1268
18 1268
24 1268
5 1413
147 157
5 317
765 790
768 790
762 812
1044 1077
556 584
10 562
1342 1360
57 1695
23 405
8 587
126 127
59 1592
9 1592
20 1719
4 1719
10 1719
546 548
539 548
187 195
4 352
964 1043
2678 2703
2683 2703
2695 2703
2697 2703
1099 1165
387 395
1 1323
11 1323
4 1323
2 1323
10 1323
113 118
147 165
621 663
413 451
22 1536
1516 1526
1465 1526
1520 1526
0 116
318 327
2 587
2 139
4 325
53 1288
0 116
8 240
213 217
26 712
4 1386
2324 2339
2428 2517
18 381
267 284
165 183
291 295
0 2517
1 2339
459 465
0 247
2415 2517
0 55
270 281
218 247
1333 1360
441 461
3682 3761
574 590
1 594
344 378
1497 1539
1 108
427 4338
43 1552
150 152
622 646
16 306
655 657
641 657
15 1042
417 421
1038 1042
211 222
1008 1034
268 270
1044 1104
2 486
492 502
55 57
50 816
10 2365
15 1074
1 187
2218 2236
2197 2236
2171 2236
74 2236
404 405
998 1110
483 497
219 222
115 120
0 151
10 1392
0 230
85 86
75 78
2219 2339
8 9
992 1021
308 318
2 308
139 279
751 762
87 88
10 721
32 1027
487 500
1 89
1 86
154 159
696 733
687 725
9 276
482 497
1119 1130
441 456
608 654
760 777
52 53
328 340
447 475
1 142
667 694
39 41
88 90
585 588
585 588
579 588
212 214
66 67
572 588
1 327
8 342
3 588
192 193
150 161
7 90
573 588
40 41
24 322
20 718
1 142
547 567
573 588
108 113
0 120
579 588
512 567
293 588
586 588
430 483
585 588
197 218
586 588
0 282
0 282
27 588
200 218
323 327
23 24
269 274
260 274
205 214
127 142
2 90
84 90
5 228
541 567
224 229
512 567
329 343
2 228
306 327
39 43
4 386
666 694
0 228
10 475
574 588
424 475
472 946
0 475
533 567
421 457
16 327
0 483
8 343
0 116
440 475
1 228
341 342
5 327
29 560
220 229
97 99
571 588
40 43
42 43
154 168
1 141
4 483
14 16
576 588
0 386
0 334
4 588
1 588
5 588
3 588
85 90
576 588
0 271
587 588
2 386
61 67
27 560
1 342
449 454
583 588
570 588
0 211
618 694
9 694
218 228
322 327
587 588
701 752
50 53
225 229
578 588
1 41
367 374
329 334
10 588
0 475
1 110
227 229
55 58
582 588
1 142
147 153
7 334
113 116
115 118
587 588
2 386
309 327
135 142
213 228
5 156
565 588
13 588
286 327
327 343
15 153
36 475
2 588
96 99
572 588
1 588
530 574
660 694
0 90
6 694
2 56
20 560
0 342
8 322
2 752
587 588
5 327
188 193
10 454
2 342
66 67
0 327
46 588
0 229
1 342
66 67
40 2673
190 211
9 483
324 327
226 228
4 33
905 962
1531 1539
0 125
0 120
69 80
10 816
0 554
2 176
402 406
2 66
423 473
0 977
0 844
1 290
480 502
87 88
12 275
144 147
449 515
13 1205
1 1403
1663 1695
559 605
601 605
1317 1347
3 1347
1490 1516
0 295
467 473
0 59
967 1021
756 788
220 228
1108 1110
87 88
0 768
4 476
336 337
333 340
1653 1695
126 127
0 308
360 378
0 241
9 452
0 284
1 1900
1773 1900
2943 3101
0 3101
4 6
208 218
653 664
0 158
408 423
935 951
950 951
567 623
2 399
1530 1577
251 278
0 214
2112 2150
2096 2150
143 145
2 404
0 1074
3 336
7 362
475 594
1 216
414 439
492 527
1369 1386
0 639
738 762
2 625
0 625
683 725
1 395
901 1036
1 1042
372 393
1485 1539
350 368
1514 1539
102 117
565 632
1025 1042
0 518
4 567
428 452
2 1071
333 347
2 303
108 120
268 270
2131 2237
2231 2237
2219 2237
2200 2237
5 2237
222 233
23 1552
0 409
1 1230
23 1230
851 853
391 400
0 126
443 446
810 857
0 973
2 274
3 274
29 3390
3243 3390
83 3390
212 3390
1 584
38 890
596 626
1 216
2 1346
1 247
3 287
74 79
0 196
178 191
6985 7353
7335 7353
6745 7353
6971 7353
7273 7353
6424 7353
7048 7353
7294 7353
7351 7353
6321 7353
7328 7353
6817 7353
7339 7353
6996 7353
7220 7353
8 7353
132 141
2388 2466
2331 2466
2428 2466
2400 2466
1384 1456
10439 10604
10551 10604
10597 10604
241 10604
10553 10604
10593 10604
10270 10604
10158 10604
10501 10604
10493 10604
9 10604
10041 10604
10448 10604
113 10604
9853 10604
10449 10604
1630 1655
1628 1655
1 407
1132 1162
1110 1162
27 1162
1117 1162
472 479
584 623
0 87
553 564
369 391
1 295
2 590
0 508
1664 1695
1 47
772 788
782 788
784 788
773 788
777 788
785 788
778 788
770 788
775 788
224 230
668 739
422 436
1650 1695
0 247
544 626
566 567
114 115
0 48
322 344
634 684
12 764
577 582
967 1072
1780 1862
1791 1862
3 369
872 876
0 625
210 233
929 937
933 937
852 937
0 230
1 421
268 272
197 218
805 812
806 826
2 919
836 887
1 1072
45 2339
910 958
905 958
1463 1623
138 141
787 792
804 811
0 2330
15 2330
2 247
6 974
118 120
0 182
413 423
0 1967
0 30
379 384
1 549
1112 1153
482 497
180 188
454 498
155 157
149 157
2329 2339
1 950
55 57
0 135
463 473
0 962
440 448
3 163
368 414
1098 1161
7 1161
32 1161
0 117
1 96
1304 1403
3 1346
1 139
1088 1110
468 473
158 318
0 318
685 700
161 162
5 1967
1476 1539
1464 1539
98 106
109 5662
17 5662
104 5662
127 5662
140 5662
1423 1536
2 1536
606 625
2509 2565
2495 2565
2545 2565
2297 2565
2527 2565
2407 2565
1746 1747
383 384
166 183
1228 1249
1240 1249
76 87
772 812
734 746
2108 2128
1965 2128
2033 2128
466 473
0 67
119 124
162 178
8 764
349 379
2373 2396
0 2396
2017 2396
871 890
881 890
866 890
0 38
2241 2407
2235 2407
2303 2407
2148 2407
697 735
567 581
520 581
15 385
7 385
1 615
134 139
634 641
5 448
1039 1064
1063 1064
2133 2225
85 89
0 941
81 89
6 1419
3 452
0 80
517 554
0 89
1291 1294
1202 1294
30 381
1927 1948
1947 1948
1945 1948
1941 1948
4 962
411 448
0 352
135 137
455 594
1559 1708
1506 1708
261 287
3 25
799 816
617 626
80 90
2158 2339
0 1536
221 233
60 69
310 319
774 796
443 446
490 527
1 142
365 369
143 153
583 590
0 385
401 413
3 446
2200 2395
2146 2395
366 404
295 592
1996 2163
2094 2163
2123 2163
0 55
181 191
2265 2423
2279 2423
2419 2423
336 344
191 196
443 452
1294 1403
1140 1205
12 1205
965 1014
287 294
1 448
85 86
358 395
829 844
838 844
273 303
1327 1360
683 812
103 107
0 562
476 479
431 467
1731 1733
1701 1733
1722 1733
71 80
676 739
407 446
221 247
384 389
622 733
203 215
245 295
0 431
171 175
129 130
185 187
4 135
1 284
356 371
297 330
1688 1724
19 1724
1606 1724
497 549
894 919
1109 1139
8 896
0 896
44 437
0 103
245 264
1 261
237 264
641 648
1557 1577
1437 1501
1442 1501
1453 1501
563 617
1603 1618
282 285
2 504
114 115
47 48
240 247
726 737
0 223
455 509
302 311
583 594
459 477
339 345
34 733
723 789
5 789
558 605
1718 1747
337 347
1505 1511
1496 1511
1 362
146 147
290 307
138 139
137 139
340 382
1680 1766
776 788
779 788
783 788
775 788
778 788
781 788
774 788
770 788
777 788
689 694
678 694
304 307
169 174
361 371
1044 1077
527 537
4 178
97 103
7 290
3122 3159
3085 3159
3101 3159
1296 1331
7 50
676 716
492 508
1907 1909
1901 1909
1899 1909
1511 1618
1552 1618
1 384
0 384
1 102
93 94
0 585
432 474
527 535
245 261
294 295
0 169
146 148
171 183
857 876
20 733
0 1787
1740 1787
1785 1787
551 617
1400 1553
1427 1553
0 504
0 343
4 632
2 127
499 504
1067 1083
62 65
38 1144
164 178
6 172
13 240
25 431
916 919
473 498
9 1618
1437 1475
353 368
24 26
100 1965
48 1965
13 1965
53 1965
3 1965
51 1965
121 125
171 175
49 55
360 379
0 229
205 229
216 230
914 1042
335 344
320 323
734 746
874 876
472 479
403 406
493 504
162 171
518 575
750 764
1884 1913
1867 1913
1048 1057
2 269
0 173
334 344
686 772
2 242
23 1695
1653 1695
379 382
736 764
8 175
89 94
1 811
375 394
1189 1287
169 176
137 139
275 310
344 360
222 230
725 811
9 381
1092 1129
1085 1129
1046 1129
7 638
1068 1071
0 1410
1403 1410
1408 1410
0 811
491 497
31 37
281 285
300 305
1 256
333 360
230 233
607 623
940 1061
251 260
437 452
559 563
590 592
10 144
299 327
0 617
336 337
361 362
5927 5976
5585 5976
5957 5976
5636 5976
5351 5976
5973 5976
5441 5976
5840 5976
5886 5976
1069 1075
350 379
638 661
160 162
46 2517
6 431
90 100
13 1386
23 850
464 511
403 405
1089 1102
1 1102
0 370
188 196
1 361
832 841
696 698
0 124
0 290
216 218
431 439
212 229
329 349
74 89
332 360
327 333
327 333
453 526
121 122
0 412
189 196
1 874
238 247
890 896
299 338
290 338
125 142
1777 1779
1718 1779
1731 1779
1704 1779
1190 1238
873 876
1779 1853
1832 1853
1782 1853
39 592
543 564
157 173
1495 1539
146 158
786 812
582 584
293 328
237 262
6 816
94 99
0 796
5 404
134 146
343 345
426 464
223 228
239 274
832 919
500 502
1081 1110
111 122
439 446
493 518
131 141
538 585
560 561
2727 2808
1306 1357
149 1416
6 204
0 100
19 563
1 564
459 473
0 1110
0 339
163 327
4 308
271 295
15 587
687 777
557 558
148 149
193 209
240 279
904 962
43 3095
62 3095
2935 3095
1500 1617
1505 1617
10 1617
1473 1617
315 318
325 327
1690 1767
1702 1767
1750 1767
1673 1767
238 240
1020 1071
1 522
1382 1618
458 465
454 465
459 465
