380 384
368 375
0 392
5 576
0 576
27 776
0 776
482 511
2229 2287
2224 2287
4 745
2 745
42 914
1 338
428 448
2 691
687 691
182 183
15 914
1126 1155
1140 1155
1041 1155
12 1155
4 1155
1341 1370
4 1623
7387 7389
7381 7389
7113 7389
4 7389
193 7389
7379 7389
7314 7389
5 7389
34 7389
7294 7389
7096 7389
2323 2339
535 615
1247 1288
172 176
1256 1265
1223 1265
1225 1265
140 150
72 79
0 1983
1963 1983
19 1983
1958 1983
2 269
325 397
1 1208
0 1208
32 1208
1466 1474
236 240
0 448
557 558
1083 1113
1027 1113
1 79
302 305
399 400
0 388
532 590
1420 1483
149 152
151 152
793 796
1497 1536
0 805
272 276
327 328
1264 1267
1263 1267
1257 1267
1185 1267
1265 1267
0 522
189 198
987 1013
4 1013
148 152
1281 1303
990 1008
983 1008
23 327
550 562
12 737
13 737
5 264
0 175
42 44
0 89
1855 1913
1814 1913
27 1539
972 973
850 855
298 301
7118 7645
6 7645
7644 7645
122 7645
300 7645
7634 7645
7641 7645
7629 7645
7640 7645
69 7645
13 7645
7592 7645
7448 7645
7530 7645
7293 7645
7482 7645
521 7645
321 7645
7506 7645
7570 7645
8913 9306
9018 9306
8991 9306
9299 9306
9297 9306
35 9306
9305 9306
9304 9306
9189 9306
49 9306
73 9306
9301 9306
9118 9306
9074 9306
9303 9306
9241 9306
9239 9306
175 9306
3744 3760
48 3760
3758 3760
3759 3760
3753 3760
3729 3760
3708 3760
3757 3760
677 689
278 295
1441 1454
1399 1454
5 1454
8 1454
615 626
196 203
387 405
772 794
790 794
833 844
578 657
1098 1110
148 150
4 1071
752 812
14 812
3 422
888 896
394 395
12 2339
0 135
9 324
1 721
1 79
197 204
67 811
4 368
1 380
0 380
1 384
13 152
0 98
66 68
415 446
1 777
1 777
4 884
872 884
1512 1514
844 876
320 348
0 169
656 663
661 663
300 303
237 240
439 441
1450 1474
0 733
2 1077
382 404
3 973
133 138
32 1618
554 567
871 876
156 176
12 2150
2066 2150
871 876
0 311
1483 1597
1523 1597
1566 1597
1548 1597
611 618
0 98
181 184
751 776
1 776
494 497
56 57
1 392
668 670
599 670
1 392
4 511
234 247
847 876
1 344
74 965
1523 1539
489 509
203 215
168 176
204 215
204 215
1369 1386
275 283
646 764
463 465
786 792
10048 10782
10352 10782
10583 10782
5 10782
10524 10782
10406 10782
10628 10782
10394 10782
151 10782
31 10782
10588 10782
10725 10782
10755 10782
10762 10782
10740 10782
10643 10782
180 10782
10166 10782
10626 10782
10124 10782
10069 10782
10322 10782
11 10782
10774 10782
10588 10782
10644 10782
212 224
732 767
1 144
25 540
2483 2510
29 2510
11 269
0 269
1261 1269
0 1269
22 919
8 782
5 448
0 931
1 931
1 247
79 89
2031 2038
4 2038
6 2038
437 446
729 737
1893 1898
1889 1898
29 584
1327 1360
23 2257
3 2257
1683 1695
2314 2339
1065 1072
722 746
720 746
2005 2150
2078 2150
3397 3410
3330 3410
3356 3410
729 746
2113 2150
2126 2150
749 764
729 746
435 456
583 590
2272 2449
2448 2449
177 191
663 777
0 266
989 1027
3 976
29 976
24 3000
2988 3000
1 3000
17 3000
4 3000
2912 3000
1 202
0 456
717 777
29 381
2 295
185 186
440 441
1 94
57 68
255 287
235 240
70 142
238 240
9 655
1065 1197
8 2831
2 2831
4 2831
3 2831
1231 1331
4206 4210
4207 4210
4121 4210
4204 4210
4178 4210
4191 4210
7 4210
58 4210
4209 4210
4205 4210
4160 4210
1 20
200 209
0 677
9 677
1 1547
1520 1547
887 888
886 888
339 344
375 413
0 1012
9 1012
903 1012
257 269
1 467
492 504
33 1110
531 585
2083 2128
2 2128
2003 2128
949 960
1422 1483
1486 1536
1512 1536
1101 1110
0 1069
2 1069
1061 1069
1005 1014
771 811
1058 1110
422 423
85 93
169 183
371 384
706 724
2332 2375
2226 2375
2258 2375
171 178
777 788
779 788
781 788
775 788
780 788
782 788
771 788
776 788
773 788
0 203
223 226
2 4949
4799 4949
56 4949
1 4949
4926 4949
52 4949
48 4949
116 120
74 2150
2100 2150
2092 2150
635 653
662 689
0 2955
3 2955
2923 2955
25 2955
2921 2955
2853 2955
2920 2955
5 1695
428 439
431 439
223 225
53 2163
27 2163
340 13875
13432 13875
39 13875
15 13875
28 13875
12906 13875
13797 13875
13724 13875
1266 13875
13377 13875
12987 13875
13507 13875
13761 13875
13842 13875
19 2339
214 222
146 150
15 1164
7 1164
31 1164
2 2347
0 2347
1 2347
5 2347
627 633
15 384
3065 3126
2857 3126
3059 3126
3064 3126
60 3126
3020 3126
3052 3126
1058 1078
1076 1078
9 1078
1 267
0 1926
498 526
804 812
819 858
3 5657
14 5657
241 5657
8 5657
5608 5657
47 5657
5288 5657
5629 5657
1038 1042
422 423
3 218
153 172
30 1307
119 1021
20 384
399 400
237 240
225 247
155 176
17 247
112 124
18 618
221 247
1614 1708
24 1708
52 1708
21 1708
50 762
745 762
149 152
363 371
263 264
439 442
441 442
387 389
24 5642
14 5642
89 5642
228 5642
31 5642
5 5642
5590 5642
412 416
3 223
85 86
508 543
2 1403
0 1403
647 679
2349 2517
0 87
652 689
2 336
0 89
148 153
0 1403
1960 1963
1936 1963
1861 2002
1864 2002
1995 2002
146 147
146 147
156 163
263 264
0 1539
250 264
10 590
2 181
222 241
428 465
12 764
7 764
728 764
265 295
1641 1652
1627 1652
1964 1967
85 86
1 1110
5 1183
0 1183
1126 1183
864 876
387 389
1056 1124
1103 1124
3 1014
5 961
61 961
0 961
0 526
1 359
5 1130
0 257
1365 1386
26 842
976 1042
0 257
2288 2403
70 2403
2262 2403
104 106
372 375
13 617
268 270
269 270
338 340
307 327
361 380
510 518
586 587
582 587
372 384
408 424
263 264
2 699
1256 1317
1313 1317
1301 1317
116 120
0 594
0 538
3 603
66 1130
3 344
237 240
14 1241
119 122
810 855
1892 1898
1897 1898
1802 1898
1803 1898
20 384
16 17
894 914
772 777
154 163
4676 4713
4523 4713
4694 4713
4192 4713
4700 4713
4518 4713
42 44
2086 2150
2058 2150
2 2150
4 2150
376 402
0 266
761 781
750 781
8 781
768 781
660 664
671 689
9 874
786 796
795 796
1407 1464
1440 1464
1448 1464
535 548
380 382
2 233
604 663
247 257
494 506
6 1012
231 257
14 626
0 371
13 782
5 3816
3809 3816
3763 3816
3681 3816
3570 3816
3804 3816
17 3816
338 340
1332 1347
1319 1347
148 149
519 554
2 364
22 364
275 295
44 435
653 695
4 1247
7 1247
385 423
895 914
2 265
604 631
629 631
184 186
495 518
161 171
475 511
26 431
19 2308
0 2308
2246 2303
0 2303
15 145
2 145
12 145
0 467
512 518
402 405
314 318
402 423
294 324
385 389
88 8726
8706 8726
8417 8726
16 8726
8374 8726
8695 8726
8068 8726
8574 8726
8718 8726
8725 8726
27 8726
8251 8726
8341 8726
409 422
99 108
444 456
970 1036
991 1036
361 391
330 344
675 679
3 154
14 397
0 3066
1 3066
3058 3066
1176 1214
1177 1214
1511 1595
46 1595
751 764
0 457
0 368
1 376
1 209
202 209
10 1191
0 1191
589 592
376 378
131 141
387 389
443 446
248 264
481 526
1062 1110
862 12734
226 12734
12733 12734
309 12734
12617 12734
12551 12734
243 12734
12317 12734
12263 12734
70 12734
65 12734
23 12734
370 12734
68 12734
12450 12734
55 12734
94 12734
11820 12734
202 203
0 89
0 653
10 295
0 841
0 441
381 384
867 876
1198 1264
1242 1264
1258 1264
0 404
12 1483
0 1110
0 590
549 590
242 264
106 107
9 1386
143 148
0 89
0 842
460 461
6 669
665 669
686 737
15 699
5 423
663 737
104 107
106 107
138 148
2 473
5 2629
2477 2629
8 2629
2592 2629
378 384
1587 1589
1569 1589
1557 1589
3 113
2661 2696
2675 2696
25 2696
735 774
3 664
971 987
984 987
985 987
17 4344
4164 4344
3974 4344
6 4344
5 4344
0 4344
3996 4344
214 222
587 626
1317 1376
1252 1376
0 1376
1342 1376
555 558
678 680
672 680
225 234
17 177
168 177
378 384
434 441
440 441
3 376
1505 1511
1490 1511
0 522
518 522
0 169
686 737
3 664
467 479
1 2238
2235 2238
2155 2238
7 2238
1066 1074
2 737
753 762
2454 2517
759 788
2299 2300
2274 2300
758 762
10 618
181 183
268 270
2 558
251 252
28 295
3 1913
1848 1913
652 656
1 656
653 656
238 240
407 423
3 764
371 373
417 446
5 357
10 423
4 632
524 590
536 562
2 456
0 9
293 587
547 562
983 1014
713 774
0 404
7 567
3 1407
564 594
5 690
2 690
16 250
125 127
294 295
8 2725
15 2725
21 2725
10 2725
13 2725
393 442
409 442
499 518
499 508
20 269
268 269
37 38
125 6094
33 6094
16 6094
30 6094
47 6094
1325 1370
2722 2737
2540 2737
29 1409
488 526
440 465
0 339
912 960
915 960
366 382
18 295
0 404
3 431
1513 1536
545 615
0 844
291 308
0 504
14 560
650 730
0 730
628 764
1587 1701
237 240
0 283
593 596
0 392
77 2339
1 2339
1 303
6 461
547 563
3 438
105 122
12 980
15 980
810 845
578 665
11 378
331 352
863 889
880 889
188 189
384 431
745 751
498 526
1947 1955
1916 1955
1950 1955
1945 1955
54 1955
1949 1955
110 9453
9024 9453
132 9453
85 9453
99 9453
185 9453
2 9453
89 9453
88 9453
112 9453
26 9453
217 9453
41 9453
35 9453
160 9453
3395 3604
3466 3604
32 3604
3416 3604
12 3604
2934 2982
2926 2982
2979 2982
2933 2982
2777 2982
8 1152
484 499
1 181
0 181
232 249
610 613
31 395
510 575
18 122
1064 1114
1099 1114
2 283
5 283
3 241
2 55
638 655
12 1887
1878 1887
8 1887
7506 7512
7484 7512
7502 7512
7422 7512
133 7512
7404 7512
7504 7512
7177 7512
13 7512
7171 7512
7457 7512
7508 7512
7412 7512
7191 7512
7289 7512
313 328
18 623
5 106
76 82
0 305
181 196
7 151
5 439
316 328
1999 2031
28 4370
34 4370
29 4370
22 4370
8 4370
36 4370
12 4370
10 4370
338 340
5 360
1 269
0 413
857 887
2 187
4 187
1 534
1456 1539
24 726
251 257
186 202
739 764
742 764
451 473
12 729
2 729
6 729
10 174
6 593
0 326
4 282
57 59
6 2849
165 2849
4 2849
35 2849
221 225
388 435
374 435
1 522
3 146
477 479
21 399
1 587
546 562
775 788
783 788
784 788
779 788
782 788
773 788
769 788
778 788
777 788
27 473
14 473
1470 1528
1 1528
29 1904
35 1904
715 733
213 219
15 2417
2416 2417
20 594
1 594
525 594
6 620
2 620
1 476
20 476
1 405
1599 1695
1 91
2 91
0 1223
3 1223
2 1223
467 479
313 328
12 1879
9 1879
4785 4834
9 4834
4772 4834
4831 4834
32 4834
6 4834
144 145
722 739
2 336
23 361
159 177
14 413
747 759
190 191
187 191
5 240
17 233
175 177
0 176
0 318
749 807
750 807
20 761
2 446
0 931
1 931
21 1074
15 812
14 287
713 764
1041 1043
2 857
7 922
1 558
14 558
261 279
3 173
127 130
2 617
1 617
1634 1707
1703 1707
48 4275
15 4275
4248 4275
4044 4275
4108 4275
0 1149
17 1149
1050 1149
2950 2971
2953 2971
1 336
1 318
1025 1026
0 92
87 92
300 311
144 161
753 774
22 127
374 379
392 400
422 428
0 381
550 562
1 497
392 393
0 279
319 323
373 395
11 223
0 362
479 509
3 2434
640 716
4 388
217 233
0 484
474 484
475 484
27 1075
1 1075
990 1075
1041 1075
4 118
103 114
826 844
785 844
0 306
12 1742
3 1742
6 1742
435 441
608 655
32 764
30 509
3676 3737
76 3737
3 3737
2 3737
0 562
2098 2181
1 338
0 40
0 379
399 405
399 474
1 98
1114 1143
2 368
4 699
0 343
114 126
0 1644
1643 1644
25 767
0 767
4 767
3 20
273 310
1 354
0 61
279 297
645 727
386 395
1582 1618
228 233
0 381
4 473
207 217
1 152
671 768
3 171
2 567
1 301
13 461
777 788
783 788
784 788
779 788
782 788
773 788
769 788
778 788
775 788
402 405
642 653
129 139
307 324
960 973
48 1386
623 633
658 664
1524 1618
391 395
0 295
336 344
224 230
1109 2219
379 385
7 527
0 1926
0 1926
535 548
0 919
690 699
460 472
323 327
0 821
3 821
1 821
0 526
4 567
20 1012
4 1012
5 1012
558 562
34 739
0 266
206 227
0 241
624 635
336 391
6 177
1 407
428 435
34 535
5 527
1 371
357 371
5 240
9 57
270 297
5 262
8 361
1275 1312
75 84
261 287
60 509
583 585
526 592
779 812
1992 2339
265 290
0 948
1 948
423 448
965 973
6 360
387 389
1622 1646
7 2101
0 2101
9 2101
2019 2101
851 876
422 472
23 265
19 777
7 502
5 137
185 209
2 144
13 183
0 370
127 135
114 120
39 962
692 721
106 114
149 3218
1720 1747
0 231
1063 1110
131 153
286 290
9 397
308 325
303 319
373 382
147 5267
26 5267
14 5267
22 5267
75 5267
30 5267
29 5267
68 5267
12 5267
9 5267
21 5267
1 5267
17 5267
45 5267
2 1034
974 1034
63 2191
1 2191
15 247
13 247
95 1416
49 1027
4 319
1 1042
4 384
2 163
1 127
1 484
1 900
2 544
6 265
8 368
1 930
9 2416
1 2416
4 2416
862 919
371 407
2 382
0 247
6 233
1116 1183
55 1183
1160 1183
1146 1185
359 382
7 340
3590 3763
7 3763
176 177
470 477
136 141
208 242
0 295
1 295
7 395
572 615
1 308
10 1695
454 511
2 227
241 257
2249 2339
379 395
3 359
4 761
233 257
0 176
2 336
189 195
356 365
238 240
220 230
177 196
4 338
128 1116
21 1116
6 1124
3 300
1542 1623
879 906
0 57
8 188
13 1057
0 233
0 721
315 318
11 735
12 699
0 446
1 310
0 165
441 465
15 1130
672 679
6 392
4 348
10 1898
25 1898
1 472
945 950
949 950
930 950
190 191
1677 1695
321 324
263 282
18 861
1661 1695
7 360
949 960
363 388
0 1701
452 453
451 453
242 247
6 461
294 295
994 1042
482 549
2 319
81 1110
1 2517
1 866
2 866
115 141
0 387
1 48
1660 1791
12 1791
8 511
264 275
3 286
410 423
1 191
3 950
503 509
0 861
5 364
10 364
376 378
3475 3651
0 364
23 364
0 298
661 679
18 654
176 177
599 605
1 392
2 392
42 569
40 43
400 414
267 272
314 327
1904 2050
31 2050
1 2050
578 617
4 927
7 1268
1 1268
5 1268
12 1413
148 157
294 317
755 790
753 790
5 812
1051 1077
554 584
12 562
1334 1360
52 1695
29 405
568 587
126 127
4 1592
1 1592
2 1719
0 1719
1 1719
546 548
3 548
189 195
337 352
1008 1043
2573 2703
2670 2703
2645 2703
2575 2703
1116 1165
390 395
2 1323
3 1323
1 1323
25 1323
5 1323
1 118
2 165
11 663
420 451
0 1536
1514 1526
22 1526
1522 1526
0 116
31 327
7 587
133 139
4 325
1167 1288
0 116
6 240
3 217
30 712
11 1386
2306 2339
89 2517
15 381
18 284
163 183
16 295
1 2517
1909 2339
59 465
2 247
2433 2517
1 55
7 281
215 247
1340 1360
448 461
3576 3761
552 590
2 594
23 378
1473 1539
10 108
191 4338
50 1552
148 152
15 646
2 306
656 657
650 657
23 1042
417 421
1038 1042
210 222
1018 1034
263 270
1045 1104
0 486
487 502
53 57
8 816
2 2365
12 1074
0 187
2122 2236
26 2236
6 2236
0 2236
402 405
14 1110
477 497
211 222
116 120
1 151
1 1392
0 230
85 86
75 78
2067 2339
8 9
997 1021
314 318
6 308
139 279
753 762
87 88
4 721
38 1027
499 500
1 89
0 86
156 159
717 733
704 725
13 276
485 497
17 1130
1 456
1 654
765 777
52 53
0 340
463 475
0 142
670 694
38 41
89 90
587 588
587 588
582 588
208 214
66 67
550 588
2 327
1 342
5 588
189 193
2 161
5 90
546 588
40 41
25 322
4 718
134 142
507 567
21 588
3 113
0 120
562 588
508 567
293 588
581 588
449 483
580 588
196 218
585 588
0 282
274 282
583 588
9 218
323 327
23 24
15 274
1 274
2 214
1 142
0 90
6 90
1 228
13 567
3 229
514 567
330 343
2 228
281 327
0 43
10 386
35 694
0 228
0 475
46 588
451 475
34 946
0 475
530 567
429 457
311 327
0 483
5 343
0 116
444 475
2 228
338 342
4 327
521 560
16 229
98 99
40 588
1 43
1 43
6 168
0 141
6 483
0 16
15 588
0 386
0 334
1 588
0 588
7 588
1 588
2 90
568 588
0 271
587 588
2 386
0 67
18 560
7 342
449 454
577 588
58 588
1 211
631 694
1 694
17 228
42 327
587 588
694 752
4 53
223 229
562 588
2 41
369 374
3 334
18 588
0 475
4 110
228 229
56 58
578 588
0 142
142 153
3 334
110 116
114 118
587 588
3 386
4 327
132 142
225 228
6 156
2 588
567 588
0 327
5 343
3 153
51 475
0 588
96 99
1 588
0 588
510 574
654 694
0 90
22 694
1 56
2 560
4 342
15 322
0 752
587 588
5 327
183 193
403 454
0 342
66 67
1 327
0 588
1 229
0 342
66 67
69 2673
201 211
1 483
324 327
224 228
0 33
866 962
1521 1539
0 125
0 120
1 80
1 816
0 554
0 176
403 406
0 66
0 473
0 977
0 844
1 290
474 502
87 88
1 275
144 147
453 515
4 1205
0 1403
1638 1695
563 605
601 605
1327 1347
1278 1347
1489 1516
0 295
461 473
0 59
953 1021
8 788
217 228
1096 1110
87 88
0 768
471 476
336 337
331 340
1651 1695
126 127
3 308
368 378
209 241
6 452
0 284
0 1900
1822 1900
2992 3101
82 3101
4 6
203 218
648 664
0 158
0 423
928 951
950 951
0 623
387 399
1530 1577
273 278
4 214
2089 2150
2075 2150
143 145
1 404
0 1074
3 336
1 362
7 594
1 216
408 439
486 527
1361 1386
0 639
742 762
1 625
0 625
677 725
2 395
966 1036
983 1042
12 393
1429 1539
344 368
1465 1539
105 117
585 632
1019 1042
5 518
6 567
426 452
2 1071
326 347
0 303
0 120
268 270
2051 2237
2229 2237
2223 2237
2175 2237
2 2237
224 233
39 1552
0 409
1 1230
4 1230
852 853
38 400
0 126
443 446
30 857
0 973
2 274
1 274
15 3390
28 3390
30 3390
24 3390
564 584
38 890
605 626
0 216
0 1346
231 247
3 287
76 79
189 196
175 191
6847 7353
7350 7353
6665 7353
6882 7353
7259 7353
6337 7353
7080 7353
7306 7353
7349 7353
6600 7353
7321 7353
6851 7353
7337 7353
6827 7353
7197 7353
1 7353
140 141
2450 2466
2453 2466
2445 2466
2398 2466
1369 1456
10405 10604
10532 10604
10598 10604
58 10604
10496 10604
10588 10604
10223 10604
10109 10604
10486 10604
10488 10604
3 10604
10368 10604
10443 10604
9655 10604
9527 10604
10298 10604
1639 1655
1626 1655
2 407
1063 1162
1054 1162
5 1162
62 1162
468 479
597 623
0 87
536 564
1 391
0 295
0 590
4 508
1668 1695
1 47
773 788
779 788
781 788
774 788
776 788
784 788
777 788
772 788
775 788
218 230
6 739
421 436
1652 1695
0 247
614 626
566 567
114 115
41 48
7 344
624 684
26 764
565 582
994 1072
1829 1862
43 1862
3 369
871 876
0 625
221 233
927 937
932 937
881 937
0 230
0 421
268 272
197 218
797 812
799 826
1 919
823 887
5 1072
117 2339
941 958
938 958
1 1623
138 141
785 792
802 811
1 2330
2 2330
232 247
880 974
118 120
0 182
415 423
0 1967
0 30
9 384
506 549
1122 1153
18 497
181 188
37 498
155 157
147 157
2333 2339
1 950
56 57
2 135
11 473
3 962
438 448
0 163
364 414
1108 1161
1 1161
3 1161
0 117
1 96
3 1403
0 1346
1 139
1091 1110
470 473
158 318
0 318
672 700
159 162
1894 1967
1455 1539
0 1539
104 106
248 5662
71 5662
130 5662
78 5662
93 5662
1452 1536
7 1536
604 625
2510 2565
2494 2565
2524 2565
2282 2565
2542 2565
2397 2565
1746 1747
383 384
0 183
1222 1249
1239 1249
0 87
24 812
727 746
2100 2128
2008 2128
2079 2128
465 473
1 67
119 124
165 178
0 764
3 379
2370 2396
0 2396
1981 2396
864 890
881 890
863 890
0 38
2279 2407
2265 2407
2345 2407
8 2407
693 735
574 581
546 581
13 385
11 385
0 615
130 139
631 641
0 448
1037 1064
1063 1064
2126 2225
80 89
0 941
84 89
17 1419
419 452
74 80
511 554
0 89
1293 1294
1263 1294
12 381
1924 1948
1947 1948
1945 1948
1944 1948
6 962
432 448
0 352
134 137
452 594
1547 1708
1505 1708
270 287
20 25
811 816
612 626
82 90
1954 2339
0 1536
219 233
51 69
310 319
7 796
443 446
495 527
0 142
361 369
144 153
588 590
0 385
405 413
2 446
2195 2395
2196 2395
380 404
295 592
1959 2163
2048 2163
2109 2163
0 55
186 191
2245 2423
2361 2423
2420 2423
336 344
187 196
445 452
1299 1403
1167 1205
1130 1205
945 1014
289 294
428 448
85 86
360 395
820 844
825 844
0 303
1336 1360
744 812
103 107
0 562
471 479
451 467
1728 1733
1694 1733
1717 1733
74 80
691 739
414 446
222 247
387 389
681 733
205 215
1 295
0 431
168 175
129 130
185 187
2 135
0 284
359 371
300 330
1659 1724
3 1724
1619 1724
504 549
873 919
1078 1139
0 896
1 896
2 437
92 103
0 264
0 261
15 264
631 648
1522 1577
1458 1501
1496 1501
1463 1501
541 617
1596 1618
282 285
1 504
114 115
47 48
242 247
730 737
0 223
496 509
305 311
574 594
467 477
341 345
13 733
754 789
1 789
565 605
1694 1747
341 347
1508 1511
1506 1511
0 362
146 147
9 307
138 139
137 139
369 382
1720 1766
776 788
778 788
780 788
771 788
779 788
783 788
775 788
774 788
772 788
687 694
685 694
304 307
172 174
349 371
1011 1077
525 537
171 178
101 103
6 290
3131 3159
3080 3159
3067 3159
1313 1331
7 50
38 716
11 508
1904 1909
1901 1909
1900 1909
1562 1618
1569 1618
0 384
0 384
1 102
93 94
0 585
417 474
528 535
252 261
294 295
4 169
146 148
11 183
853 876
10 733
1 1787
1733 1787
1785 1787
536 617
2 1553
1411 1553
0 504
3 343
34 632
0 127
494 504
1068 1083
62 65
34 1144
166 178
2 172
3 240
405 431
917 919
487 498
1 1618
1404 1475
351 368
25 26
31 1965
52 1965
10 1965
57 1965
12 1965
103 1965
124 125
169 175
51 55
354 379
0 229
1 229
214 230
19 1042
329 344
319 323
729 746
873 876
465 479
405 406
480 504
161 171
515 575
750 764
1862 1913
1842 1913
38 1057
0 269
0 173
329 344
691 772
2 242
1639 1695
1676 1695
379 382
729 764
2 175
87 94
764 811
385 394
1156 1287
172 176
135 139
270 310
345 360
214 230
762 811
0 381
14 1129
1096 1129
1083 1129
0 638
1065 1071
9 1410
1405 1410
1408 1410
751 811
471 497
29 37
282 285
302 305
5 256
345 360
229 233
611 623
983 1061
238 260
439 452
540 563
589 592
9 144
296 327
0 617
336 337
361 362
5927 5976
5618 5976
5952 5976
5546 5976
5207 5976
5971 5976
5497 5976
5858 5976
5884 5976
1057 1075
358 379
624 661
154 162
13 2517
8 431
3 100
2 1386
30 850
446 511
400 405
1091 1102
0 1102
3 370
186 196
1 361
814 841
695 698
110 124
0 290
217 218
430 439
203 229
0 349
0 89
343 360
326 333
327 333
0 526
120 122
0 412
187 196
3 874
237 247
891 896
299 338
286 338
1 142
1777 1779
1675 1779
1738 1779
1697 1779
1200 1238
869 876
1824 1853
1838 1853
1736 1853
47 592
549 564
159 173
1454 1539
140 158
794 812
582 584
0 328
260 262
4 816
95 99
0 796
360 404
137 146
343 345
5 464
224 228
260 274
810 919
499 502
1096 1110
109 122
437 446
487 518
133 141
0 585
560 561
2665 2808
1279 1357
178 1416
0 204
97 100
17 563
0 564
464 473
4 1110
0 339
163 327
0 308
264 295
0 587
691 777
556 558
147 149
193 209
244 279
897 962
13 3095
34 3095
40 3095
33 1617
23 1617
1 1617
127 1617
313 318
323 327
1666 1767
1712 1767
1752 1767
1718 1767
238 240
1015 1071
466 522
1423 1618
453 465
434 465
442 465
