9 384
371 375
14 392
1 576
0 576
35 776
33 776
11 511
13 2287
11 2287
4 745
3 745
14 914
6 338
4 448
0 691
1 691
2 183
71 914
18 1155
1144 1155
94 1155
11 1155
10 1155
1366 1370
25 1623
76 7389
51 7389
68 7389
0 7389
4 7389
11 7389
10 7389
58 7389
168 7389
65 7389
178 7389
86 2339
7 615
26 1288
173 176
12 1265
10 1265
16 1265
146 150
3 79
0 1983
2 1983
4 1983
5 1983
6 269
393 397
1 1208
0 1208
4 1208
1471 1474
239 240
4 448
21 558
1 1113
0 1113
3 79
304 305
399 400
8 388
14 590
109 1483
3 152
3 152
795 796
22 1536
8 805
12 276
317 328
21 1267
12 1267
4 1267
6 1267
20 1267
13 522
192 198
1 1013
0 1013
2 152
14 1303
1 1008
0 1008
3 327
10 562
12 737
12 737
3 264
4 175
0 44
0 89
5 1913
0 1913
1530 1539
972 973
852 855
6 301
2 7645
281 7645
298 7645
11 7645
6 7645
130 7645
244 7645
204 7645
207 7645
8 7645
29 7645
111 7645
1 7645
125 7645
36 7645
127 7645
56 7645
20 7645
34 7645
180 7645
749 9306
0 9306
106 9306
230 9306
249 9306
296 9306
395 9306
305 9306
100 9306
793 9306
432 9306
289 9306
141 9306
382 9306
307 9306
224 9306
62 9306
18 9306
59 3760
116 3760
101 3760
127 3760
84 3760
58 3760
34 3760
102 3760
685 689
275 295
5 1454
0 1454
1 1454
2 1454
625 626
202 203
404 405
11 794
7 794
843 844
56 657
1107 1110
4 150
3 1071
1 812
1 812
0 422
84 896
394 395
32 2339
1 135
10 324
5 721
3 79
203 204
8 811
9 368
13 380
13 380
2 384
7 152
4 98
8 68
4 446
10 777
12 777
15 884
19 884
20 1514
862 876
3 348
0 169
1 663
7 663
16 303
11 240
439 441
1472 1474
4 733
7 1077
3 404
3 973
137 138
18 1618
6 567
20 876
163 176
20 2150
22 2150
19 876
9 311
5 1597
0 1597
9 1597
10 1597
17 618
4 98
182 184
37 776
33 776
496 497
5 57
16 392
11 670
0 670
16 392
11 511
6 247
4 876
3 344
13 965
1531 1539
6 509
213 215
174 176
6 215
209 215
1385 1386
276 283
28 764
464 465
788 792
45 10782
2 10782
101 10782
1 10782
8 10782
201 10782
37 10782
15 10782
4 10782
6 10782
30 10782
241 10782
176 10782
109 10782
62 10782
31 10782
149 10782
7 10782
50 10782
74 10782
0 10782
41 10782
122 10782
110 10782
30 10782
10 10782
4 224
17 767
10 144
34 540
0 2510
2 2510
36 269
5 269
2 1269
1 1269
5 919
8 782
4 448
0 931
1 931
3 247
5 89
23 2038
0 2038
1 2038
3 446
28 737
0 1898
3 1898
27 584
1348 1360
2 2257
5 2257
1685 1695
58 2339
1067 1072
4 746
8 746
0 2150
4 2150
37 3410
1 3410
22 3410
7 746
0 2150
7 2150
762 764
8 746
7 456
62 590
14 2449
17 2449
185 191
11 777
4 266
36 1027
5 976
38 976
15 3000
54 3000
18 3000
86 3000
23 3000
44 3000
6 202
3 456
752 777
5 381
10 295
185 186
440 441
1 94
8 68
8 287
239 240
19 142
239 240
7 655
10 1197
4 2831
3 2831
1 2831
2 2831
6 1331
85 4210
57 4210
112 4210
68 4210
1 4210
75 4210
153 4210
45 4210
99 4210
36 4210
94 4210
4 20
4 209
0 677
1 677
0 1547
1 1547
16 888
12 888
342 344
400 413
2 1012
0 1012
3 1012
8 269
12 467
499 504
10 1110
9 585
7 2128
6 2128
2 2128
13 960
1415 1483
1531 1536
1534 1536
1106 1110
0 1069
1 1069
4 1069
1013 1014
767 811
10 1110
20 423
1 93
10 183
4 384
6 724
7 2375
3 2375
9 2375
177 178
769 788
2 788
761 788
8 788
777 788
0 788
1 788
772 788
6 788
0 203
218 226
3 4949
18 4949
1 4949
32 4949
54 4949
35 4949
38 4949
119 120
53 2150
4 2150
7 2150
651 653
688 689
13 2955
0 2955
11 2955
1 2955
27 2955
6 2955
9 2955
14 1695
434 439
434 439
223 225
7 2163
5 2163
182 13875
0 13875
56 13875
3 13875
5 13875
34 13875
7 13875
11 13875
160 13875
18 13875
1942 13875
164 13875
64 13875
57 13875
36 2339
219 222
148 150
8 1164
7 1164
11 1164
0 2347
1 2347
2 2347
3 2347
631 633
9 384
17 3126
4 3126
8 3126
6 3126
0 3126
12 3126
9 3126
2 1078
1 1078
3 1078
3 267
15 1926
521 526
810 812
846 858
8 5657
9 5657
38 5657
12 5657
6 5657
5 5657
39 5657
5654 5657
42 1042
422 423
5 218
18 172
39 1307
108 1021
16 384
399 400
239 240
6 247
168 176
5 247
8 124
17 618
5 247
0 1708
3 1708
1 1708
2 1708
2 762
0 762
2 152
365 371
5 264
11 442
23 442
9 389
68 5642
8 5642
13 5642
139 5642
53 5642
60 5642
44 5642
411 416
11 223
5 86
28 543
16 1403
16 1403
673 679
22 2517
1 87
676 689
10 336
3 89
6 153
22 1403
36 1963
21 1963
1 2002
0 2002
2001 2002
146 147
146 147
17 163
263 264
6 1539
6 264
14 590
0 181
232 241
4 465
53 764
75 764
759 764
9 295
5 1652
3 1652
1966 1967
5 86
4 1110
2 1183
1 1183
0 1183
5 876
7 389
0 1124
2 1124
11 1014
0 961
7 961
2 961
7 526
2 359
35 1130
6 257
1384 1386
18 842
1038 1042
2 257
18 2403
47 2403
17 2403
104 106
374 375
20 617
36 270
269 270
339 340
9 327
15 380
13 518
5 587
2 587
8 384
415 424
23 264
20 699
7 1317
9 1317
0 1317
6 120
8 594
3 538
0 603
22 1130
3 344
238 240
9 1241
121 122
27 855
0 1898
1 1898
0 1898
1 1898
16 384
1 17
911 914
8 777
159 163
19 4713
24 4713
25 4713
375 4713
23 4713
10 4713
0 44
5 2150
11 2150
2 2150
3 2150
9 402
20 266
1 781
3 781
0 781
4 781
662 664
685 689
13 874
12 796
795 796
75 1464
53 1464
42 1464
546 548
380 382
19 233
2 663
37 257
486 506
7 1012
4 257
6 626
1 371
33 782
28 3816
23 3816
3 3816
1 3816
5 3816
18 3816
6 3816
339 340
8 1347
2 1347
1 149
543 554
4 364
5 364
290 295
52 435
22 695
0 1247
1 1247
7 423
25 914
5 265
0 631
6 631
6 186
501 518
160 171
506 511
39 431
1 2308
0 2308
9 2303
7 2303
3 145
1 145
7 145
12 467
517 518
404 405
312 318
9 423
10 324
388 389
4 8726
95 8726
41 8726
82 8726
151 8726
81 8726
299 8726
62 8726
121 8726
117 8726
0 8726
46 8726
18 8726
419 422
20 108
20 456
0 1036
1 1036
387 391
3 344
671 679
3 154
31 397
13 3066
12 3066
39 3066
0 1214
1 1214
46 1595
78 1595
763 764
2 457
3 368
1 376
4 209
208 209
1 1191
0 1191
17 592
377 378
136 141
10 389
12 446
261 264
8 526
9 1110
1334 12734
14 12734
13 12734
247 12734
71 12734
110 12734
1155 12734
25 12734
1 12734
233 12734
48 12734
48 12734
26 12734
21 12734
57 12734
312 12734
152 12734
67 12734
202 203
3 89
4 653
18 295
1 841
4 441
7 384
875 876
39 1264
1237 1264
1229 1264
6 404
11 1483
12 1110
14 590
17 590
3 264
0 107
11 1386
147 148
4 89
816 842
460 461
0 669
1 669
12 737
18 699
7 423
11 737
0 107
106 107
34 148
1 473
28 2629
39 2629
8 2629
9 2629
9 384
2 1589
1 1589
0 1589
4 113
0 2696
2 2696
8 2696
769 774
34 664
966 987
9 987
17 987
7 4344
6 4344
2 4344
41 4344
0 4344
1 4344
4 4344
8 222
611 626
16 1376
1 1376
14 1376
3 1376
21 558
5 680
4 680
4 234
4 177
19 177
382 384
12 441
36 441
3 376
1 1511
6 1511
6 522
7 522
0 169
12 737
34 664
478 479
20 2238
34 2238
28 2238
18 2238
1056 1074
11 737
39 762
2477 2517
19 788
34 2300
27 2300
760 762
17 618
2 183
31 270
11 558
251 252
34 295
21 1913
22 1913
29 656
5 656
7 656
239 240
2 423
56 764
372 373
4 446
3 357
7 423
0 632
14 590
11 562
8 456
0 9
293 587
560 562
11 1014
56 774
7 404
556 567
7 1407
8 594
0 690
1 690
7 250
126 127
294 295
1 2725
2 2725
3 2725
0 2725
4 2725
1 442
0 442
37 518
2 508
1 269
2 269
0 38
1 6094
3 6094
0 6094
2 6094
5 6094
1363 1370
12 2737
11 2737
18 1409
516 526
26 465
332 339
0 960
1 960
380 382
3 295
5 404
5 431
5 1536
7 615
1 844
0 308
9 504
8 560
0 730
1 730
3 764
2 1701
11 240
8 283
595 596
16 392
6 2339
4 2339
2 303
1 461
542 563
11 438
2 122
1 980
0 980
838 845
28 665
8 378
342 352
8 889
5 889
3 189
1 431
749 751
0 526
18 1955
2 1955
12 1955
13 1955
1 1955
15 1955
13 9453
27 9453
8 9453
5 9453
14 9453
37 9453
0 9453
4 9453
2 9453
11 9453
7 9453
12 9453
3 9453
6 9453
16 9453
0 3604
3 3604
4 3604
1801 3604
1 3604
20 2982
12 2982
26 2982
17 2982
3 2982
9 1152
495 499
0 181
1 181
12 249
11 613
393 395
565 575
4 122
1 1114
3 1114
15 283
141 283
1 241
3 55
647 655
0 1887
1 1887
2 1887
237 7512
143 7512
218 7512
118 7512
68 7512
139 7512
252 7512
342 7512
263 7512
303 7512
156 7512
264 7512
82 7512
300 7512
7505 7512
315 328
9 623
5 106
3 82
8 305
195 196
147 151
18 439
19 328
52 2031
5 4370
8 4370
7 4370
3 4370
0 4370
4 4370
6 4370
2 4370
5 340
1 360
3 269
1 413
877 887
0 187
1 187
4 534
5 1539
40 726
16 257
199 202
0 764
1 764
9 473
1 729
3 729
2 729
15 174
3 593
4 326
6 282
4 59
5 2849
24 2849
27 2849
11 2849
7 225
12 435
33 435
3 522
4 146
27 479
6 399
3 587
7 562
775 788
3 788
780 788
782 788
781 788
0 788
1 788
783 788
776 788
4 473
2 473
1 1528
0 1528
151 1904
74 1904
9 733
211 219
40 2417
47 2417
23 594
24 594
18 594
1 620
0 620
2 476
4 476
5 405
10 1695
1 91
3 91
2 1223
1 1223
11 1223
478 479
323 328
2 1879
0 1879
52 4834
35 4834
19 4834
33 4834
36 4834
37 4834
1 145
729 739
9 336
8 361
7 177
403 413
736 759
190 191
189 191
18 240
8 233
4 177
0 176
5 318
0 807
1 807
7 761
2 446
0 931
1 931
24 1074
25 812
13 287
11 764
64 1043
7 857
2 922
1 558
3 558
20 279
20 173
128 130
2 617
3 617
1 1707
0 1707
5 4275
4 4275
0 4275
7 4275
8 4275
0 1149
2 1149
3 1149
2 2971
4 2971
9 336
3 318
1025 1026
0 92
2 92
3 311
151 161
773 774
13 127
378 379
17 400
427 428
3 381
561 562
6 497
392 393
2 279
322 323
12 395
13 223
8 362
12 509
11 2434
19 716
7 388
228 233
3 484
483 484
483 484
19 1075
33 1075
1055 1075
1071 1075
5 118
1 114
53 844
786 844
0 306
2 1742
0 1742
1 1742
29 441
652 655
63 764
45 509
3729 3737
0 3737
2 3737
1 3737
9 562
1090 2181
2 338
3 40
1 379
404 405
5 474
2 98
1140 1143
6 368
20 699
0 343
14 126
5 1644
8 1644
0 767
1 767
55 767
5 20
290 310
3 354
4 61
11 297
49 727
20 395
72 1618
227 233
4 381
23 473
16 217
3 152
37 768
4 171
2 567
1 301
0 461
56 788
2 788
769 788
53 788
778 788
0 788
1 788
774 788
35 788
393 405
652 653
4 139
2 324
75 973
45 1386
632 633
46 664
1602 1618
19 395
4 295
7 344
229 230
1109 2219
1 385
21 527
17 1926
16 1926
48 548
0 919
696 699
467 472
320 327
0 821
3 821
4 821
4 526
5 567
3 1012
1 1012
0 1012
9 562
46 739
1 266
223 227
0 241
28 635
5 391
4 177
4 407
430 435
41 535
24 527
1 371
1 371
2 240
55 57
292 297
6 262
32 361
1299 1312
83 84
283 287
14 509
584 585
583 592
17 812
55 2339
281 290
1 948
2 948
2 448
29 973
6 360
8 389
1630 1646
3 2101
0 2101
1 2101
2 2101
9 876
8 472
4 265
17 777
8 502
8 137
200 209
10 144
3 183
1 370
18 135
2 120
74 962
33 721
113 114
5 3218
15 1747
0 231
4 1110
0 153
5 290
5 397
9 325
40 319
376 382
10 5267
19 5267
7 5267
8 5267
15 5267
12 5267
14 5267
16 5267
3 5267
4 5267
6 5267
0 5267
9 5267
13 5267
1 1034
0 1034
1 2191
0 2191
11 247
10 247
44 1416
133 1027
2 319
3 1042
2 384
4 163
8 127
3 484
1 900
5 544
21 265
10 368
36 930
1 2416
0 2416
4 2416
38 919
406 407
5 382
3 247
4 233
1 1183
0 1183
2 1183
3 1185
5 382
4 340
0 3763
1 3763
176 177
471 477
140 141
23 242
0 295
1 295
13 395
14 615
4 308
4 1695
22 511
1 227
6 257
36 2339
7 395
2 359
7 761
253 257
2 176
9 336
191 195
362 365
239 240
226 230
7 196
10 338
19 1116
16 1116
8 1124
2 300
20 1623
887 906
0 57
2 188
4 1057
0 233
23 721
313 318
9 735
19 699
2 446
6 310
1 165
460 465
26 1130
38 679
2 392
6 348
0 1898
1 1898
7 472
18 950
32 950
13 950
189 191
7 1695
322 324
4 282
7 861
24 1695
18 360
43 960
371 388
2 1701
18 453
14 453
246 247
1 461
294 295
27 1042
527 549
13 319
14 1110
9 2517
0 866
1 866
135 141
4 387
2 48
1 1791
0 1791
8 511
3 275
5 286
0 423
2 191
18 950
498 509
2 861
4 364
5 364
40 378
3622 3651
4 364
5 364
20 298
676 679
22 654
176 177
45 605
8 392
7 392
27 569
0 43
410 414
268 272
7 327
4 2050
2 2050
1 2050
5 617
14 927
1 1268
0 1268
2 1268
21 1413
2 157
5 317
782 790
766 790
11 812
1074 1077
578 584
31 562
1349 1360
5 1695
15 405
4 587
126 127
2 1592
0 1592
1 1719
0 1719
2 1719
6 548
0 548
194 195
333 352
1 1043
2 2703
3 2703
1 2703
0 2703
1125 1165
13 395
5 1323
4 1323
2 1323
25 1323
8 1323
2 118
163 165
12 663
9 451
20 1536
5 1526
0 1526
4 1526
3 116
9 327
3 587
3 139
6 325
82 1288
2 116
12 240
2 217
355 712
11 1386
2338 2339
16 2517
4 381
9 284
174 183
6 295
13 2517
2113 2339
14 465
2 247
9 2517
4 55
5 281
1 247
1357 1360
13 461
70 3761
20 590
6 594
51 378
1538 1539
9 108
158 4338
160 1552
3 152
13 646
10 306
653 657
651 657
21 1042
25 421
1036 1042
5 222
1032 1034
264 270
5 1104
2 486
501 502
55 57
12 816
7 2365
14 1074
0 187
10 2236
6 2236
3 2236
0 2236
404 405
86 1110
7 497
221 222
119 120
4 151
5 1392
4 230
4 86
76 78
2319 2339
8 9
25 1021
317 318
3 308
33 279
758 762
86 88
6 721
12 1027
493 500
1 89
4 86
155 159
7 733
721 725
10 276
4 497
44 1130
452 456
1 654
773 777
52 53
0 340
78 475
2 142
59 694
40 41
7 90
587 588
14 588
52 588
15 214
65 67
9 588
6 327
0 342
8 588
191 193
3 161
6 90
8 588
40 41
11 322
13 718
2 142
12 567
19 588
3 113
4 120
24 588
14 567
33 588
587 588
16 483
587 588
201 218
587 588
9 282
9 282
19 588
12 218
41 327
0 24
5 274
2 274
9 214
2 142
5 90
11 90
2 228
10 567
3 229
12 567
341 343
3 228
6 327
3 43
14 386
32 694
8 228
15 475
24 588
20 475
30 946
15 475
4 567
3 457
7 327
15 483
12 343
3 116
25 475
7 228
5 342
22 327
552 560
16 229
98 99
8 588
7 43
7 43
0 168
12 141
7 483
0 16
27 588
1 386
9 334
5 588
6 588
7 588
4 588
7 90
32 588
6 271
13 588
17 386
4 67
34 560
13 342
453 454
587 588
23 588
5 211
22 694
36 694
8 228
16 327
13 588
18 752
4 53
227 229
28 588
2 41
8 374
324 334
23 588
26 475
4 110
224 229
1 58
27 588
2 142
14 153
13 334
4 116
117 118
13 588
13 386
5 327
138 142
15 228
10 156
11 588
10 588
8 327
13 343
10 153
19 475
11 588
8 99
10 588
9 588
23 574
19 694
4 90
20 694
1 56
19 560
8 342
10 322
14 752
13 588
33 327
4 193
9 454
3 342
66 67
18 327
24 588
5 229
2 342
3 67
114 2673
5 211
16 483
326 327
10 228
4 33
8 962
5 1539
12 125
0 120
75 80
3 816
6 554
3 176
17 406
0 66
25 473
6 977
3 844
1 290
473 502
87 88
2 275
143 147
5 515
3 1205
15 1403
10 1695
5 605
6 605
2 1347
4 1347
69 1516
3 295
7 473
6 59
55 1021
11 788
227 228
17 1110
3 88
4 768
7 476
336 337
334 340
1665 1695
126 127
1 308
7 378
6 241
3 452
4 284
1 1900
0 1900
1 3101
0 3101
1 6
208 218
26 664
0 158
0 423
11 951
19 951
4 623
2 399
23 1577
255 278
2 214
5 2150
3 2150
1 145
0 404
1 1074
12 336
5 362
4 594
1 216
435 439
12 527
1382 1386
5 639
37 762
4 625
5 625
0 725
11 395
2 1036
27 1042
22 393
1529 1539
3 368
1523 1539
9 117
7 632
35 1042
1 518
6 567
12 452
3 1071
343 347
3 303
0 120
269 270
20 2237
55 2237
9 2237
0 2237
21 2237
1 233
195 1552
0 409
0 1230
2 1230
851 853
1 400
0 126
444 446
30 857
3 973
0 274
1 274
0 3390
35 3390
1 3390
5 3390
1 584
77 890
625 626
16 216
0 1346
5 247
12 287
10 79
2 196
189 191
160 7353
121 7353
17 7353
430 7353
38 7353
40 7353
201 7353
72 7353
113 7353
632 7353
62 7353
171 7353
101 7353
203 7353
42 7353
14 7353
16 141
0 2466
3 2466
1 2466
2 2466
1410 1456
65 10604
33 10604
102 10604
6 10604
2 10604
105 10604
26 10604
31 10604
54 10604
69 10604
0 10604
66 10604
49 10604
8 10604
89 10604
30 10604
3 1655
5 1655
1 407
1 1162
3 1162
0 1162
2 1162
478 479
6 623
1 87
48 564
7 391
3 295
2 590
1 508
47 1695
1 47
777 788
3 788
782 788
776 788
775 788
0 788
1 788
774 788
778 788
228 230
4 739
433 436
16 1695
1 247
622 626
566 567
114 115
1 48
10 344
11 684
79 764
4 582
110 1072
1 1862
0 1862
9 369
20 876
4 625
226 233
0 937
1 937
4 937
4 230
2 421
270 272
5 218
808 812
32 826
7 919
4 887
3 1072
29 2339
5 958
3 958
28 1623
140 141
790 792
31 811
0 2330
1 2330
6 247
23 974
9 120
0 182
3 423
3 1967
2 30
9 384
2 549
1151 1153
1 497
9 188
44 498
1 157
0 157
2337 2339
9 950
56 57
0 135
12 473
1 962
4 448
1 163
11 414
2 1161
0 1161
1 1161
1 117
4 96
15 1403
2 1346
1 139
1076 1110
472 473
48 318
4 318
3 700
1 162
5 1967
1503 1539
10 1539
105 106
0 5662
1 5662
4 5662
3 5662
2 5662
1503 1536
28 1536
46 625
11 2565
8 2565
10 2565
6 2565
9 2565
7 2565
1746 1747
383 384
3 183
2 1249
10 1249
1 87
23 812
745 746
8 2128
1 2128
2 2128
472 473
1 67
123 124
170 178
8 764
0 379
16 2396
5 2396
6 2396
11 890
22 890
10 890
7 38
2 2407
1 2407
4 2407
6 2407
726 735
1 581
0 581
0 385
1 385
9 615
1 139
24 641
4 448
1 1064
4 1064
9 2225
8 89
0 941
1 89
6 1419
437 452
3 80
543 554
1 89
16 1294
15 1294
4 381
28 1948
70 1948
66 1948
65 1948
3 962
7 448
1 352
136 137
4 594
1 1708
0 1708
286 287
0 25
812 816
624 626
1 90
17 2339
2 1536
229 233
56 69
6 319
9 796
445 446
5 527
4 142
1 369
2 153
589 590
5 385
403 413
2 446
0 2395
1 2395
389 404
295 592
17 2163
15 2163
18 2163
3 55
13 191
2 2423
0 2423
6 2423
336 344
4 196
451 452
44 1403
0 1205
2 1205
10 1014
3 294
4 448
85 86
11 395
843 844
17 844
3 303
1358 1360
1 812
106 107
0 562
13 479
9 467
48 1733
27 1733
25 1733
79 80
665 739
10 446
240 247
6 389
1 733
7 215
4 295
24 431
3 175
129 130
186 187
2 135
4 284
365 371
325 330
2 1724
0 1724
1 1724
4 549
7 919
1101 1139
0 896
1 896
1 437
0 103
259 264
6 261
3 264
6 648
44 1577
1 1501
3 1501
2 1501
13 617
35 1618
2 285
8 504
114 115
1 48
246 247
21 737
0 223
5 509
303 311
564 594
472 477
2 345
2 733
7 789
6 789
15 605
72 1747
346 347
9 1511
8 1511
5 362
146 147
293 307
138 139
137 139
5 382
25 1766
20 788
2 788
6 788
5 788
11 788
0 788
1 788
14 788
4 788
4 694
0 694
6 307
170 174
6 371
1053 1077
536 537
3 178
101 103
6 290
7 3159
6 3159
4 3159
1286 1331
24 50
3 716
1 508
17 1909
27 1909
13 1909
1615 1618
1588 1618
7 384
8 384
0 102
3 94
9 585
436 474
28 535
1 261
294 295
0 169
7 148
10 183
869 876
2 733
13 1787
10 1787
12 1787
28 617
0 1553
1 1553
9 504
1 343
0 632
7 127
503 504
8 1083
60 65
1132 1144
175 178
7 172
10 240
427 431
918 919
496 498
5 1618
27 1475
22 368
3 26
4 1965
7 1965
1 1965
3 1965
0 1965
5 1965
123 125
3 175
4 55
373 379
0 229
0 229
3 230
9 1042
342 344
322 323
30 746
22 876
475 479
404 406
4 504
5 171
24 575
743 764
5 1913
1 1913
4 1057
8 269
1 173
2 344
5 772
23 242
14 1695
1686 1695
23 382
29 764
3 175
92 94
8 811
5 394
3 1287
0 176
12 139
0 310
1 360
227 230
8 811
6 381
0 1129
9 1129
1 1129
5 638
1070 1071
35 1410
20 1410
17 1410
7 811
5 497
1 37
2 285
292 305
3 256
1 360
232 233
603 623
2 1061
257 260
5 452
33 563
589 592
5 144
326 327
1 617
336 337
361 362
5888 5976
42 5976
72 5976
91 5976
100 5976
92 5976
116 5976
43 5976
38 5976
1073 1075
362 379
46 661
1 162
12 2517
28 431
6 100
4 1386
15 850
6 511
404 405
1 1102
0 1102
1 370
188 196
1 361
833 841
697 698
0 124
0 290
8 218
437 439
216 229
4 349
3 89
1 360
330 333
328 333
8 526
121 122
2 412
4 196
13 874
0 247
22 896
0 338
1 338
4 142
1778 1779
100 1779
1747 1779
1720 1779
111 1238
16 876
6 1853
1 1853
0 1853
582 592
559 564
1 173
1494 1539
1 158
810 812
574 584
2 328
9 262
7 816
96 99
1 796
17 404
144 146
344 345
5 464
227 228
267 274
459 919
11 502
1101 1110
3 122
5 446
20 518
0 141
12 585
558 561
2804 2808
1356 1357
116 1416
0 204
7 100
50 563
0 564
5 473
43 1110
9 339
163 327
4 308
284 295
1 587
10 777
22 558
148 149
205 209
5 279
945 962
0 3095
1 3095
5 3095
3 1617
2 1617
0 1617
1 1617
317 318
326 327
1 1767
5 1767
12 1767
0 1767
239 240
4 1071
13 522
4 1618
1 465
0 465
459 465
