9 384
12 375
15 392
1 576
0 576
37 776
35 776
11 511
12 2287
13 2287
4 745
3 745
13 914
5 338
4 448
0 691
1 691
2 183
45 914
18 1155
1149 1155
95 1155
11 1155
10 1155
1365 1370
33 1623
75 7389
17 7389
70 7389
0 7389
3 7389
6 7389
12 7389
65 7389
169 7389
63 7389
178 7389
75 2339
7 615
27 1288
173 176
12 1265
10 1265
16 1265
148 150
3 79
0 1983
2 1983
3 1983
5 1983
6 269
392 397
1 1208
0 1208
2 1208
1461 1474
239 240
4 448
21 558
1 1113
0 1113
3 79
303 305
399 400
8 388
14 590
26 1483
3 152
3 152
795 796
20 1536
8 805
12 276
15 328
16 1267
12 1267
4 1267
6 1267
14 1267
13 522
14 198
1 1013
0 1013
2 152
14 1303
1 1008
0 1008
4 327
10 562
12 737
12 737
3 264
4 175
0 44
0 89
4 1913
0 1913
1534 1539
972 973
853 855
6 301
6 7645
283 7645
246 7645
10 7645
13 7645
109 7645
202 7645
171 7645
172 7645
20 7645
51 7645
78 7645
7 7645
126 7645
38 7645
140 7645
90 7645
14 7645
50 7645
145 7645
746 9306
0 9306
91 9306
205 9306
210 9306
298 9306
362 9306
281 9306
99 9306
790 9306
433 9306
255 9306
137 9306
388 9306
272 9306
203 9306
75 9306
6 9306
56 3760
119 3760
87 3760
110 3760
80 3760
18 3760
36 3760
93 3760
687 689
2 295
5 1454
0 1454
1 1454
3 1454
625 626
201 203
404 405
11 794
5 794
843 844
49 657
1108 1110
4 150
3 1071
1 812
1 812
0 422
27 896
392 395
32 2339
1 135
9 324
4 721
4 79
203 204
8 811
9 368
13 380
13 380
4 384
7 152
4 98
8 68
5 446
10 777
13 777
14 884
21 884
15 1514
865 876
5 348
0 169
1 663
7 663
16 303
11 240
439 441
1472 1474
5 733
7 1077
3 404
3 973
137 138
18 1618
4 567
17 876
167 176
20 2150
21 2150
17 876
9 311
5 1597
0 1597
9 1597
10 1597
17 618
4 98
183 184
37 776
36 776
496 497
5 57
16 392
8 670
0 670
16 392
11 511
6 247
4 876
3 344
13 965
1531 1539
3 509
214 215
173 176
6 215
209 215
1385 1386
279 283
18 764
464 465
789 792
47 10782
3 10782
54 10782
1 10782
7 10782
202 10782
33 10782
22 10782
4 10782
6 10782
39 10782
227 10782
147 10782
118 10782
59 10782
31 10782
157 10782
8 10782
52 10782
63 10782
0 10782
15 10782
142 10782
113 10782
39 10782
11 10782
4 224
17 767
10 144
42 540
0 2510
2 2510
35 269
5 269
2 1269
1 1269
5 919
7 782
4 448
0 931
1 931
4 247
5 89
23 2038
0 2038
1 2038
3 446
28 737
0 1898
2 1898
23 584
1354 1360
4 2257
2 2257
1690 1695
51 2339
1067 1072
4 746
5 746
0 2150
4 2150
37 3410
2 3410
17 3410
11 746
0 2150
10 2150
757 764
7 746
6 456
30 590
14 2449
17 2449
182 191
11 777
8 266
988 1027
5 976
33 976
17 3000
52 3000
19 3000
94 3000
27 3000
43 3000
7 202
3 456
763 777
5 381
2 295
185 186
440 441
1 94
9 68
6 287
11 240
70 142
239 240
8 655
10 1197
4 2831
3 2831
2 2831
1 2831
6 1331
62 4210
42 4210
99 4210
49 4210
4 4210
69 4210
145 4210
53 4210
65 4210
39 4210
98 4210
5 20
4 209
0 677
1 677
1 1547
0 1547
14 888
12 888
342 344
405 413
2 1012
0 1012
3 1012
9 269
12 467
501 504
6 1110
9 585
4 2128
6 2128
2 2128
13 960
228 1483
1533 1536
1534 1536
1107 1110
0 1069
1 1069
4 1069
1013 1014
780 811
10 1110
15 423
1 93
9 183
5 384
6 724
9 2375
0 2375
7 2375
177 178
45 788
2 788
10 788
5 788
53 788
0 788
1 788
50 788
4 788
0 203
7 226
3 4949
13 4949
0 4949
33 4949
55 4949
35 4949
38 4949
118 120
55 2150
3 2150
10 2150
651 653
688 689
12 2955
0 2955
11 2955
1 2955
25 2955
6 2955
10 2955
14 1695
434 439
434 439
220 225
7 2163
6 2163
183 13875
0 13875
60 13875
5 13875
8 13875
26 13875
6 13875
3 13875
161 13875
19 13875
1873 13875
163 13875
55 13875
37 13875
36 2339
15 222
148 150
8 1164
7 1164
11 1164
0 2347
2 2347
1 2347
3 2347
632 633
9 384
17 3126
6 3126
3 3126
7 3126
0 3126
12 3126
9 3126
2 1078
0 1078
3 1078
3 267
15 1926
512 526
811 812
849 858
10 5657
13 5657
37 5657
16 5657
5 5657
8 5657
38 5657
5652 5657
37 1042
26 423
5 218
15 172
33 1307
109 1021
16 384
399 400
239 240
8 247
166 176
5 247
9 124
19 618
5 247
0 1708
3 1708
1 1708
2 1708
2 762
0 762
2 152
364 371
5 264
11 442
19 442
9 389
75 5642
8 5642
13 5642
142 5642
55 5642
60 5642
44 5642
8 416
9 223
4 86
28 543
16 1403
16 1403
672 679
21 2517
1 87
46 689
9 336
3 89
3 153
27 1403
31 1963
20 1963
1 2002
0 2002
2001 2002
146 147
146 147
155 163
263 264
6 1539
7 264
16 590
0 181
234 241
3 465
51 764
68 764
763 764
9 295
5 1652
2 1652
1966 1967
5 86
4 1110
2 1183
1 1183
0 1183
3 876
7 389
0 1124
2 1124
11 1014
0 961
7 961
2 961
7 526
2 359
36 1130
6 257
1384 1386
30 842
111 1042
2 257
18 2403
47 2403
16 2403
104 106
374 375
13 617
264 270
269 270
339 340
8 327
15 380
11 518
4 587
1 587
8 384
420 424
15 264
20 699
7 1317
8 1317
0 1317
6 120
8 594
3 538
0 603
27 1130
3 344
11 240
8 1241
121 122
27 855
0 1898
1 1898
0 1898
1 1898
16 384
0 17
901 914
8 777
160 163
22 4713
24 4713
20 4713
393 4713
16 4713
14 4713
0 44
0 2150
10 2150
3 2150
4 2150
9 402
258 266
0 781
3 781
1 781
4 781
663 664
686 689
13 874
11 796
795 796
82 1464
53 1464
44 1464
543 548
380 382
18 233
2 663
254 257
3 506
11 1012
7 257
6 626
2 371
40 782
34 3816
21 3816
5 3816
3 3816
8 3816
12 3816
6 3816
339 340
6 1347
1 1347
2 149
28 554
4 364
5 364
21 295
46 435
22 695
0 1247
1 1247
7 423
21 914
5 265
0 631
6 631
5 186
86 518
165 171
21 511
31 431
1 2308
0 2308
9 2303
7 2303
3 145
1 145
7 145
12 467
517 518
404 405
40 318
9 423
10 324
386 389
5 8726
81 8726
46 8726
93 8726
151 8726
80 8726
295 8726
65 8726
115 8726
106 8726
0 8726
54 8726
28 8726
421 422
11 108
8 456
0 1036
1 1036
387 391
3 344
676 679
3 154
198 397
12 3066
13 3066
39 3066
0 1214
1 1214
47 1595
76 1595
763 764
2 457
3 368
1 376
4 209
208 209
1 1191
0 1191
19 592
377 378
138 141
8 389
9 446
261 264
8 526
9 1110
1304 12734
16 12734
12 12734
247 12734
77 12734
112 12734
1305 12734
38 12734
3 12734
235 12734
54 12734
54 12734
27 12734
19 12734
69 12734
312 12734
152 12734
75 12734
202 203
3 89
7 653
13 295
1 841
4 441
10 384
875 876
37 1264
1230 1264
40 1264
6 404
11 1483
13 1110
14 590
14 590
3 264
0 107
10 1386
147 148
4 89
24 842
460 461
0 669
1 669
12 737
20 699
7 423
12 737
0 107
14 107
143 148
3 473
28 2629
40 2629
9 2629
8 2629
9 384
2 1589
1 1589
0 1589
4 113
0 2696
1 2696
8 2696
769 774
34 664
963 987
6 987
11 987
8 4344
6 4344
0 4344
42 4344
2 4344
1 4344
4 4344
8 222
614 626
15 1376
1 1376
14 1376
4 1376
21 558
5 680
4 680
4 234
5 177
9 177
381 384
11 441
40 441
4 376
1 1511
6 1511
7 522
6 522
0 169
12 737
34 664
477 479
19 2238
32 2238
28 2238
18 2238
1052 1074
10 737
7 762
29 2517
18 788
33 2300
27 2300
761 762
18 618
2 183
269 270
12 558
251 252
26 295
21 1913
22 1913
29 656
5 656
7 656
239 240
1 423
53 764
372 373
6 446
3 357
7 423
0 632
14 590
10 562
9 456
0 9
293 587
559 562
14 1014
18 774
7 404
561 567
7 1407
7 594
0 690
1 690
11 250
126 127
294 295
1 2725
3 2725
4 2725
0 2725
2 2725
1 442
0 442
22 518
1 508
0 269
2 269
0 38
2 6094
3 6094
0 6094
1 6094
4 6094
1366 1370
12 2737
11 2737
13 1409
42 526
4 465
334 339
0 960
1 960
30 382
3 295
5 404
5 431
4 1536
7 615
1 844
0 308
10 504
8 560
0 730
1 730
3 764
2 1701
11 240
17 283
595 596
16 392
6 2339
4 2339
2 303
1 461
10 563
12 438
1 122
1 980
0 980
837 845
10 665
4 378
344 352
8 889
6 889
3 189
1 431
750 751
1 526
14 1955
3 1955
10 1955
13 1955
1 1955
17 1955
12 9453
28 9453
13 9453
3 9453
9 9453
39 9453
0 9453
4 9453
2 9453
11 9453
7 9453
10 9453
6 9453
8 9453
14 9453
0 3604
4 3604
5 3604
1801 3604
1 3604
15 2982
13 2982
23 2982
14 2982
1 2982
8 1152
497 499
0 181
1 181
13 249
8 613
394 395
567 575
3 122
1 1114
4 1114
19 283
141 283
1 241
3 55
648 655
0 1887
1 1887
2 1887
199 7512
130 7512
177 7512
93 7512
78 7512
132 7512
224 7512
345 7512
264 7512
305 7512
138 7512
230 7512
91 7512
301 7512
7507 7512
322 328
10 623
3 106
6 82
8 305
195 196
148 151
19 439
6 328
30 2031
4 4370
8 4370
6 4370
3 4370
0 4370
7 4370
5 4370
2 4370
10 340
1 360
3 269
1 413
881 887
0 187
1 187
3 534
5 1539
24 726
17 257
200 202
0 764
1 764
9 473
1 729
3 729
2 729
8 174
5 593
4 326
5 282
4 59
8 2849
24 2849
27 2849
10 2849
8 225
10 435
423 435
3 522
7 146
27 479
6 399
3 587
16 562
47 788
3 788
779 788
778 788
781 788
0 788
1 788
781 788
54 788
2 473
1 473
1 1528
0 1528
48 1904
30 1904
9 733
215 219
44 2417
54 2417
25 594
16 594
18 594
1 620
0 620
2 476
4 476
5 405
19 1695
1 91
2 91
2 1223
1 1223
12 1223
477 479
327 328
2 1879
0 1879
52 4834
37 4834
19 4834
32 4834
36 4834
38 4834
1 145
735 739
10 336
5 361
7 177
43 413
747 759
190 191
14 191
11 240
8 233
3 177
0 176
5 318
0 807
1 807
7 761
2 446
0 931
1 931
24 1074
16 812
12 287
12 764
36 1043
7 857
2 922
1 558
3 558
20 279
19 173
129 130
2 617
3 617
1 1707
0 1707
5 4275
4 4275
0 4275
10 4275
11 4275
0 1149
2 1149
3 1149
3 2971
4 2971
9 336
3 318
1025 1026
0 92
2 92
3 311
154 161
773 774
11 127
21 379
24 400
427 428
2 381
560 562
6 497
392 393
0 279
322 323
19 395
9 223
8 362
17 509
11 2434
13 716
10 388
231 233
3 484
483 484
482 484
20 1075
23 1075
1064 1075
1072 1075
5 118
1 114
59 844
803 844
0 306
2 1742
0 1742
1 1742
15 441
652 655
50 764
47 509
1868 3737
0 3737
2 3737
1 3737
15 562
1090 2181
2 338
3 40
1 379
404 405
5 474
2 98
1140 1143
11 368
20 699
0 343
12 126
6 1644
8 1644
0 767
1 767
57 767
9 20
302 310
3 354
3 61
11 297
47 727
14 395
1602 1618
232 233
5 381
25 473
14 217
3 152
62 768
2 171
2 567
1 301
0 461
782 788
2 788
781 788
779 788
785 788
0 788
1 788
783 788
776 788
391 405
652 653
6 139
2 324
80 973
37 1386
632 633
36 664
112 1618
19 395
4 295
5 344
229 230
1109 2219
1 385
19 527
16 1926
16 1926
12 548
0 919
687 699
459 472
29 327
2 821
3 821
4 821
4 526
4 567
3 1012
1 1012
0 1012
9 562
33 739
3 266
224 227
0 241
22 635
7 391
3 177
2 407
423 435
524 535
17 527
1 371
3 371
3 240
56 57
294 297
6 262
352 361
152 1312
83 84
29 287
16 509
584 585
589 592
17 812
58 2339
281 290
1 948
2 948
2 448
29 973
7 360
8 389
50 1646
3 2101
0 2101
1 2101
2 2101
9 876
10 472
4 265
15 777
9 502
6 137
204 209
10 144
3 183
1 370
18 135
2 120
71 962
34 721
113 114
5 3218
14 1747
0 231
4 1110
0 153
5 290
5 397
8 325
29 319
19 382
10 5267
18 5267
7 5267
8 5267
15 5267
11 5267
14 5267
16 5267
3 5267
5 5267
6 5267
0 5267
9 5267
13 5267
1 1034
0 1034
1 2191
0 2191
8 247
7 247
41 1416
121 1027
2 319
3 1042
1 384
4 163
8 127
3 484
1 900
5 544
15 265
10 368
37 930
1 2416
0 2416
4 2416
39 919
406 407
5 382
3 247
4 233
2 1183
1 1183
0 1183
3 1185
5 382
4 340
0 3763
1 3763
176 177
476 477
140 141
23 242
0 295
1 295
13 395
14 615
6 308
4 1695
26 511
1 227
7 257
35 2339
7 395
2 359
7 761
244 257
3 176
9 336
193 195
361 365
239 240
227 230
10 196
16 338
19 1116
17 1116
8 1124
2 300
19 1623
892 906
0 57
2 188
4 1057
0 233
43 721
315 318
9 735
18 699
3 446
6 310
1 165
460 465
8 1130
66 679
2 392
9 348
0 1898
1 1898
6 472
14 950
28 950
8 950
11 191
6 1695
320 324
3 282
6 861
16 1695
19 360
3 960
377 388
2 1701
17 453
12 453
246 247
1 461
294 295
24 1042
18 549
12 319
20 1110
9 2517
0 866
1 866
8 141
2 387
3 48
1 1791
0 1791
8 511
4 275
4 286
0 423
2 191
31 950
14 509
2 861
4 364
5 364
376 378
3617 3651
4 364
5 364
2 298
667 679
23 654
176 177
10 605
7 392
7 392
49 569
0 43
407 414
268 272
6 327
4 2050
2 2050
1 2050
2 617
14 927
1 1268
0 1268
2 1268
29 1413
3 157
7 317
786 790
776 790
14 812
55 1077
579 584
29 562
1328 1360
5 1695
12 405
4 587
126 127
1 1592
0 1592
1 1719
0 1719
2 1719
6 548
0 548
194 195
338 352
1 1043
3 2703
2 2703
1 2703
0 2703
38 1165
15 395
5 1323
4 1323
2 1323
25 1323
8 1323
2 118
163 165
11 663
7 451
20 1536
3 1526
0 1526
4 1526
1 116
10 327
3 587
3 139
6 325
11 1288
2 116
8 240
2 217
355 712
11 1386
2338 2339
12 2517
5 381
15 284
176 183
5 295
12 2517
2181 2339
10 465
2 247
9 2517
4 55
5 281
0 247
1357 1360
7 461
68 3761
18 590
6 594
21 378
1538 1539
10 108
201 4338
136 1552
2 152
9 646
10 306
639 657
647 657
20 1042
23 421
1032 1042
6 222
1031 1034
257 270
5 1104
2 486
501 502
55 57
20 816
20 2365
11 1074
0 187
10 2236
5 2236
2 2236
0 2236
403 405
12 1110
6 497
221 222
119 120
4 151
5 1392
4 230
4 86
76 78
268 2339
8 9
26 1021
317 318
4 308
29 279
738 762
8 88
6 721
8 1027
494 500
1 89
2 86
157 159
8 733
716 725
10 276
4 497
27 1130
451 456
1 654
776 777
52 53
0 340
64 475
2 142
17 694
40 41
7 90
587 588
14 588
24 588
6 214
4 67
7 588
6 327
1 342
8 588
8 193
3 161
5 90
7 588
40 41
10 322
13 718
2 142
14 567
19 588
3 113
5 120
24 588
12 567
34 588
587 588
17 483
587 588
9 218
586 588
9 282
9 282
16 588
12 218
9 327
1 24
5 274
3 274
9 214
2 142
5 90
44 90
2 228
5 567
3 229
15 567
13 343
3 228
6 327
3 43
14 386
32 694
12 228
15 475
24 588
19 475
27 946
15 475
3 567
3 457
7 327
15 483
11 343
7 116
25 475
7 228
5 342
23 327
555 560
15 229
98 99
8 588
7 43
7 43
1 168
12 141
4 483
0 16
28 588
1 386
9 334
5 588
6 588
5 588
3 588
7 90
28 588
7 271
13 588
17 386
4 67
49 560
13 342
453 454
586 588
21 588
5 211
22 694
45 694
6 228
13 327
13 588
20 752
4 53
226 229
28 588
2 41
9 374
22 334
29 588
27 475
3 110
3 229
1 58
27 588
2 142
8 153
13 334
5 116
5 118
13 588
13 386
4 327
9 142
20 228
8 156
11 588
10 588
8 327
13 343
9 153
19 475
12 588
8 99
10 588
10 588
24 574
5 694
4 90
19 694
2 56
31 560
9 342
10 322
14 752
13 588
33 327
4 193
9 454
3 342
65 67
18 327
24 588
5 229
2 342
3 67
119 2673
5 211
17 483
326 327
10 228
4 33
8 962
5 1539
12 125
0 120
78 80
3 816
6 554
3 176
17 406
0 66
4 473
6 977
4 844
1 290
478 502
87 88
2 275
143 147
6 515
3 1205
15 1403
10 1695
5 605
6 605
3 1347
2 1347
42 1516
3 295
5 473
6 59
20 1021
14 788
113 228
15 1110
3 88
4 768
7 476
336 337
339 340
1662 1695
126 127
1 308
7 378
6 241
4 452
4 284
1 1900
0 1900
1 3101
0 3101
0 6
5 218
32 664
1 158
0 423
10 951
14 951
4 623
2 399
18 1577
264 278
2 214
6 2150
1 2150
1 145
0 404
1 1074
12 336
5 362
4 594
1 216
438 439
5 527
1384 1386
5 639
36 762
4 625
5 625
0 725
11 395
2 1036
25 1042
12 393
1533 1539
3 368
1495 1539
8 117
7 632
36 1042
1 518
3 567
7 452
3 1071
342 347
3 303
0 120
269 270
20 2237
55 2237
8 2237
0 2237
21 2237
1 233
218 1552
0 409
0 1230
2 1230
851 853
1 400
0 126
441 446
24 857
3 973
0 274
1 274
0 3390
35 3390
1 3390
5 3390
1 584
886 890
620 626
15 216
0 1346
5 247
10 287
9 79
2 196
184 191
158 7353
106 7353
21 7353
438 7353
41 7353
48 7353
201 7353
55 7353
93 7353
806 7353
53 7353
175 7353
88 7353
208 7353
35 7353
18 7353
9 141
0 2466
3 2466
2 2466
1 2466
1417 1456
60 10604
28 10604
87 10604
8 10604
1 10604
109 10604
26 10604
46 10604
66 10604
74 10604
0 10604
61 10604
44 10604
11 10604
100 10604
43 10604
5 1655
4 1655
1 407
1 1162
3 1162
0 1162
2 1162
478 479
8 623
1 87
550 564
6 391
3 295
2 590
1 508
115 1695
1 47
783 788
3 788
782 788
778 788
781 788
0 788
1 788
780 788
779 788
228 230
4 739
31 436
18 1695
1 247
622 626
566 567
114 115
2 48
10 344
15 684
90 764
3 582
119 1072
1 1862
0 1862
9 369
17 876
4 625
226 233
0 937
1 937
4 937
4 230
2 421
270 272
7 218
804 812
33 826
7 919
3 887
3 1072
37 2339
5 958
3 958
19 1623
140 141
790 792
41 811
0 2330
1 2330
6 247
20 974
8 120
0 182
2 423
3 1967
2 30
9 384
4 549
1150 1153
0 497
12 188
24 498
2 157
0 157
2338 2339
9 950
56 57
0 135
12 473
1 962
4 448
1 163
6 414
2 1161
0 1161
1 1161
1 117
2 96
16 1403
2 1346
1 139
1086 1110
472 473
40 318
4 318
3 700
1 162
6 1967
1509 1539
10 1539
0 106
0 5662
1 5662
3 5662
2 5662
4 5662
84 1536
32 1536
14 625
11 2565
7 2565
10 2565
6 2565
9 2565
8 2565
1746 1747
383 384
3 183
2 1249
9 1249
1 87
23 812
745 746
5 2128
2 2128
1 2128
472 473
1 67
123 124
170 178
8 764
0 379
14 2396
5 2396
6 2396
10 890
22 890
11 890
7 38
2 2407
1 2407
3 2407
6 2407
730 735
1 581
0 581
0 385
1 385
11 615
1 139
60 641
4 448
1 1064
4 1064
10 2225
6 89
0 941
1 89
6 1419
15 452
3 80
540 554
1 89
15 1294
16 1294
17 381
28 1948
64 1948
57 1948
63 1948
3 962
8 448
2 352
136 137
4 594
1 1708
0 1708
286 287
0 25
813 816
624 626
1 90
15 2339
2 1536
17 233
64 69
6 319
9 796
445 446
5 527
4 142
1 369
2 153
589 590
5 385
408 413
2 446
0 2395
1 2395
389 404
295 592
17 2163
15 2163
18 2163
4 55
14 191
2 2423
0 2423
6 2423
336 344
3 196
451 452
1358 1403
0 1205
2 1205
10 1014
3 294
4 448
84 86
11 395
843 844
17 844
3 303
1356 1360
1 812
106 107
0 562
10 479
9 467
42 1733
26 1733
25 1733
79 80
684 739
11 446
123 247
6 389
1 733
4 215
4 295
23 431
3 175
129 130
186 187
2 135
4 284
365 371
14 330
2 1724
0 1724
1 1724
3 549
7 919
1113 1139
0 896
1 896
0 437
1 103
260 264
6 261
3 264
6 648
22 1577
1 1501
3 1501
2 1501
17 617
36 1618
2 285
9 504
114 115
1 48
246 247
24 737
0 223
5 509
3 311
546 594
475 477
2 345
2 733
7 789
6 789
15 605
22 1747
346 347
9 1511
8 1511
5 362
146 147
39 307
137 139
138 139
5 382
26 1766
18 788
2 788
5 788
6 788
8 788
0 788
1 788
10 788
4 788
4 694
0 694
6 307
172 174
6 371
33 1077
536 537
3 178
101 103
6 290
6 3159
5 3159
4 3159
1311 1331
24 50
3 716
1 508
15 1909
27 1909
13 1909
1617 1618
1609 1618
8 384
9 384
0 102
8 94
9 585
20 474
27 535
1 261
294 295
0 169
7 148
6 183
872 876
2 733
13 1787
10 1787
12 1787
5 617
0 1553
1 1553
9 504
1 343
0 632
7 127
502 504
8 1083
2 65
94 1144
173 178
6 172
12 240
429 431
918 919
497 498
5 1618
28 1475
19 368
3 26
7 1965
6 1965
1 1965
3 1965
0 1965
4 1965
124 125
3 175
4 55
374 379
0 229
0 229
1 230
9 1042
343 344
322 323
6 746
20 876
475 479
402 406
4 504
5 171
28 575
30 764
6 1913
1 1913
4 1057
6 269
1 173
2 344
5 772
23 242
14 1695
1678 1695
6 382
19 764
3 175
4 94
8 811
5 394
3 1287
0 176
10 139
0 310
1 360
226 230
8 811
6 381
0 1129
9 1129
1 1129
4 638
1070 1071
36 1410
17 1410
15 1410
8 811
5 497
1 37
2 285
9 305
2 256
1 360
232 233
607 623
3 1061
258 260
5 452
560 563
589 592
8 144
325 327
1 617
336 337
361 362
5843 5976
50 5976
70 5976
92 5976
102 5976
81 5976
115 5976
46 5976
34 5976
1074 1075
366 379
654 661
1 162
13 2517
26 431
6 100
4 1386
10 850
5 511
403 405
1 1102
0 1102
1 370
187 196
1 361
23 841
697 698
0 124
0 290
6 218
437 439
216 229
4 349
3 89
1 360
328 333
331 333
8 526
121 122
2 412
3 196
13 874
0 247
8 896
0 338
1 338
3 142
1778 1779
127 1779
1762 1779
1730 1779
47 1238
16 876
6 1853
1 1853
0 1853
589 592
560 564
1 173
1509 1539
1 158
793 812
6 584
2 328
15 262
7 816
94 99
3 796
17 404
5 146
344 345
6 464
225 228
270 274
459 919
11 502
4 1110
2 122
6 446
31 518
0 141
12 585
57 561
2805 2808
1356 1357
129 1416
0 204
6 100
281 563
0 564
5 473
53 1110
9 339
163 327
4 308
286 295
1 587
10 777
21 558
148 149
204 209
5 279
951 962
0 3095
1 3095
5 3095
3 1617
2 1617
0 1617
1 1617
317 318
326 327
1 1767
4 1767
8 1767
2 1767
239 240
3 1071
13 522
4 1618
1 465
0 465
14 465
