9 384
16 375
13 392
1 576
0 576
36 776
34 776
11 511
12 2287
13 2287
4 745
3 745
14 914
6 338
4 448
0 691
1 691
2 183
903 914
18 1155
1144 1155
97 1155
11 1155
10 1155
1367 1370
21 1623
75 7389
33 7389
70 7389
0 7389
2 7389
7 7389
15 7389
59 7389
173 7389
66 7389
178 7389
88 2339
7 615
26 1288
171 176
12 1265
10 1265
16 1265
147 150
3 79
0 1983
2 1983
4 1983
5 1983
6 269
395 397
1 1208
0 1208
4 1208
1471 1474
239 240
4 448
21 558
1 1113
0 1113
2 79
304 305
399 400
8 388
14 590
106 1483
3 152
3 152
795 796
23 1536
8 805
12 276
13 328
21 1267
13 1267
4 1267
6 1267
20 1267
13 522
193 198
1 1013
0 1013
2 152
14 1303
1 1008
0 1008
3 327
10 562
12 737
12 737
3 264
4 175
0 44
0 89
4 1913
0 1913
1530 1539
972 973
853 855
6 301
1 7645
282 7645
280 7645
15 7645
11 7645
131 7645
232 7645
204 7645
205 7645
8 7645
29 7645
87 7645
3 7645
125 7645
38 7645
136 7645
56 7645
21 7645
34 7645
159 7645
751 9306
0 9306
105 9306
223 9306
239 9306
297 9306
386 9306
298 9306
106 9306
795 9306
432 9306
278 9306
145 9306
383 9306
294 9306
218 9306
75 9306
20 9306
59 3760
118 3760
94 3760
122 3760
79 3760
26 3760
37 3760
96 3760
686 689
1 295
5 1454
0 1454
1 1454
3 1454
625 626
202 203
404 405
11 794
7 794
843 844
54 657
1107 1110
4 150
3 1071
1 812
1 812
0 422
24 896
394 395
32 2339
1 135
10 324
4 721
3 79
203 204
8 811
9 368
13 380
13 380
3 384
7 152
4 98
8 68
4 446
10 777
13 777
15 884
20 884
20 1514
863 876
6 348
0 169
1 663
7 663
16 303
11 240
439 441
1472 1474
5 733
7 1077
3 404
3 973
137 138
18 1618
5 567
19 876
165 176
20 2150
21 2150
19 876
9 311
5 1597
0 1597
9 1597
10 1597
17 618
4 98
183 184
37 776
33 776
496 497
6 57
16 392
9 670
0 670
16 392
11 511
6 247
4 876
3 344
14 965
1530 1539
3 509
213 215
173 176
6 215
14 215
1385 1386
277 283
43 764
464 465
788 792
48 10782
3 10782
90 10782
1 10782
7 10782
201 10782
41 10782
20 10782
4 10782
5 10782
31 10782
230 10782
162 10782
106 10782
55 10782
32 10782
148 10782
8 10782
44 10782
81 10782
0 10782
33 10782
135 10782
105 10782
31 10782
9 10782
4 224
17 767
10 144
37 540
0 2510
2 2510
35 269
5 269
2 1269
1 1269
5 919
8 782
4 448
0 931
1 931
4 247
5 89
23 2038
0 2038
1 2038
3 446
28 737
0 1898
3 1898
22 584
1350 1360
3 2257
5 2257
1688 1695
56 2339
1069 1072
4 746
8 746
0 2150
4 2150
37 3410
1 3410
19 3410
8 746
0 2150
8 2150
762 764
8 746
6 456
74 590
14 2449
17 2449
182 191
11 777
8 266
54 1027
5 976
38 976
15 3000
53 3000
18 3000
89 3000
23 3000
44 3000
8 202
3 456
754 777
5 381
6 295
185 186
440 441
1 94
9 68
7 287
238 240
17 142
239 240
8 655
10 1197
4 2831
3 2831
2 2831
1 2831
6 1331
81 4210
53 4210
105 4210
66 4210
2 4210
74 4210
152 4210
49 4210
86 4210
35 4210
96 4210
6 20
4 209
0 677
1 677
0 1547
1 1547
15 888
11 888
341 344
404 413
2 1012
0 1012
3 1012
8 269
12 467
499 504
8 1110
9 585
5 2128
6 2128
2 2128
13 960
1429 1483
1532 1536
1534 1536
1107 1110
0 1069
1 1069
5 1069
1013 1014
772 811
11 1110
19 423
1 93
10 183
4 384
6 724
6 2375
0 2375
9 2375
176 178
772 788
2 788
43 788
9 788
781 788
0 788
1 788
778 788
7 788
0 203
216 226
3 4949
16 4949
1 4949
32 4949
54 4949
35 4949
38 4949
119 120
53 2150
4 2150
7 2150
651 653
688 689
13 2955
0 2955
11 2955
1 2955
27 2955
6 2955
10 2955
14 1695
434 439
434 439
222 225
7 2163
5 2163
183 13875
0 13875
58 13875
3 13875
4 13875
37 13875
7 13875
8 13875
161 13875
18 13875
1942 13875
164 13875
57 13875
53 13875
36 2339
219 222
148 150
8 1164
7 1164
11 1164
0 2347
1 2347
2 2347
3 2347
631 633
9 384
17 3126
5 3126
9 3126
4 3126
0 3126
13 3126
8 3126
2 1078
1 1078
3 1078
3 267
15 1926
521 526
810 812
847 858
8 5657
10 5657
38 5657
13 5657
7 5657
6 5657
39 5657
5654 5657
36 1042
25 423
5 218
14 172
38 1307
100 1021
16 384
399 400
239 240
6 247
172 176
5 247
9 124
18 618
5 247
0 1708
3 1708
1 1708
2 1708
2 762
0 762
2 152
365 371
5 264
13 442
21 442
9 389
70 5642
9 5642
12 5642
140 5642
53 5642
60 5642
44 5642
410 416
12 223
5 86
28 543
16 1403
16 1403
669 679
22 2517
1 87
669 689
10 336
3 89
5 153
20 1403
34 1963
21 1963
1 2002
0 2002
2001 2002
146 147
146 147
20 163
263 264
6 1539
7 264
14 590
0 181
234 241
3 465
53 764
73 764
761 764
9 295
5 1652
3 1652
1966 1967
5 86
4 1110
2 1183
1 1183
0 1183
4 876
7 389
0 1124
2 1124
12 1014
0 961
7 961
2 961
7 526
2 359
35 1130
6 257
1383 1386
24 842
1039 1042
2 257
18 2403
47 2403
17 2403
104 106
374 375
24 617
34 270
269 270
339 340
8 327
15 380
13 518
5 587
2 587
8 384
415 424
14 264
20 699
7 1317
9 1317
0 1317
6 120
8 594
3 538
0 603
25 1130
3 344
21 240
9 1241
121 122
27 855
0 1898
1 1898
0 1898
1 1898
16 384
1 17
905 914
7 777
158 163
19 4713
26 4713
20 4713
372 4713
23 4713
9 4713
0 44
2 2150
11 2150
2 2150
3 2150
9 402
254 266
1 781
3 781
0 781
4 781
663 664
685 689
13 874
14 796
795 796
76 1464
55 1464
44 1464
547 548
380 382
19 233
2 663
252 257
485 506
8 1012
4 257
7 626
2 371
40 782
32 3816
21 3816
4 3816
3 3816
6 3816
13 3816
5 3816
339 340
8 1347
2 1347
1 149
540 554
4 364
5 364
16 295
53 435
22 695
0 1247
1 1247
7 423
32 914
5 265
1 631
6 631
5 186
501 518
11 171
505 511
32 431
1 2308
0 2308
9 2303
7 2303
3 145
1 145
7 145
12 467
517 518
404 405
309 318
9 423
10 324
388 389
4 8726
89 8726
40 8726
83 8726
151 8726
73 8726
303 8726
65 8726
118 8726
115 8726
0 8726
48 8726
19 8726
418 422
21 108
11 456
0 1036
1 1036
386 391
3 344
674 679
3 154
198 397
13 3066
12 3066
39 3066
0 1214
1 1214
47 1595
72 1595
763 764
2 457
3 368
1 376
4 209
208 209
1 1191
0 1191
17 592
377 378
136 141
9 389
12 446
260 264
8 526
9 1110
1330 12734
14 12734
10 12734
246 12734
71 12734
109 12734
1134 12734
25 12734
1 12734
236 12734
51 12734
51 12734
23 12734
20 12734
57 12734
313 12734
152 12734
73 12734
202 203
3 89
6 653
18 295
1 841
4 441
6 384
875 876
37 1264
1225 1264
1215 1264
6 404
11 1483
12 1110
14 590
14 590
3 264
0 107
10 1386
147 148
4 89
57 842
460 461
0 669
1 669
12 737
18 699
7 423
12 737
0 107
106 107
143 148
2 473
28 2629
40 2629
8 2629
9 2629
9 384
2 1589
1 1589
0 1589
4 113
0 2696
1 2696
8 2696
770 774
34 664
966 987
9 987
15 987
8 4344
6 4344
2 4344
42 4344
1 4344
0 4344
4 4344
8 222
615 626
15 1376
1 1376
14 1376
4 1376
21 558
5 680
4 680
4 234
4 177
15 177
382 384
10 441
35 441
3 376
1 1511
6 1511
6 522
7 522
0 169
12 737
34 664
474 479
20 2238
33 2238
28 2238
18 2238
1058 1074
11 737
30 762
2485 2517
22 788
34 2300
27 2300
760 762
17 618
2 183
36 270
12 558
251 252
34 295
21 1913
22 1913
29 656
5 656
7 656
239 240
1 423
53 764
372 373
4 446
5 357
7 423
1 632
14 590
9 562
8 456
0 9
293 587
560 562
10 1014
18 774
7 404
556 567
7 1407
8 594
0 690
1 690
8 250
126 127
294 295
1 2725
2 2725
3 2725
0 2725
4 2725
1 442
0 442
23 518
2 508
0 269
2 269
0 38
1 6094
3 6094
0 6094
2 6094
5 6094
1363 1370
12 2737
11 2737
16 1409
510 526
8 465
333 339
0 960
1 960
378 382
3 295
5 404
5 431
4 1536
7 615
1 844
0 308
9 504
7 560
0 730
1 730
3 764
2 1701
12 240
9 283
595 596
16 392
6 2339
4 2339
2 303
1 461
8 563
12 438
2 122
1 980
0 980
839 845
7 665
5 378
343 352
8 889
6 889
3 189
1 431
750 751
1 526
18 1955
2 1955
13 1955
12 1955
0 1955
16 1955
12 9453
27 9453
8 9453
6 9453
13 9453
37 9453
0 9453
4 9453
2 9453
9 9453
7 9453
10 9453
3 9453
5 9453
17 9453
0 3604
3 3604
4 3604
1801 3604
1 3604
19 2982
13 2982
26 2982
18 2982
4 2982
9 1152
497 499
0 181
1 181
13 249
9 613
393 395
565 575
4 122
1 1114
3 1114
17 283
141 283
1 241
3 55
647 655
1 1887
0 1887
2 1887
228 7512
137 7512
196 7512
108 7512
73 7512
142 7512
242 7512
344 7512
264 7512
303 7512
149 7512
256 7512
84 7512
300 7512
7506 7512
317 328
11 623
5 106
5 82
8 305
195 196
147 151
17 439
21 328
54 2031
5 4370
8 4370
7 4370
3 4370
0 4370
4 4370
6 4370
2 4370
6 340
1 360
3 269
1 413
878 887
0 187
1 187
3 534
5 1539
37 726
15 257
199 202
0 764
1 764
9 473
1 729
3 729
2 729
15 174
4 593
4 326
6 282
4 59
5 2849
24 2849
27 2849
10 2849
8 225
12 435
36 435
3 522
4 146
27 479
6 399
3 587
10 562
53 788
3 788
775 788
776 788
774 788
0 788
1 788
781 788
55 788
3 473
2 473
1 1528
0 1528
155 1904
105 1904
10 733
212 219
42 2417
46 2417
23 594
23 594
18 594
1 620
0 620
2 476
4 476
5 405
21 1695
1 91
3 91
2 1223
1 1223
11 1223
477 479
325 328
2 1879
0 1879
52 4834
36 4834
20 4834
33 4834
37 4834
38 4834
1 145
732 739
9 336
6 361
6 177
46 413
740 759
190 191
8 191
16 240
8 233
4 177
0 176
5 318
0 807
1 807
7 761
2 446
0 931
1 931
24 1074
22 812
13 287
13 764
49 1043
7 857
2 922
1 558
3 558
18 279
22 173
129 130
2 617
3 617
1 1707
0 1707
5 4275
4 4275
0 4275
8 4275
9 4275
0 1149
2 1149
3 1149
2 2971
4 2971
9 336
3 318
1025 1026
0 92
2 92
3 311
152 161
773 774
11 127
378 379
21 400
427 428
3 381
561 562
6 497
392 393
1 279
322 323
14 395
11 223
8 362
13 509
11 2434
13 716
8 388
229 233
3 484
483 484
483 484
20 1075
24 1075
1058 1075
1073 1075
5 118
1 114
60 844
797 844
0 306
2 1742
0 1742
1 1742
30 441
652 655
63 764
44 509
3732 3737
0 3737
2 3737
1 3737
13 562
1090 2181
2 338
3 40
1 379
404 405
6 474
2 98
1140 1143
6 368
20 699
0 343
12 126
5 1644
8 1644
0 767
1 767
54 767
6 20
292 310
3 354
3 61
10 297
51 727
17 395
1594 1618
228 233
5 381
17 473
13 217
3 152
59 768
4 171
2 567
1 301
0 461
59 788
2 788
774 788
57 788
781 788
0 788
1 788
778 788
40 788
386 405
652 653
4 139
2 324
78 973
27 1386
632 633
31 664
1611 1618
20 395
4 295
7 344
229 230
1109 2219
1 385
20 527
16 1926
16 1926
51 548
0 919
696 699
464 472
323 327
0 821
3 821
4 821
4 526
3 567
3 1012
1 1012
0 1012
9 562
36 739
1 266
223 227
0 241
30 635
6 391
3 177
4 407
430 435
38 535
24 527
1 371
1 371
3 240
56 57
294 297
6 262
34 361
1283 1312
83 84
278 287
14 509
584 585
586 592
21 812
53 2339
281 290
1 948
2 948
2 448
28 973
6 360
8 389
55 1646
3 2101
0 2101
1 2101
2 2101
9 876
8 472
4 265
11 777
7 502
8 137
201 209
10 144
3 183
1 370
18 135
2 120
74 962
33 721
113 114
5 3218
14 1747
0 231
4 1110
0 153
5 290
5 397
9 325
31 319
377 382
10 5267
19 5267
7 5267
8 5267
15 5267
12 5267
14 5267
16 5267
3 5267
5 5267
6 5267
0 5267
9 5267
13 5267
1 1034
0 1034
1 2191
0 2191
9 247
8 247
39 1416
130 1027
2 319
2 1042
1 384
4 163
8 127
3 484
1 900
5 544
19 265
10 368
33 930
1 2416
0 2416
4 2416
40 919
406 407
5 382
3 247
4 233
1 1183
0 1183
2 1183
3 1185
5 382
4 340
0 3763
1 3763
176 177
474 477
140 141
23 242
0 295
1 295
13 395
14 615
4 308
4 1695
22 511
2 227
4 257
36 2339
7 395
2 359
7 761
243 257
2 176
9 336
192 195
362 365
239 240
227 230
7 196
9 338
20 1116
16 1116
7 1124
2 300
21 1623
890 906
0 57
2 188
4 1057
0 233
23 721
313 318
9 735
19 699
2 446
6 310
1 165
461 465
27 1130
44 679
3 392
7 348
0 1898
1 1898
7 472
18 950
31 950
13 950
189 191
6 1695
323 324
4 282
6 861
18 1695
18 360
41 960
371 388
2 1701
18 453
13 453
246 247
1 461
294 295
25 1042
30 549
14 319
17 1110
7 2517
0 866
1 866
137 141
3 387
2 48
1 1791
0 1791
8 511
3 275
6 286
0 423
2 191
24 950
503 509
2 861
4 364
5 364
370 378
3627 3651
4 364
5 364
285 298
676 679
23 654
176 177
594 605
8 392
7 392
29 569
0 43
410 414
267 272
7 327
4 2050
2 2050
1 2050
2 617
14 927
1 1268
0 1268
2 1268
23 1413
2 157
6 317
783 790
767 790
11 812
1075 1077
579 584
34 562
1344 1360
5 1695
17 405
4 587
126 127
1 1592
0 1592
1 1719
0 1719
2 1719
6 548
0 548
194 195
335 352
1 1043
3 2703
2 2703
1 2703
0 2703
58 1165
13 395
5 1323
4 1323
2 1323
25 1323
8 1323
2 118
163 165
11 663
7 451
20 1536
5 1526
0 1526
4 1526
2 116
11 327
3 587
3 139
6 325
86 1288
2 116
10 240
2 217
355 712
12 1386
2338 2339
15 2517
6 381
12 284
174 183
8 295
13 2517
2129 2339
15 465
2 247
9 2517
4 55
5 281
1 247
1357 1360
9 461
64 3761
22 590
6 594
50 378
1536 1539
10 108
144 4338
157 1552
2 152
12 646
10 306
655 657
653 657
20 1042
24 421
1037 1042
5 222
1033 1034
264 270
5 1104
2 486
501 502
55 57
14 816
11 2365
11 1074
0 187
10 2236
5 2236
2 2236
0 2236
404 405
90 1110
6 497
221 222
119 120
4 151
5 1392
4 230
4 86
76 78
219 2339
8 9
26 1021
317 318
3 308
31 279
754 762
86 88
6 721
11 1027
494 500
1 89
2 86
157 159
7 733
712 725
10 276
4 497
29 1130
452 456
1 654
774 777
52 53
0 340
79 475
2 142
66 694
40 41
7 90
587 588
14 588
574 588
11 214
65 67
9 588
6 327
1 342
8 588
191 193
3 161
6 90
8 588
40 41
10 322
13 718
2 142
12 567
18 588
3 113
4 120
24 588
13 567
36 588
587 588
16 483
587 588
7 218
586 588
9 282
9 282
16 588
13 218
23 327
1 24
5 274
2 274
9 214
2 142
5 90
11 90
2 228
6 567
3 229
13 567
341 343
3 228
6 327
3 43
14 386
32 694
9 228
15 475
24 588
19 475
29 946
15 475
4 567
3 457
7 327
15 483
11 343
3 116
25 475
7 228
5 342
22 327
552 560
15 229
98 99
8 588
7 43
7 43
1 168
12 141
6 483
0 16
27 588
1 386
9 334
5 588
6 588
6 588
4 588
7 90
32 588
7 271
13 588
16 386
4 67
32 560
14 342
453 454
586 588
21 588
5 211
22 694
46 694
8 228
16 327
13 588
18 752
4 53
228 229
28 588
2 41
8 374
25 334
25 588
26 475
4 110
21 229
1 58
27 588
2 142
14 153
13 334
4 116
6 118
13 588
14 386
5 327
139 142
17 228
8 156
11 588
10 588
8 327
13 343
10 153
21 475
11 588
8 99
10 588
9 588
20 574
6 694
4 90
20 694
1 56
27 560
8 342
10 322
14 752
13 588
32 327
4 193
9 454
3 342
65 67
18 327
24 588
5 229
2 342
3 67
126 2673
5 211
17 483
326 327
10 228
4 33
7 962
5 1539
12 125
0 120
77 80
3 816
6 554
3 176
17 406
0 66
2 473
6 977
3 844
1 290
474 502
87 88
2 275
142 147
6 515
3 1205
15 1403
10 1695
5 605
6 605
1 1347
4 1347
63 1516
3 295
5 473
6 59
75 1021
10 788
227 228
15 1110
3 88
4 768
7 476
336 337
336 340
1660 1695
126 127
1 308
7 378
6 241
5 452
4 284
1 1900
0 1900
1 3101
0 3101
0 6
208 218
28 664
1 158
0 423
11 951
16 951
4 623
2 399
22 1577
258 278
2 214
5 2150
2 2150
1 145
0 404
1 1074
11 336
5 362
4 594
1 216
435 439
13 527
1383 1386
5 639
33 762
4 625
5 625
0 725
11 395
2 1036
27 1042
28 393
1532 1539
3 368
1511 1539
9 117
7 632
35 1042
1 518
6 567
15 452
3 1071
343 347
3 303
0 120
269 270
20 2237
55 2237
9 2237
0 2237
21 2237
1 233
194 1552
0 409
0 1230
2 1230
851 853
1 400
0 126
445 446
40 857
3 973
0 274
1 274
0 3390
35 3390
1 3390
5 3390
1 584
881 890
616 626
15 216
0 1346
5 247
10 287
9 79
2 196
188 191
161 7353
115 7353
20 7353
436 7353
41 7353
44 7353
205 7353
63 7353
104 7353
721 7353
53 7353
173 7353
97 7353
208 7353
32 7353
18 7353
13 141
0 2466
3 2466
1 2466
2 2466
1412 1456
67 10604
33 10604
99 10604
6 10604
2 10604
109 10604
27 10604
34 10604
56 10604
71 10604
0 10604
66 10604
50 10604
8 10604
92 10604
32 10604
3 1655
5 1655
1 407
1 1162
3 1162
0 1162
2 1162
478 479
6 623
1 87
43 564
6 391
3 295
2 590
1 508
49 1695
1 47
783 788
3 788
782 788
778 788
781 788
0 788
1 788
780 788
779 788
228 230
4 739
428 436
16 1695
1 247
622 626
566 567
114 115
1 48
10 344
15 684
81 764
4 582
121 1072
1 1862
0 1862
9 369
20 876
4 625
226 233
0 937
1 937
4 937
4 230
2 421
270 272
7 218
808 812
33 826
7 919
3 887
3 1072
27 2339
5 958
3 958
29 1623
140 141
791 792
31 811
0 2330
1 2330
6 247
30 974
9 120
0 182
3 423
3 1967
2 30
9 384
2 549
1149 1153
0 497
11 188
43 498
1 157
0 157
2338 2339
9 950
56 57
0 135
12 473
1 962
4 448
1 163
6 414
2 1161
0 1161
1 1161
1 117
4 96
16 1403
2 1346
1 139
1078 1110
472 473
44 318
4 318
3 700
1 162
6 1967
1506 1539
10 1539
105 106
0 5662
1 5662
4 5662
3 5662
2 5662
1500 1536
29 1536
48 625
11 2565
8 2565
10 2565
6 2565
9 2565
7 2565
1746 1747
383 384
3 183
2 1249
10 1249
1 87
23 812
745 746
8 2128
2 2128
1 2128
472 473
1 67
123 124
170 178
8 764
0 379
14 2396
5 2396
6 2396
11 890
22 890
10 890
7 38
2 2407
1 2407
3 2407
6 2407
727 735
1 581
0 581
0 385
1 385
9 615
1 139
30 641
4 448
0 1064
4 1064
9 2225
8 89
0 941
1 89
6 1419
19 452
3 80
537 554
1 89
16 1294
15 1294
5 381
30 1948
68 1948
62 1948
66 1948
3 962
8 448
1 352
136 137
4 594
1 1708
0 1708
286 287
0 25
812 816
624 626
1 90
16 2339
2 1536
229 233
56 69
6 319
9 796
445 446
5 527
4 142
1 369
2 153
589 590
5 385
407 413
2 446
1 2395
0 2395
391 404
295 592
17 2163
15 2163
18 2163
4 55
13 191
2 2423
0 2423
6 2423
335 344
3 196
451 452
63 1403
0 1205
2 1205
10 1014
3 294
4 448
85 86
11 395
843 844
17 844
3 303
1355 1360
1 812
106 107
0 562
14 479
9 467
47 1733
27 1733
25 1733
79 80
666 739
14 446
241 247
6 389
1 733
7 215
4 295
24 431
3 175
129 130
186 187
2 135
4 284
365 371
326 330
2 1724
0 1724
1 1724
3 549
7 919
1108 1139
0 896
1 896
1 437
0 103
261 264
6 261
3 264
6 648
24 1577
1 1501
3 1501
2 1501
16 617
36 1618
2 285
9 504
114 115
1 48
246 247
22 737
0 223
4 509
296 311
565 594
474 477
2 345
2 733
7 789
6 789
15 605
16 1747
345 347
8 1511
9 1511
5 362
146 147
296 307
138 139
137 139
5 382
25 1766
20 788
2 788
6 788
5 788
10 788
0 788
1 788
13 788
4 788
4 694
0 694
6 307
171 174
7 371
1052 1077
536 537
4 178
100 103
6 290
7 3159
5 3159
4 3159
1290 1331
24 50
3 716
1 508
16 1909
27 1909
13 1909
1616 1618
1596 1618
7 384
8 384
0 102
3 94
9 585
438 474
29 535
1 261
294 295
0 169
7 148
8 183
870 876
2 733
13 1787
10 1787
12 1787
26 617
0 1553
1 1553
9 504
1 343
0 632
7 127
502 504
8 1083
2 65
1131 1144
175 178
6 172
11 240
427 431
918 919
496 498
5 1618
28 1475
20 368
3 26
5 1965
7 1965
1 1965
3 1965
0 1965
4 1965
124 125
4 175
4 55
371 379
0 229
0 229
3 230
10 1042
342 344
322 323
38 746
22 876
475 479
404 406
4 504
3 171
29 575
33 764
5 1913
1 1913
5 1057
5 269
1 173
2 344
5 772
23 242
14 1695
1678 1695
6 382
22 764
3 175
1 94
8 811
5 394
2 1287
0 176
14 139
0 310
1 360
228 230
8 811
6 381
0 1129
9 1129
1 1129
5 638
1070 1071
35 1410
20 1410
16 1410
7 811
5 497
1 37
2 285
19 305
3 256
1 360
232 233
604 623
2 1061
257 260
5 452
556 563
589 592
5 144
326 327
1 617
336 337
361 362
5910 5976
43 5976
73 5976
92 5976
100 5976
91 5976
116 5976
45 5976
37 5976
1074 1075
363 379
46 661
1 162
12 2517
27 431
6 100
4 1386
13 850
6 511
404 405
1 1102
0 1102
1 370
187 196
1 361
820 841
697 698
0 124
0 290
7 218
437 439
217 229
4 349
3 89
1 360
330 333
328 333
8 526
121 122
2 412
4 196
13 874
0 247
16 896
0 338
1 338
4 142
1778 1779
117 1779
1754 1779
1719 1779
40 1238
16 876
6 1853
1 1853
0 1853
587 592
559 564
1 173
1501 1539
1 158
803 812
578 584
2 328
9 262
7 816
97 99
1 796
13 404
5 146
344 345
5 464
227 228
269 274
459 919
11 502
67 1110
2 122
6 446
29 518
0 141
12 585
558 561
2804 2808
1356 1357
112 1416
0 204
7 100
50 563
0 564
5 473
47 1110
9 339
163 327
4 308
287 295
1 587
10 777
21 558
148 149
206 209
5 279
949 962
0 3095
1 3095
5 3095
3 1617
2 1617
0 1617
1 1617
317 318
326 327
1 1767
6 1767
8 1767
0 1767
239 240
3 1071
13 522
4 1618
1 465
0 465
461 465
