191 384
187 375
195 392
287 576
287 576
387 776
387 776
255 511
1143 2287
1143 2287
372 745
372 745
456 914
168 338
223 448
345 691
345 691
91 183
456 914
577 1155
577 1155
577 1155
577 1155
577 1155
684 1370
811 1623
3694 7389
3694 7389
3694 7389
3694 7389
3694 7389
3694 7389
3694 7389
3694 7389
3694 7389
3694 7389
3694 7389
1169 2339
307 615
643 1288
87 176
632 1265
632 1265
632 1265
74 150
39 79
991 1983
991 1983
991 1983
991 1983
134 269
198 397
603 1208
603 1208
603 1208
736 1474
119 240
223 448
278 558
556 1113
556 1113
39 79
152 305
199 400
193 388
294 590
741 1483
75 152
75 152
397 796
767 1536
402 805
137 276
163 328
633 1267
633 1267
633 1267
633 1267
633 1267
260 522
98 198
506 1013
506 1013
75 152
651 1303
503 1008
503 1008
163 327
280 562
368 737
368 737
131 264
87 175
21 44
44 89
956 1913
956 1913
769 1539
486 973
427 855
150 301
3822 7645
3822 7645
3822 7645
3822 7645
3822 7645
3822 7645
3822 7645
3822 7645
3822 7645
3822 7645
3822 7645
3822 7645
3822 7645
3822 7645
3822 7645
3822 7645
3822 7645
3822 7645
3822 7645
3822 7645
4652 9306
4652 9306
4652 9306
4652 9306
4652 9306
4652 9306
4652 9306
4652 9306
4652 9306
4652 9306
4652 9306
4652 9306
4652 9306
4652 9306
4652 9306
4652 9306
4652 9306
4652 9306
1879 3760
1879 3760
1879 3760
1879 3760
1879 3760
1879 3760
1879 3760
1879 3760
344 689
147 295
726 1454
726 1454
726 1454
726 1454
312 626
101 203
202 405
396 794
396 794
421 844
328 657
554 1110
74 150
535 1071
405 812
405 812
210 422
447 896
197 395
1169 2339
67 135
161 324
360 721
39 79
101 204
405 811
183 368
189 380
189 380
191 384
75 152
48 98
33 68
222 446
388 777
388 777
441 884
441 884
756 1514
437 876
173 348
84 169
331 663
331 663
151 303
119 240
220 441
736 1474
366 733
538 1077
201 404
486 973
68 138
808 1618
283 567
437 876
87 176
1074 2150
1074 2150
437 876
155 311
798 1597
798 1597
798 1597
798 1597
308 618
48 98
91 184
387 776
387 776
248 497
28 57
195 392
334 670
334 670
195 392
255 511
123 247
437 876
171 344
482 965
769 1539
254 509
107 215
87 176
107 215
107 215
692 1386
141 283
381 764
232 465
395 792
5390 10782
5390 10782
5390 10782
5390 10782
5390 10782
5390 10782
5390 10782
5390 10782
5390 10782
5390 10782
5390 10782
5390 10782
5390 10782
5390 10782
5390 10782
5390 10782
5390 10782
5390 10782
5390 10782
5390 10782
5390 10782
5390 10782
5390 10782
5390 10782
5390 10782
5390 10782
111 224
383 767
71 144
269 540
1254 2510
1254 2510
134 269
134 269
634 1269
634 1269
459 919
390 782
223 448
465 931
465 931
123 247
44 89
1018 2038
1018 2038
1018 2038
222 446
368 737
948 1898
948 1898
291 584
679 1360
1128 2257
1128 2257
847 1695
1169 2339
535 1072
372 746
372 746
1074 2150
1074 2150
1704 3410
1704 3410
1704 3410
372 746
1074 2150
1074 2150
381 764
372 746
227 456
294 590
1224 2449
1224 2449
95 191
388 777
132 266
513 1027
487 976
487 976
1499 3000
1499 3000
1499 3000
1499 3000
1499 3000
1499 3000
100 202
227 456
388 777
190 381
147 295
92 186
220 441
46 94
33 68
143 287
119 240
70 142
119 240
327 655
598 1197
1415 2831
1415 2831
1415 2831
1415 2831
665 1331
2104 4210
2104 4210
2104 4210
2104 4210
2104 4210
2104 4210
2104 4210
2104 4210
2104 4210
2104 4210
2104 4210
9 20
104 209
338 677
338 677
773 1547
773 1547
443 888
443 888
171 344
206 413
505 1012
505 1012
505 1012
134 269
233 467
251 504
554 1110
292 585
1063 2128
1063 2128
1063 2128
479 960
741 1483
767 1536
767 1536
554 1110
534 1069
534 1069
534 1069
506 1014
405 811
554 1110
211 423
46 93
91 183
191 384
361 724
1187 2375
1187 2375
1187 2375
88 178
393 788
393 788
393 788
393 788
393 788
393 788
393 788
393 788
393 788
101 203
112 226
2474 4949
2474 4949
2474 4949
2474 4949
2474 4949
2474 4949
2474 4949
59 120
1074 2150
1074 2150
1074 2150
326 653
344 689
1477 2955
1477 2955
1477 2955
1477 2955
1477 2955
1477 2955
1477 2955
847 1695
219 439
219 439
112 225
1081 2163
1081 2163
6937 13875
6937 13875
6937 13875
6937 13875
6937 13875
6937 13875
6937 13875
6937 13875
6937 13875
6937 13875
6937 13875
6937 13875
6937 13875
6937 13875
1169 2339
110 222
74 150
581 1164
581 1164
581 1164
1173 2347
1173 2347
1173 2347
1173 2347
316 633
191 384
1562 3126
1562 3126
1562 3126
1562 3126
1562 3126
1562 3126
1562 3126
538 1078
538 1078
538 1078
133 267
962 1926
262 526
405 812
428 858
2828 5657
2828 5657
2828 5657
2828 5657
2828 5657
2828 5657
2828 5657
2828 5657
520 1042
211 423
108 218
85 172
653 1307
510 1021
191 384
199 400
119 240
123 247
87 176
123 247
61 124
308 618
123 247
853 1708
853 1708
853 1708
853 1708
380 762
380 762
75 152
185 371
131 264
220 442
220 442
194 389
2820 5642
2820 5642
2820 5642
2820 5642
2820 5642
2820 5642
2820 5642
207 416
111 223
42 86
271 543
701 1403
701 1403
339 679
1258 2517
43 87
344 689
167 336
44 89
76 153
701 1403
981 1963
981 1963
1000 2002
1000 2002
1000 2002
73 147
73 147
81 163
131 264
769 1539
131 264
294 590
90 181
120 241
232 465
381 764
381 764
381 764
147 295
825 1652
825 1652
983 1967
42 86
554 1110
591 1183
591 1183
591 1183
437 876
194 389
561 1124
561 1124
506 1014
480 961
480 961
480 961
262 526
179 359
564 1130
128 257
692 1386
420 842
520 1042
128 257
1201 2403
1201 2403
1201 2403
52 106
187 375
308 617
134 270
134 270
169 340
163 327
189 380
258 518
293 587
293 587
191 384
211 424
131 264
349 699
658 1317
658 1317
658 1317
59 120
296 594
268 538
301 603
564 1130
171 344
119 240
620 1241
60 122
427 855
948 1898
948 1898
948 1898
948 1898
191 384
8 17
456 914
388 777
81 163
2356 4713
2356 4713
2356 4713
2356 4713
2356 4713
2356 4713
21 44
1074 2150
1074 2150
1074 2150
1074 2150
200 402
132 266
390 781
390 781
390 781
390 781
331 664
344 689
436 874
397 796
397 796
731 1464
731 1464
731 1464
273 548
190 382
116 233
331 663
128 257
252 506
505 1012
128 257
312 626
185 371
390 782
1907 3816
1907 3816
1907 3816
1907 3816
1907 3816
1907 3816
1907 3816
169 340
673 1347
673 1347
74 149
276 554
181 364
181 364
147 295
217 435
347 695
623 1247
623 1247
211 423
456 914
132 265
315 631
315 631
92 186
258 518
85 171
255 511
215 431
1153 2308
1153 2308
1151 2303
1151 2303
72 145
72 145
72 145
233 467
258 518
202 405
158 318
211 423
161 324
194 389
4362 8726
4362 8726
4362 8726
4362 8726
4362 8726
4362 8726
4362 8726
4362 8726
4362 8726
4362 8726
4362 8726
4362 8726
4362 8726
210 422
53 108
227 456
517 1036
517 1036
195 391
171 344
339 679
76 154
198 397
1532 3066
1532 3066
1532 3066
606 1214
606 1214
797 1595
797 1595
381 764
228 457
183 368
187 376
104 209
104 209
595 1191
595 1191
295 592
188 378
70 141
194 389
222 446
131 264
262 526
554 1110
6366 12734
6366 12734
6366 12734
6366 12734
6366 12734
6366 12734
6366 12734
6366 12734
6366 12734
6366 12734
6366 12734
6366 12734
6366 12734
6366 12734
6366 12734
6366 12734
6366 12734
6366 12734
101 203
44 89
326 653
147 295
420 841
220 441
191 384
437 876
631 1264
631 1264
631 1264
201 404
741 1483
554 1110
294 590
294 590
131 264
53 107
692 1386
73 148
44 89
420 842
230 461
334 669
334 669
368 737
349 699
211 423
368 737
53 107
53 107
73 148
236 473
1314 2629
1314 2629
1314 2629
1314 2629
191 384
794 1589
794 1589
794 1589
56 113
1347 2696
1347 2696
1347 2696
386 774
331 664
493 987
493 987
493 987
2171 4344
2171 4344
2171 4344
2171 4344
2171 4344
2171 4344
2171 4344
110 222
312 626
687 1376
687 1376
687 1376
687 1376
278 558
339 680
339 680
116 234
88 177
88 177
191 384
220 441
220 441
187 376
755 1511
755 1511
260 522
260 522
84 169
368 737
331 664
239 479
1118 2238
1118 2238
1118 2238
1118 2238
536 1074
368 737
380 762
1258 2517
393 788
1149 2300
1149 2300
380 762
308 618
91 183
134 270
278 558
125 252
147 295
956 1913
956 1913
327 656
327 656
327 656
119 240
211 423
381 764
186 373
222 446
178 357
211 423
315 632
294 590
280 562
227 456
4 9
293 587
280 562
506 1014
386 774
201 404
283 567
703 1407
296 594
344 690
344 690
124 250
63 127
147 295
1362 2725
1362 2725
1362 2725
1362 2725
1362 2725
220 442
220 442
258 518
253 508
134 269
134 269
18 38
3046 6094
3046 6094
3046 6094
3046 6094
3046 6094
684 1370
1368 2737
1368 2737
704 1409
262 526
232 465
169 339
479 960
479 960
190 382
147 295
201 404
215 431
767 1536
307 615
421 844
153 308
251 504
279 560
364 730
364 730
381 764
850 1701
119 240
141 283
297 596
195 392
1169 2339
1169 2339
151 303
230 461
281 563
218 438
60 122
489 980
489 980
422 845
332 665
188 378
175 352
444 889
444 889
94 189
215 431
375 751
262 526
977 1955
977 1955
977 1955
977 1955
977 1955
977 1955
4726 9453
4726 9453
4726 9453
4726 9453
4726 9453
4726 9453
4726 9453
4726 9453
4726 9453
4726 9453
4726 9453
4726 9453
4726 9453
4726 9453
4726 9453
1801 3604
1801 3604
1801 3604
1801 3604
1801 3604
1490 2982
1490 2982
1490 2982
1490 2982
1490 2982
575 1152
249 499
90 181
90 181
124 249
306 613
197 395
287 575
60 122
556 1114
556 1114
141 283
141 283
120 241
27 55
327 655
943 1887
943 1887
943 1887
3755 7512
3755 7512
3755 7512
3755 7512
3755 7512
3755 7512
3755 7512
3755 7512
3755 7512
3755 7512
3755 7512
3755 7512
3755 7512
3755 7512
3755 7512
163 328
311 623
52 106
40 82
152 305
97 196
75 151
219 439
163 328
1015 2031
2184 4370
2184 4370
2184 4370
2184 4370
2184 4370
2184 4370
2184 4370
2184 4370
169 340
179 360
134 269
206 413
443 887
93 187
93 187
266 534
769 1539
362 726
128 257
100 202
381 764
381 764
236 473
364 729
364 729
364 729
86 174
296 593
162 326
140 282
29 59
1424 2849
1424 2849
1424 2849
1424 2849
112 225
217 435
217 435
260 522
72 146
239 479
199 399
293 587
280 562
393 788
393 788
393 788
393 788
393 788
393 788
393 788
393 788
393 788
236 473
236 473
763 1528
763 1528
951 1904
951 1904
366 733
109 219
1208 2417
1208 2417
296 594
296 594
296 594
309 620
309 620
237 476
237 476
202 405
847 1695
45 91
45 91
611 1223
611 1223
611 1223
239 479
163 328
939 1879
939 1879
2416 4834
2416 4834
2416 4834
2416 4834
2416 4834
2416 4834
72 145
369 739
167 336
180 361
88 177
206 413
379 759
95 191
95 191
119 240
116 233
88 177
87 176
158 318
403 807
403 807
380 761
222 446
465 931
465 931
536 1074
405 812
143 287
381 764
521 1043
428 857
460 922
278 558
278 558
139 279
86 173
64 130
308 617
308 617
853 1707
853 1707
2137 4275
2137 4275
2137 4275
2137 4275
2137 4275
574 1149
574 1149
574 1149
1485 2971
1485 2971
167 336
158 318
512 1026
45 92
45 92
155 311
80 161
386 774
63 127
189 379
199 400
213 428
190 381
280 562
248 497
196 393
139 279
161 323
197 395
111 223
180 362
254 509
1216 2434
357 716
193 388
116 233
241 484
241 484
241 484
537 1075
537 1075
537 1075
537 1075
58 118
56 114
421 844
421 844
152 306
870 1742
870 1742
870 1742
220 441
327 655
381 764
254 509
1868 3737
1868 3737
1868 3737
1868 3737
280 562
1090 2181
168 338
19 40
189 379
202 405
236 474
48 98
571 1143
183 368
349 699
171 343
62 126
821 1644
821 1644
383 767
383 767
383 767
9 20
154 310
176 354
30 61
148 297
363 727
197 395
808 1618
116 233
190 381
236 473
108 217
75 152
383 768
85 171
283 567
150 301
230 461
393 788
393 788
393 788
393 788
393 788
393 788
393 788
393 788
393 788
202 405
326 653
69 139
161 324
486 973
692 1386
316 633
331 664
808 1618
197 395
147 295
171 344
114 230
1109 2219
192 385
263 527
962 1926
962 1926
273 548
459 919
349 699
235 472
163 327
410 821
410 821
410 821
262 526
283 567
505 1012
505 1012
505 1012
280 562
369 739
132 266
113 227
120 241
317 635
195 391
88 177
203 407
217 435
267 535
263 527
185 371
185 371
119 240
28 57
148 297
130 262
180 361
655 1312
41 84
143 287
254 509
292 585
295 592
405 812
1169 2339
144 290
473 948
473 948
223 448
486 973
179 360
194 389
822 1646
1050 2101
1050 2101
1050 2101
1050 2101
437 876
235 472
132 265
388 777
250 502
68 137
104 209
71 144
91 183
184 370
67 135
59 120
480 962
360 721
56 114
1608 3218
873 1747
115 231
554 1110
76 153
144 290
198 397
162 325
159 319
190 382
2633 5267
2633 5267
2633 5267
2633 5267
2633 5267
2633 5267
2633 5267
2633 5267
2633 5267
2633 5267
2633 5267
2633 5267
2633 5267
2633 5267
516 1034
516 1034
1095 2191
1095 2191
123 247
123 247
707 1416
513 1027
159 319
520 1042
191 384
81 163
63 127
241 484
449 900
271 544
132 265
183 368
464 930
1207 2416
1207 2416
1207 2416
459 919
203 407
190 382
123 247
116 233
591 1183
591 1183
591 1183
592 1185
190 382
169 340
1881 3763
1881 3763
88 177
238 477
70 141
120 242
147 295
147 295
197 395
307 615
153 308
847 1695
255 511
113 227
128 257
1169 2339
197 395
179 359
380 761
128 257
87 176
167 336
97 195
182 365
119 240
114 230
97 196
168 338
557 1116
557 1116
561 1124
149 300
811 1623
452 906
28 57
93 188
528 1057
116 233
360 721
158 318
367 735
349 699
222 446
154 310
82 165
232 465
564 1130
339 679
195 392
173 348
948 1898
948 1898
235 472
474 950
474 950
474 950
95 191
847 1695
161 324
140 282
430 861
847 1695
179 360
479 960
193 388
850 1701
226 453
226 453
123 247
230 461
147 295
520 1042
274 549
159 319
554 1110
1258 2517
432 866
432 866
70 141
193 387
23 48
895 1791
895 1791
255 511
137 275
142 286
211 423
95 191
474 950
254 509
430 861
181 364
181 364
188 378
1825 3651
181 364
181 364
148 298
339 679
326 654
88 177
302 605
195 392
195 392
284 569
21 43
206 414
135 272
163 327
1024 2050
1024 2050
1024 2050
308 617
463 927
633 1268
633 1268
633 1268
706 1413
78 157
158 317
394 790
394 790
405 812
538 1077
291 584
280 562
679 1360
847 1695
202 405
293 587
63 127
795 1592
795 1592
859 1719
859 1719
859 1719
273 548
273 548
97 195
175 352
521 1043
1351 2703
1351 2703
1351 2703
1351 2703
582 1165
197 395
661 1323
661 1323
661 1323
661 1323
661 1323
58 118
82 165
331 663
225 451
767 1536
762 1526
762 1526
762 1526
57 116
163 327
293 587
69 139
162 325
643 1288
57 116
119 240
108 217
355 712
692 1386
1169 2339
1258 2517
190 381
141 284
91 183
147 295
1258 2517
1169 2339
232 465
123 247
1258 2517
27 55
140 281
123 247
679 1360
230 461
1880 3761
294 590
296 594
188 378
769 1539
53 108
2168 4338
775 1552
75 152
322 646
152 306
328 657
328 657
520 1042
210 421
520 1042
110 222
516 1034
134 270
551 1104
242 486
250 502
28 57
407 816
1182 2365
536 1074
93 187
1117 2236
1117 2236
1117 2236
1117 2236
202 405
554 1110
248 497
110 222
59 120
75 151
695 1392
114 230
42 86
38 78
1169 2339
4 9
510 1021
158 318
153 308
139 279
380 762
43 88
360 721
513 1027
249 500
44 89
42 86
79 159
366 733
362 725
137 276
248 497
564 1130
227 456
326 654
388 777
26 53
169 340
237 475
70 142
346 694
20 41
44 90
293 588
293 588
293 588
106 214
33 67
293 588
163 327
170 342
293 588
96 193
80 161
44 90
293 588
20 41
160 322
358 718
70 142
283 567
293 588
56 113
59 120
293 588
283 567
293 588
293 588
241 483
293 588
108 218
293 588
140 282
140 282
293 588
108 218
163 327
11 24
136 274
136 274
106 214
70 142
44 90
44 90
113 228
283 567
114 229
283 567
171 343
113 228
163 327
21 43
192 386
346 694
113 228
237 475
293 588
237 475
472 946
237 475
283 567
228 457
163 327
241 483
171 343
57 116
237 475
113 228
170 342
163 327
279 560
114 229
49 99
293 588
21 43
21 43
83 168
70 141
241 483
7 16
293 588
192 386
166 334
293 588
293 588
293 588
293 588
44 90
293 588
135 271
293 588
192 386
33 67
279 560
170 342
226 454
293 588
293 588
105 211
346 694
346 694
113 228
163 327
293 588
375 752
26 53
114 229
293 588
20 41
186 374
166 334
293 588
237 475
54 110
114 229
28 58
293 588
70 142
76 153
166 334
57 116
58 118
293 588
192 386
163 327
70 142
113 228
77 156
293 588
293 588
163 327
171 343
76 153
237 475
293 588
49 99
293 588
293 588
286 574
346 694
44 90
346 694
27 56
279 560
170 342
160 322
375 752
293 588
163 327
96 193
226 454
170 342
33 67
163 327
293 588
114 229
170 342
33 67
1336 2673
105 211
241 483
163 327
113 228
16 33
480 962
769 1539
62 125
59 120
39 80
407 816
276 554
87 176
202 406
32 66
236 473
488 977
421 844
144 290
250 502
43 88
137 275
73 147
257 515
602 1205
701 1403
847 1695
302 605
302 605
673 1347
673 1347
757 1516
147 295
236 473
29 59
510 1021
393 788
113 228
554 1110
43 88
383 768
237 476
168 337
169 340
847 1695
63 127
153 308
188 378
120 241
225 452
141 284
949 1900
949 1900
1550 3101
1550 3101
2 6
108 218
331 664
78 158
211 423
475 951
475 951
311 623
199 399
788 1577
138 278
106 214
1074 2150
1074 2150
72 145
201 404
536 1074
167 336
180 362
296 594
107 216
219 439
263 527
692 1386
319 639
380 762
312 625
312 625
362 725
197 395
517 1036
520 1042
196 393
769 1539
183 368
769 1539
58 117
315 632
520 1042
258 518
283 567
225 452
535 1071
173 347
151 303
59 120
134 270
1118 2237
1118 2237
1118 2237
1118 2237
1118 2237
116 233
775 1552
204 409
614 1230
614 1230
426 853
199 400
62 126
222 446
428 857
486 973
136 274
136 274
1694 3390
1694 3390
1694 3390
1694 3390
291 584
444 890
312 626
107 216
672 1346
123 247
143 287
39 79
97 196
95 191
3676 7353
3676 7353
3676 7353
3676 7353
3676 7353
3676 7353
3676 7353
3676 7353
3676 7353
3676 7353
3676 7353
3676 7353
3676 7353
3676 7353
3676 7353
3676 7353
70 141
1232 2466
1232 2466
1232 2466
1232 2466
727 1456
5301 10604
5301 10604
5301 10604
5301 10604
5301 10604
5301 10604
5301 10604
5301 10604
5301 10604
5301 10604
5301 10604
5301 10604
5301 10604
5301 10604
5301 10604
5301 10604
827 1655
827 1655
203 407
580 1162
580 1162
580 1162
580 1162
239 479
311 623
43 87
281 564
195 391
147 295
294 590
253 508
847 1695
23 47
393 788
393 788
393 788
393 788
393 788
393 788
393 788
393 788
393 788
114 230
369 739
217 436
847 1695
123 247
312 626
283 567
57 115
23 48
171 344
341 684
381 764
290 582
535 1072
930 1862
930 1862
184 369
437 876
312 625
116 233
468 937
468 937
468 937
114 230
210 421
135 272
108 218
405 812
412 826
459 919
443 887
535 1072
1169 2339
478 958
478 958
811 1623
70 141
395 792
405 811
1164 2330
1164 2330
123 247
486 974
59 120
90 182
211 423
983 1967
14 30
191 384
274 549
576 1153
248 497
93 188
248 498
78 157
78 157
1169 2339
474 950
28 57
67 135
236 473
480 962
223 448
81 163
206 414
580 1161
580 1161
580 1161
58 117
47 96
701 1403
672 1346
69 139
554 1110
236 473
158 318
158 318
349 700
80 162
983 1967
769 1539
769 1539
52 106
2830 5662
2830 5662
2830 5662
2830 5662
2830 5662
767 1536
767 1536
312 625
1282 2565
1282 2565
1282 2565
1282 2565
1282 2565
1282 2565
873 1747
191 384
91 183
624 1249
624 1249
43 87
405 812
372 746
1063 2128
1063 2128
1063 2128
236 473
33 67
61 124
88 178
381 764
189 379
1197 2396
1197 2396
1197 2396
444 890
444 890
444 890
18 38
1203 2407
1203 2407
1203 2407
1203 2407
367 735
290 581
290 581
192 385
192 385
307 615
69 139
320 641
223 448
531 1064
531 1064
1112 2225
44 89
470 941
44 89
709 1419
225 452
39 80
276 554
44 89
646 1294
646 1294
190 381
973 1948
973 1948
973 1948
973 1948
480 962
223 448
175 352
68 137
296 594
853 1708
853 1708
143 287
12 25
407 816
312 626
44 90
1169 2339
767 1536
116 233
34 69
159 319
397 796
222 446
263 527
70 142
184 369
76 153
294 590
192 385
206 413
222 446
1197 2395
1197 2395
201 404
295 592
1081 2163
1081 2163
1081 2163
27 55
95 191
1211 2423
1211 2423
1211 2423
171 344
97 196
225 452
701 1403
602 1205
602 1205
506 1014
146 294
223 448
42 86
197 395
421 844
421 844
151 303
679 1360
405 812
53 107
280 562
239 479
233 467
866 1733
866 1733
866 1733
39 80
369 739
222 446
123 247
194 389
366 733
107 215
147 295
215 431
87 175
64 130
93 187
67 135
141 284
185 371
164 330
861 1724
861 1724
861 1724
274 549
459 919
569 1139
447 896
447 896
218 437
51 103
131 264
130 261
131 264
323 648
788 1577
750 1501
750 1501
750 1501
308 617
808 1618
142 285
251 504
57 115
23 48
123 247
368 737
111 223
254 509
155 311
296 594
238 477
172 345
366 733
394 789
394 789
302 605
873 1747
173 347
755 1511
755 1511
180 362
73 147
153 307
69 139
69 139
190 382
882 1766
393 788
393 788
393 788
393 788
393 788
393 788
393 788
393 788
393 788
346 694
346 694
153 307
86 174
185 371
538 1077
268 537
88 178
51 103
144 290
1579 3159
1579 3159
1579 3159
665 1331
24 50
357 716
253 508
954 1909
954 1909
954 1909
808 1618
808 1618
191 384
191 384
50 102
46 94
292 585
236 474
267 535
130 261
147 295
84 169
73 148
91 183
437 876
366 733
893 1787
893 1787
893 1787
308 617
776 1553
776 1553
251 504
171 343
315 632
63 127
251 504
541 1083
32 65
571 1144
88 178
85 172
119 240
215 431
459 919
248 498
808 1618
737 1475
183 368
12 26
982 1965
982 1965
982 1965
982 1965
982 1965
982 1965
62 125
87 175
27 55
189 379
114 229
114 229
114 230
520 1042
171 344
161 323
372 746
437 876
239 479
202 406
251 504
85 171
287 575
381 764
956 1913
956 1913
528 1057
134 269
86 173
171 344
385 772
120 242
847 1695
847 1695
190 382
381 764
87 175
46 94
405 811
196 394
643 1287
87 176
69 139
154 310
179 360
114 230
405 811
190 381
564 1129
564 1129
564 1129
318 638
535 1071
704 1410
704 1410
704 1410
405 811
248 497
18 37
142 285
152 305
127 256
179 360
116 233
311 623
530 1061
129 260
225 452
281 563
295 592
71 144
163 327
308 617
168 337
180 362
2987 5976
2987 5976
2987 5976
2987 5976
2987 5976
2987 5976
2987 5976
2987 5976
2987 5976
537 1075
189 379
330 661
80 162
1258 2517
215 431
49 100
692 1386
424 850
255 511
202 405
550 1102
550 1102
184 370
97 196
180 361
420 841
348 698
61 124
144 290
108 218
219 439
114 229
174 349
44 89
179 360
166 333
166 333
262 526
60 122
205 412
97 196
436 874
123 247
447 896
168 338
168 338
70 142
889 1779
889 1779
889 1779
889 1779
618 1238
437 876
926 1853
926 1853
926 1853
295 592
281 564
86 173
769 1539
78 158
405 812
291 584
163 328
130 262
407 816
49 99
397 796
201 404
72 146
172 345
231 464
113 228
136 274
459 919
250 502
554 1110
60 122
222 446
258 518
70 141
292 585
280 561
1403 2808
678 1357
707 1416
101 204
49 100
281 563
281 564
236 473
554 1110
169 339
163 327
153 308
147 295
293 587
388 777
278 558
74 149
104 209
139 279
480 962
1547 3095
1547 3095
1547 3095
808 1617
808 1617
808 1617
808 1617
158 318
163 327
883 1767
883 1767
883 1767
883 1767
119 240
535 1071
260 522
808 1618
232 465
232 465
232 465
