14 384
374 375
13 392
1 576
0 576
35 776
32 776
12 511
12 2287
13 2287
4 745
3 745
19 914
4 338
4 448
0 691
2 691
3 183
27 914
21 1155
1150 1155
79 1155
7 1155
8 1155
1348 1370
21 1623
97 7389
65 7389
20 7389
0 7389
7 7389
77 7389
2 7389
9 7389
174 7389
59 7389
189 7389
2316 2339
6 615
1260 1288
167 176
12 1265
10 1265
15 1265
14 150
3 79
0 1983
5 1983
1 1983
2 1983
6 269
366 397
2 1208
0 1208
4 1208
1468 1474
239 240
4 448
557 558
1 1113
0 1113
2 79
303 305
399 400
385 388
18 590
1379 1483
2 152
2 152
795 796
46 1536
7 805
18 276
327 328
66 1267
36 1267
11 1267
4 1267
87 1267
12 522
194 198
0 1013
2 1013
7 152
70 1303
0 1008
1 1008
8 327
557 562
12 737
11 737
3 264
4 175
0 44
1 89
9 1913
0 1913
1505 1539
972 973
854 855
299 301
3 7645
254 7645
692 7645
44 7645
6 7645
307 7645
409 7645
276 7645
343 7645
1 7645
5 7645
170 7645
61 7645
127 7645
31 7645
125 7645
32 7645
40 7645
35 7645
175 7645
735 9306
0 9306
84 9306
404 9306
332 9306
267 9306
9303 9306
9169 9306
111 9306
786 9306
412 9306
543 9306
140 9306
417 9306
496 9306
277 9306
245 9306
8 9306
63 3760
111 3760
155 3760
3754 3760
100 3760
55 3760
75 3760
145 3760
685 689
270 295
3 1454
5 1454
0 1454
1 1454
625 626
201 203
403 405
12 794
9 794
842 844
604 657
1103 1110
147 150
2 1071
1 812
1 812
0 422
890 896
394 395
30 2339
1 135
12 324
5 721
68 79
201 204
8 811
8 368
12 380
12 380
2 384
7 152
4 98
66 68
7 446
9 777
13 777
14 884
31 884
1513 1514
842 876
1 348
0 169
3 663
12 663
302 303
239 240
439 441
1463 1474
4 733
7 1077
24 404
3 973
136 138
20 1618
28 567
870 876
159 176
20 2150
37 2150
874 876
11 311
4 1597
0 1597
9 1597
12 1597
612 618
4 98
182 184
38 776
33 776
496 497
6 57
15 392
21 670
0 670
16 392
11 511
6 247
4 876
3 344
934 965
1525 1539
19 509
211 215
173 176
209 215
209 215
1381 1386
279 283
9 764
464 465
786 792
47 10782
6 10782
82 10782
2 10782
62 10782
158 10782
58 10782
18 10782
8 10782
4 10782
90 10782
317 10782
279 10782
238 10782
192 10782
57 10782
63 10782
7 10782
73 10782
86 10782
5 10782
34 10782
93 10782
234 10782
90 10782
12 10782
4 224
18 767
10 144
20 540
2 2510
1 2510
16 269
5 269
6 1269
1 1269
8 919
6 782
4 448
0 931
1 931
3 247
82 89
30 2038
0 2038
1 2038
417 446
49 737
7 1898
3 1898
28 584
1344 1360
0 2257
3 2257
1692 1695
63 2339
1070 1072
6 746
18 746
0 2150
4 2150
47 3410
0 3410
8 3410
721 746
0 2150
9 2150
750 764
726 746
50 456
588 590
13 2449
49 2449
184 191
13 777
3 266
1020 1027
6 976
37 976
11 3000
2888 3000
12 3000
77 3000
17 3000
40 3000
6 202
3 456
728 777
10 381
5 295
185 186
440 441
1 94
12 68
269 287
238 240
12 142
239 240
13 655
1 1197
4 2831
3 2831
2 2831
1 2831
11 1331
165 4210
152 4210
114 4210
153 4210
25 4210
107 4210
137 4210
19 4210
257 4210
120 4210
105 4210
2 20
199 209
0 677
1 677
0 1547
1 1547
22 888
17 888
339 344
393 413
3 1012
0 1012
2 1012
263 269
12 467
487 504
1048 1110
9 585
12 2128
5 2128
1 2128
942 960
1364 1483
1500 1536
1511 1536
1106 1110
0 1069
1 1069
11 1069
1012 1014
770 811
13 1110
422 423
1 93
15 183
8 384
6 724
5 2375
2 2375
4 2375
174 178
778 788
3 788
782 788
775 788
780 788
1 788
0 788
779 788
776 788
0 203
219 226
1 4949
18 4949
2 4949
27 4949
61 4949
33 4949
36 4949
117 120
47 2150
15 2150
16 2150
644 653
677 689
12 2955
0 2955
13 2955
1 2955
36 2955
6 2955
9 2955
15 1695
433 439
434 439
223 225
5 2163
4 2163
174 13875
48 13875
10 13875
0 13875
1 13875
9 13875
13 13875
33 13875
157 13875
21 13875
13308 13875
179 13875
88 13875
135 13875
35 2339
216 222
147 150
8 1164
7 1164
11 1164
2 2347
0 2347
1 2347
3 2347
629 633
9 384
16 3126
3 3126
18 3126
8 3126
0 3126
7 3126
10 3126
2 1078
6 1078
1 1078
3 267
13 1926
500 526
810 812
847 858
0 5657
5 5657
36 5657
4 5657
15 5657
2 5657
37 5657
5642 5657
1039 1042
422 423
5 218
25 172
43 1307
52 1021
17 384
399 400
239 240
38 247
160 176
5 247
9 124
19 618
6 247
3 1708
2 1708
1 1708
0 1708
2 762
1 762
3 152
364 371
263 264
15 442
439 442
388 389
59 5642
4 5642
10 5642
138 5642
49 5642
52 5642
54 5642
411 416
5 223
10 86
38 543
15 1403
15 1403
643 679
16 2517
1 87
662 689
9 336
4 89
10 153
17 1403
1960 1963
32 1963
0 2002
2 2002
1999 2002
146 147
146 147
159 163
263 264
6 1539
260 264
19 590
0 181
229 241
11 465
24 764
45 764
754 764
18 295
9 1652
4 1652
1958 1967
85 86
4 1110
1 1183
0 1183
2 1183
869 876
387 389
0 1124
2 1124
12 1014
0 961
7 961
2 961
7 526
2 359
32 1130
5 257
1381 1386
21 842
989 1042
2 257
16 2403
48 2403
15 2403
104 106
374 375
22 617
265 270
269 270
339 340
21 327
13 380
503 518
586 587
4 587
7 384
407 424
263 264
17 699
2 1317
12 1317
1 1317
7 120
8 594
3 538
0 603
22 1130
5 344
239 240
8 1241
121 122
26 855
1 1898
5 1898
0 1898
1 1898
16 384
13 17
904 914
9 777
160 163
34 4713
20 4713
41 4713
341 4713
37 4713
7 4713
0 44
11 2150
12 2150
0 2150
1 2150
389 402
8 266
3 781
2 781
0 781
4 781
662 664
686 689
13 874
788 796
795 796
1390 1464
48 1464
44 1464
546 548
381 382
18 233
2 663
255 257
496 506
6 1012
23 257
586 626
1 371
22 782
26 3816
56 3816
15 3816
10 3816
9 3816
43 3816
2 3816
339 340
5 1347
7 1347
142 149
536 554
4 364
5 364
275 295
52 435
31 695
0 1247
1 1247
7 423
894 914
5 265
0 631
10 631
185 186
502 518
156 171
504 511
38 431
1 2308
0 2308
9 2303
6 2303
3 145
2 145
7 145
12 467
513 518
403 405
317 318
397 423
303 324
388 389
1 8726
121 8726
37 8726
62 8726
142 8726
88 8726
290 8726
46 8726
195 8726
266 8726
0 8726
24 8726
14 8726
413 422
103 108
438 456
0 1036
1 1036
378 391
324 344
649 679
11 154
23 397
7 3066
8 3066
3026 3066
0 1214
3 1214
116 1595
1517 1595
761 764
1 457
3 368
1 376
4 209
205 209
1 1191
0 1191
590 592
377 378
134 141
388 389
444 446
255 264
518 526
10 1110
1327 12734
3 12734
240 12734
223 12734
139 12734
44 12734
918 12734
8 12734
6 12734
212 12734
13 12734
11 12734
22 12734
12 12734
51 12734
305 12734
131 12734
57 12734
202 203
4 89
18 653
20 295
1 841
4 441
18 384
875 876
1169 1264
1211 1264
1254 1264
6 404
13 1483
9 1110
14 590
85 590
5 264
106 107
7 1386
144 148
3 89
765 842
460 461
0 669
1 669
12 737
17 699
7 423
10 737
105 107
106 107
141 148
16 473
28 2629
38 2629
7 2629
15 2629
16 384
9 1589
2 1589
1 1589
2 113
1 2696
5 2696
8 2696
765 774
32 664
963 987
17 987
37 987
7 4344
12 4344
3 4344
34 4344
0 4344
1 4344
4 4344
214 222
616 626
13 1376
4 1376
6 1376
10 1376
548 558
678 680
5 680
233 234
174 177
17 177
383 384
10 441
27 441
4 376
2 1511
6 1511
6 522
9 522
0 169
12 737
32 664
469 479
20 2238
47 2238
27 2238
15 2238
1062 1074
10 737
759 762
2485 2517
11 788
68 2300
31 2300
757 762
18 618
7 183
264 270
11 558
251 252
287 295
20 1913
22 1913
649 656
3 656
16 656
239 240
3 423
42 764
372 373
425 446
3 357
7 423
2 632
573 590
555 562
6 456
0 9
293 587
557 562
39 1014
708 774
6 404
546 567
6 1407
51 594
0 690
1 690
9 250
126 127
294 295
0 2725
3 2725
4 2725
1 2725
2 2725
0 442
1 442
492 518
500 508
1 269
6 269
0 38
2 6094
3 6094
0 6094
1 6094
4 6094
1346 1370
17 2737
11 2737
83 1409
498 526
31 465
333 339
0 960
1 960
375 382
11 295
5 404
4 431
8 1536
7 615
1 844
0 308
10 504
19 560
1 730
0 730
680 764
1614 1701
239 240
3 283
595 596
15 392
6 2339
3 2339
3 303
2 461
548 563
6 438
97 122
1 980
0 980
818 845
607 665
13 378
337 352
6 889
5 889
10 189
1 431
746 751
10 526
21 1955
4 1955
30 1955
12 1955
0 1955
25 1955
12 9453
26 9453
10 9453
3 9453
16 9453
36 9453
0 9453
6 9453
1 9453
13 9453
7 9453
8 9453
2 9453
4 9453
20 9453
3 3604
5 3604
1 3604
3504 3604
0 3604
20 2982
15 2982
48 2982
19 2982
6 2982
14 1152
487 499
0 181
1 181
12 249
16 613
394 395
554 575
11 122
1 1114
3 1114
5 283
8 283
3 241
4 55
647 655
0 1887
5 1887
1 1887
462 7512
220 7512
311 7512
122 7512
38 7512
141 7512
421 7512
317 7512
235 7512
323 7512
215 7512
7435 7512
171 7512
303 7512
7493 7512
309 328
10 623
7 106
68 82
9 305
192 196
144 151
5 439
18 328
2012 2031
8 4370
7 4370
3 4370
4 4370
2 4370
6 4370
1 4370
0 4370
3 340
1 360
3 269
1 413
859 887
0 187
1 187
1 534
11 1539
48 726
255 257
196 202
1 764
0 764
27 473
3 729
2 729
1 729
173 174
5 593
4 326
12 282
58 59
0 2849
24 2849
25 2849
13 2849
5 225
48 435
20 435
4 522
2 146
478 479
13 399
3 587
29 562
779 788
9 788
784 788
781 788
783 788
0 788
1 788
782 788
780 788
3 473
2 473
1 1528
0 1528
41 1904
78 1904
19 733
212 219
47 2417
65 2417
32 594
19 594
21 594
1 620
0 620
1 476
3 476
3 405
1599 1695
5 91
4 91
2 1223
1 1223
11 1223
472 479
319 328
3 1879
0 1879
60 4834
15 4834
37 4834
72 4834
19 4834
18 4834
1 145
714 739
10 336
7 361
9 177
396 413
737 759
190 191
190 191
15 240
8 233
176 177
2 176
5 318
0 807
1 807
7 761
5 446
0 931
1 931
24 1074
12 812
10 287
712 764
1042 1043
9 857
4 922
1 558
3 558
15 279
5 173
124 130
2 617
3 617
0 1707
3 1707
2 4275
3 4275
18 4275
4 4275
10 4275
0 1149
2 1149
4 1149
9 2971
11 2971
9 336
3 318
1025 1026
0 92
4 92
306 311
143 161
771 774
126 127
378 379
389 400
423 428
3 381
557 562
5 497
392 393
3 279
322 323
388 395
24 223
8 362
484 509
12 2434
676 716
5 388
227 233
2 484
480 484
479 484
26 1075
24 1075
129 1075
1062 1075
6 118
4 114
790 844
792 844
0 306
3 1742
1 1742
2 1742
428 441
648 655
83 764
83 509
3717 3737
0 3737
2 3737
1 3737
5 562
2071 2181
2 338
3 40
329 379
404 405
424 474
3 98
1129 1143
6 368
18 699
0 343
15 126
3 1644
24 1644
0 767
1 767
19 767
5 20
281 310
2 354
3 61
22 297
661 727
20 395
1554 1618
229 233
1 381
18 473
14 217
2 152
670 768
13 171
2 567
1 301
2 461
780 788
8 788
785 788
781 788
784 788
1 788
0 788
782 788
783 788
398 405
650 653
133 139
4 324
30 973
43 1386
624 633
653 664
1587 1618
21 395
3 295
341 344
227 230
1109 2219
1 385
20 527
12 1926
15 1926
547 548
0 919
696 699
465 472
324 327
0 821
3 821
4 821
4 526
7 567
3 1012
1 1012
0 1012
7 562
32 739
1 266
214 227
0 241
622 635
32 391
3 177
4 407
428 435
27 535
23 527
1 371
2 371
4 240
11 57
286 297
4 262
351 361
1280 1312
81 84
277 287
14 509
584 585
547 592
35 812
40 2339
277 290
0 948
2 948
8 448
950 973
5 360
17 389
1630 1646
2 2101
0 2101
1 2101
4 2101
10 876
416 472
10 265
21 777
9 502
6 137
187 209
10 144
174 183
1 370
18 135
114 120
941 962
695 721
111 114
28 3218
13 1747
0 231
4 1110
0 153
5 290
6 397
14 325
310 319
370 382
10 5267
20 5267
8 5267
7 5267
17 5267
12 5267
13 5267
16 5267
5 5267
3 5267
6 5267
0 5267
9 5267
14 5267
1 1034
0 1034
1 2191
0 2191
12 247
13 247
65 1416
99 1027
4 319
3 1042
9 384
5 163
8 127
2 484
5 900
5 544
19 265
11 368
5 930
1 2416
0 2416
3 2416
868 919
405 407
5 382
3 247
7 233
0 1183
1 1183
2 1183
3 1185
6 382
4 340
0 3763
1 3763
176 177
470 477
139 141
23 242
0 295
1 295
13 395
7 615
1 308
4 1695
12 511
1 227
252 257
37 2339
378 395
2 359
6 761
240 257
175 176
10 336
190 195
357 365
239 240
224 230
2 196
4 338
21 1116
16 1116
9 1124
2 300
33 1623
72 906
0 57
2 188
7 1057
0 233
675 721
313 318
33 735
17 699
4 446
6 310
2 165
457 465
169 1130
664 679
5 392
5 348
0 1898
1 1898
5 472
27 950
948 950
21 950
190 191
16 1695
322 324
5 282
7 861
35 1695
9 360
67 960
360 388
2 1701
452 453
21 453
243 247
2 461
294 295
1002 1042
516 549
7 319
14 1110
8 2517
1 866
0 866
124 141
5 387
2 48
1 1791
0 1791
10 511
7 275
3 286
1 423
3 191
10 950
501 509
1 861
4 364
5 364
373 378
3547 3651
3 364
5 364
284 298
672 679
23 654
176 177
591 605
6 392
10 392
17 569
0 43
409 414
269 272
306 327
5 2050
1 2050
0 2050
63 617
13 927
1 1268
0 1268
2 1268
16 1413
146 157
3 317
771 790
753 790
12 812
1072 1077
574 584
15 562
1344 1360
9 1695
30 405
3 587
126 127
2 1592
0 1592
2 1719
0 1719
1 1719
12 548
0 548
194 195
342 352
3 1043
0 2703
8 2703
2 2703
7 2703
1116 1165
387 395
4 1323
3 1323
1 1323
25 1323
8 1323
2 118
151 165
10 663
408 451
18 1536
8 1526
0 1526
12 1526
2 116
10 327
3 587
2 139
6 325
1232 1288
3 116
3 240
2 217
68 712
33 1386
2336 2339
16 2517
11 381
8 284
163 183
7 295
12 2517
84 2339
12 465
2 247
10 2517
4 55
4 281
1 247
1349 1360
46 461
3680 3761
75 590
7 594
37 378
1521 1539
10 108
327 4338
132 1552
3 152
23 646
12 306
656 657
652 657
22 1042
416 421
1039 1042
8 222
1025 1034
265 270
5 1104
1 486
499 502
56 57
12 816
23 2365
15 1074
0 187
20 2236
14 2236
3 2236
0 2236
404 405
40 1110
24 497
212 222
119 120
3 151
5 1392
4 230
85 86
76 78
2297 2339
8 9
149 1021
317 318
1 308
27 279
758 762
86 88
9 721
24 1027
493 500
2 89
2 86
155 159
3 733
713 725
10 276
485 497
1122 1130
439 456
1 654
768 777
51 53
3 340
472 475
2 142
23 694
40 41
8 90
587 588
587 588
585 588
212 214
66 67
551 588
5 327
0 342
9 588
191 193
5 161
4 90
576 588
40 41
20 322
13 718
3 142
546 567
19 588
4 113
2 120
582 588
11 567
39 588
587 588
15 483
587 588
199 218
587 588
8 282
8 282
42 588
20 218
326 327
23 24
6 274
2 274
9 214
2 142
5 90
78 90
2 228
546 567
3 229
14 567
336 343
2 228
6 327
3 43
12 386
32 694
8 228
15 475
24 588
25 475
30 946
15 475
7 567
2 457
7 327
15 483
14 343
3 116
24 475
6 228
8 342
21 327
26 560
17 229
98 99
5 588
42 43
8 43
0 168
12 141
10 483
14 16
27 588
1 386
8 334
6 588
5 588
5 588
4 588
7 90
587 588
6 271
14 588
17 386
4 67
27 560
11 342
453 454
587 588
59 588
5 211
677 694
19 694
11 228
23 327
18 588
26 752
5 53
223 229
27 588
2 41
10 374
53 334
16 588
25 475
4 110
228 229
56 58
34 588
2 142
8 153
13 334
113 116
117 118
20 588
15 386
6 327
139 142
12 228
8 156
11 588
10 588
8 327
337 343
8 153
13 475
12 588
98 99
11 588
6 588
37 574
633 694
4 90
20 694
1 56
17 560
7 342
19 322
14 752
13 588
313 327
189 193
8 454
2 342
66 67
17 327
24 588
5 229
2 342
6 67
73 2673
4 211
18 483
325 327
30 228
4 33
10 962
5 1539
12 125
0 120
73 80
3 816
6 554
1 176
393 406
0 66
14 473
5 977
3 844
1 290
479 502
87 88
2 275
144 147
6 515
4 1205
12 1403
10 1695
4 605
5 605
6 1347
4 1347
1503 1516
3 295
470 473
6 59
956 1021
8 788
227 228
1102 1110
86 88
3 768
6 476
336 337
333 340
1659 1695
126 127
1 308
372 378
6 241
9 452
4 284
1 1900
0 1900
1 3101
0 3101
0 6
208 218
650 664
0 158
0 423
12 951
950 951
3 623
2 399
1520 1577
266 278
2 214
15 2150
5 2150
1 145
1 404
1 1074
324 336
5 362
4 594
1 216
424 439
510 527
1378 1386
4 639
752 762
2 625
3 625
0 725
11 395
2 1036
33 1042
17 393
1496 1539
8 368
1509 1539
4 117
5 632
996 1042
4 518
2 567
438 452
2 1071
337 347
2 303
0 120
266 270
21 2237
2233 2237
11 2237
2 2237
20 2237
1 233
91 1552
0 409
0 1230
2 1230
851 853
20 400
0 126
445 446
20 857
3 973
0 274
1 274
0 3390
36 3390
1 3390
5 3390
1 584
56 890
616 626
16 216
0 1346
5 247
10 287
6 79
2 196
188 191
135 7353
7042 7353
12 7353
7049 7353
85 7353
16 7353
198 7353
124 7353
256 7353
7061 7353
134 7353
144 7353
160 7353
177 7353
63 7353
7 7353
140 141
0 2466
3 2466
5 2466
1 2466
1391 1456
53 10604
66 10604
171 10604
3 10604
9 10604
132 10604
17 10604
52 10604
72 10604
78 10604
0 10604
62 10604
60 10604
36 10604
67 10604
46 10604
7 1655
6 1655
1 407
3 1162
2 1162
0 1162
1 1162
473 479
5 623
1 87
544 564
4 391
3 295
3 590
2 508
1690 1695
1 47
776 788
763 788
785 788
778 788
780 788
1 788
0 788
775 788
782 788
226 230
4 739
423 436
1645 1695
1 247
621 626
566 567
114 115
1 48
33 344
12 684
33 764
558 582
98 1072
1 1862
0 1862
8 369
875 876
4 625
214 233
0 937
1 937
3 937
4 230
2 421
270 272
204 218
802 812
793 826
7 919
5 887
2 1072
45 2339
4 958
2 958
18 1623
140 141
790 792
769 811
0 2330
1 2330
6 247
22 974
119 120
0 182
7 423
3 1967
2 30
9 384
4 549
1139 1153
0 497
178 188
35 498
2 157
0 157
2331 2339
6 950
56 57
1 135
12 473
1 962
5 448
1 163
383 414
2 1161
0 1161
1 1161
1 117
2 96
13 1403
1 1346
1 139
1102 1110
472 473
35 318
4 318
3 700
152 162
12 1967
1479 1539
7 1539
104 106
1 5662
0 5662
2 5662
3 5662
4 5662
1497 1536
26 1536
600 625
13 2565
8 2565
12 2565
6 2565
9 2565
7 2565
1746 1747
383 384
3 183
8 1249
13 1249
1 87
26 812
734 746
19 2128
3 2128
6 2128
472 473
1 67
122 124
167 178
7 764
0 379
22 2396
0 2396
1 2396
9 890
23 890
10 890
7 38
1 2407
3 2407
5 2407
4 2407
717 735
1 581
0 581
0 385
1 385
4 615
1 139
632 641
4 448
0 1064
14 1064
9 2225
87 89
0 941
2 89
6 1419
1 452
3 80
523 554
1 89
1278 1294
14 1294
6 381
33 1948
1947 1948
1942 1948
135 1948
6 962
421 448
1 352
136 137
4 594
1 1708
0 1708
282 287
0 25
814 816
620 626
87 90
19 2339
1 1536
225 233
57 69
6 319
10 796
445 446
3 527
5 142
5 369
20 153
588 590
4 385
398 413
3 446
0 2395
1 2395
387 404
295 592
18 2163
14 2163
20 2163
2 55
185 191
2 2423
1 2423
19 2423
336 344
6 196
449 452
32 1403
1 1205
0 1205
10 1014
3 294
4 448
85 86
11 395
843 844
17 844
2 303
1356 1360
1 812
102 107
0 562
478 479
13 467
1730 1733
28 1733
35 1733
72 80
680 739
419 446
239 247
5 389
1 733
6 215
4 295
22 431
2 175
129 130
185 187
2 135
4 284
363 371
315 330
3 1724
0 1724
1 1724
7 549
868 919
1100 1139
0 896
1 896
3 437
0 103
257 264
4 261
3 264
7 648
30 1577
1 1501
6 1501
2 1501
568 617
50 1618
2 285
12 504
114 115
2 48
246 247
722 737
0 223
4 509
307 311
566 594
468 477
1 345
4 733
7 789
6 789
14 605
1726 1747
345 347
10 1511
11 1511
5 362
146 147
291 307
138 139
137 139
7 382
61 1766
781 788
3 788
783 788
773 788
782 788
0 788
1 788
780 788
775 788
12 694
0 694
302 307
171 174
33 371
1033 1077
532 537
3 178
102 103
16 290
3129 3159
3083 3159
3097 3159
1302 1331
24 50
3 716
2 508
24 1909
1862 1909
18 1909
1593 1618
1582 1618
7 384
8 384
0 102
91 94
9 585
420 474
39 535
1 261
294 295
0 169
7 148
10 183
868 876
3 733
11 1787
10 1787
20 1787
542 617
0 1553
1 1553
8 504
1 343
3 632
6 127
502 504
1053 1083
62 65
1087 1144
170 178
12 172
14 240
425 431
917 919
495 498
6 1618
41 1475
356 368
3 26
3 1965
7 1965
1 1965
4 1965
0 1965
6 1965
124 125
173 175
53 55
363 379
0 229
0 229
1 230
8 1042
335 344
322 323
699 746
875 876
472 479
405 406
10 504
161 171
16 575
745 764
11 1913
0 1913
10 1057
15 269
1 173
2 344
5 772
23 242
14 1695
1684 1695
381 382
744 764
2 175
93 94
6 811
5 394
2 1287
0 176
136 139
0 310
1 360
223 230
7 811
6 381
0 1129
10 1129
1 1129
2 638
1069 1071
31 1410
26 1410
37 1410
6 811
4 497
0 37
2 285
303 305
5 256
1 360
231 233
599 623
2 1061
252 260
446 452
558 563
589 592
7 144
319 327
1 617
336 337
361 362
5934 5976
27 5976
89 5976
85 5976
94 5976
153 5976
110 5976
46 5976
42 5976
1060 1075
362 379
627 661
1 162
63 2517
29 431
6 100
2 1386
824 850
9 511
403 405
1 1102
0 1102
1 370
188 196
1 361
832 841
697 698
0 124
0 290
217 218
436 439
212 229
4 349
4 89
1 360
330 333
329 333
8 526
121 122
2 412
177 196
13 874
0 247
889 896
0 338
1 338
4 142
1778 1779
1633 1779
1753 1779
1718 1779
1185 1238
874 876
1 1853
3 1853
0 1853
569 592
555 564
1 173
1473 1539
1 158
797 812
582 584
2 328
9 262
7 816
95 99
0 796
381 404
141 146
344 345
5 464
218 228
265 274
855 919
497 502
1102 1110
104 122
5 446
492 518
0 141
27 585
560 561
2797 2808
1349 1357
112 1416
0 204
5 100
25 563
0 564
465 473
13 1110
9 339
163 327
2 308
277 295
1 587
9 777
557 558
148 149
190 209
1 279
50 962
0 3095
1 3095
5 3095
3 1617
2 1617
0 1617
1 1617
317 318
326 327
3 1767
11 1767
18 1767
10 1767
238 240
4 1071
10 522
3 1618
1 465
0 465
23 465
