9 384
10 375
16 392
0 576
1 576
37 776
36 776
22 511
14 2287
12 2287
3 745
4 745
13 914
12 338
4 448
0 691
1 691
2 183
911 914
18 1155
36 1155
577 1155
10 1155
11 1155
4 1370
36 1623
32 7389
12 7389
76 7389
1 7389
0 7389
2 7389
3 7389
72 7389
186 7389
70 7389
178 7389
71 2339
7 615
25 1288
174 176
10 1265
11 1265
16 1265
4 150
3 79
3 1983
4 1983
5 1983
6 1983
5 269
14 397
1 1208
8 1208
2 1208
7 1474
11 240
4 448
21 558
1 1113
0 1113
2 79
304 305
397 400
5 388
16 590
12 1483
2 152
1 152
8 796
767 1536
8 805
12 276
13 328
4 1267
8 1267
0 1267
11 1267
3 1267
13 522
4 198
0 1013
0 1013
4 152
14 1303
0 1008
1 1008
2 327
5 562
12 737
13 737
3 264
7 175
0 44
0 89
10 1913
1 1913
38 1539
972 973
854 855
7 301
18 7645
290 7645
145 7645
2 7645
25 7645
55 7645
77 7645
78 7645
40 7645
114 7645
151 7645
67 7645
33 7645
54 7645
47 7645
116 7645
115 7645
9 7645
28 7645
83 7645
738 9306
0 9306
35 9306
23 9306
6 9306
317 9306
148 9306
12 9306
5 9306
798 9306
458 9306
9 9306
30 9306
383 9306
39 9306
223 9306
159 9306
161 9306
1 3760
121 3760
33 3760
4 3760
18 3760
0 3760
12 3760
6 3760
27 689
4 295
4 1454
0 1454
2 1454
1 1454
7 626
5 203
4 405
11 794
7 794
3 844
328 657
1109 1110
5 150
4 1071
1 812
1 812
0 422
15 896
9 395
37 2339
1 135
7 324
4 721
7 79
203 204
8 811
10 368
15 380
14 380
2 384
8 152
4 98
9 68
2 446
11 777
11 777
14 884
19 884
17 1514
20 876
4 348
0 169
1 663
0 663
16 303
11 240
27 441
25 1474
6 733
7 1077
3 404
3 973
1 138
18 1618
2 567
17 876
1 176
20 2150
21 2150
17 876
11 311
3 1597
0 1597
1 1597
10 1597
20 618
4 98
5 184
37 776
36 776
496 497
4 57
17 392
2 670
0 670
17 392
11 511
6 247
4 876
171 344
11 965
33 1539
3 509
4 215
21 176
4 215
4 215
30 1386
281 283
751 764
15 465
5 792
7 10782
3 10782
24 10782
8 10782
4 10782
201 10782
13 10782
114 10782
65 10782
61 10782
34 10782
197 10782
22 10782
11 10782
9 10782
57 10782
168 10782
2 10782
38 10782
16 10782
15 10782
20 10782
171 10782
1 10782
34 10782
19 10782
4 224
18 767
10 144
42 540
2 2510
0 2510
134 269
5 269
2 1269
1 1269
5 919
6 782
4 448
1 931
0 931
2 247
4 89
23 2038
0 2038
1 2038
3 446
28 737
0 1898
1 1898
17 584
20 1360
8 2257
5 2257
62 1695
53 2339
1068 1072
4 746
4 746
1 2150
6 2150
37 3410
0 3410
7 3410
4 746
0 2150
6 2150
21 764
4 746
5 456
23 590
14 2449
15 2449
22 191
11 777
2 266
1026 1027
7 976
17 976
21 3000
51 3000
23 3000
129 3000
28 3000
41 3000
4 202
3 456
10 777
11 381
0 295
185 186
220 441
1 94
33 68
8 287
11 240
70 142
13 240
5 655
5 1197
5 2831
3 2831
2 2831
1 2831
6 1331
27 4210
5 4210
87 4210
2 4210
6 4210
55 4210
145 4210
59 4210
1 4210
13 4210
99 4210
4 20
4 209
1 677
0 677
0 1547
1 1547
7 888
3 888
343 344
406 413
2 1012
0 1012
3 1012
9 269
12 467
503 504
554 1110
9 585
2 2128
3 2128
0 2128
12 960
13 1483
1535 1536
1533 1536
1106 1110
1 1069
3 1069
0 1069
66 1014
802 811
9 1110
13 423
1 93
7 183
3 384
5 724
8 2375
1 2375
2 2375
1 178
7 788
2 788
6 788
5 788
8 788
0 788
1 788
8 788
4 788
0 203
10 226
2 4949
9 4949
1 4949
33 4949
55 4949
32 4949
39 4949
4 120
57 2150
0 2150
7 2150
10 653
37 689
13 2955
3 2955
10 2955
2 2955
25 2955
0 2955
9 2955
14 1695
4 439
5 439
12 225
7 2163
6 2163
185 13875
1 13875
75 13875
17 13875
13 13875
55 13875
5 13875
0 13875
165 13875
18 13875
6937 13875
161 13875
51 13875
8 13875
36 2339
4 222
4 150
7 1164
8 1164
11 1164
3 2347
0 2347
1 2347
2 2347
632 633
9 384
4 3126
11 3126
7 3126
0 3126
8 3126
2 3126
1 3126
1 1078
0 1078
3 1078
3 267
15 1926
262 526
26 812
19 858
15 5657
14 5657
40 5657
19 5657
8 5657
9 5657
37 5657
167 5657
38 1042
13 423
6 218
85 172
13 1307
61 1021
16 384
399 400
239 240
6 247
1 176
5 247
9 124
21 618
6 247
0 1708
3 1708
1 1708
2 1708
1 762
0 762
1 152
27 371
5 264
2 442
7 442
9 389
75 5642
11 5642
14 5642
141 5642
55 5642
64 5642
42 5642
5 416
111 223
4 86
24 543
17 1403
16 1403
15 679
22 2517
1 87
344 689
9 336
4 89
3 153
1401 1403
19 1963
18 1963
0 2002
2 2002
54 2002
18 147
144 147
9 163
131 264
8 1539
131 264
17 590
0 181
120 241
1 465
36 764
37 764
16 764
8 295
2 1652
1 1652
7 1967
4 86
4 1110
2 1183
0 1183
1 1183
3 876
7 389
2 1124
1 1124
10 1014
0 961
8 961
1 961
8 526
2 359
30 1130
7 257
28 1386
13 842
520 1042
3 257
17 2403
51 2403
18 2403
105 106
12 375
8 617
29 270
269 270
10 340
4 327
16 380
11 518
2 587
0 587
8 384
1 424
263 264
20 699
3 1317
2 1317
0 1317
6 120
8 594
3 538
0 603
63 1130
3 344
12 240
7 1241
4 122
28 855
0 1898
1 1898
1 1898
0 1898
16 384
8 17
19 914
7 777
81 163
25 4713
26 4713
3 4713
2356 4713
0 4713
33 4713
0 44
0 2150
3 2150
4 2150
3 2150
9 402
132 266
0 781
2 781
1 781
4 781
663 664
19 689
13 874
9 796
795 796
75 1464
47 1464
46 1464
10 548
7 382
116 233
2 663
11 257
252 506
11 1012
4 257
3 626
3 371
390 782
42 3816
1 3816
3 3816
0 3816
2 3816
4 3816
6 3816
10 340
1 1347
0 1347
1 149
8 554
4 364
5 364
147 295
217 435
22 695
1 1247
0 1247
7 423
46 914
5 265
0 631
3 631
5 186
27 518
85 171
255 511
34 431
1 2308
0 2308
9 2303
7 2303
0 145
2 145
7 145
13 467
13 518
5 405
11 318
17 423
7 324
388 389
21 8726
16 8726
67 8726
105 8726
148 8726
29 8726
300 8726
65 8726
54 8726
41 8726
12 8726
82 8726
62 8726
4 422
6 108
7 456
0 1036
1 1036
19 391
3 344
15 679
2 154
198 397
14 3066
13 3066
32 3066
1 1214
0 1214
47 1595
51 1595
763 764
2 457
3 368
1 376
4 209
208 209
1 1191
0 1191
20 592
377 378
70 141
9 389
10 446
10 264
8 526
9 1110
6366 12734
17 12734
14 12734
244 12734
11 12734
95 12734
6366 12734
77 12734
24 12734
237 12734
73 12734
73 12734
18 12734
22 12734
81 12734
314 12734
153 12734
76 12734
201 203
4 89
9 653
11 295
1 841
4 441
8 384
4 876
45 1264
631 1264
50 1264
6 404
11 1483
13 1110
21 590
16 590
5 264
0 107
15 1386
4 148
4 89
10 842
460 461
0 669
1 669
13 737
24 699
7 423
13 737
0 107
0 107
8 148
0 473
30 2629
42 2629
9 2629
8 2629
9 384
2 1589
0 1589
1 1589
4 113
1 2696
0 2696
8 2696
45 774
34 664
493 987
3 987
6 987
12 4344
2 4344
6 4344
43 4344
7 4344
5 4344
0 4344
4 222
11 626
15 1376
2 1376
14 1376
4 1376
21 558
4 680
5 680
5 234
3 177
7 177
18 384
19 441
25 441
2 376
0 1511
1 1511
7 522
6 522
0 169
14 737
34 664
14 479
18 2238
31 2238
29 2238
19 2238
16 1074
12 737
6 762
33 2517
393 788
29 2300
27 2300
761 762
20 618
2 183
269 270
11 558
2 252
18 295
21 1913
22 1913
29 656
5 656
6 656
13 240
0 423
381 764
369 373
0 446
3 357
7 423
0 632
16 590
7 562
227 456
0 9
293 587
5 562
6 1014
1 774
7 404
566 567
7 1407
5 594
0 690
1 690
18 250
126 127
294 295
3 2725
1 2725
4 2725
0 2725
2 2725
1 442
0 442
11 518
1 508
0 269
2 269
0 38
1 6094
3 6094
2 6094
0 6094
5 6094
1369 1370
12 2737
11 2737
27 1409
262 526
11 465
4 339
1 960
0 960
22 382
6 295
5 404
5 431
3 1536
7 615
1 844
0 308
8 504
7 560
0 730
1 730
3 764
1 1701
11 240
141 283
13 596
17 392
6 2339
5 2339
2 303
1 461
21 563
9 438
0 122
0 980
1 980
422 845
1 665
4 378
350 352
8 889
7 889
3 189
1 431
10 751
262 526
8 1955
5 1955
7 1955
10 1955
3 1955
6 1955
12 9453
26 9453
13 9453
1 9453
5 9453
37 9453
2 9453
6 9453
4 9453
7 9453
15 9453
9 9453
8 9453
11 9453
3 9453
0 3604
2 3604
4 3604
1801 3604
1 3604
8 2982
1 2982
10 2982
4 2982
0 2982
7 1152
498 499
0 181
1 181
124 249
20 613
14 395
7 575
3 122
3 1114
0 1114
141 283
141 283
0 241
27 55
654 655
1 1887
0 1887
2 1887
65 7512
47 7512
36 7512
111 7512
125 7512
56 7512
67 7512
351 7512
274 7512
307 7512
115 7512
51 7512
89 7512
305 7512
7505 7512
4 328
5 623
1 106
1 82
9 305
7 196
75 151
6 439
1 328
21 2031
2 4370
7 4370
4 4370
0 4370
1 4370
6 4370
3 4370
5 4370
4 340
1 360
3 269
1 413
12 887
0 187
1 187
4 534
6 1539
5 726
128 257
201 202
0 764
1 764
9 473
2 729
0 729
3 729
4 174
296 593
4 326
4 282
29 59
11 2849
24 2849
28 2849
8 2849
8 225
217 435
1 435
3 522
72 146
32 479
3 399
3 587
13 562
393 788
2 788
393 788
393 788
393 788
0 788
0 788
393 788
393 788
2 473
1 473
1 1528
0 1528
20 1904
16 1904
2 733
218 219
50 2417
56 2417
44 594
14 594
32 594
0 620
1 620
2 476
4 476
5 405
27 1695
1 91
45 91
2 1223
1 1223
14 1223
478 479
2 328
3 1879
0 1879
52 4834
36 4834
3 4834
0 4834
37 4834
38 4834
3 145
737 739
11 336
7 361
88 177
412 413
379 759
190 191
190 191
5 240
8 233
3 177
0 176
5 318
1 807
0 807
8 761
3 446
1 931
0 931
25 1074
3 812
143 287
15 764
25 1043
7 857
2 922
0 558
1 558
9 279
86 173
129 130
2 617
3 617
1 1707
0 1707
6 4275
4 4275
0 4275
8 4275
9 4275
0 1149
2 1149
3 1149
1 2971
0 2971
11 336
9 318
10 1026
1 92
0 92
3 311
1 161
6 774
11 127
5 379
399 400
425 428
190 381
6 562
4 497
391 393
1 279
322 323
4 395
3 223
8 362
12 509
11 2434
9 716
386 388
26 233
3 484
4 484
7 484
20 1075
19 1075
1074 1075
26 1075
58 118
0 114
21 844
829 844
1 306
0 1742
2 1742
1 1742
7 441
11 655
12 764
3 509
1868 3737
1 3737
2 3737
0 3737
12 562
1090 2181
3 338
3 40
3 379
4 405
5 474
2 98
1140 1143
183 368
27 699
0 343
12 126
7 1644
8 1644
0 767
1 767
383 767
9 20
154 310
2 354
3 61
5 297
363 727
12 395
1617 1618
4 233
190 381
4 473
108 217
6 152
383 768
7 171
2 567
1 301
0 461
393 788
2 788
393 788
393 788
393 788
0 788
0 788
393 788
393 788
3 405
652 653
2 139
1 324
7 973
13 1386
5 633
23 664
29 1618
19 395
4 295
171 344
10 230
1109 2219
1 385
6 527
20 1926
23 1926
9 548
0 919
18 699
4 472
4 327
2 821
3 821
4 821
4 526
3 567
2 1012
2 1012
3 1012
11 562
369 739
1 266
113 227
0 241
16 635
2 391
4 177
1 407
7 435
531 535
12 527
3 371
3 371
2 240
7 57
148 297
7 262
1 361
24 1312
83 84
285 287
13 509
584 585
16 592
25 812
1169 2339
286 290
1 948
3 948
2 448
22 973
5 360
9 389
20 1646
0 2101
1 2101
2 2101
3 2101
6 876
14 472
4 265
26 777
2 502
2 137
104 209
10 144
2 183
1 370
67 135
2 120
8 962
32 721
113 114
5 3218
14 1747
0 231
4 1110
0 153
5 290
7 397
8 325
9 319
8 382
8 5267
18 5267
7 5267
9 5267
14 5267
12 5267
13 5267
15 5267
3 5267
5 5267
4 5267
2 5267
10 5267
16 5267
1 1034
0 1034
0 2191
1 2191
6 247
3 247
11 1416
513 1027
0 319
3 1042
0 384
4 163
8 127
3 484
1 900
5 544
18 265
7 368
1 930
1 2416
0 2416
5 2416
12 919
406 407
5 382
3 247
4 233
2 1183
1 1183
0 1183
3 1185
5 382
4 340
0 3763
1 3763
176 177
16 477
140 141
23 242
0 295
1 295
16 395
307 615
2 308
4 1695
6 511
0 227
3 257
36 2339
394 395
2 359
8 761
256 257
0 176
11 336
3 195
363 365
239 240
229 230
2 196
7 338
19 1116
18 1116
6 1124
2 300
15 1623
28 906
0 57
2 188
6 1057
0 233
2 721
16 318
9 735
30 699
3 446
6 310
1 165
232 465
4 1130
339 679
2 392
173 348
1 1898
0 1898
6 472
3 950
11 950
4 950
3 191
7 1695
6 324
2 282
3 861
20 1695
179 360
947 960
383 388
2 1701
4 453
1 453
246 247
1 461
294 295
25 1042
18 549
159 319
9 1110
14 2517
1 866
0 866
4 141
2 387
23 48
0 1791
1 1791
21 511
2 275
142 286
0 423
8 191
15 950
14 509
2 861
4 364
5 364
377 378
13 3651
4 364
5 364
0 298
672 679
24 654
176 177
10 605
4 392
3 392
9 569
0 43
5 414
3 272
5 327
1 2050
2 2050
3 2050
2 617
15 927
1 1268
0 1268
2 1268
706 1413
78 157
315 317
31 790
394 790
8 812
538 1077
7 584
280 562
25 1360
5 1695
202 405
293 587
5 127
1 1592
0 1592
0 1719
2 1719
1 1719
2 548
1 548
97 195
350 352
1 1043
2 2703
0 2703
1 2703
3 2703
26 1165
14 395
7 1323
4 1323
3 1323
25 1323
10 1323
2 118
164 165
11 663
9 451
30 1536
0 1526
1 1526
3 1526
1 116
11 327
3 587
1 139
5 325
20 1288
1 116
119 240
2 217
355 712
19 1386
72 2339
10 2517
2 381
141 284
4 183
147 295
23 2517
12 2339
12 465
2 247
10 2517
4 55
5 281
0 247
1358 1360
9 461
3760 3761
17 590
6 594
377 378
26 1539
10 108
2168 4338
775 1552
3 152
4 646
10 306
26 657
28 657
20 1042
210 421
11 1042
4 222
14 1034
1 270
5 1104
2 486
501 502
2 57
407 816
30 2365
536 1074
0 187
4 2236
1 2236
2 2236
0 2236
399 405
11 1110
11 497
110 222
0 120
4 151
4 1392
4 230
4 86
77 78
1169 2339
8 9
22 1021
317 318
0 308
5 279
7 762
87 88
6 721
1 1027
14 500
1 89
2 86
12 159
2 733
8 725
10 276
4 497
25 1130
3 456
1 654
776 777
52 53
0 340
237 475
2 142
5 694
6 41
7 90
14 588
14 588
24 588
5 214
3 67
7 588
6 327
2 342
8 588
96 193
3 161
44 90
8 588
6 41
10 322
13 718
2 142
15 567
587 588
1 113
5 120
24 588
4 567
13 588
37 588
17 483
28 588
6 218
586 588
10 282
10 282
293 588
108 218
9 327
11 24
3 274
4 274
9 214
2 142
6 90
44 90
2 228
6 567
3 229
20 567
12 343
4 228
6 327
3 43
15 386
36 694
10 228
15 475
24 588
26 475
23 946
15 475
1 567
3 457
8 327
17 483
12 343
4 116
25 475
113 228
5 342
163 327
279 560
6 229
8 99
7 588
7 43
21 43
1 168
11 141
4 483
7 16
28 588
2 386
11 334
7 588
6 588
8 588
6 588
7 90
28 588
7 271
14 588
15 386
4 67
279 560
170 342
11 454
12 588
11 588
5 211
27 694
10 694
8 228
7 327
14 588
21 752
4 53
1 229
28 588
6 41
9 374
8 334
21 588
28 475
7 110
1 229
1 58
27 588
2 142
9 153
14 334
6 116
58 118
14 588
33 386
6 327
2 142
17 228
77 156
11 588
10 588
8 327
15 343
8 153
14 475
12 588
8 99
11 588
7 588
286 574
5 694
4 90
33 694
0 56
279 560
13 342
11 322
15 752
14 588
21 327
4 193
12 454
4 342
3 67
20 327
24 588
5 229
4 342
3 67
1336 2673
5 211
17 483
10 327
9 228
4 33
480 962
6 1539
13 125
0 120
5 80
3 816
8 554
2 176
18 406
0 66
1 473
6 977
5 844
1 290
7 502
87 88
0 275
7 147
4 515
3 1205
16 1403
10 1695
5 605
6 605
0 1347
1 1347
52 1516
4 295
5 473
6 59
16 1021
19 788
113 228
17 1110
3 88
4 768
7 476
12 337
339 340
31 1695
5 127
1 308
7 378
6 241
3 452
4 284
1 1900
0 1900
1 3101
0 3101
0 6
6 218
662 664
1 158
0 423
9 951
8 951
4 623
2 399
19 1577
4 278
3 214
7 2150
0 2150
1 145
0 404
1 1074
9 336
5 362
4 594
1 216
20 439
5 527
28 1386
7 639
16 762
5 625
6 625
0 725
11 395
2 1036
26 1042
7 393
14 1539
3 368
10 1539
58 117
9 632
1041 1042
10 518
1 567
2 452
4 1071
4 347
6 303
0 120
269 270
20 2237
48 2237
0 2237
2 2237
21 2237
1 233
775 1552
0 409
0 1230
1 1230
40 853
1 400
0 126
9 446
23 857
3 973
1 274
0 274
0 3390
35 3390
1 3390
6 3390
1 584
15 890
7 626
107 216
0 1346
5 247
143 287
39 79
2 196
19 191
160 7353
11 7353
56 7353
437 7353
63 7353
80 7353
204 7353
27 7353
20 7353
566 7353
13 7353
181 7353
45 7353
211 7353
24 7353
44 7353
6 141
3 2466
2 2466
1 2466
0 2466
1446 1456
26 10604
0 10604
69 10604
63 10604
8 10604
18 10604
1 10604
33 10604
10 10604
22 10604
12 10604
88 10604
11 10604
17 10604
110 10604
5 10604
2 1655
3 1655
1 407
2 1162
3 1162
0 1162
1 1162
11 479
22 623
1 87
1 564
195 391
3 295
2 590
1 508
41 1695
23 47
393 788
3 788
20 788
17 788
393 788
0 788
1 788
11 788
393 788
7 230
4 739
6 436
33 1695
1 247
4 626
18 567
114 115
23 48
10 344
3 684
38 764
3 582
5 1072
1 1862
0 1862
9 369
17 876
4 625
231 233
1 937
0 937
4 937
4 230
2 421
2 272
6 218
4 812
825 826
7 919
3 887
3 1072
16 2339
4 958
3 958
18 1623
9 141
6 792
9 811
2 2330
0 2330
9 247
970 974
12 120
0 182
1 423
3 1967
2 30
9 384
2 549
1143 1153
0 497
5 188
6 498
0 157
1 157
2338 2339
10 950
56 57
0 135
12 473
1 962
4 448
1 163
5 414
2 1161
0 1161
1 1161
0 117
1 96
20 1403
3 1346
1 139
31 1110
5 473
11 318
4 318
4 700
1 162
5 1967
11 1539
10 1539
105 106
0 5662
2 5662
4 5662
2 5662
1 5662
1534 1536
34 1536
13 625
11 2565
7 2565
10 2565
6 2565
8 2565
9 2565
1745 1747
17 384
4 183
1 1249
4 1249
1 87
23 812
8 746
0 2128
1 2128
3 2128
5 473
1 67
1 124
176 178
8 764
2 379
12 2396
6 2396
7 2396
11 890
21 890
10 890
7 38
2 2407
3 2407
1 2407
6 2407
4 735
0 581
1 581
0 385
0 385
14 615
1 139
5 641
4 448
3 1064
2 1064
9 2225
4 89
1 941
1 89
6 1419
0 452
3 80
13 554
1 89
15 1294
16 1294
19 381
28 1948
6 1948
4 1948
27 1948
3 962
4 448
2 352
136 137
4 594
1 1708
0 1708
143 287
0 25
13 816
3 626
0 90
21 2339
2 1536
9 233
1 69
6 319
9 796
8 446
5 527
2 142
1 369
2 153
16 590
5 385
411 413
1 446
1 2395
2 2395
3 404
295 592
19 2163
16 2163
17 2163
27 55
18 191
1 2423
0 2423
5 2423
3 344
4 196
13 452
56 1403
0 1205
1 1205
12 1014
3 294
4 448
4 86
11 395
14 844
17 844
7 303
1358 1360
1 812
106 107
1 562
10 479
9 467
41 1733
25 1733
26 1733
4 80
738 739
0 446
123 247
7 389
1 733
5 215
4 295
25 431
3 175
129 130
186 187
1 135
4 284
12 371
10 330
2 1724
0 1724
1 1724
1 549
8 919
569 1139
0 896
1 896
5 437
51 103
19 264
8 261
3 264
7 648
20 1577
0 1501
3 1501
1 1501
13 617
34 1618
2 285
11 504
9 115
1 48
10 247
14 737
0 223
6 509
4 311
4 594
22 477
2 345
2 733
9 789
7 789
15 605
3 1747
3 347
4 1511
6 1511
5 362
145 147
0 307
10 139
9 139
5 382
52 1766
393 788
2 788
6 788
4 788
393 788
0 788
1 788
393 788
5 788
4 694
0 694
4 307
4 174
3 371
7 1077
5 537
88 178
2 103
5 290
1 3159
2 3159
0 3159
19 1331
24 50
2 716
1 508
13 1909
24 1909
12 1909
4 1618
3 1618
8 384
9 384
0 102
1 94
9 585
5 474
267 535
1 261
294 295
0 169
7 148
4 183
18 876
2 733
14 1787
4 1787
3 1787
4 617
0 1553
1 1553
9 504
1 343
1 632
7 127
13 504
7 1083
2 65
10 1144
5 178
5 172
119 240
215 431
18 919
497 498
6 1618
29 1475
183 368
3 26
7 1965
6 1965
0 1965
3 1965
1 1965
2 1965
14 125
3 175
27 55
20 379
1 229
0 229
1 230
10 1042
10 344
320 323
4 746
17 876
12 479
403 406
4 504
3 171
10 575
22 764
12 1913
1 1913
4 1057
5 269
1 173
5 344
5 772
23 242
14 1695
14 1695
6 382
17 764
3 175
0 94
8 811
5 394
4 1287
0 176
10 139
0 310
1 360
4 230
8 811
7 381
0 1129
9 1129
1 1129
1 638
14 1071
37 1410
7 1410
3 1410
8 811
5 497
18 37
2 285
8 305
2 256
1 360
116 233
616 623
2 1061
259 260
5 452
5 563
9 592
4 144
163 327
1 617
12 337
13 362
397 5976
67 5976
44 5976
92 5976
104 5976
33 5976
114 5976
59 5976
25 5976
1073 1075
378 379
22 661
1 162
3 2517
26 431
6 100
4 1386
6 850
5 511
403 405
1 1102
0 1102
1 370
7 196
1 361
13 841
697 698
0 124
0 290
108 218
434 439
13 229
4 349
4 89
1 360
12 333
12 333
8 526
2 122
2 412
3 196
13 874
0 247
8 896
0 338
1 338
2 142
72 1779
889 1779
74 1779
889 1779
10 1238
17 876
6 1853
0 1853
1 1853
3 592
562 564
2 173
21 1539
1 158
5 812
6 584
2 328
5 262
9 816
2 99
6 796
12 404
5 146
2 345
2 464
226 228
273 274
459 919
11 502
4 1110
120 122
5 446
514 518
0 141
10 585
20 561
9 2808
12 1357
707 1416
2 204
6 100
281 563
8 564
4 473
20 1110
10 339
163 327
1 308
23 295
1 587
11 777
21 558
148 149
5 209
278 279
1 962
0 3095
1 3095
5 3095
3 1617
2 1617
1 1617
0 1617
8 318
11 327
1 1767
2 1767
0 1767
6 1767
239 240
4 1071
13 522
4 1618
1 465
0 465
1 465
