9 384
10 375
17 392
0 576
1 576
37 776
38 776
21 511
14 2287
12 2287
4 745
4 745
13 914
12 338
5 448
0 691
1 691
2 183
912 914
18 1155
44 1155
577 1155
10 1155
11 1155
4 1370
25 1623
22 7389
13 7389
76 7389
1 7389
0 7389
2 7389
4 7389
72 7389
186 7389
70 7389
178 7389
70 2339
7 615
25 1288
174 176
10 1265
11 1265
16 1265
5 150
3 79
3 1983
4 1983
6 1983
5 1983
5 269
198 397
0 1208
5 1208
1 1208
8 1474
11 240
4 448
21 558
1 1113
0 1113
2 79
17 305
399 400
5 388
16 590
12 1483
75 152
1 152
8 796
767 1536
8 805
12 276
13 328
4 1267
8 1267
0 1267
11 1267
2 1267
13 522
4 198
0 1013
0 1013
3 152
14 1303
0 1008
1 1008
1 327
7 562
13 737
13 737
4 264
7 175
0 44
0 89
14 1913
1 1913
15 1539
972 973
854 855
7 301
45 7645
292 7645
132 7645
2 7645
18 7645
64 7645
75 7645
31 7645
21 7645
130 7645
159 7645
49 7645
53 7645
61 7645
67 7645
115 7645
134 7645
7 7645
20 7645
73 7645
738 9306
5 9306
60 9306
7 9306
3 9306
319 9306
67 9306
4 9306
2 9306
802 9306
458 9306
0 9306
32 9306
387 9306
20 9306
222 9306
157 9306
166 9306
11 3760
121 3760
0 3760
6 3760
18 3760
7 3760
3 3760
12 3760
45 689
3 295
3 1454
0 1454
1 1454
4 1454
7 626
5 203
4 405
10 794
8 794
2 844
328 657
1109 1110
5 150
5 1071
1 812
1 812
0 422
15 896
14 395
37 2339
1 135
8 324
4 721
7 79
2 204
8 811
10 368
15 380
15 380
3 384
8 152
48 98
9 68
3 446
11 777
11 777
14 884
19 884
18 1514
437 876
5 348
0 169
1 663
0 663
16 303
11 240
25 441
20 1474
6 733
7 1077
3 404
3 973
1 138
18 1618
3 567
17 876
1 176
20 2150
21 2150
17 876
155 311
3 1597
0 1597
1 1597
10 1597
20 618
4 98
5 184
39 776
36 776
496 497
4 57
17 392
0 670
1 670
17 392
11 511
6 247
4 876
171 344
11 965
769 1539
3 509
4 215
17 176
4 215
4 215
32 1386
282 283
763 764
14 465
5 792
22 10782
9 10782
32 10782
23 10782
2 10782
201 10782
25 10782
116 10782
74 10782
69 10782
14 10782
196 10782
20 10782
5 10782
4 10782
58 10782
169 10782
6 10782
13 10782
15 10782
21 10782
34 10782
171 10782
3 10782
14 10782
11 10782
4 224
23 767
10 144
269 540
2 2510
0 2510
134 269
5 269
2 1269
1 1269
5 919
6 782
4 448
1 931
0 931
2 247
4 89
23 2038
0 2038
1 2038
3 446
28 737
0 1898
1 1898
291 584
22 1360
8 2257
7 2257
38 1695
62 2339
1067 1072
4 746
4 746
0 2150
6 2150
37 3410
0 3410
9 3410
4 746
0 2150
7 2150
20 764
4 746
5 456
23 590
14 2449
15 2449
23 191
11 777
2 266
20 1027
487 976
487 976
22 3000
51 3000
23 3000
123 3000
28 3000
41 3000
4 202
3 456
10 777
380 381
0 295
5 186
220 441
1 94
33 68
8 287
11 240
70 142
13 240
11 655
5 1197
5 2831
3 2831
2 2831
0 2831
6 1331
5 4210
3 4210
88 4210
2 4210
9 4210
55 4210
146 4210
60 4210
4 4210
11 4210
99 4210
4 20
4 209
1 677
0 677
0 1547
1 1547
7 888
5 888
343 344
407 413
2 1012
1 1012
3 1012
10 269
13 467
10 504
554 1110
9 585
2 2128
3 2128
1 2128
12 960
15 1483
1533 1536
28 1536
1101 1110
1 1069
3 1069
0 1069
1010 1014
19 811
9 1110
13 423
1 93
5 183
3 384
5 724
8 2375
1 2375
2 2375
1 178
393 788
2 788
4 788
6 788
393 788
0 788
1 788
393 788
5 788
0 203
10 226
1 4949
11 4949
2 4949
33 4949
55 4949
32 4949
38 4949
4 120
57 2150
3 2150
6 2150
10 653
686 689
13 2955
3 2955
10 2955
2 2955
25 2955
0 2955
9 2955
14 1695
3 439
30 439
12 225
7 2163
6 2163
184 13875
1 13875
75 13875
17 13875
14 13875
55 13875
12 13875
0 13875
165 13875
20 13875
6937 13875
161 13875
51 13875
8 13875
36 2339
4 222
4 150
7 1164
8 1164
11 1164
3 2347
0 2347
1 2347
2 2347
630 633
9 384
4 3126
13 3126
10 3126
0 3126
8 3126
3 3126
2 3126
0 1078
1 1078
3 1078
3 267
17 1926
262 526
34 812
18 858
15 5657
14 5657
40 5657
19 5657
9 5657
8 5657
37 5657
198 5657
37 1042
13 423
7 218
85 172
13 1307
54 1021
16 384
21 400
239 240
6 247
1 176
6 247
8 124
22 618
6 247
0 1708
3 1708
1 1708
2 1708
1 762
0 762
1 152
18 371
5 264
1 442
4 442
9 389
74 5642
11 5642
13 5642
141 5642
56 5642
64 5642
42 5642
5 416
111 223
4 86
23 543
17 1403
16 1403
14 679
23 2517
1 87
344 689
9 336
4 89
3 153
1402 1403
19 1963
18 1963
0 2002
2 2002
46 2002
143 147
14 147
8 163
131 264
8 1539
131 264
24 590
0 181
120 241
1 465
381 764
381 764
17 764
9 295
2 1652
1 1652
7 1967
4 86
4 1110
2 1183
0 1183
1 1183
4 876
9 389
3 1124
1 1124
10 1014
0 961
8 961
1 961
8 526
2 359
30 1130
7 257
28 1386
14 842
520 1042
3 257
17 2403
51 2403
18 2403
1 106
10 375
14 617
31 270
269 270
10 340
4 327
16 380
11 518
2 587
0 587
8 384
1 424
17 264
22 699
3 1317
2 1317
0 1317
6 120
8 594
3 538
0 603
34 1130
3 344
239 240
7 1241
4 122
28 855
0 1898
2 1898
1 1898
0 1898
16 384
8 17
18 914
7 777
81 163
25 4713
29 4713
5 4713
2356 4713
2 4713
33 4713
0 44
0 2150
3 2150
4 2150
3 2150
9 402
132 266
0 781
2 781
1 781
5 781
663 664
16 689
13 874
9 796
795 796
78 1464
46 1464
47 1464
12 548
8 382
116 233
2 663
10 257
252 506
9 1012
4 257
4 626
3 371
390 782
42 3816
1 3816
3 3816
0 3816
4 3816
2 3816
9 3816
10 340
1 1347
0 1347
1 149
8 554
4 364
5 364
147 295
217 435
22 695
1 1247
0 1247
7 423
36 914
5 265
0 631
3 631
5 186
33 518
85 171
255 511
42 431
1 2308
0 2308
9 2303
7 2303
0 145
2 145
7 145
14 467
12 518
4 405
8 318
17 423
12 324
387 389
23 8726
10 8726
68 8726
106 8726
148 8726
27 8726
300 8726
67 8726
48 8726
41 8726
21 8726
81 8726
66 8726
7 422
107 108
7 456
1 1036
0 1036
18 391
3 344
17 679
2 154
198 397
14 3066
13 3066
32 3066
1 1214
0 1214
46 1595
50 1595
763 764
2 457
3 368
1 376
4 209
206 209
1 1191
0 1191
20 592
377 378
70 141
9 389
10 446
5 264
8 526
9 1110
6366 12734
26 12734
5 12734
246 12734
15 12734
94 12734
6366 12734
77 12734
10 12734
237 12734
76 12734
76 12734
35 12734
29 12734
78 12734
313 12734
153 12734
82 12734
9 203
4 89
651 653
11 295
1 841
5 441
7 384
4 876
43 1264
631 1264
48 1264
6 404
11 1483
13 1110
18 590
16 590
5 264
0 107
17 1386
11 148
44 89
10 842
460 461
0 669
1 669
14 737
23 699
7 423
13 737
0 107
0 107
8 148
0 473
30 2629
42 2629
9 2629
8 2629
9 384
3 1589
0 1589
1 1589
3 113
1 2696
0 2696
8 2696
5 774
34 664
493 987
5 987
6 987
12 4344
2 4344
6 4344
43 4344
8 4344
5 4344
1 4344
4 222
312 626
15 1376
2 1376
14 1376
4 1376
21 558
4 680
5 680
4 234
2 177
5 177
18 384
17 441
23 441
1 376
0 1511
1 1511
7 522
6 522
0 169
13 737
34 664
12 479
20 2238
30 2238
29 2238
18 2238
16 1074
12 737
6 762
1258 2517
393 788
28 2300
27 2300
761 762
20 618
2 183
268 270
11 558
2 252
16 295
21 1913
22 1913
29 656
5 656
6 656
13 240
3 423
381 764
24 373
0 446
3 357
7 423
0 632
16 590
280 562
227 456
0 9
293 587
4 562
7 1014
1 774
7 404
4 567
7 1407
5 594
0 690
1 690
249 250
125 127
294 295
3 2725
1 2725
4 2725
0 2725
2 2725
1 442
0 442
11 518
1 508
0 269
1 269
0 38
3 6094
2 6094
1 6094
0 6094
5 6094
1369 1370
12 2737
11 2737
14 1409
262 526
10 465
4 339
1 960
0 960
22 382
7 295
5 404
5 431
3 1536
7 615
1 844
1 308
8 504
6 560
0 730
1 730
3 764
1 1701
11 240
141 283
13 596
17 392
6 2339
5 2339
2 303
1 461
19 563
7 438
0 122
0 980
1 980
422 845
1 665
4 378
2 352
8 889
7 889
3 189
1 431
7 751
262 526
11 1955
5 1955
7 1955
9 1955
4 1955
6 1955
8 9453
26 9453
9 9453
0 9453
4 9453
37 9453
2 9453
10 9453
3 9453
12 9453
15 9453
13 9453
11 9453
7 9453
5 9453
0 3604
1 3604
4 3604
1801 3604
2 3604
4 2982
1 2982
5 2982
2 2982
6 2982
7 1152
498 499
0 181
1 181
124 249
18 613
14 395
6 575
3 122
3 1114
1 1114
141 283
141 283
0 241
27 55
654 655
1 1887
0 1887
2 1887
31 7512
25 7512
9 7512
110 7512
126 7512
24 7512
32 7512
355 7512
275 7512
306 7512
106 7512
15 7512
82 7512
305 7512
7506 7512
4 328
5 623
1 106
1 82
9 305
97 196
75 151
6 439
1 328
19 2031
2 4370
7 4370
4 4370
0 4370
1 4370
6 4370
3 4370
5 4370
3 340
1 360
3 269
1 413
15 887
0 187
1 187
5 534
6 1539
5 726
128 257
201 202
0 764
1 764
9 473
1 729
0 729
3 729
3 174
296 593
4 326
4 282
29 59
12 2849
24 2849
28 2849
8 2849
8 225
217 435
0 435
3 522
72 146
27 479
2 399
3 587
11 562
393 788
2 788
393 788
393 788
393 788
0 788
0 788
393 788
393 788
2 473
1 473
1 1528
0 1528
15 1904
13 1904
1 733
218 219
52 2417
53 2417
27 594
14 594
296 594
0 620
1 620
2 476
4 476
5 405
22 1695
1 91
45 91
2 1223
1 1223
14 1223
478 479
2 328
3 1879
0 1879
51 4834
38 4834
2 4834
0 4834
36 4834
37 4834
3 145
738 739
11 336
6 361
88 177
412 413
379 759
190 191
190 191
2 240
8 233
3 177
0 176
5 318
1 807
0 807
8 761
3 446
1 931
0 931
25 1074
2 812
143 287
13 764
25 1043
7 857
2 922
0 558
1 558
5 279
86 173
64 130
2 617
3 617
1 1707
0 1707
6 4275
4 4275
0 4275
9 4275
8 4275
0 1149
2 1149
3 1149
2 2971
0 2971
11 336
6 318
10 1026
1 92
0 92
3 311
1 161
5 774
11 127
8 379
399 400
423 428
190 381
6 562
4 497
392 393
0 279
322 323
2 395
4 223
8 362
12 509
11 2434
9 716
386 388
20 233
3 484
4 484
5 484
20 1075
20 1075
33 1075
1074 1075
58 118
0 114
421 844
16 844
6 306
0 1742
2 1742
1 1742
6 441
13 655
11 764
2 509
1868 3737
2 3737
1 3737
0 3737
11 562
1090 2181
3 338
3 40
2 379
4 405
5 474
2 98
2 1143
183 368
349 699
0 343
12 126
7 1644
8 1644
0 767
1 767
383 767
9 20
154 310
2 354
3 61
4 297
363 727
12 395
1617 1618
4 233
190 381
1 473
108 217
2 152
383 768
0 171
3 567
2 301
0 461
393 788
2 788
393 788
393 788
393 788
0 788
0 788
393 788
393 788
3 405
652 653
69 139
1 324
9 973
15 1386
5 633
23 664
21 1618
19 395
4 295
171 344
229 230
1109 2219
1 385
5 527
21 1926
46 1926
9 548
0 919
20 699
4 472
4 327
2 821
3 821
4 821
4 526
4 567
2 1012
2 1012
3 1012
11 562
369 739
1 266
113 227
0 241
15 635
2 391
4 177
1 407
7 435
533 535
8 527
5 371
9 371
2 240
7 57
148 297
8 262
1 361
22 1312
83 84
284 287
13 509
12 585
14 592
20 812
1169 2339
144 290
2 948
3 948
2 448
486 973
3 360
9 389
16 1646
1 2101
3 2101
2 2101
0 2101
6 876
29 472
14 265
16 777
2 502
68 137
104 209
10 144
2 183
1 370
67 135
2 120
8 962
29 721
1 114
5 3218
14 1747
0 231
4 1110
0 153
5 290
7 397
7 325
8 319
190 382
4 5267
18 5267
11 5267
6 5267
13 5267
16 5267
12 5267
14 5267
1 5267
9 5267
7 5267
0 5267
10 5267
15 5267
1 1034
0 1034
0 2191
1 2191
6 247
7 247
10 1416
513 1027
0 319
3 1042
0 384
4 163
8 127
3 484
1 900
5 544
132 265
7 368
0 930
1 2416
0 2416
5 2416
9 919
406 407
5 382
3 247
4 233
2 1183
1 1183
0 1183
4 1185
5 382
4 340
0 3763
1 3763
176 177
16 477
4 141
23 242
0 295
1 295
18 395
307 615
1 308
4 1695
4 511
0 227
3 257
36 2339
394 395
2 359
9 761
256 257
0 176
11 336
3 195
359 365
239 240
6 230
2 196
6 338
19 1116
18 1116
6 1124
2 300
15 1623
452 906
28 57
2 188
5 1057
0 233
2 721
8 318
9 735
349 699
3 446
6 310
1 165
232 465
15 1130
339 679
2 392
173 348
1 1898
0 1898
5 472
4 950
11 950
3 950
3 191
7 1695
6 324
2 282
3 861
43 1695
179 360
950 960
385 388
2 1701
3 453
1 453
246 247
2 461
294 295
26 1042
274 549
159 319
8 1110
19 2517
1 866
0 866
2 141
2 387
23 48
0 1791
1 1791
11 511
3 275
142 286
0 423
6 191
15 950
17 509
2 861
4 364
5 364
377 378
9 3651
4 364
5 364
0 298
672 679
23 654
176 177
10 605
4 392
3 392
6 569
0 43
5 414
3 272
4 327
1 2050
2 2050
3 2050
2 617
14 927
1 1268
0 1268
2 1268
706 1413
78 157
315 317
32 790
394 790
8 812
538 1077
6 584
280 562
24 1360
5 1695
202 405
293 587
5 127
1 1592
0 1592
0 1719
2 1719
1 1719
2 548
1 548
97 195
350 352
1 1043
2 2703
0 2703
1 2703
3 2703
23 1165
14 395
8 1323
6 1323
3 1323
25 1323
10 1323
2 118
164 165
11 663
7 451
22 1536
2 1526
1 1526
1 1526
1 116
10 327
3 587
0 139
5 325
1285 1288
1 116
119 240
2 217
355 712
30 1386
71 2339
10 2517
190 381
141 284
3 183
147 295
23 2517
13 2339
24 465
2 247
10 2517
4 55
5 281
0 247
38 1360
9 461
3760 3761
16 590
6 594
377 378
26 1539
10 108
2168 4338
775 1552
3 152
2 646
10 306
26 657
28 657
22 1042
210 421
11 1042
5 222
33 1034
1 270
6 1104
2 486
501 502
2 57
407 816
4 2365
536 1074
0 187
4 2236
2 2236
1 2236
0 2236
403 405
5 1110
9 497
110 222
0 120
4 151
4 1392
4 230
4 86
77 78
1169 2339
8 9
22 1021
16 318
1 308
3 279
7 762
87 88
5 721
1 1027
15 500
1 89
2 86
12 159
2 733
14 725
10 276
4 497
25 1130
3 456
1 654
776 777
1 53
0 340
237 475
2 142
7 694
6 41
7 90
14 588
14 588
24 588
5 214
3 67
7 588
6 327
2 342
8 588
96 193
3 161
44 90
10 588
6 41
10 322
13 718
2 142
15 567
587 588
56 113
5 120
24 588
4 567
293 588
39 588
17 483
28 588
5 218
587 588
13 282
10 282
293 588
108 218
9 327
11 24
3 274
4 274
9 214
2 142
5 90
44 90
2 228
6 567
3 229
14 567
12 343
5 228
6 327
3 43
17 386
346 694
113 228
15 475
24 588
237 475
25 946
15 475
1 567
3 457
10 327
17 483
12 343
4 116
25 475
113 228
5 342
163 327
279 560
4 229
8 99
8 588
21 43
21 43
1 168
11 141
4 483
7 16
28 588
2 386
12 334
293 588
293 588
6 588
293 588
7 90
28 588
7 271
14 588
14 386
4 67
279 560
170 342
11 454
12 588
10 588
5 211
346 694
9 694
8 228
6 327
14 588
20 752
4 53
0 229
28 588
5 41
9 374
8 334
17 588
32 475
7 110
1 229
1 58
27 588
2 142
8 153
14 334
5 116
58 118
14 588
30 386
6 327
2 142
16 228
77 156
11 588
10 588
8 327
23 343
76 153
14 475
12 588
8 99
11 588
7 588
286 574
5 694
4 90
32 694
0 56
279 560
13 342
160 322
15 752
14 588
19 327
4 193
11 454
4 342
3 67
20 327
24 588
5 229
4 342
3 67
1336 2673
5 211
17 483
10 327
9 228
4 33
480 962
6 1539
13 125
0 120
39 80
3 816
8 554
2 176
18 406
0 66
1 473
6 977
5 844
1 290
7 502
87 88
2 275
9 147
4 515
3 1205
16 1403
10 1695
5 605
6 605
0 1347
1 1347
48 1516
4 295
5 473
6 59
12 1021
17 788
113 228
16 1110
3 88
4 768
7 476
12 337
339 340
18 1695
5 127
1 308
7 378
6 241
451 452
4 284
1 1900
0 1900
1 3101
0 3101
0 6
6 218
662 664
1 158
0 423
8 951
7 951
4 623
2 399
19 1577
4 278
3 214
6 2150
0 2150
1 145
0 404
1 1074
9 336
5 362
4 594
1 216
8 439
5 527
27 1386
6 639
15 762
6 625
7 625
0 725
11 395
2 1036
26 1042
2 393
18 1539
3 368
11 1539
58 117
10 632
49 1042
258 518
1 567
2 452
5 1071
4 347
5 303
0 120
269 270
20 2237
48 2237
0 2237
1 2237
21 2237
1 233
775 1552
0 409
0 1230
1 1230
36 853
1 400
0 126
10 446
856 857
3 973
1 274
0 274
0 3390
35 3390
1 3390
6 3390
1 584
13 890
7 626
107 216
0 1346
5 247
143 287
39 79
2 196
21 191
160 7353
16 7353
55 7353
438 7353
62 7353
80 7353
204 7353
26 7353
19 7353
538 7353
13 7353
181 7353
41 7353
211 7353
24 7353
44 7353
5 141
3 2466
2 2466
1 2466
0 2466
1449 1456
4 10604
1 10604
51 10604
65 10604
9 10604
0 10604
11 10604
37 10604
13 10604
23 10604
17 10604
89 10604
2 10604
20 10604
110 10604
10 10604
5 1655
4 1655
1 407
2 1162
3 1162
0 1162
1 1162
6 479
18 623
1 87
1 564
195 391
3 295
2 590
1 508
847 1695
23 47
393 788
3 788
17 788
15 788
393 788
0 788
1 788
9 788
393 788
7 230
5 739
5 436
41 1695
1 247
4 626
19 567
57 115
23 48
10 344
3 684
381 764
3 582
5 1072
1 1862
0 1862
9 369
17 876
4 625
232 233
1 937
0 937
5 937
4 230
2 421
2 272
5 218
4 812
825 826
7 919
3 887
3 1072
14 2339
4 958
3 958
19 1623
9 141
8 792
8 811
2 2330
1 2330
6 247
973 974
12 120
0 182
0 423
3 1967
2 30
9 384
2 549
1144 1153
0 497
4 188
6 498
0 157
1 157
2338 2339
10 950
56 57
0 135
13 473
1 962
4 448
1 163
5 414
2 1161
0 1161
1 1161
0 117
1 96
20 1403
3 1346
1 139
54 1110
17 473
9 318
4 318
4 700
1 162
5 1967
11 1539
10 1539
105 106
0 5662
2 5662
4 5662
2 5662
1 5662
1534 1536
33 1536
13 625
11 2565
6 2565
10 2565
7 2565
8 2565
9 2565
1745 1747
14 384
5 183
1 1249
4 1249
1 87
23 812
8 746
0 2128
1 2128
3 2128
5 473
1 67
4 124
177 178
8 764
2 379
12 2396
6 2396
8 2396
11 890
21 890
10 890
7 38
2 2407
3 2407
0 2407
6 2407
4 735
0 581
1 581
0 385
0 385
16 615
1 139
7 641
4 448
3 1064
2 1064
10 2225
4 89
1 941
1 89
6 1419
3 452
3 80
8 554
1 89
14 1294
16 1294
190 381
29 1948
2 1948
0 1948
25 1948
3 962
3 448
2 352
136 137
4 594
1 1708
0 1708
143 287
0 25
2 816
3 626
0 90
15 2339
2 1536
9 233
1 69
6 319
9 796
8 446
5 527
1 142
1 369
2 153
16 590
5 385
411 413
1 446
1 2395
2 2395
2 404
295 592
19 2163
16 2163
17 2163
27 55
18 191
1 2423
0 2423
4 2423
3 344
4 196
0 452
30 1403
0 1205
1 1205
12 1014
3 294
4 448
5 86
12 395
13 844
17 844
151 303
1359 1360
1 812
106 107
1 562
11 479
8 467
41 1733
25 1733
26 1733
4 80
6 739
0 446
123 247
7 389
1 733
4 215
4 295
24 431
3 175
129 130
186 187
1 135
4 284
6 371
8 330
2 1724
0 1724
1 1724
1 549
8 919
569 1139
0 896
1 896
4 437
51 103
19 264
8 261
3 264
7 648
22 1577
0 1501
3 1501
1 1501
16 617
33 1618
2 285
503 504
6 115
1 48
5 247
14 737
0 223
7 509
3 311
4 594
238 477
2 345
2 733
9 789
7 789
15 605
3 1747
4 347
3 1511
6 1511
5 362
144 147
0 307
10 139
9 139
5 382
882 1766
393 788
2 788
6 788
4 788
393 788
0 788
1 788
393 788
5 788
3 694
0 694
4 307
3 174
14 371
538 1077
5 537
88 178
0 103
5 290
1 3159
2 3159
0 3159
18 1331
24 50
2 716
1 508
13 1909
24 1909
12 1909
1 1618
3 1618
8 384
9 384
0 102
1 94
9 585
5 474
267 535
1 261
294 295
0 169
7 148
4 183
18 876
2 733
14 1787
7 1787
3 1787
4 617
0 1553
1 1553
9 504
1 343
1 632
7 127
13 504
8 1083
2 65
4 1144
3 178
5 172
119 240
215 431
19 919
497 498
6 1618
39 1475
183 368
3 26
7 1965
6 1965
1 1965
3 1965
0 1965
2 1965
14 125
3 175
27 55
19 379
1 229
0 229
1 230
10 1042
10 344
11 323
4 746
17 876
12 479
404 406
4 504
3 171
7 575
22 764
15 1913
2 1913
5 1057
5 269
1 173
3 344
5 772
23 242
14 1695
14 1695
6 382
17 764
3 175
0 94
8 811
6 394
4 1287
0 176
138 139
0 310
1 360
4 230
8 811
7 381
0 1129
9 1129
1 1129
1 638
13 1071
37 1410
1 1410
5 1410
8 811
6 497
18 37
2 285
9 305
2 256
1 360
116 233
620 623
2 1061
259 260
5 452
5 563
8 592
4 144
163 327
1 617
12 337
10 362
394 5976
67 5976
40 5976
93 5976
104 5976
29 5976
112 5976
59 5976
28 5976
1074 1075
13 379
20 661
1 162
3 2517
26 431
6 100
4 1386
6 850
5 511
404 405
0 1102
1 1102
1 370
8 196
1 361
16 841
697 698
0 124
0 290
108 218
435 439
14 229
4 349
4 89
1 360
12 333
12 333
8 526
3 122
2 412
97 196
13 874
0 247
7 896
0 338
1 338
2 142
73 1779
889 1779
64 1779
889 1779
11 1238
17 876
6 1853
0 1853
1 1853
3 592
563 564
86 173
11 1539
1 158
5 812
6 584
2 328
3 262
9 816
1 99
397 796
402 404
5 146
6 345
3 464
113 228
273 274
459 919
11 502
4 1110
120 122
4 446
517 518
0 141
15 585
20 561
9 2808
12 1357
707 1416
1 204
6 100
281 563
12 564
5 473
15 1110
10 339
163 327
2 308
147 295
1 587
11 777
21 558
74 149
104 209
278 279
1 962
0 3095
1 3095
5 3095
3 1617
2 1617
1 1617
0 1617
8 318
8 327
1 1767
2 1767
0 1767
6 1767
14 240
6 1071
13 522
4 1618
1 465
0 465
1 465
