6 384
373 375
21 392
2 576
0 576
34 776
7 776
466 511
2179 2287
2220 2287
683 745
0 745
6 914
0 338
1 448
677 691
686 691
4 183
28 914
1124 1155
1144 1155
1042 1155
4 1155
6 1155
1310 1370
4 1623
7388 7389
7380 7389
482 7389
14 7389
215 7389
7381 7389
7327 7389
3 7389
31 7389
7209 7389
7079 7389
2306 2339
1 615
1272 1288
163 176
1253 1265
1206 1265
1243 1265
143 150
71 79
19 1983
1964 1983
15 1983
1946 1983
244 269
352 397
3 1208
2 1208
150 1208
1459 1474
237 240
33 448
556 558
4 1113
0 1113
1 79
303 305
399 400
381 388
580 590
83 1483
1 152
5 152
792 796
1492 1536
0 805
274 276
327 328
1264 1267
1263 1267
1255 1267
1208 1267
1265 1267
0 522
194 198
962 1013
937 1013
145 152
1279 1303
987 1008
979 1008
11 327
543 562
0 737
0 737
10 264
1 175
43 44
81 89
1847 1913
1827 1913
1492 1539
972 973
851 855
299 301
330 7645
7 7645
7643 7645
652 7645
151 7645
7631 7645
7644 7645
7632 7645
7640 7645
21 7645
8 7645
7576 7645
7553 7645
7506 7645
7432 7645
7459 7645
457 7645
7355 7645
7249 7645
7571 7645
8709 9306
251 9306
9080 9306
9292 9306
9295 9306
13 9306
9305 9306
9304 9306
9207 9306
8499 9306
3 9306
9302 9306
9133 9306
9165 9306
9300 9306
9272 9306
9285 9306
191 9306
3707 3760
80 3760
3758 3760
3759 3760
3753 3760
3715 3760
3725 3760
3757 3760
679 689
266 295
1432 1454
1443 1454
25 1454
1 1454
624 626
199 203
401 405
790 794
788 794
835 844
565 657
1103 1110
144 150
2 1071
0 812
0 812
0 422
889 896
394 395
1 2339
0 135
19 324
2 721
68 79
194 204
3 811
1 368
0 380
0 380
0 384
0 152
0 98
66 68
5 446
0 777
20 777
0 884
880 884
1513 1514
840 876
321 348
0 169
656 663
662 663
301 303
237 240
438 441
1455 1474
0 733
1062 1077
375 404
0 973
134 138
1522 1618
541 567
874 876
157 176
4 2150
2094 2150
873 876
4 311
1542 1597
1487 1597
1578 1597
1533 1597
614 618
0 98
182 184
773 776
17 776
495 497
56 57
24 392
668 670
26 670
13 392
0 511
1 247
0 876
0 344
930 965
1526 1539
483 509
207 215
173 176
206 215
206 215
1361 1386
277 283
6 764
462 465
784 792
10325 10782
141 10782
10525 10782
6 10782
9891 10782
10380 10782
10440 10782
10393 10782
52 10782
11 10782
10553 10782
10759 10782
10766 10782
10774 10782
10733 10782
10485 10782
29 10782
328 10782
10731 10782
10417 10782
88 10782
10091 10782
71 10782
10761 10782
10553 10782
10426 10782
0 224
749 767
2 144
16 540
140 2510
23 2510
13 269
8 269
1256 1269
0 1269
6 919
0 782
0 448
0 931
921 931
2 247
81 89
2028 2038
14 2038
38 2038
413 446
66 737
1888 1898
1890 1898
26 584
1311 1360
2170 2257
5 2257
1683 1695
55 2339
1069 1072
3 746
7 746
38 2150
2048 2150
3381 3410
3270 3410
3330 3410
712 746
2082 2150
2116 2150
753 764
711 746
13 456
589 590
6 2449
2448 2449
184 191
713 777
6 266
1020 1027
19 976
24 976
119 3000
2995 3000
10 3000
26 3000
16 3000
2862 3000
7 202
0 456
711 777
8 381
6 295
185 186
440 441
0 94
5 68
18 287
236 240
4 142
239 240
9 655
1 1197
6 2831
4 2831
3 2831
1 2831
0 1331
4207 4210
4202 4210
4143 4210
4204 4210
4112 4210
4179 4210
27 4210
7 4210
4208 4210
4206 4210
4107 4210
0 20
202 209
0 677
29 677
1 1547
1489 1547
887 888
886 888
342 344
392 413
916 1012
8 1012
904 1012
265 269
0 467
501 504
1044 1110
5 585
2115 2128
2068 2128
2070 2128
935 960
157 1483
1493 1536
1500 1536
1106 1110
2 1069
1059 1069
1068 1069
1010 1014
760 811
1092 1110
422 423
0 93
172 183
372 384
3 724
2355 2375
2304 2375
2332 2375
170 178
778 788
780 788
784 788
776 788
781 788
782 788
775 788
777 788
779 788
5 203
219 226
22 4949
4855 4949
14 4949
5 4949
4888 4949
61 4949
87 4949
115 120
13 2150
2114 2150
2068 2150
644 653
652 689
6 2955
1 2955
2903 2955
2 2955
2931 2955
2924 2955
2874 2955
20 1695
429 439
432 439
223 225
5 2163
9 2163
941 13875
13487 13875
11 13875
10 13875
25 13875
675 13875
13301 13875
13232 13875
13210 13875
12998 13875
12738 13875
13803 13875
13775 13875
13851 13875
4 2339
213 222
148 150
3 1164
7 1164
1090 1164
1 2347
0 2347
2 2347
3 2347
629 633
1 384
3090 3126
2959 3126
3091 3126
3078 3126
104 3126
3059 3126
3067 3126
1066 1078
1075 1078
27 1078
0 267
0 1926
490 526
805 812
826 858
2 5657
62 5657
12 5657
1 5657
5576 5657
7 5657
5289 5657
5634 5657
1040 1042
422 423
201 218
158 172
42 1307
31 1021
378 384
399 400
237 240
21 247
14 176
0 247
106 124
614 618
1 247
1566 1708
61 1708
47 1708
26 1708
29 762
3 762
0 152
362 371
263 264
433 442
441 442
387 389
143 5642
40 5642
46 5642
56 5642
12 5642
4 5642
5640 5642
411 416
9 223
85 86
502 543
0 1403
10 1403
631 679
1 2517
0 87
647 689
2 336
82 89
149 153
2 1403
1959 1963
1956 1963
2 2002
26 2002
1994 2002
146 147
146 147
154 163
263 264
4 1539
254 264
583 590
177 181
225 241
24 465
6 764
7 764
730 764
279 295
1643 1652
1628 1652
1960 1967
85 86
0 1110
2 1183
0 1183
3 1183
840 876
385 389
1055 1124
1101 1124
1 1014
0 961
1 961
14 961
8 526
0 359
6 1130
0 257
1359 1386
9 842
1028 1042
0 257
2381 2403
2190 2403
2305 2403
102 106
372 375
68 617
268 270
269 270
339 340
4 327
0 380
507 518
586 587
584 587
0 384
0 424
263 264
0 699
1261 1317
1314 1317
1280 1317
115 120
2 594
0 538
0 603
13 1130
0 344
237 240
6 1241
121 122
126 855
1894 1898
1897 1898
1846 1898
1883 1898
382 384
16 17
898 914
7 777
158 163
4665 4713
4626 4713
4698 4713
4236 4713
4703 4713
4341 4713
43 44
2130 2150
2119 2150
1 2150
7 2150
371 402
255 266
762 781
748 781
692 781
770 781
660 664
686 689
0 874
20 796
795 796
1394 1464
1387 1464
1396 1464
547 548
379 382
2 233
2 663
252 257
498 506
9 1012
250 257
14 626
0 371
12 782
189 3816
3809 3816
3786 3816
3791 3816
3757 3816
3810 3816
3659 3816
339 340
1296 1347
1301 1347
146 149
540 554
359 364
322 364
276 295
35 435
671 695
1144 1247
6 1247
2 423
904 914
0 265
618 631
629 631
185 186
503 518
153 171
499 511
412 431
7 2308
4 2308
185 2303
5 2303
21 145
2 145
11 145
2 467
510 518
403 405
315 318
389 423
284 324
387 389
12 8726
8678 8726
8373 8726
7966 8726
510 8726
8640 8726
8219 8726
8355 8726
8721 8726
8722 8726
10 8726
9 8726
14 8726
416 422
101 108
442 456
1 1036
6 1036
382 391
335 344
635 679
5 154
15 397
0 3066
4 3066
3050 3066
1186 1214
1195 1214
1506 1595
1441 1595
762 764
0 457
0 368
0 376
198 209
197 209
1 1191
0 1191
591 592
375 378
130 141
387 389
443 446
255 264
524 526
21 1110
12066 12734
313 12734
12733 12734
41 12734
12671 12734
1221 12734
458 12734
32 12734
12280 12734
33 12734
56 12734
47 12734
12029 12734
161 12734
916 12734
130 12734
126 12734
12696 12734
202 203
87 89
19 653
9 295
0 841
0 441
379 384
866 876
1176 1264
1239 1264
1252 1264
0 404
1 1483
0 1110
550 590
585 590
260 264
106 107
2 1386
145 148
87 89
762 842
460 461
6 669
667 669
0 737
666 699
5 423
0 737
106 107
106 107
141 148
449 473
60 2629
45 2629
2565 2629
2625 2629
1 384
1587 1589
1564 1589
1540 1589
1 113
2650 2696
2683 2696
8 2696
735 774
0 664
935 987
983 987
985 987
63 4344
4227 4344
3903 4344
11 4344
17 4344
25 4344
4075 4344
212 222
606 626
1328 1376
1329 1376
0 1376
1345 1376
556 558
679 680
669 680
229 234
17 177
16 177
379 384
440 441
435 441
357 376
1463 1511
1435 1511
0 522
521 522
0 169
3 737
2 664
465 479
2139 2238
2225 2238
0 2238
1 2238
1064 1074
1 737
745 762
2446 2517
740 788
2299 2300
2284 2300
740 762
614 618
181 183
268 270
4 558
251 252
279 295
5 1913
1844 1913
651 656
9 656
653 656
238 240
5 423
28 764
370 373
432 446
1 357
7 423
1 632
585 590
536 562
8 456
0 9
293 587
543 562
44 1014
682 774
1 404
559 567
12 1407
20 594
645 690
632 690
224 250
126 127
294 295
42 2725
87 2725
78 2725
59 2725
36 2725
398 442
408 442
501 518
500 508
3 269
267 269
0 38
144 6094
60 6094
25 6094
16 6094
87 6094
1335 1370
2731 2737
2603 2737
1349 1409
495 526
54 465
335 339
932 960
939 960
372 382
270 295
0 404
3 431
1513 1536
1 615
0 844
2 308
472 504
3 560
652 730
0 730
673 764
1571 1701
237 240
2 283
593 596
9 392
55 2339
5 2339
1 303
3 461
555 563
5 438
102 122
973 980
975 980
803 845
628 665
8 378
337 352
881 889
858 889
10 189
1 431
743 751
485 526
1949 1955
1927 1955
1951 1955
1936 1955
1837 1955
1952 1955
136 9453
9316 9453
131 9453
75 9453
9300 9453
194 9453
0 9453
72 9453
45 9453
123 9453
211 9453
119 9453
21 9453
27 9453
9254 9453
123 3604
3465 3604
82 3604
3398 3604
80 3604
2960 2982
2953 2982
2976 2982
2946 2982
2866 2982
1085 1152
497 499
0 181
1 181
3 249
15 613
392 395
512 575
6 122
1043 1114
1097 1114
4 283
12 283
4 241
3 55
648 655
41 1887
1876 1887
65 1887
7507 7512
7463 7512
7505 7512
7382 7512
43 7512
7375 7512
7504 7512
6933 7512
28 7512
7304 7512
7454 7512
7509 7512
7453 7512
7277 7512
7324 7512
310 328
3 623
3 106
73 82
3 305
186 196
142 151
1 439
25 328
1995 2031
134 4370
120 4370
93 4370
113 4370
65 4370
103 4370
81 4370
80 4370
1 340
0 360
0 269
0 413
820 887
6 187
4 187
1 534
1483 1539
47 726
249 257
194 202
707 764
703 764
26 473
52 729
20 729
43 729
173 174
6 593
1 326
12 282
58 59
3 2849
79 2849
10 2849
89 2849
1 225
15 435
4 435
1 522
0 146
478 479
17 399
2 587
559 562
778 788
783 788
786 788
781 788
782 788
784 788
780 788
779 788
785 788
20 473
19 473
1493 1528
1 1528
10 1904
28 1904
12 733
214 219
2380 2417
2413 2417
15 594
6 594
6 594
2 620
1 620
3 476
14 476
0 405
1598 1695
88 91
5 91
0 1223
1 1223
3 1223
467 479
308 328
7 1879
5 1879
4787 4834
7 4834
4826 4834
4833 4834
14 4834
5 4834
18 145
705 739
26 336
339 361
161 177
4 413
734 759
190 191
186 191
9 240
2 233
17 177
1 176
0 318
10 807
37 807
20 761
15 446
0 931
923 931
0 1074
7 812
5 287
707 764
1042 1043
4 857
1 922
8 558
18 558
8 279
2 173
124 130
1 617
2 617
23 1707
1696 1707
14 4275
3943 4275
4247 4275
4163 4275
4178 4275
0 1149
1075 1149
1091 1149
2949 2971
2948 2971
6 336
2 318
1025 1026
0 92
88 92
304 311
147 161
748 774
125 127
376 379
390 400
420 428
5 381
549 562
3 497
392 393
5 279
319 323
377 395
31 223
0 362
496 509
4 2434
0 716
1 388
225 233
0 484
477 484
473 484
5 1075
4 1075
30 1075
1049 1075
3 118
2 114
795 844
780 844
0 306
1714 1742
1696 1742
1703 1742
438 441
650 655
30 764
495 509
3641 3737
1 3737
2 3737
3 3737
1 562
2051 2181
0 338
0 40
330 379
402 405
428 474
14 98
1114 1143
6 368
2 699
0 343
8 126
4 1644
1642 1644
8 767
11 767
16 767
4 20
3 310
0 354
1 61
280 297
642 727
12 395
29 1618
224 233
10 381
451 473
12 217
5 152
675 768
24 171
1 567
1 301
3 461
777 788
781 788
787 788
778 788
779 788
783 788
775 788
776 788
782 788
401 405
644 653
12 139
5 324
960 973
29 1386
627 633
650 664
98 1618
389 395
0 295
332 344
227 230
2138 2219
384 385
25 527
1 1926
4 1926
539 548
1 919
693 699
469 472
323 327
0 821
11 821
714 821
0 526
3 567
21 1012
8 1012
6 1012
34 562
24 739
0 266
214 227
0 241
627 635
388 391
0 177
3 407
424 435
506 535
18 527
0 371
356 371
5 240
54 57
272 297
261 262
352 361
1296 1312
72 84
275 287
484 509
581 585
507 592
782 812
2112 2339
280 290
0 948
1 948
14 448
961 973
2 360
387 389
1635 1646
6 2101
0 2101
3 2101
1 2101
7 876
416 472
36 265
9 777
8 502
3 137
190 209
2 144
172 183
0 370
131 135
115 120
97 962
678 721
110 114
3112 3218
9 1747
3 231
1028 1110
8 153
0 290
381 397
317 325
312 319
363 382
60 5267
52 5267
40 5267
31 5267
160 5267
55 5267
107 5267
168 5267
9 5267
4 5267
16 5267
0 5267
39 5267
90 5267
10 1034
14 1034
42 2191
7 2191
8 247
7 247
44 1416
86 1027
9 319
3 1042
12 384
5 163
0 127
0 484
6 900
2 544
10 265
6 368
3 930
2398 2416
2397 2416
2382 2416
10 919
401 407
0 382
0 247
2 233
0 1183
1 1183
2 1183
1 1185
1 382
0 340
0 3763
1 3763
176 177
469 477
139 141
4 242
2 295
1 295
2 395
559 615
0 308
0 1695
36 511
7 227
5 257
12 2339
371 395
0 359
0 761
242 257
175 176
320 336
193 195
356 365
238 240
223 230
0 196
323 338
1094 1116
1101 1116
6 1124
0 300
15 1623
856 906
0 57
0 188
7 1057
0 233
685 721
312 318
714 735
0 699
1 446
0 310
0 165
450 465
1021 1130
664 679
4 392
2 348
21 1898
1846 1898
0 472
946 950
949 950
933 950
190 191
23 1695
321 324
256 282
5 861
10 1695
344 360
934 960
351 388
0 1701
452 453
451 453
240 247
1 461
294 295
988 1042
513 549
3 319
15 1110
25 2517
793 866
2 866
106 141
0 387
2 48
1696 1791
0 1791
37 511
5 275
2 286
3 423
5 191
0 950
505 509
0 861
337 364
31 364
361 378
3497 3651
324 364
318 364
263 298
657 679
4 654
176 177
596 605
5 392
10 392
12 569
0 43
400 414
267 272
315 327
1919 2050
28 2050
10 2050
615 617
0 927
18 1268
9 1268
14 1268
37 1413
146 157
3 317
761 790
763 790
8 812
1053 1077
572 584
17 562
1304 1360
5 1695
27 405
570 587
126 127
33 1592
1 1592
9 1719
2 1719
5 1719
547 548
4 548
193 195
341 352
1 1043
2674 2703
2660 2703
2656 2703
2680 2703
1103 1165
393 395
2 1323
3 1323
0 1323
17 1323
5 1323
0 118
143 165
604 663
422 451
0 1536
1518 1526
1483 1526
1520 1526
1 116
14 327
2 587
126 139
3 325
1189 1288
0 116
7 240
4 217
35 712
1329 1386
2313 2339
14 2517
16 381
3 284
161 183
7 295
0 2517
1886 2339
2 465
1 247
34 2517
0 55
1 281
2 247
1331 1360
9 461
3517 3761
572 590
9 594
5 378
1511 1539
8 108
121 4338
92 1552
1 152
12 646
4 306
656 657
653 657
17 1042
417 421
1037 1042
8 222
1021 1034
266 270
1 1104
0 486
498 502
55 57
2 816
2310 2365
11 1074
0 187
2228 2236
2216 2236
2171 2236
0 2236
404 405
15 1110
480 497
213 222
118 120
0 151
2 1392
0 230
85 86
75 78
2246 2339
8 9
996 1021
315 318
11 308
20 279
751 762
86 88
1 721
5 1027
496 500
1 89
2 86
157 159
37 733
702 725
2 276
470 497
1116 1130
442 456
0 654
757 777
51 53
0 340
470 475
0 142
644 694
40 41
1 90
587 588
587 588
573 588
211 214
66 67
555 588
1 327
1 342
2 588
191 193
2 161
3 90
556 588
40 41
316 322
2 718
0 142
565 567
9 588
2 113
0 120
19 588
0 567
31 588
586 588
5 483
586 588
190 218
586 588
0 282
0 282
563 588
201 218
323 327
23 24
273 274
0 274
207 214
1 142
0 90
1 90
0 228
562 567
0 229
566 567
331 343
0 228
2 327
0 43
4 386
648 694
7 228
1 475
22 588
446 475
23 946
1 475
531 567
0 457
2 327
0 483
15 343
4 116
411 475
3 228
2 342
3 327
527 560
13 229
98 99
4 588
5 43
4 43
1 168
4 141
29 483
14 16
0 588
0 386
7 334
2 588
1 588
6 588
2 588
0 90
574 588
0 271
585 588
16 386
0 67
553 560
7 342
453 454
586 588
55 588
200 211
652 694
1 694
8 228
15 327
586 588
715 752
4 53
221 229
583 588
38 41
2 374
26 334
8 588
1 475
2 110
228 229
57 58
582 588
0 142
135 153
1 334
111 116
117 118
585 588
3 386
316 327
139 142
14 228
6 156
541 588
1 588
1 327
336 343
3 153
11 475
7 588
97 99
1 588
0 588
530 574
636 694
0 90
667 694
0 56
38 560
2 342
320 322
0 752
585 588
294 327
189 193
0 454
0 342
66 67
0 327
2 588
1 229
0 342
66 67
66 2673
205 211
5 483
325 327
226 228
4 33
17 962
1469 1539
0 125
0 120
71 80
1 816
0 554
1 176
392 406
0 66
9 473
0 977
0 844
2 290
465 502
87 88
2 275
144 147
460 515
0 1205
0 1403
1 1695
9 605
601 605
1307 1347
33 1347
1487 1516
0 295
461 473
0 59
949 1021
7 788
224 228
1095 1110
85 88
0 768
1 476
336 337
331 340
1650 1695
126 127
0 308
372 378
0 241
9 452
0 284
1 1900
0 1900
20 3101
0 3101
4 6
203 218
642 664
0 158
0 423
923 951
950 951
578 623
0 399
1514 1577
263 278
5 214
1978 2150
2092 2150
0 145
2 404
0 1074
328 336
0 362
4 594
0 216
433 439
485 527
1361 1386
0 639
751 762
0 625
1 625
0 725
0 395
0 1036
974 1042
376 393
1491 1539
6 368
1448 1539
103 117
559 632
1002 1042
8 518
3 567
433 452
2 1071
329 347
1 303
0 120
268 270
4 2237
2236 2237
2226 2237
2117 2237
0 2237
0 233
75 1552
0 409
0 1230
2 1230
851 853
18 400
0 126
444 446
11 857
0 973
3 274
1 274
0 3390
20 3390
2 3390
3 3390
0 584
855 890
596 626
25 216
0 1346
0 247
4 287
74 79
0 196
187 191
7038 7353
7350 7353
21 7353
7065 7353
7150 7353
0 7353
7051 7353
7322 7353
7345 7353
6825 7353
7310 7353
53 7353
7327 7353
6496 7353
7177 7353
31 7353
139 141
2355 2466
2420 2466
2431 2466
2403 2466
1358 1456
10307 10604
10431 10604
10589 10604
1 10604
10457 10604
10572 10604
10129 10604
10106 10604
10354 10604
10374 10604
0 10604
10358 10604
10355 10604
10263 10604
10194 10604
10172 10604
1635 1655
1642 1655
0 407
1154 1162
1152 1162
7 1162
1146 1162
468 479
5 623
0 87
518 564
0 391
0 295
3 590
499 508
1684 1695
0 47
774 788
777 788
782 788
773 788
775 788
784 788
776 788
772 788
779 788
225 230
651 739
432 436
1636 1695
0 247
607 626
566 567
114 115
1 48
7 344
11 684
577 764
2 582
1030 1072
1783 1862
1 1862
8 369
874 876
1 625
216 233
921 937
933 937
834 937
0 230
1 421
267 272
199 218
788 812
801 826
0 919
1 887
0 1072
51 2339
916 958
17 958
4 1623
139 141
786 792
767 811
2 2330
5 2330
1 247
1 974
117 120
0 182
391 423
2 1967
0 30
3 384
15 549
1149 1153
0 497
14 188
475 498
153 157
5 157
2329 2339
1 950
56 57
2 135
13 473
0 962
1 448
0 163
409 414
3 1161
20 1161
1096 1161
0 117
0 96
1305 1403
0 1346
1 139
1104 1110
470 473
15 318
0 318
2 700
151 162
7 1967
1494 1539
1438 1539
101 106
3 5662
0 5662
12 5662
9 5662
11 5662
1431 1536
4 1536
597 625
2540 2565
2530 2565
2541 2565
4 2565
2514 2565
2375 2565
1746 1747
383 384
1 183
1215 1249
1243 1249
0 87
753 812
716 746
2118 2128
2032 2128
2085 2128
470 473
1 67
115 124
162 178
0 764
0 379
2374 2396
0 2396
2000 2396
848 890
879 890
856 890
0 38
1 2407
5 2407
2328 2407
3 2407
714 735
574 581
556 581
1 385
3 385
8 615
0 139
634 641
0 448
3 1064
1063 1064
2181 2225
84 89
0 941
0 89
0 1419
0 452
75 80
520 554
0 89
1290 1294
34 1294
12 381
1915 1948
1947 1948
1945 1948
1942 1948
8 962
419 448
1 352
134 137
0 594
6 1708
0 1708
277 287
0 25
811 816
619 626
82 90
15 2339
0 1536
229 233
62 69
270 319
6 796
444 446
460 527
1 142
0 369
144 153
587 590
0 385
404 413
2 446
1 2395
2256 2395
372 404
295 592
2018 2163
2019 2163
2101 2163
0 55
186 191
2318 2423
2272 2423
2420 2423
334 344
2 196
451 452
1376 1403
0 1205
2 1205
2 1014
288 294
1 448
85 86
0 395
838 844
0 844
0 303
1352 1360
0 812
101 107
0 562
476 479
432 467
1730 1733
1701 1733
1719 1733
72 80
681 739
406 446
228 247
0 389
0 733
202 215
10 295
0 431
0 175
129 130
184 187
3 135
0 284
364 371
303 330
1670 1724
0 1724
8 1724
13 549
911 919
1082 1139
0 896
4 896
4 437
0 103
250 264
0 261
1 264
5 648
1448 1577
1456 1501
1490 1501
1483 1501
567 617
1532 1618
0 285
479 504
114 115
2 48
239 247
729 737
0 223
0 509
299 311
571 594
464 477
1 345
2 733
734 789
9 789
0 605
1694 1747
342 347
1504 1511
1500 1511
0 362
146 147
276 307
138 139
137 139
2 382
1723 1766
782 788
781 788
786 788
778 788
784 788
776 788
774 788
780 788
777 788
689 694
683 694
301 307
169 174
6 371
1014 1077
529 537
7 178
102 103
287 290
3148 3159
3107 3159
3108 3159
1314 1331
24 50
2 716
8 508
1903 1909
1892 1909
1899 1909
1585 1618
1577 1618
0 384
0 384
0 102
0 94
2 585
23 474
510 535
0 261
294 295
0 169
144 148
6 183
858 876
2 733
4 1787
1758 1787
1782 1787
3 617
0 1553
4 1553
470 504
1 343
46 632
0 127
499 504
1070 1083
62 65
1086 1144
163 178
11 172
5 240
418 431
915 919
490 498
3 1618
76 1475
347 368
2 26
5 1965
14 1965
4 1965
11 1965
3 1965
19 1965
123 125
172 175
51 55
362 379
0 229
0 229
214 230
0 1042
340 344
319 323
700 746
874 876
461 479
405 406
0 504
164 171
518 575
35 764
1781 1913
44 1913
7 1057
243 269
0 173
319 344
0 772
0 242
3 1695
1676 1695
379 382
722 764
0 175
91 94
0 811
0 394
0 1287
0 176
135 139
0 310
1 360
215 230
2 811
0 381
0 1129
1092 1129
1011 1129
2 638
1067 1071
1284 1410
1406 1410
1409 1410
0 811
1 497
0 37
1 285
300 305
247 256
1 360
231 233
613 623
2 1061
239 260
446 452
538 563
588 592
4 144
318 327
0 617
336 337
361 362
5931 5976
30 5976
5946 5976
51 5976
20 5976
5975 5976
5705 5976
5819 5976
5879 5976
1053 1075
350 379
641 661
1 162
8 2517
26 431
8 100
0 1386
830 850
1 511
401 405
1090 1102
0 1102
348 370
183 196
1 361
828 841
696 698
0 124
0 290
217 218
429 439
211 229
0 349
87 89
0 360
325 333
332 333
495 526
121 122
0 412
179 196
0 874
0 247
893 896
1 338
2 338
1 142
1777 1779
1706 1779
1726 1779
1684 1779
1160 1238
873 876
1755 1853
1775 1853
7 1853
575 592
542 564
0 173
1478 1539
143 158
771 812
582 584
2 328
14 262
0 816
93 99
764 796
387 404
3 146
344 345
4 464
224 228
251 274
872 919
500 502
1099 1110
107 122
26 446
467 518
0 141
545 585
560 561
2779 2808
1339 1357
135 1416
1 204
6 100
13 563
1 564
448 473
8 1110
1 339
286 327
1 308
277 295
1 587
0 777
556 558
148 149
192 209
243 279
30 962
0 3095
4 3095
5 3095
10 1617
1 1617
0 1617
2 1617
317 318
323 327
19 1767
1611 1767
1737 1767
15 1767
238 240
1027 1071
8 522
3 1618
1 465
0 465
1 465
