14 384
373 375
1 392
2 576
0 576
19 776
2 776
443 511
2195 2287
2239 2287
670 745
1 745
20 914
0 338
2 448
1 691
680 691
6 183
24 914
1124 1155
1149 1155
52 1155
5 1155
6 1155
1340 1370
14 1623
7387 7389
7382 7389
32 7389
11 7389
118 7389
7375 7389
7231 7389
1 7389
26 7389
7272 7389
7191 7389
2321 2339
1 615
1269 1288
163 176
1261 1265
17 1265
1226 1265
18 150
71 79
3 1983
1958 1983
7 1983
1860 1983
2 269
360 397
8 1208
1 1208
67 1208
1469 1474
236 240
0 448
556 558
21 1113
0 1113
1 79
303 305
399 400
384 388
26 590
1344 1483
1 152
2 152
793 796
1458 1536
0 805
32 276
327 328
1264 1267
1263 1267
1255 1267
1150 1267
1266 1267
0 522
191 198
964 1013
925 1013
144 152
1267 1303
990 1008
994 1008
8 327
550 562
1 737
0 737
4 264
0 175
0 44
0 89
1858 1913
1817 1913
1492 1539
972 973
852 855
299 301
51 7645
5 7645
7644 7645
414 7645
59 7645
7638 7645
7643 7645
7632 7645
7641 7645
10 7645
2 7645
7600 7645
7275 7645
7557 7645
475 7645
7496 7645
118 7645
480 7645
684 7645
7606 7645
8861 9306
37 9306
9112 9306
9299 9306
9297 9306
13 9306
9305 9306
9304 9306
9198 9306
193 9306
4 9306
9303 9306
9182 9306
9039 9306
9302 9306
9253 9306
9261 9306
94 9306
3720 3760
20 3760
3758 3760
3759 3760
3753 3760
3734 3760
3724 3760
3757 3760
684 689
263 295
87 1454
111 1454
3 1454
5 1454
625 626
201 203
404 405
791 794
787 794
842 844
578 657
1105 1110
145 150
0 1071
0 812
0 812
0 422
890 896
394 395
2 2339
0 135
9 324
4 721
4 79
199 204
2 811
1 368
0 380
0 380
0 384
1 152
0 98
66 68
4 446
0 777
2 777
1 884
849 884
1513 1514
841 876
330 348
0 169
650 663
662 663
300 303
237 240
437 441
1460 1474
0 733
3 1077
366 404
0 973
135 138
17 1618
545 567
874 876
157 176
3 2150
2093 2150
874 876
3 311
1547 1597
1500 1597
1574 1597
1549 1597
615 618
0 98
181 184
9 776
4 776
495 497
56 57
6 392
668 670
3 670
5 392
0 511
1 247
0 876
0 344
914 965
1526 1539
493 509
206 215
172 176
202 215
202 215
1375 1386
279 283
3 764
463 465
788 792
10343 10782
44 10782
10584 10782
5 10782
10458 10782
134 10782
10577 10782
62 10782
18 10782
13 10782
10546 10782
10766 10782
10777 10782
10767 10782
10734 10782
10507 10782
12 10782
119 10782
10640 10782
10518 10782
291 10782
10251 10782
75 10782
10765 10782
10546 10782
764 10782
1 224
694 767
2 144
14 540
57 2510
16 2510
16 269
2 269
1258 1269
0 1269
9 919
1 782
0 448
0 931
3 931
1 247
82 89
2031 2038
5 2038
16 2038
422 446
61 737
1892 1898
1894 1898
27 584
1333 1360
4 2257
6 2257
1689 1695
27 2339
1069 1072
7 746
24 746
108 2150
2083 2150
3381 3410
3253 3410
3346 3410
727 746
2075 2150
2120 2150
750 764
725 746
43 456
585 590
7 2449
2448 2449
181 191
5 777
3 266
1009 1027
7 976
30 976
4 3000
2995 3000
2 3000
27 3000
15 3000
2897 3000
4 202
0 456
715 777
14 381
5 295
185 186
440 441
0 94
6 68
254 287
236 240
8 142
238 240
9 655
1 1197
6 2831
4 2831
3 2831
1 2831
0 1331
4207 4210
4205 4210
4151 4210
4206 4210
4147 4210
4193 4210
66 4210
39 4210
4208 4210
4203 4210
4130 4210
2 20
203 209
0 677
6 677
1 1547
1444 1547
887 888
886 888
339 344
391 413
12 1012
0 1012
9 1012
263 269
0 467
496 504
1051 1110
536 585
2116 2128
2048 2128
2001 2128
936 960
1421 1483
1502 1536
1508 1536
1106 1110
0 1069
13 1069
1068 1069
1011 1014
776 811
1084 1110
422 423
0 93
170 183
18 384
2 724
2347 2375
2312 2375
2341 2375
174 178
778 788
780 788
784 788
774 788
781 788
782 788
773 788
779 788
775 788
1 203
218 226
4 4949
4849 4949
11 4949
3 4949
4899 4949
42 4949
57 4949
115 120
21 2150
2094 2150
2089 2150
639 653
663 689
5 2955
1 2955
2897 2955
2 2955
2932 2955
2921 2955
2891 2955
3 1695
429 439
432 439
223 225
11 2163
6 2163
503 13875
13561 13875
11 13875
3 13875
5 13875
123 13875
13391 13875
13268 13875
654 13875
12908 13875
12972 13875
13717 13875
13805 13875
13862 13875
7 2339
214 222
148 150
4 1164
3 1164
22 1164
1 2347
0 2347
2 2347
3 2347
629 633
5 384
3063 3126
2912 3126
3085 3126
3027 3126
17 3126
2998 3126
3030 3126
1071 1078
1076 1078
10 1078
0 267
0 1926
499 526
806 812
842 858
2 5657
10 5657
51 5657
1 5657
5600 5657
6 5657
38 5657
5627 5657
1040 1042
422 423
203 218
24 172
52 1307
60 1021
19 384
399 400
237 240
234 247
161 176
0 247
6 124
31 618
1 247
1595 1708
55 1708
54 1708
20 1708
20 762
13 762
1 152
365 371
263 264
438 442
441 442
387 389
16 5642
13 5642
43 5642
90 5642
17 5642
6 5642
5632 5642
412 416
2 223
85 86
498 543
0 1403
0 1403
636 679
1 2517
0 87
659 689
3 336
1 89
146 153
1 1403
1960 1963
1956 1963
22 2002
87 2002
1996 2002
146 147
146 147
155 163
263 264
0 1539
255 264
8 590
7 181
226 241
23 465
8 764
17 764
748 764
266 295
1646 1652
1635 1652
1957 1967
85 86
0 1110
1 1183
0 1183
4 1183
858 876
386 389
13 1124
47 1124
3 1014
1 961
3 961
4 961
1 526
0 359
7 1130
0 257
1373 1386
12 842
1019 1042
1 257
2341 2403
2230 2403
2325 2403
103 106
372 375
10 617
265 270
269 270
339 340
20 327
0 380
505 518
586 587
582 587
0 384
399 424
263 264
0 699
1261 1317
1316 1317
1278 1317
117 120
1 594
0 538
0 603
16 1130
1 344
237 240
1 1241
121 122
25 855
1891 1898
1896 1898
6 1898
35 1898
7 384
15 17
894 914
4 777
160 163
4683 4713
4612 4713
4697 4713
4325 4713
4695 4713
34 4713
5 44
2129 2150
2121 2150
1 2150
5 2150
381 402
4 266
767 781
751 781
13 781
770 781
660 664
686 689
0 874
783 796
795 796
1386 1464
1366 1464
1378 1464
545 548
381 382
2 233
2 663
254 257
492 506
2 1012
240 257
33 626
0 371
17 782
2 3816
3812 3816
3793 3816
3782 3816
3743 3816
3807 3816
3616 3816
339 340
1256 1347
1317 1347
146 149
537 554
327 364
39 364
273 295
37 435
681 695
4 1247
6 1247
2 423
904 914
0 265
600 631
630 631
183 186
503 518
1 171
500 511
27 431
8 2308
4 2308
81 2303
1 2303
11 145
2 145
12 145
0 467
505 518
403 405
315 318
403 423
291 324
387 389
10 8726
8692 8726
8366 8726
30 8726
491 8726
8653 8726
8080 8726
8490 8726
8720 8726
8722 8726
6 8726
2 8726
15 8726
415 422
101 108
428 456
4 1036
10 1036
376 391
328 344
638 679
11 154
18 397
0 3066
3 3066
3059 3066
1167 1214
1182 1214
1456 1595
1482 1595
760 764
0 457
0 368
0 376
3 209
201 209
1 1191
0 1191
590 592
376 378
133 141
387 389
443 446
257 264
522 526
5 1110
1012 12734
78 12734
12733 12734
33 12734
12708 12734
77 12734
397 12734
23 12734
179 12734
35 12734
30 12734
28 12734
162 12734
91 12734
643 12734
105 12734
102 12734
12240 12734
202 203
1 89
9 653
18 295
0 841
0 441
381 384
869 876
1171 1264
1239 1264
1257 1264
0 404
3 1483
0 1110
3 590
564 590
257 264
106 107
5 1386
144 148
0 89
750 842
460 461
11 669
666 669
1 737
0 699
2 423
1 737
105 107
106 107
139 148
6 473
7 2629
21 2629
5 2629
2618 2629
5 384
1587 1589
1573 1589
1554 1589
2 113
2670 2696
2689 2696
6 2696
756 774
1 664
940 987
983 987
985 987
47 4344
4277 4344
92 4344
6 4344
14 4344
36 4344
4157 4344
210 222
603 626
17 1376
0 1376
6 1376
7 1376
552 558
679 680
671 680
233 234
172 177
11 177
380 384
4 441
433 441
5 376
1445 1511
1468 1511
0 522
521 522
0 169
1 737
2 664
468 479
2094 2238
2235 2238
9 2238
0 2238
1060 1074
1 737
756 762
2468 2517
749 788
2299 2300
2271 2300
756 762
28 618
12 183
268 270
2 558
251 252
278 295
5 1913
1862 1913
652 656
2 656
653 656
238 240
2 423
31 764
371 373
432 446
1 357
5 423
1 632
573 590
548 562
2 456
0 9
293 587
552 562
48 1014
695 774
0 404
541 567
3 1407
551 594
10 690
651 690
1 250
126 127
294 295
23 2725
59 2725
60 2725
30 2725
36 2725
16 442
415 442
490 518
501 508
3 269
267 269
0 38
75 6094
36 6094
13 6094
19 6094
144 6094
1332 1370
2730 2737
23 2737
1368 1409
501 526
35 465
331 339
31 960
29 960
372 382
19 295
0 404
3 431
1485 1536
1 615
0 844
0 308
5 504
8 560
1 730
0 730
662 764
1618 1701
238 240
4 283
594 596
5 392
105 2339
3 2339
0 303
2 461
552 563
9 438
95 122
41 980
51 980
805 845
30 665
10 378
334 352
875 889
821 889
12 189
1 431
743 751
22 526
1948 1955
1938 1955
1951 1955
1943 1955
1855 1955
1952 1955
82 9453
527 9453
81 9453
36 9453
283 9453
147 9453
0 9453
57 9453
32 9453
89 9453
66 9453
79 9453
15 9453
47 9453
302 9453
3157 3604
3365 3604
59 3604
3469 3604
44 3604
2959 2982
2948 2982
2980 2982
2950 2982
2890 2982
9 1152
485 499
0 181
1 181
6 249
19 613
394 395
509 575
11 122
1064 1114
1100 1114
6 283
8 283
3 241
3 55
642 655
55 1887
1882 1887
33 1887
7507 7512
7480 7512
7502 7512
7402 7512
8 7512
7423 7512
7506 7512
86 7512
12 7512
7354 7512
7473 7512
7509 7512
7463 7512
7298 7512
7384 7512
315 328
9 623
4 106
73 82
1 305
191 196
142 151
3 439
310 328
2002 2031
95 4370
85 4370
71 4370
80 4370
53 4370
107 4370
59 4370
52 4370
18 340
0 360
0 269
0 413
849 887
1 187
5 187
1 534
30 1539
47 726
252 257
195 202
718 764
711 764
444 473
16 729
9 729
13 729
173 174
3 593
1 326
10 282
58 59
2 2849
109 2849
8 2849
48 2849
1 225
31 435
13 435
1 522
0 146
478 479
13 399
1 587
557 562
778 788
783 788
784 788
779 788
781 788
776 788
772 788
780 788
782 788
18 473
13 473
1493 1528
0 1528
26 1904
36 1904
9 733
215 219
2378 2417
2413 2417
21 594
8 594
12 594
2 620
0 620
2 476
12 476
0 405
1613 1695
2 91
3 91
0 1223
1 1223
3 1223
469 479
316 328
12 1879
1 1879
4793 4834
6 4834
4818 4834
4832 4834
30 4834
9 4834
2 145
706 739
6 336
8 361
166 177
379 413
738 759
190 191
189 191
13 240
2 233
174 177
1 176
0 318
13 807
21 807
1 761
4 446
0 931
1 931
0 1074
7 812
5 287
731 764
1042 1043
2 857
2 922
1 558
14 558
12 279
4 173
123 130
1 617
2 617
35 1707
1701 1707
23 4275
3819 4275
4255 4275
4123 4275
4164 4275
0 1149
1030 1149
1083 1149
2952 2971
2957 2971
3 336
2 318
1025 1026
0 92
85 92
297 311
147 161
767 774
125 127
376 379
390 400
424 428
2 381
553 562
1 497
392 393
3 279
319 323
385 395
23 223
0 362
498 509
3 2434
85 716
2 388
230 233
0 484
477 484
480 484
5 1075
12 1075
983 1075
1048 1075
4 118
1 114
799 844
787 844
0 306
1717 1742
1698 1742
1706 1742
432 441
642 655
57 764
65 509
3697 3737
1 3737
4 3737
2 3737
0 562
152 2181
0 338
0 40
333 379
403 405
418 474
1 98
1121 1143
4 368
5 699
0 343
10 126
0 1644
1643 1644
1 767
8 767
18 767
3 20
277 310
0 354
0 61
26 297
655 727
24 395
91 1618
227 233
3 381
13 473
10 217
1 152
690 768
14 171
1 567
1 301
1 461
776 788
783 788
784 788
777 788
782 788
778 788
774 788
779 788
781 788
399 405
651 653
16 139
7 324
961 973
76 1386
628 633
649 664
1552 1618
378 395
0 295
337 344
227 230
1109 2219
2 385
15 527
0 1926
0 1926
545 548
1 919
692 699
464 472
322 327
0 821
4 821
12 821
0 526
4 567
22 1012
3 1012
0 1012
57 562
38 739
2 266
209 227
0 241
626 635
347 391
0 177
2 407
425 435
38 535
18 527
0 371
357 371
6 240
9 57
278 297
1 262
353 361
1301 1312
78 84
276 287
12 509
582 585
532 592
784 812
9 2339
279 290
0 948
1 948
8 448
960 973
3 360
384 389
1633 1646
4 2101
0 2101
6 2101
16 2101
2 876
426 472
13 265
8 777
6 502
5 137
187 209
2 144
171 183
0 370
7 135
114 120
922 962
685 721
110 114
39 3218
12 1747
2 231
1051 1110
4 153
0 290
1 397
312 325
311 319
366 382
56 5267
32 5267
24 5267
22 5267
132 5267
36 5267
71 5267
127 5267
9 5267
7 5267
16 5267
1 5267
26 5267
73 5267
4 1034
3 1034
29 2191
5 2191
9 247
9 247
51 1416
99 1027
5 319
1 1042
10 384
3 163
0 127
0 484
3 900
1 544
8 265
6 368
4 930
2304 2416
2242 2416
2271 2416
39 919
403 407
0 382
0 247
4 233
0 1183
1 1183
12 1183
1 1185
1 382
0 340
0 3763
1 3763
176 177
468 477
139 141
9 242
0 295
2 295
2 395
1 615
0 308
3 1695
23 511
1 227
250 257
12 2339
382 395
0 359
0 761
236 257
175 176
11 336
191 195
358 365
238 240
224 230
2 196
23 338
1078 1116
7 1116
6 1124
0 300
57 1623
70 906
0 57
0 188
8 1057
0 233
672 721
313 318
724 735
0 699
0 446
0 310
0 165
454 465
1006 1130
666 679
5 392
5 348
2 1898
31 1898
2 472
946 950
949 950
938 950
190 191
21 1695
322 324
263 282
5 861
38 1695
36 360
940 960
361 388
0 1701
452 453
451 453
241 247
1 461
294 295
996 1042
509 549
3 319
9 1110
5 2517
5 866
2 866
117 141
3 387
2 48
1661 1791
3 1791
3 511
6 275
2 286
2 423
142 191
0 950
505 509
0 861
4 364
13 364
369 378
3509 3651
7 364
310 364
271 298
665 679
4 654
176 177
597 605
3 392
7 392
12 569
0 43
404 414
267 272
313 327
132 2050
6 2050
4 2050
598 617
3 927
25 1268
8 1268
12 1268
10 1413
146 157
3 317
763 790
764 790
5 812
1063 1077
574 584
14 562
1333 1360
6 1695
29 405
15 587
126 127
22 1592
2 1592
4 1719
0 1719
3 1719
547 548
5 548
193 195
339 352
1 1043
2631 2703
2669 2703
2596 2703
2643 2703
1119 1165
392 395
2 1323
3 1323
1 1323
17 1323
5 1323
0 118
146 165
601 663
423 451
0 1536
1520 1526
1452 1526
1522 1526
1 116
12 327
1 587
126 139
2 325
1211 1288
0 116
4 240
0 217
49 712
29 1386
2331 2339
6 2517
9 381
3 284
163 183
12 295
0 2517
52 2339
17 465
0 247
1 2517
0 55
1 281
3 247
1338 1360
18 461
3588 3761
542 590
6 594
43 378
1506 1539
8 108
232 4338
95 1552
2 152
21 646
5 306
656 657
654 657
12 1042
416 421
1038 1042
210 222
1025 1034
266 270
3 1104
0 486
498 502
56 57
7 816
38 2365
12 1074
0 187
2231 2236
2224 2236
2188 2236
1 2236
404 405
19 1110
481 497
210 222
118 120
0 151
1 1392
0 230
85 86
75 78
2263 2339
8 9
976 1021
316 318
8 308
25 279
756 762
87 88
3 721
14 1027
496 500
1 89
2 86
155 159
33 733
706 725
1 276
481 497
1124 1130
438 456
0 654
765 777
51 53
4 340
471 475
0 142
660 694
40 41
2 90
587 588
587 588
579 588
212 214
66 67
547 588
1 327
1 342
0 588
190 193
5 161
4 90
571 588
40 41
14 322
3 718
130 142
553 567
15 588
4 113
0 120
560 588
5 567
32 588
587 588
2 483
586 588
191 218
586 588
0 282
0 282
562 588
204 218
324 327
23 24
273 274
0 274
3 214
1 142
0 90
1 90
0 228
557 567
1 229
5 567
337 343
1 228
4 327
0 43
2 386
4 694
8 228
0 475
14 588
444 475
20 946
1 475
494 567
1 457
2 327
0 483
9 343
0 116
10 475
4 228
2 342
1 327
520 560
13 229
98 99
3 588
38 43
7 43
0 168
3 141
26 483
14 16
1 588
0 386
1 334
2 588
1 588
3 588
2 588
0 90
584 588
0 271
577 588
4 386
0 67
34 560
11 342
451 454
586 588
566 588
1 211
659 694
11 694
9 228
18 327
63 588
13 752
50 53
224 229
7 588
38 41
5 374
26 334
11 588
1 475
3 110
228 229
56 58
31 588
0 142
7 153
3 334
113 116
117 118
75 588
3 386
4 327
139 142
215 228
7 156
3 588
3 588
1 327
339 343
7 153
19 475
3 588
98 99
1 588
0 588
522 574
641 694
1 90
22 694
0 56
12 560
1 342
20 322
0 752
14 588
304 327
186 193
1 454
0 342
66 67
0 327
1 588
1 229
0 342
66 67
57 2673
0 211
11 483
323 327
20 228
4 33
12 962
16 1539
0 125
0 120
71 80
1 816
0 554
1 176
398 406
0 66
9 473
0 977
0 844
1 290
473 502
87 88
2 275
144 147
5 515
1 1205
0 1403
0 1695
545 605
602 605
1311 1347
21 1347
1494 1516
0 295
468 473
0 59
953 1021
4 788
225 228
1098 1110
86 88
0 768
3 476
336 337
333 340
1653 1695
126 127
0 308
369 378
0 241
5 452
0 284
2 1900
0 1900
2 3101
0 3101
4 6
208 218
644 664
0 158
1 423
933 951
950 951
0 623
0 399
1540 1577
266 278
4 214
2020 2150
50 2150
0 145
1 404
0 1074
324 336
0 362
4 594
0 216
422 439
500 527
1370 1386
0 639
751 762
0 625
1 625
0 725
0 395
0 1036
22 1042
17 393
1488 1539
7 368
1488 1539
4 117
1 632
1008 1042
4 518
4 567
438 452
0 1071
331 347
1 303
0 120
267 270
9 2237
2236 2237
2228 2237
2161 2237
0 2237
0 233
81 1552
0 409
0 1230
2 1230
851 853
17 400
0 126
444 446
18 857
0 973
0 274
1 274
2 3390
14 3390
4 3390
3 3390
0 584
48 890
607 626
15 216
0 1346
0 247
4 287
72 79
0 196
185 191
6998 7353
7351 7353
22 7353
7065 7353
7196 7353
0 7353
7124 7353
7308 7353
7349 7353
6856 7353
7320 7353
194 7353
7332 7353
6569 7353
7188 7353
3 7353
140 141
2410 2466
2424 2466
2446 2466
2417 2466
1375 1456
10221 10604
10478 10604
10594 10604
3 10604
10430 10604
10583 10604
9970 10604
10167 10604
10394 10604
10419 10604
0 10604
10055 10604
10373 10604
9972 10604
309 10604
10250 10604
1630 1655
1624 1655
0 407
1145 1162
1135 1162
4 1162
1125 1162
470 479
2 623
0 87
540 564
0 391
0 295
2 590
3 508
1687 1695
0 47
772 788
781 788
783 788
773 788
774 788
785 788
780 788
771 788
779 788
226 230
1 739
430 436
1639 1695
0 247
614 626
566 567
114 115
1 48
322 344
10 684
36 764
568 582
979 1072
45 1862
1 1862
3 369
874 876
0 625
213 233
925 937
933 937
861 937
0 230
1 421
269 272
201 218
800 812
801 826
0 919
4 887
1 1072
35 2339
923 958
885 958
14 1623
140 141
789 792
782 811
0 2330
1 2330
3 247
7 974
118 120
0 182
16 423
0 1967
0 30
4 384
1 549
1142 1153
0 497
10 188
476 498
153 157
147 157
2328 2339
1 950
56 57
2 135
5 473
0 962
5 448
0 163
386 414
4 1161
0 1161
1 1161
0 117
1 96
0 1403
0 1346
1 139
1099 1110
471 473
23 318
0 318
0 700
153 162
10 1967
1479 1539
2 1539
102 106
3 5662
0 5662
8 5662
6 5662
9 5662
1476 1536
21 1536
604 625
2545 2565
2533 2565
2549 2565
3 2565
2536 2565
2343 2565
1746 1747
383 384
1 183
1234 1249
1246 1249
0 87
35 812
731 746
2121 2128
2027 2128
2079 2128
471 473
1 67
122 124
160 178
0 764
1 379
2360 2396
0 2396
1969 2396
851 890
884 890
17 890
0 38
1 2407
5 2407
2235 2407
4 2407
710 735
573 581
549 581
2 385
4 385
8 615
1 139
636 641
0 448
969 1064
1063 1064
6 2225
88 89
0 941
1 89
0 1419
0 452
73 80
520 554
0 89
1292 1294
15 1294
6 381
1914 1948
1947 1948
1945 1948
1942 1948
3 962
415 448
1 352
136 137
1 594
1 1708
0 1708
278 287
0 25
814 816
617 626
81 90
8 2339
0 1536
223 233
58 69
286 319
4 796
444 446
465 527
3 142
10 369
14 153
583 590
0 385
403 413
2 446
2053 2395
2225 2395
379 404
295 592
2116 2163
2092 2163
2145 2163
0 55
186 191
2192 2423
2204 2423
2420 2423
336 344
167 196
450 452
1277 1403
0 1205
1 1205
1 1014
274 294
0 448
85 86
0 395
842 844
0 844
0 303
1354 1360
0 812
102 107
0 562
475 479
16 467
1730 1733
1704 1733
1723 1733
72 80
693 739
413 446
231 247
0 389
0 733
195 215
2 295
1 431
2 175
129 130
185 187
2 135
0 284
363 371
309 330
1667 1724
0 1724
12 1724
6 549
893 919
1087 1139
0 896
1 896
3 437
0 103
248 264
0 261
1 264
14 648
73 1577
1442 1501
1486 1501
1474 1501
573 617
1560 1618
0 285
9 504
114 115
1 48
245 247
718 737
0 223
0 509
305 311
575 594
465 477
1 345
3 733
9 789
7 789
0 605
1710 1747
344 347
1502 1511
1501 1511
0 362
146 147
288 307
138 139
137 139
4 382
22 1766
782 788
778 788
784 788
774 788
783 788
771 788
772 788
780 788
775 788
692 694
675 694
303 307
170 174
350 371
1024 1077
530 537
12 178
102 103
12 290
3136 3159
3097 3159
3111 3159
1314 1331
24 50
1 716
1 508
1904 1909
1888 1909
1890 1909
1580 1618
1583 1618
0 384
0 384
0 102
91 94
1 585
413 474
508 535
0 261
294 295
0 169
141 148
10 183
859 876
2 733
1 1787
1764 1787
1785 1787
27 617
0 1553
1 1553
4 504
1 343
6 632
0 127
501 504
1072 1083
62 65
1063 1144
167 178
7 172
14 240
422 431
914 919
491 498
1 1618
15 1475
356 368
25 26
3 1965
20 1965
4 1965
15 1965
2 1965
30 1965
124 125
172 175
53 55
359 379
0 229
0 229
211 230
0 1042
334 344
321 323
707 746
874 876
470 479
405 406
11 504
160 171
12 575
730 764
1835 1913
1723 1913
9 1057
6 269
0 173
8 344
0 772
0 242
0 1695
1672 1695
379 382
735 764
0 175
92 94
0 811
0 394
0 1287
0 176
136 139
0 310
1 360
221 230
0 811
0 381
0 1129
1113 1129
1026 1129
0 638
1067 1071
21 1410
1407 1410
1409 1410
0 811
3 497
0 37
0 285
303 305
4 256
1 360
229 233
601 623
0 1061
239 260
445 452
556 563
589 592
3 144
317 327
0 617
336 337
361 362
5931 5976
5351 5976
5963 5976
5391 5976
30 5976
5974 5976
5665 5976
5837 5976
5855 5976
1058 1075
374 379
632 661
0 162
46 2517
13 431
4 100
0 1386
832 850
1 511
402 405
1090 1102
0 1102
0 370
185 196
1 361
834 841
696 698
0 124
0 290
217 218
433 439
211 229
0 349
1 89
0 360
327 333
328 333
1 526
121 122
0 412
179 196
0 874
1 247
889 896
1 338
2 338
1 142
1778 1779
1706 1779
1748 1779
1690 1779
1172 1238
873 876
1816 1853
1825 1853
18 1853
557 592
552 564
0 173
1479 1539
140 158
792 812
582 584
2 328
20 262
0 816
95 99
19 796
382 404
135 146
344 345
4 464
224 228
257 274
868 919
500 502
1099 1110
108 122
11 446
491 518
0 141
538 585
560 561
2789 2808
1344 1357
110 1416
3 204
1 100
16 563
0 564
465 473
7 1110
0 339
275 327
1 308
273 295
0 587
0 777
557 558
148 149
184 209
243 279
904 962
3 3095
7 3095
6 3095
6 1617
2 1617
0 1617
3 1617
317 318
325 327
1695 1767
1741 1767
1758 1767
1694 1767
238 240
1017 1071
0 522
0 1618
428 465
0 465
432 465
