9 384
11 375
14 392
1 576
0 576
36 776
34 776
11 511
12 2287
13 2287
4 745
3 745
14 914
5 338
4 448
0 691
1 691
2 183
72 914
18 1155
1145 1155
95 1155
11 1155
10 1155
1364 1370
33 1623
76 7389
32 7389
70 7389
0 7389
2 7389
8 7389
14 7389
60 7389
173 7389
66 7389
178 7389
73 2339
7 615
27 1288
173 176
12 1265
10 1265
16 1265
26 150
3 79
0 1983
2 1983
4 1983
5 1983
5 269
392 397
1 1208
0 1208
3 1208
1462 1474
239 240
4 448
21 558
1 1113
0 1113
3 79
304 305
399 400
8 388
14 590
42 1483
3 152
3 152
795 796
23 1536
8 805
12 276
17 328
19 1267
12 1267
4 1267
6 1267
16 1267
13 522
10 198
1 1013
0 1013
2 152
14 1303
1 1008
0 1008
3 327
10 562
12 737
12 737
3 264
4 175
0 44
0 89
5 1913
0 1913
1533 1539
972 973
853 855
6 301
1 7645
282 7645
276 7645
15 7645
9 7645
137 7645
231 7645
198 7645
204 7645
10 7645
30 7645
98 7645
2 7645
114 7645
39 7645
139 7645
58 7645
20 7645
34 7645
164 7645
752 9306
0 9306
110 9306
210 9306
235 9306
298 9306
368 9306
294 9306
118 9306
791 9306
432 9306
270 9306
147 9306
388 9306
287 9306
193 9306
57 9306
10 9306
55 3760
119 3760
93 3760
116 3760
81 3760
26 3760
30 3760
95 3760
686 689
2 295
5 1454
0 1454
1 1454
3 1454
625 626
201 203
404 405
11 794
5 794
843 844
52 657
1108 1110
4 150
3 1071
1 812
1 812
0 422
26 896
394 395
32 2339
1 135
9 324
4 721
4 79
203 204
8 811
9 368
13 380
13 380
2 384
7 152
4 98
8 68
5 446
10 777
13 777
15 884
20 884
17 1514
865 876
6 348
0 169
1 663
7 663
16 303
11 240
439 441
1472 1474
5 733
7 1077
3 404
3 973
137 138
18 1618
4 567
19 876
164 176
20 2150
21 2150
17 876
9 311
5 1597
0 1597
9 1597
10 1597
17 618
4 98
183 184
37 776
35 776
496 497
6 57
16 392
9 670
0 670
16 392
11 511
6 247
4 876
3 344
14 965
1531 1539
3 509
213 215
173 176
6 215
15 215
1385 1386
277 283
50 764
464 465
788 792
46 10782
2 10782
71 10782
1 10782
7 10782
201 10782
42 10782
20 10782
4 10782
5 10782
35 10782
231 10782
154 10782
110 10782
53 10782
25 10782
150 10782
8 10782
48 10782
86 10782
0 10782
34 10782
136 10782
102 10782
35 10782
9 10782
4 224
17 767
10 144
38 540
0 2510
2 2510
36 269
5 269
2 1269
1 1269
5 919
7 782
4 448
0 931
1 931
3 247
5 89
23 2038
0 2038
1 2038
3 446
28 737
0 1898
3 1898
21 584
1353 1360
4 2257
3 2257
1688 1695
51 2339
1067 1072
4 746
6 746
0 2150
3 2150
37 3410
1 3410
19 3410
8 746
0 2150
10 2150
762 764
6 746
6 456
80 590
14 2449
17 2449
182 191
11 777
8 266
82 1027
5 976
33 976
15 3000
54 3000
18 3000
89 3000
23 3000
44 3000
8 202
3 456
758 777
5 381
6 295
185 186
440 441
1 94
9 68
7 287
238 240
70 142
239 240
8 655
10 1197
4 2831
3 2831
2 2831
1 2831
6 1331
72 4210
46 4210
99 4210
53 4210
3 4210
66 4210
145 4210
50 4210
73 4210
38 4210
97 4210
4 20
4 209
0 677
1 677
1 1547
0 1547
14 888
10 888
342 344
405 413
2 1012
0 1012
3 1012
9 269
12 467
501 504
7 1110
9 585
5 2128
6 2128
2 2128
13 960
82 1483
1532 1536
1533 1536
1107 1110
0 1069
2 1069
4 1069
1013 1014
775 811
9 1110
18 423
1 93
9 183
4 384
6 724
7 2375
0 2375
9 2375
177 178
778 788
2 788
761 788
14 788
781 788
0 788
1 788
779 788
9 788
0 203
217 226
2 4949
15 4949
0 4949
33 4949
55 4949
35 4949
38 4949
118 120
55 2150
4 2150
9 2150
651 653
688 689
12 2955
0 2955
11 2955
1 2955
27 2955
6 2955
9 2955
14 1695
435 439
434 439
220 225
7 2163
5 2163
182 13875
0 13875
59 13875
3 13875
5 13875
36 13875
6 13875
8 13875
160 13875
20 13875
1912 13875
163 13875
60 13875
53 13875
36 2339
219 222
148 150
8 1164
7 1164
11 1164
0 2347
1 2347
2 2347
3 2347
631 633
9 384
17 3126
4 3126
5 3126
6 3126
0 3126
12 3126
9 3126
2 1078
0 1078
3 1078
3 267
15 1926
520 526
811 812
850 858
9 5657
11 5657
37 5657
14 5657
6 5657
8 5657
39 5657
5652 5657
40 1042
23 423
5 218
16 172
32 1307
103 1021
16 384
399 400
239 240
6 247
173 176
5 247
9 124
18 618
5 247
0 1708
3 1708
1 1708
2 1708
2 762
0 762
2 152
365 371
5 264
12 442
20 442
9 389
74 5642
8 5642
13 5642
142 5642
53 5642
60 5642
44 5642
8 416
13 223
5 86
28 543
16 1403
16 1403
669 679
21 2517
1 87
670 689
9 336
3 89
5 153
21 1403
33 1963
21 1963
1 2002
0 2002
2001 2002
146 147
146 147
156 163
263 264
6 1539
7 264
16 590
0 181
235 241
3 465
52 764
70 764
762 764
7 295
5 1652
2 1652
1966 1967
5 86
4 1110
2 1183
1 1183
0 1183
4 876
7 389
0 1124
2 1124
11 1014
0 961
7 961
2 961
7 526
2 359
36 1130
6 257
1384 1386
22 842
86 1042
2 257
18 2403
47 2403
16 2403
104 106
374 375
15 617
43 270
269 270
339 340
8 327
15 380
11 518
4 587
2 587
8 384
417 424
11 264
20 699
7 1317
9 1317
0 1317
6 120
9 594
3 538
0 603
27 1130
3 344
21 240
9 1241
121 122
27 855
0 1898
1 1898
0 1898
1 1898
16 384
0 17
908 914
8 777
161 163
19 4713
29 4713
23 4713
371 4713
20 4713
10 4713
0 44
1 2150
11 2150
3 2150
4 2150
9 402
256 266
1 781
3 781
0 781
4 781
663 664
686 689
13 874
11 796
795 796
83 1464
52 1464
43 1464
545 548
380 382
19 233
2 663
254 257
3 506
10 1012
5 257
6 626
2 371
39 782
34 3816
21 3816
4 3816
2 3816
8 3816
12 3816
6 3816
339 340
5 1347
1 1347
1 149
547 554
4 364
5 364
16 295
49 435
22 695
0 1247
1 1247
7 423
30 914
5 265
0 631
6 631
5 186
70 518
14 171
21 511
39 431
1 2308
0 2308
9 2303
7 2303
3 145
1 145
7 145
12 467
517 518
404 405
41 318
9 423
10 324
388 389
4 8726
90 8726
45 8726
91 8726
154 8726
78 8726
305 8726
64 8726
117 8726
107 8726
0 8726
53 8726
28 8726
419 422
21 108
9 456
0 1036
1 1036
387 391
3 344
674 679
3 154
198 397
13 3066
12 3066
39 3066
0 1214
1 1214
48 1595
63 1595
763 764
2 457
3 368
1 376
4 209
208 209
1 1191
0 1191
18 592
377 378
138 141
7 389
12 446
261 264
8 526
9 1110
1317 12734
17 12734
13 12734
247 12734
73 12734
111 12734
1318 12734
27 12734
2 12734
236 12734
54 12734
54 12734
21 12734
19 12734
57 12734
313 12734
152 12734
77 12734
202 203
3 89
6 653
13 295
1 841
4 441
9 384
875 876
37 1264
1229 1264
47 1264
6 404
11 1483
13 1110
14 590
15 590
3 264
0 107
10 1386
147 148
4 89
54 842
460 461
0 669
1 669
12 737
19 699
7 423
12 737
0 107
106 107
143 148
2 473
28 2629
40 2629
8 2629
9 2629
9 384
1 1589
2 1589
0 1589
4 113
0 2696
1 2696
8 2696
768 774
34 664
969 987
8 987
12 987
7 4344
6 4344
3 4344
42 4344
1 4344
0 4344
4 4344
8 222
608 626
15 1376
1 1376
14 1376
4 1376
21 558
5 680
4 680
4 234
4 177
13 177
382 384
10 441
39 441
3 376
2 1511
6 1511
6 522
7 522
0 169
12 737
34 664
476 479
20 2238
32 2238
28 2238
18 2238
1049 1074
11 737
7 762
52 2517
19 788
32 2300
27 2300
761 762
17 618
2 183
268 270
12 558
251 252
37 295
21 1913
22 1913
29 656
5 656
7 656
239 240
1 423
53 764
372 373
6 446
3 357
7 423
0 632
14 590
10 562
10 456
0 9
293 587
560 562
9 1014
22 774
7 404
558 567
7 1407
7 594
0 690
1 690
9 250
126 127
294 295
2 2725
3 2725
4 2725
0 2725
1 2725
1 442
0 442
25 518
2 508
0 269
2 269
0 38
1 6094
3 6094
0 6094
2 6094
5 6094
1365 1370
12 2737
11 2737
12 1409
511 526
5 465
335 339
0 960
1 960
378 382
3 295
5 404
5 431
4 1536
7 615
1 844
0 308
9 504
8 560
0 730
1 730
3 764
2 1701
11 240
14 283
595 596
16 392
6 2339
4 2339
2 303
1 461
8 563
10 438
1 122
1 980
0 980
836 845
10 665
5 378
345 352
8 889
6 889
3 189
1 431
750 751
1 526
15 1955
4 1955
11 1955
14 1955
1 1955
17 1955
11 9453
27 9453
8 9453
5 9453
13 9453
37 9453
0 9453
3 9453
2 9453
9 9453
6 9453
10 9453
4 9453
7 9453
17 9453
0 3604
4 3604
5 3604
1801 3604
1 3604
17 2982
13 2982
24 2982
16 2982
3 2982
8 1152
497 499
0 181
1 181
13 249
9 613
393 395
566 575
3 122
1 1114
4 1114
18 283
141 283
1 241
3 55
647 655
2 1887
0 1887
1 1887
208 7512
134 7512
186 7512
99 7512
75 7512
142 7512
231 7512
346 7512
264 7512
304 7512
140 7512
240 7512
90 7512
301 7512
7507 7512
321 328
14 623
5 106
5 82
8 305
195 196
148 151
20 439
5 328
41 2031
5 4370
8 4370
7 4370
3 4370
0 4370
4 4370
6 4370
2 4370
10 340
1 360
3 269
1 413
883 887
0 187
1 187
3 534
5 1539
33 726
17 257
199 202
0 764
1 764
9 473
1 729
3 729
2 729
8 174
6 593
4 326
6 282
4 59
7 2849
24 2849
27 2849
10 2849
8 225
12 435
36 435
3 522
5 146
27 479
6 399
3 587
15 562
48 788
3 788
777 788
778 788
776 788
0 788
1 788
783 788
54 788
3 473
2 473
1 1528
0 1528
46 1904
33 1904
9 733
212 219
43 2417
52 2417
23 594
19 594
18 594
1 620
0 620
2 476
4 476
5 405
21 1695
1 91
3 91
2 1223
1 1223
11 1223
477 479
325 328
2 1879
0 1879
52 4834
37 4834
21 4834
33 4834
36 4834
38 4834
1 145
733 739
9 336
6 361
6 177
42 413
740 759
190 191
10 191
11 240
8 233
5 177
0 176
5 318
0 807
1 807
7 761
2 446
0 931
1 931
24 1074
19 812
12 287
12 764
35 1043
7 857
2 922
1 558
3 558
19 279
21 173
129 130
2 617
3 617
1 1707
0 1707
5 4275
4 4275
0 4275
8 4275
9 4275
0 1149
2 1149
3 1149
2 2971
4 2971
9 336
3 318
1025 1026
0 92
2 92
3 311
153 161
773 774
11 127
378 379
22 400
427 428
3 381
561 562
6 497
392 393
1 279
322 323
24 395
9 223
8 362
15 509
11 2434
13 716
7 388
230 233
3 484
483 484
483 484
20 1075
23 1075
1060 1075
1073 1075
5 118
1 114
54 844
800 844
0 306
2 1742
0 1742
1 1742
40 441
652 655
49 764
48 509
1868 3737
0 3737
2 3737
1 3737
12 562
1090 2181
2 338
3 40
1 379
404 405
6 474
2 98
1140 1143
6 368
20 699
0 343
12 126
6 1644
8 1644
0 767
1 767
56 767
6 20
290 310
3 354
3 61
9 297
39 727
14 395
187 1618
229 233
4 381
20 473
12 217
3 152
61 768
4 171
2 567
1 301
0 461
780 788
2 788
778 788
775 788
783 788
0 788
1 788
782 788
52 788
386 405
652 653
6 139
2 324
73 973
32 1386
632 633
30 664
154 1618
20 395
4 295
5 344
229 230
1109 2219
1 385
19 527
16 1926
15 1926
10 548
0 919
696 699
465 472
323 327
0 821
3 821
4 821
4 526
3 567
3 1012
1 1012
0 1012
9 562
34 739
1 266
223 227
0 241
19 635
7 391
3 177
3 407
423 435
47 535
19 527
1 371
1 371
3 240
56 57
294 297
5 262
350 361
95 1312
83 84
279 287
16 509
584 585
587 592
21 812
52 2339
280 290
1 948
2 948
2 448
27 973
6 360
8 389
51 1646
3 2101
0 2101
1 2101
2 2101
10 876
11 472
4 265
14 777
7 502
8 137
202 209
10 144
3 183
1 370
18 135
2 120
73 962
33 721
113 114
5 3218
15 1747
0 231
4 1110
0 153
5 290
5 397
8 325
30 319
377 382
10 5267
19 5267
7 5267
8 5267
15 5267
11 5267
14 5267
16 5267
4 5267
5 5267
6 5267
0 5267
9 5267
13 5267
1 1034
0 1034
1 2191
0 2191
8 247
8 247
37 1416
127 1027
2 319
3 1042
1 384
4 163
8 127
3 484
1 900
5 544
17 265
10 368
28 930
1 2416
0 2416
4 2416
40 919
406 407
5 382
3 247
4 233
1 1183
0 1183
2 1183
3 1185
5 382
4 340
0 3763
1 3763
176 177
476 477
140 141
23 242
0 295
1 295
13 395
14 615
4 308
4 1695
22 511
1 227
4 257
35 2339
7 395
2 359
7 761
251 257
3 176
9 336
194 195
361 365
239 240
227 230
8 196
19 338
20 1116
17 1116
8 1124
2 300
19 1623
83 906
0 57
2 188
4 1057
0 233
23 721
314 318
9 735
18 699
2 446
6 310
1 165
459 465
9 1130
45 679
2 392
9 348
0 1898
1 1898
7 472
14 950
29 950
9 950
189 191
6 1695
323 324
4 282
7 861
16 1695
20 360
42 960
372 388
2 1701
18 453
13 453
246 247
1 461
294 295
24 1042
36 549
13 319
19 1110
8 2517
0 866
1 866
8 141
3 387
3 48
1 1791
0 1791
8 511
4 275
6 286
0 423
2 191
27 950
40 509
2 861
4 364
5 364
376 378
3597 3651
4 364
5 364
4 298
674 679
23 654
176 177
10 605
7 392
7 392
27 569
0 43
411 414
268 272
7 327
4 2050
2 2050
1 2050
2 617
14 927
1 1268
0 1268
2 1268
22 1413
2 157
7 317
783 790
770 790
11 812
1075 1077
580 584
31 562
1347 1360
5 1695
14 405
4 587
126 127
1 1592
0 1592
1 1719
0 1719
2 1719
6 548
0 548
194 195
335 352
1 1043
3 2703
2 2703
1 2703
0 2703
68 1165
14 395
5 1323
4 1323
2 1323
25 1323
8 1323
2 118
163 165
11 663
7 451
20 1536
3 1526
0 1526
5 1526
2 116
11 327
3 587
3 139
6 325
22 1288
2 116
9 240
2 217
355 712
13 1386
2338 2339
12 2517
5 381
16 284
175 183
7 295
12 2517
2157 2339
11 465
2 247
9 2517
4 55
5 281
0 247
1355 1360
9 461
64 3761
23 590
6 594
19 378
1537 1539
10 108
209 4338
148 1552
2 152
13 646
10 306
652 657
649 657
21 1042
24 421
1029 1042
6 222
1033 1034
264 270
5 1104
2 486
501 502
4 57
18 816
10 2365
11 1074
0 187
10 2236
4 2236
2 2236
0 2236
404 405
97 1110
6 497
221 222
119 120
4 151
5 1392
4 230
4 86
76 78
208 2339
8 9
24 1021
317 318
3 308
28 279
743 762
8 88
6 721
9 1027
496 500
1 89
3 86
157 159
7 733
713 725
10 276
4 497
29 1130
451 456
1 654
774 777
52 53
0 340
62 475
2 142
677 694
40 41
7 90
587 588
14 588
580 588
6 214
65 67
9 588
6 327
1 342
9 588
191 193
3 161
6 90
9 588
40 41
10 322
13 718
2 142
12 567
16 588
3 113
4 120
24 588
11 567
35 588
587 588
17 483
587 588
7 218
586 588
9 282
9 282
17 588
12 218
14 327
1 24
5 274
3 274
9 214
2 142
5 90
44 90
2 228
5 567
3 229
13 567
15 343
3 228
6 327
3 43
14 386
32 694
9 228
15 475
24 588
19 475
28 946
15 475
5 567
3 457
7 327
15 483
12 343
5 116
25 475
8 228
5 342
23 327
554 560
15 229
98 99
8 588
7 43
7 43
1 168
12 141
6 483
0 16
27 588
1 386
9 334
5 588
6 588
6 588
4 588
7 90
28 588
7 271
13 588
16 386
4 67
36 560
12 342
453 454
586 588
20 588
5 211
22 694
40 694
7 228
16 327
13 588
20 752
4 53
228 229
28 588
2 41
9 374
29 334
28 588
26 475
4 110
9 229
1 58
27 588
2 142
14 153
13 334
5 116
6 118
13 588
13 386
4 327
9 142
21 228
8 156
11 588
10 588
8 327
13 343
8 153
20 475
12 588
8 99
11 588
8 588
19 574
5 694
4 90
20 694
2 56
26 560
8 342
10 322
14 752
13 588
33 327
4 193
9 454
3 342
65 67
18 327
24 588
5 229
2 342
3 67
124 2673
5 211
17 483
326 327
10 228
4 33
7 962
5 1539
12 125
0 120
78 80
3 816
6 554
3 176
17 406
0 66
3 473
6 977
3 844
1 290
476 502
87 88
2 275
138 147
6 515
3 1205
15 1403
10 1695
5 605
6 605
3 1347
2 1347
38 1516
3 295
5 473
6 59
70 1021
9 788
113 228
15 1110
3 88
4 768
7 476
336 337
337 340
1661 1695
126 127
1 308
7 378
6 241
4 452
4 284
1 1900
0 1900
1 3101
0 3101
0 6
212 218
30 664
1 158
0 423
11 951
16 951
4 623
2 399
18 1577
261 278
2 214
5 2150
1 2150
1 145
0 404
1 1074
11 336
5 362
4 594
1 216
438 439
12 527
1382 1386
5 639
32 762
4 625
5 625
0 725
11 395
2 1036
24 1042
28 393
1531 1539
3 368
1477 1539
8 117
7 632
35 1042
1 518
4 567
7 452
3 1071
30 347
3 303
0 120
269 270
20 2237
55 2237
9 2237
0 2237
21 2237
1 233
191 1552
0 409
0 1230
2 1230
851 853
1 400
0 126
443 446
25 857
3 973
0 274
1 274
0 3390
35 3390
1 3390
5 3390
1 584
885 890
618 626
15 216
0 1346
5 247
10 287
9 79
2 196
188 191
161 7353
106 7353
20 7353
436 7353
42 7353
44 7353
205 7353
53 7353
95 7353
852 7353
47 7353
174 7353
88 7353
208 7353
35 7353
18 7353
15 141
0 2466
3 2466
1 2466
2 2466
1413 1456
56 10604
36 10604
98 10604
7 10604
2 10604
113 10604
18 10604
35 10604
58 10604
72 10604
0 10604
67 10604
50 10604
8 10604
94 10604
32 10604
5 1655
4 1655
1 407
1 1162
3 1162
0 1162
2 1162
478 479
7 623
1 87
541 564
6 391
3 295
2 590
1 508
68 1695
1 47
783 788
3 788
782 788
778 788
781 788
0 788
1 788
780 788
779 788
228 230
4 739
435 436
18 1695
1 247
622 626
566 567
114 115
2 48
10 344
17 684
82 764
3 582
119 1072
1 1862
0 1862
9 369
18 876
4 625
226 233
0 937
1 937
4 937
4 230
2 421
270 272
7 218
804 812
30 826
7 919
4 887
3 1072
45 2339
5 958
3 958
18 1623
140 141
790 792
38 811
0 2330
1 2330
6 247
27 974
8 120
0 182
3 423
3 1967
2 30
9 384
4 549
1149 1153
0 497
10 188
41 498
2 157
0 157
2338 2339
9 950
56 57
0 135
12 473
1 962
4 448
1 163
6 414
2 1161
0 1161
1 1161
1 117
2 96
16 1403
2 1346
1 139
1082 1110
472 473
42 318
4 318
3 700
1 162
6 1967
1506 1539
10 1539
8 106
0 5662
1 5662
3 5662
2 5662
4 5662
71 1536
31 1536
14 625
11 2565
8 2565
10 2565
6 2565
9 2565
7 2565
1746 1747
383 384
3 183
2 1249
9 1249
1 87
23 812
745 746
7 2128
2 2128
1 2128
472 473
1 67
123 124
170 178
8 764
0 379
14 2396
5 2396
6 2396
11 890
22 890
10 890
7 38
2 2407
1 2407
3 2407
6 2407
729 735
1 581
0 581
0 385
1 385
11 615
1 139
46 641
4 448
1 1064
4 1064
10 2225
6 89
0 941
1 89
6 1419
437 452
3 80
538 554
1 89
16 1294
15 1294
12 381
33 1948
67 1948
61 1948
65 1948
3 962
7 448
2 352
136 137
4 594
1 1708
0 1708
286 287
0 25
813 816
624 626
1 90
16 2339
2 1536
13 233
57 69
6 319
9 796
445 446
5 527
4 142
1 369
2 153
589 590
5 385
408 413
2 446
1 2395
0 2395
389 404
295 592
17 2163
15 2163
18 2163
4 55
13 191
2 2423
0 2423
6 2423
333 344
3 196
451 452
1350 1403
0 1205
2 1205
10 1014
3 294
4 448
85 86
11 395
843 844
17 844
3 303
1355 1360
1 812
106 107
0 562
10 479
9 467
46 1733
27 1733
25 1733
79 80
675 739
11 446
123 247
6 389
1 733
6 215
4 295
24 431
3 175
129 130
186 187
2 135
4 284
365 371
326 330
2 1724
0 1724
1 1724
3 549
7 919
1110 1139
0 896
1 896
1 437
0 103
259 264
6 261
3 264
6 648
21 1577
1 1501
3 1501
2 1501
17 617
36 1618
2 285
9 504
114 115
1 48
246 247
21 737
0 223
5 509
4 311
568 594
474 477
2 345
2 733
7 789
6 789
15 605
14 1747
346 347
9 1511
8 1511
5 362
146 147
23 307
138 139
137 139
5 382
24 1766
17 788
2 788
6 788
5 788
9 788
0 788
1 788
10 788
4 788
4 694
0 694
6 307
171 174
7 371
1054 1077
536 537
4 178
101 103
6 290
6 3159
5 3159
4 3159
1305 1331
24 50
3 716
1 508
15 1909
27 1909
13 1909
1615 1618
1600 1618
7 384
8 384
0 102
5 94
9 585
447 474
27 535
1 261
294 295
0 169
7 148
9 183
872 876
2 733
13 1787
10 1787
12 1787
5 617
0 1553
1 1553
9 504
1 343
0 632
7 127
502 504
8 1083
2 65
95 1144
176 178
6 172
13 240
428 431
918 919
496 498
5 1618
28 1475
20 368
3 26
5 1965
7 1965
1 1965
3 1965
0 1965
4 1965
124 125
4 175
4 55
371 379
0 229
0 229
1 230
10 1042
343 344
322 323
41 746
20 876
475 479
404 406
4 504
4 171
27 575
28 764
5 1913
1 1913
4 1057
5 269
1 173
2 344
5 772
23 242
14 1695
1680 1695
6 382
22 764
3 175
4 94
8 811
5 394
2 1287
0 176
14 139
0 310
1 360
228 230
8 811
6 381
1 1129
9 1129
0 1129
5 638
1070 1071
36 1410
18 1410
15 1410
8 811
5 497
1 37
2 285
20 305
3 256
1 360
232 233
606 623
2 1061
257 260
5 452
557 563
589 592
7 144
326 327
1 617
336 337
361 362
5918 5976
45 5976
70 5976
92 5976
101 5976
85 5976
114 5976
46 5976
37 5976
1074 1075
366 379
50 661
1 162
11 2517
26 431
6 100
4 1386
11 850
6 511
403 405
1 1102
0 1102
1 370
188 196
1 361
24 841
697 698
0 124
0 290
7 218
437 439
212 229
4 349
3 89
1 360
330 333
330 333
8 526
121 122
2 412
4 196
13 874
0 247
7 896
0 338
1 338
3 142
1778 1779
122 1779
1757 1779
1725 1779
43 1238
16 876
6 1853
1 1853
0 1853
589 592
560 564
1 173
1506 1539
1 158
793 812
7 584
2 328
12 262
7 816
95 99
3 796
13 404
5 146
344 345
5 464
225 228
269 274
459 919
11 502
4 1110
2 122
6 446
28 518
0 141
13 585
556 561
2805 2808
1356 1357
105 1416
0 204
7 100
48 563
0 564
5 473
49 1110
9 339
163 327
4 308
283 295
1 587
10 777
21 558
148 149
204 209
5 279
951 962
0 3095
1 3095
5 3095
3 1617
2 1617
0 1617
1 1617
317 318
326 327
1 1767
4 1767
8 1767
2 1767
239 240
3 1071
13 522
4 1618
1 465
0 465
16 465
