9 384
10 375
17 392
0 576
1 576
37 776
38 776
22 511
13 2287
12 2287
4 745
4 745
12 914
12 338
4 448
0 691
1 691
2 183
913 914
18 1155
39 1155
577 1155
10 1155
11 1155
4 1370
17 1623
12 7389
7 7389
76 7389
1 7389
0 7389
2 7389
4 7389
73 7389
186 7389
70 7389
174 7389
70 2339
7 615
25 1288
175 176
11 1265
10 1265
16 1265
74 150
3 79
3 1983
6 1983
4 1983
5 1983
5 269
198 397
1 1208
8 1208
2 1208
6 1474
15 240
4 448
21 558
1 1113
0 1113
2 79
152 305
9 400
4 388
16 590
13 1483
75 152
75 152
8 796
767 1536
8 805
12 276
13 328
2 1267
8 1267
0 1267
11 1267
1 1267
16 522
4 198
0 1013
0 1013
75 152
14 1303
0 1008
1 1008
2 327
5 562
16 737
13 737
131 264
6 175
0 44
0 89
14 1913
1 1913
13 1539
972 973
853 855
7 301
53 7645
292 7645
84 7645
0 7645
12 7645
31 7645
57 7645
35 7645
26 7645
128 7645
158 7645
38 7645
55 7645
34 7645
48 7645
89 7645
126 7645
8 7645
29 7645
52 7645
738 9306
4 9306
69 9306
8 9306
5 9306
319 9306
32 9306
3 9306
1 9306
817 9306
458 9306
0 9306
23 9306
387 9306
35 9306
225 9306
159 9306
167 9306
9 3760
121 3760
0 3760
13 3760
17 3760
5 3760
2 3760
10 3760
21 689
147 295
2 1454
0 1454
1 1454
3 1454
7 626
5 203
4 405
10 794
9 794
2 844
328 657
1109 1110
4 150
8 1071
1 812
1 812
0 422
15 896
9 395
37 2339
1 135
161 324
4 721
6 79
2 204
8 811
10 368
16 380
15 380
3 384
12 152
48 98
33 68
2 446
11 777
14 777
14 884
23 884
27 1514
437 876
3 348
0 169
1 663
0 663
18 303
11 240
440 441
13 1474
6 733
8 1077
3 404
3 973
1 138
19 1618
5 567
17 876
1 176
20 2150
21 2150
17 876
155 311
3 1597
1 1597
0 1597
10 1597
20 618
4 98
5 184
39 776
38 776
496 497
4 57
17 392
0 670
1 670
19 392
11 511
6 247
4 876
171 344
12 965
769 1539
3 509
4 215
173 176
4 215
4 215
29 1386
141 283
762 764
14 465
5 792
7 10782
10 10782
21 10782
32 10782
3 10782
202 10782
37 10782
119 10782
74 10782
66 10782
22 10782
194 10782
26 10782
13 10782
11 10782
79 10782
170 10782
6 10782
18 10782
8 10782
16 10782
17 10782
171 10782
0 10782
22 10782
23 10782
4 224
22 767
10 144
269 540
0 2510
1 2510
134 269
5 269
2 1269
1 1269
5 919
6 782
4 448
1 931
0 931
2 247
4 89
23 2038
0 2038
1 2038
4 446
28 737
0 1898
1 1898
291 584
25 1360
8 2257
6 2257
41 1695
55 2339
33 1072
4 746
4 746
0 2150
4 2150
37 3410
1 3410
13 3410
4 746
1 2150
8 2150
21 764
6 746
5 456
19 590
14 2449
15 2449
95 191
11 777
4 266
31 1027
487 976
487 976
22 3000
51 3000
23 3000
116 3000
28 3000
41 3000
5 202
3 456
10 777
8 381
0 295
5 186
220 441
1 94
33 68
6 287
11 240
70 142
13 240
8 655
6 1197
5 2831
2 2831
3 2831
1 2831
6 1331
3 4210
2 4210
88 4210
0 4210
9 4210
55 4210
146 4210
60 4210
5 4210
11 4210
98 4210
3 20
4 209
1 677
0 677
0 1547
1 1547
7 888
5 888
171 344
411 413
2 1012
1 1012
3 1012
11 269
12 467
10 504
554 1110
9 585
2 2128
3 2128
1 2128
12 960
15 1483
1535 1536
27 1536
1102 1110
1 1069
3 1069
0 1069
19 1014
22 811
11 1110
13 423
1 93
4 183
3 384
5 724
8 2375
0 2375
2 2375
7 178
393 788
2 788
6 788
5 788
393 788
0 788
1 788
393 788
4 788
0 203
10 226
1 4949
11 4949
2 4949
33 4949
55 4949
32 4949
38 4949
4 120
57 2150
4 2150
3 2150
10 653
24 689
13 2955
2 2955
10 2955
0 2955
25 2955
1 2955
9 2955
14 1695
5 439
438 439
12 225
6 2163
7 2163
185 13875
1 13875
79 13875
20 13875
16 13875
55 13875
29 13875
0 13875
165 13875
52 13875
6937 13875
162 13875
24 13875
12 13875
38 2339
4 222
4 150
7 1164
8 1164
11 1164
3 2347
1 2347
2 2347
0 2347
6 633
9 384
3 3126
13 3126
12 3126
0 3126
8 3126
2 3126
1 3126
1 1078
0 1078
4 1078
3 267
20 1926
262 526
25 812
18 858
15 5657
16 5657
40 5657
19 5657
10 5657
8 5657
37 5657
193 5657
38 1042
13 423
7 218
85 172
653 1307
510 1021
16 384
7 400
119 240
6 247
1 176
6 247
8 124
22 618
6 247
0 1708
3 1708
0 1708
2 1708
1 762
0 762
1 152
7 371
5 264
0 442
4 442
9 389
75 5642
11 5642
12 5642
142 5642
56 5642
66 5642
43 5642
6 416
111 223
5 86
23 543
17 1403
16 1403
15 679
23 2517
1 87
344 689
9 336
4 89
2 153
701 1403
19 1963
18 1963
0 2002
3 2002
47 2002
13 147
13 147
5 163
131 264
6 1539
131 264
22 590
0 181
120 241
2 465
381 764
381 764
15 764
7 295
2 1652
1 1652
7 1967
4 86
4 1110
2 1183
0 1183
1 1183
4 876
9 389
3 1124
2 1124
11 1014
0 961
9 961
1 961
8 526
2 359
30 1130
7 257
29 1386
420 842
520 1042
3 257
17 2403
50 2403
18 2403
1 106
10 375
308 617
29 270
30 270
11 340
4 327
17 380
11 518
2 587
0 587
8 384
1 424
17 264
349 699
3 1317
1 1317
0 1317
7 120
7 594
3 538
0 603
564 1130
3 344
119 240
7 1241
4 122
28 855
1 1898
2 1898
1 1898
0 1898
16 384
8 17
23 914
7 777
81 163
25 4713
29 4713
4 4713
2356 4713
2 4713
34 4713
0 44
0 2150
2 2150
3 2150
4 2150
10 402
132 266
0 781
2 781
1 781
5 781
663 664
15 689
13 874
11 796
795 796
75 1464
46 1464
47 1464
11 548
8 382
116 233
2 663
13 257
252 506
7 1012
4 257
4 626
3 371
390 782
43 3816
1 3816
3 3816
0 3816
5 3816
2 3816
8 3816
10 340
1 1347
0 1347
1 149
8 554
5 364
4 364
147 295
217 435
691 695
1 1247
0 1247
7 423
31 914
5 265
0 631
3 631
5 186
25 518
85 171
255 511
33 431
1 2308
0 2308
7 2303
11 2303
0 145
2 145
7 145
233 467
258 518
5 405
9 318
9 423
319 324
388 389
26 8726
14 8726
68 8726
106 8726
148 8726
23 8726
303 8726
66 8726
45 8726
42 8726
24 8726
80 8726
67 8726
421 422
107 108
7 456
1 1036
0 1036
15 391
3 344
18 679
2 154
198 397
13 3066
14 3066
32 3066
1 1214
0 1214
46 1595
50 1595
763 764
2 457
3 368
2 376
8 209
104 209
0 1191
1 1191
20 592
377 378
70 141
9 389
10 446
4 264
9 526
9 1110
6366 12734
33 12734
4 12734
246 12734
11 12734
93 12734
6366 12734
78 12734
15 12734
237 12734
73 12734
73 12734
34 12734
27 12734
79 12734
312 12734
153 12734
83 12734
6 203
4 89
3 653
10 295
1 841
6 441
9 384
4 876
46 1264
631 1264
50 1264
6 404
12 1483
13 1110
294 590
21 590
4 264
0 107
17 1386
5 148
44 89
10 842
34 461
0 669
1 669
13 737
349 699
8 423
13 737
0 107
0 107
7 148
0 473
31 2629
42 2629
8 2629
9 2629
9 384
2 1589
0 1589
1 1589
3 113
1 2696
0 2696
8 2696
5 774
34 664
493 987
5 987
6 987
12 4344
2 4344
6 4344
43 4344
8 4344
5 4344
1 4344
4 222
312 626
15 1376
2 1376
14 1376
4 1376
21 558
4 680
5 680
4 234
4 177
88 177
18 384
25 441
20 441
187 376
0 1511
1 1511
7 522
6 522
0 169
13 737
34 664
12 479
21 2238
31 2238
29 2238
19 2238
24 1074
12 737
6 762
1258 2517
393 788
27 2300
29 2300
761 762
20 618
2 183
31 270
11 558
2 252
11 295
21 1913
22 1913
29 656
5 656
6 656
13 240
1 423
381 764
22 373
0 446
3 357
7 423
0 632
16 590
280 562
227 456
0 9
293 587
4 562
7 1014
1 774
7 404
3 567
9 1407
12 594
1 690
0 690
11 250
1 127
294 295
3 2725
4 2725
2 2725
1 2725
0 2725
1 442
0 442
11 518
1 508
1 269
0 269
0 38
3 6094
2 6094
0 6094
1 6094
5 6094
1369 1370
11 2737
12 2737
9 1409
262 526
232 465
4 339
1 960
0 960
8 382
6 295
5 404
6 431
3 1536
7 615
3 844
3 308
8 504
8 560
0 730
1 730
3 764
1 1701
11 240
141 283
12 596
17 392
6 2339
5 2339
2 303
1 461
18 563
5 438
0 122
0 980
1 980
422 845
1 665
4 378
351 352
8 889
7 889
3 189
1 431
7 751
262 526
8 1955
2 1955
7 1955
9 1955
5 1955
6 1955
5 9453
26 9453
6 9453
3 9453
13 9453
37 9453
1 9453
8 9453
0 9453
10 9453
14 9453
11 9453
9 9453
4 9453
12 9453
0 3604
2 3604
2 3604
1801 3604
2 3604
7 2982
4 2982
2 2982
1 2982
3 2982
7 1152
498 499
1 181
0 181
124 249
306 613
14 395
6 575
3 122
2 1114
3 1114
141 283
141 283
0 241
27 55
654 655
1 1887
2 1887
0 1887
15 7512
10 7512
1 7512
111 7512
127 7512
5 7512
0 7512
358 7512
276 7512
305 7512
102 7512
6 7512
78 7512
306 7512
7505 7512
5 328
5 623
1 106
3 82
9 305
97 196
75 151
219 439
2 328
9 2031
3 4370
6 4370
7 4370
1 4370
0 4370
2 4370
4 4370
5 4370
3 340
1 360
3 269
1 413
15 887
1 187
1 187
5 534
6 1539
6 726
128 257
15 202
1 764
0 764
9 473
1 729
0 729
3 729
3 174
296 593
4 326
140 282
29 59
12 2849
24 2849
28 2849
8 2849
8 225
217 435
3 435
3 522
72 146
27 479
199 399
3 587
8 562
393 788
2 788
393 788
393 788
393 788
0 788
0 788
393 788
393 788
2 473
1 473
1 1528
0 1528
1903 1904
1902 1904
1 733
109 219
56 2417
51 2417
17 594
14 594
296 594
0 620
1 620
3 476
4 476
5 405
15 1695
45 91
45 91
2 1223
1 1223
14 1223
478 479
2 328
1 1879
3 1879
51 4834
38 4834
2 4834
0 4834
36 4834
37 4834
2 145
738 739
167 336
180 361
88 177
412 413
379 759
190 191
190 191
119 240
8 233
3 177
0 176
5 318
1 807
0 807
8 761
2 446
1 931
0 931
25 1074
1 812
143 287
12 764
25 1043
7 857
4 922
0 558
1 558
2 279
86 173
64 130
2 617
3 617
1 1707
0 1707
1 4275
5 4275
0 4275
4 4275
8 4275
1 1149
0 1149
3 1149
2 2971
0 2971
11 336
9 318
10 1026
1 92
0 92
3 311
1 161
770 774
11 127
8 379
399 400
423 428
190 381
7 562
4 497
392 393
0 279
14 323
197 395
2 223
8 362
11 509
11 2434
9 716
387 388
20 233
3 484
4 484
4 484
19 1075
19 1075
29 1075
1074 1075
58 118
0 114
421 844
15 844
3 306
0 1742
2 1742
1 1742
220 441
7 655
7 764
508 509
1868 3737
2 3737
1 3737
0 3737
9 562
1090 2181
3 338
3 40
1 379
4 405
5 474
2 98
2 1143
183 368
349 699
1 343
11 126
7 1644
8 1644
0 767
1 767
383 767
9 20
154 310
3 354
3 61
3 297
363 727
12 395
1617 1618
4 233
190 381
1 473
108 217
3 152
383 768
0 171
3 567
2 301
1 461
393 788
2 788
393 788
393 788
393 788
0 788
0 788
393 788
393 788
4 405
652 653
69 139
1 324
9 973
11 1386
5 633
23 664
808 1618
18 395
4 295
171 344
229 230
1109 2219
1 385
7 527
20 1926
45 1926
9 548
0 919
18 699
4 472
4 327
2 821
3 821
5 821
4 526
4 567
2 1012
2 1012
3 1012
9 562
369 739
1 266
113 227
0 241
317 635
2 391
3 177
1 407
6 435
533 535
6 527
4 371
8 371
119 240
7 57
148 297
11 262
1 361
21 1312
83 84
14 287
13 509
7 585
295 592
405 812
1169 2339
144 290
2 948
3 948
2 448
486 973
3 360
9 389
10 1646
0 2101
1 2101
3 2101
2 2101
6 876
235 472
132 265
10 777
2 502
68 137
104 209
10 144
2 183
1 370
67 135
2 120
7 962
360 721
1 114
6 3218
14 1747
0 231
4 1110
0 153
5 290
7 397
162 325
159 319
190 382
4 5267
18 5267
6 5267
9 5267
13 5267
16 5267
12 5267
14 5267
2 5267
11 5267
8 5267
0 5267
10 5267
15 5267
1 1034
0 1034
0 2191
1 2191
123 247
123 247
12 1416
513 1027
0 319
3 1042
0 384
4 163
8 127
4 484
1 900
5 544
132 265
8 368
0 930
1 2416
1 2416
4 2416
7 919
406 407
5 382
3 247
4 233
2 1183
1 1183
0 1183
4 1185
5 382
4 340
1 3763
0 3763
176 177
238 477
4 141
23 242
0 295
1 295
16 395
307 615
1 308
4 1695
6 511
0 227
3 257
36 2339
15 395
2 359
10 761
254 257
0 176
167 336
3 195
363 365
13 240
5 230
3 196
168 338
19 1116
18 1116
6 1124
2 300
15 1623
452 906
28 57
2 188
5 1057
0 233
4 721
7 318
9 735
349 699
2 446
7 310
1 165
232 465
3 1130
339 679
2 392
173 348
1 1898
0 1898
6 472
3 950
9 950
5 950
3 191
7 1695
6 324
2 282
3 861
37 1695
179 360
959 960
385 388
2 1701
2 453
0 453
246 247
2 461
294 295
26 1042
274 549
159 319
6 1110
17 2517
1 866
0 866
70 141
2 387
23 48
0 1791
1 1791
9 511
2 275
142 286
0 423
4 191
10 950
254 509
2 861
4 364
5 364
5 378
9 3651
4 364
5 364
0 298
3 679
23 654
6 177
10 605
4 392
3 392
6 569
0 43
4 414
3 272
5 327
1 2050
2 2050
3 2050
2 617
14 927
1 1268
0 1268
2 1268
706 1413
78 157
315 317
785 790
394 790
8 812
538 1077
291 584
280 562
24 1360
5 1695
202 405
293 587
5 127
1 1592
0 1592
0 1719
2 1719
1 1719
2 548
1 548
97 195
2 352
1 1043
2 2703
1 2703
2 2703
1 2703
582 1165
13 395
8 1323
6 1323
5 1323
25 1323
10 1323
2 118
7 165
11 663
6 451
22 1536
2 1526
1 1526
1 1526
2 116
163 327
3 587
0 139
5 325
1287 1288
1 116
119 240
2 217
355 712
15 1386
71 2339
10 2517
190 381
141 284
3 183
147 295
19 2517
19 2339
18 465
3 247
10 2517
4 55
5 281
0 247
25 1360
9 461
1880 3761
16 590
5 594
377 378
27 1539
53 108
2168 4338
775 1552
3 152
10 646
10 306
26 657
28 657
520 1042
210 421
11 1042
4 222
10 1034
1 270
5 1104
2 486
13 502
2 57
407 816
12 2365
536 1074
0 187
4 2236
2 2236
1 2236
0 2236
4 405
3 1110
8 497
110 222
119 120
4 151
4 1392
4 230
4 86
8 78
1169 2339
8 9
22 1021
8 318
1 308
2 279
7 762
3 88
360 721
2 1027
15 500
1 89
2 86
12 159
2 733
20 725
10 276
4 497
25 1130
3 456
1 654
776 777
1 53
0 340
237 475
2 142
6 694
6 41
7 90
21 588
14 588
24 588
5 214
3 67
7 588
6 327
1 342
8 588
96 193
3 161
44 90
14 588
6 41
10 322
13 718
2 142
15 567
587 588
56 113
5 120
24 588
3 567
293 588
586 588
17 483
28 588
5 218
293 588
12 282
10 282
293 588
108 218
10 327
11 24
3 274
4 274
9 214
2 142
6 90
44 90
2 228
5 567
3 229
283 567
12 343
10 228
6 327
3 43
18 386
346 694
113 228
15 475
24 588
237 475
24 946
15 475
1 567
3 457
8 327
17 483
13 343
4 116
25 475
113 228
5 342
163 327
279 560
114 229
8 99
10 588
21 43
21 43
1 168
12 141
4 483
7 16
28 588
5 386
11 334
293 588
293 588
293 588
293 588
7 90
28 588
8 271
14 588
14 386
4 67
279 560
170 342
5 454
12 588
12 588
5 211
346 694
346 694
8 228
163 327
14 588
26 752
4 53
0 229
28 588
7 41
9 374
8 334
8 588
33 475
5 110
1 229
1 58
27 588
2 142
76 153
13 334
4 116
58 118
293 588
192 386
17 327
3 142
113 228
77 156
11 588
10 588
8 327
171 343
76 153
9 475
12 588
8 99
11 588
7 588
286 574
5 694
4 90
25 694
0 56
279 560
10 342
160 322
15 752
14 588
19 327
4 193
10 454
4 342
3 67
20 327
25 588
5 229
4 342
3 67
1336 2673
5 211
17 483
16 327
9 228
4 33
480 962
6 1539
13 125
0 120
39 80
3 816
8 554
87 176
18 406
0 66
2 473
6 977
5 844
1 290
7 502
87 88
137 275
146 147
4 515
3 1205
16 1403
10 1695
5 605
6 605
0 1347
1 1347
45 1516
4 295
5 473
6 59
12 1021
11 788
113 228
16 1110
3 88
4 768
7 476
12 337
339 340
41 1695
5 127
1 308
9 378
6 241
451 452
4 284
1 1900
0 1900
1 3101
0 3101
0 6
8 218
26 664
1 158
0 423
8 951
7 951
5 623
2 399
23 1577
4 278
6 214
1 2150
0 2150
1 145
0 404
1 1074
9 336
5 362
4 594
2 216
9 439
5 527
28 1386
13 639
16 762
6 625
7 625
0 725
12 395
2 1036
26 1042
2 393
12 1539
3 368
13 1539
58 117
10 632
38 1042
258 518
1 567
2 452
6 1071
4 347
4 303
0 120
31 270
20 2237
45 2237
0 2237
1 2237
21 2237
1 233
775 1552
0 409
0 1230
1 1230
31 853
1 400
0 126
10 446
428 857
3 973
0 274
1 274
0 3390
35 3390
1 3390
6 3390
1 584
14 890
7 626
107 216
1 1346
5 247
143 287
39 79
2 196
95 191
160 7353
18 7353
55 7353
438 7353
63 7353
80 7353
204 7353
27 7353
20 7353
3676 7353
24 7353
182 7353
45 7353
213 7353
17 7353
48 7353
5 141
3 2466
2 2466
0 2466
1 2466
17 1456
8 10604
4 10604
27 10604
67 10604
15 10604
2 10604
11 10604
19 10604
14 10604
23 10604
24 10604
91 10604
1 10604
9 10604
110 10604
17 10604
2 1655
3 1655
1 407
2 1162
3 1162
0 1162
1 1162
6 479
311 623
1 87
1 564
195 391
3 295
2 590
1 508
847 1695
23 47
393 788
2 788
393 788
11 788
393 788
0 788
1 788
393 788
393 788
5 230
5 739
5 436
14 1695
1 247
5 626
18 567
57 115
23 48
10 344
3 684
381 764
3 582
4 1072
1 1862
0 1862
9 369
437 876
5 625
1 233
1 937
0 937
5 937
4 230
2 421
3 272
7 218
3 812
825 826
7 919
1 887
3 1072
1169 2339
4 958
3 958
19 1623
70 141
7 792
7 811
2 2330
0 2330
6 247
973 974
59 120
0 182
0 423
3 1967
2 30
9 384
2 549
1148 1153
0 497
3 188
248 498
0 157
1 157
2336 2339
12 950
3 57
0 135
236 473
1 962
4 448
1 163
5 414
2 1161
0 1161
1 1161
0 117
1 96
701 1403
3 1346
1 139
9 1110
11 473
6 318
4 318
3 700
1 162
4 1967
11 1539
11 1539
105 106
0 5662
2 5662
4 5662
2 5662
1 5662
1534 1536
29 1536
13 625
11 2565
6 2565
10 2565
7 2565
8 2565
9 2565
873 1747
13 384
91 183
0 1249
3 1249
1 87
23 812
372 746
0 2128
1 2128
2 2128
5 473
1 67
7 124
177 178
8 764
2 379
14 2396
7 2396
11 2396
11 890
21 890
10 890
7 38
0 2407
3 2407
1 2407
6 2407
4 735
0 581
1 581
0 385
0 385
15 615
1 139
8 641
4 448
3 1064
2 1064
9 2225
4 89
1 941
1 89
6 1419
2 452
3 80
8 554
1 89
14 1294
16 1294
190 381
29 1948
2 1948
0 1948
22 1948
3 962
223 448
1 352
136 137
4 594
1 1708
0 1708
143 287
0 25
2 816
3 626
0 90
8 2339
2 1536
9 233
1 69
6 319
9 796
9 446
5 527
1 142
1 369
2 153
16 590
7 385
206 413
1 446
2 2395
0 2395
0 404
295 592
19 2163
16 2163
17 2163
27 55
21 191
0 2423
1 2423
4 2423
4 344
4 196
0 452
701 1403
0 1205
1 1205
12 1014
4 294
4 448
5 86
12 395
17 844
17 844
151 303
28 1360
1 812
106 107
1 562
11 479
10 467
41 1733
26 1733
25 1733
4 80
738 739
0 446
123 247
7 389
1 733
5 215
4 295
29 431
3 175
6 130
186 187
1 135
4 284
3 371
164 330
1 1724
0 1724
2 1724
4 549
10 919
569 1139
0 896
1 896
8 437
51 103
19 264
5 261
3 264
7 648
20 1577
2 1501
3 1501
1 1501
308 617
33 1618
2 285
503 504
114 115
1 48
5 247
14 737
0 223
7 509
3 311
6 594
238 477
2 345
2 733
9 789
7 789
15 605
2 1747
4 347
0 1511
4 1511
7 362
13 147
0 307
10 139
9 139
5 382
882 1766
393 788
2 788
4 788
5 788
393 788
0 788
1 788
393 788
6 788
3 694
0 694
4 307
1 174
10 371
538 1077
5 537
88 178
0 103
5 290
1 3159
2 3159
0 3159
20 1331
24 50
3 716
1 508
13 1909
24 1909
13 1909
1 1618
808 1618
9 384
9 384
0 102
1 94
9 585
5 474
267 535
1 261
37 295
0 169
7 148
4 183
18 876
2 733
14 1787
7 1787
3 1787
4 617
0 1553
1 1553
8 504
0 343
1 632
7 127
14 504
9 1083
2 65
4 1144
6 178
6 172
119 240
215 431
22 919
497 498
6 1618
737 1475
183 368
3 26
7 1965
6 1965
0 1965
3 1965
1 1965
2 1965
14 125
3 175
27 55
15 379
1 229
0 229
1 230
10 1042
10 344
11 323
5 746
17 876
12 479
202 406
4 504
3 171
6 575
22 764
15 1913
1 1913
5 1057
5 269
1 173
171 344
5 772
23 242
14 1695
18 1695
6 382
18 764
3 175
0 94
8 811
6 394
4 1287
0 176
9 139
0 310
1 360
4 230
8 811
7 381
0 1129
9 1129
1 1129
2 638
13 1071
37 1410
1 1410
5 1410
8 811
6 497
18 37
2 285
10 305
2 256
1 360
116 233
622 623
2 1061
5 260
5 452
5 563
7 592
5 144
163 327
1 617
12 337
10 362
2987 5976
68 5976
27 5976
92 5976
103 5976
1 5976
112 5976
56 5976
19 5976
537 1075
378 379
660 661
1 162
3 2517
26 431
6 100
4 1386
4 850
5 511
5 405
0 1102
1 1102
1 370
10 196
1 361
34 841
697 698
0 124
0 290
108 218
435 439
11 229
5 349
4 89
1 360
12 333
13 333
8 526
5 122
4 412
97 196
13 874
0 247
7 896
0 338
1 338
2 142
71 1779
889 1779
66 1779
889 1779
9 1238
17 876
6 1853
0 1853
0 1853
2 592
562 564
86 173
11 1539
1 158
5 812
6 584
2 328
130 262
9 816
1 99
397 796
9 404
5 146
6 345
3 464
113 228
273 274
459 919
11 502
4 1110
3 122
5 446
13 518
0 141
16 585
29 561
9 2808
12 1357
707 1416
1 204
7 100
281 563
281 564
5 473
16 1110
10 339
163 327
1 308
147 295
2 587
11 777
21 558
74 149
104 209
2 279
1 962
0 3095
1 3095
5 3095
3 1617
2 1617
1 1617
0 1617
8 318
8 327
0 1767
3 1767
1 1767
6 1767
15 240
7 1071
13 522
4 1618
1 465
0 465
1 465
