6 384
9 375
17 392
0 576
19 576
38 776
37 776
11 511
17 2287
5 2287
4 745
4 745
14 914
10 338
5 448
0 691
1 691
0 183
13 914
27 1155
36 1155
577 1155
3 1155
7 1155
4 1370
17 1623
6 7389
96 7389
21 7389
17 7389
5 7389
18 7389
41 7389
12 7389
1 7389
11 7389
142 7389
5 2339
5 615
22 1288
5 176
18 1265
2 1265
21 1265
5 150
3 79
0 1983
1 1983
7 1983
6 1983
3 269
198 397
11 1208
7 1208
9 1208
6 1474
11 240
4 448
2 558
1 1113
0 1113
1 79
6 305
9 400
5 388
15 590
13 1483
75 152
1 152
6 796
767 1536
0 805
12 276
14 328
0 1267
9 1267
14 1267
30 1267
1 1267
13 522
2 198
2 1013
2 1013
5 152
0 1303
0 1008
8 1008
1 327
7 562
12 737
11 737
5 264
7 175
0 44
0 89
16 1913
1 1913
11 1539
23 973
22 855
5 301
33 7645
9 7645
0 7645
19 7645
149 7645
10 7645
11 7645
12 7645
18 7645
168 7645
122 7645
3 7645
42 7645
23 7645
14 7645
15 7645
70 7645
39 7645
25 7645
5 7645
580 9306
7 9306
197 9306
13 9306
2 9306
302 9306
1 9306
6 9306
3 9306
790 9306
165 9306
0 9306
135 9306
37 9306
9 9306
19 9306
12 9306
21 9306
36 3760
234 3760
2 3760
1 3760
51 3760
34 3760
24 3760
38 3760
17 689
1 295
14 1454
0 1454
8 1454
21 1454
2 626
0 203
0 405
6 794
3 794
1 844
328 657
8 1110
4 150
0 1071
0 812
0 812
0 422
15 896
7 395
35 2339
1 135
14 324
4 721
4 79
3 204
1 811
1 368
0 380
0 380
5 384
9 152
48 98
9 68
5 446
1 777
11 777
5 884
18 884
17 1514
437 876
1 348
0 169
2 663
0 663
15 303
10 240
1 441
6 1474
1 733
8 1077
1 404
0 973
1 138
19 1618
4 567
17 876
1 176
0 2150
74 2150
17 876
155 311
6 1597
3 1597
5 1597
30 1597
21 618
0 98
1 184
15 776
9 776
5 497
4 57
18 392
0 670
2 670
18 392
0 511
6 247
4 876
171 344
9 965
769 1539
2 509
4 215
12 176
4 215
4 215
29 1386
3 283
6 764
1 465
0 792
26 10782
14 10782
22 10782
19 10782
4 10782
12 10782
46 10782
59 10782
85 10782
60 10782
42 10782
301 10782
30 10782
13 10782
5 10782
6 10782
17 10782
11 10782
58 10782
40 10782
20 10782
24 10782
21 10782
1 10782
42 10782
44 10782
4 224
13 767
10 144
269 540
0 2510
1 2510
134 269
5 269
1 1269
0 1269
3 919
2 782
5 448
1 931
0 931
2 247
4 89
2 2038
0 2038
1 2038
1 446
15 737
0 1898
1 1898
291 584
20 1360
3 2257
6 2257
1 1695
52 2339
11 1072
2 746
4 746
1 2150
9 2150
7 3410
1 3410
38 3410
5 746
1 2150
21 2150
11 764
6 746
0 456
16 590
43 2449
48 2449
26 191
3 777
3 266
10 1027
487 976
487 976
17 3000
15 3000
7 3000
165 3000
9 3000
18 3000
4 202
2 456
10 777
2 381
0 295
3 186
220 441
1 94
33 68
1 287
11 240
70 142
12 240
6 655
12 1197
8 2831
6 2831
5 2831
1 2831
8 1331
0 4210
2 4210
114 4210
1 4210
9 4210
23 4210
56 4210
14 4210
4 4210
12 4210
251 4210
0 20
3 209
1 677
0 677
0 1547
2 1547
0 888
1 888
1 344
1 413
14 1012
0 1012
22 1012
3 269
13 467
10 504
554 1110
1 585
3 2128
11 2128
2 2128
11 960
13 1483
39 1536
11 1536
44 1110
1 1069
3 1069
0 1069
4 1014
20 811
8 1110
3 423
0 93
4 183
2 384
1 724
2 2375
1 2375
6 2375
1 178
393 788
3 788
4 788
5 788
393 788
0 788
1 788
393 788
5 788
0 203
9 226
0 4949
6 4949
8 4949
20 4949
14 4949
13 4949
16 4949
0 120
70 2150
0 2150
2 2150
0 653
17 689
19 2955
6 2955
16 2955
9 2955
28 2955
0 2955
7 2955
2 1695
1 439
0 439
11 225
2 2163
3 2163
19 13875
39 13875
6 13875
17 13875
12 13875
106 13875
0 13875
5 13875
1 13875
7 13875
6937 13875
10 13875
499 13875
36 13875
32 2339
4 222
4 150
3 1164
6 1164
4 1164
0 2347
1 2347
2 2347
3 2347
3 633
8 384
28 3126
20 3126
9 3126
7 3126
6 3126
27 3126
26 3126
2 1078
0 1078
3 1078
3 267
17 1926
262 526
20 812
13 858
19 5657
12 5657
30 5657
2 5657
1 5657
0 5657
17 5657
141 5657
35 1042
13 423
6 218
85 172
17 1307
62 1021
14 384
6 400
11 240
6 247
1 176
1 247
3 124
21 618
5 247
0 1708
19 1708
12 1708
1 1708
4 762
0 762
1 152
19 371
5 264
1 442
0 442
0 389
17 5642
11 5642
87 5642
150 5642
9 5642
16 5642
109 5642
2 416
111 223
3 86
22 543
17 1403
16 1403
15 679
25 2517
0 87
344 689
10 336
4 89
2 153
28 1403
17 1963
18 1963
0 2002
15 2002
18 2002
11 147
4 147
4 163
131 264
10 1539
131 264
16 590
1 181
120 241
1 465
381 764
381 764
13 764
12 295
0 1652
2 1652
4 1967
4 86
0 1110
5 1183
1 1183
4 1183
0 876
0 389
1 1124
0 1124
11 1014
0 961
4 961
2 961
0 526
2 359
28 1130
6 257
27 1386
22 842
520 1042
0 257
2 2403
78 2403
49 2403
1 106
10 375
27 617
11 270
28 270
9 340
4 327
0 380
12 518
3 587
0 587
1 384
0 424
5 264
24 699
43 1317
14 1317
2 1317
6 120
7 594
0 538
0 603
5 1130
3 344
11 240
1 1241
4 122
26 855
13 1898
2 1898
1 1898
0 1898
16 384
8 17
17 914
0 777
81 163
6 4713
4 4713
0 4713
2356 4713
1 4713
12 4713
0 44
1 2150
7 2150
4 2150
8 2150
8 402
132 266
0 781
5 781
1 781
2 781
21 664
16 689
13 874
9 796
9 796
67 1464
24 1464
61 1464
1 548
8 382
116 233
2 663
9 257
252 506
5 1012
4 257
3 626
2 371
390 782
3 3816
4 3816
0 3816
1 3816
2 3816
9 3816
8 3816
9 340
9 1347
0 1347
1 149
7 554
2 364
4 364
147 295
217 435
17 695
3 1247
0 1247
7 423
14 914
0 265
1 631
0 631
3 186
0 518
85 171
255 511
25 431
1 2308
0 2308
9 2303
24 2303
1 145
4 145
5 145
14 467
29 518
4 405
8 318
9 423
8 324
9 389
14 8726
3 8726
83 8726
13 8726
11 8726
61 8726
368 8726
112 8726
68 8726
0 8726
4 8726
6 8726
5 8726
1 422
1 108
5 456
0 1036
1 1036
18 391
3 344
14 679
2 154
198 397
36 3066
32 3066
50 3066
2 1214
12 1214
43 1595
54 1595
50 764
0 457
0 368
0 376
4 209
10 209
2 1191
0 1191
19 592
10 378
70 141
3 389
8 446
6 264
7 526
8 1110
6366 12734
50 12734
4 12734
19 12734
66 12734
128 12734
6366 12734
33 12734
36 12734
138 12734
111 12734
111 12734
595 12734
172 12734
45 12734
722 12734
134 12734
396 12734
3 203
4 89
1 653
9 295
0 841
0 441
8 384
0 876
35 1264
631 1264
46 1264
6 404
1 1483
0 1110
19 590
22 590
5 264
0 107
24 1386
0 148
44 89
10 842
33 461
0 669
4 669
13 737
29 699
2 423
11 737
0 107
0 107
0 148
0 473
5 2629
2 2629
71 2629
69 2629
10 384
2 1589
1 1589
0 1589
4 113
0 2696
1 2696
2 2696
0 774
34 664
493 987
2 987
3 987
16 4344
14 4344
9 4344
17 4344
5 4344
7 4344
15 4344
4 222
312 626
29 1376
18 1376
21 1376
32 1376
0 558
9 680
0 680
5 234
2 177
3 177
16 384
13 441
31 441
3 376
1 1511
9 1511
7 522
1 522
0 169
14 737
34 664
12 479
4 2238
7 2238
1 2238
11 2238
19 1074
12 737
2 762
1258 2517
393 788
7 2300
5 2300
9 762
19 618
0 183
28 270
11 558
2 252
10 295
12 1913
28 1913
30 656
6 656
21 656
12 240
5 423
381 764
21 373
0 446
3 357
7 423
0 632
14 590
280 562
227 456
0 9
293 587
4 562
9 1014
0 774
0 404
1 567
4 1407
3 594
1 690
0 690
1 250
1 127
29 295
2 2725
3 2725
4 2725
1 2725
0 2725
1 442
0 442
11 518
1 508
0 269
1 269
0 38
0 6094
3 6094
4 6094
2 6094
6 6094
17 1370
0 2737
2 2737
10 1409
262 526
18 465
3 339
4 960
1 960
16 382
3 295
0 404
0 431
1 1536
6 615
0 844
4 308
8 504
1 560
0 730
1 730
2 764
0 1701
11 240
141 283
10 596
17 392
4 2339
3 2339
0 303
0 461
21 563
12 438
0 122
0 980
1 980
422 845
1 665
4 378
1 352
8 889
5 889
1 189
0 431
0 751
262 526
7 1955
16 1955
3 1955
51 1955
2 1955
4 1955
17 9453
72 9453
25 9453
6 9453
7 9453
146 9453
8 9453
31 9453
11 9453
37 9453
146 9453
39 9453
38 9453
29 9453
21 9453
1 3604
14 3604
18 3604
1801 3604
16 3604
2 2982
6 2982
4 2982
5 2982
13 2982
7 1152
2 499
0 181
1 181
124 249
25 613
13 395
2 575
1 122
7 1114
0 1114
141 283
141 283
0 241
27 55
6 655
2 1887
1 1887
3 1887
3 7512
22 7512
16 7512
27 7512
4 7512
25 7512
10 7512
404 7512
109 7512
516 7512
165 7512
24 7512
58 7512
29 7512
506 7512
4 328
3 623
1 106
0 82
2 305
97 196
75 151
13 439
1 328
8 2031
1 4370
3 4370
5 4370
4 4370
0 4370
7 4370
6 4370
2 4370
0 340
0 360
2 269
1 413
11 887
1 187
0 187
5 534
6 1539
4 726
128 257
5 202
2 764
0 764
0 473
1 729
2 729
3 729
1 174
296 593
1 326
5 282
29 59
41 2849
17 2849
7 2849
26 2849
6 225
217 435
1 435
0 522
72 146
18 479
6 399
4 587
5 562
393 788
0 788
393 788
393 788
393 788
2 788
2 788
393 788
393 788
2 473
3 473
7 1528
2 1528
10 1904
8 1904
1 733
3 219
81 2417
65 2417
17 594
15 594
296 594
0 620
1 620
0 476
2 476
0 405
3 1695
2 91
45 91
2 1223
1 1223
6 1223
12 479
2 328
6 1879
3 1879
125 4834
23 4834
70 4834
1 4834
10 4834
37 4834
1 145
22 739
11 336
11 361
88 177
8 413
379 759
2 191
2 191
5 240
8 233
3 177
0 176
5 318
1 807
0 807
9 761
2 446
1 931
0 931
2 1074
8 812
143 287
16 764
4 1043
0 857
4 922
11 558
7 558
0 279
86 173
64 130
0 617
1 617
3 1707
2 1707
6 4275
5 4275
1 4275
0 4275
3 4275
1 1149
0 1149
3 1149
5 2971
2 2971
11 336
2 318
1 1026
1 92
0 92
0 311
1 161
4 774
11 127
5 379
0 400
3 428
190 381
6 562
5 497
8 393
4 279
12 323
5 395
5 223
0 362
14 509
1 2434
14 716
7 388
19 233
0 484
4 484
4 484
19 1075
20 1075
20 1075
22 1075
58 118
0 114
421 844
30 844
1 306
1 1742
2 1742
0 1742
11 441
5 655
8 764
2 509
1868 3737
2 3737
1 3737
0 3737
11 562
1090 2181
2 338
3 40
1 379
4 405
5 474
2 98
2 1143
183 368
349 699
3 343
12 126
19 1644
22 1644
1 767
5 767
383 767
9 20
154 310
4 354
5 61
5 297
363 727
12 395
12 1618
4 233
190 381
1 473
108 217
1 152
383 768
0 171
0 567
1 301
0 461
393 788
2 788
393 788
393 788
393 788
2 788
2 788
393 788
393 788
2 405
6 653
69 139
2 324
4 973
9 1386
0 633
23 664
37 1618
17 395
0 295
171 344
6 230
1109 2219
0 385
6 527
19 1926
36 1926
3 548
0 919
13 699
4 472
4 327
0 821
3 821
4 821
4 526
2 567
14 1012
14 1012
14 1012
8 562
369 739
2 266
113 227
0 241
8 635
3 391
5 177
5 407
8 435
7 535
15 527
2 371
3 371
2 240
0 57
148 297
7 262
4 361
21 1312
0 84
6 287
10 509
2 585
7 592
24 812
1169 2339
144 290
0 948
1 948
0 448
486 973
3 360
9 389
27 1646
2 2101
1 2101
4 2101
3 2101
6 876
11 472
15 265
9 777
3 502
68 137
104 209
10 144
1 183
1 370
67 135
2 120
7 962
24 721
1 114
5 3218
6 1747
0 231
1 1110
0 153
0 290
6 397
11 325
14 319
190 382
5 5267
31 5267
16 5267
14 5267
47 5267
34 5267
45 5267
81 5267
0 5267
15 5267
13 5267
2 5267
18 5267
60 5267
3 1034
0 1034
0 2191
2 2191
9 247
9 247
17 1416
513 1027
0 319
0 1042
0 384
0 163
6 127
0 484
1 900
0 544
132 265
6 368
0 930
12 2416
11 2416
14 2416
13 919
2 407
0 382
0 247
0 233
1 1183
2 1183
0 1183
1 1185
1 382
0 340
0 3763
1 3763
7 177
16 477
2 141
23 242
0 295
1 295
13 395
307 615
1 308
3 1695
11 511
0 227
2 257
35 2339
7 395
2 359
10 761
8 257
0 176
12 336
2 195
1 365
13 240
2 230
3 196
11 338
15 1116
2 1116
2 1124
0 300
5 1623
452 906
28 57
2 188
6 1057
0 233
2 721
9 318
8 735
349 699
2 446
1 310
0 165
232 465
3 1130
339 679
2 392
173 348
4 1898
0 1898
1 472
3 950
1 950
2 950
3 191
1 1695
0 324
2 282
2 861
22 1695
179 360
3 960
3 388
3 1701
0 453
1 453
4 247
2 461
27 295
24 1042
274 549
159 319
8 1110
8 2517
1 866
0 866
5 141
2 387
23 48
0 1791
4 1791
9 511
3 275
142 286
0 423
2 191
12 950
17 509
0 861
1 364
4 364
2 378
1 3651
0 364
11 364
0 298
6 679
21 654
6 177
11 605
4 392
3 392
4 569
0 43
9 414
4 272
4 327
1 2050
2 2050
3 2050
0 617
5 927
5 1268
2 1268
1 1268
706 1413
78 157
7 317
32 790
394 790
6 812
538 1077
7 584
280 562
20 1360
6 1695
202 405
293 587
5 127
2 1592
0 1592
1 1719
2 1719
0 1719
0 548
1 548
97 195
1 352
0 1043
6 2703
4 2703
5 2703
20 2703
30 1165
12 395
1 1323
3 1323
0 1323
6 1323
4 1323
0 118
1 165
11 663
6 451
19 1536
22 1526
22 1526
22 1526
2 116
14 327
3 587
0 139
3 325
8 1288
1 116
119 240
2 217
355 712
58 1386
74 2339
1 2517
190 381
141 284
1 183
147 295
11 2517
11 2339
16 465
2 247
1 2517
0 55
4 281
0 247
22 1360
10 461
86 3761
6 590
6 594
13 378
15 1539
9 108
2168 4338
775 1552
3 152
1 646
4 306
15 657
16 657
19 1042
210 421
2 1042
4 222
2 1034
0 270
5 1104
1 486
7 502
1 57
407 816
4 2365
536 1074
0 187
2 2236
0 2236
3 2236
1 2236
4 405
4 1110
13 497
110 222
0 120
0 151
0 1392
0 230
6 86
5 78
1169 2339
0 9
4 1021
2 318
1 308
1 279
2 762
0 88
10 721
15 1027
5 500
1 89
2 86
13 159
4 733
20 725
0 276
1 497
3 1130
0 456
0 654
0 777
1 53
0 340
237 475
2 142
7 694
0 41
0 90
13 588
14 588
3 588
4 214
3 67
7 588
1 327
1 342
0 588
96 193
2 161
44 90
15 588
6 41
10 322
3 718
2 142
16 567
10 588
56 113
0 120
23 588
10 567
293 588
27 588
16 483
27 588
6 218
21 588
12 282
12 282
293 588
108 218
1 327
11 24
0 274
2 274
2 214
1 142
5 90
44 90
1 228
6 567
0 229
13 567
6 343
4 228
6 327
0 43
15 386
346 694
113 228
8 475
3 588
237 475
28 946
0 475
1 567
3 457
13 327
17 483
11 343
0 116
0 475
113 228
5 342
163 327
279 560
4 229
0 99
8 588
21 43
21 43
0 168
11 141
1 483
7 16
10 588
3 386
12 334
293 588
293 588
6 588
293 588
1 90
27 588
8 271
13 588
15 386
4 67
279 560
170 342
4 454
11 588
12 588
3 211
346 694
20 694
8 228
9 327
14 588
17 752
4 53
0 229
28 588
2 41
1 374
1 334
12 588
27 475
5 110
1 229
1 58
22 588
2 142
8 153
13 334
3 116
58 118
18 588
26 386
6 327
2 142
13 228
77 156
3 588
7 588
3 327
25 343
76 153
9 475
1 588
0 99
0 588
6 588
286 574
4 694
2 90
22 694
1 56
279 560
11 342
160 322
0 752
14 588
21 327
0 193
12 454
3 342
3 67
19 327
21 588
5 229
3 342
3 67
1336 2673
3 211
17 483
7 327
0 228
4 33
480 962
1 1539
0 125
0 120
39 80
1 816
0 554
1 176
0 406
0 66
0 473
0 977
0 844
0 290
14 502
3 88
6 275
3 147
5 515
0 1205
0 1403
0 1695
8 605
6 605
0 1347
10 1347
25 1516
0 295
0 473
0 59
8 1021
11 788
113 228
0 1110
0 88
0 768
2 476
10 337
0 340
16 1695
5 127
0 308
1 378
0 241
3 452
0 284
10 1900
0 1900
1 3101
0 3101
0 6
7 218
25 664
0 158
0 423
17 951
18 951
0 623
0 399
21 1577
1 278
3 214
1 2150
0 2150
1 145
0 404
1 1074
7 336
0 362
4 594
0 216
2 439
5 527
4 1386
8 639
16 762
0 625
1 625
0 725
0 395
0 1036
27 1042
2 393
6 1539
2 368
3 1539
58 117
12 632
36 1042
258 518
1 567
2 452
0 1071
0 347
4 303
0 120
28 270
4 2237
48 2237
2 2237
1 2237
24 2237
0 233
775 1552
0 409
0 1230
2 1230
22 853
1 400
0 126
0 446
15 857
0 973
1 274
0 274
2 3390
32 3390
5 3390
0 3390
0 584
13 890
2 626
107 216
0 1346
1 247
143 287
39 79
0 196
17 191
27 7353
7 7353
228 7353
421 7353
29 7353
39 7353
387 7353
15 7353
30 7353
529 7353
2 7353
13 7353
35 7353
383 7353
6 7353
42 7353
2 141
5 2466
2 2466
0 2466
1 2466
3 1456
21 10604
2 10604
91 10604
100 10604
70 10604
0 10604
95 10604
260 10604
33 10604
225 10604
27 10604
23 10604
5 10604
73 10604
254 10604
76 10604
4 1655
2 1655
0 407
2 1162
13 1162
0 1162
1 1162
5 479
12 623
0 87
2 564
195 391
0 295
0 590
0 508
847 1695
23 47
393 788
3 788
20 788
11 788
393 788
1 788
3 788
19 788
393 788
1 230
3 739
1 436
14 1695
0 247
3 626
12 567
57 115
23 48
0 344
3 684
381 764
3 582
7 1072
5 1862
0 1862
8 369
17 876
1 625
1 233
6 937
0 937
5 937
1 230
1 421
4 272
6 218
2 812
12 826
0 919
1 887
1 1072
46 2339
14 958
0 958
17 1623
7 141
1 792
1 811
2 2330
0 2330
8 247
30 974
11 120
0 182
0 423
0 1967
0 30
9 384
3 549
24 1153
0 497
1 188
5 498
1 157
2 157
16 2339
7 950
2 57
0 135
12 473
0 962
4 448
1 163
5 414
12 1161
0 1161
1 1161
0 117
1 96
18 1403
1 1346
1 139
29 1110
1 473
2 318
0 318
2 700
0 162
3 1967
6 1539
7 1539
0 106
1 5662
4 5662
7 5662
4 5662
3 5662
25 1536
28 1536
14 625
2 2565
1 2565
28 2565
5 2565
6 2565
4 2565
66 1747
7 384
6 183
3 1249
5 1249
0 87
0 812
4 746
1 2128
0 2128
4 2128
0 473
0 67
3 124
2 178
0 764
3 379
1 2396
0 2396
2 2396
15 890
2 890
14 890
0 38
1 2407
3 2407
0 2407
8 2407
1 735
1 581
2 581
2 385
2 385
19 615
0 139
8 641
4 448
15 1064
0 1064
9 2225
4 89
1 941
0 89
0 1419
2 452
1 80
7 554
1 89
0 1294
35 1294
190 381
31 1948
15 1948
0 1948
5 1948
2 962
6 448
0 352
0 137
2 594
4 1708
0 1708
143 287
0 25
2 816
0 626
0 90
26 2339
0 1536
2 233
0 69
2 319
1 796
0 446
0 527
0 142
1 369
2 153
12 590
6 385
24 413
2 446
0 2395
2 2395
5 404
295 592
28 2163
1 2163
2 2163
27 55
19 191
2 2423
3 2423
0 2423
3 344
4 196
0 452
27 1403
0 1205
2 1205
3 1014
0 294
2 448
5 86
0 395
13 844
0 844
151 303
11 1360
0 812
0 107
0 562
10 479
8 467
31 1733
38 1733
32 1733
3 80
5 739
0 446
123 247
0 389
0 733
2 215
5 295
22 431
3 175
4 130
7 187
2 135
3 284
2 371
8 330
4 1724
1 1724
2 1724
1 549
9 919
569 1139
0 896
1 896
7 437
51 103
0 264
5 261
3 264
1 648
23 1577
2 1501
3 1501
1 1501
24 617
6 1618
1 285
9 504
3 115
1 48
0 247
1 737
0 223
0 509
0 311
4 594
238 477
1 345
1 733
13 789
10 789
0 605
3 1747
0 347
3 1511
2 1511
0 362
11 147
0 307
11 139
10 139
0 382
882 1766
393 788
3 788
4 788
5 788
393 788
0 788
1 788
393 788
6 788
11 694
0 694
4 307
1 174
6 371
538 1077
1 537
88 178
0 103
5 290
3 3159
8 3159
0 3159
8 1331
24 50
0 716
1 508
49 1909
28 1909
38 1909
1 1618
16 1618
0 384
9 384
0 102
0 94
3 585
5 474
267 535
0 261
23 295
0 169
0 148
6 183
14 876
1 733
8 1787
15 1787
0 1787
7 617
0 1553
2 1553
9 504
2 343
1 632
0 127
13 504
8 1083
2 65
7 1144
1 178
5 172
119 240
215 431
22 919
0 498
2 1618
39 1475
183 368
3 26
1 1965
0 1965
5 1965
4 1965
3 1965
14 1965
14 125
3 175
27 55
3 379
0 229
0 229
0 230
3 1042
0 344
7 323
4 746
17 876
11 479
27 406
3 504
2 171
3 575
20 764
16 1913
1 1913
6 1057
1 269
1 173
6 344
0 772
0 242
1 1695
14 1695
4 382
4 764
3 175
0 94
1 811
0 394
0 1287
0 176
9 139
0 310
1 360
5 230
3 811
2 381
0 1129
5 1129
1 1129
1 638
14 1071
32 1410
12 1410
3 1410
1 811
0 497
18 37
0 285
5 305
2 256
1 360
116 233
12 623
0 1061
4 260
1 452
2 563
7 592
3 144
163 327
0 617
6 337
10 362
406 5976
161 5976
28 5976
227 5976
234 5976
25 5976
231 5976
175 5976
149 5976
21 1075
6 379
8 661
2 162
0 2517
25 431
6 100
1 1386
7 850
5 511
4 405
0 1102
1 1102
0 370
5 196
1 361
15 841
27 698
0 124
0 290
108 218
2 439
9 229
0 349
4 89
0 360
12 333
15 333
4 526
2 122
0 412
97 196
13 874
0 247
6 896
1 338
2 338
2 142
77 1779
889 1779
60 1779
889 1779
0 1238
17 876
0 1853
4 1853
27 1853
0 592
1 564
86 173
9 1539
0 158
1 812
5 584
0 328
6 262
2 816
1 99
397 796
6 404
5 146
6 345
3 464
113 228
6 274
459 919
0 502
0 1110
4 122
4 446
10 518
0 141
15 585
18 561
0 2808
1 1357
707 1416
1 204
6 100
281 563
11 564
0 473
30 1110
0 339
163 327
2 308
147 295
1 587
1 777
3 558
74 149
104 209
0 279
1 962
1 3095
3 3095
0 3095
6 1617
1 1617
2 1617
0 1617
8 318
6 327
0 1767
8 1767
3 1767
2 1767
13 240
3 1071
1 522
0 1618
1 465
0 465
1 465
