9 384
12 375
17 392
1 576
0 576
38 776
37 776
11 511
12 2287
13 2287
4 745
3 745
14 914
7 338
4 448
0 691
1 691
2 183
45 914
18 1155
33 1155
98 1155
11 1155
10 1155
1365 1370
33 1623
11 7389
13 7389
76 7389
0 7389
7 7389
2 7389
12 7389
72 7389
186 7389
71 7389
175 7389
76 2339
8 615
28 1288
173 176
11 1265
10 1265
16 1265
148 150
3 79
5 1983
6 1983
3 1983
4 1983
5 269
392 397
0 1208
4 1208
1 1208
1461 1474
239 240
4 448
21 558
1 1113
0 1113
3 79
303 305
399 400
8 388
16 590
27 1483
3 152
3 152
795 796
20 1536
8 805
12 276
15 328
5 1267
8 1267
2 1267
11 1267
4 1267
13 522
12 198
1 1013
0 1013
2 152
15 1303
1 1008
0 1008
4 327
10 562
13 737
13 737
3 264
4 175
0 44
0 89
10 1913
7 1913
1533 1539
972 973
853 855
6 301
0 7645
293 7645
75 7645
30 7645
1 7645
76 7645
62 7645
47 7645
50 7645
128 7645
162 7645
18 7645
4 7645
33 7645
9 7645
35 7645
129 7645
2 7645
49 7645
36 7645
740 9306
0 9306
19 9306
42 9306
46 9306
318 9306
89 9306
72 9306
17 9306
816 9306
463 9306
69 9306
24 9306
389 9306
71 9306
228 9306
165 9306
178 9306
16 3760
121 3760
24 3760
34 3760
22 3760
4 3760
15 3760
29 3760
687 689
2 295
3 1454
0 1454
1 1454
2 1454
625 626
201 203
404 405
10 794
9 794
843 844
49 657
1108 1110
4 150
9 1071
1 812
1 812
0 422
28 896
392 395
38 2339
1 135
9 324
4 721
4 79
203 204
9 811
10 368
17 380
17 380
4 384
9 152
4 98
8 68
5 446
11 777
13 777
14 884
21 884
16 1514
865 876
5 348
0 169
0 663
1 663
16 303
11 240
439 441
1472 1474
6 733
8 1077
3 404
3 973
137 138
18 1618
4 567
17 876
167 176
20 2150
21 2150
17 876
9 311
3 1597
0 1597
1 1597
10 1597
20 618
4 98
183 184
38 776
37 776
496 497
5 57
17 392
2 670
0 670
17 392
11 511
6 247
4 876
3 344
14 965
1532 1539
3 509
214 215
173 176
6 215
209 215
1385 1386
279 283
18 764
464 465
789 792
12 10782
1 10782
34 10782
60 10782
2 10782
204 10782
11 10782
120 10782
108 10782
109 10782
29 10782
196 10782
30 10782
22 10782
39 10782
115 10782
171 10782
3 10782
13 10782
15 10782
42 10782
5 10782
173 10782
32 10782
29 10782
4 10782
4 224
17 767
10 144
43 540
1 2510
2 2510
35 269
5 269
2 1269
1 1269
5 919
7 782
4 448
0 931
1 931
4 247
5 89
23 2038
0 2038
1 2038
3 446
28 737
0 1898
1 1898
23 584
1354 1360
7 2257
6 2257
1690 1695
56 2339
1068 1072
4 746
5 746
0 2150
1 2150
38 3410
0 3410
2 3410
9 746
0 2150
1 2150
757 764
6 746
6 456
29 590
14 2449
15 2449
183 191
11 777
8 266
987 1027
6 976
33 976
23 3000
51 3000
24 3000
98 3000
29 3000
43 3000
7 202
3 456
763 777
5 381
2 295
185 186
440 441
1 94
9 68
7 287
11 240
70 142
239 240
8 655
10 1197
3 2831
2 2831
5 2831
4 2831
7 1331
19 4210
18 4210
90 4210
11 4210
25 4210
56 4210
149 4210
60 4210
20 4210
27 4210
98 4210
5 20
4 209
0 677
1 677
1 1547
0 1547
7 888
6 888
342 344
406 413
2 1012
1 1012
3 1012
10 269
12 467
501 504
6 1110
9 585
1 2128
2 2128
0 2128
13 960
214 1483
1533 1536
1534 1536
1108 1110
1 1069
4 1069
2 1069
1013 1014
781 811
10 1110
15 423
1 93
9 183
5 384
8 724
8 2375
0 2375
2 2375
177 178
46 788
2 788
10 788
5 788
765 788
0 788
1 788
50 788
4 788
0 203
7 226
5 4949
13 4949
4 4949
32 4949
54 4949
33 4949
39 4949
118 120
58 2150
4 2150
7 2150
651 653
688 689
13 2955
4 2955
10 2955
0 2955
25 2955
1 2955
9 2955
14 1695
434 439
434 439
221 225
7 2163
6 2163
185 13875
0 13875
83 13875
21 13875
23 13875
55 13875
51 13875
2 13875
165 13875
52 13875
1877 13875
162 13875
20 13875
14 13875
38 2339
13 222
148 150
8 1164
7 1164
11 1164
3 2347
1 2347
0 2347
2 2347
632 633
9 384
4 3126
14 3126
11 3126
3 3126
10 3126
2 3126
1 3126
2 1078
1 1078
4 1078
3 267
20 1926
511 526
811 812
848 858
16 5657
17 5657
40 5657
19 5657
12 5657
13 5657
37 5657
5652 5657
42 1042
26 423
5 218
15 172
33 1307
109 1021
16 384
399 400
239 240
8 247
166 176
6 247
9 124
21 618
6 247
0 1708
3 1708
1 1708
2 1708
1 762
0 762
2 152
364 371
5 264
3 442
4 442
9 389
77 5642
11 5642
12 5642
141 5642
56 5642
66 5642
42 5642
8 416
9 223
4 86
28 543
16 1403
16 1403
672 679
24 2517
1 87
47 689
9 336
4 89
3 153
27 1403
20 1963
19 1963
1 2002
0 2002
2001 2002
146 147
146 147
155 163
263 264
7 1539
7 264
16 590
0 181
234 241
3 465
50 764
68 764
763 764
9 295
1 1652
0 1652
1966 1967
5 86
4 1110
2 1183
1 1183
0 1183
4 876
9 389
2 1124
3 1124
11 1014
0 961
9 961
1 961
8 526
2 359
38 1130
7 257
1384 1386
30 842
110 1042
3 257
18 2403
49 2403
17 2403
104 106
374 375
13 617
264 270
269 270
339 340
8 327
17 380
11 518
2 587
1 587
8 384
420 424
15 264
20 699
3 1317
1 1317
0 1317
6 120
8 594
3 538
0 603
27 1130
3 344
11 240
9 1241
121 122
28 855
0 1898
1 1898
0 1898
1 1898
16 384
0 17
901 914
8 777
160 163
27 4713
32 4713
5 4713
393 4713
3 4713
34 4713
0 44
1 2150
3 2150
3 2150
4 2150
9 402
258 266
0 781
1 781
2 781
5 781
663 664
686 689
13 874
12 796
795 796
83 1464
52 1464
50 1464
543 548
380 382
18 233
2 663
254 257
3 506
11 1012
7 257
6 626
3 371
40 782
45 3816
5 3816
1 3816
0 3816
9 3816
3 3816
10 3816
339 340
1 1347
0 1347
2 149
26 554
4 364
5 364
22 295
46 435
22 695
0 1247
1 1247
7 423
21 914
5 265
0 631
3 631
5 186
87 518
165 171
21 511
32 431
1 2308
0 2308
9 2303
7 2303
3 145
2 145
7 145
12 467
517 518
404 405
38 318
10 423
10 324
387 389
38 8726
16 8726
67 8726
109 8726
150 8726
15 8726
306 8726
64 8726
44 8726
43 8726
37 8726
82 8726
69 8726
421 422
11 108
8 456
0 1036
1 1036
387 391
3 344
676 679
3 154
198 397
13 3066
14 3066
32 3066
0 1214
1 1214
49 1595
77 1595
763 764
2 457
3 368
2 376
4 209
208 209
1 1191
0 1191
21 592
377 378
138 141
9 389
10 446
261 264
8 526
9 1110
1305 12734
35 12734
34 12734
246 12734
26 12734
96 12734
1306 12734
79 12734
20 12734
237 12734
76 12734
76 12734
27 12734
25 12734
85 12734
314 12734
153 12734
74 12734
202 203
4 89
7 653
13 295
1 841
6 441
11 384
875 876
38 1264
1230 1264
40 1264
6 404
14 1483
13 1110
16 590
16 590
3 264
0 107
11 1386
147 148
4 89
26 842
460 461
0 669
1 669
13 737
20 699
7 423
13 737
0 107
13 107
143 148
3 473
32 2629
42 2629
9 2629
8 2629
9 384
2 1589
1 1589
0 1589
4 113
0 2696
1 2696
8 2696
769 774
34 664
964 987
5 987
6 987
12 4344
1 4344
6 4344
44 4344
8 4344
5 4344
0 4344
8 222
613 626
15 1376
2 1376
14 1376
3 1376
21 558
5 680
4 680
4 234
5 177
9 177
381 384
12 441
41 441
4 376
0 1511
1 1511
7 522
6 522
0 169
13 737
34 664
477 479
21 2238
32 2238
29 2238
20 2238
1053 1074
10 737
7 762
28 2517
18 788
29 2300
28 2300
761 762
20 618
2 183
269 270
12 558
251 252
26 295
21 1913
22 1913
29 656
5 656
6 656
239 240
1 423
54 764
372 373
6 446
3 357
7 423
0 632
16 590
10 562
9 456
0 9
293 587
559 562
13 1014
18 774
10 404
562 567
7 1407
7 594
0 690
1 690
11 250
126 127
294 295
2 2725
4 2725
3 2725
0 2725
1 2725
1 442
0 442
22 518
1 508
1 269
3 269
0 38
1 6094
4 6094
0 6094
3 6094
5 6094
1366 1370
12 2737
11 2737
13 1409
43 526
4 465
334 339
0 960
1 960
29 382
3 295
5 404
6 431
4 1536
8 615
7 844
0 308
10 504
8 560
0 730
1 730
3 764
2 1701
11 240
17 283
595 596
17 392
6 2339
5 2339
3 303
1 461
11 563
12 438
1 122
1 980
0 980
837 845
11 665
4 378
344 352
8 889
7 889
3 189
1 431
750 751
1 526
2 1955
7 1955
9 1955
8 1955
6 1955
3 1955
12 9453
26 9453
13 9453
3 9453
9 9453
37 9453
0 9453
15 9453
1 9453
6 9453
11 9453
5 9453
2 9453
4 9453
8 9453
0 3604
2 3604
3 3604
1801 3604
1 3604
7 2982
5 2982
11 2982
6 2982
9 2982
8 1152
497 499
0 181
1 181
13 249
10 613
394 395
567 575
3 122
2 1114
3 1114
19 283
141 283
1 241
3 55
648 655
0 1887
1 1887
2 1887
30 7512
15 7512
25 7512
113 7512
130 7512
17 7512
35 7512
362 7512
277 7512
305 7512
101 7512
36 7512
81 7512
309 7512
7507 7512
322 328
10 623
3 106
6 82
8 305
195 196
148 151
19 439
5 328
31 2031
4 4370
8 4370
6 4370
3 4370
0 4370
7 4370
5 4370
2 4370
10 340
1 360
3 269
1 413
881 887
0 187
1 187
3 534
6 1539
24 726
15 257
200 202
0 764
1 764
9 473
2 729
1 729
0 729
8 174
5 593
4 326
5 282
4 59
8 2849
24 2849
28 2849
9 2849
8 225
10 435
423 435
3 522
7 146
27 479
6 399
3 587
16 562
47 788
2 788
779 788
778 788
781 788
0 788
1 788
781 788
54 788
2 473
1 473
1 1528
0 1528
48 1904
30 1904
9 733
215 219
56 2417
58 2417
25 594
16 594
18 594
1 620
0 620
3 476
4 476
6 405
19 1695
1 91
2 91
3 1223
2 1223
15 1223
477 479
327 328
2 1879
0 1879
51 4834
38 4834
2 4834
4 4834
36 4834
37 4834
1 145
734 739
10 336
5 361
7 177
43 413
747 759
190 191
14 191
11 240
8 233
3 177
0 176
5 318
0 807
1 807
9 761
2 446
0 931
1 931
27 1074
16 812
12 287
13 764
36 1043
7 857
3 922
0 558
1 558
20 279
19 173
129 130
2 617
3 617
1 1707
0 1707
3 4275
1 4275
0 4275
4 4275
5 4275
0 1149
1 1149
2 1149
0 2971
1 2971
9 336
3 318
1025 1026
0 92
1 92
3 311
154 161
773 774
11 127
21 379
24 400
427 428
2 381
560 562
6 497
392 393
0 279
322 323
19 395
9 223
8 362
17 509
11 2434
13 716
10 388
231 233
4 484
483 484
482 484
22 1075
24 1075
1063 1075
1072 1075
5 118
1 114
60 844
803 844
0 306
1 1742
0 1742
2 1742
15 441
652 655
50 764
47 509
1868 3737
0 3737
2 3737
1 3737
16 562
1090 2181
3 338
3 40
1 379
404 405
5 474
2 98
1140 1143
11 368
20 699
0 343
12 126
7 1644
8 1644
0 767
1 767
57 767
9 20
302 310
3 354
4 61
11 297
48 727
14 395
1602 1618
232 233
5 381
25 473
13 217
3 152
62 768
2 171
3 567
1 301
2 461
782 788
2 788
781 788
779 788
784 788
0 788
1 788
783 788
776 788
391 405
652 653
6 139
3 324
79 973
38 1386
632 633
36 664
112 1618
19 395
4 295
5 344
229 230
1109 2219
1 385
19 527
21 1926
21 1926
12 548
0 919
687 699
459 472
29 327
2 821
3 821
5 821
4 526
4 567
3 1012
1 1012
2 1012
9 562
33 739
3 266
224 227
0 241
22 635
7 391
3 177
2 407
423 435
524 535
17 527
2 371
4 371
3 240
56 57
294 297
7 262
352 361
158 1312
83 84
30 287
17 509
584 585
589 592
17 812
61 2339
282 290
2 948
3 948
2 448
29 973
7 360
9 389
50 1646
3 2101
0 2101
1 2101
2 2101
9 876
10 472
4 265
15 777
9 502
6 137
204 209
10 144
3 183
1 370
18 135
2 120
71 962
34 721
113 114
5 3218
14 1747
0 231
4 1110
0 153
5 290
8 397
8 325
29 319
19 382
8 5267
18 5267
12 5267
6 5267
13 5267
16 5267
9 5267
10 5267
3 5267
4 5267
5 5267
0 5267
7 5267
14 5267
1 1034
0 1034
1 2191
0 2191
8 247
8 247
41 1416
121 1027
2 319
4 1042
1 384
4 163
8 127
4 484
1 900
5 544
15 265
10 368
38 930
1 2416
0 2416
4 2416
38 919
406 407
5 382
3 247
4 233
2 1183
1 1183
0 1183
4 1185
6 382
5 340
0 3763
1 3763
176 177
476 477
140 141
23 242
0 295
1 295
13 395
15 615
6 308
4 1695
26 511
1 227
7 257
38 2339
7 395
2 359
9 761
244 257
3 176
9 336
193 195
361 365
239 240
227 230
9 196
16 338
19 1116
18 1116
9 1124
2 300
21 1623
892 906
0 57
2 188
6 1057
0 233
44 721
315 318
9 735
18 699
3 446
8 310
1 165
461 465
8 1130
65 679
2 392
9 348
0 1898
1 1898
6 472
4 950
6 950
3 950
11 191
8 1695
320 324
3 282
6 861
16 1695
20 360
3 960
377 388
3 1701
1 453
0 453
246 247
1 461
294 295
26 1042
19 549
12 319
20 1110
9 2517
0 866
1 866
8 141
2 387
3 48
1 1791
0 1791
8 511
4 275
5 286
0 423
2 191
31 950
15 509
2 861
4 364
5 364
376 378
3617 3651
4 364
5 364
2 298
667 679
23 654
176 177
10 605
7 392
7 392
48 569
0 43
407 414
268 272
6 327
2 2050
1 2050
3 2050
2 617
14 927
1 1268
0 1268
2 1268
30 1413
3 157
7 317
787 790
777 790
14 812
55 1077
579 584
30 562
1329 1360
5 1695
14 405
4 587
126 127
1 1592
0 1592
0 1719
2 1719
1 1719
2 548
1 548
194 195
338 352
1 1043
3 2703
2 2703
1 2703
0 2703
38 1165
15 395
9 1323
6 1323
5 1323
25 1323
12 1323
2 118
163 165
11 663
7 451
21 1536
3 1526
0 1526
1 1526
1 116
10 327
3 587
3 139
6 325
11 1288
2 116
8 240
2 217
355 712
11 1386
2338 2339
13 2517
5 381
14 284
176 183
5 295
13 2517
2183 2339
11 465
2 247
11 2517
4 55
5 281
0 247
1357 1360
10 461
69 3761
18 590
6 594
21 378
1538 1539
10 108
199 4338
136 1552
2 152
9 646
11 306
26 657
27 657
20 1042
23 421
1032 1042
6 222
1031 1034
257 270
6 1104
2 486
501 502
55 57
22 816
20 2365
11 1074
0 187
3 2236
2 2236
1 2236
0 2236
403 405
12 1110
6 497
221 222
119 120
4 151
5 1392
4 230
4 86
77 78
274 2339
8 9
26 1021
317 318
4 308
29 279
738 762
8 88
6 721
8 1027
494 500
1 89
2 86
157 159
7 733
716 725
10 276
4 497
29 1130
451 456
2 654
776 777
52 53
0 340
64 475
2 142
17 694
40 41
7 90
587 588
14 588
24 588
6 214
4 67
8 588
6 327
1 342
8 588
8 193
3 161
5 90
8 588
40 41
10 322
13 718
2 142
15 567
19 588
3 113
6 120
24 588
12 567
35 588
587 588
17 483
587 588
8 218
586 588
11 282
11 282
16 588
12 218
10 327
1 24
4 274
3 274
9 214
2 142
5 90
44 90
2 228
6 567
3 229
16 567
13 343
3 228
6 327
3 43
14 386
33 694
12 228
15 475
24 588
19 475
27 946
15 475
2 567
3 457
7 327
17 483
12 343
7 116
25 475
7 228
5 342
23 327
555 560
15 229
98 99
9 588
7 43
7 43
1 168
12 141
4 483
0 16
28 588
2 386
10 334
5 588
6 588
5 588
3 588
7 90
28 588
7 271
14 588
18 386
4 67
47 560
13 342
453 454
586 588
21 588
5 211
22 694
45 694
6 228
13 327
14 588
20 752
4 53
226 229
28 588
2 41
9 374
22 334
29 588
29 475
3 110
3 229
1 58
27 588
2 142
8 153
14 334
5 116
5 118
14 588
13 386
6 327
9 142
20 228
8 156
12 588
10 588
8 327
13 343
9 153
19 475
12 588
8 99
11 588
10 588
24 574
5 694
4 90
19 694
2 56
31 560
9 342
10 322
15 752
14 588
33 327
5 193
10 454
4 342
65 67
20 327
24 588
5 229
4 342
3 67
120 2673
5 211
17 483
326 327
10 228
4 33
8 962
6 1539
13 125
0 120
79 80
3 816
8 554
3 176
18 406
0 66
4 473
6 977
5 844
1 290
478 502
87 88
2 275
143 147
6 515
3 1205
16 1403
10 1695
5 605
6 605
1 1347
0 1347
43 1516
4 295
5 473
6 59
20 1021
14 788
113 228
18 1110
3 88
4 768
7 476
336 337
339 340
1662 1695
126 127
1 308
7 378
7 241
4 452
4 284
1 1900
0 1900
1 3101
0 3101
0 6
5 218
32 664
1 158
0 423
7 951
8 951
4 623
2 399
18 1577
263 278
2 214
5 2150
4 2150
1 145
0 404
1 1074
12 336
5 362
4 594
2 216
438 439
5 527
1384 1386
6 639
36 762
6 625
7 625
0 725
12 395
2 1036
26 1042
12 393
1533 1539
3 368
1492 1539
8 117
8 632
38 1042
1 518
3 567
7 452
9 1071
342 347
3 303
0 120
269 270
20 2237
45 2237
1 2237
0 2237
21 2237
1 233
218 1552
0 409
0 1230
1 1230
851 853
1 400
0 126
441 446
23 857
3 973
0 274
1 274
0 3390
35 3390
1 3390
8 3390
2 584
887 890
620 626
15 216
2 1346
6 247
10 287
9 79
2 196
183 191
159 7353
18 7353
53 7353
437 7353
67 7353
80 7353
205 7353
38 7353
13 7353
808 7353
37 7353
183 7353
46 7353
212 7353
12 7353
50 7353
9 141
3 2466
1 2466
0 2466
2 2466
1417 1456
12 10604
5 10604
19 10604
69 10604
0 10604
28 10604
3 10604
20 10604
26 10604
27 10604
21 10604
96 10604
7 10604
16 10604
110 10604
13 10604
3 1655
1 1655
1 407
1 1162
3 1162
0 1162
2 1162
478 479
8 623
1 87
551 564
6 391
3 295
2 590
1 508
115 1695
1 47
783 788
2 788
782 788
778 788
781 788
0 788
1 788
780 788
779 788
228 230
5 739
31 436
18 1695
1 247
622 626
566 567
114 115
2 48
10 344
15 684
90 764
3 582
117 1072
1 1862
0 1862
9 369
17 876
5 625
226 233
0 937
1 937
4 937
4 230
2 421
270 272
7 218
804 812
33 826
7 919
3 887
3 1072
37 2339
4 958
3 958
19 1623
140 141
790 792
40 811
0 2330
1 2330
6 247
20 974
8 120
0 182
2 423
4 1967
2 30
9 384
4 549
1150 1153
0 497
12 188
23 498
1 157
0 157
2338 2339
9 950
56 57
0 135
12 473
1 962
4 448
1 163
7 414
2 1161
0 1161
1 1161
1 117
2 96
16 1403
3 1346
1 139
1086 1110
472 473
40 318
4 318
3 700
2 162
6 1967
1510 1539
11 1539
0 106
0 5662
1 5662
3 5662
2 5662
4 5662
84 1536
32 1536
13 625
11 2565
7 2565
10 2565
6 2565
8 2565
9 2565
1746 1747
383 384
3 183
0 1249
2 1249
1 87
23 812
745 746
2 2128
1 2128
0 2128
472 473
1 67
123 124
170 178
8 764
1 379
16 2396
12 2396
13 2396
10 890
21 890
11 890
7 38
1 2407
3 2407
2 2407
7 2407
729 735
1 581
0 581
0 385
1 385
12 615
1 139
60 641
4 448
2 1064
3 1064
10 2225
5 89
1 941
1 89
6 1419
16 452
3 80
540 554
1 89
15 1294
16 1294
17 381
31 1948
9 1948
7 1948
23 1948
3 962
8 448
2 352
136 137
4 594
1 1708
0 1708
286 287
0 25
813 816
624 626
1 90
16 2339
2 1536
18 233
64 69
8 319
11 796
445 446
5 527
4 142
1 369
2 153
589 590
7 385
409 413
2 446
1 2395
2 2395
389 404
295 592
19 2163
16 2163
17 2163
4 55
14 191
1 2423
0 2423
4 2423
336 344
3 196
451 452
1358 1403
0 1205
1 1205
13 1014
5 294
4 448
85 86
12 395
843 844
17 844
3 303
1356 1360
1 812
106 107
1 562
11 479
9 467
41 1733
26 1733
25 1733
79 80
678 739
11 446
123 247
9 389
2 733
4 215
4 295
24 431
3 175
129 130
186 187
2 135
4 284
365 371
14 330
2 1724
0 1724
1 1724
3 549
7 919
1113 1139
0 896
1 896
0 437
1 103
260 264
6 261
3 264
7 648
22 1577
0 1501
2 1501
1 1501
18 617
36 1618
2 285
9 504
114 115
1 48
246 247
22 737
0 223
7 509
3 311
546 594
475 477
2 345
2 733
9 789
8 789
15 605
22 1747
346 347
2 1511
1 1511
5 362
146 147
39 307
9 139
10 139
6 382
26 1766
17 788
2 788
5 788
6 788
8 788
0 788
1 788
10 788
4 788
1 694
0 694
6 307
172 174
6 371
33 1077
536 537
3 178
100 103
6 290
2 3159
1 3159
0 3159
1311 1331
24 50
3 716
1 508
13 1909
24 1909
12 1909
1617 1618
1609 1618
9 384
9 384
0 102
7 94
9 585
19 474
27 535
1 261
294 295
0 169
7 148
6 183
872 876
2 733
14 1787
3 1787
4 1787
4 617
0 1553
1 1553
9 504
1 343
0 632
7 127
502 504
8 1083
2 65
94 1144
173 178
6 172
12 240
429 431
918 919
497 498
5 1618
28 1475
19 368
3 26
7 1965
6 1965
1 1965
3 1965
0 1965
2 1965
124 125
3 175
4 55
374 379
0 229
0 229
1 230
11 1042
343 344
322 323
6 746
20 876
475 479
402 406
5 504
5 171
28 575
30 764
10 1913
4 1913
6 1057
6 269
1 173
2 344
5 772
23 242
14 1695
1678 1695
6 382
19 764
3 175
5 94
9 811
6 394
5 1287
0 176
10 139
0 310
1 360
226 230
9 811
7 381
0 1129
9 1129
1 1129
4 638
1070 1071
37 1410
5 1410
4 1410
9 811
6 497
2 37
2 285
9 305
2 256
1 360
232 233
607 623
3 1061
258 260
5 452
560 563
589 592
8 144
325 327
1 617
336 337
361 362
5850 5976
68 5976
36 5976
92 5976
103 5976
24 5976
113 5976
56 5976
5 5976
1074 1075
369 379
654 661
2 162
13 2517
26 431
6 100
4 1386
10 850
5 511
403 405
1 1102
0 1102
1 370
188 196
1 361
24 841
697 698
0 124
0 290
6 218
437 439
216 229
5 349
4 89
1 360
328 333
331 333
8 526
121 122
2 412
3 196
13 874
0 247
9 896
0 338
1 338
3 142
1778 1779
128 1779
1760 1779
1731 1779
45 1238
17 876
6 1853
1 1853
0 1853
589 592
560 564
1 173
1509 1539
1 158
793 812
6 584
2 328
14 262
11 816
94 99
3 796
17 404
5 146
344 345
6 464
225 228
270 274
459 919
12 502
4 1110
2 122
6 446
29 518
0 141
12 585
54 561
2805 2808
1356 1357
129 1416
0 204
6 100
281 563
0 564
5 473
53 1110
10 339
163 327
4 308
286 295
1 587
11 777
21 558
148 149
204 209
5 279
950 962
0 3095
1 3095
7 3095
2 1617
3 1617
0 1617
1 1617
317 318
326 327
0 1767
2 1767
3 1767
8 1767
239 240
9 1071
13 522
4 1618
1 465
0 465
14 465
