9 384
16 375
17 392
1 576
0 576
38 776
37 776
11 511
12 2287
13 2287
4 745
3 745
15 914
7 338
4 448
0 691
1 691
2 183
903 914
18 1155
33 1155
100 1155
11 1155
10 1155
1367 1370
21 1623
11 7389
13 7389
76 7389
0 7389
7 7389
2 7389
12 7389
72 7389
186 7389
71 7389
175 7389
88 2339
8 615
28 1288
171 176
11 1265
10 1265
16 1265
147 150
3 79
5 1983
6 1983
3 1983
4 1983
6 269
395 397
0 1208
4 1208
1 1208
1471 1474
239 240
4 448
21 558
1 1113
0 1113
2 79
304 305
399 400
8 388
16 590
88 1483
3 152
3 152
795 796
23 1536
8 805
12 276
15 328
6 1267
8 1267
1 1267
11 1267
4 1267
13 522
193 198
1 1013
0 1013
2 152
15 1303
1 1008
0 1008
3 327
10 562
13 737
13 737
3 264
4 175
0 44
0 89
9 1913
7 1913
1531 1539
972 973
853 855
6 301
0 7645
293 7645
82 7645
23 7645
1 7645
76 7645
71 7645
60 7645
63 7645
128 7645
162 7645
18 7645
2 7645
30 7645
9 7645
34 7645
129 7645
3 7645
38 7645
40 7645
740 9306
0 9306
18 9306
47 9306
54 9306
318 9306
103 9306
76 9306
12 9306
816 9306
463 9306
69 9306
24 9306
389 9306
75 9306
228 9306
165 9306
179 9306
17 3760
121 3760
29 3760
38 3760
21 3760
5 3760
15 3760
30 3760
686 689
1 295
3 1454
0 1454
1 1454
2 1454
625 626
202 203
404 405
10 794
9 794
843 844
54 657
1107 1110
4 150
9 1071
1 812
1 812
0 422
25 896
394 395
38 2339
1 135
10 324
4 721
3 79
203 204
9 811
10 368
17 380
17 380
3 384
9 152
4 98
8 68
4 446
11 777
13 777
15 884
20 884
21 1514
863 876
6 348
0 169
0 663
1 663
16 303
11 240
439 441
1472 1474
6 733
8 1077
3 404
3 973
137 138
18 1618
5 567
20 876
166 176
20 2150
21 2150
19 876
9 311
3 1597
0 1597
1 1597
10 1597
20 618
4 98
183 184
38 776
37 776
496 497
6 57
17 392
2 670
0 670
17 392
11 511
6 247
4 876
3 344
15 965
1531 1539
3 509
213 215
173 176
6 215
14 215
1385 1386
277 283
43 764
464 465
788 792
13 10782
1 10782
39 10782
60 10782
2 10782
204 10782
11 10782
120 10782
108 10782
109 10782
29 10782
196 10782
36 10782
22 10782
34 10782
115 10782
171 10782
3 10782
12 10782
19 10782
42 10782
10 10782
173 10782
30 10782
29 10782
4 10782
4 224
17 767
10 144
36 540
1 2510
2 2510
35 269
5 269
2 1269
1 1269
5 919
8 782
4 448
0 931
1 931
4 247
5 89
23 2038
0 2038
1 2038
3 446
28 737
0 1898
1 1898
22 584
1350 1360
6 2257
7 2257
1688 1695
59 2339
1069 1072
4 746
8 746
0 2150
1 2150
38 3410
0 3410
2 3410
8 746
0 2150
1 2150
761 764
8 746
6 456
74 590
14 2449
15 2449
182 191
11 777
8 266
54 1027
6 976
39 976
23 3000
51 3000
24 3000
93 3000
29 3000
43 3000
8 202
3 456
754 777
5 381
6 295
185 186
440 441
1 94
9 68
8 287
238 240
17 142
239 240
8 655
10 1197
3 2831
2 2831
5 2831
4 2831
7 1331
22 4210
18 4210
90 4210
17 4210
25 4210
58 4210
150 4210
60 4210
23 4210
27 4210
98 4210
6 20
4 209
0 677
1 677
0 1547
1 1547
7 888
6 888
341 344
404 413
2 1012
1 1012
3 1012
9 269
12 467
499 504
8 1110
9 585
2 2128
3 2128
0 2128
13 960
1425 1483
1532 1536
1534 1536
1108 1110
1 1069
4 1069
2 1069
1013 1014
773 811
11 1110
19 423
1 93
10 183
5 384
8 724
8 2375
0 2375
1 2375
176 178
772 788
2 788
43 788
8 788
781 788
0 788
1 788
778 788
7 788
0 203
216 226
5 4949
13 4949
4 4949
32 4949
54 4949
33 4949
39 4949
119 120
58 2150
4 2150
6 2150
651 653
688 689
13 2955
4 2955
10 2955
0 2955
25 2955
1 2955
9 2955
14 1695
434 439
434 439
223 225
7 2163
6 2163
185 13875
0 13875
83 13875
20 13875
21 13875
55 13875
51 13875
2 13875
165 13875
52 13875
1949 13875
162 13875
23 13875
15 13875
38 2339
219 222
148 150
8 1164
7 1164
11 1164
3 2347
1 2347
0 2347
2 2347
631 633
9 384
5 3126
14 3126
12 3126
3 3126
10 3126
2 3126
1 3126
2 1078
1 1078
4 1078
3 267
20 1926
521 526
810 812
847 858
15 5657
17 5657
40 5657
19 5657
13 5657
12 5657
37 5657
5654 5657
42 1042
25 423
5 218
14 172
38 1307
101 1021
16 384
399 400
239 240
6 247
172 176
6 247
9 124
20 618
6 247
0 1708
3 1708
1 1708
2 1708
1 762
0 762
2 152
365 371
5 264
3 442
5 442
9 389
76 5642
11 5642
12 5642
141 5642
56 5642
66 5642
42 5642
410 416
12 223
5 86
28 543
16 1403
16 1403
669 679
24 2517
1 87
670 689
10 336
4 89
5 153
20 1403
20 1963
19 1963
1 2002
0 2002
2001 2002
146 147
146 147
20 163
263 264
7 1539
7 264
16 590
0 181
234 241
3 465
51 764
71 764
761 764
9 295
1 1652
0 1652
1966 1967
5 86
4 1110
2 1183
1 1183
0 1183
4 876
9 389
2 1124
3 1124
12 1014
0 961
9 961
1 961
8 526
2 359
37 1130
7 257
1383 1386
24 842
1039 1042
3 257
18 2403
49 2403
17 2403
104 106
374 375
24 617
34 270
269 270
339 340
8 327
17 380
14 518
2 587
1 587
8 384
413 424
14 264
20 699
3 1317
2 1317
0 1317
6 120
8 594
3 538
0 603
25 1130
3 344
18 240
10 1241
121 122
28 855
0 1898
1 1898
0 1898
1 1898
16 384
1 17
905 914
7 777
158 163
27 4713
32 4713
4 4713
376 4713
5 4713
34 4713
0 44
1 2150
3 2150
3 2150
4 2150
9 402
254 266
0 781
1 781
2 781
5 781
663 664
685 689
13 874
13 796
795 796
77 1464
52 1464
50 1464
547 548
380 382
19 233
2 663
252 257
485 506
8 1012
4 257
7 626
3 371
40 782
45 3816
5 3816
1 3816
0 3816
9 3816
3 3816
10 3816
339 340
1 1347
0 1347
1 149
65 554
4 364
5 364
16 295
53 435
22 695
0 1247
1 1247
7 423
32 914
5 265
0 631
3 631
5 186
501 518
11 171
505 511
33 431
1 2308
0 2308
9 2303
7 2303
3 145
2 145
7 145
12 467
517 518
404 405
308 318
10 423
10 324
388 389
38 8726
16 8726
67 8726
109 8726
150 8726
14 8726
306 8726
64 8726
45 8726
44 8726
37 8726
82 8726
69 8726
419 422
20 108
11 456
0 1036
1 1036
386 391
3 344
674 679
3 154
198 397
14 3066
13 3066
32 3066
0 1214
1 1214
49 1595
73 1595
763 764
2 457
3 368
2 376
4 209
208 209
1 1191
0 1191
21 592
377 378
136 141
9 389
12 446
260 264
8 526
9 1110
1332 12734
35 12734
34 12734
246 12734
25 12734
96 12734
1137 12734
79 12734
19 12734
237 12734
76 12734
76 12734
27 12734
26 12734
84 12734
314 12734
153 12734
74 12734
202 203
4 89
6 653
18 295
1 841
6 441
7 384
875 876
38 1264
1226 1264
1211 1264
6 404
14 1483
13 1110
16 590
16 590
3 264
0 107
11 1386
147 148
4 89
60 842
460 461
0 669
1 669
13 737
18 699
7 423
13 737
0 107
106 107
143 148
2 473
32 2629
42 2629
8 2629
9 2629
9 384
2 1589
1 1589
0 1589
4 113
0 2696
1 2696
8 2696
770 774
34 664
969 987
5 987
6 987
12 4344
1 4344
6 4344
44 4344
8 4344
5 4344
0 4344
8 222
615 626
15 1376
2 1376
14 1376
3 1376
21 558
5 680
4 680
4 234
4 177
15 177
382 384
12 441
35 441
3 376
0 1511
1 1511
6 522
7 522
0 169
13 737
34 664
474 479
21 2238
32 2238
29 2238
20 2238
1059 1074
11 737
28 762
2485 2517
23 788
29 2300
28 2300
760 762
20 618
2 183
36 270
12 558
251 252
34 295
21 1913
22 1913
29 656
5 656
6 656
239 240
1 423
53 764
372 373
4 446
5 357
7 423
1 632
16 590
9 562
8 456
0 9
293 587
560 562
10 1014
17 774
10 404
556 567
7 1407
8 594
0 690
1 690
8 250
126 127
294 295
1 2725
4 2725
2 2725
0 2725
3 2725
1 442
0 442
23 518
2 508
1 269
3 269
0 38
1 6094
4 6094
0 6094
3 6094
5 6094
1363 1370
12 2737
11 2737
15 1409
510 526
8 465
333 339
0 960
1 960
378 382
3 295
5 404
6 431
4 1536
8 615
7 844
0 308
9 504
7 560
0 730
1 730
3 764
2 1701
12 240
9 283
595 596
17 392
6 2339
5 2339
3 303
1 461
8 563
12 438
1 122
1 980
0 980
839 845
7 665
5 378
343 352
8 889
7 889
3 189
1 431
750 751
1 526
3 1955
7 1955
9 1955
8 1955
6 1955
2 1955
13 9453
26 9453
11 9453
6 9453
9 9453
37 9453
0 9453
15 9453
1 9453
4 9453
10 9453
5 9453
2 9453
3 9453
8 9453
0 3604
2 3604
3 3604
1801 3604
1 3604
10 2982
5 2982
12 2982
9 2982
8 2982
9 1152
497 499
0 181
1 181
13 249
11 613
393 395
565 575
4 122
2 1114
3 1114
17 283
141 283
1 241
3 55
647 655
1 1887
0 1887
2 1887
32 7512
16 7512
28 7512
113 7512
130 7512
17 7512
38 7512
362 7512
277 7512
305 7512
101 7512
45 7512
81 7512
309 7512
7506 7512
318 328
11 623
5 106
5 82
8 305
195 196
147 151
17 439
21 328
54 2031
5 4370
8 4370
7 4370
3 4370
0 4370
4 4370
6 4370
2 4370
6 340
1 360
3 269
1 413
878 887
0 187
1 187
3 534
6 1539
37 726
15 257
199 202
0 764
1 764
9 473
2 729
1 729
0 729
15 174
4 593
4 326
6 282
4 59
8 2849
24 2849
28 2849
9 2849
8 225
12 435
33 435
3 522
4 146
27 479
6 399
3 587
10 562
53 788
2 788
775 788
776 788
774 788
0 788
1 788
781 788
55 788
2 473
1 473
1 1528
0 1528
153 1904
104 1904
10 733
212 219
56 2417
57 2417
23 594
21 594
17 594
1 620
0 620
3 476
4 476
6 405
21 1695
1 91
3 91
3 1223
2 1223
15 1223
477 479
325 328
1 1879
0 1879
51 4834
38 4834
1 4834
4 4834
36 4834
37 4834
1 145
732 739
9 336
6 361
6 177
45 413
740 759
190 191
9 191
16 240
8 233
4 177
0 176
5 318
0 807
1 807
9 761
2 446
0 931
1 931
27 1074
22 812
13 287
14 764
45 1043
7 857
3 922
0 558
1 558
18 279
22 173
129 130
2 617
3 617
1 1707
0 1707
3 4275
1 4275
0 4275
4 4275
5 4275
0 1149
1 1149
2 1149
0 2971
1 2971
9 336
3 318
1025 1026
0 92
1 92
3 311
152 161
773 774
11 127
378 379
21 400
427 428
3 381
561 562
6 497
392 393
1 279
322 323
14 395
11 223
8 362
13 509
11 2434
13 716
8 388
229 233
4 484
483 484
483 484
21 1075
25 1075
1058 1075
1073 1075
5 118
1 114
421 844
797 844
0 306
1 1742
0 1742
2 1742
30 441
652 655
62 764
44 509
3732 3737
0 3737
2 3737
1 3737
14 562
1090 2181
3 338
3 40
1 379
404 405
6 474
2 98
1140 1143
6 368
20 699
0 343
12 126
7 1644
8 1644
0 767
1 767
54 767
6 20
291 310
3 354
3 61
10 297
50 727
17 395
1594 1618
228 233
5 381
17 473
13 217
3 152
59 768
4 171
3 567
1 301
2 461
58 788
2 788
774 788
57 788
781 788
0 788
1 788
778 788
40 788
385 405
652 653
4 139
3 324
78 973
28 1386
632 633
30 664
1611 1618
20 395
4 295
7 344
229 230
1109 2219
1 385
20 527
21 1926
21 1926
51 548
0 919
696 699
464 472
323 327
2 821
3 821
5 821
4 526
3 567
3 1012
1 1012
2 1012
9 562
37 739
1 266
223 227
0 241
30 635
6 391
3 177
4 407
430 435
39 535
24 527
2 371
2 371
3 240
56 57
294 297
7 262
34 361
1283 1312
83 84
278 287
16 509
584 585
586 592
21 812
56 2339
281 290
2 948
3 948
2 448
28 973
6 360
9 389
55 1646
3 2101
0 2101
1 2101
2 2101
9 876
8 472
4 265
11 777
7 502
8 137
201 209
10 144
3 183
1 370
18 135
2 120
74 962
33 721
113 114
5 3218
14 1747
0 231
4 1110
0 153
5 290
8 397
9 325
31 319
377 382
8 5267
18 5267
12 5267
6 5267
13 5267
16 5267
9 5267
10 5267
3 5267
4 5267
5 5267
0 5267
7 5267
14 5267
1 1034
0 1034
1 2191
0 2191
9 247
8 247
37 1416
130 1027
2 319
4 1042
1 384
4 163
8 127
4 484
1 900
5 544
19 265
10 368
34 930
1 2416
0 2416
4 2416
39 919
406 407
5 382
3 247
4 233
0 1183
1 1183
2 1183
4 1185
6 382
5 340
0 3763
1 3763
176 177
474 477
140 141
23 242
0 295
1 295
13 395
14 615
4 308
4 1695
22 511
2 227
4 257
38 2339
7 395
2 359
9 761
243 257
2 176
9 336
192 195
362 365
239 240
227 230
7 196
9 338
20 1116
18 1116
8 1124
2 300
23 1623
890 906
0 57
2 188
6 1057
0 233
25 721
313 318
9 735
19 699
2 446
8 310
1 165
461 465
27 1130
43 679
3 392
7 348
0 1898
1 1898
7 472
4 950
7 950
3 950
189 191
8 1695
323 324
4 282
6 861
18 1695
20 360
39 960
371 388
3 1701
2 453
0 453
246 247
1 461
294 295
26 1042
30 549
14 319
18 1110
7 2517
0 866
1 866
137 141
3 387
2 48
1 1791
0 1791
8 511
3 275
6 286
0 423
2 191
24 950
503 509
2 861
4 364
5 364
370 378
3627 3651
4 364
5 364
29 298
676 679
23 654
176 177
46 605
8 392
7 392
29 569
0 43
410 414
267 272
6 327
2 2050
1 2050
3 2050
2 617
14 927
1 1268
0 1268
2 1268
23 1413
2 157
6 317
783 790
768 790
11 812
1075 1077
579 584
34 562
1344 1360
5 1695
19 405
4 587
126 127
1 1592
0 1592
0 1719
2 1719
1 1719
2 548
1 548
194 195
335 352
1 1043
3 2703
2 2703
1 2703
0 2703
58 1165
13 395
9 1323
6 1323
5 1323
25 1323
12 1323
2 118
163 165
11 663
7 451
21 1536
3 1526
0 1526
1 1526
2 116
11 327
3 587
3 139
6 325
87 1288
2 116
10 240
2 217
355 712
12 1386
2338 2339
15 2517
6 381
12 284
174 183
7 295
14 2517
2131 2339
16 465
2 247
11 2517
4 55
5 281
1 247
1357 1360
10 461
64 3761
22 590
6 594
50 378
1536 1539
10 108
144 4338
157 1552
2 152
12 646
11 306
27 657
26 657
20 1042
24 421
1037 1042
5 222
1033 1034
264 270
6 1104
2 486
501 502
55 57
16 816
11 2365
11 1074
0 187
3 2236
2 2236
1 2236
0 2236
404 405
82 1110
6 497
221 222
119 120
4 151
5 1392
4 230
4 86
77 78
227 2339
8 9
26 1021
317 318
3 308
31 279
754 762
86 88
6 721
11 1027
494 500
1 89
2 86
157 159
7 733
712 725
10 276
4 497
30 1130
452 456
2 654
774 777
52 53
0 340
80 475
2 142
66 694
40 41
7 90
587 588
14 588
60 588
9 214
65 67
10 588
6 327
1 342
8 588
191 193
3 161
6 90
9 588
40 41
10 322
13 718
2 142
14 567
18 588
3 113
6 120
24 588
13 567
36 588
587 588
17 483
587 588
7 218
586 588
11 282
11 282
16 588
13 218
23 327
1 24
4 274
3 274
9 214
2 142
5 90
11 90
2 228
6 567
3 229
14 567
341 343
3 228
6 327
3 43
14 386
33 694
9 228
15 475
24 588
19 475
28 946
15 475
3 567
3 457
7 327
17 483
12 343
3 116
25 475
7 228
5 342
22 327
552 560
15 229
98 99
9 588
7 43
7 43
1 168
12 141
6 483
0 16
28 588
1 386
10 334
5 588
6 588
6 588
4 588
7 90
32 588
7 271
14 588
16 386
4 67
32 560
14 342
453 454
586 588
21 588
5 211
22 694
46 694
8 228
15 327
14 588
20 752
4 53
228 229
28 588
2 41
9 374
25 334
25 588
29 475
4 110
24 229
1 58
27 588
2 142
14 153
14 334
4 116
6 118
14 588
14 386
6 327
139 142
17 228
8 156
12 588
10 588
8 327
13 343
10 153
21 475
12 588
8 99
11 588
9 588
20 574
6 694
4 90
20 694
1 56
27 560
8 342
10 322
15 752
14 588
32 327
5 193
10 454
4 342
65 67
20 327
24 588
5 229
4 342
3 67
126 2673
5 211
17 483
326 327
10 228
4 33
7 962
6 1539
13 125
0 120
79 80
3 816
8 554
3 176
18 406
0 66
2 473
6 977
5 844
1 290
474 502
87 88
2 275
142 147
6 515
3 1205
16 1403
10 1695
5 605
6 605
0 1347
1 1347
63 1516
4 295
5 473
6 59
73 1021
10 788
227 228
18 1110
3 88
4 768
7 476
336 337
336 340
1660 1695
126 127
1 308
7 378
7 241
5 452
4 284
1 1900
0 1900
1 3101
0 3101
0 6
208 218
28 664
1 158
0 423
7 951
8 951
4 623
2 399
22 1577
258 278
2 214
5 2150
4 2150
1 145
0 404
1 1074
11 336
5 362
4 594
2 216
435 439
15 527
1383 1386
6 639
33 762
6 625
7 625
0 725
12 395
2 1036
27 1042
27 393
1532 1539
3 368
1510 1539
9 117
8 632
38 1042
1 518
6 567
15 452
9 1071
343 347
3 303
0 120
269 270
20 2237
45 2237
1 2237
0 2237
21 2237
1 233
191 1552
0 409
0 1230
1 1230
851 853
1 400
0 126
445 446
38 857
3 973
0 274
1 274
0 3390
35 3390
1 3390
8 3390
2 584
882 890
616 626
15 216
2 1346
6 247
10 287
9 79
2 196
188 191
160 7353
18 7353
52 7353
437 7353
67 7353
80 7353
205 7353
38 7353
15 7353
725 7353
37 7353
183 7353
46 7353
212 7353
11 7353
49 7353
15 141
3 2466
1 2466
0 2466
2 2466
1412 1456
13 10604
5 10604
25 10604
69 10604
0 10604
28 10604
4 10604
19 10604
22 10604
24 10604
18 10604
96 10604
8 10604
16 10604
110 10604
11 10604
1 1655
3 1655
1 407
1 1162
3 1162
0 1162
2 1162
478 479
6 623
1 87
49 564
6 391
3 295
2 590
1 508
49 1695
1 47
783 788
2 788
782 788
778 788
781 788
0 788
1 788
780 788
779 788
228 230
5 739
428 436
16 1695
1 247
622 626
566 567
114 115
1 48
10 344
15 684
81 764
4 582
116 1072
1 1862
0 1862
9 369
20 876
5 625
226 233
0 937
1 937
4 937
4 230
2 421
270 272
6 218
807 812
33 826
7 919
3 887
3 1072
28 2339
4 958
3 958
29 1623
140 141
791 792
30 811
0 2330
1 2330
6 247
30 974
9 120
0 182
3 423
4 1967
2 30
9 384
2 549
1149 1153
0 497
11 188
41 498
1 157
0 157
2338 2339
9 950
56 57
0 135
12 473
1 962
4 448
1 163
6 414
2 1161
0 1161
1 1161
1 117
4 96
16 1403
3 1346
1 139
1078 1110
472 473
44 318
4 318
3 700
2 162
6 1967
1508 1539
11 1539
105 106
0 5662
1 5662
4 5662
3 5662
2 5662
1500 1536
31 1536
46 625
11 2565
7 2565
10 2565
6 2565
8 2565
9 2565
1746 1747
383 384
3 183
0 1249
2 1249
1 87
23 812
745 746
3 2128
1 2128
0 2128
472 473
1 67
123 124
170 178
8 764
1 379
16 2396
12 2396
13 2396
11 890
21 890
10 890
7 38
1 2407
3 2407
2 2407
7 2407
727 735
1 581
0 581
0 385
1 385
10 615
1 139
30 641
4 448
2 1064
3 1064
10 2225
8 89
1 941
1 89
6 1419
19 452
3 80
537 554
1 89
16 1294
15 1294
5 381
31 1948
11 1948
8 1948
24 1948
3 962
8 448
1 352
136 137
4 594
1 1708
0 1708
286 287
0 25
812 816
624 626
1 90
16 2339
2 1536
229 233
56 69
8 319
11 796
445 446
5 527
4 142
1 369
2 153
589 590
7 385
409 413
2 446
2 2395
1 2395
391 404
295 592
19 2163
16 2163
17 2163
4 55
13 191
1 2423
0 2423
4 2423
335 344
3 196
451 452
59 1403
0 1205
1 1205
13 1014
5 294
4 448
85 86
12 395
843 844
17 844
3 303
1355 1360
1 812
106 107
1 562
14 479
9 467
41 1733
26 1733
25 1733
79 80
661 739
15 446
241 247
9 389
2 733
7 215
4 295
25 431
3 175
129 130
186 187
2 135
4 284
365 371
327 330
2 1724
0 1724
1 1724
3 549
7 919
1108 1139
0 896
1 896
1 437
0 103
261 264
6 261
3 264
7 648
24 1577
0 1501
2 1501
1 1501
16 617
35 1618
2 285
9 504
114 115
1 48
246 247
21 737
0 223
7 509
296 311
565 594
474 477
2 345
2 733
9 789
8 789
15 605
16 1747
345 347
1 1511
2 1511
5 362
146 147
294 307
10 139
9 139
6 382
25 1766
19 788
2 788
6 788
5 788
10 788
0 788
1 788
13 788
4 788
1 694
0 694
5 307
171 174
7 371
1054 1077
536 537
4 178
100 103
6 290
2 3159
1 3159
0 3159
1290 1331
24 50
3 716
1 508
13 1909
24 1909
12 1909
1616 1618
1596 1618
9 384
9 384
0 102
2 94
9 585
438 474
28 535
1 261
294 295
0 169
7 148
8 183
870 876
2 733
14 1787
3 1787
4 1787
23 617
0 1553
1 1553
9 504
1 343
0 632
7 127
502 504
8 1083
2 65
1131 1144
175 178
6 172
11 240
427 431
918 919
496 498
5 1618
28 1475
20 368
3 26
7 1965
6 1965
1 1965
3 1965
0 1965
2 1965
124 125
3 175
4 55
371 379
0 229
0 229
3 230
11 1042
342 344
322 323
32 746
22 876
475 479
404 406
5 504
3 171
27 575
33 764
9 1913
4 1913
7 1057
5 269
1 173
2 344
5 772
23 242
14 1695
1678 1695
6 382
22 764
3 175
1 94
9 811
6 394
5 1287
0 176
14 139
0 310
1 360
228 230
9 811
7 381
0 1129
9 1129
1 1129
5 638
1070 1071
37 1410
5 1410
4 1410
9 811
6 497
1 37
2 285
18 305
3 256
1 360
232 233
603 623
2 1061
257 260
5 452
52 563
589 592
5 144
326 327
1 617
336 337
361 362
5914 5976
68 5976
36 5976
92 5976
103 5976
26 5976
113 5976
56 5976
6 5976
1074 1075
362 379
47 661
2 162
12 2517
27 431
6 100
4 1386
12 850
6 511
404 405
1 1102
0 1102
1 370
187 196
1 361
820 841
697 698
0 124
0 290
7 218
437 439
217 229
5 349
4 89
1 360
330 333
329 333
8 526
121 122
2 412
4 196
13 874
0 247
15 896
0 338
1 338
4 142
1778 1779
117 1779
1753 1779
1719 1779
36 1238
17 876
6 1853
1 1853
0 1853
587 592
559 564
1 173
1502 1539
1 158
803 812
577 584
2 328
9 262
11 816
97 99
2 796
13 404
5 146
344 345
5 464
227 228
269 274
459 919
12 502
45 1110
3 122
6 446
28 518
0 141
12 585
558 561
2804 2808
1356 1357
107 1416
0 204
7 100
49 563
0 564
5 473
47 1110
10 339
163 327
4 308
287 295
1 587
11 777
21 558
148 149
206 209
5 279
949 962
0 3095
1 3095
7 3095
2 1617
3 1617
0 1617
1 1617
317 318
326 327
0 1767
2 1767
3 1767
8 1767
239 240
9 1071
13 522
4 1618
1 465
0 465
460 465
