9 384
16 375
17 392
1 576
0 576
38 776
37 776
11 511
12 2287
13 2287
4 745
3 745
14 914
7 338
4 448
0 691
1 691
2 183
33 914
18 1155
33 1155
88 1155
10 1155
11 1155
1366 1370
20 1623
11 7389
13 7389
76 7389
0 7389
7 7389
1 7389
12 7389
72 7389
186 7389
71 7389
175 7389
75 2339
8 615
30 1288
173 176
11 1265
10 1265
16 1265
148 150
3 79
5 1983
6 1983
3 1983
4 1983
5 269
392 397
1 1208
4 1208
0 1208
42 1474
239 240
4 448
21 558
1 1113
0 1113
1 79
302 305
399 400
9 388
16 590
21 1483
3 152
2 152
790 796
30 1536
8 805
12 276
322 328
5 1267
8 1267
2 1267
11 1267
3 1267
13 522
4 198
1 1013
0 1013
2 152
15 1303
1 1008
0 1008
5 327
9 562
13 737
13 737
3 264
4 175
0 44
0 89
10 1913
7 1913
1532 1539
972 973
853 855
6 301
2 7645
293 7645
69 7645
36 7645
0 7645
76 7645
52 7645
49 7645
51 7645
128 7645
162 7645
19 7645
3 7645
32 7645
10 7645
31 7645
129 7645
1 7645
48 7645
38 7645
740 9306
0 9306
22 9306
36 9306
47 9306
318 9306
82 9306
68 9306
11 9306
816 9306
463 9306
65 9306
27 9306
389 9306
70 9306
228 9306
166 9306
178 9306
8 3760
121 3760
26 3760
33 3760
20 3760
3 3760
11 3760
27 3760
687 689
2 295
3 1454
0 1454
1 1454
2 1454
625 626
202 203
404 405
10 794
9 794
843 844
73 657
1108 1110
4 150
9 1071
1 812
1 812
0 422
17 896
392 395
38 2339
1 135
7 324
4 721
3 79
203 204
9 811
10 368
17 380
17 380
4 384
9 152
4 98
9 68
3 446
11 777
11 777
15 884
19 884
16 1514
16 876
7 348
0 169
0 663
1 663
16 303
11 240
439 441
1472 1474
6 733
9 1077
3 404
3 973
137 138
18 1618
3 567
17 876
168 176
20 2150
21 2150
17 876
6 311
3 1597
0 1597
1 1597
10 1597
20 618
4 98
183 184
38 776
37 776
496 497
5 57
17 392
1 670
0 670
17 392
11 511
6 247
4 876
3 344
14 965
1513 1539
3 509
214 215
171 176
5 215
15 215
1385 1386
282 283
28 764
464 465
790 792
9 10782
2 10782
39 10782
60 10782
3 10782
204 10782
11 10782
120 10782
108 10782
109 10782
31 10782
195 10782
30 10782
20 10782
37 10782
115 10782
171 10782
4 10782
13 10782
14 10782
45 10782
5 10782
173 10782
33 10782
31 10782
0 10782
4 224
20 767
10 144
38 540
1 2510
2 2510
36 269
5 269
2 1269
1 1269
5 919
6 782
4 448
0 931
1 931
3 247
4 89
23 2038
0 2038
1 2038
3 446
28 737
0 1898
1 1898
23 584
1357 1360
7 2257
6 2257
1692 1695
56 2339
1068 1072
4 746
4 746
0 2150
1 2150
38 3410
0 3410
2 3410
7 746
0 2150
1 2150
33 764
7 746
6 456
24 590
14 2449
15 2449
181 191
11 777
5 266
1009 1027
6 976
30 976
24 3000
51 3000
23 3000
110 3000
29 3000
43 3000
8 202
3 456
753 777
9 381
4 295
185 186
439 441
1 94
33 68
8 287
11 240
70 142
239 240
5 655
8 1197
3 2831
2 2831
5 2831
4 2831
7 1331
15 4210
16 4210
90 4210
6 4210
25 4210
55 4210
149 4210
60 4210
12 4210
26 4210
98 4210
4 20
7 209
0 677
1 677
1 1547
0 1547
7 888
6 888
343 344
34 413
2 1012
1 1012
3 1012
16 269
12 467
502 504
29 1110
9 585
0 2128
2 2128
1 2128
13 960
39 1483
1533 1536
1534 1536
1108 1110
1 1069
4 1069
2 1069
1012 1014
785 811
9 1110
13 423
1 93
8 183
5 384
7 724
8 2375
1 2375
2 2375
177 178
7 788
2 788
6 788
5 788
14 788
0 788
1 788
9 788
4 788
0 203
7 226
5 4949
13 4949
4 4949
32 4949
54 4949
33 4949
39 4949
6 120
58 2150
4 2150
6 2150
20 653
688 689
13 2955
4 2955
10 2955
0 2955
25 2955
1 2955
9 2955
16 1695
434 439
434 439
218 225
7 2163
6 2163
185 13875
0 13875
83 13875
22 13875
21 13875
55 13875
51 13875
1 13875
165 13875
52 13875
1796 13875
162 13875
20 13875
14 13875
38 2339
17 222
149 150
8 1164
7 1164
11 1164
3 2347
1 2347
0 2347
2 2347
632 633
9 384
4 3126
14 3126
11 3126
1 3126
10 3126
3 3126
2 3126
2 1078
1 1078
4 1078
3 267
20 1926
23 526
811 812
30 858
16 5657
17 5657
40 5657
19 5657
12 5657
13 5657
37 5657
5650 5657
39 1042
21 423
5 218
15 172
29 1307
130 1021
16 384
399 400
239 240
8 247
1 176
6 247
8 124
20 618
6 247
0 1708
3 1708
1 1708
2 1708
1 762
0 762
2 152
365 371
5 264
2 442
4 442
9 389
75 5642
11 5642
12 5642
140 5642
56 5642
66 5642
42 5642
6 416
5 223
5 86
27 543
16 1403
16 1403
677 679
24 2517
1 87
40 689
9 336
4 89
3 153
20 1403
20 1963
19 1963
0 2002
1 2002
2001 2002
146 147
146 147
157 163
263 264
7 1539
4 264
16 590
0 181
235 241
3 465
60 764
67 764
763 764
8 295
1 1652
0 1652
1966 1967
5 86
4 1110
2 1183
1 1183
0 1183
4 876
9 389
2 1124
3 1124
11 1014
0 961
9 961
1 961
8 526
2 359
34 1130
7 257
1385 1386
23 842
1021 1042
3 257
18 2403
49 2403
17 2403
104 106
374 375
11 617
39 270
269 270
339 340
6 327
17 380
12 518
2 587
1 587
8 384
408 424
24 264
19 699
3 1317
1 1317
0 1317
6 120
9 594
3 538
0 603
19 1130
3 344
11 240
8 1241
120 122
28 855
0 1898
1 1898
0 1898
1 1898
16 384
0 17
27 914
7 777
16 163
27 4713
32 4713
4 4713
390 4713
3 4713
34 4713
0 44
1 2150
3 2150
3 2150
4 2150
9 402
260 266
0 781
1 781
2 781
5 781
663 664
687 689
13 874
11 796
793 796
78 1464
51 1464
49 1464
48 548
376 382
19 233
2 663
11 257
3 506
5 1012
4 257
4 626
4 371
41 782
45 3816
4 3816
1 3816
0 3816
8 3816
3 3816
10 3816
339 340
1 1347
0 1347
1 149
35 554
4 364
5 364
289 295
48 435
22 695
1 1247
0 1247
7 423
16 914
5 265
0 631
3 631
6 186
112 518
168 171
22 511
34 431
1 2308
0 2308
9 2303
7 2303
3 145
2 145
7 145
12 467
517 518
404 405
15 318
10 423
10 324
388 389
39 8726
17 8726
67 8726
109 8726
150 8726
16 8726
306 8726
64 8726
44 8726
43 8726
37 8726
82 8726
69 8726
421 422
9 108
6 456
0 1036
1 1036
386 391
3 344
676 679
2 154
198 397
13 3066
14 3066
32 3066
0 1214
1 1214
48 1595
69 1595
763 764
2 457
3 368
2 376
4 209
208 209
1 1191
0 1191
21 592
377 378
140 141
9 389
10 446
260 264
8 526
9 1110
6366 12734
35 12734
34 12734
246 12734
24 12734
96 12734
6366 12734
79 12734
20 12734
237 12734
76 12734
76 12734
26 12734
27 12734
85 12734
314 12734
153 12734
74 12734
202 203
4 89
9 653
13 295
1 841
6 441
12 384
75 876
41 1264
1235 1264
46 1264
6 404
14 1483
13 1110
16 590
16 590
3 264
0 107
12 1386
147 148
4 89
48 842
460 461
0 669
1 669
13 737
18 699
7 423
13 737
0 107
0 107
147 148
2 473
32 2629
42 2629
8 2629
9 2629
9 384
2 1589
1 1589
0 1589
3 113
0 2696
1 2696
8 2696
761 774
34 664
963 987
5 987
6 987
12 4344
1 4344
6 4344
44 4344
8 4344
5 4344
0 4344
218 222
620 626
15 1376
2 1376
14 1376
3 1376
21 558
5 680
4 680
4 234
3 177
8 177
24 384
12 441
35 441
2 376
0 1511
1 1511
7 522
6 522
0 169
13 737
34 664
476 479
21 2238
32 2238
29 2238
20 2238
58 1074
13 737
6 762
25 2517
18 788
29 2300
28 2300
761 762
20 618
2 183
269 270
12 558
15 252
29 295
21 1913
22 1913
29 656
5 656
6 656
239 240
0 423
64 764
372 373
7 446
3 357
7 423
1 632
16 590
10 562
10 456
0 9
293 587
561 562
10 1014
8 774
10 404
566 567
7 1407
6 594
0 690
1 690
8 250
126 127
294 295
2 2725
4 2725
3 2725
1 2725
0 2725
1 442
0 442
23 518
1 508
1 269
3 269
0 38
1 6094
4 6094
0 6094
3 6094
5 6094
1367 1370
12 2737
11 2737
10 1409
43 526
3 465
4 339
1 960
0 960
23 382
3 295
5 404
6 431
4 1536
8 615
7 844
0 308
10 504
8 560
0 730
1 730
3 764
1 1701
11 240
14 283
595 596
17 392
6 2339
5 2339
3 303
1 461
15 563
12 438
1 122
1 980
0 980
39 845
6 665
5 378
350 352
8 889
7 889
3 189
1 431
750 751
1 526
2 1955
7 1955
9 1955
8 1955
6 1955
3 1955
12 9453
26 9453
13 9453
2 9453
9 9453
37 9453
0 9453
15 9453
1 9453
6 9453
11 9453
5 9453
4 9453
3 9453
8 9453
0 3604
2 3604
3 3604
1801 3604
1 3604
8 2982
4 2982
10 2982
7 2982
9 2982
8 1152
497 499
0 181
1 181
13 249
11 613
26 395
566 575
3 122
2 1114
3 1114
141 283
141 283
0 241
4 55
651 655
1 1887
0 1887
2 1887
26 7512
15 7512
23 7512
113 7512
131 7512
16 7512
29 7512
361 7512
277 7512
305 7512
101 7512
28 7512
82 7512
309 7512
7507 7512
320 328
10 623
1 106
7 82
8 305
195 196
149 151
15 439
5 328
26 2031
4 4370
8 4370
6 4370
3 4370
0 4370
7 4370
5 4370
1 4370
338 340
1 360
3 269
1 413
886 887
0 187
1 187
3 534
6 1539
21 726
18 257
200 202
0 764
1 764
9 473
2 729
1 729
0 729
9 174
6 593
4 326
3 282
2 59
8 2849
24 2849
28 2849
9 2849
8 225
10 435
428 435
3 522
8 146
28 479
7 399
3 587
10 562
40 788
2 788
782 788
781 788
784 788
0 788
1 788
784 788
777 788
2 473
1 473
1 1528
0 1528
47 1904
24 1904
7 733
218 219
59 2417
56 2417
29 594
23 594
16 594
1 620
0 620
3 476
4 476
6 405
41 1695
1 91
2 91
3 1223
2 1223
15 1223
478 479
323 328
2 1879
0 1879
51 4834
38 4834
2 4834
4 4834
36 4834
37 4834
2 145
731 739
10 336
6 361
7 177
408 413
750 759
190 191
188 191
8 240
8 233
3 177
0 176
5 318
0 807
1 807
9 761
2 446
0 931
1 931
27 1074
25 812
12 287
13 764
30 1043
7 857
3 922
0 558
1 558
17 279
86 173
129 130
2 617
3 617
1 1707
0 1707
1 4275
2 4275
0 4275
4 4275
5 4275
0 1149
1 1149
2 1149
0 2971
1 2971
9 336
4 318
1025 1026
0 92
1 92
3 311
157 161
756 774
11 127
28 379
23 400
427 428
2 381
559 562
4 497
392 393
0 279
322 323
27 395
7 223
8 362
16 509
11 2434
11 716
21 388
29 233
4 484
483 484
480 484
22 1075
23 1075
1071 1075
1074 1075
4 118
0 114
19 844
41 844
0 306
1 1742
0 1742
2 1742
19 441
653 655
55 764
41 509
1868 3737
0 3737
2 3737
1 3737
18 562
1090 2181
3 338
3 40
1 379
35 405
5 474
2 98
1141 1143
7 368
20 699
0 343
12 126
7 1644
8 1644
0 767
1 767
84 767
9 20
303 310
3 354
4 61
5 297
49 727
15 395
1608 1618
232 233
9 381
26 473
16 217
2 152
727 768
7 171
3 567
2 301
2 461
784 788
2 788
783 788
782 788
787 788
0 788
1 788
786 788
781 788
4 405
652 653
6 139
3 324
12 973
32 1386
632 633
35 664
111 1618
20 395
4 295
6 344
229 230
1109 2219
1 385
19 527
22 1926
22 1926
9 548
0 919
696 699
16 472
33 327
2 821
3 821
5 821
4 526
4 567
2 1012
1 1012
3 1012
11 562
25 739
2 266
223 227
0 241
24 635
6 391
3 177
1 407
429 435
38 535
19 527
2 371
6 371
3 240
8 57
34 297
7 262
7 361
1289 1312
83 84
278 287
16 509
584 585
591 592
11 812
68 2339
286 290
2 948
3 948
2 448
28 973
6 360
9 389
49 1646
3 2101
0 2101
1 2101
2 2101
7 876
13 472
5 265
16 777
8 502
6 137
205 209
10 144
3 183
1 370
18 135
2 120
28 962
15 721
113 114
5 3218
14 1747
0 231
4 1110
0 153
5 290
8 397
7 325
23 319
22 382
7 5267
18 5267
12 5267
6 5267
13 5267
16 5267
9 5267
10 5267
2 5267
4 5267
5 5267
0 5267
8 5267
14 5267
1 1034
0 1034
1 2191
0 2191
7 247
7 247
30 1416
102 1027
2 319
4 1042
0 384
4 163
8 127
4 484
1 900
5 544
25 265
10 368
2 930
1 2416
0 2416
4 2416
38 919
406 407
5 382
3 247
4 233
2 1183
1 1183
0 1183
4 1185
6 382
5 340
0 3763
1 3763
176 177
470 477
140 141
23 242
0 295
1 295
13 395
18 615
5 308
4 1695
38 511
0 227
11 257
38 2339
7 395
2 359
9 761
35 257
1 176
9 336
191 195
362 365
239 240
228 230
13 196
14 338
19 1116
18 1116
8 1124
2 300
21 1623
893 906
0 57
2 188
6 1057
0 233
711 721
317 318
9 735
18 699
4 446
8 310
1 165
462 465
6 1130
78 679
2 392
10 348
0 1898
1 1898
5 472
4 950
6 950
3 950
3 191
8 1695
323 324
3 282
5 861
15 1695
14 360
14 960
382 388
3 1701
1 453
0 453
246 247
1 461
294 295
26 1042
17 549
14 319
20 1110
10 2517
0 866
1 866
4 141
2 387
3 48
1 1791
0 1791
8 511
4 275
7 286
0 423
2 191
27 950
21 509
2 861
5 364
4 364
42 378
49 3651
4 364
5 364
1 298
665 679
23 654
176 177
10 605
7 392
7 392
11 569
0 43
413 414
269 272
7 327
2 2050
1 2050
3 2050
2 617
14 927
1 1268
0 1268
2 1268
33 1413
3 157
14 317
783 790
53 790
9 812
78 1077
578 584
24 562
1352 1360
5 1695
14 405
5 587
126 127
1 1592
0 1592
0 1719
2 1719
1 1719
2 548
1 548
194 195
339 352
1 1043
3 2703
1 2703
2 2703
0 2703
62 1165
12 395
9 1323
6 1323
5 1323
25 1323
12 1323
2 118
163 165
12 663
10 451
21 1536
3 1526
0 1526
1 1526
1 116
10 327
3 587
5 139
5 325
8 1288
2 116
13 240
2 217
355 712
14 1386
2336 2339
13 2517
6 381
17 284
178 183
4 295
14 2517
12 2339
10 465
2 247
11 2517
4 55
5 281
0 247
1359 1360
10 461
52 3761
18 590
6 594
19 378
1538 1539
10 108
240 4338
122 1552
2 152
10 646
11 306
26 657
27 657
23 1042
22 421
60 1042
6 222
1032 1034
266 270
6 1104
2 486
501 502
2 57
23 816
16 2365
9 1074
0 187
3 2236
2 2236
1 2236
0 2236
403 405
10 1110
6 497
221 222
118 120
4 151
5 1392
4 230
5 86
77 78
2313 2339
0 9
24 1021
317 318
2 308
24 279
58 762
7 88
5 721
4 1027
22 500
1 89
3 86
158 159
7 733
23 725
10 276
4 497
33 1130
452 456
2 654
776 777
52 53
0 340
69 475
3 142
5 694
40 41
7 90
585 588
14 588
24 588
6 214
3 67
9 588
6 327
1 342
8 588
6 193
3 161
6 90
8 588
40 41
10 322
13 718
2 142
15 567
26 588
4 113
6 120
24 588
9 567
30 588
587 588
17 483
587 588
7 218
586 588
11 282
11 282
27 588
11 218
10 327
0 24
4 274
3 274
9 214
2 142
5 90
44 90
2 228
6 567
3 229
16 567
13 343
3 228
6 327
3 43
14 386
33 694
11 228
15 475
24 588
19 475
25 946
15 475
2 567
3 457
7 327
17 483
12 343
5 116
25 475
7 228
5 342
23 327
558 560
12 229
98 99
10 588
7 43
7 43
1 168
11 141
4 483
0 16
28 588
2 386
10 334
5 588
6 588
6 588
3 588
7 90
28 588
7 271
14 588
16 386
4 67
47 560
16 342
453 454
587 588
11 588
5 211
29 694
46 694
5 228
13 327
14 588
19 752
4 53
228 229
28 588
3 41
9 374
332 334
33 588
29 475
4 110
1 229
1 58
27 588
2 142
9 153
14 334
5 116
4 118
14 588
13 386
6 327
2 142
12 228
7 156
12 588
10 588
8 327
17 343
8 153
22 475
12 588
8 99
11 588
7 588
27 574
5 694
4 90
20 694
1 56
24 560
9 342
10 322
15 752
14 588
32 327
8 193
11 454
4 342
65 67
20 327
24 588
5 229
4 342
3 67
110 2673
5 211
17 483
326 327
10 228
4 33
7 962
6 1539
13 125
0 120
79 80
3 816
8 554
1 176
18 406
0 66
4 473
6 977
5 844
1 290
18 502
87 88
3 275
5 147
4 515
3 1205
16 1403
10 1695
5 605
6 605
1 1347
0 1347
35 1516
4 295
5 473
6 59
18 1021
10 788
113 228
18 1110
3 88
4 768
7 476
336 337
339 340
1644 1695
125 127
1 308
7 378
7 241
2 452
4 284
1 1900
0 1900
1 3101
0 3101
0 6
8 218
34 664
1 158
0 423
7 951
8 951
4 623
2 399
18 1577
269 278
2 214
5 2150
4 2150
1 145
0 404
1 1074
9 336
5 362
4 594
2 216
437 439
5 527
1382 1386
6 639
22 762
6 625
7 625
0 725
12 395
2 1036
27 1042
9 393
1534 1539
3 368
1510 1539
12 117
8 632
38 1042
1 518
3 567
4 452
9 1071
344 347
3 303
0 120
269 270
20 2237
45 2237
1 2237
0 2237
21 2237
1 233
198 1552
0 409
0 1230
1 1230
850 853
1 400
0 126
11 446
17 857
3 973
0 274
1 274
0 3390
35 3390
1 3390
10 3390
2 584
886 890
619 626
19 216
2 1346
6 247
10 287
8 79
2 196
188 191
159 7353
11 7353
54 7353
437 7353
67 7353
80 7353
205 7353
36 7353
15 7353
811 7353
38 7353
183 7353
46 7353
212 7353
14 7353
50 7353
11 141
3 2466
2 2466
0 2466
1 2466
1423 1456
12 10604
4 10604
17 10604
69 10604
0 10604
29 10604
3 10604
20 10604
24 10604
26 10604
22 10604
95 10604
9 10604
16 10604
110 10604
11 10604
1 1655
0 1655
1 407
1 1162
3 1162
0 1162
2 1162
478 479
6 623
1 87
556 564
5 391
3 295
2 590
1 508
1687 1695
0 47
782 788
2 788
784 788
781 788
780 788
0 788
1 788
778 788
784 788
229 230
5 739
6 436
18 1695
1 247
622 626
566 567
114 115
2 48
10 344
11 684
87 764
3 582
1052 1072
1 1862
0 1862
9 369
17 876
5 625
7 233
0 937
1 937
5 937
4 230
2 421
270 272
5 218
789 812
36 826
7 919
2 887
3 1072
36 2339
4 958
3 958
17 1623
7 141
789 792
12 811
0 2330
1 2330
6 247
19 974
7 120
0 182
0 423
4 1967
2 30
9 384
3 549
1151 1153
0 497
186 188
13 498
1 157
0 157
2338 2339
9 950
56 57
0 135
12 473
1 962
4 448
1 163
5 414
2 1161
0 1161
1 1161
1 117
2 96
16 1403
3 1346
1 139
1092 1110
472 473
36 318
4 318
3 700
2 162
6 1967
1506 1539
11 1539
0 106
0 5662
1 5662
3 5662
4 5662
2 5662
1517 1536
44 1536
13 625
11 2565
7 2565
10 2565
6 2565
8 2565
9 2565
1746 1747
383 384
3 183
0 1249
2 1249
1 87
23 812
745 746
2 2128
1 2128
0 2128
472 473
1 67
123 124
173 178
8 764
1 379
16 2396
12 2396
13 2396
11 890
21 890
10 890
7 38
1 2407
3 2407
2 2407
7 2407
47 735
1 581
0 581
0 385
1 385
10 615
1 139
635 641
4 448
2 1064
3 1064
10 2225
7 89
1 941
1 89
6 1419
443 452
3 80
546 554
1 89
15 1294
16 1294
9 381
30 1948
9 1948
6 1948
22 1948
4 962
8 448
1 352
136 137
4 594
1 1708
0 1708
286 287
0 25
811 816
624 626
1 90
17 2339
2 1536
9 233
68 69
8 319
11 796
445 446
5 527
4 142
1 369
6 153
589 590
7 385
403 413
1 446
1 2395
2 2395
396 404
295 592
19 2163
16 2163
17 2163
4 55
12 191
1 2423
0 2423
4 2423
10 344
3 196
451 452
1388 1403
0 1205
1 1205
13 1014
5 294
4 448
84 86
12 395
843 844
17 844
3 303
1358 1360
1 812
106 107
1 562
11 479
9 467
41 1733
26 1733
25 1733
79 80
692 739
5 446
123 247
9 389
2 733
4 215
4 295
25 431
3 175
129 130
186 187
3 135
4 284
366 371
21 330
2 1724
0 1724
1 1724
3 549
7 919
21 1139
0 896
1 896
0 437
1 103
259 264
6 261
3 264
7 648
20 1577
0 1501
2 1501
1 1501
40 617
36 1618
2 285
9 504
114 115
2 48
245 247
26 737
0 223
7 509
4 311
4 594
476 477
2 345
2 733
8 789
9 789
15 605
12 1747
346 347
2 1511
1 1511
5 362
146 147
34 307
10 139
9 139
6 382
21 1766
12 788
2 788
6 788
5 788
13 788
0 788
1 788
11 788
4 788
1 694
0 694
6 307
9 174
6 371
11 1077
536 537
3 178
101 103
5 290
2 3159
1 3159
0 3159
66 1331
24 50
2 716
1 508
13 1909
24 1909
12 1909
1617 1618
1606 1618
9 384
9 384
0 102
7 94
9 585
29 474
30 535
1 261
294 295
0 169
7 148
9 183
872 876
2 733
14 1787
3 1787
4 1787
4 617
0 1553
1 1553
9 504
1 343
0 632
7 127
503 504
8 1083
2 65
81 1144
176 178
5 172
7 240
430 431
917 919
497 498
5 1618
27 1475
19 368
3 26
7 1965
6 1965
1 1965
3 1965
0 1965
2 1965
26 125
3 175
4 55
375 379
0 229
0 229
1 230
11 1042
343 344
322 323
4 746
18 876
476 479
402 406
5 504
2 171
30 575
50 764
10 1913
6 1913
6 1057
6 269
1 173
2 344
5 772
23 242
14 1695
31 1695
6 382
20 764
3 175
92 94
9 811
6 394
5 1287
0 176
13 139
0 310
1 360
228 230
9 811
7 381
0 1129
9 1129
1 1129
4 638
1070 1071
37 1410
5 1410
4 1410
9 811
6 497
2 37
2 285
9 305
3 256
1 360
231 233
608 623
3 1061
256 260
5 452
8 563
589 592
6 144
326 327
1 617
12 337
361 362
336 5976
68 5976
36 5976
92 5976
103 5976
23 5976
113 5976
56 5976
5 5976
1074 1075
364 379
654 661
2 162
12 2517
26 431
6 100
4 1386
8 850
5 511
404 405
1 1102
0 1102
1 370
187 196
1 361
24 841
697 698
0 124
0 290
6 218
437 439
22 229
5 349
4 89
1 360
324 333
328 333
8 526
121 122
2 412
3 196
13 874
0 247
11 896
0 338
1 338
2 142
1778 1779
132 1779
118 1779
130 1779
19 1238
17 876
6 1853
1 1853
0 1853
24 592
559 564
1 173
1523 1539
1 158
801 812
6 584
2 328
4 262
11 816
96 99
1 796
6 404
5 146
344 345
6 464
11 228
271 274
459 919
12 502
4 1110
3 122
4 446
58 518
0 141
13 585
68 561
2807 2808
1356 1357
108 1416
0 204
8 100
281 563
0 564
5 473
61 1110
10 339
163 327
4 308
288 295
1 587
11 777
21 558
148 149
206 209
4 279
8 962
0 3095
1 3095
7 3095
2 1617
3 1617
1 1617
0 1617
317 318
323 327
0 1767
2 1767
3 1767
8 1767
239 240
9 1071
13 522
4 1618
1 465
0 465
4 465
