9 384
14 375
17 392
1 576
0 576
38 776
37 776
11 511
12 2287
13 2287
4 745
3 745
14 914
7 338
4 448
0 691
1 691
2 183
38 914
18 1155
33 1155
95 1155
10 1155
11 1155
1368 1370
21 1623
11 7389
13 7389
76 7389
0 7389
7 7389
1 7389
12 7389
72 7389
186 7389
71 7389
175 7389
77 2339
8 615
28 1288
173 176
11 1265
10 1265
16 1265
148 150
3 79
5 1983
6 1983
3 1983
4 1983
5 269
392 397
0 1208
4 1208
1 1208
1462 1474
239 240
4 448
21 558
1 1113
0 1113
2 79
302 305
399 400
9 388
16 590
19 1483
2 152
2 152
795 796
19 1536
8 805
12 276
20 328
5 1267
8 1267
2 1267
11 1267
3 1267
13 522
5 198
1 1013
0 1013
2 152
15 1303
1 1008
0 1008
5 327
8 562
13 737
13 737
3 264
4 175
0 44
0 89
10 1913
7 1913
1535 1539
972 973
853 855
6 301
0 7645
293 7645
73 7645
31 7645
1 7645
76 7645
58 7645
48 7645
50 7645
128 7645
162 7645
20 7645
4 7645
32 7645
9 7645
37 7645
129 7645
2 7645
47 7645
36 7645
740 9306
0 9306
20 9306
40 9306
49 9306
318 9306
84 9306
71 9306
10 9306
816 9306
463 9306
69 9306
24 9306
389 9306
70 9306
228 9306
166 9306
178 9306
8 3760
121 3760
26 3760
34 3760
21 3760
3 3760
13 3760
27 3760
687 689
2 295
3 1454
0 1454
1 1454
2 1454
625 626
202 203
404 405
10 794
9 794
843 844
74 657
1108 1110
4 150
9 1071
1 812
1 812
0 422
17 896
393 395
38 2339
1 135
7 324
4 721
4 79
203 204
9 811
10 368
17 380
17 380
4 384
9 152
4 98
8 68
4 446
11 777
11 777
14 884
22 884
16 1514
867 876
8 348
0 169
0 663
1 663
16 303
11 240
439 441
1472 1474
6 733
9 1077
3 404
3 973
137 138
18 1618
5 567
17 876
167 176
20 2150
21 2150
17 876
7 311
3 1597
0 1597
1 1597
10 1597
20 618
4 98
183 184
38 776
37 776
496 497
6 57
17 392
1 670
0 670
17 392
11 511
6 247
4 876
3 344
13 965
1507 1539
3 509
214 215
171 176
6 215
211 215
1385 1386
282 283
22 764
464 465
790 792
13 10782
0 10782
38 10782
60 10782
2 10782
204 10782
11 10782
120 10782
108 10782
109 10782
31 10782
195 10782
33 10782
22 10782
41 10782
115 10782
171 10782
3 10782
12 10782
17 10782
45 10782
5 10782
173 10782
30 10782
31 10782
4 10782
4 224
18 767
10 144
41 540
1 2510
2 2510
36 269
5 269
2 1269
1 1269
5 919
7 782
4 448
0 931
1 931
4 247
5 89
23 2038
0 2038
1 2038
3 446
28 737
0 1898
1 1898
23 584
1356 1360
6 2257
7 2257
1692 1695
56 2339
1069 1072
4 746
4 746
0 2150
1 2150
38 3410
0 3410
2 3410
7 746
0 2150
1 2150
72 764
6 746
6 456
22 590
14 2449
15 2449
183 191
11 777
8 266
1007 1027
6 976
30 976
23 3000
51 3000
24 3000
103 3000
29 3000
43 3000
7 202
3 456
767 777
5 381
3 295
185 186
440 441
1 94
9 68
8 287
11 240
70 142
239 240
7 655
9 1197
3 2831
2 2831
5 2831
4 2831
7 1331
18 4210
15 4210
90 4210
7 4210
25 4210
55 4210
149 4210
60 4210
13 4210
26 4210
98 4210
4 20
6 209
0 677
1 677
1 1547
0 1547
7 888
6 888
343 344
46 413
2 1012
1 1012
3 1012
11 269
12 467
502 504
13 1110
9 585
1 2128
2 2128
0 2128
13 960
98 1483
1533 1536
1534 1536
1108 1110
1 1069
4 1069
2 1069
1013 1014
782 811
9 1110
13 423
1 93
9 183
5 384
8 724
8 2375
0 2375
2 2375
177 178
767 788
2 788
11 788
5 788
773 788
0 788
1 788
768 788
4 788
0 203
7 226
5 4949
13 4949
4 4949
32 4949
54 4949
33 4949
39 4949
6 120
58 2150
4 2150
6 2150
644 653
688 689
13 2955
4 2955
10 2955
0 2955
25 2955
1 2955
9 2955
14 1695
435 439
434 439
216 225
7 2163
6 2163
185 13875
0 13875
83 13875
21 13875
23 13875
55 13875
51 13875
2 13875
165 13875
52 13875
1884 13875
162 13875
20 13875
14 13875
38 2339
13 222
149 150
8 1164
7 1164
11 1164
3 2347
1 2347
0 2347
2 2347
632 633
9 384
4 3126
14 3126
11 3126
1 3126
10 3126
3 3126
2 3126
2 1078
1 1078
4 1078
3 267
20 1926
516 526
811 812
46 858
16 5657
17 5657
40 5657
19 5657
12 5657
13 5657
37 5657
5653 5657
41 1042
18 423
5 218
16 172
41 1307
121 1021
16 384
399 400
239 240
7 247
167 176
6 247
8 124
20 618
6 247
0 1708
3 1708
1 1708
2 1708
1 762
0 762
2 152
364 371
5 264
3 442
4 442
9 389
76 5642
11 5642
12 5642
140 5642
56 5642
66 5642
42 5642
5 416
6 223
5 86
28 543
16 1403
16 1403
674 679
24 2517
1 87
45 689
9 336
4 89
3 153
27 1403
20 1963
19 1963
0 2002
1 2002
2001 2002
146 147
146 147
155 163
262 264
7 1539
4 264
16 590
0 181
234 241
3 465
52 764
68 764
763 764
9 295
1 1652
0 1652
1966 1967
5 86
4 1110
2 1183
1 1183
0 1183
4 876
9 389
2 1124
3 1124
11 1014
0 961
9 961
1 961
8 526
2 359
34 1130
7 257
1385 1386
27 842
1018 1042
3 257
18 2403
49 2403
17 2403
104 106
374 375
13 617
48 270
269 270
339 340
7 327
17 380
13 518
2 587
1 587
8 384
407 424
16 264
20 699
3 1317
1 1317
0 1317
6 120
9 594
3 538
0 603
23 1130
3 344
11 240
9 1241
119 122
28 855
0 1898
1 1898
0 1898
1 1898
16 384
0 17
29 914
8 777
160 163
27 4713
32 4713
4 4713
389 4713
2 4713
34 4713
0 44
1 2150
3 2150
3 2150
4 2150
9 402
261 266
0 781
1 781
2 781
5 781
663 664
685 689
13 874
13 796
795 796
80 1464
52 1464
49 1464
44 548
378 382
18 233
2 663
16 257
3 506
10 1012
5 257
6 626
4 371
43 782
45 3816
5 3816
1 3816
0 3816
9 3816
3 3816
10 3816
339 340
1 1347
0 1347
1 149
30 554
4 364
5 364
23 295
47 435
22 695
1 1247
0 1247
7 423
17 914
5 265
0 631
3 631
5 186
97 518
19 171
21 511
32 431
1 2308
0 2308
9 2303
7 2303
3 145
2 145
7 145
12 467
517 518
404 405
13 318
10 423
10 324
387 389
38 8726
17 8726
67 8726
109 8726
150 8726
15 8726
306 8726
64 8726
44 8726
43 8726
37 8726
82 8726
69 8726
421 422
11 108
8 456
0 1036
1 1036
387 391
3 344
677 679
2 154
198 397
13 3066
14 3066
32 3066
0 1214
1 1214
50 1595
72 1595
763 764
2 457
3 368
2 376
4 209
208 209
1 1191
0 1191
21 592
377 378
139 141
9 389
10 446
261 264
8 526
9 1110
6366 12734
35 12734
34 12734
246 12734
24 12734
96 12734
6366 12734
79 12734
20 12734
237 12734
76 12734
76 12734
27 12734
26 12734
84 12734
314 12734
153 12734
74 12734
202 203
4 89
8 653
12 295
1 841
6 441
11 384
874 876
42 1264
1234 1264
44 1264
6 404
14 1483
13 1110
16 590
16 590
3 264
0 107
12 1386
146 148
4 89
32 842
460 461
0 669
1 669
13 737
19 699
7 423
13 737
0 107
6 107
144 148
2 473
32 2629
42 2629
8 2629
9 2629
9 384
1 1589
2 1589
0 1589
4 113
0 2696
1 2696
8 2696
770 774
34 664
965 987
5 987
6 987
12 4344
1 4344
6 4344
44 4344
8 4344
5 4344
0 4344
15 222
615 626
15 1376
2 1376
14 1376
3 1376
21 558
5 680
4 680
4 234
4 177
10 177
382 384
12 441
28 441
4 376
0 1511
1 1511
7 522
6 522
0 169
13 737
34 664
477 479
21 2238
32 2238
29 2238
20 2238
1057 1074
12 737
6 762
24 2517
21 788
29 2300
28 2300
761 762
20 618
2 183
269 270
11 558
251 252
26 295
21 1913
22 1913
29 656
5 656
6 656
239 240
2 423
67 764
372 373
6 446
4 357
7 423
0 632
16 590
10 562
9 456
0 9
293 587
561 562
10 1014
10 774
10 404
566 567
7 1407
6 594
0 690
1 690
8 250
126 127
294 295
2 2725
4 2725
3 2725
0 2725
1 2725
1 442
0 442
26 518
1 508
1 269
3 269
0 38
1 6094
4 6094
0 6094
3 6094
5 6094
1367 1370
12 2737
11 2737
13 1409
46 526
4 465
4 339
0 960
1 960
25 382
3 295
5 404
6 431
4 1536
8 615
7 844
0 308
10 504
6 560
0 730
1 730
4 764
1 1701
11 240
16 283
595 596
17 392
6 2339
5 2339
3 303
1 461
12 563
13 438
1 122
1 980
0 980
834 845
8 665
4 378
348 352
8 889
7 889
3 189
1 431
750 751
1 526
2 1955
7 1955
9 1955
8 1955
6 1955
4 1955
12 9453
26 9453
13 9453
2 9453
9 9453
37 9453
0 9453
15 9453
1 9453
6 9453
11 9453
5 9453
4 9453
3 9453
8 9453
0 3604
2 3604
3 3604
1801 3604
1 3604
7 2982
5 2982
11 2982
6 2982
9 2982
8 1152
497 499
0 181
1 181
13 249
11 613
393 395
563 575
3 122
2 1114
3 1114
141 283
141 283
1 241
3 55
650 655
0 1887
1 1887
2 1887
28 7512
17 7512
24 7512
113 7512
130 7512
16 7512
34 7512
361 7512
277 7512
305 7512
101 7512
32 7512
81 7512
309 7512
7507 7512
324 328
8 623
2 106
7 82
8 305
195 196
149 151
17 439
5 328
28 2031
4 4370
8 4370
6 4370
3 4370
0 4370
7 4370
5 4370
1 4370
12 340
1 360
3 269
1 413
882 887
0 187
1 187
3 534
6 1539
23 726
15 257
200 202
0 764
1 764
9 473
2 729
1 729
0 729
8 174
4 593
4 326
5 282
3 59
8 2849
24 2849
28 2849
9 2849
8 225
11 435
427 435
3 522
9 146
27 479
5 399
3 587
16 562
44 788
2 788
779 788
778 788
781 788
0 788
1 788
781 788
776 788
2 473
1 473
1 1528
0 1528
53 1904
28 1904
7 733
216 219
56 2417
57 2417
33 594
18 594
15 594
1 620
0 620
3 476
4 476
6 405
25 1695
1 91
2 91
3 1223
2 1223
15 1223
477 479
323 328
2 1879
0 1879
51 4834
38 4834
2 4834
4 4834
36 4834
37 4834
2 145
729 739
10 336
6 361
6 177
405 413
748 759
190 191
20 191
10 240
8 233
3 177
0 176
5 318
0 807
1 807
9 761
2 446
0 931
1 931
27 1074
16 812
12 287
14 764
32 1043
7 857
3 922
0 558
1 558
20 279
20 173
129 130
2 617
3 617
1 1707
0 1707
2 4275
1 4275
0 4275
4 4275
5 4275
0 1149
1 1149
2 1149
0 2971
1 2971
9 336
3 318
1025 1026
0 92
1 92
3 311
156 161
773 774
11 127
375 379
21 400
427 428
2 381
561 562
4 497
392 393
1 279
322 323
27 395
9 223
8 362
16 509
11 2434
12 716
17 388
30 233
4 484
483 484
30 484
22 1075
26 1075
1068 1075
1074 1075
5 118
1 114
802 844
806 844
0 306
1 1742
0 1742
2 1742
15 441
652 655
65 764
42 509
1868 3737
0 3737
2 3737
1 3737
16 562
1090 2181
3 338
3 40
1 379
404 405
5 474
2 98
1140 1143
7 368
19 699
0 343
12 126
7 1644
8 1644
0 767
1 767
62 767
9 20
301 310
3 354
4 61
9 297
46 727
13 395
1603 1618
232 233
9 381
28 473
15 217
2 152
60 768
9 171
3 567
1 301
2 461
783 788
2 788
782 788
780 788
786 788
0 788
1 788
785 788
778 788
4 405
652 653
6 139
3 324
28 973
32 1386
632 633
35 664
73 1618
20 395
4 295
5 344
229 230
1109 2219
1 385
17 527
22 1926
22 1926
12 548
0 919
692 699
36 472
29 327
2 821
3 821
5 821
4 526
3 567
2 1012
1 1012
3 1012
10 562
30 739
2 266
224 227
0 241
23 635
5 391
3 177
2 407
427 435
34 535
15 527
2 371
6 371
3 240
11 57
295 297
6 262
356 361
154 1312
83 84
278 287
16 509
584 585
589 592
15 812
76 2339
286 290
2 948
3 948
2 448
28 973
7 360
9 389
52 1646
3 2101
0 2101
1 2101
2 2101
8 876
10 472
5 265
12 777
10 502
7 137
204 209
10 144
3 183
1 370
18 135
2 120
71 962
14 721
113 114
5 3218
14 1747
0 231
4 1110
0 153
5 290
8 397
8 325
28 319
20 382
7 5267
18 5267
12 5267
6 5267
13 5267
16 5267
9 5267
10 5267
3 5267
4 5267
5 5267
0 5267
8 5267
14 5267
1 1034
0 1034
1 2191
0 2191
7 247
6 247
34 1416
109 1027
2 319
4 1042
0 384
4 163
8 127
4 484
1 900
5 544
22 265
10 368
7 930
1 2416
0 2416
4 2416
36 919
406 407
5 382
3 247
4 233
2 1183
1 1183
0 1183
4 1185
6 382
5 340
0 3763
1 3763
176 177
470 477
140 141
23 242
0 295
1 295
13 395
19 615
5 308
4 1695
28 511
2 227
7 257
38 2339
7 395
2 359
9 761
25 257
1 176
9 336
191 195
361 365
239 240
228 230
13 196
15 338
19 1116
18 1116
8 1124
2 300
21 1623
893 906
0 57
2 188
6 1057
0 233
712 721
313 318
9 735
18 699
4 446
8 310
1 165
462 465
8 1130
61 679
2 392
12 348
0 1898
1 1898
5 472
4 950
6 950
3 950
16 191
8 1695
322 324
3 282
6 861
16 1695
19 360
3 960
380 388
3 1701
1 453
0 453
246 247
1 461
294 295
26 1042
18 549
14 319
21 1110
10 2517
0 866
1 866
7 141
2 387
3 48
1 1791
0 1791
8 511
4 275
5 286
0 423
2 191
28 950
16 509
2 861
5 364
4 364
376 378
3620 3651
4 364
5 364
1 298
668 679
23 654
176 177
10 605
7 392
7 392
49 569
0 43
410 414
269 272
6 327
2 2050
1 2050
3 2050
2 617
14 927
1 1268
0 1268
2 1268
34 1413
3 157
10 317
787 790
778 790
10 812
72 1077
576 584
27 562
1343 1360
5 1695
20 405
6 587
126 127
1 1592
0 1592
0 1719
2 1719
1 1719
2 548
1 548
194 195
336 352
1 1043
3 2703
2 2703
1 2703
0 2703
47 1165
12 395
9 1323
6 1323
5 1323
25 1323
12 1323
2 118
163 165
12 663
6 451
21 1536
3 1526
0 1526
1 1526
1 116
9 327
3 587
5 139
6 325
10 1288
2 116
10 240
2 217
355 712
14 1386
2338 2339
12 2517
8 381
14 284
177 183
5 295
14 2517
2232 2339
10 465
2 247
11 2517
4 55
5 281
0 247
1357 1360
10 461
56 3761
20 590
6 594
19 378
1538 1539
9 108
165 4338
134 1552
2 152
11 646
11 306
26 657
27 657
22 1042
24 421
69 1042
6 222
1032 1034
262 270
6 1104
2 486
501 502
55 57
22 816
29 2365
11 1074
0 187
3 2236
2 2236
1 2236
0 2236
403 405
11 1110
6 497
221 222
119 120
4 151
4 1392
4 230
5 86
77 78
2312 2339
0 9
26 1021
317 318
0 308
26 279
56 762
7 88
6 721
5 1027
21 500
1 89
2 86
157 159
7 733
719 725
10 276
4 497
32 1130
452 456
2 654
776 777
52 53
0 340
65 475
2 142
5 694
40 41
7 90
585 588
14 588
24 588
6 214
4 67
9 588
6 327
1 342
8 588
6 193
3 161
5 90
8 588
40 41
10 322
13 718
2 142
15 567
24 588
3 113
6 120
24 588
10 567
31 588
587 588
17 483
587 588
8 218
586 588
11 282
11 282
13 588
10 218
10 327
0 24
4 274
3 274
9 214
2 142
5 90
44 90
2 228
6 567
3 229
16 567
13 343
3 228
6 327
3 43
14 386
32 694
12 228
15 475
24 588
20 475
26 946
15 475
2 567
3 457
7 327
17 483
12 343
4 116
25 475
7 228
5 342
22 327
558 560
12 229
98 99
9 588
7 43
7 43
1 168
11 141
4 483
0 16
28 588
2 386
10 334
5 588
6 588
7 588
3 588
7 90
28 588
7 271
14 588
14 386
4 67
50 560
10 342
453 454
586 588
28 588
5 211
26 694
43 694
5 228
13 327
14 588
20 752
4 53
228 229
28 588
3 41
9 374
34 334
30 588
29 475
3 110
1 229
1 58
27 588
2 142
9 153
14 334
7 116
4 118
14 588
14 386
6 327
2 142
9 228
8 156
12 588
10 588
8 327
14 343
8 153
19 475
12 588
8 99
11 588
7 588
24 574
5 694
4 90
19 694
1 56
21 560
10 342
10 322
15 752
14 588
33 327
8 193
10 454
4 342
65 67
20 327
24 588
5 229
4 342
3 67
121 2673
5 211
17 483
326 327
10 228
4 33
6 962
6 1539
13 125
0 120
79 80
3 816
8 554
2 176
18 406
0 66
3 473
6 977
5 844
1 290
479 502
87 88
3 275
5 147
5 515
3 1205
16 1403
10 1695
5 605
6 605
1 1347
0 1347
45 1516
4 295
5 473
6 59
20 1021
15 788
113 228
18 1110
3 88
4 768
7 476
336 337
339 340
1632 1695
125 127
1 308
7 378
7 241
3 452
4 284
1 1900
0 1900
1 3101
0 3101
0 6
6 218
34 664
1 158
0 423
7 951
8 951
4 623
2 399
18 1577
268 278
2 214
5 2150
4 2150
1 145
0 404
1 1074
13 336
5 362
4 594
2 216
436 439
5 527
1384 1386
6 639
62 762
6 625
7 625
0 725
12 395
2 1036
26 1042
12 393
1533 1539
3 368
1502 1539
11 117
8 632
37 1042
1 518
3 567
7 452
9 1071
28 347
3 303
0 120
269 270
20 2237
45 2237
1 2237
0 2237
21 2237
1 233
207 1552
0 409
0 1230
1 1230
851 853
1 400
0 126
445 446
24 857
3 973
0 274
1 274
0 3390
35 3390
1 3390
9 3390
2 584
887 890
621 626
15 216
2 1346
6 247
10 287
10 79
2 196
184 191
160 7353
15 7353
53 7353
437 7353
67 7353
80 7353
205 7353
37 7353
13 7353
730 7353
38 7353
183 7353
46 7353
212 7353
12 7353
50 7353
9 141
3 2466
2 2466
0 2466
1 2466
1422 1456
13 10604
1 10604
18 10604
69 10604
0 10604
29 10604
6 10604
20 10604
23 10604
26 10604
21 10604
95 10604
9 10604
16 10604
110 10604
11 10604
2 1655
0 1655
1 407
1 1162
3 1162
0 1162
2 1162
478 479
8 623
1 87
552 564
5 391
3 295
2 590
1 508
1682 1695
1 47
784 788
2 788
783 788
779 788
782 788
0 788
1 788
781 788
780 788
228 230
5 739
6 436
18 1695
1 247
622 626
566 567
114 115
2 48
10 344
15 684
88 764
3 582
1036 1072
1 1862
0 1862
9 369
17 876
5 625
7 233
0 937
1 937
5 937
4 230
2 421
270 272
7 218
804 812
38 826
7 919
2 887
3 1072
37 2339
4 958
3 958
19 1623
140 141
791 792
9 811
0 2330
1 2330
6 247
19 974
7 120
0 182
2 423
4 1967
2 30
9 384
3 549
1151 1153
0 497
13 188
21 498
1 157
0 157
2338 2339
9 950
56 57
0 135
12 473
1 962
4 448
1 163
5 414
2 1161
0 1161
1 1161
1 117
2 96
16 1403
3 1346
1 139
1089 1110
472 473
39 318
4 318
3 700
2 162
6 1967
1498 1539
11 1539
0 106
0 5662
1 5662
2 5662
4 5662
3 5662
81 1536
35 1536
13 625
11 2565
7 2565
10 2565
6 2565
8 2565
9 2565
1746 1747
383 384
3 183
0 1249
2 1249
1 87
23 812
745 746
2 2128
1 2128
0 2128
472 473
1 67
123 124
172 178
8 764
1 379
16 2396
12 2396
13 2396
11 890
21 890
10 890
7 38
1 2407
3 2407
2 2407
7 2407
726 735
1 581
0 581
0 385
1 385
11 615
1 139
635 641
4 448
2 1064
3 1064
10 2225
6 89
1 941
1 89
6 1419
439 452
3 80
543 554
1 89
16 1294
15 1294
13 381
30 1948
9 1948
7 1948
22 1948
4 962
6 448
1 352
136 137
4 594
1 1708
0 1708
286 287
0 25
814 816
625 626
1 90
16 2339
2 1536
9 233
67 69
8 319
11 796
445 446
5 527
4 142
1 369
4 153
589 590
7 385
405 413
1 446
1 2395
2 2395
392 404
295 592
19 2163
16 2163
17 2163
4 55
14 191
1 2423
0 2423
4 2423
336 344
3 196
451 452
1384 1403
0 1205
1 1205
13 1014
5 294
4 448
85 86
12 395
843 844
17 844
3 303
1356 1360
1 812
106 107
1 562
11 479
10 467
41 1733
25 1733
26 1733
79 80
683 739
1 446
123 247
9 389
2 733
4 215
4 295
25 431
3 175
129 130
186 187
2 135
4 284
365 371
12 330
2 1724
0 1724
1 1724
2 549
7 919
23 1139
0 896
1 896
0 437
1 103
260 264
6 261
3 264
7 648
27 1577
0 1501
2 1501
1 1501
23 617
36 1618
2 285
9 504
114 115
1 48
242 247
25 737
0 223
7 509
4 311
555 594
476 477
2 345
2 733
8 789
9 789
15 605
17 1747
346 347
2 1511
1 1511
5 362
146 147
15 307
10 139
9 139
6 382
33 1766
16 788
2 788
6 788
5 788
8 788
0 788
1 788
14 788
4 788
1 694
0 694
5 307
172 174
7 371
46 1077
536 537
3 178
101 103
6 290
2 3159
1 3159
0 3159
64 1331
24 50
3 716
1 508
13 1909
24 1909
12 1909
1617 1618
1612 1618
9 384
9 384
0 102
8 94
9 585
28 474
30 535
1 261
294 295
0 169
7 148
6 183
872 876
2 733
14 1787
3 1787
4 1787
4 617
0 1553
1 1553
9 504
1 343
0 632
7 127
503 504
8 1083
2 65
89 1144
173 178
6 172
7 240
430 431
918 919
497 498
5 1618
27 1475
20 368
3 26
7 1965
6 1965
1 1965
3 1965
0 1965
2 1965
124 125
3 175
4 55
375 379
0 229
0 229
1 230
11 1042
343 344
322 323
6 746
22 876
476 479
403 406
5 504
5 171
34 575
37 764
10 1913
5 1913
6 1057
6 269
1 173
2 344
5 772
23 242
14 1695
1677 1695
6 382
19 764
3 175
7 94
9 811
6 394
5 1287
0 176
10 139
0 310
1 360
228 230
9 811
7 381
0 1129
9 1129
1 1129
4 638
1070 1071
37 1410
5 1410
4 1410
9 811
6 497
1 37
2 285
9 305
2 256
1 360
231 233
608 623
3 1061
257 260
5 452
560 563
589 592
7 144
326 327
1 617
336 337
361 362
339 5976
68 5976
36 5976
92 5976
103 5976
24 5976
113 5976
56 5976
5 5976
1074 1075
362 379
654 661
2 162
13 2517
26 431
6 100
4 1386
10 850
5 511
404 405
1 1102
0 1102
1 370
188 196
1 361
24 841
697 698
0 124
0 290
6 218
437 439
16 229
5 349
4 89
1 360
326 333
328 333
8 526
121 122
2 412
3 196
13 874
0 247
12 896
0 338
1 338
3 142
1778 1779
133 1779
1765 1779
131 1779
25 1238
17 876
6 1853
1 1853
0 1853
30 592
560 564
1 173
1519 1539
1 158
795 812
6 584
2 328
13 262
11 816
96 99
2 796
8 404
5 146
344 345
6 464
11 228
271 274
459 919
12 502
4 1110
2 122
6 446
32 518
0 141
12 585
33 561
2805 2808
1356 1357
118 1416
0 204
7 100
281 563
0 564
5 473
61 1110
10 339
163 327
4 308
287 295
1 587
11 777
21 558
148 149
205 209
5 279
932 962
0 3095
1 3095
7 3095
2 1617
3 1617
1 1617
0 1617
317 318
324 327
0 1767
2 1767
3 1767
8 1767
239 240
9 1071
13 522
4 1618
1 465
0 465
4 465
