9 384
14 375
17 392
1 576
0 576
38 776
37 776
11 511
13 2287
12 2287
4 745
3 745
14 914
11 338
4 448
0 691
1 691
2 183
31 914
18 1155
33 1155
577 1155
10 1155
11 1155
1368 1370
18 1623
7 7389
12 7389
76 7389
0 7389
8 7389
1 7389
13 7389
73 7389
186 7389
71 7389
174 7389
75 2339
8 615
26 1288
174 176
11 1265
10 1265
16 1265
23 150
3 79
5 1983
6 1983
3 1983
4 1983
5 269
7 397
0 1208
4 1208
1 1208
21 1474
239 240
4 448
21 558
1 1113
0 1113
1 79
304 305
399 400
6 388
16 590
57 1483
3 152
2 152
21 796
45 1536
8 805
12 276
327 328
5 1267
8 1267
2 1267
11 1267
3 1267
13 522
3 198
1 1013
0 1013
4 152
15 1303
1 1008
0 1008
3 327
5 562
14 737
13 737
3 264
5 175
0 44
0 89
11 1913
7 1913
13 1539
972 973
852 855
7 301
2 7645
293 7645
61 7645
36 7645
0 7645
76 7645
48 7645
46 7645
47 7645
128 7645
162 7645
13 7645
4 7645
21 7645
12 7645
28 7645
129 7645
1 7645
54 7645
33 7645
740 9306
0 9306
20 9306
28 9306
23 9306
318 9306
76 9306
43 9306
4 9306
815 9306
463 9306
39 9306
30 9306
387 9306
50 9306
228 9306
165 9306
179 9306
4 3760
121 3760
22 3760
30 3760
17 3760
1 3760
14 3760
21 3760
685 689
4 295
2 1454
0 1454
1 1454
3 1454
624 626
5 203
404 405
10 794
9 794
842 844
328 657
1109 1110
4 150
10 1071
1 812
1 812
0 422
18 896
391 395
38 2339
1 135
7 324
4 721
4 79
203 204
9 811
10 368
17 380
17 380
4 384
9 152
4 98
10 68
3 446
11 777
11 777
14 884
18 884
16 1514
14 876
6 348
0 169
0 663
1 663
16 303
11 240
440 441
1470 1474
6 733
7 1077
3 404
3 973
137 138
18 1618
2 567
17 876
3 176
20 2150
21 2150
17 876
8 311
3 1597
0 1597
1 1597
10 1597
20 618
4 98
183 184
38 776
37 776
496 497
5 57
17 392
1 670
0 670
17 392
11 511
6 247
4 876
3 344
12 965
13 1539
3 509
214 215
171 176
5 215
6 215
1385 1386
282 283
30 764
464 465
790 792
15 10782
6 10782
41 10782
61 10782
2 10782
204 10782
18 10782
120 10782
108 10782
109 10782
31 10782
194 10782
35 10782
16 10782
40 10782
115 10782
171 10782
5 10782
9 10782
22 10782
46 10782
10 10782
173 10782
29 10782
31 10782
1 10782
4 224
16 767
10 144
38 540
1 2510
2 2510
35 269
5 269
2 1269
1 1269
5 919
6 782
4 448
1 931
0 931
3 247
4 89
23 2038
0 2038
1 2038
3 446
28 737
0 1898
1 1898
24 584
1358 1360
7 2257
6 2257
1691 1695
56 2339
1065 1072
4 746
4 746
0 2150
1 2150
38 3410
0 3410
2 3410
7 746
0 2150
1 2150
31 764
6 746
5 456
17 590
14 2449
15 2449
185 191
11 777
5 266
51 1027
6 976
33 976
23 3000
51 3000
24 3000
125 3000
29 3000
42 3000
8 202
3 456
10 777
25 381
3 295
185 186
439 441
1 94
33 68
8 287
11 240
70 142
239 240
6 655
7 1197
3 2831
2 2831
5 2831
4 2831
7 1331
13 4210
17 4210
90 4210
6 4210
25 4210
55 4210
149 4210
60 4210
7 4210
26 4210
98 4210
5 20
4 209
0 677
1 677
1 1547
0 1547
7 888
6 888
343 344
10 413
2 1012
1 1012
3 1012
17 269
13 467
502 504
72 1110
9 585
0 2128
2 2128
1 2128
13 960
17 1483
1534 1536
1535 1536
1109 1110
1 1069
4 1069
2 1069
1013 1014
794 811
9 1110
13 423
1 93
8 183
3 384
7 724
8 2375
2 2375
1 2375
177 178
10 788
2 788
6 788
5 788
21 788
0 788
1 788
9 788
4 788
0 203
8 226
5 4949
13 4949
4 4949
32 4949
54 4949
33 4949
39 4949
4 120
58 2150
4 2150
6 2150
13 653
688 689
13 2955
4 2955
10 2955
0 2955
25 2955
1 2955
9 2955
15 1695
47 439
432 439
12 225
7 2163
6 2163
185 13875
1 13875
83 13875
22 13875
23 13875
55 13875
51 13875
2 13875
165 13875
52 13875
1712 13875
162 13875
20 13875
14 13875
38 2339
4 222
149 150
8 1164
7 1164
11 1164
3 2347
1 2347
0 2347
2 2347
631 633
9 384
4 3126
14 3126
12 3126
1 3126
10 3126
3 3126
2 3126
2 1078
1 1078
4 1078
3 267
20 1926
23 526
811 812
29 858
16 5657
17 5657
40 5657
19 5657
12 5657
13 5657
37 5657
409 5657
41 1042
13 423
5 218
8 172
39 1307
134 1021
16 384
399 400
17 240
8 247
1 176
6 247
8 124
20 618
6 247
0 1708
3 1708
1 1708
2 1708
1 762
0 762
2 152
368 371
5 264
1 442
4 442
9 389
76 5642
11 5642
12 5642
140 5642
56 5642
66 5642
42 5642
5 416
7 223
5 86
23 543
16 1403
16 1403
19 679
24 2517
1 87
670 689
11 336
4 89
3 153
29 1403
20 1963
19 1963
0 2002
1 2002
2001 2002
146 147
146 147
158 163
263 264
7 1539
6 264
17 590
0 181
240 241
4 465
54 764
52 764
763 764
7 295
1 1652
0 1652
1965 1967
5 86
4 1110
2 1183
1 1183
0 1183
4 876
9 389
2 1124
3 1124
11 1014
0 961
9 961
1 961
8 526
2 359
34 1130
7 257
56 1386
18 842
21 1042
3 257
18 2403
49 2403
17 2403
105 106
374 375
9 617
29 270
269 270
339 340
5 327
17 380
12 518
2 587
1 587
8 384
1 424
12 264
19 699
3 1317
1 1317
0 1317
6 120
8 594
3 538
0 603
35 1130
3 344
14 240
8 1241
121 122
28 855
0 1898
1 1898
0 1898
1 1898
16 384
0 17
20 914
7 777
5 163
26 4713
32 4713
4 4713
379 4713
2 4713
34 4713
1 44
1 2150
2 2150
3 2150
4 2150
9 402
261 266
0 781
1 781
2 781
5 781
663 664
685 689
13 874
11 796
793 796
92 1464
49 1464
50 1464
540 548
6 382
18 233
2 663
7 257
7 506
11 1012
5 257
4 626
7 371
41 782
45 3816
4 3816
1 3816
0 3816
8 3816
2 3816
10 3816
339 340
1 1347
0 1347
1 149
8 554
4 364
5 364
291 295
39 435
22 695
1 1247
0 1247
7 423
19 914
5 265
0 631
3 631
5 186
503 518
8 171
37 511
42 431
1 2308
0 2308
8 2303
7 2303
3 145
2 145
7 145
12 467
517 518
404 405
9 318
10 423
8 324
388 389
39 8726
13 8726
67 8726
109 8726
149 8726
16 8726
305 8726
64 8726
44 8726
43 8726
38 8726
82 8726
69 8726
13 422
3 108
5 456
0 1036
1 1036
19 391
3 344
666 679
2 154
198 397
14 3066
13 3066
32 3066
0 1214
1 1214
47 1595
64 1595
763 764
2 457
3 368
2 376
4 209
208 209
1 1191
0 1191
21 592
377 378
132 141
9 389
10 446
7 264
8 526
9 1110
6366 12734
34 12734
35 12734
246 12734
24 12734
96 12734
6366 12734
82 12734
20 12734
237 12734
76 12734
76 12734
27 12734
26 12734
84 12734
315 12734
153 12734
74 12734
202 203
4 89
6 653
12 295
1 841
6 441
9 384
4 876
47 1264
94 1264
45 1264
6 404
15 1483
13 1110
16 590
16 590
3 264
0 107
12 1386
146 148
4 89
10 842
460 461
0 669
1 669
13 737
18 699
7 423
13 737
0 107
0 107
144 148
6 473
32 2629
42 2629
8 2629
9 2629
9 384
0 1589
2 1589
1 1589
3 113
0 2696
1 2696
8 2696
771 774
34 664
967 987
5 987
6 987
12 4344
1 4344
6 4344
44 4344
8 4344
5 4344
0 4344
16 222
16 626
15 1376
2 1376
14 1376
3 1376
21 558
5 680
4 680
4 234
3 177
10 177
21 384
13 441
38 441
2 376
0 1511
1 1511
7 522
6 522
0 169
13 737
34 664
15 479
21 2238
31 2238
29 2238
20 2238
16 1074
13 737
6 762
24 2517
21 788
29 2300
28 2300
761 762
20 618
2 183
269 270
11 558
2 252
33 295
21 1913
22 1913
29 656
5 656
6 656
239 240
0 423
49 764
372 373
0 446
3 357
7 423
0 632
16 590
9 562
12 456
0 9
293 587
36 562
9 1014
12 774
10 404
566 567
7 1407
6 594
0 690
1 690
246 250
126 127
294 295
2 2725
4 2725
3 2725
0 2725
1 2725
2 442
0 442
12 518
1 508
1 269
3 269
0 38
1 6094
3 6094
0 6094
4 6094
5 6094
1368 1370
12 2737
11 2737
15 1409
30 526
10 465
4 339
1 960
0 960
16 382
3 295
5 404
6 431
3 1536
8 615
7 844
0 308
9 504
8 560
0 730
1 730
3 764
1 1701
11 240
6 283
595 596
17 392
6 2339
5 2339
3 303
1 461
8 563
11 438
1 122
1 980
0 980
34 845
5 665
5 378
351 352
8 889
7 889
3 189
1 431
750 751
1 526
2 1955
7 1955
9 1955
8 1955
6 1955
1 1955
12 9453
26 9453
13 9453
2 9453
9 9453
37 9453
0 9453
14 9453
1 9453
6 9453
11 9453
5 9453
4 9453
3 9453
8 9453
0 3604
2 3604
3 3604
1801 3604
1 3604
7 2982
4 2982
8 2982
9 2982
11 2982
7 1152
492 499
0 181
1 181
13 249
11 613
14 395
571 575
3 122
3 1114
2 1114
141 283
141 283
0 241
27 55
652 655
1 1887
0 1887
2 1887
24 7512
9 7512
20 7512
113 7512
131 7512
15 7512
21 7512
361 7512
277 7512
305 7512
101 7512
22 7512
82 7512
309 7512
7508 7512
325 328
5 623
1 106
7 82
8 305
195 196
75 151
10 439
4 328
17 2031
2 4370
7 4370
4 4370
1 4370
0 4370
5 4370
3 4370
8 4370
339 340
1 360
3 269
1 413
886 887
0 187
1 187
4 534
6 1539
17 726
18 257
199 202
1 764
0 764
9 473
2 729
0 729
1 729
7 174
13 593
4 326
5 282
2 59
8 2849
24 2849
28 2849
9 2849
8 225
4 435
5 435
3 522
8 146
28 479
3 399
3 587
15 562
8 788
2 788
21 788
29 788
393 788
0 788
1 788
393 788
9 788
2 473
1 473
1 1528
0 1528
35 1904
23 1904
4 733
214 219
57 2417
58 2417
20 594
27 594
17 594
1 620
0 620
3 476
4 476
6 405
67 1695
1 91
4 91
3 1223
2 1223
15 1223
476 479
2 328
2 1879
0 1879
51 4834
38 4834
1 4834
3 4834
36 4834
37 4834
4 145
737 739
11 336
4 361
7 177
411 413
20 759
190 191
190 191
5 240
8 233
3 177
0 176
5 318
0 807
1 807
9 761
4 446
0 931
1 931
27 1074
30 812
12 287
15 764
25 1043
7 857
3 922
0 558
1 558
16 279
86 173
129 130
2 617
3 617
1 1707
0 1707
3 4275
1 4275
0 4275
4 4275
5 4275
0 1149
1 1149
2 1149
0 2971
1 2971
10 336
4 318
1025 1026
0 92
1 92
3 311
10 161
27 774
11 127
7 379
398 400
427 428
3 381
559 562
4 497
392 393
0 279
322 323
4 395
5 223
8 362
19 509
11 2434
10 716
31 388
27 233
4 484
483 484
482 484
22 1075
21 1075
1074 1075
1070 1075
6 118
0 114
15 844
39 844
0 306
1 1742
0 1742
2 1742
24 441
653 655
27 764
48 509
1868 3737
1 3737
2 3737
0 3737
18 562
1090 2181
3 338
3 40
2 379
4 405
5 474
2 98
1142 1143
183 368
19 699
0 343
12 126
7 1644
8 1644
0 767
1 767
383 767
9 20
18 310
2 354
3 61
2 297
363 727
14 395
1614 1618
232 233
190 381
24 473
15 217
2 152
743 768
3 171
3 567
2 301
2 461
393 788
2 788
15 788
20 788
393 788
0 788
1 788
393 788
9 788
5 405
652 653
4 139
2 324
7 973
13 1386
632 633
23 664
32 1618
19 395
4 295
5 344
229 230
1109 2219
1 385
14 527
21 1926
22 1926
9 548
0 919
50 699
34 472
4 327
2 821
3 821
5 821
4 526
3 567
2 1012
1 1012
3 1012
9 562
30 739
2 266
13 227
0 241
30 635
8 391
3 177
1 407
36 435
530 535
14 527
2 371
4 371
2 240
7 57
148 297
6 262
1 361
49 1312
83 84
23 287
14 509
584 585
587 592
13 812
84 2339
283 290
2 948
3 948
2 448
20 973
7 360
9 389
39 1646
3 2101
2 2101
0 2101
1 2101
8 876
11 472
4 265
13 777
6 502
1 137
206 209
10 144
2 183
1 370
18 135
2 120
13 962
15 721
113 114
5 3218
14 1747
0 231
4 1110
0 153
5 290
8 397
8 325
19 319
17 382
7 5267
18 5267
12 5267
6 5267
13 5267
16 5267
9 5267
10 5267
3 5267
4 5267
5 5267
0 5267
8 5267
14 5267
1 1034
0 1034
1 2191
0 2191
7 247
6 247
19 1416
64 1027
2 319
4 1042
0 384
4 163
8 127
4 484
1 900
5 544
20 265
10 368
2 930
1 2416
0 2416
4 2416
20 919
405 407
5 382
3 247
4 233
2 1183
1 1183
0 1183
4 1185
6 382
5 340
0 3763
1 3763
176 177
469 477
140 141
23 242
0 295
1 295
13 395
13 615
4 308
4 1695
34 511
0 227
12 257
38 2339
7 395
2 359
9 761
16 257
0 176
10 336
192 195
362 365
239 240
228 230
5 196
333 338
19 1116
18 1116
7 1124
2 300
20 1623
897 906
0 57
2 188
6 1057
0 233
712 721
311 318
9 735
20 699
3 446
8 310
1 165
7 465
6 1130
94 679
2 392
9 348
0 1898
1 1898
7 472
5 950
6 950
3 950
3 191
8 1695
323 324
3 282
4 861
16 1695
12 360
21 960
386 388
3 1701
1 453
0 453
246 247
1 461
294 295
26 1042
21 549
17 319
13 1110
10 2517
0 866
1 866
5 141
2 387
23 48
1 1791
0 1791
8 511
4 275
8 286
0 423
2 191
21 950
50 509
2 861
5 364
4 364
373 378
20 3651
4 364
5 364
0 298
668 679
24 654
176 177
9 605
6 392
6 392
5 569
0 43
413 414
3 272
5 327
2 2050
1 2050
3 2050
2 617
14 927
0 1268
1 1268
2 1268
22 1413
5 157
312 317
771 790
394 790
9 812
59 1077
9 584
22 562
1343 1360
5 1695
6 405
4 587
126 127
1 1592
0 1592
0 1719
2 1719
1 1719
2 548
1 548
194 195
341 352
1 1043
3 2703
2 2703
1 2703
0 2703
12 1165
13 395
9 1323
6 1323
5 1323
25 1323
12 1323
2 118
163 165
12 663
9 451
21 1536
2 1526
0 1526
1 1526
1 116
3 327
4 587
4 139
5 325
2 1288
2 116
7 240
2 217
355 712
11 1386
175 2339
11 2517
3 381
19 284
180 183
5 295
14 2517
24 2339
10 465
2 247
11 2517
4 55
5 281
0 247
1359 1360
10 461
114 3761
18 590
6 594
18 378
1538 1539
9 108
96 4338
149 1552
2 152
9 646
11 306
26 657
27 657
22 1042
210 421
14 1042
6 222
1032 1034
264 270
6 1104
2 486
501 502
2 57
25 816
15 2365
12 1074
0 187
3 2236
2 2236
1 2236
0 2236
403 405
4 1110
6 497
221 222
118 120
4 151
4 1392
4 230
4 86
77 78
87 2339
8 9
22 1021
317 318
3 308
18 279
12 762
4 88
5 721
4 1027
40 500
1 89
2 86
158 159
7 733
9 725
10 276
4 497
28 1130
7 456
2 654
776 777
52 53
0 340
66 475
2 142
5 694
7 41
7 90
587 588
14 588
24 588
6 214
4 67
8 588
6 327
0 342
8 588
6 193
3 161
7 90
8 588
40 41
11 322
13 718
2 142
16 567
49 588
2 113
6 120
24 588
6 567
26 588
587 588
17 483
587 588
4 218
587 588
11 282
11 282
22 588
21 218
10 327
0 24
4 274
3 274
9 214
2 142
5 90
44 90
2 228
6 567
3 229
17 567
12 343
4 228
6 327
3 43
14 386
33 694
11 228
15 475
24 588
25 475
24 946
15 475
2 567
3 457
6 327
17 483
12 343
3 116
25 475
6 228
5 342
25 327
36 560
9 229
98 99
10 588
7 43
7 43
1 168
11 141
5 483
0 16
28 588
2 386
10 334
5 588
6 588
5 588
3 588
7 90
28 588
7 271
14 588
15 386
4 67
279 560
13 342
453 454
581 588
12 588
5 211
35 694
31 694
5 228
7 327
14 588
20 752
4 53
228 229
28 588
7 41
9 374
11 334
25 588
29 475
6 110
1 229
1 58
27 588
2 142
11 153
14 334
5 116
3 118
14 588
14 386
6 327
2 142
25 228
8 156
12 588
10 588
8 327
14 343
9 153
20 475
12 588
8 99
11 588
7 588
34 574
5 694
4 90
20 694
0 56
21 560
11 342
10 322
15 752
14 588
27 327
5 193
11 454
4 342
65 67
20 327
24 588
5 229
4 342
3 67
79 2673
5 211
17 483
326 327
9 228
4 33
5 962
6 1539
13 125
0 120
9 80
3 816
8 554
3 176
18 406
0 66
1 473
6 977
5 844
1 290
19 502
87 88
3 275
3 147
4 515
3 1205
16 1403
10 1695
5 605
6 605
0 1347
1 1347
67 1516
4 295
5 473
6 59
13 1021
8 788
113 228
18 1110
3 88
4 768
7 476
336 337
339 340
1655 1695
5 127
1 308
7 378
7 241
1 452
4 284
1 1900
0 1900
1 3101
0 3101
0 6
5 218
30 664
1 158
0 423
8 951
7 951
4 623
2 399
18 1577
4 278
2 214
6 2150
4 2150
1 145
0 404
1 1074
9 336
5 362
4 594
2 216
425 439
5 527
1375 1386
6 639
21 762
6 625
7 625
0 725
12 395
2 1036
27 1042
7 393
1536 1539
3 368
16 1539
58 117
8 632
40 1042
1 518
3 567
2 452
10 1071
345 347
3 303
0 120
269 270
20 2237
45 2237
1 2237
0 2237
21 2237
1 233
171 1552
0 409
0 1230
1 1230
845 853
1 400
0 126
10 446
15 857
3 973
1 274
0 274
0 3390
35 3390
1 3390
10 3390
2 584
55 890
9 626
17 216
2 1346
6 247
17 287
5 79
2 196
27 191
159 7353
6 7353
54 7353
437 7353
67 7353
80 7353
205 7353
35 7353
8 7353
767 7353
37 7353
183 7353
45 7353
212 7353
16 7353
50 7353
10 141
3 2466
2 2466
0 2466
1 2466
1425 1456
10 10604
1 10604
14 10604
69 10604
4 10604
20 10604
3 10604
21 10604
25 10604
26 10604
28 10604
97 10604
8 10604
18 10604
110 10604
12 10604
2 1655
0 1655
1 407
2 1162
3 1162
0 1162
1 1162
478 479
7 623
1 87
554 564
6 391
3 295
2 590
1 508
55 1695
0 47
785 788
2 788
786 788
784 788
783 788
0 788
1 788
782 788
787 788
229 230
5 739
5 436
14 1695
1 247
622 626
566 567
114 115
3 48
10 344
6 684
79 764
3 582
21 1072
1 1862
0 1862
9 369
17 876
5 625
14 233
0 937
1 937
5 937
4 230
2 421
270 272
5 218
794 812
53 826
7 919
2 887
3 1072
28 2339
4 958
3 958
19 1623
7 141
11 792
21 811
1 2330
0 2330
6 247
19 974
8 120
0 182
1 423
4 1967
2 30
9 384
2 549
1152 1153
0 497
187 188
7 498
1 157
0 157
2338 2339
9 950
56 57
0 135
12 473
1 962
4 448
1 163
5 414
2 1161
1 1161
0 1161
0 117
1 96
16 1403
3 1346
1 139
1091 1110
5 473
27 318
4 318
3 700
2 162
7 1967
26 1539
11 1539
1 106
0 5662
3 5662
4 5662
1 5662
2 5662
77 1536
57 1536
17 625
11 2565
7 2565
10 2565
6 2565
8 2565
9 2565
1746 1747
383 384
3 183
0 1249
2 1249
1 87
23 812
744 746
2 2128
1 2128
0 2128
472 473
1 67
123 124
174 178
8 764
1 379
16 2396
12 2396
13 2396
11 890
21 890
10 890
7 38
1 2407
3 2407
2 2407
7 2407
4 735
1 581
0 581
0 385
1 385
12 615
1 139
3 641
4 448
2 1064
3 1064
10 2225
4 89
1 941
1 89
6 1419
2 452
3 80
548 554
1 89
15 1294
16 1294
7 381
30 1948
8 1948
5 1948
22 1948
3 962
9 448
1 352
136 137
4 594
1 1708
0 1708
286 287
0 25
802 816
9 626
0 90
20 2339
2 1536
9 233
68 69
8 319
11 796
10 446
5 527
4 142
1 369
2 153
589 590
7 385
411 413
1 446
1 2395
2 2395
400 404
295 592
19 2163
16 2163
17 2163
2 55
14 191
2 2423
0 2423
4 2423
13 344
3 196
451 452
85 1403
0 1205
1 1205
13 1014
5 294
4 448
85 86
12 395
44 844
17 844
3 303
1358 1360
1 812
106 107
1 562
11 479
9 467
41 1733
26 1733
25 1733
79 80
21 739
6 446
123 247
9 389
2 733
4 215
4 295
24 431
3 175
129 130
186 187
8 135
4 284
367 371
17 330
2 1724
0 1724
1 1724
1 549
7 919
27 1139
0 896
1 896
0 437
1 103
20 264
5 261
3 264
7 648
21 1577
0 1501
3 1501
1 1501
589 617
33 1618
2 285
9 504
114 115
2 48
245 247
16 737
0 223
7 509
4 311
5 594
471 477
2 345
2 733
9 789
8 789
15 605
4 1747
4 347
2 1511
0 1511
5 362
146 147
3 307
10 139
9 139
6 382
27 1766
9 788
2 788
6 788
5 788
14 788
0 788
1 788
14 788
4 788
1 694
0 694
7 307
1 174
3 371
12 1077
16 537
3 178
1 103
5 290
2 3159
1 3159
0 3159
54 1331
24 50
2 716
1 508
13 1909
24 1909
12 1909
1617 1618
23 1618
9 384
9 384
0 102
3 94
9 585
18 474
39 535
1 261
294 295
0 169
7 148
5 183
873 876
2 733
14 1787
3 1787
4 1787
5 617
0 1553
1 1553
9 504
1 343
0 632
7 127
503 504
8 1083
2 65
33 1144
177 178
6 172
5 240
430 431
908 919
496 498
5 1618
30 1475
19 368
3 26
7 1965
6 1965
1 1965
3 1965
0 1965
2 1965
15 125
3 175
2 55
376 379
0 229
0 229
1 230
11 1042
341 344
322 323
4 746
17 876
474 479
400 406
5 504
2 171
22 575
23 764
10 1913
7 1913
6 1057
5 269
1 173
2 344
5 772
23 242
14 1695
1685 1695
6 382
20 764
3 175
0 94
9 811
6 394
5 1287
0 176
12 139
0 310
1 360
229 230
9 811
7 381
0 1129
9 1129
1 1129
2 638
1068 1071
37 1410
4 1410
5 1410
9 811
6 497
1 37
2 285
12 305
3 256
1 360
232 233
616 623
3 1061
254 260
5 452
6 563
588 592
6 144
326 327
1 617
12 337
361 362
378 5976
68 5976
33 5976
92 5976
103 5976
20 5976
113 5976
56 5976
6 5976
1074 1075
359 379
21 661
2 162
5 2517
26 431
6 100
4 1386
22 850
5 511
404 405
1 1102
0 1102
1 370
191 196
1 361
14 841
697 698
0 124
0 290
10 218
438 439
219 229
5 349
4 89
1 360
21 333
327 333
8 526
121 122
2 412
3 196
13 874
0 247
19 896
0 338
1 338
2 142
1778 1779
146 1779
85 1779
100 1779
11 1238
17 876
6 1853
1 1853
0 1853
8 592
560 564
1 173
52 1539
1 158
24 812
6 584
2 328
4 262
11 816
96 99
4 796
6 404
6 146
344 345
5 464
226 228
268 274
459 919
12 502
4 1110
3 122
4 446
68 518
0 141
14 585
58 561
91 2808
31 1357
101 1416
1 204
6 100
281 563
0 564
5 473
22 1110
10 339
163 327
3 308
289 295
1 587
11 777
21 558
148 149
4 209
5 279
1 962
0 3095
1 3095
9 3095
2 1617
3 1617
1 1617
0 1617
317 318
326 327
0 1767
2 1767
3 1767
8 1767
239 240
9 1071
13 522
4 1618
1 465
0 465
4 465
