9 384
13 375
17 392
0 576
1 576
38 776
37 776
11 511
14 2287
12 2287
4 745
3 745
15 914
11 338
4 448
0 691
1 691
2 183
912 914
18 1155
33 1155
577 1155
10 1155
11 1155
40 1370
20 1623
7 7389
13 7389
76 7389
0 7389
8 7389
1 7389
12 7389
73 7389
186 7389
71 7389
174 7389
76 2339
8 615
26 1288
175 176
10 1265
11 1265
16 1265
4 150
3 79
5 1983
6 1983
3 1983
4 1983
5 269
7 397
0 1208
4 1208
1 1208
11 1474
15 240
4 448
21 558
1 1113
0 1113
1 79
304 305
399 400
5 388
16 590
15 1483
3 152
2 152
8 796
767 1536
8 805
12 276
14 328
5 1267
7 1267
2 1267
11 1267
3 1267
13 522
3 198
1 1013
0 1013
4 152
15 1303
1 1008
0 1008
3 327
9 562
13 737
13 737
3 264
5 175
0 44
0 89
11 1913
7 1913
15 1539
972 973
854 855
7 301
4 7645
293 7645
61 7645
44 7645
0 7645
76 7645
41 7645
43 7645
35 7645
128 7645
162 7645
19 7645
10 7645
23 7645
16 7645
32 7645
129 7645
3 7645
53 7645
30 7645
740 9306
0 9306
25 9306
22 9306
3 9306
318 9306
59 9306
8 9306
11 9306
815 9306
463 9306
10 9306
26 9306
387 9306
39 9306
228 9306
165 9306
180 9306
1 3760
121 3760
20 3760
25 3760
15 3760
0 3760
12 3760
21 3760
685 689
4 295
3 1454
0 1454
2 1454
1 1454
12 626
5 203
404 405
10 794
9 794
843 844
328 657
1109 1110
4 150
10 1071
1 812
1 812
0 422
17 896
36 395
39 2339
1 135
7 324
4 721
9 79
203 204
9 811
10 368
17 380
17 380
3 384
11 152
4 98
10 68
2 446
11 777
11 777
14 884
19 884
16 1514
13 876
6 348
0 169
0 663
1 663
22 303
11 240
440 441
1472 1474
6 733
8 1077
3 404
3 973
137 138
18 1618
2 567
17 876
2 176
20 2150
21 2150
17 876
7 311
3 1597
1 1597
0 1597
10 1597
20 618
4 98
183 184
38 776
37 776
496 497
5 57
17 392
1 670
0 670
17 392
11 511
6 247
4 876
3 344
12 965
20 1539
3 509
214 215
171 176
4 215
4 215
1385 1386
282 283
11 764
29 465
789 792
5 10782
1 10782
38 10782
61 10782
2 10782
204 10782
4 10782
120 10782
108 10782
109 10782
37 10782
194 10782
27 10782
17 10782
39 10782
115 10782
171 10782
3 10782
13 10782
10 10782
46 10782
8 10782
173 10782
23 10782
37 10782
6 10782
4 224
14 767
10 144
55 540
1 2510
2 2510
134 269
5 269
2 1269
1 1269
5 919
6 782
4 448
1 931
0 931
2 247
4 89
23 2038
0 2038
1 2038
3 446
28 737
0 1898
1 1898
23 584
1359 1360
8 2257
7 2257
101 1695
56 2339
535 1072
4 746
4 746
0 2150
1 2150
38 3410
0 3410
2 3410
4 746
0 2150
1 2150
26 764
6 746
5 456
17 590
14 2449
15 2449
22 191
11 777
4 266
113 1027
6 976
31 976
23 3000
51 3000
24 3000
132 3000
29 3000
42 3000
7 202
3 456
10 777
16 381
3 295
185 186
220 441
1 94
33 68
8 287
11 240
70 142
239 240
8 655
5 1197
3 2831
2 2831
5 2831
4 2831
7 1331
10 4210
15 4210
90 4210
1 4210
25 4210
55 4210
149 4210
60 4210
3 4210
26 4210
98 4210
4 20
4 209
0 677
1 677
1 1547
0 1547
7 888
6 888
343 344
17 413
2 1012
1 1012
3 1012
36 269
12 467
502 504
60 1110
9 585
2 2128
1 2128
0 2128
12 960
15 1483
1534 1536
1533 1536
1105 1110
2 1069
4 1069
1 1069
1012 1014
796 811
9 1110
13 423
1 93
6 183
4 384
7 724
8 2375
2 2375
1 2375
177 178
15 788
2 788
6 788
5 788
17 788
0 788
1 788
17 788
4 788
0 203
8 226
6 4949
13 4949
5 4949
33 4949
54 4949
32 4949
39 4949
4 120
58 2150
5 2150
8 2150
10 653
688 689
13 2955
4 2955
10 2955
0 2955
25 2955
1 2955
9 2955
15 1695
18 439
32 439
12 225
7 2163
6 2163
185 13875
2 13875
83 13875
23 13875
22 13875
55 13875
51 13875
0 13875
165 13875
52 13875
1590 13875
162 13875
20 13875
14 13875
38 2339
4 222
4 150
7 1164
8 1164
11 1164
3 2347
1 2347
0 2347
2 2347
632 633
9 384
4 3126
15 3126
12 3126
2 3126
11 3126
1 3126
0 3126
2 1078
1 1078
4 1078
3 267
20 1926
262 526
811 812
20 858
16 5657
17 5657
40 5657
19 5657
13 5657
12 5657
37 5657
157 5657
40 1042
13 423
5 218
8 172
22 1307
117 1021
16 384
399 400
12 240
8 247
1 176
6 247
9 124
20 618
6 247
0 1708
3 1708
1 1708
2 1708
1 762
0 762
2 152
368 371
5 264
1 442
4 442
9 389
75 5642
11 5642
12 5642
140 5642
56 5642
66 5642
42 5642
5 416
7 223
4 86
23 543
17 1403
16 1403
17 679
24 2517
1 87
676 689
10 336
4 89
3 153
39 1403
20 1963
19 1963
0 2002
1 2002
1995 2002
146 147
146 147
12 163
13 264
7 1539
6 264
17 590
0 181
120 241
3 465
47 764
48 764
761 764
7 295
1 1652
0 1652
1966 1967
8 86
4 1110
2 1183
1 1183
0 1183
4 876
9 389
2 1124
3 1124
11 1014
0 961
9 961
1 961
8 526
2 359
31 1130
7 257
36 1386
13 842
61 1042
3 257
17 2403
50 2403
18 2403
105 106
374 375
8 617
32 270
269 270
15 340
4 327
17 380
11 518
2 587
1 587
8 384
1 424
14 264
19 699
3 1317
1 1317
0 1317
6 120
8 594
3 538
0 603
41 1130
3 344
17 240
8 1241
121 122
28 855
0 1898
1 1898
0 1898
1 1898
16 384
8 17
16 914
7 777
4 163
26 4713
32 4713
4 4713
331 4713
2 4713
34 4713
1 44
1 2150
2 2150
3 2150
4 2150
9 402
263 266
0 781
1 781
2 781
5 781
663 664
684 689
13 874
11 796
794 796
123 1464
50 1464
49 1464
543 548
7 382
28 233
2 663
7 257
25 506
11 1012
4 257
4 626
5 371
38 782
45 3816
4 3816
0 3816
1 3816
8 3816
2 3816
10 3816
338 340
1 1347
0 1347
1 149
8 554
4 364
5 364
12 295
217 435
22 695
1 1247
0 1247
7 423
22 914
5 265
0 631
3 631
5 186
98 518
85 171
33 511
35 431
1 2308
0 2308
8 2303
7 2303
3 145
2 145
7 145
13 467
517 518
14 405
10 318
10 423
7 324
388 389
39 8726
12 8726
67 8726
109 8726
149 8726
14 8726
305 8726
64 8726
44 8726
42 8726
38 8726
82 8726
69 8726
2 422
11 108
5 456
0 1036
1 1036
15 391
3 344
670 679
2 154
198 397
14 3066
13 3066
32 3066
0 1214
1 1214
48 1595
62 1595
763 764
2 457
3 368
2 376
4 209
208 209
1 1191
0 1191
21 592
377 378
133 141
9 389
10 446
3 264
8 526
9 1110
6366 12734
34 12734
35 12734
246 12734
24 12734
96 12734
6366 12734
82 12734
20 12734
237 12734
76 12734
76 12734
27 12734
26 12734
84 12734
314 12734
153 12734
74 12734
202 203
4 89
14 653
16 295
1 841
6 441
9 384
4 876
46 1264
95 1264
49 1264
6 404
14 1483
13 1110
16 590
16 590
5 264
0 107
11 1386
146 148
4 89
10 842
460 461
0 669
1 669
14 737
19 699
7 423
13 737
0 107
0 107
13 148
10 473
32 2629
42 2629
8 2629
9 2629
9 384
1 1589
2 1589
0 1589
3 113
0 2696
1 2696
8 2696
762 774
34 664
493 987
5 987
6 987
12 4344
2 4344
6 4344
44 4344
8 4344
5 4344
0 4344
4 222
8 626
15 1376
2 1376
14 1376
3 1376
21 558
4 680
5 680
4 234
4 177
5 177
19 384
16 441
42 441
4 376
0 1511
1 1511
7 522
6 522
0 169
13 737
34 664
14 479
21 2238
31 2238
29 2238
20 2238
16 1074
12 737
6 762
56 2517
393 788
29 2300
28 2300
761 762
20 618
2 183
269 270
11 558
2 252
30 295
21 1913
22 1913
29 656
5 656
6 656
13 240
0 423
34 764
372 373
0 446
4 357
7 423
0 632
16 590
10 562
17 456
0 9
293 587
7 562
7 1014
2 774
10 404
566 567
7 1407
6 594
0 690
1 690
244 250
126 127
294 295
2 2725
4 2725
3 2725
0 2725
1 2725
2 442
0 442
11 518
1 508
2 269
3 269
0 38
0 6094
3 6094
1 6094
4 6094
5 6094
1369 1370
12 2737
11 2737
37 1409
262 526
21 465
4 339
1 960
0 960
12 382
3 295
5 404
6 431
3 1536
8 615
7 844
0 308
9 504
8 560
0 730
1 730
3 764
1 1701
11 240
4 283
14 596
17 392
6 2339
5 2339
3 303
1 461
11 563
11 438
0 122
0 980
1 980
20 845
1 665
5 378
351 352
8 889
7 889
4 189
1 431
750 751
2 526
2 1955
6 1955
9 1955
8 1955
7 1955
0 1955
12 9453
26 9453
13 9453
2 9453
9 9453
37 9453
0 9453
14 9453
1 9453
5 9453
11 9453
4 9453
6 9453
3 9453
8 9453
0 3604
2 3604
3 3604
1801 3604
1 3604
4 2982
3 2982
6 2982
5 2982
11 2982
7 1152
495 499
0 181
1 181
124 249
10 613
14 395
8 575
3 122
3 1114
2 1114
141 283
141 283
0 241
27 55
653 655
1 1887
0 1887
2 1887
19 7512
6 7512
14 7512
113 7512
131 7512
16 7512
21 7512
361 7512
277 7512
305 7512
101 7512
23 7512
82 7512
309 7512
7506 7512
24 328
5 623
1 106
1 82
8 305
12 196
75 151
10 439
2 328
24 2031
2 4370
7 4370
4 4370
1 4370
0 4370
5 4370
3 4370
8 4370
13 340
1 360
3 269
1 413
886 887
0 187
1 187
4 534
6 1539
16 726
128 257
198 202
0 764
1 764
9 473
2 729
0 729
1 729
6 174
8 593
4 326
5 282
57 59
9 2849
24 2849
28 2849
8 2849
8 225
2 435
5 435
3 522
7 146
38 479
4 399
3 587
560 562
22 788
2 788
393 788
393 788
393 788
0 788
1 788
393 788
20 788
2 473
1 473
1 1528
0 1528
31 1904
25 1904
3 733
3 219
58 2417
56 2417
18 594
19 594
26 594
1 620
0 620
3 476
4 476
6 405
54 1695
1 91
3 91
2 1223
3 1223
15 1223
478 479
2 328
2 1879
0 1879
51 4834
38 4834
1 4834
4 4834
36 4834
37 4834
4 145
24 739
11 336
5 361
6 177
412 413
32 759
190 191
189 191
7 240
8 233
3 177
3 176
5 318
1 807
0 807
9 761
3 446
1 931
0 931
27 1074
15 812
17 287
14 764
25 1043
7 857
3 922
0 558
1 558
16 279
86 173
129 130
2 617
3 617
1 1707
0 1707
3 4275
1 4275
0 4275
4 4275
5 4275
0 1149
1 1149
2 1149
0 2971
1 2971
11 336
6 318
56 1026
0 92
1 92
3 311
1 161
33 774
11 127
376 379
399 400
427 428
2 381
561 562
4 497
392 393
0 279
322 323
4 395
4 223
8 362
16 509
11 2434
10 716
385 388
29 233
4 484
6 484
13 484
22 1075
21 1075
1074 1075
1073 1075
6 118
0 114
12 844
38 844
0 306
1 1742
0 1742
2 1742
5 441
650 655
28 764
507 509
1868 3737
1 3737
2 3737
0 3737
19 562
1090 2181
3 338
3 40
3 379
4 405
5 474
2 98
1142 1143
183 368
19 699
0 343
12 126
7 1644
8 1644
0 767
1 767
383 767
9 20
17 310
2 354
3 61
2 297
363 727
15 395
75 1618
17 233
190 381
20 473
11 217
2 152
52 768
3 171
3 567
1 301
2 461
393 788
2 788
14 788
15 788
393 788
0 788
1 788
393 788
8 788
4 405
652 653
4 139
2 324
6 973
12 1386
632 633
28 664
17 1618
18 395
4 295
8 344
229 230
1109 2219
1 385
12 527
21 1926
21 1926
9 548
0 919
29 699
45 472
4 327
2 821
3 821
5 821
4 526
4 567
1 1012
2 1012
3 1012
8 562
26 739
2 266
13 227
0 241
24 635
7 391
3 177
1 407
34 435
533 535
13 527
2 371
5 371
2 240
7 57
148 297
6 262
1 361
61 1312
83 84
12 287
14 509
36 585
589 592
10 812
160 2339
285 290
2 948
3 948
2 448
28 973
5 360
9 389
33 1646
2 2101
0 2101
3 2101
1 2101
6 876
6 472
4 265
11 777
6 502
1 137
205 209
10 144
2 183
1 370
18 135
2 120
10 962
18 721
113 114
5 3218
14 1747
0 231
4 1110
0 153
5 290
8 397
8 325
9 319
11 382
7 5267
18 5267
12 5267
6 5267
13 5267
16 5267
9 5267
10 5267
2 5267
4 5267
5 5267
1 5267
8 5267
14 5267
1 1034
0 1034
1 2191
0 2191
6 247
2 247
10 1416
60 1027
2 319
4 1042
0 384
4 163
8 127
4 484
1 900
5 544
13 265
10 368
1 930
1 2416
0 2416
4 2416
16 919
406 407
5 382
3 247
4 233
2 1183
1 1183
0 1183
4 1185
6 382
5 340
0 3763
1 3763
176 177
29 477
140 141
23 242
0 295
1 295
13 395
21 615
3 308
4 1695
32 511
0 227
4 257
38 2339
7 395
2 359
10 761
249 257
0 176
10 336
4 195
364 365
239 240
228 230
6 196
334 338
19 1116
18 1116
7 1124
2 300
18 1623
49 906
0 57
2 188
6 1057
0 233
720 721
9 318
9 735
22 699
3 446
8 310
1 165
18 465
4 1130
75 679
2 392
7 348
1 1898
0 1898
8 472
4 950
6 950
1 950
3 191
8 1695
323 324
2 282
3 861
19 1695
11 360
16 960
381 388
3 1701
1 453
0 453
246 247
1 461
294 295
26 1042
17 549
22 319
14 1110
11 2517
0 866
1 866
6 141
2 387
23 48
1 1791
0 1791
11 511
4 275
8 286
0 423
2 191
20 950
27 509
2 861
5 364
4 364
376 378
15 3651
4 364
5 364
0 298
671 679
24 654
176 177
9 605
6 392
4 392
4 569
0 43
413 414
3 272
4 327
2 2050
1 2050
3 2050
2 617
14 927
1 1268
0 1268
2 1268
17 1413
78 157
314 317
779 790
394 790
9 812
45 1077
9 584
8 562
58 1360
5 1695
202 405
4 587
8 127
1 1592
0 1592
0 1719
2 1719
1 1719
2 548
1 548
193 195
345 352
1 1043
3 2703
2 2703
1 2703
0 2703
25 1165
13 395
9 1323
5 1323
6 1323
25 1323
12 1323
2 118
164 165
12 663
12 451
25 1536
2 1526
0 1526
1 1526
1 116
1 327
4 587
3 139
5 325
2 1288
2 116
12 240
2 217
355 712
21 1386
110 2339
11 2517
3 381
15 284
181 183
6 295
14 2517
18 2339
10 465
2 247
11 2517
4 55
5 281
0 247
1359 1360
9 461
211 3761
18 590
6 594
376 378
1538 1539
107 108
151 4338
775 1552
2 152
10 646
11 306
26 657
27 657
23 1042
210 421
11 1042
6 222
1029 1034
3 270
6 1104
2 486
501 502
2 57
32 816
16 2365
17 1074
0 187
3 2236
2 2236
1 2236
0 2236
403 405
6 1110
19 497
221 222
119 120
4 151
4 1392
4 230
4 86
77 78
97 2339
8 9
22 1021
317 318
4 308
14 279
7 762
5 88
5 721
1 1027
498 500
1 89
2 86
15 159
5 733
8 725
10 276
4 497
27 1130
3 456
2 654
776 777
52 53
0 340
237 475
3 142
5 694
6 41
7 90
587 588
14 588
24 588
6 214
4 67
9 588
6 327
0 342
8 588
6 193
3 161
7 90
8 588
40 41
12 322
13 718
2 142
16 567
38 588
1 113
6 120
24 588
6 567
19 588
586 588
17 483
587 588
6 218
587 588
11 282
11 282
17 588
108 218
10 327
0 24
3 274
4 274
9 214
2 142
5 90
44 90
2 228
6 567
3 229
34 567
12 343
4 228
6 327
3 43
13 386
33 694
9 228
15 475
24 588
24 475
23 946
15 475
3 567
3 457
7 327
17 483
12 343
5 116
25 475
6 228
5 342
28 327
279 560
8 229
8 99
9 588
7 43
7 43
1 168
11 141
5 483
0 16
28 588
2 386
10 334
5 588
6 588
5 588
3 588
7 90
28 588
7 271
14 588
14 386
4 67
279 560
17 342
453 454
587 588
11 588
5 211
29 694
25 694
6 228
5 327
14 588
20 752
4 53
226 229
28 588
7 41
9 374
9 334
20 588
29 475
7 110
1 229
1 58
27 588
2 142
12 153
14 334
4 116
2 118
14 588
19 386
6 327
2 142
22 228
8 156
12 588
10 588
8 327
13 343
9 153
24 475
12 588
8 99
11 588
6 588
43 574
5 694
4 90
21 694
0 56
28 560
15 342
10 322
15 752
14 588
25 327
5 193
11 454
4 342
5 67
20 327
24 588
5 229
4 342
3 67
95 2673
5 211
17 483
326 327
9 228
4 33
15 962
6 1539
13 125
0 120
7 80
3 816
8 554
4 176
18 406
0 66
0 473
6 977
5 844
1 290
6 502
87 88
3 275
4 147
4 515
3 1205
16 1403
10 1695
5 605
6 605
0 1347
1 1347
41 1516
4 295
5 473
6 59
13 1021
12 788
113 228
18 1110
3 88
4 768
7 476
336 337
339 340
1667 1695
5 127
1 308
7 378
7 241
2 452
4 284
1 1900
0 1900
1 3101
0 3101
0 6
5 218
39 664
1 158
0 423
8 951
7 951
4 623
2 399
18 1577
5 278
2 214
6 2150
4 2150
1 145
0 404
1 1074
9 336
5 362
4 594
2 216
432 439
5 527
39 1386
6 639
21 762
6 625
7 625
0 725
12 395
2 1036
26 1042
4 393
1517 1539
3 368
11 1539
58 117
8 632
55 1042
1 518
4 567
2 452
10 1071
5 347
3 303
0 120
269 270
20 2237
45 2237
1 2237
0 2237
21 2237
1 233
775 1552
0 409
0 1230
1 1230
848 853
1 400
0 126
10 446
15 857
3 973
1 274
0 274
0 3390
35 3390
1 3390
10 3390
2 584
18 890
7 626
107 216
2 1346
6 247
24 287
4 79
2 196
32 191
159 7353
8 7353
54 7353
437 7353
68 7353
80 7353
205 7353
35 7353
7 7353
673 7353
37 7353
183 7353
45 7353
212 7353
17 7353
50 7353
140 141
3 2466
1 2466
0 2466
2 2466
1441 1456
9 10604
1 10604
12 10604
69 10604
5 10604
19 10604
4 10604
22 10604
25 10604
26 10604
28 10604
97 10604
7 10604
20 10604
110 10604
13 10604
2 1655
0 1655
1 407
2 1162
3 1162
0 1162
1 1162
478 479
11 623
1 87
1 564
20 391
3 295
2 590
1 508
47 1695
0 47
784 788
2 788
782 788
781 788
780 788
0 788
1 788
779 788
784 788
229 230
5 739
6 436
18 1695
1 247
624 626
565 567
114 115
2 48
10 344
5 684
66 764
3 582
19 1072
1 1862
0 1862
9 369
17 876
5 625
13 233
0 937
1 937
5 937
4 230
2 421
6 272
5 218
809 812
48 826
7 919
2 887
3 1072
17 2339
4 958
3 958
19 1623
7 141
10 792
16 811
1 2330
0 2330
6 247
20 974
10 120
0 182
1 423
4 1967
2 30
9 384
3 549
1152 1153
0 497
7 188
10 498
1 157
0 157
2338 2339
9 950
56 57
0 135
12 473
1 962
4 448
1 163
5 414
2 1161
1 1161
0 1161
0 117
1 96
16 1403
3 1346
1 139
14 1110
5 473
23 318
4 318
3 700
2 162
5 1967
12 1539
11 1539
105 106
0 5662
1 5662
4 5662
3 5662
2 5662
1532 1536
99 1536
23 625
11 2565
7 2565
10 2565
6 2565
8 2565
9 2565
1746 1747
383 384
5 183
0 1249
2 1249
1 87
23 812
745 746
1 2128
2 2128
0 2128
5 473
1 67
4 124
174 178
8 764
2 379
16 2396
12 2396
13 2396
11 890
21 890
10 890
7 38
1 2407
3 2407
2 2407
7 2407
4 735
1 581
0 581
0 385
1 385
10 615
1 139
3 641
4 448
2 1064
3 1064
10 2225
4 89
1 941
1 89
6 1419
2 452
3 80
14 554
1 89
15 1294
16 1294
5 381
30 1948
3 1948
2 1948
22 1948
3 962
6 448
1 352
136 137
4 594
1 1708
0 1708
286 287
0 25
9 816
18 626
0 90
22 2339
2 1536
9 233
68 69
8 319
11 796
10 446
5 527
3 142
1 369
2 153
588 590
7 385
408 413
2 446
1 2395
2 2395
402 404
295 592
19 2163
16 2163
17 2163
2 55
15 191
2 2423
1 2423
4 2423
4 344
3 196
7 452
1393 1403
0 1205
1 1205
13 1014
5 294
4 448
85 86
12 395
39 844
17 844
3 303
1358 1360
1 812
106 107
1 562
11 479
9 467
41 1733
25 1733
26 1733
4 80
9 739
7 446
123 247
9 389
2 733
4 215
4 295
26 431
3 175
129 130
186 187
3 135
4 284
365 371
15 330
2 1724
0 1724
1 1724
1 549
7 919
569 1139
0 896
1 896
0 437
0 103
20 264
6 261
3 264
7 648
20 1577
0 1501
3 1501
1 1501
16 617
34 1618
2 285
11 504
114 115
2 48
243 247
16 737
0 223
7 509
4 311
5 594
472 477
2 345
2 733
9 789
8 789
15 605
5 1747
4 347
1 1511
0 1511
5 362
146 147
0 307
10 139
9 139
6 382
29 1766
8 788
2 788
6 788
5 788
11 788
0 788
1 788
11 788
4 788
1 694
0 694
7 307
0 174
3 371
1 1077
6 537
6 178
2 103
5 290
2 3159
1 3159
0 3159
40 1331
24 50
2 716
1 508
13 1909
24 1909
12 1909
1617 1618
4 1618
9 384
9 384
0 102
1 94
9 585
19 474
267 535
1 261
294 295
1 169
7 148
5 183
18 876
2 733
14 1787
3 1787
4 1787
4 617
0 1553
1 1553
9 504
1 343
0 632
7 127
25 504
8 1083
2 65
11 1144
12 178
6 172
9 240
430 431
20 919
495 498
5 1618
26 1475
6 368
3 26
7 1965
6 1965
1 1965
3 1965
0 1965
2 1965
15 125
3 175
2 55
373 379
0 229
0 229
1 230
11 1042
10 344
321 323
4 746
17 876
27 479
400 406
5 504
2 171
17 575
24 764
10 1913
7 1913
6 1057
5 269
1 173
2 344
5 772
23 242
14 1695
1689 1695
6 382
20 764
3 175
0 94
9 811
6 394
5 1287
0 176
138 139
0 310
1 360
228 230
9 811
7 381
0 1129
9 1129
1 1129
2 638
1066 1071
37 1410
5 1410
4 1410
9 811
6 497
1 37
2 285
13 305
5 256
1 360
231 233
622 623
2 1061
256 260
5 452
6 563
579 592
4 144
163 327
1 617
12 337
361 362
470 5976
68 5976
33 5976
92 5976
103 5976
18 5976
113 5976
56 5976
4 5976
1074 1075
376 379
38 661
2 162
6 2517
26 431
6 100
4 1386
17 850
5 511
404 405
1 1102
0 1102
1 370
4 196
1 361
14 841
697 698
0 124
0 290
9 218
436 439
2 229
5 349
4 89
1 360
19 333
12 333
8 526
121 122
2 412
3 196
13 874
0 247
10 896
0 338
1 338
2 142
1778 1779
145 1779
89 1779
117 1779
9 1238
17 876
6 1853
0 1853
1 1853
10 592
563 564
1 173
65 1539
1 158
5 812
6 584
2 328
4 262
11 816
98 99
8 796
10 404
5 146
344 345
5 464
7 228
269 274
459 919
12 502
4 1110
3 122
5 446
502 518
0 141
12 585
29 561
21 2808
22 1357
707 1416
1 204
6 100
281 563
0 564
5 473
23 1110
10 339
163 327
2 308
291 295
1 587
11 777
21 558
148 149
5 209
4 279
2 962
0 3095
1 3095
9 3095
2 1617
3 1617
1 1617
0 1617
317 318
326 327
0 1767
1 1767
3 1767
8 1767
239 240
9 1071
13 522
4 1618
1 465
0 465
6 465
