9 384
371 375
17 392
1 576
0 576
38 776
37 776
11 511
13 2287
12 2287
4 745
3 745
15 914
7 338
4 448
0 691
1 691
2 183
71 914
18 1155
33 1155
96 1155
11 1155
10 1155
1366 1370
25 1623
11 7389
13 7389
76 7389
0 7389
7 7389
3 7389
12 7389
72 7389
186 7389
71 7389
175 7389
86 2339
8 615
27 1288
173 176
11 1265
10 1265
16 1265
146 150
3 79
5 1983
6 1983
3 1983
4 1983
6 269
393 397
0 1208
4 1208
1 1208
1471 1474
239 240
4 448
21 558
1 1113
0 1113
3 79
304 305
399 400
8 388
16 590
84 1483
3 152
3 152
795 796
23 1536
8 805
12 276
319 328
6 1267
8 1267
1 1267
11 1267
4 1267
13 522
192 198
1 1013
0 1013
2 152
15 1303
1 1008
0 1008
3 327
10 562
13 737
13 737
3 264
4 175
0 44
0 89
8 1913
7 1913
1531 1539
972 973
851 855
6 301
0 7645
293 7645
89 7645
21 7645
1 7645
75 7645
72 7645
60 7645
63 7645
128 7645
162 7645
27 7645
2 7645
32 7645
8 7645
30 7645
129 7645
3 7645
37 7645
48 7645
740 9306
0 9306
16 9306
48 9306
60 9306
317 9306
106 9306
76 9306
12 9306
816 9306
463 9306
74 9306
21 9306
389 9306
77 9306
228 9306
164 9306
179 9306
16 3760
121 3760
31 3760
41 3760
21 3760
15 3760
13 3760
32 3760
685 689
275 295
3 1454
0 1454
1 1454
2 1454
625 626
202 203
404 405
10 794
9 794
843 844
56 657
1106 1110
4 150
9 1071
1 812
1 812
0 422
80 896
394 395
38 2339
1 135
10 324
5 721
3 79
203 204
9 811
10 368
17 380
17 380
2 384
9 152
4 98
8 68
4 446
11 777
13 777
15 884
19 884
21 1514
862 876
3 348
0 169
0 663
1 663
16 303
11 240
439 441
1472 1474
6 733
8 1077
3 404
3 973
137 138
18 1618
6 567
20 876
164 176
20 2150
21 2150
19 876
9 311
3 1597
0 1597
1 1597
10 1597
20 618
4 98
182 184
38 776
37 776
496 497
5 57
17 392
2 670
0 670
17 392
11 511
6 247
4 876
3 344
14 965
1532 1539
6 509
213 215
174 176
6 215
209 215
1385 1386
276 283
28 764
464 465
788 792
12 10782
1 10782
39 10782
60 10782
2 10782
204 10782
10 10782
120 10782
108 10782
109 10782
28 10782
197 10782
38 10782
23 10782
36 10782
115 10782
171 10782
3 10782
13 10782
18 10782
40 10782
11 10782
173 10782
31 10782
28 10782
4 10782
4 224
18 767
10 144
34 540
1 2510
2 2510
36 269
5 269
2 1269
1 1269
5 919
8 782
4 448
0 931
1 931
3 247
5 89
23 2038
0 2038
1 2038
3 446
28 737
0 1898
1 1898
28 584
1348 1360
6 2257
7 2257
1685 1695
60 2339
1067 1072
4 746
8 746
0 2150
1 2150
38 3410
0 3410
2 3410
7 746
0 2150
1 2150
761 764
8 746
7 456
60 590
14 2449
15 2449
186 191
11 777
4 266
35 1027
6 976
39 976
23 3000
51 3000
24 3000
91 3000
29 3000
43 3000
6 202
3 456
752 777
5 381
10 295
185 186
440 441
1 94
8 68
9 287
239 240
19 142
239 240
7 655
10 1197
3 2831
2 2831
4 2831
5 2831
7 1331
20 4210
18 4210
91 4210
17 4210
25 4210
58 4210
150 4210
60 4210
24 4210
27 4210
98 4210
4 20
4 209
0 677
1 677
0 1547
1 1547
7 888
6 888
342 344
401 413
2 1012
1 1012
3 1012
9 269
12 467
499 504
10 1110
9 585
3 2128
2 2128
0 2128
13 960
229 1483
1531 1536
1534 1536
1107 1110
1 1069
4 1069
2 1069
1013 1014
768 811
10 1110
19 423
1 93
10 183
5 384
8 724
8 2375
0 2375
1 2375
177 178
769 788
2 788
761 788
8 788
777 788
0 788
1 788
774 788
6 788
0 203
219 226
5 4949
13 4949
4 4949
32 4949
54 4949
33 4949
39 4949
119 120
58 2150
4 2150
7 2150
651 653
688 689
13 2955
4 2955
10 2955
0 2955
25 2955
1 2955
9 2955
14 1695
434 439
434 439
224 225
7 2163
6 2163
185 13875
0 13875
83 13875
20 13875
22 13875
55 13875
51 13875
2 13875
165 13875
52 13875
1947 13875
162 13875
24 13875
15 13875
38 2339
219 222
148 150
8 1164
7 1164
11 1164
3 2347
0 2347
1 2347
2 2347
631 633
9 384
5 3126
14 3126
11 3126
3 3126
10 3126
2 3126
1 3126
2 1078
1 1078
4 1078
3 267
20 1926
521 526
810 812
846 858
15 5657
17 5657
40 5657
19 5657
13 5657
12 5657
37 5657
5654 5657
47 1042
422 423
5 218
18 172
40 1307
109 1021
16 384
399 400
239 240
6 247
168 176
6 247
8 124
20 618
6 247
0 1708
3 1708
1 1708
2 1708
1 762
0 762
2 152
365 371
5 264
3 442
5 442
9 389
74 5642
11 5642
12 5642
140 5642
56 5642
66 5642
42 5642
411 416
11 223
5 86
28 543
16 1403
16 1403
672 679
24 2517
1 87
675 689
10 336
4 89
6 153
22 1403
20 1963
19 1963
1 2002
0 2002
2001 2002
146 147
146 147
17 163
263 264
7 1539
6 264
16 590
0 181
232 241
4 465
52 764
74 764
759 764
9 295
1 1652
0 1652
1966 1967
5 86
4 1110
2 1183
1 1183
0 1183
5 876
9 389
2 1124
3 1124
11 1014
0 961
9 961
1 961
8 526
2 359
37 1130
7 257
1384 1386
19 842
1038 1042
3 257
18 2403
49 2403
17 2403
104 106
374 375
20 617
36 270
269 270
339 340
9 327
17 380
14 518
2 587
1 587
8 384
413 424
23 264
20 699
3 1317
2 1317
0 1317
6 120
8 594
3 538
0 603
21 1130
3 344
238 240
10 1241
121 122
28 855
0 1898
1 1898
0 1898
1 1898
16 384
1 17
911 914
8 777
21 163
26 4713
32 4713
6 4713
379 4713
4 4713
34 4713
0 44
1 2150
3 2150
3 2150
4 2150
9 402
20 266
0 781
1 781
2 781
5 781
662 664
685 689
13 874
13 796
795 796
77 1464
52 1464
49 1464
546 548
380 382
19 233
2 663
37 257
484 506
8 1012
4 257
6 626
2 371
33 782
45 3816
7 3816
1 3816
0 3816
8 3816
3 3816
10 3816
339 340
1 1347
0 1347
1 149
542 554
4 364
5 364
290 295
52 435
22 695
0 1247
1 1247
7 423
25 914
5 265
0 631
3 631
6 186
501 518
161 171
506 511
40 431
1 2308
0 2308
9 2303
7 2303
3 145
2 145
7 145
12 467
517 518
404 405
312 318
10 423
10 324
388 389
38 8726
16 8726
67 8726
109 8726
150 8726
14 8726
306 8726
64 8726
45 8726
44 8726
37 8726
82 8726
69 8726
419 422
19 108
20 456
0 1036
1 1036
387 391
3 344
671 679
3 154
31 397
14 3066
13 3066
32 3066
0 1214
1 1214
48 1595
78 1595
763 764
2 457
3 368
2 376
4 209
208 209
1 1191
0 1191
21 592
377 378
136 141
10 389
12 446
261 264
8 526
9 1110
1337 12734
35 12734
34 12734
246 12734
25 12734
96 12734
1158 12734
79 12734
19 12734
237 12734
76 12734
76 12734
27 12734
26 12734
84 12734
314 12734
153 12734
74 12734
202 203
4 89
4 653
18 295
1 841
6 441
8 384
875 876
41 1264
1238 1264
1227 1264
6 404
14 1483
13 1110
16 590
17 590
3 264
0 107
12 1386
147 148
4 89
816 842
460 461
0 669
1 669
13 737
18 699
7 423
13 737
0 107
106 107
35 148
1 473
32 2629
42 2629
8 2629
9 2629
9 384
2 1589
1 1589
0 1589
4 113
0 2696
1 2696
8 2696
769 774
34 664
968 987
5 987
6 987
12 4344
1 4344
6 4344
44 4344
8 4344
5 4344
0 4344
8 222
611 626
15 1376
2 1376
14 1376
3 1376
21 558
5 680
4 680
4 234
4 177
19 177
382 384
13 441
36 441
3 376
0 1511
1 1511
6 522
7 522
0 169
13 737
34 664
477 479
21 2238
32 2238
29 2238
20 2238
1057 1074
11 737
37 762
2476 2517
19 788
29 2300
28 2300
760 762
20 618
2 183
31 270
11 558
251 252
34 295
21 1913
22 1913
29 656
5 656
6 656
239 240
2 423
56 764
372 373
4 446
3 357
7 423
0 632
16 590
11 562
8 456
0 9
293 587
560 562
11 1014
56 774
10 404
556 567
7 1407
8 594
0 690
1 690
7 250
126 127
294 295
1 2725
4 2725
2 2725
0 2725
3 2725
1 442
0 442
37 518
2 508
1 269
3 269
0 38
1 6094
4 6094
0 6094
3 6094
5 6094
1363 1370
12 2737
11 2737
19 1409
515 526
27 465
332 339
0 960
1 960
380 382
3 295
5 404
6 431
5 1536
8 615
7 844
0 308
9 504
8 560
0 730
1 730
3 764
2 1701
11 240
8 283
595 596
17 392
6 2339
5 2339
3 303
1 461
542 563
11 438
1 122
1 980
0 980
838 845
27 665
8 378
342 352
8 889
7 889
3 189
1 431
749 751
0 526
3 1955
7 1955
9 1955
8 1955
5 1955
2 1955
14 9453
26 9453
13 9453
6 9453
9 9453
37 9453
0 9453
15 9453
1 9453
4 9453
11 9453
5 9453
2 9453
3 9453
8 9453
0 3604
2 3604
3 3604
1801 3604
1 3604
10 2982
3 2982
12 2982
9 2982
8 2982
9 1152
495 499
0 181
1 181
12 249
14 613
393 395
565 575
4 122
2 1114
3 1114
15 283
141 283
1 241
3 55
647 655
0 1887
1 1887
2 1887
35 7512
16 7512
30 7512
113 7512
130 7512
17 7512
42 7512
360 7512
276 7512
305 7512
101 7512
47 7512
81 7512
309 7512
7505 7512
316 328
8 623
5 106
3 82
8 305
195 196
147 151
18 439
17 328
52 2031
5 4370
8 4370
7 4370
3 4370
0 4370
4 4370
6 4370
2 4370
5 340
1 360
3 269
1 413
877 887
0 187
1 187
4 534
6 1539
40 726
16 257
199 202
0 764
1 764
9 473
2 729
1 729
0 729
15 174
3 593
4 326
6 282
4 59
8 2849
24 2849
28 2849
9 2849
8 225
12 435
31 435
3 522
4 146
27 479
6 399
3 587
7 562
775 788
2 788
779 788
782 788
781 788
0 788
1 788
783 788
776 788
2 473
1 473
1 1528
0 1528
149 1904
75 1904
9 733
211 219
56 2417
57 2417
23 594
23 594
18 594
1 620
0 620
3 476
4 476
6 405
10 1695
1 91
3 91
3 1223
2 1223
15 1223
477 479
323 328
1 1879
0 1879
51 4834
38 4834
1 4834
4 4834
36 4834
37 4834
1 145
729 739
9 336
8 361
7 177
403 413
737 759
190 191
189 191
18 240
8 233
4 177
0 176
5 318
0 807
1 807
9 761
2 446
0 931
1 931
27 1074
26 812
13 287
12 764
61 1043
7 857
3 922
0 558
1 558
19 279
20 173
128 130
2 617
3 617
1 1707
0 1707
3 4275
2 4275
0 4275
4 4275
5 4275
0 1149
1 1149
2 1149
0 2971
1 2971
9 336
3 318
1025 1026
0 92
1 92
3 311
151 161
773 774
13 127
378 379
17 400
427 428
4 381
561 562
6 497
392 393
2 279
322 323
12 395
13 223
8 362
12 509
11 2434
18 716
7 388
228 233
4 484
483 484
483 484
21 1075
33 1075
1052 1075
1071 1075
5 118
1 114
53 844
786 844
0 306
1 1742
0 1742
2 1742
31 441
652 655
64 764
45 509
3729 3737
0 3737
2 3737
1 3737
10 562
1090 2181
3 338
3 40
1 379
404 405
5 474
2 98
1140 1143
6 368
20 699
0 343
14 126
7 1644
8 1644
0 767
1 767
54 767
5 20
289 310
3 354
4 61
11 297
49 727
20 395
73 1618
34 233
4 381
23 473
16 217
3 152
37 768
4 171
3 567
1 301
2 461
56 788
2 788
58 788
53 788
777 788
0 788
1 788
774 788
35 788
393 405
652 653
4 139
3 324
75 973
45 1386
632 633
45 664
1603 1618
19 395
4 295
7 344
229 230
1109 2219
1 385
21 527
22 1926
21 1926
47 548
0 919
696 699
467 472
320 327
2 821
3 821
5 821
4 526
4 567
3 1012
1 1012
2 1012
9 562
46 739
1 266
223 227
0 241
27 635
5 391
4 177
4 407
430 435
41 535
24 527
2 371
2 371
3 240
55 57
292 297
7 262
32 361
1299 1312
83 84
283 287
15 509
584 585
583 592
18 812
58 2339
281 290
2 948
3 948
2 448
29 973
6 360
9 389
1630 1646
3 2101
0 2101
1 2101
2 2101
9 876
8 472
4 265
17 777
8 502
8 137
200 209
10 144
3 183
1 370
18 135
2 120
74 962
33 721
113 114
5 3218
15 1747
0 231
4 1110
0 153
5 290
8 397
9 325
41 319
376 382
8 5267
18 5267
12 5267
6 5267
13 5267
16 5267
9 5267
10 5267
3 5267
4 5267
5 5267
0 5267
7 5267
14 5267
1 1034
0 1034
1 2191
0 2191
11 247
9 247
41 1416
133 1027
2 319
4 1042
2 384
4 163
8 127
4 484
1 900
5 544
21 265
10 368
38 930
1 2416
0 2416
4 2416
37 919
406 407
5 382
3 247
4 233
1 1183
0 1183
2 1183
4 1185
6 382
5 340
0 3763
1 3763
176 177
471 477
140 141
23 242
0 295
1 295
13 395
14 615
4 308
4 1695
22 511
1 227
6 257
38 2339
7 395
2 359
8 761
253 257
2 176
9 336
191 195
362 365
239 240
226 230
6 196
10 338
19 1116
18 1116
9 1124
2 300
22 1623
887 906
0 57
2 188
6 1057
0 233
24 721
313 318
9 735
19 699
2 446
8 310
1 165
460 465
26 1130
38 679
2 392
6 348
0 1898
1 1898
6 472
4 950
7 950
3 950
189 191
9 1695
322 324
4 282
8 861
24 1695
20 360
41 960
371 388
3 1701
3 453
0 453
246 247
1 461
294 295
27 1042
527 549
13 319
15 1110
9 2517
0 866
1 866
135 141
4 387
2 48
1 1791
0 1791
8 511
3 275
5 286
0 423
2 191
18 950
498 509
2 861
4 364
5 364
40 378
3623 3651
4 364
5 364
17 298
676 679
23 654
176 177
43 605
8 392
7 392
27 569
0 43
410 414
268 272
6 327
2 2050
1 2050
3 2050
5 617
14 927
1 1268
0 1268
2 1268
21 1413
2 157
5 317
782 790
767 790
11 812
1074 1077
578 584
31 562
1349 1360
5 1695
16 405
4 587
126 127
1 1592
0 1592
0 1719
2 1719
1 1719
2 548
1 548
194 195
333 352
1 1043
3 2703
2 2703
1 2703
0 2703
1125 1165
13 395
9 1323
6 1323
5 1323
25 1323
12 1323
2 118
163 165
12 663
9 451
21 1536
3 1526
0 1526
1 1526
3 116
9 327
3 587
3 139
6 325
82 1288
2 116
12 240
2 217
355 712
11 1386
2338 2339
17 2517
4 381
9 284
174 183
6 295
14 2517
2115 2339
15 465
2 247
11 2517
4 55
5 281
1 247
1357 1360
14 461
73 3761
20 590
6 594
51 378
1538 1539
9 108
154 4338
160 1552
3 152
12 646
11 306
27 657
26 657
21 1042
25 421
1036 1042
6 222
1032 1034
263 270
6 1104
2 486
501 502
55 57
15 816
7 2365
14 1074
0 187
3 2236
2 2236
1 2236
0 2236
404 405
75 1110
7 497
221 222
119 120
4 151
5 1392
4 230
4 86
77 78
2321 2339
8 9
25 1021
317 318
3 308
33 279
758 762
86 88
6 721
12 1027
492 500
1 89
4 86
155 159
7 733
721 725
10 276
4 497
45 1130
452 456
2 654
773 777
52 53
0 340
79 475
2 142
59 694
40 41
7 90
587 588
14 588
43 588
11 214
65 67
10 588
6 327
0 342
8 588
191 193
3 161
6 90
9 588
40 41
11 322
13 718
2 142
14 567
19 588
3 113
6 120
24 588
14 567
33 588
587 588
17 483
587 588
201 218
587 588
11 282
11 282
19 588
12 218
40 327
0 24
4 274
3 274
9 214
2 142
5 90
11 90
2 228
10 567
3 229
14 567
341 343
3 228
6 327
3 43
14 386
33 694
8 228
15 475
24 588
20 475
30 946
15 475
4 567
3 457
7 327
17 483
12 343
3 116
25 475
7 228
5 342
22 327
552 560
16 229
98 99
9 588
7 43
7 43
1 168
12 141
7 483
0 16
28 588
1 386
10 334
5 588
6 588
7 588
4 588
7 90
32 588
7 271
14 588
17 386
4 67
33 560
13 342
453 454
587 588
22 588
5 211
22 694
36 694
8 228
15 327
14 588
19 752
4 53
227 229
28 588
2 41
9 374
324 334
23 588
29 475
4 110
225 229
1 58
27 588
2 142
14 153
14 334
4 116
117 118
14 588
13 386
6 327
138 142
15 228
10 156
12 588
10 588
8 327
13 343
10 153
20 475
12 588
8 99
11 588
9 588
23 574
19 694
4 90
20 694
1 56
19 560
8 342
10 322
15 752
14 588
33 327
5 193
10 454
4 342
66 67
20 327
24 588
5 229
4 342
3 67
116 2673
5 211
17 483
326 327
10 228
4 33
7 962
6 1539
13 125
0 120
77 80
3 816
8 554
3 176
18 406
0 66
25 473
6 977
5 844
1 290
473 502
87 88
2 275
143 147
5 515
3 1205
16 1403
10 1695
5 605
6 605
0 1347
1 1347
70 1516
4 295
7 473
6 59
53 1021
11 788
227 228
19 1110
3 88
4 768
7 476
336 337
334 340
1665 1695
126 127
1 308
7 378
7 241
3 452
4 284
1 1900
0 1900
1 3101
0 3101
1 6
208 218
26 664
1 158
0 423
7 951
8 951
4 623
2 399
24 1577
254 278
2 214
6 2150
4 2150
1 145
0 404
1 1074
12 336
5 362
4 594
2 216
435 439
14 527
1382 1386
6 639
38 762
6 625
7 625
0 725
12 395
2 1036
27 1042
22 393
1529 1539
3 368
1523 1539
9 117
8 632
38 1042
1 518
6 567
12 452
9 1071
343 347
3 303
0 120
269 270
20 2237
45 2237
1 2237
0 2237
21 2237
1 233
194 1552
0 409
0 1230
1 1230
851 853
1 400
0 126
444 446
28 857
3 973
0 274
1 274
0 3390
35 3390
1 3390
8 3390
2 584
79 890
624 626
16 216
2 1346
6 247
12 287
10 79
2 196
189 191
160 7353
18 7353
52 7353
437 7353
67 7353
80 7353
205 7353
38 7353
14 7353
644 7353
37 7353
183 7353
47 7353
212 7353
12 7353
49 7353
17 141
3 2466
2 2466
0 2466
1 2466
1410 1456
12 10604
4 10604
26 10604
69 10604
0 10604
27 10604
3 10604
19 10604
22 10604
24 10604
18 10604
96 10604
9 10604
16 10604
110 10604
11 10604
1 1655
3 1655
1 407
1 1162
3 1162
0 1162
2 1162
478 479
6 623
1 87
52 564
7 391
3 295
2 590
1 508
47 1695
1 47
777 788
2 788
783 788
775 788
776 788
0 788
1 788
774 788
779 788
228 230
5 739
433 436
16 1695
1 247
622 626
566 567
114 115
1 48
10 344
11 684
79 764
4 582
105 1072
1 1862
0 1862
9 369
20 876
5 625
226 233
0 937
1 937
4 937
4 230
2 421
270 272
5 218
807 812
32 826
7 919
4 887
3 1072
31 2339
4 958
3 958
28 1623
140 141
790 792
29 811
0 2330
1 2330
6 247
23 974
9 120
0 182
3 423
4 1967
2 30
9 384
2 549
1151 1153
1 497
9 188
42 498
1 157
0 157
2337 2339
9 950
56 57
0 135
12 473
1 962
4 448
1 163
11 414
2 1161
0 1161
1 1161
1 117
4 96
16 1403
3 1346
1 139
1077 1110
472 473
48 318
4 318
3 700
2 162
5 1967
1505 1539
11 1539
105 106
0 5662
1 5662
4 5662
3 5662
2 5662
1503 1536
30 1536
44 625
11 2565
7 2565
10 2565
6 2565
8 2565
9 2565
1746 1747
383 384
3 183
0 1249
2 1249
1 87
23 812
745 746
3 2128
1 2128
0 2128
472 473
1 67
123 124
170 178
8 764
1 379
16 2396
12 2396
13 2396
11 890
21 890
10 890
7 38
1 2407
2 2407
3 2407
7 2407
726 735
1 581
0 581
0 385
1 385
10 615
1 139
24 641
4 448
2 1064
3 1064
10 2225
7 89
1 941
1 89
6 1419
437 452
3 80
543 554
1 89
16 1294
15 1294
4 381
31 1948
14 1948
9 1948
24 1948
3 962
7 448
1 352
136 137
4 594
1 1708
0 1708
286 287
0 25
812 816
624 626
1 90
17 2339
2 1536
229 233
56 69
8 319
11 796
445 446
5 527
4 142
1 369
2 153
589 590
7 385
404 413
2 446
1 2395
2 2395
389 404
295 592
19 2163
16 2163
17 2163
3 55
13 191
1 2423
0 2423
4 2423
336 344
4 196
451 452
44 1403
0 1205
1 1205
13 1014
5 294
4 448
85 86
12 395
843 844
17 844
3 303
1358 1360
1 812
106 107
1 562
13 479
9 467
41 1733
26 1733
25 1733
79 80
658 739
12 446
240 247
9 389
2 733
7 215
4 295
25 431
3 175
129 130
186 187
2 135
4 284
364 371
326 330
2 1724
0 1724
1 1724
4 549
7 919
1101 1139
0 896
1 896
1 437
0 103
259 264
6 261
3 264
7 648
43 1577
0 1501
2 1501
1 1501
13 617
35 1618
2 285
8 504
114 115
1 48
246 247
21 737
0 223
7 509
303 311
563 594
473 477
2 345
2 733
9 789
8 789
15 605
71 1747
346 347
2 1511
1 1511
5 362
146 147
42 307
10 139
9 139
6 382
25 1766
18 788
2 788
6 788
5 788
11 788
0 788
1 788
14 788
4 788
1 694
0 694
6 307
170 174
6 371
1054 1077
536 537
3 178
101 103
6 290
2 3159
1 3159
0 3159
1286 1331
24 50
3 716
1 508
13 1909
24 1909
12 1909
1615 1618
1589 1618
9 384
9 384
0 102
2 94
9 585
436 474
28 535
1 261
294 295
0 169
7 148
10 183
869 876
2 733
14 1787
3 1787
4 1787
26 617
0 1553
1 1553
9 504
1 343
0 632
7 127
503 504
8 1083
60 65
1132 1144
175 178
7 172
10 240
427 431
918 919
496 498
5 1618
27 1475
21 368
3 26
7 1965
6 1965
1 1965
3 1965
0 1965
2 1965
123 125
3 175
4 55
373 379
0 229
0 229
3 230
11 1042
342 344
322 323
25 746
22 876
475 479
404 406
5 504
5 171
24 575
744 764
9 1913
4 1913
6 1057
8 269
1 173
2 344
5 772
23 242
14 1695
1686 1695
23 382
28 764
3 175
92 94
9 811
6 394
5 1287
0 176
12 139
0 310
1 360
227 230
9 811
7 381
0 1129
9 1129
1 1129
5 638
1070 1071
37 1410
5 1410
4 1410
9 811
6 497
1 37
2 285
288 305
3 256
1 360
232 233
602 623
2 1061
257 260
5 452
32 563
589 592
5 144
326 327
1 617
336 337
361 362
5896 5976
68 5976
36 5976
92 5976
103 5976
26 5976
113 5976
56 5976
9 5976
1073 1075
361 379
49 661
2 162
12 2517
28 431
6 100
4 1386
13 850
6 511
404 405
1 1102
0 1102
1 370
188 196
1 361
833 841
697 698
0 124
0 290
8 218
437 439
216 229
5 349
4 89
1 360
330 333
328 333
8 526
121 122
2 412
4 196
13 874
0 247
22 896
0 338
1 338
4 142
1778 1779
101 1779
1746 1779
1722 1779
95 1238
17 876
6 1853
1 1853
0 1853
582 592
559 564
1 173
1494 1539
1 158
809 812
574 584
2 328
9 262
11 816
96 99
2 796
17 404
144 146
344 345
5 464
227 228
267 274
459 919
12 502
1101 1110
3 122
5 446
20 518
0 141
12 585
558 561
2804 2808
1356 1357
114 1416
0 204
7 100
50 563
0 564
5 473
43 1110
10 339
163 327
4 308
284 295
1 587
11 777
22 558
148 149
205 209
5 279
945 962
0 3095
1 3095
7 3095
2 1617
3 1617
0 1617
1 1617
317 318
326 327
0 1767
2 1767
3 1767
8 1767
239 240
9 1071
13 522
4 1618
1 465
0 465
458 465
