9 384
17 375
17 392
1 576
0 576
38 776
37 776
11 511
12 2287
13 2287
4 745
3 745
14 914
7 338
4 448
0 691
1 691
2 183
102 914
18 1155
33 1155
91 1155
10 1155
11 1155
1366 1370
20 1623
11 7389
13 7389
76 7389
0 7389
7 7389
1 7389
12 7389
72 7389
186 7389
71 7389
174 7389
75 2339
8 615
26 1288
173 176
11 1265
10 1265
16 1265
148 150
3 79
5 1983
6 1983
3 1983
4 1983
5 269
390 397
0 1208
4 1208
1 1208
25 1474
239 240
4 448
21 558
1 1113
0 1113
1 79
304 305
399 400
9 388
16 590
25 1483
2 152
2 152
787 796
52 1536
8 805
12 276
327 328
5 1267
8 1267
2 1267
11 1267
3 1267
13 522
4 198
1 1013
0 1013
3 152
15 1303
1 1008
0 1008
5 327
7 562
14 737
13 737
3 264
5 175
0 44
0 89
10 1913
7 1913
1528 1539
972 973
852 855
6 301
2 7645
293 7645
67 7645
28 7645
1 7645
74 7645
50 7645
44 7645
43 7645
128 7645
162 7645
20 7645
3 7645
26 7645
8 7645
19 7645
129 7645
0 7645
54 7645
33 7645
740 9306
0 9306
24 9306
34 9306
40 9306
318 9306
80 9306
57 9306
4 9306
816 9306
464 9306
56 9306
26 9306
387 9306
65 9306
228 9306
166 9306
179 9306
9 3760
121 3760
24 3760
32 3760
16 3760
3 3760
13 3760
26 3760
685 689
2 295
3 1454
0 1454
1 1454
2 1454
625 626
6 203
404 405
10 794
9 794
843 844
328 657
1109 1110
4 150
9 1071
1 812
1 812
0 422
17 896
21 395
38 2339
1 135
7 324
4 721
4 79
203 204
9 811
10 368
17 380
17 380
4 384
9 152
4 98
9 68
3 446
11 777
11 777
14 884
18 884
16 1514
14 876
4 348
0 169
0 663
1 663
16 303
11 240
440 441
1472 1474
6 733
8 1077
3 404
3 973
137 138
18 1618
2 567
17 876
169 176
20 2150
21 2150
17 876
7 311
3 1597
0 1597
1 1597
10 1597
20 618
4 98
183 184
38 776
37 776
496 497
6 57
17 392
1 670
0 670
17 392
11 511
6 247
4 876
3 344
15 965
12 1539
3 509
214 215
171 176
5 215
18 215
1385 1386
282 283
20 764
464 465
788 792
13 10782
4 10782
42 10782
61 10782
0 10782
204 10782
18 10782
120 10782
108 10782
109 10782
31 10782
194 10782
34 10782
15 10782
39 10782
114 10782
171 10782
6 10782
9 10782
20 10782
46 10782
10 10782
173 10782
28 10782
31 10782
2 10782
4 224
17 767
10 144
39 540
2 2510
1 2510
34 269
5 269
2 1269
1 1269
5 919
7 782
4 448
0 931
1 931
3 247
4 89
23 2038
0 2038
1 2038
3 446
28 737
0 1898
1 1898
22 584
1358 1360
7 2257
6 2257
1691 1695
56 2339
1069 1072
4 746
4 746
0 2150
1 2150
38 3410
0 3410
2 3410
7 746
0 2150
1 2150
35 764
7 746
5 456
19 590
14 2449
15 2449
184 191
11 777
5 266
34 1027
5 976
29 976
24 3000
51 3000
23 3000
114 3000
29 3000
43 3000
9 202
3 456
755 777
11 381
4 295
185 186
439 441
1 94
33 68
8 287
11 240
70 142
239 240
10 655
9 1197
3 2831
2 2831
5 2831
4 2831
7 1331
14 4210
17 4210
90 4210
6 4210
25 4210
55 4210
149 4210
60 4210
11 4210
26 4210
98 4210
4 20
4 209
0 677
1 677
1 1547
0 1547
7 888
6 888
343 344
14 413
2 1012
1 1012
3 1012
13 269
12 467
502 504
25 1110
9 585
0 2128
2 2128
1 2128
13 960
19 1483
1533 1536
1535 1536
1108 1110
1 1069
4 1069
2 1069
1012 1014
791 811
10 1110
13 423
1 93
6 183
4 384
7 724
8 2375
2 2375
1 2375
177 178
9 788
2 788
6 788
5 788
18 788
0 788
1 788
8 788
4 788
0 203
8 226
4 4949
13 4949
5 4949
32 4949
54 4949
33 4949
39 4949
4 120
58 2150
4 2150
6 2150
23 653
688 689
13 2955
4 2955
10 2955
0 2955
25 2955
1 2955
9 2955
15 1695
429 439
431 439
13 225
7 2163
6 2163
185 13875
0 13875
83 13875
22 13875
23 13875
55 13875
51 13875
2 13875
165 13875
52 13875
1746 13875
162 13875
20 13875
14 13875
38 2339
4 222
149 150
8 1164
7 1164
11 1164
3 2347
1 2347
0 2347
2 2347
625 633
9 384
4 3126
14 3126
11 3126
1 3126
10 3126
3 3126
2 3126
2 1078
1 1078
4 1078
3 267
20 1926
25 526
811 812
30 858
16 5657
17 5657
40 5657
19 5657
12 5657
13 5657
37 5657
5618 5657
41 1042
13 423
5 218
20 172
25 1307
121 1021
16 384
399 400
17 240
8 247
1 176
6 247
8 124
20 618
6 247
0 1708
3 1708
1 1708
2 1708
1 762
0 762
2 152
366 371
5 264
1 442
4 442
9 389
76 5642
11 5642
12 5642
140 5642
56 5642
66 5642
42 5642
5 416
5 223
5 86
23 543
16 1403
16 1403
666 679
24 2517
1 87
39 689
9 336
4 89
3 153
23 1403
20 1963
19 1963
0 2002
1 2002
2001 2002
146 147
146 147
157 163
263 264
7 1539
6 264
16 590
0 181
236 241
3 465
55 764
58 764
763 764
8 295
1 1652
0 1652
1966 1967
6 86
4 1110
2 1183
1 1183
0 1183
4 876
9 389
2 1124
3 1124
12 1014
0 961
9 961
1 961
8 526
2 359
32 1130
7 257
1373 1386
21 842
23 1042
3 257
18 2403
49 2403
17 2403
104 106
374 375
10 617
32 270
269 270
339 340
6 327
17 380
11 518
2 587
1 587
8 384
414 424
10 264
18 699
3 1317
1 1317
0 1317
7 120
8 594
3 538
0 603
19 1130
3 344
11 240
8 1241
120 122
28 855
0 1898
1 1898
0 1898
1 1898
16 384
0 17
19 914
7 777
5 163
26 4713
32 4713
4 4713
390 4713
3 4713
34 4713
2 44
1 2150
2 2150
3 2150
4 2150
9 402
261 266
0 781
1 781
2 781
5 781
663 664
684 689
13 874
11 796
22 796
75 1464
50 1464
49 1464
29 548
7 382
17 233
2 663
11 257
3 506
7 1012
6 257
4 626
7 371
39 782
45 3816
4 3816
1 3816
0 3816
8 3816
2 3816
10 3816
339 340
1 1347
0 1347
1 149
21 554
4 364
5 364
291 295
46 435
22 695
1 1247
0 1247
7 423
16 914
5 265
0 631
3 631
5 186
500 518
7 171
29 511
36 431
1 2308
0 2308
8 2303
7 2303
2 145
3 145
7 145
12 467
517 518
404 405
21 318
10 423
10 324
388 389
39 8726
15 8726
67 8726
109 8726
150 8726
16 8726
305 8726
64 8726
44 8726
43 8726
37 8726
82 8726
69 8726
420 422
3 108
7 456
0 1036
1 1036
44 391
3 344
677 679
2 154
198 397
14 3066
13 3066
32 3066
0 1214
1 1214
47 1595
68 1595
763 764
2 457
3 368
2 376
4 209
208 209
1 1191
0 1191
21 592
377 378
131 141
9 389
10 446
256 264
8 526
9 1110
6366 12734
35 12734
34 12734
246 12734
24 12734
96 12734
6366 12734
82 12734
20 12734
237 12734
76 12734
76 12734
27 12734
26 12734
85 12734
314 12734
153 12734
74 12734
202 203
4 89
6 653
13 295
1 841
6 441
11 384
4 876
44 1264
101 1264
47 1264
6 404
14 1483
13 1110
16 590
16 590
3 264
0 107
14 1386
147 148
4 89
828 842
460 461
0 669
1 669
13 737
18 699
7 423
13 737
0 107
0 107
147 148
4 473
32 2629
42 2629
9 2629
8 2629
9 384
1 1589
2 1589
0 1589
3 113
0 2696
1 2696
8 2696
769 774
34 664
967 987
5 987
6 987
12 4344
1 4344
6 4344
44 4344
8 4344
5 4344
0 4344
5 222
28 626
15 1376
2 1376
14 1376
3 1376
21 558
5 680
4 680
4 234
4 177
7 177
18 384
13 441
34 441
1 376
0 1511
1 1511
7 522
6 522
0 169
13 737
34 664
18 479
21 2238
31 2238
29 2238
20 2238
57 1074
14 737
6 762
24 2517
22 788
29 2300
28 2300
761 762
20 618
2 183
269 270
11 558
2 252
40 295
21 1913
22 1913
29 656
5 656
6 656
239 240
0 423
58 764
372 373
2 446
4 357
7 423
0 632
16 590
9 562
9 456
0 9
293 587
36 562
10 1014
8 774
10 404
566 567
7 1407
7 594
0 690
1 690
21 250
126 127
294 295
2 2725
4 2725
3 2725
0 2725
1 2725
1 442
0 442
16 518
1 508
1 269
3 269
0 38
1 6094
4 6094
0 6094
3 6094
5 6094
1368 1370
12 2737
11 2737
9 1409
19 526
3 465
4 339
1 960
0 960
17 382
3 295
5 404
6 431
4 1536
8 615
7 844
0 308
9 504
8 560
0 730
1 730
3 764
1 1701
11 240
10 283
595 596
17 392
6 2339
5 2339
3 303
1 461
7 563
11 438
1 122
1 980
0 980
835 845
6 665
6 378
351 352
8 889
7 889
3 189
1 431
750 751
1 526
3 1955
7 1955
9 1955
8 1955
6 1955
2 1955
12 9453
26 9453
13 9453
2 9453
9 9453
37 9453
0 9453
15 9453
1 9453
6 9453
11 9453
5 9453
4 9453
3 9453
8 9453
0 3604
2 3604
3 3604
1801 3604
1 3604
8 2982
4 2982
10 2982
7 2982
9 2982
8 1152
497 499
0 181
1 181
13 249
11 613
14 395
568 575
3 122
2 1114
3 1114
141 283
141 283
0 241
27 55
651 655
0 1887
1 1887
2 1887
22 7512
10 7512
19 7512
113 7512
131 7512
15 7512
24 7512
361 7512
277 7512
305 7512
101 7512
20 7512
82 7512
309 7512
7507 7512
319 328
8 623
1 106
6 82
8 305
195 196
150 151
13 439
4 328
20 2031
4 4370
8 4370
6 4370
3 4370
0 4370
7 4370
5 4370
2 4370
338 340
1 360
3 269
1 413
885 887
0 187
1 187
4 534
6 1539
20 726
10 257
200 202
1 764
0 764
9 473
2 729
1 729
0 729
6 174
10 593
4 326
3 282
2 59
8 2849
24 2849
28 2849
9 2849
8 225
10 435
429 435
3 522
11 146
27 479
6 399
3 587
10 562
44 788
2 788
780 788
782 788
784 788
0 788
1 788
784 788
779 788
2 473
1 473
1 1528
0 1528
43 1904
23 1904
7 733
218 219
60 2417
56 2417
24 594
20 594
19 594
1 620
0 620
3 476
4 476
6 405
44 1695
1 91
3 91
3 1223
2 1223
15 1223
476 479
23 328
2 1879
0 1879
51 4834
38 4834
2 4834
5 4834
36 4834
37 4834
3 145
58 739
11 336
6 361
7 177
409 413
18 759
190 191
189 191
6 240
8 233
3 177
0 176
5 318
0 807
1 807
9 761
2 446
0 931
1 931
27 1074
33 812
12 287
15 764
25 1043
7 857
3 922
0 558
1 558
16 279
86 173
129 130
2 617
3 617
1 1707
0 1707
2 4275
1 4275
0 4275
4 4275
6 4275
0 1149
1 1149
2 1149
0 2971
1 2971
9 336
4 318
1025 1026
0 92
1 92
3 311
158 161
772 774
11 127
9 379
24 400
427 428
2 381
559 562
4 497
392 393
0 279
322 323
3 395
6 223
8 362
14 509
11 2434
11 716
20 388
29 233
4 484
480 484
481 484
22 1075
22 1075
1063 1075
1073 1075
7 118
0 114
14 844
34 844
0 306
1 1742
0 1742
2 1742
21 441
653 655
41 764
35 509
1868 3737
0 3737
2 3737
1 3737
16 562
1090 2181
3 338
3 40
1 379
24 405
5 474
2 98
1140 1143
17 368
20 699
0 343
12 126
7 1644
8 1644
0 767
1 767
82 767
9 20
18 310
3 354
3 61
2 297
46 727
12 395
1614 1618
232 233
8 381
23 473
16 217
2 152
733 768
5 171
3 567
2 301
2 461
786 788
2 788
782 788
783 788
787 788
0 788
1 788
785 788
780 788
6 405
652 653
4 139
2 324
8 973
27 1386
632 633
24 664
103 1618
20 395
4 295
6 344
229 230
1109 2219
1 385
17 527
21 1926
22 1926
9 548
0 919
697 699
10 472
6 327
2 821
3 821
5 821
4 526
4 567
2 1012
1 1012
3 1012
9 562
39 739
2 266
223 227
0 241
23 635
8 391
3 177
1 407
21 435
529 535
16 527
2 371
20 371
3 240
8 57
35 297
6 262
1 361
165 1312
83 84
25 287
15 509
584 585
591 592
15 812
59 2339
287 290
2 948
3 948
2 448
23 973
6 360
9 389
45 1646
3 2101
0 2101
1 2101
2 2101
8 876
11 472
4 265
16 777
6 502
2 137
205 209
10 144
3 183
1 370
18 135
2 120
36 962
17 721
113 114
5 3218
14 1747
0 231
4 1110
0 153
5 290
8 397
7 325
21 319
19 382
7 5267
18 5267
12 5267
6 5267
13 5267
16 5267
9 5267
10 5267
2 5267
4 5267
5 5267
0 5267
8 5267
14 5267
1 1034
0 1034
1 2191
0 2191
10 247
6 247
28 1416
70 1027
2 319
4 1042
0 384
4 163
8 127
4 484
1 900
5 544
17 265
10 368
4 930
1 2416
0 2416
4 2416
38 919
406 407
5 382
3 247
4 233
2 1183
1 1183
0 1183
4 1185
6 382
5 340
0 3763
1 3763
176 177
467 477
140 141
23 242
0 295
1 295
13 395
14 615
6 308
4 1695
36 511
0 227
10 257
38 2339
7 395
2 359
9 761
13 257
0 176
9 336
192 195
364 365
239 240
228 230
11 196
12 338
19 1116
18 1116
7 1124
2 300
20 1623
894 906
0 57
2 188
6 1057
0 233
713 721
317 318
9 735
18 699
3 446
8 310
1 165
464 465
5 1130
91 679
2 392
9 348
0 1898
1 1898
6 472
4 950
6 950
3 950
3 191
8 1695
323 324
3 282
4 861
15 1695
13 360
26 960
386 388
3 1701
1 453
0 453
246 247
1 461
294 295
26 1042
24 549
15 319
13 1110
10 2517
0 866
1 866
4 141
2 387
3 48
1 1791
0 1791
8 511
4 275
8 286
0 423
2 191
25 950
23 509
2 861
5 364
4 364
375 378
27 3651
4 364
5 364
1 298
669 679
24 654
176 177
10 605
7 392
6 392
7 569
0 43
413 414
267 272
7 327
2 2050
1 2050
3 2050
2 617
14 927
1 1268
0 1268
2 1268
27 1413
5 157
308 317
785 790
58 790
9 812
78 1077
581 584
26 562
1355 1360
5 1695
15 405
6 587
126 127
1 1592
0 1592
0 1719
2 1719
1 1719
2 548
1 548
194 195
341 352
1 1043
1 2703
2 2703
3 2703
0 2703
14 1165
14 395
9 1323
6 1323
5 1323
25 1323
12 1323
2 118
163 165
11 663
8 451
21 1536
3 1526
0 1526
1 1526
1 116
8 327
3 587
4 139
5 325
4 1288
2 116
11 240
2 217
355 712
14 1386
2332 2339
11 2517
3 381
22 284
178 183
3 295
14 2517
17 2339
10 465
2 247
11 2517
4 55
5 281
0 247
1359 1360
10 461
68 3761
18 590
6 594
25 378
1538 1539
9 108
138 4338
171 1552
2 152
8 646
11 306
26 657
27 657
23 1042
210 421
15 1042
6 222
1033 1034
268 270
6 1104
2 486
501 502
2 57
23 816
15 2365
11 1074
0 187
3 2236
2 2236
1 2236
0 2236
403 405
9 1110
6 497
221 222
2 120
4 151
4 1392
4 230
4 86
77 78
2324 2339
0 9
23 1021
317 318
2 308
21 279
749 762
6 88
5 721
4 1027
26 500
1 89
3 86
157 159
7 733
9 725
10 276
4 497
32 1130
452 456
2 654
776 777
52 53
0 340
69 475
3 142
6 694
40 41
7 90
586 588
14 588
24 588
6 214
3 67
8 588
6 327
0 342
8 588
6 193
3 161
6 90
8 588
40 41
10 322
13 718
2 142
15 567
36 588
3 113
6 120
24 588
7 567
29 588
587 588
17 483
587 588
7 218
586 588
11 282
11 282
28 588
10 218
10 327
0 24
4 274
3 274
9 214
2 142
5 90
44 90
2 228
6 567
3 229
17 567
13 343
4 228
6 327
3 43
14 386
33 694
13 228
15 475
24 588
24 475
24 946
15 475
1 567
3 457
7 327
17 483
12 343
6 116
25 475
7 228
5 342
23 327
559 560
11 229
98 99
10 588
7 43
7 43
1 168
11 141
5 483
0 16
28 588
2 386
10 334
5 588
6 588
6 588
3 588
7 90
28 588
7 271
14 588
17 386
4 67
40 560
14 342
453 454
586 588
11 588
6 211
35 694
38 694
5 228
10 327
14 588
19 752
4 53
228 229
28 588
4 41
9 374
19 334
28 588
29 475
5 110
1 229
1 58
27 588
2 142
9 153
14 334
5 116
3 118
14 588
13 386
6 327
2 142
21 228
9 156
12 588
10 588
8 327
12 343
8 153
19 475
12 588
8 99
11 588
7 588
38 574
5 694
4 90
21 694
1 56
23 560
13 342
10 322
15 752
14 588
27 327
5 193
11 454
4 342
65 67
20 327
24 588
5 229
4 342
3 67
95 2673
5 211
17 483
326 327
9 228
4 33
6 962
6 1539
13 125
0 120
8 80
3 816
8 554
1 176
18 406
0 66
2 473
6 977
5 844
1 290
18 502
87 88
3 275
5 147
4 515
3 1205
16 1403
10 1695
5 605
6 605
1 1347
0 1347
41 1516
4 295
5 473
6 59
13 1021
10 788
113 228
18 1110
3 88
4 768
7 476
336 337
339 340
1646 1695
12 127
1 308
7 378
7 241
1 452
4 284
1 1900
0 1900
1 3101
0 3101
0 6
5 218
29 664
1 158
0 423
7 951
8 951
4 623
2 399
20 1577
8 278
2 214
5 2150
4 2150
1 145
0 404
1 1074
9 336
5 362
4 594
2 216
435 439
5 527
1385 1386
6 639
23 762
6 625
7 625
0 725
12 395
2 1036
27 1042
7 393
1535 1539
3 368
22 1539
12 117
8 632
38 1042
1 518
3 567
3 452
9 1071
345 347
3 303
0 120
269 270
20 2237
45 2237
1 2237
0 2237
21 2237
1 233
187 1552
0 409
0 1230
1 1230
848 853
1 400
0 126
10 446
15 857
3 973
1 274
0 274
0 3390
35 3390
1 3390
10 3390
2 584
887 890
11 626
16 216
2 1346
6 247
12 287
5 79
2 196
22 191
159 7353
9 7353
54 7353
437 7353
67 7353
80 7353
205 7353
35 7353
13 7353
806 7353
38 7353
183 7353
45 7353
212 7353
15 7353
50 7353
11 141
3 2466
2 2466
0 2466
1 2466
1413 1456
12 10604
3 10604
16 10604
69 10604
1 10604
24 10604
0 10604
20 10604
23 10604
27 10604
28 10604
97 10604
10 10604
17 10604
110 10604
11 10604
1 1655
0 1655
1 407
1 1162
3 1162
0 1162
2 1162
478 479
7 623
1 87
22 564
5 391
3 295
2 590
1 508
50 1695
0 47
785 788
2 788
787 788
784 788
783 788
0 788
1 788
781 788
786 788
229 230
5 739
6 436
19 1695
1 247
623 626
566 567
114 115
2 48
10 344
9 684
93 764
3 582
1055 1072
1 1862
0 1862
9 369
17 876
5 625
5 233
0 937
1 937
5 937
4 230
2 421
270 272
5 218
791 812
56 826
7 919
2 887
3 1072
45 2339
4 958
3 958
19 1623
6 141
40 792
17 811
0 2330
1 2330
6 247
20 974
7 120
0 182
2 423
4 1967
2 30
9 384
2 549
1152 1153
0 497
186 188
10 498
1 157
0 157
2338 2339
9 950
56 57
0 135
12 473
1 962
4 448
1 163
5 414
2 1161
1 1161
0 1161
1 117
1 96
16 1403
3 1346
1 139
1083 1110
472 473
32 318
4 318
3 700
2 162
6 1967
1511 1539
11 1539
0 106
0 5662
1 5662
4 5662
3 5662
2 5662
1520 1536
51 1536
17 625
11 2565
7 2565
10 2565
6 2565
8 2565
9 2565
1746 1747
383 384
3 183
0 1249
2 1249
1 87
23 812
745 746
2 2128
1 2128
0 2128
472 473
1 67
123 124
175 178
8 764
1 379
16 2396
12 2396
13 2396
11 890
21 890
10 890
7 38
1 2407
3 2407
2 2407
7 2407
52 735
1 581
0 581
0 385
1 385
10 615
1 139
5 641
4 448
2 1064
3 1064
10 2225
5 89
1 941
1 89
6 1419
0 452
3 80
546 554
1 89
15 1294
16 1294
8 381
31 1948
9 1948
6 1948
22 1948
3 962
9 448
1 352
136 137
4 594
1 1708
0 1708
286 287
0 25
811 816
624 626
1 90
16 2339
2 1536
9 233
68 69
8 319
11 796
445 446
5 527
4 142
1 369
2 153
588 590
7 385
402 413
1 446
1 2395
2 2395
395 404
295 592
19 2163
16 2163
17 2163
2 55
12 191
1 2423
0 2423
4 2423
12 344
3 196
451 452
1389 1403
0 1205
1 1205
13 1014
5 294
4 448
84 86
12 395
832 844
17 844
3 303
1358 1360
1 812
106 107
1 562
11 479
9 467
41 1733
25 1733
26 1733
79 80
34 739
6 446
123 247
9 389
2 733
4 215
4 295
24 431
3 175
129 130
186 187
2 135
4 284
366 371
19 330
2 1724
0 1724
1 1724
2 549
7 919
27 1139
0 896
1 896
0 437
1 103
19 264
6 261
3 264
7 648
21 1577
0 1501
2 1501
1 1501
585 617
37 1618
2 285
9 504
114 115
2 48
246 247
17 737
0 223
7 509
4 311
5 594
476 477
2 345
2 733
9 789
8 789
15 605
6 1747
5 347
2 1511
1 1511
5 362
146 147
20 307
10 139
9 139
6 382
28 1766
10 788
2 788
6 788
5 788
12 788
0 788
1 788
9 788
4 788
1 694
0 694
7 307
171 174
4 371
14 1077
23 537
3 178
0 103
5 290
2 3159
1 3159
0 3159
84 1331
24 50
2 716
1 508
13 1909
24 1909
12 1909
1617 1618
1610 1618
9 384
9 384
0 102
2 94
9 585
25 474
40 535
1 261
294 295
0 169
7 148
6 183
873 876
2 733
14 1787
3 1787
4 1787
5 617
0 1553
1 1553
9 504
1 343
0 632
7 127
503 504
8 1083
2 65
80 1144
177 178
6 172
5 240
430 431
72 919
497 498
5 1618
29 1475
24 368
3 26
7 1965
6 1965
1 1965
3 1965
0 1965
2 1965
15 125
3 175
4 55
376 379
0 229
0 229
1 230
11 1042
343 344
322 323
4 746
17 876
474 479
398 406
5 504
2 171
25 575
23 764
10 1913
7 1913
6 1057
6 269
1 173
2 344
5 772
23 242
14 1695
81 1695
6 382
20 764
3 175
1 94
9 811
6 394
5 1287
0 176
15 139
0 310
1 360
229 230
9 811
7 381
0 1129
9 1129
1 1129
3 638
1070 1071
37 1410
4 1410
5 1410
9 811
6 497
3 37
2 285
10 305
3 256
1 360
232 233
613 623
3 1061
251 260
5 452
6 563
589 592
7 144
326 327
1 617
12 337
361 362
401 5976
68 5976
36 5976
92 5976
103 5976
22 5976
113 5976
56 5976
5 5976
1074 1075
364 379
23 661
2 162
13 2517
26 431
6 100
4 1386
13 850
5 511
404 405
1 1102
0 1102
1 370
189 196
1 361
14 841
697 698
0 124
0 290
7 218
437 439
217 229
5 349
4 89
1 360
325 333
325 333
8 526
121 122
2 412
3 196
13 874
0 247
15 896
0 338
1 338
2 142
1778 1779
143 1779
127 1779
98 1779
13 1238
17 876
6 1853
1 1853
0 1853
24 592
560 564
1 173
1531 1539
1 158
20 812
6 584
2 328
4 262
11 816
96 99
2 796
6 404
6 146
344 345
6 464
225 228
270 274
459 919
12 502
4 1110
3 122
4 446
55 518
0 141
12 585
559 561
2805 2808
1355 1357
106 1416
1 204
7 100
281 563
0 564
5 473
54 1110
10 339
163 327
4 308
293 295
1 587
11 777
21 558
148 149
206 209
6 279
2 962
0 3095
1 3095
9 3095
2 1617
3 1617
1 1617
0 1617
317 318
325 327
0 1767
2 1767
3 1767
8 1767
239 240
9 1071
13 522
4 1618
1 465
0 465
5 465
