0 384
1 375
0 392
1 576
0 576
1 776
0 776
3 511
37 2287
18 2287
11 745
0 745
16 914
1 338
0 448
1 691
0 691
0 183
2 914
24 1155
23 1155
164 1155
52 1155
30 1155
9 1370
4 1623
0 7389
2 7389
38 7389
89 7389
139 7389
32 7389
53 7389
57 7389
27 7389
11 7389
566 7389
0 2339
1 615
4 1288
1 176
8 1265
63 1265
23 1265
1 150
6 79
2 1983
3 1983
33 1983
27 1983
5 269
7 397
2 1208
1 1208
32 1208
44 1474
2 240
0 448
0 558
3 1113
2 1113
0 79
2 305
0 400
1 388
1 590
1 1483
4 152
4 152
0 796
43 1536
1 805
0 276
0 328
1 1267
3 1267
5 1267
17 1267
0 1267
1 522
4 198
32 1013
21 1013
3 152
0 1303
3 1008
0 1008
4 327
1 562
7 737
5 737
4 264
1 175
0 44
0 89
12 1913
8 1913
4 1539
0 973
0 855
0 301
48 7645
164 7645
0 7645
54 7645
198 7645
6 7645
2 7645
10 7645
11 7645
59 7645
77 7645
18 7645
19 7645
16 7645
68 7645
23 7645
50 7645
70 7645
154 7645
57 7645
312 9306
12 9306
53 9306
5 9306
4 9306
89 9306
0 9306
1 9306
6 9306
169 9306
35 9306
3 9306
49 9306
212 9306
2 9306
43 9306
22 9306
48 9306
6 3760
54 3760
1 3760
0 3760
13 3760
16 3760
8 3760
3 3760
1 689
12 295
3 1454
0 1454
2 1454
12 1454
0 626
0 203
0 405
2 794
0 794
0 844
87 657
0 1110
1 150
1 1071
0 812
0 812
1 422
9 896
0 395
5 2339
0 135
10 324
9 721
0 79
1 204
1 811
0 368
0 380
0 380
5 384
2 152
0 98
1 68
21 446
2 777
9 777
3 884
11 884
0 1514
13 876
17 348
0 169
2 663
0 663
1 303
0 240
0 441
17 1474
0 733
11 1077
0 404
1 973
0 138
36 1618
13 567
7 876
1 176
0 2150
32 2150
7 876
9 311
3 1597
20 1597
6 1597
1 1597
2 618
0 98
0 184
1 776
0 776
0 497
4 57
0 392
0 670
4 670
0 392
3 511
0 247
0 876
1 344
11 965
9 1539
1 509
4 215
4 176
4 215
4 215
3 1386
0 283
1 764
0 465
0 792
51 10782
5 10782
29 10782
46 10782
64 10782
79 10782
11 10782
158 10782
103 10782
146 10782
78 10782
82 10782
6 10782
15 10782
35 10782
50 10782
177 10782
48 10782
38 10782
39 10782
33 10782
16 10782
93 10782
0 10782
78 10782
86 10782
0 224
19 767
4 144
48 540
4 2510
65 2510
58 269
10 269
0 1269
1 1269
9 919
2 782
0 448
1 931
0 931
2 247
0 89
0 2038
17 2038
12 2038
2 446
0 737
0 1898
1 1898
33 584
7 1360
5 2257
24 2257
1 1695
1 2339
3 1072
1 746
2 746
2 2150
5 2150
20 3410
1 3410
5 3410
1 746
2 2150
7 2150
1 764
1 746
0 456
2 590
14 2449
0 2449
16 191
6 777
14 266
6 1027
11 976
101 976
42 3000
4 3000
50 3000
97 3000
51 3000
9 3000
2 202
1 456
15 777
3 381
3 295
0 186
1 441
0 94
13 68
1 287
0 240
39 142
0 240
13 655
0 1197
10 2831
6 2831
4 2831
0 2831
2 1331
0 4210
2 4210
57 4210
5 4210
11 4210
32 4210
38 4210
9 4210
4 4210
6 4210
67 4210
3 20
2 209
0 677
2 677
6 1547
5 1547
1 888
0 888
0 344
24 413
20 1012
3 1012
14 1012
0 269
1 467
3 504
35 1110
0 585
2 2128
7 2128
3 2128
2 960
2 1483
6 1536
3 1536
0 1110
2 1069
4 1069
0 1069
1 1014
60 811
0 1110
0 423
0 93
22 183
1 384
0 724
19 2375
8 2375
4 2375
1 178
31 788
8 788
14 788
23 788
33 788
0 788
5 788
32 788
11 788
3 203
6 226
1 4949
22 4949
4 4949
30 4949
42 4949
207 4949
152 4949
0 120
115 2150
8 2150
20 2150
0 653
3 689
19 2955
16 2955
12 2955
15 2955
14 2955
3 2955
8 2955
4 1695
3 439
3 439
0 225
40 2163
38 2163
414 13875
13 13875
239 13875
207 13875
242 13875
108 13875
133 13875
29 13875
404 13875
137 13875
2154 13875
170 13875
55 13875
4 13875
8 2339
2 222
0 150
4 1164
34 1164
44 1164
3 2347
0 2347
1 2347
2 2347
1 633
0 384
58 3126
72 3126
10 3126
42 3126
57 3126
52 3126
74 3126
4 1078
0 1078
23 1078
0 267
0 1926
19 526
1 812
12 858
31 5657
90 5657
66 5657
40 5657
19 5657
87 5657
150 5657
43 5657
1 1042
0 423
1 218
2 172
60 1307
108 1021
0 384
0 400
1 240
1 247
5 176
0 247
0 124
2 618
0 247
16 1708
61 1708
81 1708
51 1708
1 762
0 762
2 152
5 371
0 264
1 442
0 442
0 389
107 5642
29 5642
193 5642
307 5642
94 5642
52 5642
8 5642
3 416
0 223
0 86
11 543
5 1403
2 1403
1 679
1 2517
0 87
44 689
4 336
0 89
0 153
7 1403
0 1963
7 1963
13 2002
22 2002
2 2002
0 147
0 147
10 163
0 264
3 1539
4 264
1 590
0 181
14 241
6 465
84 764
192 764
14 764
12 295
1 1652
2 1652
0 1967
0 86
0 1110
0 1183
2 1183
1 1183
0 876
0 389
0 1124
4 1124
14 1014
0 961
4 961
14 961
0 526
0 359
17 1130
3 257
2 1386
4 842
14 1042
0 257
9 2403
66 2403
13 2403
0 106
1 375
22 617
0 270
0 270
1 340
16 327
0 380
1 518
0 587
2 587
0 384
0 424
0 264
0 699
5 1317
0 1317
15 1317
1 120
6 594
0 538
0 603
19 1130
1 344
0 240
4 1241
0 122
0 855
0 1898
1 1898
0 1898
1 1898
0 384
1 17
3 914
4 777
7 163
8 4713
19 4713
3 4713
522 4713
0 4713
16 4713
0 44
11 2150
39 2150
22 2150
45 2150
0 402
22 266
6 781
8 781
11 781
3 781
3 664
3 689
3 874
0 796
0 796
69 1464
1 1464
4 1464
0 548
0 382
3 233
2 663
14 257
13 506
41 1012
5 257
3 626
0 371
63 782
25 3816
1 3816
7 3816
10 3816
6 3816
5 3816
99 3816
1 340
0 1347
1 1347
0 149
1 554
5 364
23 364
12 295
49 435
2 695
23 1247
45 1247
7 423
3 914
0 265
5 631
3 631
0 186
0 518
3 171
31 511
3 431
12 2308
1 2308
45 2303
7 2303
5 145
2 145
20 145
1 467
3 518
1 405
3 318
1 423
6 324
1 389
55 8726
9 8726
149 8726
27 8726
304 8726
11 8726
179 8726
54 8726
4 8726
3 8726
66 8726
60 8726
186 8726
4 422
2 108
1 456
0 1036
1 1036
17 391
2 344
1 679
2 154
34 397
14 3066
12 3066
9 3066
16 1214
27 1214
7 1595
97 1595
5 764
0 457
0 368
0 376
2 209
2 209
1 1191
0 1191
0 592
1 378
3 141
0 389
0 446
3 264
0 526
4 1110
1345 12734
45 12734
0 12734
268 12734
73 12734
152 12734
1055 12734
130 12734
18 12734
239 12734
221 12734
175 12734
352 12734
290 12734
161 12734
307 12734
384 12734
227 12734
0 203
0 89
4 653
20 295
1 841
0 441
2 384
0 876
60 1264
67 1264
12 1264
0 404
2 1483
0 1110
1 590
1 590
3 264
0 107
19 1386
0 148
0 89
18 842
0 461
2 669
0 669
7 737
1 699
4 423
5 737
0 107
0 107
1 148
0 473
24 2629
17 2629
25 2629
3 2629
0 384
1 1589
3 1589
0 1589
7 113
0 2696
2 2696
47 2696
0 774
6 664
106 987
3 987
0 987
39 4344
14 4344
61 4344
27 4344
19 4344
25 4344
21 4344
3 222
8 626
7 1376
5 1376
1 1376
6 1376
0 558
0 680
5 680
5 234
4 177
3 177
0 384
1 441
16 441
5 376
2 1511
4 1511
7 522
1 522
0 169
5 737
4 664
3 479
0 2238
1 2238
24 2238
16 2238
19 1074
18 737
2 762
2 2517
24 788
0 2300
4 2300
9 762
1 618
0 183
0 270
3 558
0 252
15 295
57 1913
141 1913
4 656
8 656
2 656
0 240
4 423
128 764
0 373
15 446
5 357
4 423
11 632
1 590
1 562
21 456
0 9
293 587
1 562
33 1014
9 774
0 404
6 567
10 1407
3 594
1 690
0 690
0 250
0 127
0 295
41 2725
63 2725
57 2725
61 2725
30 2725
2 442
0 442
1 518
0 508
0 269
1 269
0 38
30 6094
121 6094
97 6094
145 6094
135 6094
1 1370
2 2737
64 2737
56 1409
20 526
16 465
5 339
2 960
1 960
27 382
2 295
0 404
3 431
16 1536
1 615
0 844
1 308
1 504
0 560
3 730
0 730
3 764
7 1701
0 240
4 283
0 596
0 392
6 2339
19 2339
0 303
0 461
18 563
31 438
4 122
27 980
11 980
13 845
2 665
18 378
5 352
7 889
18 889
0 189
4 431
0 751
19 526
3 1955
12 1955
1 1955
19 1955
9 1955
2 1955
307 9453
226 9453
314 9453
110 9453
115 9453
435 9453
28 9453
248 9453
137 9453
308 9453
195 9453
340 9453
133 9453
210 9453
205 9453
32 3604
151 3604
133 3604
609 3604
77 3604
4 2982
18 2982
3 2982
8 2982
22 2982
18 1152
15 499
0 181
1 181
12 249
8 613
12 395
0 575
1 122
3 1114
0 1114
18 283
22 283
7 241
3 55
14 655
5 1887
21 1887
73 1887
3 7512
9 7512
11 7512
33 7512
126 7512
6 7512
1 7512
171 7512
160 7512
181 7512
27 7512
4 7512
10 7512
283 7512
84 7512
4 328
14 623
7 106
7 82
10 305
1 196
20 151
15 439
14 328
22 2031
143 4370
129 4370
110 4370
140 4370
72 4370
96 4370
101 4370
94 4370
6 340
0 360
1 269
3 413
14 887
3 187
11 187
2 534
4 1539
26 726
16 257
3 202
5 764
2 764
0 473
9 729
6 729
8 729
4 174
11 593
1 326
19 282
1 59
18 2849
163 2849
16 2849
122 2849
0 225
16 435
7 435
5 522
4 146
0 479
21 399
2 587
1 562
33 788
19 788
25 788
32 788
29 788
0 788
7 788
36 788
26 788
32 473
23 473
24 1528
1 1528
46 1904
27 1904
10 733
1 219
6 2417
1 2417
73 594
47 594
57 594
7 620
4 620
4 476
26 476
1 405
55 1695
1 91
5 91
0 1223
1 1223
3 1223
3 479
1 328
38 1879
16 1879
8 4834
52 4834
19 4834
0 4834
79 4834
27 4834
0 145
18 739
4 336
27 361
3 177
9 413
24 759
0 191
5 191
30 240
7 233
2 177
3 176
8 318
14 807
28 807
0 761
4 446
1 931
0 931
1 1074
40 812
11 287
12 764
0 1043
6 857
4 922
3 558
16 558
31 279
28 173
5 130
48 617
68 617
23 1707
4 1707
13 4275
29 4275
15 4275
14 4275
41 4275
0 1149
2 1149
6 1149
11 2971
7 2971
1 336
3 318
0 1026
0 92
1 92
0 311
3 161
4 774
4 127
2 379
19 400
0 428
9 381
0 562
1 497
0 393
11 279
0 323
16 395
20 223
0 362
16 509
23 2434
7 716
17 388
11 233
1 484
1 484
1 484
5 1075
3 1075
0 1075
4 1075
9 118
6 114
31 844
40 844
10 306
4 1742
14 1742
6 1742
1 441
0 655
121 764
23 509
314 3737
3 3737
17 3737
13 3737
15 562
262 2181
0 338
0 40
10 379
1 405
1 474
1 98
8 1143
16 368
1 699
3 343
12 126
4 1644
0 1644
6 767
15 767
64 767
7 20
17 310
1 354
1 61
8 297
65 727
0 395
1 1618
2 233
11 381
10 473
16 217
4 152
91 768
14 171
2 567
6 301
5 461
33 788
18 788
27 788
30 788
34 788
0 788
6 788
35 788
24 788
1 405
0 653
13 139
11 324
2 973
3 1386
1 633
10 664
28 1618
0 395
0 295
4 344
4 230
298 2219
0 385
24 527
1 1926
1 1926
5 548
3 919
0 699
2 472
1 327
1 821
10 821
11 821
0 526
22 567
47 1012
17 1012
16 1012
3 562
59 739
9 266
14 227
0 241
11 635
9 391
6 177
10 407
10 435
32 535
20 527
1 371
2 371
1 240
0 57
13 297
0 262
1 361
15 1312
0 84
2 287
1 509
1 585
26 592
19 812
72 2339
14 290
0 948
1 948
10 448
16 973
12 360
1 389
51 1646
11 2101
2 2101
18 2101
28 2101
8 876
9 472
6 265
14 777
42 502
13 137
26 209
4 144
0 183
0 370
18 135
3 120
43 962
19 721
0 114
50 3218
7 1747
0 231
10 1110
0 153
4 290
1 397
5 325
23 319
13 382
144 5267
122 5267
97 5267
79 5267
326 5267
135 5267
210 5267
337 5267
31 5267
32 5267
69 5267
13 5267
93 5267
213 5267
66 1034
3 1034
58 2191
19 2191
22 247
17 247
116 1416
139 1027
11 319
12 1042
19 384
3 163
1 127
1 484
17 900
2 544
26 265
11 368
1 930
29 2416
39 2416
22 2416
32 919
0 407
0 382
0 247
0 233
1 1183
2 1183
0 1183
1 1185
0 382
2 340
2 3763
24 3763
0 177
6 477
0 141
0 242
4 295
6 295
8 395
34 615
4 308
5 1695
28 511
0 227
0 257
5 2339
1 395
0 359
0 761
2 257
0 176
4 336
3 195
1 365
0 240
3 230
6 196
6 338
14 1116
13 1116
11 1124
3 300
6 1623
39 906
2 57
0 188
3 1057
2 233
5 721
4 318
0 735
2 699
3 446
0 310
3 165
12 465
44 1130
30 679
4 392
11 348
0 1898
1 1898
4 472
1 950
0 950
6 950
0 191
18 1695
0 324
3 282
5 861
4 1695
22 360
10 960
8 388
1 1701
0 453
1 453
0 247
5 461
0 295
0 1042
15 549
25 319
10 1110
50 2517
14 866
25 866
6 141
7 387
4 48
1 1791
31 1791
6 511
3 275
9 286
2 423
20 191
17 950
2 509
0 861
3 364
21 364
2 378
19 3651
3 364
14 364
1 298
24 679
6 654
0 177
3 605
20 392
19 392
7 569
0 43
2 414
0 272
9 327
16 2050
15 2050
10 2050
8 617
9 927
20 1268
41 1268
62 1268
10 1413
4 157
6 317
13 790
66 790
0 812
8 1077
25 584
31 562
6 1360
12 1695
40 405
4 587
0 127
33 1592
11 1592
26 1719
13 1719
17 1719
0 548
3 548
4 195
13 352
2 1043
17 2703
22 2703
7 2703
4 2703
6 1165
6 395
6 1323
1 1323
3 1323
13 1323
9 1323
0 118
8 165
17 663
30 451
19 1536
2 1526
9 1526
6 1526
3 116
12 327
3 587
11 139
2 325
34 1288
2 116
15 240
1 217
113 712
8 1386
1 2339
21 2517
14 381
11 284
6 183
18 295
3 2517
61 2339
0 465
1 247
0 2517
0 55
4 281
12 247
8 1360
2 461
32 3761
1 590
10 594
39 378
6 1539
2 108
321 4338
177 1552
2 152
25 646
4 306
0 657
2 657
19 1042
20 421
4 1042
4 222
8 1034
0 270
0 1104
6 486
0 502
0 57
4 816
17 2365
43 1074
1 187
1 2236
2 2236
3 2236
6 2236
1 405
32 1110
2 497
19 222
0 120
0 151
1 1392
0 230
0 86
2 78
83 2339
0 9
1 1021
10 318
5 308
37 279
1 762
0 88
8 721
66 1027
2 500
1 89
4 86
11 159
11 733
12 725
1 276
2 497
6 1130
0 456
3 654
2 777
0 53
3 340
40 475
2 142
0 694
0 41
0 90
3 588
1 588
2 588
0 214
0 67
1 588
1 327
7 342
6 588
2 193
2 161
7 90
4 588
0 41
9 322
3 718
2 142
10 567
11 588
5 113
0 120
0 588
47 567
61 588
0 588
3 483
0 588
2 218
8 588
0 282
0 282
12 588
13 218
0 327
2 24
0 274
5 274
2 214
1 142
0 90
12 90
2 228
13 567
1 229
16 567
2 343
1 228
1 327
1 43
8 386
2 694
9 228
1 475
0 588
14 475
57 946
0 475
0 567
4 457
5 327
4 483
3 343
0 116
0 475
14 228
0 342
7 327
26 560
21 229
0 99
5 588
7 43
7 43
0 168
4 141
12 483
0 16
6 588
5 386
1 334
17 588
13 588
29 588
15 588
0 90
2 588
1 271
3 588
11 386
1 67
36 560
10 342
1 454
3 588
10 588
3 211
12 694
21 694
14 228
20 327
4 588
6 752
0 53
4 229
5 588
3 41
0 374
0 334
21 588
1 475
8 110
0 229
0 58
1 588
0 142
4 153
1 334
1 116
7 118
3 588
9 386
5 327
1 142
15 228
12 156
3 588
1 588
1 327
2 343
4 153
26 475
11 588
0 99
0 588
3 588
36 574
0 694
1 90
23 694
2 56
24 560
6 342
7 322
1 752
3 588
46 327
1 193
8 454
0 342
0 67
0 327
1 588
1 229
0 342
0 67
206 2673
0 211
4 483
0 327
5 228
4 33
11 962
1 1539
0 125
0 120
4 80
0 816
0 554
0 176
0 406
0 66
16 473
0 977
0 844
2 290
17 502
0 88
4 275
2 147
8 515
0 1205
0 1403
0 1695
21 605
6 605
2 1347
0 1347
1 1516
0 295
0 473
0 59
17 1021
2 788
18 228
0 1110
0 88
1 768
2 476
0 337
2 340
47 1695
0 127
2 308
1 378
0 241
17 452
0 284
1 1900
0 1900
3 3101
0 3101
0 6
0 218
7 664
0 158
0 423
4 951
1 951
0 623
0 399
3 1577
0 278
1 214
6 2150
0 2150
0 145
1 404
0 1074
4 336
0 362
6 594
1 216
0 439
1 527
1 1386
1 639
16 762
0 625
1 625
0 725
0 395
0 1036
0 1042
14 393
2 1539
1 368
2 1539
19 117
7 632
4 1042
3 518
9 567
0 452
1 1071
0 347
0 303
0 120
0 270
36 2237
0 2237
7 2237
9 2237
26 2237
0 233
162 1552
0 409
0 1230
2 1230
0 853
2 400
0 126
0 446
16 857
1 973
2 274
1 274
16 3390
66 3390
28 3390
32 3390
0 584
44 890
0 626
3 216
0 1346
0 247
9 287
3 79
0 196
10 191
349 7353
1 7353
99 7353
451 7353
200 7353
68 7353
297 7353
8 7353
7 7353
526 7353
10 7353
197 7353
4 7353
505 7353
2 7353
17 7353
0 141
13 2466
8 2466
0 2466
24 2466
3 1456
127 10604
82 10604
0 10604
90 10604
145 10604
6 10604
198 10604
184 10604
49 10604
137 10604
38 10604
171 10604
134 10604
41 10604
150 10604
288 10604
11 1655
16 1655
0 407
8 1162
21 1162
5 1162
11 1162
3 479
32 623
0 87
3 564
5 391
0 295
9 590
0 508
8 1695
3 47
31 788
18 788
24 788
30 788
32 788
1 788
7 788
27 788
16 788
0 230
0 739
2 436
1 1695
0 247
5 626
0 567
1 115
3 48
0 344
30 684
170 764
5 582
86 1072
30 1862
2 1862
1 369
4 876
1 625
5 233
3 937
1 937
20 937
0 230
1 421
0 272
0 218
5 812
31 826
0 919
9 887
1 1072
107 2339
6 958
1 958
3 1623
0 141
1 792
2 811
7 2330
4 2330
0 247
12 974
2 120
1 182
5 423
4 1967
0 30
0 384
12 549
2 1153
5 497
1 188
22 498
0 157
5 157
1 2339
9 950
1 57
10 135
0 473
0 962
0 448
0 163
0 414
14 1161
3 1161
1 1161
1 117
2 96
0 1403
0 1346
1 139
9 1110
0 473
1 318
0 318
2 700
0 162
21 1967
2 1539
0 1539
0 106
122 5662
91 5662
143 5662
134 5662
160 5662
3 1536
5 1536
6 625
11 2565
4 2565
3 2565
9 2565
5 2565
7 2565
6 1747
0 384
8 183
1 1249
0 1249
0 87
0 812
2 746
2 2128
0 2128
1 2128
0 473
2 67
3 124
32 178
1 764
6 379
2 2396
0 2396
1 2396
14 890
1 890
4 890
0 38
0 2407
1 2407
5 2407
7 2407
2 735
5 581
8 581
15 385
17 385
9 615
0 139
0 641
0 448
11 1064
0 1064
3 2225
0 89
2 941
0 89
0 1419
1 452
0 80
19 554
0 89
0 1294
20 1294
18 381
5 1948
0 1948
3 1948
1 1948
20 962
10 448
0 352
0 137
0 594
10 1708
0 1708
11 287
0 25
0 816
0 626
0 90
39 2339
0 1536
0 233
5 69
0 319
0 796
0 446
0 527
1 142
4 369
0 153
0 590
0 385
19 413
6 446
7 2395
0 2395
6 404
295 592
13 2163
10 2163
12 2163
3 55
25 191
1 2423
8 2423
0 2423
1 344
0 196
0 452
17 1403
0 1205
2 1205
3 1014
0 294
0 448
0 86
0 395
2 844
0 844
1 303
0 1360
0 812
3 107
0 562
2 479
13 467
1 1733
11 1733
7 1733
0 80
0 739
0 446
21 247
0 389
0 733
3 215
2 295
1 431
0 175
0 130
1 187
13 135
1 284
2 371
13 330
20 1724
7 1724
22 1724
5 549
1 919
49 1139
2 896
3 896
9 437
1 103
0 264
2 261
1 264
0 648
6 1577
2 1501
3 1501
1 1501
20 617
1 1618
0 285
4 504
0 115
1 48
0 247
1 737
0 223
0 509
0 311
16 594
5 477
0 345
4 733
2 789
7 789
0 605
24 1747
0 347
1 1511
3 1511
0 362
2 147
0 307
0 139
1 139
0 382
2 1766
30 788
9 788
13 788
20 788
31 788
0 788
2 788
33 788
11 788
0 694
2 694
3 307
1 174
5 371
2 1077
0 537
5 178
0 103
3 290
3 3159
2 3159
0 3159
0 1331
10 50
0 716
0 508
11 1909
8 1909
10 1909
0 1618
0 1618
1 384
1 384
0 102
0 94
1 585
1 474
28 535
0 261
0 295
0 169
0 148
8 183
5 876
3 733
14 1787
3 1787
0 1787
34 617
0 1553
2 1553
3 504
4 343
3 632
0 127
0 504
35 1083
2 65
56 1144
0 178
2 172
29 240
43 431
1 919
8 498
5 1618
3 1475
11 368
0 26
26 1965
64 1965
24 1965
66 1965
21 1965
112 1965
1 125
0 175
4 55
12 379
0 229
1 229
0 230
1 1042
0 344
0 323
1 746
4 876
2 479
3 406
5 504
0 171
48 575
13 764
9 1913
3 1913
5 1057
4 269
1 173
2 344
0 772
0 242
1 1695
2 1695
0 382
3 764
0 175
0 94
0 811
0 394
1 1287
0 176
1 139
0 310
0 360
5 230
0 811
2 381
5 1129
4 1129
17 1129
15 638
0 1071
49 1410
0 1410
1 1410
0 811
0 497
3 37
0 285
0 305
5 256
0 360
5 233
1 623
1 1061
0 260
0 452
0 563
1 592
6 144
16 327
0 617
0 337
0 362
278 5976
51 5976
5 5976
108 5976
169 5976
0 5976
63 5976
57 5976
29 5976
5 1075
1 379
20 661
0 162
20 2517
15 431
1 100
1 1386
35 850
2 511
1 405
1 1102
0 1102
0 370
5 196
1 361
11 841
1 698
0 124
0 290
1 218
4 439
6 229
0 349
0 89
0 360
2 333
1 333
0 526
0 122
0 412
0 196
3 874
1 247
0 896
2 338
4 338
3 142
6 1779
229 1779
5 1779
112 1779
0 1238
8 876
22 1853
29 1853
36 1853
33 592
0 564
2 173
0 1539
0 158
0 812
8 584
3 328
8 262
0 816
0 99
17 796
0 404
1 146
0 345
11 464
5 228
14 274
62 919
0 502
0 1110
2 122
4 446
7 518
1 141
1 585
0 561
1 2808
0 1357
240 1416
3 204
1 100
65 563
5 564
0 473
55 1110
0 339
65 327
4 308
14 295
3 587
0 777
0 558
0 149
10 209
2 279
6 962
18 3095
30 3095
39 3095
24 1617
14 1617
3 1617
5 1617
0 318
1 327
10 1767
21 1767
1 1767
4 1767
1 240
1 1071
0 522
0 1618
2 465
1 465
3 465
