0 384
1 375
0 392
1 576
0 576
1 776
0 776
3 511
35 2287
18 2287
11 745
0 745
16 914
1 338
0 448
1 691
0 691
0 183
3 914
22 1155
23 1155
164 1155
52 1155
29 1155
8 1370
4 1623
0 7389
4 7389
42 7389
92 7389
139 7389
32 7389
57 7389
56 7389
25 7389
10 7389
555 7389
0 2339
1 615
4 1288
1 176
8 1265
63 1265
22 1265
1 150
6 79
2 1983
3 1983
29 1983
27 1983
7 269
7 397
2 1208
1 1208
32 1208
43 1474
2 240
0 448
0 558
2 1113
1 1113
0 79
2 305
0 400
1 388
1 590
1 1483
4 152
4 152
0 796
40 1536
1 805
0 276
0 328
1 1267
2 1267
5 1267
16 1267
0 1267
1 522
5 198
32 1013
17 1013
3 152
0 1303
3 1008
0 1008
4 327
1 562
7 737
5 737
4 264
1 175
0 44
0 89
12 1913
8 1913
4 1539
0 973
0 855
0 301
45 7645
159 7645
0 7645
53 7645
195 7645
6 7645
2 7645
9 7645
11 7645
56 7645
76 7645
18 7645
19 7645
17 7645
78 7645
23 7645
47 7645
68 7645
150 7645
62 7645
296 9306
12 9306
77 9306
5 9306
4 9306
86 9306
0 9306
1 9306
8 9306
156 9306
33 9306
3 9306
48 9306
210 9306
2 9306
46 9306
25 9306
64 9306
6 3760
54 3760
1 3760
0 3760
12 3760
16 3760
7 3760
3 3760
1 689
13 295
4 1454
0 1454
2 1454
15 1454
0 626
0 203
0 405
2 794
0 794
0 844
91 657
0 1110
2 150
1 1071
0 812
0 812
1 422
9 896
0 395
5 2339
2 135
9 324
9 721
0 79
1 204
1 811
0 368
0 380
0 380
5 384
2 152
0 98
1 68
22 446
2 777
8 777
2 884
11 884
0 1514
13 876
17 348
0 169
2 663
0 663
1 303
0 240
0 441
17 1474
0 733
8 1077
0 404
1 973
0 138
32 1618
13 567
6 876
1 176
0 2150
32 2150
7 876
10 311
3 1597
18 1597
7 1597
1 1597
2 618
0 98
0 184
1 776
0 776
0 497
4 57
0 392
0 670
4 670
0 392
3 511
0 247
0 876
0 344
11 965
9 1539
1 509
4 215
4 176
4 215
4 215
3 1386
0 283
2 764
0 465
0 792
46 10782
5 10782
30 10782
47 10782
67 10782
76 10782
10 10782
162 10782
107 10782
156 10782
72 10782
82 10782
6 10782
15 10782
39 10782
51 10782
281 10782
55 10782
41 10782
38 10782
33 10782
21 10782
89 10782
0 10782
72 10782
88 10782
1 224
19 767
4 144
45 540
4 2510
62 2510
56 269
6 269
0 1269
1 1269
9 919
2 782
0 448
1 931
0 931
1 247
0 89
0 2038
17 2038
12 2038
2 446
0 737
0 1898
1 1898
33 584
7 1360
5 2257
22 2257
1 1695
1 2339
3 1072
1 746
2 746
1 2150
5 2150
23 3410
1 3410
4 3410
1 746
2 2150
7 2150
2 764
1 746
0 456
2 590
13 2449
0 2449
14 191
9 777
13 266
5 1027
14 976
99 976
46 3000
4 3000
60 3000
97 3000
70 3000
9 3000
2 202
1 456
15 777
3 381
3 295
0 186
1 441
0 94
13 68
1 287
0 240
38 142
0 240
11 655
0 1197
9 2831
6 2831
3 2831
0 2831
2 1331
0 4210
2 4210
57 4210
5 4210
10 4210
30 4210
36 4210
9 4210
4 4210
6 4210
68 4210
3 20
2 209
0 677
3 677
6 1547
5 1547
1 888
0 888
0 344
26 413
20 1012
3 1012
14 1012
0 269
1 467
3 504
32 1110
0 585
2 2128
7 2128
3 2128
2 960
1 1483
9 1536
1 1536
0 1110
2 1069
4 1069
0 1069
1 1014
60 811
0 1110
0 423
0 93
23 183
1 384
0 724
19 2375
8 2375
4 2375
1 178
31 788
9 788
14 788
23 788
33 788
0 788
5 788
32 788
11 788
3 203
6 226
1 4949
22 4949
4 4949
39 4949
44 4949
207 4949
151 4949
0 120
114 2150
8 2150
17 2150
0 653
3 689
19 2955
18 2955
11 2955
14 2955
13 2955
3 2955
8 2955
3 1695
3 439
3 439
0 225
37 2163
36 2163
399 13875
15 13875
302 13875
186 13875
241 13875
108 13875
128 13875
28 13875
373 13875
143 13875
2135 13875
162 13875
58 13875
4 13875
8 2339
2 222
0 150
4 1164
35 1164
47 1164
3 2347
0 2347
1 2347
2 2347
1 633
0 384
57 3126
71 3126
9 3126
41 3126
54 3126
53 3126
72 3126
4 1078
0 1078
28 1078
0 267
0 1926
13 526
1 812
11 858
29 5657
91 5657
60 5657
56 5657
19 5657
101 5657
142 5657
38 5657
1 1042
0 423
0 218
2 172
53 1307
108 1021
0 384
0 400
1 240
1 247
5 176
0 247
1 124
2 618
0 247
13 1708
60 1708
71 1708
47 1708
1 762
0 762
3 152
4 371
0 264
1 442
0 442
0 389
103 5642
27 5642
192 5642
307 5642
105 5642
53 5642
8 5642
3 416
0 223
0 86
11 543
5 1403
1 1403
1 679
1 2517
0 87
44 689
6 336
0 89
0 153
7 1403
0 1963
7 1963
15 2002
23 2002
2 2002
0 147
0 147
10 163
0 264
3 1539
4 264
1 590
0 181
14 241
6 465
115 764
216 764
13 764
13 295
1 1652
2 1652
0 1967
0 86
0 1110
2 1183
1 1183
0 1183
0 876
0 389
0 1124
4 1124
14 1014
0 961
4 961
13 961
0 526
0 359
19 1130
3 257
2 1386
5 842
15 1042
0 257
7 2403
49 2403
13 2403
0 106
1 375
21 617
0 270
0 270
1 340
15 327
0 380
1 518
0 587
1 587
0 384
0 424
0 264
2 699
3 1317
0 1317
12 1317
1 120
6 594
0 538
0 603
20 1130
0 344
0 240
3 1241
0 122
0 855
0 1898
1 1898
0 1898
1 1898
0 384
2 17
3 914
4 777
7 163
8 4713
20 4713
3 4713
515 4713
0 4713
13 4713
0 44
11 2150
38 2150
24 2150
43 2150
0 402
20 266
6 781
8 781
11 781
3 781
3 664
3 689
3 874
0 796
0 796
71 1464
1 1464
4 1464
0 548
0 382
3 233
2 663
14 257
13 506
41 1012
5 257
3 626
0 371
66 782
30 3816
1 3816
7 3816
9 3816
6 3816
5 3816
98 3816
0 340
0 1347
2 1347
0 149
1 554
4 364
23 364
12 295
49 435
2 695
22 1247
43 1247
4 423
3 914
0 265
5 631
3 631
0 186
0 518
3 171
22 511
4 431
12 2308
1 2308
46 2303
7 2303
5 145
2 145
21 145
1 467
3 518
1 405
3 318
1 423
6 324
1 389
52 8726
7 8726
143 8726
24 8726
353 8726
11 8726
164 8726
49 8726
3 8726
4 8726
61 8726
54 8726
205 8726
4 422
2 108
1 456
1 1036
0 1036
14 391
2 344
1 679
1 154
36 397
14 3066
9 3066
7 3066
17 1214
26 1214
6 1595
97 1595
5 764
0 457
0 368
0 376
2 209
2 209
1 1191
0 1191
0 592
1 378
3 141
0 389
0 446
3 264
0 526
4 1110
1349 12734
51 12734
0 12734
240 12734
72 12734
176 12734
1078 12734
172 12734
19 12734
313 12734
278 12734
254 12734
354 12734
318 12734
187 12734
288 12734
388 12734
246 12734
0 203
0 89
4 653
20 295
1 841
0 441
2 384
0 876
60 1264
66 1264
11 1264
0 404
2 1483
0 1110
1 590
1 590
3 264
0 107
18 1386
0 148
0 89
19 842
0 461
2 669
0 669
7 737
1 699
4 423
5 737
0 107
0 107
1 148
0 473
25 2629
16 2629
28 2629
3 2629
0 384
1 1589
3 1589
0 1589
7 113
0 2696
2 2696
60 2696
0 774
6 664
102 987
3 987
0 987
35 4344
12 4344
62 4344
27 4344
18 4344
22 4344
21 4344
3 222
9 626
7 1376
5 1376
1 1376
6 1376
0 558
0 680
5 680
5 234
3 177
3 177
0 384
1 441
16 441
5 376
2 1511
4 1511
7 522
1 522
0 169
5 737
6 664
3 479
0 2238
2 2238
24 2238
15 2238
19 1074
18 737
2 762
2 2517
24 788
0 2300
4 2300
9 762
1 618
0 183
0 270
3 558
0 252
16 295
62 1913
141 1913
3 656
8 656
2 656
0 240
4 423
128 764
0 373
14 446
5 357
4 423
9 632
1 590
1 562
22 456
0 9
293 587
0 562
32 1014
14 774
0 404
6 567
10 1407
3 594
1 690
0 690
0 250
0 127
0 295
40 2725
63 2725
56 2725
60 2725
30 2725
2 442
0 442
1 518
0 508
0 269
2 269
0 38
30 6094
117 6094
92 6094
137 6094
156 6094
1 1370
2 2737
67 2737
53 1409
22 526
15 465
4 339
2 960
1 960
34 382
1 295
0 404
3 431
15 1536
1 615
0 844
1 308
1 504
0 560
3 730
0 730
3 764
7 1701
0 240
4 283
0 596
0 392
5 2339
18 2339
0 303
0 461
18 563
30 438
4 122
28 980
10 980
12 845
2 665
17 378
5 352
7 889
18 889
0 189
5 431
0 751
20 526
3 1955
11 1955
1 1955
20 1955
9 1955
2 1955
323 9453
219 9453
308 9453
114 9453
116 9453
442 9453
33 9453
243 9453
165 9453
345 9453
196 9453
374 9453
149 9453
253 9453
206 9453
32 3604
154 3604
129 3604
600 3604
74 3604
1 2982
13 2982
4 2982
7 2982
14 2982
17 1152
13 499
0 181
1 181
11 249
8 613
11 395
0 575
1 122
7 1114
0 1114
21 283
21 283
7 241
3 55
14 655
5 1887
21 1887
70 1887
3 7512
9 7512
11 7512
33 7512
126 7512
6 7512
1 7512
171 7512
160 7512
181 7512
27 7512
4 7512
10 7512
283 7512
84 7512
4 328
14 623
7 106
7 82
10 305
1 196
20 151
10 439
19 328
23 2031
146 4370
128 4370
110 4370
143 4370
74 4370
98 4370
101 4370
92 4370
6 340
0 360
1 269
3 413
14 887
4 187
11 187
2 534
4 1539
26 726
16 257
3 202
8 764
2 764
0 473
9 729
7 729
8 729
4 174
13 593
1 326
20 282
1 59
16 2849
162 2849
26 2849
124 2849
0 225
16 435
2 435
5 522
4 146
0 479
20 399
2 587
1 562
35 788
22 788
25 788
33 788
31 788
1 788
10 788
38 788
26 788
33 473
30 473
25 1528
1 1528
44 1904
28 1904
10 733
1 219
6 2417
1 2417
73 594
46 594
58 594
7 620
4 620
4 476
25 476
1 405
51 1695
1 91
5 91
0 1223
1 1223
3 1223
3 479
1 328
35 1879
17 1879
8 4834
51 4834
19 4834
0 4834
76 4834
27 4834
0 145
19 739
4 336
27 361
3 177
9 413
24 759
0 191
5 191
29 240
7 233
2 177
3 176
8 318
14 807
28 807
0 761
4 446
1 931
0 931
1 1074
36 812
11 287
12 764
0 1043
5 857
3 922
3 558
14 558
29 279
28 173
5 130
48 617
68 617
23 1707
4 1707
13 4275
26 4275
16 4275
14 4275
40 4275
0 1149
1 1149
6 1149
11 2971
8 2971
1 336
3 318
0 1026
1 92
0 92
0 311
4 161
4 774
4 127
2 379
18 400
0 428
9 381
0 562
1 497
0 393
13 279
0 323
13 395
19 223
0 362
16 509
23 2434
7 716
16 388
8 233
1 484
1 484
1 484
3 1075
3 1075
1 1075
4 1075
9 118
6 114
31 844
40 844
11 306
4 1742
14 1742
6 1742
0 441
0 655
126 764
24 509
316 3737
3 3737
17 3737
12 3737
15 562
257 2181
0 338
0 40
8 379
1 405
2 474
1 98
8 1143
15 368
3 699
4 343
12 126
4 1644
0 1644
8 767
14 767
68 767
7 20
16 310
1 354
0 61
8 297
58 727
0 395
1 1618
2 233
10 381
10 473
18 217
4 152
96 768
14 171
2 567
5 301
4 461
34 788
20 788
28 788
32 788
33 788
0 788
6 788
38 788
26 788
1 405
0 653
13 139
11 324
2 973
3 1386
1 633
9 664
24 1618
0 395
0 295
4 344
3 230
298 2219
0 385
24 527
1 1926
1 1926
4 548
3 919
0 699
2 472
1 327
1 821
10 821
13 821
0 526
22 567
44 1012
14 1012
20 1012
3 562
58 739
10 266
13 227
0 241
11 635
8 391
6 177
10 407
11 435
35 535
17 527
1 371
1 371
1 240
0 57
13 297
0 262
1 361
15 1312
0 84
2 287
1 509
1 585
18 592
20 812
72 2339
8 290
0 948
1 948
10 448
18 973
9 360
1 389
49 1646
11 2101
2 2101
20 2101
30 2101
7 876
5 472
6 265
14 777
43 502
13 137
26 209
4 144
0 183
0 370
18 135
3 120
41 962
18 721
0 114
47 3218
7 1747
0 231
7 1110
0 153
4 290
1 397
4 325
22 319
15 382
140 5267
127 5267
97 5267
78 5267
328 5267
135 5267
200 5267
342 5267
32 5267
31 5267
59 5267
13 5267
96 5267
211 5267
90 1034
3 1034
58 2191
20 2191
21 247
17 247
120 1416
140 1027
11 319
12 1042
18 384
3 163
0 127
1 484
17 900
2 544
26 265
11 368
1 930
26 2416
39 2416
22 2416
32 919
0 407
0 382
0 247
0 233
1 1183
2 1183
0 1183
1 1185
0 382
2 340
2 3763
25 3763
0 177
6 477
0 141
0 242
4 295
6 295
6 395
32 615
4 308
4 1695
28 511
0 227
0 257
5 2339
1 395
0 359
0 761
2 257
0 176
4 336
3 195
1 365
0 240
3 230
5 196
6 338
15 1116
13 1116
10 1124
2 300
6 1623
39 906
1 57
0 188
4 1057
2 233
2 721
5 318
0 735
3 699
3 446
0 310
3 165
11 465
43 1130
30 679
4 392
9 348
0 1898
1 1898
4 472
1 950
0 950
6 950
0 191
16 1695
0 324
3 282
5 861
4 1695
22 360
13 960
5 388
3 1701
0 453
1 453
0 247
5 461
0 295
0 1042
13 549
37 319
11 1110
46 2517
14 866
26 866
6 141
7 387
3 48
1 1791
38 1791
6 511
2 275
8 286
2 423
20 191
16 950
2 509
0 861
3 364
21 364
2 378
19 3651
3 364
15 364
1 298
24 679
6 654
0 177
3 605
21 392
21 392
7 569
0 43
2 414
0 272
9 327
16 2050
12 2050
8 2050
9 617
10 927
18 1268
41 1268
64 1268
10 1413
4 157
5 317
12 790
64 790
1 812
8 1077
29 584
31 562
6 1360
12 1695
40 405
4 587
0 127
34 1592
11 1592
26 1719
13 1719
17 1719
0 548
3 548
4 195
13 352
2 1043
16 2703
21 2703
7 2703
3 2703
6 1165
7 395
5 1323
1 1323
3 1323
13 1323
9 1323
0 118
8 165
21 663
30 451
22 1536
2 1526
8 1526
5 1526
3 116
11 327
3 587
11 139
2 325
30 1288
2 116
21 240
1 217
114 712
6 1386
1 2339
21 2517
19 381
11 284
6 183
18 295
3 2517
58 2339
0 465
1 247
0 2517
0 55
4 281
11 247
8 1360
2 461
28 3761
1 590
11 594
44 378
5 1539
2 108
353 4338
160 1552
2 152
24 646
4 306
0 657
2 657
22 1042
18 421
4 1042
4 222
7 1034
0 270
0 1104
8 486
0 502
0 57
4 816
18 2365
43 1074
1 187
1 2236
2 2236
3 2236
6 2236
1 405
32 1110
2 497
19 222
0 120
0 151
1 1392
0 230
0 86
1 78
80 2339
0 9
1 1021
12 318
5 308
36 279
1 762
0 88
7 721
60 1027
1 500
1 89
4 86
13 159
10 733
13 725
1 276
2 497
6 1130
0 456
2 654
2 777
0 53
3 340
41 475
2 142
0 694
0 41
0 90
2 588
1 588
2 588
0 214
0 67
1 588
1 327
7 342
6 588
2 193
2 161
7 90
3 588
0 41
8 322
3 718
2 142
10 567
11 588
5 113
0 120
0 588
47 567
59 588
0 588
2 483
0 588
2 218
8 588
0 282
0 282
11 588
16 218
0 327
1 24
0 274
5 274
2 214
1 142
1 90
12 90
2 228
13 567
1 229
16 567
2 343
1 228
1 327
1 43
6 386
2 694
9 228
1 475
0 588
14 475
57 946
0 475
0 567
4 457
5 327
4 483
3 343
0 116
0 475
13 228
0 342
7 327
23 560
23 229
0 99
5 588
7 43
6 43
0 168
4 141
13 483
0 16
7 588
5 386
1 334
18 588
13 588
29 588
19 588
0 90
3 588
1 271
3 588
11 386
1 67
35 560
8 342
1 454
3 588
10 588
3 211
13 694
31 694
14 228
20 327
4 588
6 752
0 53
4 229
6 588
3 41
1 374
0 334
20 588
1 475
8 110
0 229
0 58
1 588
0 142
4 153
3 334
1 116
8 118
4 588
7 386
5 327
1 142
16 228
12 156
3 588
1 588
1 327
3 343
4 153
28 475
11 588
0 99
0 588
3 588
35 574
0 694
1 90
23 694
2 56
20 560
8 342
4 322
1 752
3 588
44 327
1 193
8 454
0 342
0 67
0 327
2 588
1 229
0 342
0 67
202 2673
0 211
4 483
0 327
5 228
4 33
10 962
1 1539
0 125
0 120
4 80
0 816
0 554
0 176
0 406
0 66
15 473
0 977
0 844
2 290
17 502
0 88
3 275
3 147
8 515
0 1205
1 1403
0 1695
23 605
3 605
1 1347
0 1347
1 1516
0 295
0 473
0 59
17 1021
2 788
18 228
0 1110
0 88
1 768
2 476
0 337
2 340
41 1695
0 127
2 308
1 378
0 241
17 452
0 284
1 1900
0 1900
1 3101
0 3101
0 6
0 218
10 664
0 158
0 423
4 951
1 951
0 623
0 399
4 1577
0 278
1 214
5 2150
0 2150
0 145
1 404
0 1074
4 336
0 362
6 594
1 216
0 439
1 527
1 1386
1 639
17 762
0 625
1 625
0 725
0 395
0 1036
0 1042
14 393
1 1539
1 368
2 1539
18 117
7 632
4 1042
0 518
9 567
0 452
1 1071
0 347
0 303
0 120
0 270
38 2237
0 2237
7 2237
10 2237
24 2237
0 233
171 1552
0 409
0 1230
2 1230
0 853
2 400
0 126
0 446
17 857
1 973
2 274
1 274
15 3390
64 3390
27 3390
32 3390
0 584
43 890
0 626
3 216
0 1346
0 247
9 287
3 79
0 196
12 191
349 7353
1 7353
99 7353
451 7353
200 7353
68 7353
297 7353
8 7353
7 7353
526 7353
10 7353
197 7353
4 7353
505 7353
2 7353
17 7353
0 141
8 2466
6 2466
0 2466
23 2466
2 1456
133 10604
78 10604
1 10604
85 10604
145 10604
6 10604
204 10604
178 10604
54 10604
151 10604
36 10604
169 10604
139 10604
39 10604
138 10604
272 10604
11 1655
16 1655
0 407
11 1162
22 1162
5 1162
13 1162
3 479
32 623
0 87
2 564
6 391
0 295
7 590
0 508
8 1695
3 47
31 788
18 788
24 788
30 788
32 788
1 788
7 788
27 788
16 788
0 230
0 739
2 436
1 1695
0 247
4 626
0 567
1 115
3 48
0 344
33 684
173 764
5 582
88 1072
32 1862
2 1862
1 369
2 876
1 625
5 233
3 937
1 937
20 937
0 230
1 421
0 272
0 218
7 812
31 826
0 919
9 887
1 1072
108 2339
6 958
1 958
3 1623
0 141
1 792
2 811
7 2330
3 2330
0 247
11 974
3 120
1 182
5 423
3 1967
0 30
0 384
11 549
2 1153
5 497
1 188
23 498
0 157
5 157
1 2339
9 950
1 57
10 135
0 473
0 962
0 448
0 163
0 414
14 1161
4 1161
1 1161
1 117
2 96
0 1403
0 1346
1 139
10 1110
0 473
1 318
0 318
2 700
0 162
22 1967
2 1539
0 1539
0 106
123 5662
87 5662
141 5662
133 5662
159 5662
3 1536
5 1536
7 625
8 2565
1 2565
3 2565
7 2565
6 2565
9 2565
6 1747
0 384
9 183
1 1249
0 1249
0 87
0 812
1 746
3 2128
0 2128
1 2128
0 473
2 67
3 124
31 178
1 764
6 379
2 2396
0 2396
1 2396
14 890
0 890
5 890
0 38
0 2407
1 2407
4 2407
8 2407
1 735
5 581
7 581
16 385
17 385
9 615
0 139
0 641
0 448
11 1064
0 1064
3 2225
0 89
2 941
0 89
0 1419
0 452
0 80
20 554
0 89
0 1294
20 1294
19 381
7 1948
0 1948
3 1948
1 1948
26 962
12 448
0 352
0 137
0 594
11 1708
0 1708
8 287
0 25
0 816
0 626
0 90
40 2339
0 1536
0 233
9 69
0 319
0 796
0 446
0 527
1 142
3 369
0 153
0 590
0 385
19 413
6 446
7 2395
0 2395
3 404
295 592
13 2163
10 2163
12 2163
3 55
25 191
0 2423
11 2423
1 2423
1 344
0 196
0 452
18 1403
0 1205
2 1205
3 1014
0 294
0 448
0 86
0 395
2 844
0 844
0 303
0 1360
0 812
3 107
0 562
2 479
10 467
0 1733
11 1733
7 1733
0 80
0 739
0 446
20 247
0 389
0 733
3 215
2 295
3 431
0 175
0 130
1 187
12 135
1 284
2 371
12 330
20 1724
10 1724
23 1724
4 549
1 919
51 1139
2 896
3 896
9 437
1 103
0 264
3 261
1 264
0 648
7 1577
2 1501
3 1501
1 1501
20 617
2 1618
0 285
2 504
0 115
1 48
0 247
1 737
0 223
0 509
0 311
16 594
4 477
0 345
4 733
2 789
5 789
0 605
24 1747
0 347
2 1511
3 1511
0 362
1 147
0 307
0 139
1 139
0 382
2 1766
31 788
8 788
13 788
20 788
32 788
0 788
2 788
33 788
11 788
0 694
2 694
3 307
1 174
6 371
1 1077
0 537
5 178
0 103
3 290
3 3159
2 3159
0 3159
0 1331
10 50
0 716
0 508
11 1909
8 1909
10 1909
0 1618
0 1618
1 384
1 384
0 102
0 94
1 585
1 474
29 535
0 261
0 295
0 169
0 148
8 183
5 876
3 733
15 1787
3 1787
0 1787
32 617
0 1553
2 1553
2 504
4 343
3 632
0 127
2 504
35 1083
2 65
52 1144
0 178
2 172
28 240
43 431
1 919
8 498
4 1618
3 1475
11 368
0 26
29 1965
67 1965
22 1965
65 1965
23 1965
110 1965
1 125
0 175
4 55
12 379
0 229
1 229
0 230
1 1042
0 344
0 323
1 746
5 876
2 479
3 406
5 504
0 171
50 575
13 764
9 1913
3 1913
5 1057
5 269
1 173
3 344
0 772
0 242
1 1695
2 1695
1 382
2 764
0 175
0 94
0 811
0 394
1 1287
0 176
1 139
0 310
0 360
5 230
0 811
2 381
6 1129
2 1129
16 1129
21 638
0 1071
49 1410
0 1410
2 1410
0 811
0 497
3 37
0 285
0 305
5 256
0 360
5 233
1 623
1 1061
0 260
0 452
0 563
1 592
6 144
16 327
0 617
0 337
0 362
269 5976
49 5976
9 5976
100 5976
167 5976
0 5976
56 5976
59 5976
25 5976
5 1075
1 379
17 661
0 162
19 2517
16 431
1 100
1 1386
35 850
2 511
1 405
1 1102
0 1102
0 370
3 196
1 361
10 841
1 698
0 124
0 290
2 218
5 439
6 229
0 349
0 89
0 360
2 333
2 333
0 526
0 122
0 412
0 196
3 874
1 247
0 896
2 338
4 338
3 142
6 1779
229 1779
5 1779
112 1779
0 1238
8 876
21 1853
28 1853
36 1853
33 592
0 564
2 173
0 1539
0 158
0 812
9 584
2 328
7 262
0 816
0 99
14 796
0 404
1 146
0 345
13 464
4 228
14 274
62 919
0 502
0 1110
2 122
4 446
5 518
2 141
1 585
0 561
1 2808
0 1357
240 1416
3 204
1 100
63 563
6 564
0 473
40 1110
0 339
64 327
4 308
14 295
3 587
0 777
0 558
0 149
10 209
2 279
6 962
18 3095
30 3095
38 3095
27 1617
10 1617
3 1617
4 1617
0 318
1 327
11 1767
21 1767
1 1767
4 1767
1 240
1 1071
0 522
0 1618
2 465
1 465
3 465
