0 384
1 375
0 392
1 576
0 576
1 776
0 776
3 511
37 2287
15 2287
11 745
0 745
18 914
1 338
0 448
1 691
0 691
0 183
2 914
25 1155
23 1155
168 1155
33 1155
29 1155
9 1370
4 1623
0 7389
2 7389
26 7389
83 7389
136 7389
34 7389
50 7389
49 7389
30 7389
10 7389
618 7389
0 2339
1 615
3 1288
0 176
8 1265
68 1265
19 1265
1 150
5 79
1 1983
3 1983
31 1983
30 1983
5 269
11 397
2 1208
1 1208
35 1208
44 1474
2 240
0 448
0 558
3 1113
1 1113
0 79
2 305
0 400
0 388
1 590
1 1483
2 152
3 152
0 796
47 1536
1 805
0 276
0 328
1 1267
3 1267
5 1267
17 1267
0 1267
1 522
4 198
33 1013
21 1013
3 152
0 1303
2 1008
1 1008
4 327
1 562
7 737
5 737
4 264
1 175
0 44
0 89
12 1913
8 1913
4 1539
0 973
0 855
0 301
51 7645
91 7645
0 7645
53 7645
200 7645
6 7645
2 7645
9 7645
11 7645
63 7645
73 7645
17 7645
19 7645
16 7645
69 7645
24 7645
58 7645
71 7645
154 7645
54 7645
326 9306
12 9306
48 9306
5 9306
4 9306
82 9306
0 9306
2 9306
6 9306
193 9306
39 9306
3 9306
45 9306
174 9306
1 9306
42 9306
24 9306
53 9306
6 3760
55 3760
1 3760
0 3760
11 3760
16 3760
8 3760
3 3760
2 689
8 295
4 1454
0 1454
2 1454
11 1454
0 626
0 203
0 405
2 794
0 794
0 844
90 657
0 1110
2 150
1 1071
0 812
0 812
1 422
8 896
0 395
4 2339
0 135
11 324
8 721
0 79
1 204
1 811
0 368
0 380
0 380
4 384
2 152
0 98
1 68
20 446
2 777
9 777
3 884
11 884
0 1514
22 876
17 348
0 169
2 663
0 663
1 303
0 240
0 441
23 1474
0 733
8 1077
0 404
1 973
0 138
28 1618
12 567
7 876
1 176
2 2150
37 2150
8 876
8 311
4 1597
13 1597
9 1597
1 1597
2 618
0 98
0 184
1 776
0 776
0 497
4 57
0 392
0 670
5 670
0 392
3 511
0 247
0 876
0 344
10 965
9 1539
1 509
4 215
3 176
4 215
4 215
3 1386
0 283
2 764
0 465
1 792
46 10782
5 10782
25 10782
50 10782
53 10782
86 10782
11 10782
146 10782
78 10782
95 10782
67 10782
87 10782
6 10782
14 10782
32 10782
51 10782
153 10782
40 10782
37 10782
36 10782
24 10782
16 10782
91 10782
0 10782
67 10782
64 10782
0 224
17 767
4 144
43 540
3 2510
55 2510
60 269
12 269
0 1269
1 1269
8 919
2 782
0 448
1 931
0 931
0 247
0 89
0 2038
14 2038
11 2038
1 446
0 737
0 1898
1 1898
35 584
6 1360
5 2257
24 2257
1 1695
1 2339
3 1072
2 746
2 746
2 2150
5 2150
17 3410
1 3410
5 3410
2 746
2 2150
7 2150
2 764
2 746
0 456
2 590
13 2449
0 2449
17 191
5 777
13 266
5 1027
9 976
93 976
27 3000
5 3000
57 3000
101 3000
37 3000
10 3000
2 202
1 456
11 777
3 381
3 295
0 186
1 441
0 94
11 68
1 287
0 240
39 142
0 240
11 655
0 1197
9 2831
6 2831
4 2831
0 2831
1 1331
0 4210
2 4210
65 4210
5 4210
11 4210
31 4210
39 4210
9 4210
3 4210
6 4210
70 4210
3 20
2 209
0 677
2 677
6 1547
5 1547
1 888
0 888
0 344
22 413
20 1012
3 1012
14 1012
0 269
1 467
3 504
37 1110
1 585
2 2128
7 2128
4 2128
2 960
2 1483
7 1536
4 1536
0 1110
2 1069
5 1069
0 1069
1 1014
57 811
0 1110
0 423
0 93
22 183
1 384
0 724
14 2375
4 2375
5 2375
1 178
28 788
8 788
12 788
21 788
32 788
0 788
3 788
31 788
10 788
3 203
6 226
1 4949
21 4949
3 4949
25 4949
42 4949
177 4949
141 4949
0 120
115 2150
8 2150
15 2150
0 653
3 689
20 2955
16 2955
11 2955
15 2955
14 2955
3 2955
8 2955
4 1695
3 439
3 439
0 225
35 2163
28 2163
368 13875
11 13875
216 13875
148 13875
212 13875
107 13875
117 13875
28 13875
325 13875
141 13875
2176 13875
169 13875
57 13875
3 13875
8 2339
2 222
0 150
4 1164
35 1164
43 1164
3 2347
0 2347
1 2347
2 2347
1 633
0 384
55 3126
75 3126
10 3126
35 3126
54 3126
47 3126
70 3126
4 1078
0 1078
25 1078
0 267
0 1926
16 526
1 812
12 858
31 5657
88 5657
59 5657
37 5657
18 5657
74 5657
159 5657
42 5657
1 1042
0 423
1 218
2 172
61 1307
116 1021
0 384
0 400
1 240
1 247
5 176
0 247
0 124
2 618
0 247
18 1708
58 1708
82 1708
50 1708
0 762
1 762
2 152
6 371
0 264
1 442
0 442
0 389
94 5642
34 5642
185 5642
273 5642
100 5642
38 5642
8 5642
3 416
0 223
0 86
11 543
5 1403
1 1403
1 679
1 2517
0 87
43 689
6 336
0 89
0 153
6 1403
0 1963
7 1963
10 2002
22 2002
2 2002
0 147
0 147
10 163
0 264
2 1539
3 264
1 590
0 181
17 241
5 465
69 764
124 764
15 764
12 295
1 1652
2 1652
0 1967
0 86
0 1110
0 1183
1 1183
2 1183
0 876
0 389
0 1124
5 1124
14 1014
0 961
4 961
15 961
0 526
0 359
19 1130
3 257
2 1386
4 842
13 1042
0 257
10 2403
72 2403
14 2403
1 106
1 375
25 617
0 270
0 270
1 340
16 327
0 380
1 518
0 587
2 587
0 384
0 424
0 264
0 699
6 1317
0 1317
12 1317
1 120
7 594
0 538
0 603
18 1130
0 344
0 240
4 1241
0 122
0 855
0 1898
1 1898
0 1898
1 1898
0 384
2 17
3 914
3 777
8 163
8 4713
18 4713
2 4713
548 4713
0 4713
16 4713
0 44
11 2150
39 2150
21 2150
45 2150
0 402
22 266
6 781
8 781
12 781
3 781
3 664
3 689
3 874
0 796
0 796
74 1464
1 1464
4 1464
0 548
0 382
3 233
3 663
14 257
12 506
42 1012
4 257
3 626
0 371
60 782
20 3816
1 3816
7 3816
10 3816
5 3816
6 3816
92 3816
1 340
0 1347
1 1347
0 149
2 554
5 364
23 364
11 295
49 435
2 695
24 1247
42 1247
6 423
2 914
0 265
4 631
2 631
0 186
0 518
3 171
34 511
3 431
11 2308
1 2308
46 2303
5 2303
5 145
2 145
18 145
2 467
6 518
1 405
2 318
1 423
5 324
1 389
59 8726
8 8726
141 8726
32 8726
255 8726
11 8726
200 8726
58 8726
4 8726
3 8726
67 8726
45 8726
125 8726
3 422
2 108
1 456
0 1036
1 1036
19 391
2 344
1 679
2 154
35 397
15 3066
16 3066
10 3066
11 1214
28 1214
7 1595
93 1595
5 764
0 457
0 368
0 376
2 209
2 209
1 1191
0 1191
0 592
1 378
4 141
0 389
0 446
3 264
0 526
4 1110
1381 12734
40 12734
0 12734
239 12734
62 12734
132 12734
970 12734
93 12734
16 12734
229 12734
205 12734
146 12734
341 12734
258 12734
154 12734
301 12734
354 12734
202 12734
0 203
0 89
4 653
17 295
1 841
0 441
2 384
0 876
62 1264
72 1264
22 1264
0 404
3 1483
0 1110
1 590
1 590
3 264
0 107
19 1386
0 148
0 89
20 842
0 461
2 669
0 669
5 737
1 699
4 423
6 737
0 107
0 107
1 148
0 473
24 2629
20 2629
23 2629
3 2629
0 384
1 1589
3 1589
0 1589
7 113
0 2696
2 2696
48 2696
0 774
4 664
107 987
3 987
0 987
46 4344
17 4344
64 4344
22 4344
20 4344
26 4344
24 4344
3 222
8 626
7 1376
5 1376
1 1376
6 1376
0 558
0 680
6 680
4 234
5 177
3 177
0 384
1 441
18 441
5 376
2 1511
4 1511
5 522
1 522
0 169
6 737
4 664
3 479
0 2238
1 2238
18 2238
15 2238
17 1074
15 737
2 762
2 2517
29 788
0 2300
4 2300
9 762
1 618
0 183
0 270
3 558
0 252
15 295
58 1913
139 1913
4 656
8 656
2 656
0 240
4 423
153 764
0 373
15 446
5 357
5 423
10 632
1 590
1 562
17 456
0 9
293 587
1 562
30 1014
9 774
0 404
6 567
10 1407
3 594
1 690
0 690
0 250
0 127
0 295
35 2725
54 2725
48 2725
51 2725
25 2725
2 442
0 442
1 518
0 508
2 269
1 269
0 38
28 6094
113 6094
92 6094
138 6094
131 6094
4 1370
2 2737
69 2737
64 1409
22 526
16 465
3 339
2 960
1 960
30 382
1 295
0 404
3 431
15 1536
1 615
0 844
1 308
1 504
0 560
3 730
0 730
5 764
7 1701
0 240
12 283
0 596
0 392
7 2339
15 2339
1 303
0 461
18 563
32 438
4 122
24 980
12 980
14 845
2 665
17 378
5 352
7 889
18 889
0 189
2 431
0 751
19 526
2 1955
11 1955
1 1955
18 1955
12 1955
3 1955
294 9453
231 9453
297 9453
104 9453
86 9453
399 9453
27 9453
217 9453
132 9453
278 9453
196 9453
309 9453
118 9453
195 9453
182 9453
28 3604
143 3604
122 3604
637 3604
76 3604
4 2982
17 2982
1 2982
8 2982
27 2982
15 1152
16 499
0 181
1 181
14 249
9 613
13 395
0 575
0 122
3 1114
0 1114
23 283
23 283
7 241
4 55
15 655
5 1887
15 1887
72 1887
2 7512
13 7512
10 7512
11 7512
87 7512
14 7512
3 7512
132 7512
100 7512
220 7512
41 7512
7 7512
19 7512
278 7512
126 7512
4 328
11 623
7 106
7 82
11 305
1 196
21 151
10 439
13 328
22 2031
122 4370
112 4370
99 4370
121 4370
60 4370
91 4370
88 4370
86 4370
5 340
0 360
1 269
3 413
14 887
3 187
11 187
2 534
3 1539
23 726
16 257
3 202
5 764
1 764
0 473
9 729
7 729
8 729
4 174
11 593
1 326
20 282
1 59
9 2849
156 2849
17 2849
113 2849
0 225
17 435
8 435
3 522
4 146
0 479
19 399
2 587
1 562
31 788
18 788
25 788
30 788
29 788
0 788
7 788
36 788
23 788
33 473
23 473
22 1528
1 1528
49 1904
26 1904
10 733
1 219
8 2417
0 2417
72 594
40 594
55 594
7 620
2 620
3 476
22 476
1 405
52 1695
1 91
5 91
0 1223
1 1223
3 1223
3 479
1 328
39 1879
17 1879
10 4834
54 4834
17 4834
0 4834
80 4834
26 4834
0 145
16 739
4 336
25 361
4 177
9 413
32 759
1 191
5 191
29 240
7 233
2 177
3 176
2 318
15 807
29 807
0 761
4 446
1 931
0 931
1 1074
40 812
10 287
12 764
0 1043
4 857
5 922
3 558
14 558
32 279
24 173
10 130
42 617
28 617
19 1707
4 1707
12 4275
29 4275
16 4275
15 4275
39 4275
0 1149
1 1149
6 1149
10 2971
6 2971
2 336
3 318
0 1026
0 92
1 92
0 311
2 161
4 774
4 127
2 379
18 400
0 428
8 381
1 562
1 497
0 393
15 279
0 323
17 395
18 223
0 362
16 509
22 2434
7 716
17 388
10 233
1 484
1 484
1 484
5 1075
3 1075
0 1075
4 1075
7 118
7 114
22 844
32 844
5 306
4 1742
14 1742
6 1742
1 441
0 655
111 764
21 509
332 3737
2 3737
15 3737
11 3737
10 562
257 2181
0 338
0 40
13 379
1 405
1 474
1 98
6 1143
17 368
3 699
3 343
12 126
4 1644
0 1644
6 767
13 767
61 767
7 20
19 310
1 354
0 61
8 297
69 727
0 395
1 1618
2 233
12 381
9 473
16 217
3 152
93 768
13 171
2 567
5 301
5 461
31 788
14 788
24 788
30 788
32 788
0 788
6 788
36 788
20 788
1 405
0 653
13 139
10 324
2 973
4 1386
1 633
13 664
28 1618
1 395
0 295
4 344
4 230
295 2219
0 385
25 527
1 1926
2 1926
3 548
3 919
0 699
2 472
1 327
1 821
8 821
10 821
0 526
22 567
43 1012
15 1012
10 1012
3 562
60 739
10 266
13 227
0 241
10 635
9 391
7 177
9 407
9 435
31 535
19 527
1 371
2 371
1 240
0 57
13 297
0 262
3 361
15 1312
0 84
4 287
0 509
1 585
30 592
23 812
72 2339
17 290
0 948
1 948
9 448
19 973
12 360
1 389
53 1646
11 2101
2 2101
18 2101
22 2101
8 876
9 472
3 265
13 777
44 502
11 137
26 209
3 144
0 183
0 370
18 135
3 120
45 962
20 721
0 114
45 3218
7 1747
0 231
13 1110
0 153
3 290
1 397
4 325
22 319
15 382
137 5267
111 5267
84 5267
73 5267
310 5267
127 5267
206 5267
319 5267
33 5267
32 5267
49 5267
13 5267
89 5267
207 5267
23 1034
2 1034
54 2191
20 2191
20 247
16 247
108 1416
151 1027
10 319
11 1042
19 384
4 163
0 127
1 484
16 900
3 544
27 265
10 368
1 930
35 2416
41 2416
22 2416
40 919
0 407
0 382
0 247
0 233
1 1183
2 1183
0 1183
1 1185
0 382
2 340
2 3763
23 3763
0 177
6 477
0 141
0 242
3 295
5 295
6 395
37 615
4 308
3 1695
29 511
0 227
0 257
5 2339
1 395
0 359
0 761
2 257
0 176
4 336
3 195
1 365
0 240
2 230
6 196
5 338
12 1116
11 1116
12 1124
2 300
6 1623
38 906
1 57
0 188
3 1057
2 233
6 721
4 318
0 735
0 699
3 446
0 310
3 165
12 465
43 1130
31 679
4 392
8 348
0 1898
1 1898
6 472
1 950
0 950
6 950
0 191
14 1695
0 324
3 282
5 861
4 1695
24 360
7 960
9 388
1 1701
0 453
1 453
0 247
4 461
0 295
0 1042
15 549
25 319
9 1110
42 2517
13 866
24 866
6 141
6 387
2 48
1 1791
21 1791
6 511
3 275
8 286
1 423
21 191
19 950
1 509
0 861
3 364
17 364
0 378
15 3651
2 364
14 364
1 298
23 679
6 654
0 177
3 605
19 392
20 392
7 569
0 43
3 414
0 272
10 327
17 2050
15 2050
11 2050
8 617
8 927
23 1268
36 1268
54 1268
12 1413
4 157
5 317
12 790
71 790
0 812
15 1077
29 584
31 562
6 1360
6 1695
39 405
4 587
0 127
29 1592
9 1592
21 1719
9 1719
14 1719
0 548
3 548
4 195
11 352
3 1043
15 2703
18 2703
8 2703
3 2703
6 1165
6 395
3 1323
0 1323
2 1323
11 1323
9 1323
0 118
7 165
22 663
24 451
8 1536
2 1526
8 1526
5 1526
2 116
13 327
2 587
12 139
3 325
38 1288
2 116
15 240
1 217
105 712
9 1386
0 2339
23 2517
15 381
10 284
6 183
15 295
3 2517
46 2339
0 465
2 247
1 2517
0 55
1 281
5 247
8 1360
2 461
38 3761
1 590
10 594
39 378
6 1539
2 108
324 4338
185 1552
2 152
24 646
2 306
0 657
2 657
21 1042
20 421
4 1042
4 222
7 1034
0 270
0 1104
6 486
0 502
0 57
4 816
15 2365
41 1074
1 187
1 2236
2 2236
3 2236
6 2236
1 405
32 1110
2 497
19 222
0 120
0 151
1 1392
0 230
0 86
2 78
92 2339
0 9
1 1021
10 318
5 308
38 279
1 762
0 88
10 721
63 1027
1 500
1 89
4 86
11 159
11 733
13 725
1 276
2 497
5 1130
0 456
3 654
2 777
0 53
3 340
41 475
2 142
0 694
0 41
0 90
3 588
1 588
2 588
0 214
0 67
1 588
1 327
6 342
3 588
2 193
2 161
8 90
4 588
0 41
11 322
2 718
2 142
10 567
11 588
5 113
0 120
0 588
48 567
60 588
0 588
3 483
0 588
2 218
8 588
0 282
0 282
14 588
14 218
0 327
1 24
0 274
3 274
2 214
1 142
0 90
12 90
2 228
15 567
0 229
16 567
2 343
1 228
1 327
1 43
6 386
3 694
11 228
1 475
0 588
18 475
52 946
0 475
0 567
3 457
4 327
4 483
3 343
0 116
0 475
13 228
0 342
7 327
25 560
15 229
0 99
5 588
8 43
7 43
0 168
3 141
10 483
0 16
2 588
5 386
1 334
12 588
11 588
28 588
14 588
0 90
3 588
1 271
3 588
11 386
1 67
43 560
10 342
0 454
3 588
10 588
2 211
13 694
24 694
12 228
21 327
3 588
6 752
0 53
4 229
3 588
3 41
0 374
0 334
23 588
1 475
8 110
1 229
0 58
1 588
0 142
4 153
1 334
1 116
8 118
3 588
8 386
5 327
2 142
13 228
12 156
3 588
1 588
1 327
2 343
6 153
24 475
11 588
0 99
0 588
2 588
38 574
0 694
1 90
25 694
2 56
25 560
5 342
10 322
1 752
3 588
47 327
1 193
8 454
0 342
0 67
0 327
2 588
1 229
0 342
0 67
200 2673
0 211
4 483
0 327
4 228
4 33
13 962
1 1539
0 125
0 120
5 80
1 816
0 554
0 176
0 406
0 66
14 473
0 977
0 844
2 290
16 502
0 88
4 275
2 147
10 515
0 1205
0 1403
0 1695
17 605
5 605
1 1347
0 1347
1 1516
0 295
0 473
0 59
15 1021
3 788
18 228
0 1110
0 88
1 768
2 476
0 337
2 340
50 1695
0 127
2 308
1 378
0 241
17 452
0 284
1 1900
0 1900
3 3101
0 3101
0 6
1 218
7 664
0 158
0 423
5 951
1 951
0 623
0 399
3 1577
0 278
1 214
7 2150
0 2150
0 145
1 404
0 1074
4 336
0 362
6 594
1 216
0 439
2 527
1 1386
1 639
18 762
0 625
1 625
0 725
0 395
0 1036
0 1042
13 393
2 1539
1 368
2 1539
18 117
6 632
3 1042
4 518
11 567
0 452
1 1071
0 347
1 303
0 120
0 270
28 2237
0 2237
7 2237
9 2237
19 2237
0 233
183 1552
0 409
0 1230
3 1230
0 853
2 400
0 126
0 446
18 857
1 973
2 274
1 274
11 3390
45 3390
24 3390
29 3390
0 584
47 890
0 626
3 216
0 1346
0 247
8 287
3 79
0 196
10 191
227 7353
2 7353
96 7353
501 7353
197 7353
62 7353
290 7353
10 7353
1 7353
638 7353
11 7353
111 7353
5 7353
417 7353
4 7353
34 7353
0 141
14 2466
11 2466
0 2466
27 2466
3 1456
84 10604
78 10604
0 10604
79 10604
140 10604
4 10604
166 10604
188 10604
34 10604
112 10604
26 10604
190 10604
136 10604
57 10604
151 10604
284 10604
11 1655
16 1655
0 407
6 1162
18 1162
4 1162
9 1162
3 479
24 623
0 87
2 564
4 391
0 295
8 590
0 508
8 1695
3 47
32 788
18 788
24 788
27 788
31 788
0 788
9 788
28 788
17 788
1 230
0 739
1 436
1 1695
0 247
4 626
0 567
1 115
3 48
0 344
34 684
173 764
5 582
85 1072
28 1862
1 1862
1 369
6 876
1 625
3 233
4 937
0 937
19 937
0 230
1 421
0 272
0 218
5 812
30 826
0 919
9 887
1 1072
106 2339
7 958
1 958
1 1623
0 141
1 792
2 811
7 2330
2 2330
0 247
11 974
1 120
1 182
5 423
0 1967
0 30
0 384
10 549
3 1153
5 497
2 188
21 498
0 157
4 157
1 2339
7 950
1 57
9 135
0 473
0 962
0 448
0 163
0 414
14 1161
2 1161
1 1161
1 117
2 96
0 1403
0 1346
1 139
11 1110
0 473
1 318
0 318
2 700
0 162
17 1967
2 1539
0 1539
0 106
116 5662
83 5662
131 5662
129 5662
149 5662
3 1536
5 1536
6 625
14 2565
6 2565
4 2565
8 2565
5 2565
3 2565
4 1747
0 384
6 183
0 1249
1 1249
0 87
0 812
2 746
2 2128
0 2128
1 2128
0 473
2 67
3 124
32 178
1 764
7 379
2 2396
0 2396
1 2396
9 890
1 890
3 890
0 38
0 2407
2 2407
4 2407
7 2407
2 735
5 581
8 581
13 385
15 385
10 615
0 139
0 641
0 448
10 1064
0 1064
5 2225
0 89
1 941
1 89
0 1419
1 452
0 80
19 554
0 89
0 1294
23 1294
15 381
4 1948
0 1948
3 1948
1 1948
18 962
12 448
0 352
0 137
0 594
9 1708
0 1708
12 287
0 25
0 816
0 626
1 90
33 2339
0 1536
0 233
6 69
0 319
0 796
0 446
0 527
1 142
3 369
0 153
0 590
0 385
19 413
7 446
4 2395
1 2395
7 404
295 592
13 2163
10 2163
12 2163
3 55
25 191
1 2423
9 2423
0 2423
1 344
0 196
0 452
20 1403
1 1205
2 1205
3 1014
0 294
0 448
0 86
0 395
2 844
0 844
1 303
0 1360
0 812
3 107
0 562
2 479
8 467
1 1733
13 1733
7 1733
0 80
0 739
0 446
23 247
0 389
0 733
3 215
2 295
2 431
0 175
0 130
1 187
11 135
0 284
3 371
15 330
16 1724
7 1724
21 1724
4 549
1 919
46 1139
2 896
3 896
8 437
1 103
0 264
2 261
1 264
0 648
6 1577
2 1501
3 1501
1 1501
18 617
1 1618
0 285
4 504
0 115
1 48
0 247
1 737
0 223
0 509
0 311
16 594
6 477
0 345
4 733
3 789
5 789
0 605
24 1747
0 347
1 1511
3 1511
0 362
1 147
0 307
0 139
1 139
0 382
2 1766
33 788
9 788
15 788
21 788
32 788
0 788
2 788
35 788
11 788
0 694
2 694
2 307
1 174
6 371
4 1077
0 537
5 178
0 103
3 290
3 3159
2 3159
0 3159
0 1331
24 50
0 716
0 508
11 1909
8 1909
10 1909
0 1618
0 1618
1 384
1 384
0 102
0 94
1 585
1 474
28 535
0 261
0 295
0 169
0 148
8 183
5 876
3 733
14 1787
3 1787
0 1787
33 617
0 1553
2 1553
4 504
4 343
3 632
0 127
1 504
35 1083
2 65
62 1144
0 178
2 172
29 240
44 431
1 919
7 498
5 1618
4 1475
11 368
2 26
19 1965
60 1965
22 1965
61 1965
16 1965
101 1965
1 125
0 175
5 55
12 379
0 229
1 229
0 230
1 1042
0 344
0 323
1 746
7 876
3 479
3 406
5 504
0 171
38 575
10 764
9 1913
3 1913
3 1057
4 269
1 173
3 344
0 772
0 242
1 1695
1 1695
0 382
4 764
0 175
0 94
0 811
0 394
0 1287
0 176
2 139
0 310
0 360
2 230
1 811
2 381
5 1129
3 1129
15 1129
18 638
0 1071
47 1410
0 1410
1 1410
0 811
0 497
3 37
0 285
0 305
5 256
0 360
5 233
1 623
4 1061
0 260
1 452
0 563
1 592
6 144
17 327
0 617
0 337
0 362
303 5976
53 5976
5 5976
89 5976
169 5976
0 5976
77 5976
42 5976
21 5976
5 1075
1 379
16 661
0 162
20 2517
14 431
1 100
1 1386
35 850
2 511
1 405
0 1102
1 1102
0 370
6 196
1 361
12 841
1 698
0 124
0 290
1 218
4 439
7 229
0 349
0 89
0 360
1 333
1 333
0 526
0 122
0 412
0 196
3 874
1 247
1 896
2 338
4 338
4 142
6 1779
229 1779
5 1779
112 1779
1 1238
10 876
21 1853
26 1853
33 1853
30 592
0 564
1 173
0 1539
0 158
0 812
8 584
2 328
7 262
0 816
0 99
18 796
0 404
1 146
0 345
12 464
3 228
14 274
72 919
0 502
0 1110
2 122
4 446
6 518
0 141
1 585
0 561
1 2808
0 1357
234 1416
3 204
1 100
65 563
5 564
0 473
37 1110
0 339
64 327
4 308
14 295
3 587
0 777
0 558
0 149
10 209
2 279
6 962
14 3095
25 3095
36 3095
21 1617
11 1617
3 1617
4 1617
0 318
1 327
10 1767
19 1767
1 1767
4 1767
1 240
1 1071
0 522
0 1618
2 465
0 465
3 465
