0 384
1 375
0 392
1 576
0 576
1 776
0 776
3 511
32 2287
12 2287
8 745
0 745
19 914
0 338
0 448
1 691
0 691
0 183
2 914
22 1155
27 1155
158 1155
28 1155
23 1155
9 1370
4 1623
0 7389
3 7389
26 7389
62 7389
109 7389
27 7389
50 7389
43 7389
32 7389
6 7389
598 7389
0 2339
1 615
1 1288
0 176
6 1265
43 1265
18 1265
1 150
3 79
0 1983
3 1983
21 1983
29 1983
4 269
11 397
2 1208
0 1208
24 1208
41 1474
3 240
0 448
0 558
2 1113
0 1113
0 79
2 305
0 400
0 388
1 590
1 1483
3 152
3 152
0 796
43 1536
0 805
0 276
0 328
1 1267
2 1267
5 1267
14 1267
0 1267
1 522
4 198
28 1013
19 1013
3 152
0 1303
2 1008
1 1008
4 327
1 562
7 737
6 737
4 264
1 175
0 44
0 89
11 1913
6 1913
4 1539
0 973
0 855
0 301
42 7645
93 7645
0 7645
51 7645
166 7645
8 7645
2 7645
9 7645
11 7645
47 7645
57 7645
14 7645
17 7645
15 7645
50 7645
22 7645
48 7645
68 7645
141 7645
37 7645
318 9306
10 9306
49 9306
6 9306
4 9306
88 9306
0 9306
2 9306
5 9306
225 9306
40 9306
3 9306
46 9306
161 9306
1 9306
51 9306
28 9306
48 9306
4 3760
65 3760
1 3760
0 3760
10 3760
16 3760
9 3760
3 3760
2 689
8 295
4 1454
0 1454
2 1454
11 1454
1 626
0 203
0 405
2 794
0 794
0 844
100 657
0 1110
4 150
1 1071
0 812
0 812
0 422
6 896
0 395
5 2339
0 135
10 324
7 721
0 79
2 204
1 811
0 368
0 380
0 380
4 384
2 152
0 98
2 68
10 446
1 777
10 777
3 884
12 884
0 1514
17 876
7 348
0 169
2 663
0 663
1 303
0 240
0 441
22 1474
0 733
7 1077
0 404
1 973
0 138
24 1618
12 567
7 876
1 176
2 2150
25 2150
10 876
7 311
4 1597
16 1597
8 1597
1 1597
2 618
0 98
0 184
1 776
0 776
0 497
3 57
0 392
0 670
4 670
0 392
2 511
0 247
0 876
0 344
8 965
9 1539
1 509
4 215
3 176
4 215
4 215
2 1386
0 283
1 764
0 465
1 792
39 10782
4 10782
18 10782
52 10782
51 10782
65 10782
10 10782
112 10782
71 10782
85 10782
60 10782
80 10782
6 10782
13 10782
24 10782
45 10782
114 10782
34 10782
31 10782
32 10782
21 10782
14 10782
95 10782
0 10782
60 10782
54 10782
0 224
16 767
3 144
42 540
3 2510
41 2510
55 269
11 269
0 1269
1 1269
5 919
2 782
0 448
1 931
0 931
0 247
0 89
0 2038
14 2038
9 2038
1 446
1 737
0 1898
1 1898
32 584
5 1360
5 2257
24 2257
1 1695
0 2339
3 1072
1 746
2 746
1 2150
5 2150
19 3410
1 3410
3 3410
1 746
2 2150
5 2150
0 764
1 746
0 456
2 590
12 2449
0 2449
16 191
2 777
8 266
3 1027
10 976
90 976
26 3000
5 3000
34 3000
103 3000
28 3000
10 3000
2 202
1 456
8 777
3 381
3 295
0 186
2 441
0 94
10 68
1 287
0 240
38 142
0 240
11 655
0 1197
8 2831
5 2831
4 2831
0 2831
1 1331
0 4210
1 4210
69 4210
5 4210
11 4210
29 4210
42 4210
7 4210
3 4210
6 4210
75 4210
3 20
2 209
0 677
2 677
5 1547
3 1547
1 888
0 888
0 344
18 413
19 1012
2 1012
5 1012
0 269
1 467
3 504
34 1110
1 585
2 2128
5 2128
3 2128
2 960
1 1483
7 1536
3 1536
0 1110
2 1069
3 1069
0 1069
1 1014
57 811
0 1110
0 423
0 93
21 183
0 384
0 724
9 2375
4 2375
5 2375
1 178
21 788
8 788
10 788
15 788
29 788
0 788
1 788
24 788
9 788
3 203
6 226
1 4949
16 4949
2 4949
18 4949
43 4949
138 4949
127 4949
0 120
119 2150
2 2150
13 2150
0 653
3 689
19 2955
14 2955
10 2955
13 2955
15 2955
3 2955
8 2955
4 1695
3 439
3 439
0 225
27 2163
26 2163
355 13875
9 13875
180 13875
126 13875
140 13875
71 13875
76 13875
18 13875
335 13875
98 13875
2262 13875
143 13875
44 13875
3 13875
5 2339
2 222
0 150
4 1164
30 1164
35 1164
3 2347
0 2347
1 2347
4 2347
1 633
0 384
46 3126
61 3126
10 3126
22 3126
33 3126
34 3126
55 3126
4 1078
0 1078
19 1078
0 267
0 1926
19 526
1 812
12 858
28 5657
58 5657
49 5657
32 5657
13 5657
56 5657
139 5657
38 5657
1 1042
0 423
1 218
2 172
62 1307
109 1021
0 384
0 400
1 240
1 247
5 176
0 247
1 124
1 618
0 247
15 1708
47 1708
56 1708
38 1708
0 762
1 762
3 152
7 371
0 264
1 442
0 442
0 389
80 5642
33 5642
142 5642
264 5642
93 5642
40 5642
4 5642
3 416
0 223
0 86
12 543
3 1403
0 1403
1 679
1 2517
0 87
42 689
6 336
0 89
0 153
7 1403
0 1963
8 1963
10 2002
22 2002
2 2002
0 147
0 147
11 163
0 264
1 1539
3 264
1 590
0 181
20 241
4 465
69 764
127 764
15 764
15 295
1 1652
2 1652
0 1967
0 86
0 1110
2 1183
0 1183
1 1183
0 876
0 389
0 1124
3 1124
11 1014
0 961
3 961
11 961
0 526
0 359
21 1130
3 257
2 1386
4 842
13 1042
0 257
10 2403
71 2403
11 2403
0 106
0 375
22 617
0 270
0 270
1 340
15 327
0 380
1 518
0 587
1 587
0 384
0 424
0 264
0 699
4 1317
0 1317
9 1317
1 120
7 594
0 538
0 603
17 1130
0 344
0 240
4 1241
0 122
0 855
0 1898
1 1898
0 1898
1 1898
0 384
3 17
2 914
4 777
6 163
8 4713
17 4713
2 4713
571 4713
0 4713
16 4713
0 44
10 2150
33 2150
17 2150
35 2150
0 402
19 266
6 781
8 781
12 781
1 781
5 664
2 689
0 874
0 796
0 796
79 1464
1 1464
4 1464
0 548
0 382
3 233
2 663
14 257
10 506
29 1012
3 257
2 626
0 371
64 782
13 3816
1 3816
6 3816
8 3816
3 3816
5 3816
83 3816
0 340
0 1347
1 1347
0 149
1 554
4 364
22 364
12 295
44 435
1 695
20 1247
43 1247
3 423
2 914
0 265
4 631
2 631
0 186
0 518
3 171
36 511
2 431
7 2308
1 2308
36 2303
6 2303
4 145
3 145
17 145
1 467
6 518
1 405
3 318
1 423
4 324
1 389
54 8726
7 8726
145 8726
37 8726
208 8726
12 8726
185 8726
53 8726
4 8726
3 8726
55 8726
35 8726
91 8726
3 422
2 108
0 456
0 1036
1 1036
20 391
0 344
1 679
2 154
37 397
14 3066
12 3066
10 3066
9 1214
24 1214
7 1595
86 1595
7 764
0 457
0 368
0 376
2 209
2 209
2 1191
0 1191
0 592
1 378
5 141
0 389
0 446
3 264
0 526
4 1110
1336 12734
24 12734
0 12734
113 12734
68 12734
85 12734
927 12734
55 12734
15 12734
183 12734
157 12734
142 12734
277 12734
225 12734
129 12734
244 12734
323 12734
174 12734
0 203
0 89
2 653
15 295
0 841
0 441
3 384
0 876
53 1264
87 1264
30 1264
0 404
1 1483
0 1110
1 590
1 590
3 264
0 107
18 1386
0 148
0 89
19 842
1 461
2 669
0 669
7 737
1 699
3 423
3 737
0 107
0 107
1 148
0 473
19 2629
20 2629
9 2629
3 2629
0 384
1 1589
3 1589
0 1589
6 113
0 2696
1 2696
26 2696
0 774
4 664
104 987
3 987
0 987
40 4344
17 4344
59 4344
20 4344
16 4344
23 4344
24 4344
3 222
6 626
7 1376
5 1376
1 1376
6 1376
0 558
0 680
4 680
3 234
5 177
4 177
0 384
0 441
17 441
5 376
1 1511
4 1511
3 522
1 522
0 169
3 737
6 664
3 479
0 2238
2 2238
15 2238
10 2238
13 1074
12 737
1 762
2 2517
33 788
0 2300
4 2300
7 762
0 618
0 183
0 270
4 558
0 252
13 295
61 1913
131 1913
4 656
8 656
1 656
0 240
1 423
145 764
0 373
13 446
3 357
4 423
8 632
1 590
1 562
14 456
0 9
293 587
1 562
33 1014
7 774
0 404
4 567
6 1407
3 594
1 690
0 690
0 250
0 127
0 295
22 2725
33 2725
30 2725
31 2725
16 2725
2 442
0 442
1 518
0 508
0 269
1 269
0 38
20 6094
88 6094
73 6094
98 6094
102 6094
3 1370
1 2737
51 2737
59 1409
19 526
8 465
2 339
2 960
1 960
36 382
1 295
0 404
3 431
9 1536
1 615
0 844
1 308
2 504
0 560
2 730
3 730
5 764
10 1701
1 240
13 283
0 596
0 392
6 2339
11 2339
0 303
0 461
20 563
30 438
2 122
21 980
10 980
11 845
1 665
16 378
5 352
5 889
14 889
0 189
1 431
0 751
17 526
3 1955
10 1955
1 1955
17 1955
11 1955
2 1955
229 9453
207 9453
225 9453
70 9453
58 9453
324 9453
21 9453
165 9453
97 9453
230 9453
173 9453
203 9453
100 9453
141 9453
131 9453
24 3604
108 3604
125 3604
626 3604
80 3604
5 2982
18 2982
1 2982
9 2982
29 2982
8 1152
11 499
0 181
1 181
16 249
9 613
11 395
0 575
0 122
3 1114
0 1114
21 283
28 283
6 241
3 55
12 655
4 1887
12 1887
58 1887
3 7512
12 7512
10 7512
11 7512
95 7512
15 7512
2 7512
125 7512
107 7512
259 7512
39 7512
5 7512
20 7512
312 7512
142 7512
6 328
10 623
7 106
7 82
6 305
1 196
21 151
13 439
8 328
15 2031
96 4370
89 4370
75 4370
95 4370
41 4370
59 4370
71 4370
62 4370
4 340
0 360
1 269
2 413
17 887
2 187
11 187
2 534
2 1539
19 726
15 257
4 202
2 764
1 764
0 473
8 729
5 729
6 729
3 174
11 593
1 326
18 282
1 59
7 2849
136 2849
15 2849
98 2849
0 225
16 435
7 435
2 522
4 146
0 479
15 399
2 587
1 562
29 788
14 788
21 788
28 788
27 788
0 788
5 788
34 788
20 788
33 473
18 473
19 1528
1 1528
50 1904
26 1904
9 733
1 219
8 2417
0 2417
74 594
37 594
50 594
2 620
0 620
3 476
18 476
0 405
52 1695
0 91
5 91
0 1223
1 1223
3 1223
4 479
1 328
31 1879
11 1879
11 4834
46 4834
17 4834
0 4834
87 4834
26 4834
0 145
18 739
5 336
23 361
4 177
9 413
29 759
1 191
5 191
29 240
5 233
3 177
3 176
1 318
9 807
20 807
0 761
4 446
1 931
0 931
0 1074
38 812
10 287
14 764
0 1043
2 857
2 922
3 558
15 558
30 279
24 173
10 130
29 617
9 617
12 1707
2 1707
15 4275
25 4275
10 4275
13 4275
31 4275
0 1149
1 1149
4 1149
6 2971
4 2971
2 336
2 318
0 1026
0 92
1 92
0 311
2 161
2 774
4 127
1 379
12 400
0 428
9 381
1 562
1 497
0 393
12 279
0 323
16 395
18 223
0 362
16 509
11 2434
7 716
11 388
11 233
1 484
0 484
1 484
4 1075
4 1075
0 1075
5 1075
7 118
4 114
23 844
34 844
2 306
3 1742
11 1742
5 1742
0 441
0 655
121 764
18 509
316 3737
0 3737
8 3737
6 3737
10 562
263 2181
0 338
0 40
12 379
1 405
1 474
0 98
3 1143
16 368
5 699
3 343
14 126
4 1644
0 1644
5 767
12 767
65 767
7 20
19 310
1 354
0 61
6 297
71 727
1 395
0 1618
2 233
9 381
6 473
15 217
3 152
80 768
8 171
2 567
4 301
2 461
29 788
10 788
18 788
24 788
30 788
0 788
4 788
32 788
15 788
1 405
0 653
13 139
8 324
1 973
3 1386
0 633
12 664
22 1618
0 395
0 295
5 344
3 230
1109 2219
0 385
21 527
1 1926
1 1926
5 548
2 919
0 699
2 472
1 327
1 821
5 821
4 821
0 526
17 567
45 1012
11 1012
8 1012
3 562
58 739
9 266
14 227
0 241
9 635
7 391
7 177
6 407
8 435
28 535
20 527
0 371
2 371
1 240
0 57
14 297
0 262
4 361
14 1312
0 84
3 287
0 509
1 585
26 592
30 812
62 2339
17 290
0 948
1 948
3 448
27 973
8 360
1 389
66 1646
10 2101
0 2101
12 2101
17 2101
6 876
11 472
4 265
10 777
39 502
11 137
26 209
3 144
0 183
0 370
18 135
3 120
35 962
18 721
0 114
29 3218
7 1747
0 231
7 1110
0 153
1 290
1 397
4 325
22 319
13 382
97 5267
69 5267
46 5267
41 5267
254 5267
82 5267
150 5267
255 5267
23 5267
21 5267
35 5267
8 5267
49 5267
165 5267
21 1034
0 1034
39 2191
11 2191
18 247
16 247
81 1416
149 1027
8 319
9 1042
17 384
2 163
0 127
1 484
13 900
2 544
27 265
9 368
0 930
34 2416
36 2416
22 2416
41 919
0 407
0 382
0 247
0 233
1 1183
2 1183
0 1183
1 1185
0 382
2 340
2 3763
15 3763
0 177
3 477
0 141
0 242
3 295
4 295
4 395
28 615
3 308
1 1695
26 511
0 227
0 257
4 2339
1 395
0 359
0 761
2 257
0 176
4 336
2 195
1 365
0 240
2 230
6 196
5 338
7 1116
12 1116
8 1124
0 300
6 1623
41 906
0 57
0 188
2 1057
1 233
5 721
4 318
0 735
1 699
3 446
0 310
2 165
9 465
41 1130
42 679
1 392
10 348
0 1898
1 1898
7 472
1 950
0 950
6 950
0 191
13 1695
0 324
2 282
2 861
4 1695
27 360
7 960
10 388
1 1701
0 453
1 453
0 247
4 461
0 295
0 1042
15 549
25 319
6 1110
29 2517
10 866
18 866
10 141
6 387
2 48
1 1791
9 1791
4 511
2 275
9 286
1 423
10 191
18 950
0 509
0 861
1 364
17 364
0 378
10 3651
2 364
13 364
1 298
21 679
5 654
0 177
4 605
18 392
20 392
6 569
0 43
8 414
0 272
7 327
10 2050
6 2050
3 2050
6 617
6 927
21 1268
28 1268
41 1268
14 1413
4 157
5 317
15 790
79 790
0 812
18 1077
27 584
32 562
5 1360
3 1695
39 405
3 587
0 127
20 1592
5 1592
14 1719
2 1719
7 1719
0 548
3 548
4 195
11 352
2 1043
14 2703
18 2703
4 2703
5 2703
7 1165
5 395
3 1323
0 1323
2 1323
8 1323
5 1323
0 118
7 165
19 663
22 451
8 1536
2 1526
7 1526
4 1526
3 116
12 327
2 587
3 139
3 325
38 1288
3 116
9 240
1 217
105 712
9 1386
0 2339
18 2517
13 381
11 284
5 183
13 295
4 2517
58 2339
1 465
1 247
0 2517
0 55
1 281
5 247
7 1360
2 461
38 3761
1 590
7 594
35 378
7 1539
2 108
303 4338
191 1552
3 152
18 646
2 306
0 657
2 657
19 1042
28 421
3 1042
4 222
4 1034
0 270
0 1104
4 486
0 502
0 57
4 816
14 2365
37 1074
1 187
1 2236
2 2236
3 2236
6 2236
1 405
29 1110
2 497
16 222
0 120
0 151
1 1392
0 230
0 86
2 78
109 2339
0 9
1 1021
7 318
3 308
35 279
1 762
0 88
8 721
52 1027
1 500
1 89
4 86
9 159
9 733
17 725
1 276
2 497
5 1130
0 456
2 654
2 777
0 53
2 340
48 475
1 142
0 694
0 41
0 90
3 588
1 588
3 588
0 214
0 67
1 588
1 327
5 342
0 588
2 193
2 161
6 90
4 588
0 41
11 322
2 718
1 142
9 567
9 588
5 113
0 120
0 588
35 567
58 588
0 588
2 483
0 588
4 218
6 588
0 282
0 282
13 588
13 218
0 327
1 24
0 274
2 274
2 214
1 142
0 90
12 90
1 228
13 567
0 229
14 567
2 343
1 228
1 327
1 43
4 386
2 694
14 228
1 475
0 588
16 475
45 946
0 475
0 567
3 457
3 327
3 483
3 343
0 116
0 475
12 228
0 342
7 327
27 560
19 229
0 99
4 588
7 43
8 43
0 168
3 141
5 483
0 16
2 588
3 386
1 334
11 588
10 588
23 588
11 588
0 90
3 588
1 271
3 588
9 386
0 67
36 560
16 342
0 454
1 588
11 588
1 211
17 694
24 694
12 228
20 327
2 588
7 752
0 53
3 229
3 588
3 41
0 374
0 334
23 588
1 475
7 110
0 229
0 58
1 588
0 142
6 153
1 334
1 116
7 118
3 588
9 386
3 327
2 142
16 228
12 156
3 588
1 588
0 327
3 343
6 153
19 475
9 588
0 99
0 588
3 588
32 574
0 694
1 90
22 694
2 56
24 560
6 342
8 322
1 752
2 588
45 327
0 193
8 454
0 342
0 67
0 327
1 588
1 229
0 342
0 67
180 2673
0 211
4 483
0 327
3 228
4 33
12 962
1 1539
0 125
0 120
6 80
1 816
0 554
0 176
0 406
0 66
13 473
0 977
0 844
2 290
15 502
0 88
4 275
2 147
8 515
0 1205
0 1403
0 1695
18 605
3 605
1 1347
0 1347
1 1516
0 295
0 473
0 59
13 1021
4 788
17 228
0 1110
0 88
1 768
2 476
0 337
2 340
52 1695
0 127
2 308
1 378
0 241
15 452
0 284
1 1900
0 1900
1 3101
0 3101
0 6
1 218
6 664
0 158
0 423
3 951
1 951
0 623
0 399
4 1577
0 278
1 214
5 2150
0 2150
0 145
1 404
0 1074
4 336
0 362
6 594
1 216
0 439
2 527
1 1386
1 639
18 762
0 625
1 625
0 725
0 395
0 1036
0 1042
11 393
2 1539
1 368
3 1539
13 117
1 632
2 1042
4 518
6 567
0 452
1 1071
0 347
2 303
0 120
0 270
29 2237
0 2237
6 2237
5 2237
18 2237
0 233
228 1552
0 409
0 1230
2 1230
0 853
2 400
0 126
0 446
18 857
0 973
2 274
1 274
9 3390
47 3390
17 3390
20 3390
0 584
43 890
0 626
3 216
0 1346
0 247
8 287
3 79
0 196
13 191
273 7353
4 7353
88 7353
478 7353
178 7353
59 7353
294 7353
9 7353
2 7353
680 7353
12 7353
117 7353
3 7353
293 7353
5 7353
36 7353
0 141
5 2466
7 2466
0 2466
24 2466
3 1456
64 10604
76 10604
0 10604
71 10604
119 10604
3 10604
122 10604
170 10604
34 10604
86 10604
15 10604
158 10604
97 10604
60 10604
115 10604
241 10604
9 1655
14 1655
0 407
6 1162
13 1162
3 1162
7 1162
3 479
15 623
0 87
2 564
6 391
0 295
4 590
0 508
14 1695
3 47
31 788
19 788
23 788
25 788
30 788
1 788
7 788
26 788
17 788
1 230
0 739
0 436
2 1695
0 247
4 626
0 567
0 115
3 48
0 344
30 684
151 764
5 582
90 1072
19 1862
0 1862
1 369
5 876
1 625
3 233
3 937
0 937
22 937
0 230
1 421
0 272
0 218
4 812
25 826
0 919
9 887
1 1072
93 2339
6 958
1 958
1 1623
0 141
1 792
1 811
3 2330
1 2330
1 247
10 974
1 120
1 182
4 423
0 1967
0 30
0 384
5 549
3 1153
3 497
2 188
16 498
0 157
3 157
1 2339
4 950
1 57
8 135
0 473
0 962
0 448
0 163
0 414
14 1161
1 1161
2 1161
1 117
2 96
0 1403
0 1346
1 139
12 1110
0 473
2 318
0 318
2 700
0 162
14 1967
3 1539
0 1539
0 106
64 5662
46 5662
91 5662
92 5662
105 5662
4 1536
6 1536
6 625
12 2565
8 2565
5 2565
6 2565
4 2565
2 2565
5 1747
0 384
5 183
1 1249
0 1249
0 87
0 812
2 746
3 2128
0 2128
1 2128
0 473
2 67
3 124
28 178
0 764
4 379
2 2396
0 2396
1 2396
9 890
1 890
2 890
0 38
0 2407
2 2407
4 2407
7 2407
1 735
5 581
11 581
10 385
13 385
9 615
0 139
0 641
0 448
7 1064
0 1064
2 2225
0 89
1 941
0 89
0 1419
0 452
0 80
17 554
0 89
0 1294
21 1294
11 381
5 1948
0 1948
3 1948
1 1948
10 962
12 448
0 352
0 137
0 594
7 1708
1 1708
11 287
0 25
0 816
0 626
1 90
31 2339
0 1536
0 233
6 69
0 319
0 796
0 446
0 527
1 142
1 369
0 153
0 590
0 385
19 413
5 446
4 2395
0 2395
7 404
295 592
20 2163
19 2163
15 2163
3 55
29 191
1 2423
7 2423
0 2423
0 344
0 196
0 452
19 1403
1 1205
2 1205
3 1014
0 294
0 448
0 86
0 395
2 844
0 844
0 303
0 1360
0 812
3 107
0 562
2 479
7 467
1 1733
12 1733
7 1733
0 80
0 739
0 446
25 247
0 389
0 733
4 215
2 295
1 431
0 175
0 130
1 187
7 135
0 284
4 371
15 330
9 1724
4 1724
10 1724
2 549
1 919
45 1139
3 896
2 896
5 437
1 103
0 264
2 261
1 264
0 648
6 1577
2 1501
3 1501
1 1501
19 617
0 1618
0 285
4 504
0 115
1 48
0 247
0 737
0 223
0 509
0 311
9 594
3 477
0 345
3 733
1 789
4 789
0 605
22 1747
0 347
1 1511
2 1511
0 362
1 147
0 307
0 139
1 139
0 382
2 1766
34 788
8 788
11 788
15 788
37 788
0 788
1 788
32 788
9 788
0 694
2 694
2 307
1 174
4 371
4 1077
0 537
5 178
0 103
3 290
3 3159
2 3159
0 3159
0 1331
24 50
0 716
0 508
11 1909
8 1909
10 1909
0 1618
0 1618
0 384
1 384
0 102
0 94
1 585
0 474
33 535
0 261
0 295
0 169
0 148
8 183
6 876
3 733
9 1787
3 1787
0 1787
28 617
0 1553
1 1553
3 504
3 343
3 632
0 127
2 504
35 1083
2 65
58 1144
0 178
2 172
27 240
41 431
1 919
6 498
1 1618
5 1475
12 368
1 26
17 1965
47 1965
20 1965
44 1965
15 1965
81 1965
1 125
0 175
6 55
7 379
0 229
0 229
0 230
1 1042
0 344
0 323
1 746
8 876
3 479
4 406
4 504
0 171
29 575
9 764
8 1913
3 1913
2 1057
4 269
1 173
2 344
0 772
0 242
1 1695
2 1695
0 382
4 764
0 175
0 94
0 811
0 394
0 1287
0 176
2 139
0 310
0 360
2 230
1 811
1 381
3 1129
2 1129
8 1129
16 638
0 1071
20 1410
0 1410
1 1410
0 811
0 497
3 37
0 285
0 305
5 256
0 360
4 233
1 623
1 1061
0 260
1 452
0 563
1 592
7 144
14 327
0 617
0 337
0 362
385 5976
51 5976
4 5976
87 5976
179 5976
0 5976
72 5976
40 5976
15 5976
3 1075
1 379
20 661
0 162
14 2517
16 431
1 100
1 1386
29 850
2 511
1 405
0 1102
1 1102
0 370
3 196
1 361
8 841
0 698
0 124
0 290
1 218
4 439
6 229
0 349
0 89
0 360
1 333
1 333
0 526
0 122
0 412
0 196
1 874
0 247
0 896
1 338
3 338
4 142
5 1779
183 1779
6 1779
104 1779
1 1238
10 876
28 1853
25 1853
37 1853
24 592
2 564
1 173
0 1539
0 158
0 812
8 584
2 328
7 262
0 816
0 99
17 796
0 404
0 146
0 345
9 464
2 228
12 274
69 919
0 502
0 1110
2 122
4 446
4 518
0 141
1 585
0 561
1 2808
0 1357
205 1416
3 204
1 100
62 563
5 564
0 473
39 1110
0 339
163 327
4 308
9 295
1 587
0 777
0 558
0 149
8 209
2 279
6 962
11 3095
19 3095
21 3095
17 1617
5 1617
2 1617
4 1617
0 318
1 327
9 1767
18 1767
1 1767
3 1767
0 240
1 1071
0 522
0 1618
1 465
0 465
2 465
