0 384
1 375
0 392
1 576
0 576
1 776
0 776
3 511
32 2287
10 2287
9 745
1 745
16 914
0 338
0 448
1 691
0 691
0 183
1 914
20 1155
33 1155
158 1155
16 1155
21 1155
8 1370
1 1623
0 7389
5 7389
20 7389
49 7389
83 7389
23 7389
45 7389
37 7389
30 7389
1 7389
566 7389
0 2339
1 615
2 1288
0 176
5 1265
40 1265
12 1265
1 150
2 79
0 1983
3 1983
15 1983
16 1983
4 269
13 397
2 1208
0 1208
19 1208
41 1474
3 240
0 448
0 558
1 1113
0 1113
0 79
2 305
0 400
1 388
1 590
1 1483
4 152
3 152
0 796
41 1536
0 805
0 276
0 328
1 1267
2 1267
5 1267
13 1267
0 1267
0 522
3 198
14 1013
18 1013
3 152
0 1303
2 1008
1 1008
4 327
1 562
4 737
4 737
3 264
1 175
0 44
0 89
11 1913
4 1913
3 1539
0 973
0 855
0 301
37 7645
97 7645
0 7645
44 7645
155 7645
7 7645
2 7645
8 7645
10 7645
51 7645
55 7645
12 7645
18 7645
14 7645
48 7645
21 7645
47 7645
56 7645
135 7645
34 7645
348 9306
9 9306
52 9306
6 9306
4 9306
88 9306
0 9306
2 9306
5 9306
239 9306
37 9306
3 9306
46 9306
180 9306
1 9306
49 9306
28 9306
45 9306
5 3760
72 3760
1 3760
0 3760
8 3760
14 3760
9 3760
3 3760
2 689
8 295
3 1454
0 1454
2 1454
13 1454
1 626
0 203
0 405
2 794
0 794
0 844
104 657
0 1110
0 150
1 1071
0 812
0 812
0 422
6 896
0 395
4 2339
0 135
7 324
7 721
0 79
3 204
1 811
0 368
0 380
0 380
3 384
2 152
0 98
3 68
9 446
2 777
11 777
3 884
16 884
0 1514
22 876
7 348
0 169
2 663
0 663
1 303
0 240
0 441
21 1474
0 733
5 1077
1 404
0 973
0 138
15 1618
10 567
8 876
1 176
0 2150
23 2150
9 876
7 311
4 1597
15 1597
6 1597
1 1597
2 618
0 98
0 184
1 776
0 776
0 497
4 57
0 392
0 670
5 670
0 392
1 511
0 247
0 876
1 344
6 965
5 1539
0 509
4 215
3 176
4 215
4 215
2 1386
0 283
1 764
0 465
1 792
31 10782
5 10782
15 10782
44 10782
40 10782
58 10782
9 10782
96 10782
66 10782
74 10782
51 10782
78 10782
4 10782
11 10782
20 10782
35 10782
106 10782
30 10782
32 10782
29 10782
17 10782
14 10782
82 10782
0 10782
51 10782
48 10782
0 224
13 767
4 144
42 540
3 2510
29 2510
57 269
10 269
0 1269
1 1269
3 919
2 782
0 448
1 931
0 931
1 247
0 89
0 2038
12 2038
9 2038
1 446
2 737
0 1898
1 1898
29 584
5 1360
4 2257
18 2257
1 1695
0 2339
3 1072
1 746
1 746
1 2150
4 2150
20 3410
1 3410
2 3410
1 746
2 2150
4 2150
0 764
1 746
0 456
2 590
10 2449
0 2449
17 191
5 777
7 266
2 1027
7 976
93 976
25 3000
5 3000
33 3000
101 3000
27 3000
9 3000
2 202
1 456
5 777
3 381
2 295
0 186
2 441
0 94
10 68
1 287
0 240
38 142
0 240
9 655
0 1197
7 2831
5 2831
3 2831
0 2831
1 1331
0 4210
1 4210
77 4210
4 4210
8 4210
31 4210
49 4210
7 4210
3 4210
6 4210
75 4210
2 20
2 209
0 677
1 677
4 1547
3 1547
1 888
0 888
0 344
12 413
22 1012
1 1012
6 1012
0 269
1 467
2 504
28 1110
1 585
2 2128
5 2128
3 2128
2 960
1 1483
7 1536
2 1536
0 1110
3 1069
2 1069
0 1069
1 1014
59 811
0 1110
0 423
0 93
7 183
0 384
0 724
7 2375
4 2375
5 2375
1 178
17 788
5 788
10 788
11 788
23 788
0 788
1 788
19 788
9 788
3 203
5 226
1 4949
12 4949
2 4949
18 4949
39 4949
124 4949
103 4949
0 120
111 2150
2 2150
11 2150
0 653
3 689
19 2955
12 2955
9 2955
14 2955
13 2955
3 2955
7 2955
3 1695
3 439
3 439
0 225
13 2163
12 2163
338 13875
9 13875
146 13875
112 13875
140 13875
60 13875
53 13875
11 13875
286 13875
71 13875
2215 13875
136 13875
28 13875
1 13875
5 2339
2 222
0 150
4 1164
21 1164
33 1164
2 2347
0 2347
1 2347
3 2347
0 633
0 384
39 3126
53 3126
6 3126
15 3126
30 3126
33 3126
45 3126
4 1078
0 1078
15 1078
0 267
0 1926
19 526
1 812
12 858
24 5657
53 5657
25 5657
27 5657
5 5657
31 5657
115 5657
39 5657
1 1042
0 423
0 218
2 172
54 1307
77 1021
0 384
0 400
1 240
1 247
3 176
0 247
1 124
1 618
0 247
11 1708
32 1708
43 1708
25 1708
0 762
1 762
3 152
7 371
0 264
1 442
0 442
0 389
75 5642
24 5642
140 5642
226 5642
67 5642
30 5642
3 5642
3 416
0 223
0 86
12 543
3 1403
1 1403
1 679
1 2517
0 87
38 689
9 336
0 89
0 153
5 1403
0 1963
9 1963
9 2002
22 2002
2 2002
0 147
0 147
8 163
0 264
1 1539
4 264
1 590
0 181
21 241
2 465
75 764
119 764
13 764
8 295
1 1652
2 1652
0 1967
0 86
0 1110
2 1183
1 1183
0 1183
0 876
0 389
0 1124
2 1124
9 1014
0 961
4 961
9 961
0 526
0 359
24 1130
3 257
2 1386
5 842
12 1042
0 257
10 2403
73 2403
13 2403
0 106
0 375
21 617
0 270
0 270
1 340
15 327
0 380
1 518
0 587
2 587
0 384
0 424
0 264
2 699
6 1317
0 1317
4 1317
1 120
6 594
0 538
0 603
11 1130
0 344
0 240
3 1241
0 122
0 855
0 1898
1 1898
0 1898
1 1898
0 384
2 17
2 914
0 777
6 163
8 4713
17 4713
1 4713
375 4713
0 4713
12 4713
0 44
5 2150
24 2150
13 2150
29 2150
2 402
19 266
3 781
7 781
9 781
0 781
6 664
2 689
0 874
0 796
0 796
74 1464
1 1464
4 1464
0 548
0 382
2 233
2 663
12 257
8 506
16 1012
4 257
2 626
0 371
71 782
14 3816
1 3816
5 3816
8 3816
3 3816
6 3816
62 3816
0 340
0 1347
1 1347
0 149
1 554
4 364
18 364
14 295
46 435
1 695
16 1247
33 1247
3 423
2 914
0 265
4 631
2 631
0 186
0 518
3 171
37 511
1 431
4 2308
0 2308
26 2303
2 2303
4 145
1 145
16 145
1 467
6 518
1 405
2 318
1 423
3 324
1 389
50 8726
6 8726
153 8726
33 8726
216 8726
11 8726
186 8726
52 8726
4 8726
3 8726
48 8726
37 8726
65 8726
3 422
2 108
0 456
0 1036
1 1036
20 391
0 344
1 679
2 154
32 397
13 3066
11 3066
10 3066
9 1214
24 1214
7 1595
89 1595
7 764
0 457
0 368
0 376
2 209
2 209
1 1191
0 1191
0 592
1 378
6 141
0 389
0 446
3 264
0 526
4 1110
1441 12734
24 12734
0 12734
118 12734
64 12734
87 12734
1048 12734
57 12734
12 12734
188 12734
146 12734
130 12734
256 12734
174 12734
108 12734
244 12734
285 12734
158 12734
0 203
0 89
2 653
17 295
0 841
0 441
3 384
0 876
46 1264
88 1264
34 1264
0 404
1 1483
0 1110
1 590
1 590
2 264
0 107
14 1386
0 148
0 89
27 842
1 461
1 669
0 669
7 737
2 699
3 423
3 737
0 107
0 107
1 148
0 473
18 2629
15 2629
7 2629
2 2629
0 384
1 1589
3 1589
0 1589
5 113
0 2696
1 2696
17 2696
0 774
6 664
106 987
3 987
0 987
42 4344
15 4344
55 4344
20 4344
11 4344
21 4344
24 4344
2 222
5 626
7 1376
5 1376
1 1376
6 1376
0 558
0 680
4 680
4 234
6 177
3 177
0 384
0 441
15 441
6 376
1 1511
4 1511
3 522
1 522
0 169
1 737
10 664
4 479
0 2238
1 2238
15 2238
10 2238
15 1074
12 737
1 762
2 2517
26 788
0 2300
3 2300
5 762
0 618
0 183
0 270
5 558
0 252
16 295
59 1913
122 1913
4 656
8 656
1 656
0 240
1 423
137 764
0 373
12 446
2 357
3 423
6 632
1 590
1 562
14 456
0 9
293 587
0 562
25 1014
5 774
0 404
3 567
4 1407
3 594
1 690
0 690
0 250
1 127
0 295
13 2725
20 2725
17 2725
18 2725
6 2725
2 442
0 442
1 518
0 508
0 269
1 269
0 38
13 6094
52 6094
42 6094
56 6094
88 6094
3 1370
2 2737
37 2737
59 1409
18 526
5 465
1 339
2 960
1 960
30 382
1 295
0 404
2 431
5 1536
1 615
0 844
1 308
2 504
0 560
2 730
3 730
3 764
9 1701
2 240
13 283
0 596
0 392
5 2339
8 2339
0 303
0 461
17 563
25 438
1 122
18 980
8 980
12 845
1 665
16 378
5 352
5 889
12 889
0 189
0 431
0 751
12 526
2 1955
8 1955
1 1955
16 1955
10 1955
3 1955
187 9453
208 9453
178 9453
69 9453
41 9453
259 9453
15 9453
124 9453
61 9453
210 9453
162 9453
173 9453
74 9453
123 9453
95 9453
22 3604
87 3604
110 3604
751 3604
59 3604
4 2982
18 2982
1 2982
9 2982
29 2982
4 1152
11 499
0 181
1 181
16 249
10 613
11 395
1 575
0 122
3 1114
0 1114
20 283
24 283
4 241
4 55
12 655
4 1887
8 1887
50 1887
2 7512
11 7512
8 7512
13 7512
97 7512
14 7512
3 7512
114 7512
92 7512
239 7512
38 7512
4 7512
16 7512
314 7512
147 7512
7 328
10 623
7 106
7 82
4 305
1 196
19 151
14 439
7 328
11 2031
60 4370
56 4370
50 4370
59 4370
26 4370
42 4370
51 4370
40 4370
4 340
0 360
1 269
2 413
16 887
2 187
7 187
3 534
1 1539
14 726
15 257
4 202
2 764
1 764
0 473
7 729
5 729
6 729
3 174
9 593
1 326
11 282
1 59
3 2849
123 2849
10 2849
93 2849
0 225
13 435
5 435
1 522
4 146
0 479
13 399
1 587
1 562
22 788
11 788
18 788
23 788
25 788
0 788
4 788
31 788
16 788
29 473
18 473
20 1528
2 1528
46 1904
25 1904
8 733
1 219
8 2417
1 2417
64 594
34 594
43 594
1 620
0 620
2 476
15 476
0 405
63 1695
0 91
6 91
0 1223
1 1223
3 1223
4 479
1 328
29 1879
9 1879
13 4834
37 4834
15 4834
0 4834
48 4834
21 4834
0 145
18 739
5 336
21 361
5 177
5 413
25 759
1 191
5 191
26 240
2 233
3 177
2 176
1 318
7 807
13 807
0 761
4 446
1 931
0 931
0 1074
31 812
11 287
10 764
0 1043
2 857
2 922
3 558
14 558
28 279
24 173
11 130
19 617
10 617
9 1707
2 1707
14 4275
18 4275
10 4275
6 4275
26 4275
1 1149
0 1149
4 1149
3 2971
4 2971
1 336
2 318
0 1026
0 92
1 92
0 311
1 161
2 774
4 127
0 379
6 400
0 428
5 381
1 562
1 497
0 393
10 279
0 323
18 395
15 223
0 362
17 509
5 2434
6 716
6 388
16 233
1 484
0 484
1 484
4 1075
2 1075
0 1075
5 1075
6 118
3 114
25 844
37 844
2 306
2 1742
9 1742
3 1742
0 441
0 655
114 764
15 509
362 3737
0 3737
6 3737
2 3737
11 562
268 2181
0 338
0 40
8 379
1 405
1 474
0 98
1 1143
15 368
4 699
2 343
13 126
3 1644
0 1644
5 767
9 767
58 767
7 20
19 310
1 354
0 61
4 297
72 727
2 395
0 1618
1 233
9 381
5 473
19 217
3 152
54 768
6 171
1 567
2 301
1 461
21 788
8 788
13 788
16 788
26 788
0 788
1 788
27 788
12 788
1 405
0 653
13 139
8 324
1 973
3 1386
0 633
10 664
14 1618
0 395
0 295
6 344
4 230
1109 2219
0 385
21 527
0 1926
1 1926
5 548
0 919
0 699
3 472
1 327
1 821
3 821
4 821
0 526
17 567
38 1012
12 1012
7 1012
3 562
60 739
4 266
14 227
0 241
8 635
6 391
7 177
6 407
7 435
30 535
19 527
0 371
1 371
1 240
0 57
17 297
0 262
1 361
16 1312
0 84
4 287
0 509
1 585
24 592
34 812
57 2339
12 290
0 948
1 948
1 448
33 973
8 360
1 389
63 1646
6 2101
0 2101
9 2101
15 2101
5 876
11 472
4 265
7 777
36 502
10 137
22 209
3 144
0 183
0 370
18 135
3 120
34 962
18 721
1 114
10 3218
5 1747
0 231
3 1110
0 153
1 290
0 397
7 325
22 319
11 382
65 5267
51 5267
36 5267
37 5267
220 5267
59 5267
109 5267
205 5267
14 5267
12 5267
30 5267
2 5267
45 5267
126 5267
17 1034
0 1034
28 2191
9 2191
16 247
17 247
64 1416
161 1027
4 319
3 1042
15 384
2 163
0 127
1 484
7 900
3 544
23 265
8 368
0 930
30 2416
33 2416
20 2416
39 919
0 407
0 382
0 247
0 233
1 1183
2 1183
0 1183
1 1185
0 382
1 340
1 3763
9 3763
0 177
3 477
0 141
0 242
2 295
4 295
4 395
40 615
3 308
0 1695
20 511
1 227
0 257
4 2339
1 395
0 359
0 761
2 257
0 176
5 336
1 195
0 365
0 240
2 230
5 196
4 338
8 1116
7 1116
8 1124
0 300
5 1623
39 906
0 57
0 188
0 1057
1 233
4 721
3 318
0 735
2 699
3 446
0 310
2 165
7 465
28 1130
57 679
0 392
9 348
0 1898
1 1898
7 472
1 950
0 950
6 950
0 191
12 1695
0 324
1 282
0 861
3 1695
13 360
4 960
8 388
1 1701
0 453
1 453
0 247
3 461
0 295
0 1042
11 549
23 319
6 1110
26 2517
7 866
13 866
10 141
4 387
2 48
1 1791
8 1791
4 511
2 275
8 286
1 423
6 191
13 950
0 509
0 861
1 364
15 364
0 378
7 3651
1 364
9 364
1 298
15 679
5 654
0 177
3 605
19 392
18 392
6 569
0 43
5 414
0 272
7 327
5 2050
3 2050
2 2050
3 617
4 927
25 1268
23 1268
29 1268
17 1413
5 157
5 317
13 790
80 790
0 812
17 1077
22 584
34 562
5 1360
3 1695
37 405
2 587
0 127
10 1592
1 1592
4 1719
1 1719
2 1719
0 548
2 548
4 195
9 352
2 1043
9 2703
16 2703
5 2703
4 2703
7 1165
4 395
2 1323
0 1323
1 1323
7 1323
4 1323
0 118
5 165
14 663
15 451
10 1536
1 1526
4 1526
3 1526
2 116
12 327
2 587
3 139
3 325
33 1288
3 116
7 240
1 217
106 712
8 1386
0 2339
16 2517
13 381
11 284
4 183
13 295
4 2517
55 2339
1 465
0 247
0 2517
0 55
2 281
5 247
8 1360
0 461
41 3761
1 590
5 594
33 378
7 1539
2 108
246 4338
166 1552
3 152
15 646
2 306
0 657
1 657
18 1042
34 421
3 1042
4 222
1 1034
0 270
0 1104
4 486
0 502
0 57
4 816
9 2365
35 1074
1 187
1 2236
2 2236
3 2236
5 2236
1 405
28 1110
1 497
21 222
0 120
0 151
1 1392
0 230
0 86
2 78
123 2339
0 9
1 1021
8 318
2 308
32 279
1 762
0 88
6 721
48 1027
1 500
0 89
4 86
12 159
7 733
16 725
1 276
2 497
4 1130
0 456
2 654
1 777
0 53
2 340
47 475
1 142
0 694
0 41
0 90
3 588
1 588
3 588
0 214
0 67
1 588
1 327
2 342
0 588
2 193
2 161
7 90
2 588
0 41
9 322
3 718
1 142
9 567
9 588
5 113
0 120
1 588
32 567
54 588
0 588
2 483
0 588
4 218
7 588
0 282
0 282
12 588
13 218
0 327
3 24
0 274
2 274
2 214
1 142
0 90
12 90
1 228
10 567
0 229
15 567
2 343
1 228
1 327
1 43
4 386
2 694
14 228
1 475
0 588
20 475
43 946
0 475
0 567
3 457
2 327
3 483
3 343
0 116
0 475
14 228
0 342
1 327
32 560
16 229
0 99
4 588
7 43
7 43
0 168
3 141
5 483
0 16
1 588
2 386
1 334
8 588
7 588
18 588
8 588
0 90
5 588
1 271
2 588
8 386
0 67
37 560
16 342
0 454
0 588
10 588
1 211
24 694
27 694
11 228
20 327
2 588
8 752
0 53
3 229
3 588
2 41
0 374
0 334
24 588
1 475
7 110
0 229
0 58
1 588
0 142
7 153
1 334
3 116
7 118
3 588
7 386
3 327
1 142
16 228
11 156
3 588
1 588
1 327
3 343
6 153
21 475
7 588
0 99
0 588
1 588
36 574
0 694
1 90
13 694
2 56
26 560
5 342
8 322
0 752
2 588
45 327
0 193
9 454
0 342
0 67
0 327
0 588
1 229
0 342
0 67
159 2673
0 211
3 483
0 327
2 228
4 33
7 962
1 1539
0 125
0 120
6 80
1 816
0 554
0 176
0 406
0 66
12 473
0 977
0 844
2 290
15 502
0 88
3 275
2 147
8 515
0 1205
0 1403
0 1695
19 605
3 605
1 1347
0 1347
1 1516
0 295
0 473
0 59
11 1021
4 788
17 228
0 1110
0 88
1 768
1 476
0 337
2 340
53 1695
0 127
1 308
1 378
0 241
11 452
0 284
1 1900
0 1900
1 3101
0 3101
0 6
0 218
7 664
0 158
0 423
3 951
1 951
0 623
0 399
3 1577
0 278
1 214
5 2150
0 2150
0 145
1 404
0 1074
4 336
0 362
6 594
0 216
0 439
2 527
1 1386
0 639
20 762
0 625
1 625
0 725
0 395
0 1036
0 1042
8 393
1 1539
1 368
3 1539
15 117
1 632
1 1042
3 518
4 567
0 452
1 1071
0 347
0 303
0 120
0 270
21 2237
0 2237
4 2237
3 2237
13 2237
0 233
198 1552
0 409
0 1230
2 1230
0 853
2 400
0 126
0 446
16 857
0 973
2 274
1 274
7 3390
48 3390
16 3390
11 3390
0 584
41 890
0 626
3 216
0 1346
0 247
8 287
4 79
0 196
19 191
180 7353
4 7353
78 7353
566 7353
176 7353
38 7353
302 7353
9 7353
2 7353
700 7353
11 7353
126 7353
3 7353
270 7353
5 7353
40 7353
0 141
5 2466
8 2466
0 2466
20 2466
2 1456
61 10604
65 10604
0 10604
60 10604
64 10604
3 10604
122 10604
142 10604
36 10604
83 10604
13 10604
166 10604
84 10604
50 10604
103 10604
213 10604
6 1655
12 1655
0 407
5 1162
12 1162
3 1162
6 1162
3 479
10 623
0 87
2 564
5 391
0 295
2 590
0 508
20 1695
2 47
32 788
21 788
25 788
27 788
34 788
0 788
6 788
29 788
20 788
1 230
0 739
0 436
2 1695
0 247
2 626
0 567
2 115
3 48
0 344
17 684
109 764
3 582
93 1072
16 1862
0 1862
1 369
8 876
1 625
1 233
3 937
0 937
21 937
0 230
1 421
0 272
0 218
3 812
25 826
0 919
8 887
1 1072
65 2339
6 958
0 958
0 1623
0 141
0 792
1 811
2 2330
1 2330
0 247
7 974
2 120
1 182
4 423
0 1967
0 30
0 384
2 549
6 1153
3 497
2 188
10 498
0 157
3 157
1 2339
4 950
1 57
7 135
0 473
0 962
0 448
0 163
0 414
13 1161
1 1161
3 1161
1 117
2 96
0 1403
0 1346
1 139
9 1110
0 473
2 318
0 318
2 700
0 162
11 1967
1 1539
0 1539
0 106
43 5662
32 5662
67 5662
59 5662
72 5662
4 1536
7 1536
6 625
12 2565
8 2565
4 2565
6 2565
5 2565
1 2565
6 1747
0 384
2 183
0 1249
1 1249
0 87
0 812
2 746
3 2128
0 2128
1 2128
0 473
1 67
2 124
29 178
0 764
4 379
2 2396
0 2396
1 2396
9 890
1 890
3 890
0 38
0 2407
1 2407
3 2407
7 2407
1 735
5 581
6 581
6 385
8 385
8 615
0 139
0 641
0 448
6 1064
0 1064
3 2225
0 89
1 941
0 89
0 1419
1 452
0 80
15 554
0 89
0 1294
19 1294
8 381
5 1948
0 1948
2 1948
1 1948
11 962
10 448
0 352
0 137
0 594
7 1708
1 1708
11 287
0 25
0 816
0 626
1 90
29 2339
0 1536
0 233
5 69
0 319
0 796
0 446
0 527
2 142
1 369
0 153
0 590
0 385
19 413
5 446
3 2395
0 2395
9 404
295 592
18 2163
23 2163
21 2163
3 55
27 191
1 2423
6 2423
0 2423
0 344
0 196
0 452
21 1403
1 1205
2 1205
3 1014
0 294
0 448
0 86
0 395
1 844
0 844
0 303
0 1360
0 812
3 107
0 562
2 479
6 467
0 1733
11 1733
6 1733
0 80
0 739
0 446
28 247
0 389
0 733
3 215
2 295
2 431
0 175
0 130
1 187
6 135
0 284
5 371
15 330
8 1724
2 1724
7 1724
2 549
1 919
41 1139
1 896
2 896
4 437
1 103
0 264
2 261
1 264
0 648
6 1577
2 1501
3 1501
1 1501
17 617
1 1618
0 285
4 504
0 115
1 48
0 247
0 737
0 223
0 509
0 311
8 594
2 477
0 345
3 733
1 789
3 789
0 605
17 1747
0 347
1 1511
2 1511
0 362
1 147
0 307
0 139
1 139
0 382
3 1766
34 788
5 788
10 788
11 788
39 788
0 788
1 788
33 788
7 788
0 694
1 694
2 307
1 174
4 371
2 1077
0 537
5 178
0 103
2 290
1 3159
2 3159
0 3159
0 1331
24 50
0 716
0 508
11 1909
13 1909
10 1909
0 1618
0 1618
0 384
1 384
0 102
0 94
1 585
0 474
33 535
0 261
0 295
0 169
0 148
5 183
4 876
3 733
11 1787
3 1787
0 1787
20 617
0 1553
1 1553
2 504
3 343
3 632
0 127
2 504
8 1083
2 65
51 1144
0 178
2 172
26 240
43 431
1 919
5 498
0 1618
7 1475
12 368
2 26
13 1965
34 1965
15 1965
32 1965
10 1965
60 1965
1 125
0 175
5 55
8 379
0 229
0 229
0 230
1 1042
0 344
0 323
1 746
10 876
3 479
4 406
4 504
1 171
28 575
7 764
7 1913
2 1913
1 1057
3 269
0 173
2 344
0 772
0 242
1 1695
2 1695
0 382
4 764
0 175
0 94
0 811
0 394
0 1287
0 176
1 139
0 310
0 360
2 230
1 811
1 381
3 1129
4 1129
6 1129
10 638
0 1071
10 1410
0 1410
1 1410
0 811
0 497
3 37
0 285
0 305
5 256
0 360
7 233
1 623
3 1061
0 260
1 452
0 563
0 592
6 144
9 327
0 617
0 337
0 362
412 5976
48 5976
4 5976
92 5976
174 5976
0 5976
82 5976
39 5976
15 5976
9 1075
1 379
21 661
0 162
9 2517
10 431
0 100
1 1386
23 850
2 511
1 405
0 1102
1 1102
0 370
3 196
1 361
10 841
0 698
0 124
0 290
1 218
4 439
8 229
0 349
0 89
0 360
1 333
1 333
0 526
0 122
0 412
0 196
1 874
0 247
0 896
1 338
3 338
4 142
4 1779
168 1779
6 1779
109 1779
1 1238
10 876
18 1853
21 1853
29 1853
17 592
2 564
1 173
0 1539
0 158
0 812
8 584
1 328
7 262
0 816
0 99
10 796
0 404
0 146
0 345
7 464
2 228
12 274
79 919
0 502
0 1110
2 122
3 446
4 518
0 141
1 585
0 561
1 2808
0 1357
194 1416
0 204
1 100
60 563
4 564
0 473
41 1110
0 339
163 327
4 308
8 295
0 587
0 777
0 558
0 149
11 209
1 279
5 962
8 3095
18 3095
15 3095
10 1617
6 1617
1 1617
4 1617
0 318
0 327
9 1767
18 1767
1 1767
2 1767
0 240
0 1071
0 522
0 1618
1 465
0 465
2 465
