0 384
1 375
0 392
1 576
0 576
1 776
0 776
3 511
34 2287
14 2287
8 745
0 745
18 914
1 338
0 448
1 691
0 691
0 183
2 914
26 1155
22 1155
168 1155
27 1155
28 1155
8 1370
4 1623
0 7389
3 7389
22 7389
70 7389
122 7389
27 7389
52 7389
44 7389
33 7389
7 7389
611 7389
0 2339
1 615
1 1288
0 176
8 1265
67 1265
19 1265
1 150
3 79
1 1983
3 1983
27 1983
31 1983
4 269
11 397
2 1208
0 1208
33 1208
44 1474
3 240
0 448
0 558
3 1113
0 1113
0 79
2 305
0 400
0 388
1 590
1 1483
2 152
3 152
0 796
47 1536
1 805
0 276
0 328
1 1267
3 1267
5 1267
15 1267
0 1267
1 522
4 198
34 1013
19 1013
3 152
0 1303
2 1008
1 1008
4 327
1 562
7 737
6 737
4 264
1 175
0 44
0 89
11 1913
6 1913
4 1539
0 973
0 855
0 301
50 7645
89 7645
0 7645
44 7645
186 7645
6 7645
2 7645
9 7645
11 7645
52 7645
71 7645
16 7645
19 7645
17 7645
63 7645
25 7645
48 7645
66 7645
143 7645
45 7645
333 9306
12 9306
49 9306
5 9306
4 9306
84 9306
0 9306
2 9306
6 9306
183 9306
37 9306
3 9306
48 9306
150 9306
1 9306
41 9306
26 9306
51 9306
6 3760
58 3760
1 3760
0 3760
11 3760
16 3760
10 3760
3 3760
2 689
8 295
4 1454
0 1454
2 1454
10 1454
0 626
0 203
0 405
2 794
0 794
0 844
96 657
0 1110
1 150
1 1071
0 812
0 812
1 422
7 896
0 395
5 2339
0 135
11 324
8 721
0 79
2 204
1 811
0 368
0 380
0 380
3 384
2 152
0 98
1 68
15 446
2 777
9 777
3 884
12 884
0 1514
24 876
12 348
0 169
2 663
0 663
1 303
0 240
0 441
25 1474
0 733
8 1077
0 404
1 973
0 138
26 1618
12 567
8 876
1 176
2 2150
32 2150
8 876
8 311
5 1597
16 1597
8 1597
1 1597
2 618
0 98
0 184
1 776
0 776
0 497
4 57
0 392
0 670
4 670
0 392
3 511
0 247
0 876
0 344
9 965
9 1539
1 509
4 215
3 176
4 215
4 215
2 1386
0 283
1 764
0 465
1 792
44 10782
5 10782
23 10782
52 10782
53 10782
74 10782
11 10782
121 10782
77 10782
90 10782
64 10782
81 10782
6 10782
13 10782
26 10782
48 10782
148 10782
43 10782
34 10782
35 10782
24 10782
16 10782
95 10782
0 10782
64 10782
59 10782
0 224
17 767
4 144
44 540
3 2510
48 2510
59 269
13 269
0 1269
1 1269
6 919
2 782
0 448
1 931
0 931
0 247
0 89
0 2038
15 2038
11 2038
2 446
0 737
0 1898
1 1898
33 584
5 1360
5 2257
24 2257
1 1695
1 2339
3 1072
1 746
2 746
1 2150
4 2150
18 3410
1 3410
3 3410
1 746
2 2150
6 2150
0 764
1 746
0 456
2 590
13 2449
0 2449
17 191
4 777
11 266
4 1027
10 976
89 976
27 3000
5 3000
53 3000
101 3000
41 3000
10 3000
2 202
1 456
10 777
3 381
3 295
0 186
1 441
0 94
11 68
1 287
0 240
39 142
0 240
11 655
0 1197
9 2831
5 2831
4 2831
0 2831
1 1331
0 4210
2 4210
67 4210
5 4210
11 4210
31 4210
38 4210
8 4210
3 4210
6 4210
68 4210
3 20
2 209
0 677
2 677
6 1547
4 1547
1 888
0 888
0 344
18 413
19 1012
3 1012
8 1012
0 269
1 467
3 504
32 1110
1 585
2 2128
7 2128
3 2128
2 960
2 1483
7 1536
2 1536
0 1110
2 1069
5 1069
0 1069
1 1014
57 811
0 1110
0 423
0 93
21 183
0 384
0 724
10 2375
4 2375
5 2375
1 178
25 788
8 788
13 788
18 788
33 788
0 788
2 788
30 788
9 788
3 203
6 226
1 4949
20 4949
2 4949
21 4949
43 4949
160 4949
130 4949
0 120
114 2150
5 2150
13 2150
0 653
3 689
19 2955
15 2955
10 2955
16 2955
14 2955
3 2955
8 2955
4 1695
3 439
3 439
0 225
32 2163
27 2163
375 13875
10 13875
203 13875
140 13875
156 13875
85 13875
92 13875
22 13875
333 13875
114 13875
2231 13875
162 13875
48 13875
3 13875
8 2339
2 222
0 150
4 1164
35 1164
37 1164
3 2347
0 2347
1 2347
2 2347
1 633
0 384
52 3126
69 3126
10 3126
33 3126
48 3126
45 3126
68 3126
4 1078
0 1078
21 1078
0 267
0 1926
17 526
1 812
12 858
30 5657
62 5657
50 5657
33 5657
16 5657
73 5657
149 5657
41 5657
1 1042
0 423
1 218
2 172
57 1307
120 1021
0 384
0 400
1 240
1 247
5 176
0 247
1 124
2 618
0 247
14 1708
56 1708
74 1708
43 1708
0 762
1 762
2 152
7 371
0 264
1 442
0 442
0 389
92 5642
34 5642
175 5642
274 5642
98 5642
37 5642
8 5642
3 416
0 223
0 86
11 543
3 1403
1 1403
1 679
1 2517
0 87
43 689
7 336
0 89
0 153
6 1403
0 1963
8 1963
10 2002
22 2002
2 2002
0 147
0 147
10 163
0 264
2 1539
4 264
1 590
0 181
19 241
4 465
75 764
126 764
15 764
13 295
1 1652
2 1652
0 1967
0 86
0 1110
1 1183
0 1183
2 1183
0 876
0 389
0 1124
4 1124
13 1014
0 961
4 961
12 961
0 526
0 359
18 1130
3 257
2 1386
4 842
14 1042
0 257
10 2403
85 2403
12 2403
0 106
1 375
25 617
0 270
0 270
1 340
15 327
0 380
1 518
0 587
2 587
0 384
0 424
0 264
0 699
4 1317
0 1317
10 1317
1 120
5 594
0 538
0 603
18 1130
1 344
0 240
4 1241
0 122
0 855
0 1898
1 1898
0 1898
1 1898
0 384
2 17
3 914
3 777
7 163
8 4713
17 4713
2 4713
552 4713
0 4713
14 4713
0 44
12 2150
35 2150
20 2150
43 2150
0 402
20 266
6 781
8 781
12 781
2 781
3 664
2 689
2 874
0 796
0 796
72 1464
1 1464
4 1464
0 548
0 382
3 233
2 663
14 257
9 506
27 1012
4 257
3 626
0 371
64 782
15 3816
1 3816
7 3816
10 3816
4 3816
6 3816
90 3816
0 340
0 1347
1 1347
0 149
1 554
5 364
23 364
11 295
47 435
2 695
21 1247
42 1247
5 423
2 914
0 265
4 631
2 631
0 186
0 518
3 171
36 511
2 431
9 2308
1 2308
44 2303
6 2303
4 145
2 145
18 145
2 467
5 518
1 405
3 318
1 423
5 324
1 389
57 8726
8 8726
145 8726
36 8726
236 8726
11 8726
186 8726
56 8726
4 8726
3 8726
59 8726
34 8726
107 8726
3 422
2 108
0 456
0 1036
1 1036
20 391
1 344
1 679
2 154
36 397
13 3066
16 3066
10 3066
10 1214
27 1214
8 1595
94 1595
5 764
0 457
0 368
0 376
2 209
2 209
1 1191
0 1191
0 592
1 378
4 141
0 389
0 446
3 264
0 526
4 1110
1363 12734
39 12734
0 12734
174 12734
68 12734
95 12734
932 12734
65 12734
14 12734
176 12734
156 12734
143 12734
302 12734
246 12734
144 12734
264 12734
345 12734
210 12734
0 203
0 89
3 653
17 295
0 841
0 441
3 384
0 876
62 1264
79 1264
27 1264
0 404
2 1483
0 1110
1 590
1 590
3 264
0 107
19 1386
0 148
0 89
19 842
1 461
2 669
0 669
5 737
0 699
5 423
6 737
0 107
0 107
1 148
0 473
23 2629
16 2629
11 2629
3 2629
0 384
1 1589
3 1589
0 1589
7 113
0 2696
1 2696
35 2696
0 774
4 664
106 987
3 987
0 987
44 4344
17 4344
60 4344
21 4344
19 4344
25 4344
24 4344
3 222
7 626
7 1376
5 1376
1 1376
6 1376
0 558
0 680
6 680
4 234
5 177
5 177
0 384
0 441
16 441
5 376
1 1511
4 1511
4 522
1 522
0 169
6 737
6 664
3 479
0 2238
2 2238
17 2238
12 2238
15 1074
12 737
2 762
2 2517
30 788
0 2300
4 2300
7 762
0 618
0 183
0 270
3 558
0 252
14 295
59 1913
139 1913
4 656
8 656
1 656
0 240
1 423
152 764
0 373
14 446
5 357
9 423
8 632
1 590
1 562
17 456
0 9
293 587
1 562
31 1014
8 774
0 404
5 567
10 1407
3 594
1 690
0 690
0 250
0 127
0 295
31 2725
48 2725
44 2725
45 2725
21 2725
2 442
0 442
1 518
0 508
1 269
0 269
0 38
26 6094
99 6094
85 6094
108 6094
126 6094
4 1370
1 2737
63 2737
64 1409
23 526
12 465
3 339
2 960
1 960
33 382
1 295
0 404
3 431
13 1536
1 615
0 844
1 308
3 504
0 560
2 730
3 730
5 764
11 1701
0 240
13 283
0 596
0 392
5 2339
15 2339
0 303
0 461
18 563
30 438
4 122
23 980
10 980
14 845
2 665
16 378
5 352
6 889
18 889
0 189
2 431
0 751
17 526
2 1955
11 1955
1 1955
17 1955
12 1955
3 1955
261 9453
227 9453
264 9453
87 9453
78 9453
379 9453
22 9453
202 9453
107 9453
268 9453
176 9453
245 9453
106 9453
173 9453
162 9453
26 3604
129 3604
120 3604
639 3604
75 3604
4 2982
20 2982
1 2982
8 2982
28 2982
14 1152
14 499
0 181
1 181
15 249
9 613
13 395
0 575
0 122
3 1114
0 1114
21 283
24 283
6 241
3 55
12 655
5 1887
13 1887
63 1887
2 7512
13 7512
10 7512
12 7512
90 7512
14 7512
3 7512
129 7512
107 7512
237 7512
42 7512
7 7512
18 7512
291 7512
133 7512
4 328
13 623
7 106
7 82
8 305
1 196
21 151
12 439
12 328
20 2031
114 4370
104 4370
84 4370
112 4370
51 4370
77 4370
81 4370
74 4370
5 340
0 360
1 269
2 413
14 887
3 187
11 187
3 534
2 1539
23 726
14 257
3 202
3 764
1 764
0 473
9 729
5 729
8 729
3 174
10 593
1 326
19 282
1 59
7 2849
142 2849
16 2849
104 2849
0 225
16 435
7 435
3 522
4 146
0 479
20 399
2 587
1 562
33 788
17 788
25 788
32 788
29 788
0 788
7 788
36 788
23 788
36 473
23 473
23 1528
1 1528
50 1904
25 1904
9 733
1 219
8 2417
1 2417
72 594
40 594
53 594
3 620
1 620
3 476
18 476
0 405
54 1695
1 91
5 91
0 1223
1 1223
3 1223
3 479
1 328
35 1879
11 1879
9 4834
54 4834
16 4834
0 4834
85 4834
27 4834
0 145
16 739
5 336
23 361
4 177
9 413
29 759
1 191
5 191
29 240
5 233
2 177
3 176
2 318
10 807
23 807
0 761
4 446
1 931
0 931
0 1074
43 812
10 287
14 764
0 1043
4 857
2 922
3 558
16 558
30 279
22 173
10 130
28 617
10 617
19 1707
3 1707
12 4275
28 4275
14 4275
15 4275
37 4275
0 1149
1 1149
5 1149
9 2971
5 2971
2 336
3 318
0 1026
0 92
1 92
0 311
2 161
4 774
4 127
2 379
15 400
0 428
8 381
1 562
1 497
0 393
15 279
0 323
17 395
17 223
0 362
16 509
16 2434
7 716
12 388
10 233
1 484
0 484
1 484
6 1075
4 1075
0 1075
6 1075
7 118
5 114
23 844
34 844
2 306
4 1742
13 1742
6 1742
0 441
0 655
107 764
20 509
339 3737
1 3737
10 3737
8 3737
10 562
252 2181
0 338
0 40
12 379
1 405
1 474
0 98
5 1143
17 368
3 699
3 343
12 126
3 1644
0 1644
6 767
12 767
65 767
7 20
20 310
1 354
0 61
7 297
70 727
1 395
0 1618
2 233
10 381
9 473
16 217
3 152
93 768
11 171
2 567
5 301
4 461
31 788
10 788
19 788
28 788
33 788
0 788
4 788
35 788
15 788
1 405
0 653
12 139
9 324
2 973
3 1386
1 633
11 664
27 1618
0 395
0 295
4 344
3 230
297 2219
0 385
23 527
1 1926
2 1926
5 548
3 919
0 699
2 472
1 327
1 821
5 821
7 821
0 526
20 567
43 1012
11 1012
9 1012
3 562
59 739
9 266
15 227
0 241
10 635
8 391
7 177
7 407
8 435
29 535
18 527
1 371
2 371
1 240
0 57
13 297
0 262
4 361
16 1312
0 84
4 287
0 509
1 585
29 592
31 812
59 2339
15 290
0 948
1 948
7 448
24 973
8 360
1 389
57 1646
10 2101
2 2101
14 2101
17 2101
7 876
11 472
4 265
12 777
43 502
11 137
26 209
3 144
0 183
0 370
18 135
3 120
36 962
21 721
0 114
39 3218
7 1747
0 231
10 1110
0 153
2 290
1 397
4 325
22 319
14 382
125 5267
97 5267
70 5267
55 5267
282 5267
114 5267
186 5267
296 5267
29 5267
25 5267
44 5267
13 5267
74 5267
188 5267
21 1034
0 1034
47 2191
15 2191
18 247
16 247
97 1416
146 1027
9 319
11 1042
17 384
4 163
0 127
1 484
14 900
2 544
27 265
9 368
1 930
36 2416
40 2416
22 2416
42 919
0 407
0 382
0 247
0 233
1 1183
2 1183
0 1183
1 1185
0 382
2 340
2 3763
17 3763
0 177
5 477
0 141
0 242
3 295
4 295
5 395
40 615
3 308
3 1695
26 511
0 227
0 257
5 2339
1 395
0 359
0 761
3 257
0 176
4 336
3 195
1 365
0 240
2 230
6 196
5 338
11 1116
12 1116
10 1124
2 300
6 1623
45 906
0 57
0 188
2 1057
2 233
6 721
4 318
0 735
0 699
3 446
0 310
2 165
11 465
44 1130
35 679
2 392
9 348
0 1898
1 1898
7 472
1 950
0 950
6 950
0 191
13 1695
0 324
3 282
4 861
4 1695
27 360
7 960
9 388
2 1701
0 453
1 453
0 247
4 461
0 295
0 1042
16 549
25 319
6 1110
38 2517
11 866
21 866
10 141
7 387
2 48
1 1791
19 1791
6 511
2 275
9 286
1 423
19 191
20 950
1 509
0 861
3 364
17 364
0 378
14 3651
2 364
12 364
1 298
22 679
5 654
0 177
3 605
18 392
19 392
7 569
0 43
5 414
0 272
9 327
13 2050
12 2050
10 2050
6 617
9 927
22 1268
33 1268
48 1268
12 1413
4 157
5 317
14 790
79 790
0 812
16 1077
27 584
36 562
5 1360
4 1695
39 405
4 587
0 127
26 1592
5 1592
18 1719
6 1719
12 1719
0 548
3 548
4 195
11 352
2 1043
15 2703
18 2703
6 2703
3 2703
7 1165
6 395
3 1323
0 1323
2 1323
11 1323
6 1323
0 118
7 165
22 663
24 451
8 1536
2 1526
8 1526
3 1526
3 116
13 327
2 587
11 139
3 325
37 1288
2 116
9 240
1 217
102 712
9 1386
0 2339
21 2517
14 381
11 284
6 183
14 295
3 2517
50 2339
0 465
1 247
0 2517
0 55
0 281
5 247
5 1360
2 461
36 3761
1 590
7 594
39 378
6 1539
2 108
324 4338
184 1552
2 152
22 646
2 306
0 657
2 657
21 1042
26 421
4 1042
4 222
6 1034
0 270
0 1104
5 486
0 502
0 57
4 816
15 2365
44 1074
1 187
1 2236
2 2236
3 2236
6 2236
1 405
30 1110
2 497
18 222
0 120
0 151
1 1392
0 230
0 86
2 78
98 2339
0 9
1 1021
9 318
5 308
35 279
1 762
0 88
10 721
57 1027
1 500
1 89
4 86
11 159
11 733
12 725
1 276
2 497
5 1130
0 456
2 654
2 777
0 53
2 340
42 475
1 142
0 694
0 41
0 90
3 588
1 588
2 588
0 214
0 67
1 588
1 327
7 342
1 588
2 193
2 161
8 90
4 588
0 41
12 322
2 718
2 142
9 567
10 588
5 113
0 120
0 588
36 567
60 588
0 588
2 483
0 588
2 218
8 588
0 282
0 282
14 588
13 218
0 327
2 24
0 274
2 274
2 214
1 142
0 90
12 90
2 228
13 567
0 229
15 567
2 343
1 228
1 327
1 43
7 386
2 694
12 228
1 475
0 588
19 475
48 946
0 475
0 567
3 457
4 327
4 483
3 343
0 116
0 475
11 228
0 342
6 327
26 560
15 229
0 99
5 588
8 43
7 43
0 168
3 141
8 483
0 16
2 588
5 386
1 334
12 588
11 588
27 588
11 588
0 90
3 588
1 271
3 588
10 386
0 67
47 560
14 342
0 454
1 588
10 588
2 211
15 694
24 694
12 228
20 327
3 588
7 752
0 53
5 229
3 588
3 41
0 374
0 334
23 588
1 475
7 110
1 229
0 58
1 588
0 142
4 153
1 334
1 116
8 118
3 588
8 386
4 327
2 142
15 228
12 156
3 588
1 588
0 327
3 343
6 153
26 475
9 588
0 99
0 588
2 588
36 574
0 694
1 90
26 694
2 56
24 560
6 342
8 322
1 752
2 588
44 327
0 193
8 454
0 342
0 67
0 327
1 588
1 229
0 342
0 67
187 2673
0 211
4 483
0 327
3 228
4 33
12 962
1 1539
0 125
0 120
5 80
1 816
0 554
0 176
0 406
0 66
13 473
0 977
0 844
2 290
14 502
0 88
4 275
2 147
10 515
0 1205
0 1403
0 1695
17 605
5 605
1 1347
0 1347
1 1516
0 295
0 473
0 59
14 1021
3 788
18 228
0 1110
0 88
1 768
2 476
0 337
3 340
50 1695
0 127
2 308
1 378
0 241
16 452
0 284
1 1900
0 1900
3 3101
0 3101
0 6
1 218
7 664
0 158
0 423
3 951
1 951
0 623
0 399
4 1577
0 278
1 214
5 2150
0 2150
0 145
1 404
0 1074
4 336
0 362
6 594
1 216
0 439
2 527
1 1386
1 639
18 762
0 625
1 625
0 725
0 395
0 1036
0 1042
12 393
2 1539
1 368
2 1539
18 117
5 632
2 1042
4 518
9 567
0 452
1 1071
0 347
2 303
0 120
0 270
32 2237
0 2237
8 2237
6 2237
19 2237
0 233
215 1552
0 409
0 1230
2 1230
0 853
2 400
0 126
0 446
18 857
1 973
2 274
1 274
10 3390
48 3390
21 3390
20 3390
0 584
47 890
0 626
3 216
0 1346
0 247
8 287
3 79
0 196
11 191
255 7353
3 7353
87 7353
507 7353
192 7353
58 7353
287 7353
10 7353
1 7353
663 7353
11 7353
120 7353
4 7353
399 7353
5 7353
36 7353
0 141
15 2466
12 2466
0 2466
26 2466
3 1456
74 10604
79 10604
0 10604
80 10604
137 10604
4 10604
157 10604
185 10604
32 10604
95 10604
26 10604
181 10604
120 10604
59 10604
132 10604
277 10604
10 1655
14 1655
0 407
6 1162
18 1162
4 1162
7 1162
3 479
20 623
0 87
3 564
6 391
0 295
6 590
0 508
14 1695
3 47
33 788
20 788
24 788
30 788
32 788
0 788
10 788
29 788
19 788
1 230
0 739
1 436
2 1695
0 247
3 626
0 567
1 115
3 48
0 344
32 684
173 764
5 582
83 1072
27 1862
1 1862
1 369
5 876
1 625
3 233
4 937
0 937
20 937
0 230
1 421
0 272
0 218
4 812
30 826
0 919
9 887
1 1072
100 2339
6 958
1 958
1 1623
0 141
1 792
1 811
4 2330
2 2330
1 247
11 974
1 120
1 182
5 423
1 1967
0 30
0 384
8 549
4 1153
4 497
2 188
18 498
0 157
4 157
1 2339
7 950
1 57
9 135
0 473
0 962
0 448
0 163
0 414
14 1161
2 1161
1 1161
1 117
2 96
0 1403
0 1346
1 139
11 1110
0 473
1 318
0 318
2 700
0 162
17 1967
2 1539
0 1539
0 106
102 5662
64 5662
118 5662
112 5662
130 5662
3 1536
6 1536
6 625
14 2565
6 2565
4 2565
7 2565
5 2565
3 2565
4 1747
0 384
5 183
0 1249
1 1249
0 87
0 812
2 746
2 2128
0 2128
1 2128
0 473
2 67
3 124
31 178
1 764
5 379
2 2396
0 2396
1 2396
9 890
1 890
3 890
0 38
0 2407
2 2407
4 2407
7 2407
2 735
5 581
8 581
11 385
15 385
10 615
0 139
0 641
0 448
9 1064
0 1064
4 2225
0 89
1 941
1 89
0 1419
1 452
0 80
21 554
0 89
0 1294
21 1294
12 381
4 1948
0 1948
3 1948
1 1948
10 962
12 448
0 352
0 137
0 594
7 1708
0 1708
13 287
0 25
0 816
0 626
1 90
30 2339
0 1536
0 233
5 69
0 319
0 796
0 446
0 527
1 142
3 369
0 153
0 590
0 385
19 413
5 446
4 2395
0 2395
7 404
295 592
13 2163
10 2163
12 2163
2 55
28 191
1 2423
10 2423
0 2423
1 344
0 196
0 452
19 1403
1 1205
2 1205
3 1014
0 294
0 448
0 86
0 395
2 844
0 844
1 303
0 1360
0 812
3 107
0 562
2 479
6 467
1 1733
14 1733
7 1733
0 80
0 739
0 446
24 247
0 389
0 733
3 215
2 295
1 431
0 175
0 130
1 187
11 135
0 284
3 371
16 330
14 1724
4 1724
16 1724
3 549
1 919
46 1139
3 896
2 896
6 437
1 103
0 264
2 261
1 264
0 648
7 1577
2 1501
3 1501
1 1501
18 617
1 1618
0 285
4 504
0 115
1 48
0 247
1 737
0 223
0 509
0 311
16 594
4 477
0 345
3 733
2 789
5 789
0 605
23 1747
0 347
1 1511
2 1511
0 362
1 147
0 307
0 139
1 139
0 382
2 1766
34 788
8 788
12 788
19 788
36 788
0 788
2 788
33 788
10 788
0 694
2 694
2 307
1 174
6 371
4 1077
0 537
5 178
0 103
3 290
3 3159
2 3159
0 3159
0 1331
24 50
0 716
0 508
11 1909
8 1909
10 1909
0 1618
1 1618
1 384
1 384
0 102
0 94
1 585
1 474
34 535
0 261
0 295
0 169
0 148
8 183
6 876
3 733
10 1787
3 1787
0 1787
31 617
0 1553
2 1553
3 504
4 343
3 632
0 127
1 504
35 1083
2 65
62 1144
0 178
2 172
29 240
42 431
1 919
6 498
1 1618
4 1475
11 368
2 26
15 1965
59 1965
23 1965
52 1965
17 1965
97 1965
1 125
0 175
6 55
11 379
0 229
1 229
0 230
1 1042
0 344
0 323
1 746
7 876
3 479
4 406
4 504
0 171
39 575
9 764
9 1913
3 1913
3 1057
4 269
1 173
2 344
0 772
0 242
1 1695
2 1695
0 382
4 764
0 175
0 94
0 811
0 394
0 1287
0 176
2 139
0 310
0 360
2 230
1 811
1 381
5 1129
2 1129
11 1129
16 638
0 1071
44 1410
0 1410
1 1410
0 811
0 497
3 37
0 285
0 305
6 256
0 360
5 233
1 623
1 1061
0 260
1 452
0 563
1 592
7 144
14 327
0 617
0 337
0 362
334 5976
57 5976
4 5976
78 5976
173 5976
0 5976
67 5976
41 5976
17 5976
5 1075
1 379
18 661
0 162
17 2517
15 431
2 100
1 1386
33 850
2 511
1 405
0 1102
1 1102
0 370
6 196
1 361
10 841
0 698
0 124
0 290
1 218
4 439
6 229
0 349
0 89
0 360
1 333
1 333
0 526
0 122
0 412
0 196
2 874
1 247
0 896
1 338
4 338
4 142
6 1779
229 1779
5 1779
112 1779
1 1238
10 876
23 1853
25 1853
36 1853
29 592
1 564
1 173
0 1539
0 158
0 812
8 584
2 328
8 262
0 816
0 99
18 796
0 404
1 146
0 345
13 464
3 228
14 274
74 919
0 502
0 1110
2 122
4 446
4 518
0 141
1 585
0 561
1 2808
0 1357
222 1416
3 204
1 100
63 563
5 564
0 473
38 1110
0 339
64 327
4 308
11 295
3 587
0 777
0 558
0 149
11 209
2 279
6 962
14 3095
22 3095
30 3095
15 1617
8 1617
2 1617
4 1617
0 318
1 327
10 1767
19 1767
1 1767
4 1767
1 240
1 1071
0 522
0 1618
2 465
0 465
3 465
