0 384
0 375
0 392
1 576
0 576
2 776
0 776
5 511
29 2287
9 2287
11 745
1 745
9 914
0 338
0 448
1 691
0 691
0 183
0 914
19 1155
43 1155
154 1155
9 1155
7 1155
8 1370
3 1623
0 7389
18 7389
10 7389
22 7389
55 7389
11 7389
49 7389
17 7389
36 7389
1 7389
550 7389
0 2339
1 615
1 1288
0 176
6 1265
37 1265
8 1265
0 150
1 79
0 1983
3 1983
14 1983
15 1983
4 269
14 397
2 1208
0 1208
22 1208
34 1474
3 240
0 448
0 558
1 1113
0 1113
0 79
4 305
0 400
1 388
3 590
0 1483
4 152
3 152
0 796
39 1536
0 805
0 276
0 328
1 1267
2 1267
5 1267
15 1267
0 1267
1 522
3 198
10 1013
8 1013
4 152
0 1303
2 1008
0 1008
4 327
0 562
5 737
1 737
2 264
1 175
0 44
0 89
7 1913
3 1913
3 1539
0 973
0 855
0 301
37 7645
92 7645
0 7645
33 7645
132 7645
7 7645
2 7645
6 7645
10 7645
45 7645
52 7645
12 7645
18 7645
14 7645
34 7645
17 7645
44 7645
43 7645
134 7645
31 7645
380 9306
8 9306
55 9306
6 9306
4 9306
75 9306
0 9306
2 9306
5 9306
244 9306
34 9306
3 9306
47 9306
160 9306
1 9306
58 9306
29 9306
43 9306
5 3760
67 3760
1 3760
0 3760
6 3760
11 3760
9 3760
2 3760
3 689
6 295
3 1454
0 1454
2 1454
9 1454
1 626
0 203
0 405
1 794
0 794
0 844
97 657
0 1110
1 150
1 1071
0 812
0 812
0 422
7 896
0 395
3 2339
0 135
5 324
5 721
0 79
3 204
1 811
0 368
0 380
0 380
2 384
2 152
0 98
6 68
9 446
2 777
12 777
3 884
25 884
0 1514
28 876
7 348
0 169
2 663
0 663
1 303
0 240
0 441
16 1474
0 733
4 1077
1 404
0 973
0 138
11 1618
9 567
11 876
1 176
0 2150
26 2150
9 876
5 311
5 1597
8 1597
6 1597
1 1597
1 618
0 98
0 184
1 776
0 776
0 497
5 57
0 392
0 670
4 670
0 392
0 511
1 247
0 876
1 344
5 965
8 1539
0 509
4 215
5 176
4 215
4 215
2 1386
0 283
1 764
0 465
0 792
29 10782
6 10782
12 10782
32 10782
31 10782
50 10782
10 10782
68 10782
41 10782
48 10782
37 10782
77 10782
5 10782
8 10782
15 10782
19 10782
95 10782
24 10782
28 10782
25 10782
13 10782
14 10782
59 10782
0 10782
37 10782
35 10782
0 224
13 767
2 144
45 540
0 2510
14 2510
49 269
9 269
0 1269
1 1269
2 919
1 782
0 448
1 931
0 931
1 247
1 89
0 2038
10 2038
6 2038
0 446
1 737
0 1898
1 1898
32 584
7 1360
3 2257
13 2257
1 1695
0 2339
3 1072
1 746
1 746
1 2150
3 2150
19 3410
1 3410
3 3410
1 746
1 2150
5 2150
0 764
1 746
0 456
6 590
9 2449
0 2449
19 191
1 777
7 266
2 1027
4 976
77 976
18 3000
5 3000
31 3000
95 3000
25 3000
11 3000
2 202
1 456
1 777
3 381
2 295
1 186
2 441
0 94
11 68
0 287
0 240
36 142
0 240
6 655
0 1197
6 2831
5 2831
3 2831
0 2831
0 1331
0 4210
1 4210
74 4210
4 4210
9 4210
32 4210
51 4210
7 4210
3 4210
6 4210
78 4210
2 20
2 209
0 677
1 677
3 1547
1 1547
0 888
1 888
0 344
9 413
19 1012
2 1012
10 1012
0 269
0 467
1 504
32 1110
1 585
2 2128
6 2128
4 2128
2 960
0 1483
8 1536
3 1536
0 1110
3 1069
2 1069
0 1069
1 1014
70 811
0 1110
0 423
0 93
6 183
0 384
0 724
7 2375
3 2375
6 2375
1 178
16 788
2 788
7 788
8 788
20 788
0 788
1 788
14 788
4 788
2 203
5 226
1 4949
9 4949
3 4949
17 4949
46 4949
66 4949
62 4949
0 120
99 2150
1 2150
6 2150
0 653
3 689
20 2955
11 2955
9 2955
15 2955
13 2955
3 2955
8 2955
2 1695
1 439
3 439
0 225
8 2163
6 2163
271 13875
6 13875
103 13875
90 13875
120 13875
45 13875
22 13875
1 13875
97 13875
36 13875
2171 13875
122 13875
43 13875
2 13875
3 2339
2 222
0 150
4 1164
12 1164
22 1164
1 2347
0 2347
2 2347
3 2347
0 633
0 384
29 3126
40 3126
6 3126
10 3126
21 3126
22 3126
30 3126
4 1078
0 1078
10 1078
0 267
0 1926
19 526
1 812
12 858
17 5657
39 5657
13 5657
16 5657
1 5657
20 5657
79 5657
34 5657
1 1042
0 423
0 218
4 172
54 1307
65 1021
1 384
0 400
1 240
1 247
2 176
0 247
1 124
1 618
0 247
7 1708
21 1708
31 1708
16 1708
0 762
1 762
3 152
7 371
0 264
1 442
0 442
1 389
71 5642
18 5642
101 5642
232 5642
46 5642
32 5642
3 5642
1 416
0 223
0 86
16 543
1 1403
0 1403
1 679
1 2517
0 87
31 689
9 336
0 89
0 153
10 1403
0 1963
8 1963
5 2002
12 2002
2 2002
1 147
0 147
9 163
0 264
1 1539
5 264
1 590
0 181
22 241
2 465
75 764
126 764
13 764
10 295
1 1652
2 1652
0 1967
0 86
0 1110
2 1183
1 1183
0 1183
0 876
0 389
0 1124
2 1124
10 1014
0 961
3 961
7 961
0 526
0 359
17 1130
3 257
2 1386
6 842
10 1042
0 257
8 2403
44 2403
12 2403
0 106
0 375
18 617
0 270
0 270
1 340
11 327
0 380
1 518
0 587
1 587
0 384
0 424
0 264
4 699
5 1317
0 1317
1 1317
1 120
5 594
0 538
0 603
9 1130
1 344
0 240
1 1241
0 122
0 855
0 1898
2 1898
0 1898
1 1898
1 384
2 17
2 914
0 777
6 163
8 4713
15 4713
1 4713
307 4713
0 4713
10 4713
0 44
1 2150
17 2150
7 2150
21 2150
3 402
20 266
0 781
4 781
6 781
1 781
10 664
0 689
0 874
0 796
0 796
73 1464
1 1464
4 1464
0 548
0 382
2 233
2 663
15 257
6 506
5 1012
3 257
2 626
0 371
61 782
9 3816
0 3816
4 3816
6 3816
2 3816
7 3816
47 3816
0 340
0 1347
1 1347
0 149
0 554
2 364
13 364
15 295
50 435
0 695
15 1247
18 1247
3 423
1 914
0 265
4 631
2 631
0 186
0 518
7 171
41 511
0 431
2 2308
0 2308
14 2303
0 2303
2 145
1 145
8 145
1 467
4 518
1 405
4 318
1 423
2 324
1 389
40 8726
5 8726
166 8726
32 8726
195 8726
10 8726
190 8726
49 8726
4 8726
2 8726
33 8726
36 8726
52 8726
3 422
2 108
0 456
0 1036
1 1036
18 391
0 344
0 679
3 154
40 397
13 3066
11 3066
10 3066
7 1214
21 1214
5 1595
87 1595
11 764
0 457
0 368
0 376
2 209
2 209
2 1191
0 1191
0 592
2 378
5 141
0 389
0 446
3 264
0 526
3 1110
1518 12734
26 12734
0 12734
117 12734
59 12734
77 12734
1094 12734
46 12734
8 12734
257 12734
140 12734
148 12734
177 12734
157 12734
104 12734
195 12734
268 12734
162 12734
0 203
0 89
0 653
16 295
0 841
0 441
3 384
0 876
37 1264
120 1264
62 1264
0 404
1 1483
0 1110
1 590
0 590
5 264
0 107
11 1386
0 148
0 89
21 842
1 461
1 669
0 669
6 737
2 699
3 423
5 737
0 107
0 107
1 148
0 473
11 2629
27 2629
7 2629
1 2629
0 384
1 1589
3 1589
0 1589
4 113
0 2696
1 2696
6 2696
0 774
6 664
106 987
3 987
0 987
42 4344
11 4344
40 4344
22 4344
8 4344
20 4344
23 4344
2 222
3 626
11 1376
0 1376
3 1376
4 1376
0 558
0 680
4 680
2 234
5 177
4 177
0 384
0 441
24 441
4 376
1 1511
4 1511
3 522
1 522
0 169
0 737
6 664
3 479
0 2238
1 2238
13 2238
8 2238
14 1074
13 737
0 762
2 2517
24 788
0 2300
3 2300
2 762
0 618
0 183
0 270
5 558
0 252
20 295
30 1913
94 1913
4 656
7 656
1 656
0 240
0 423
120 764
0 373
8 446
1 357
3 423
4 632
1 590
0 562
13 456
0 9
293 587
0 562
21 1014
4 774
0 404
1 567
3 1407
2 594
1 690
0 690
0 250
1 127
0 295
3 2725
8 2725
6 2725
7 2725
1 2725
2 442
0 442
1 518
0 508
0 269
1 269
0 38
5 6094
35 6094
30 6094
31 6094
61 6094
2 1370
1 2737
37 2737
43 1409
18 526
6 465
1 339
2 960
1 960
29 382
1 295
0 404
0 431
4 1536
1 615
0 844
1 308
1 504
0 560
2 730
3 730
2 764
4 1701
1 240
8 283
0 596
0 392
3 2339
6 2339
0 303
0 461
23 563
27 438
0 122
14 980
5 980
10 845
0 665
12 378
4 352
3 889
7 889
0 189
0 431
0 751
11 526
2 1955
8 1955
0 1955
14 1955
9 1955
3 1955
147 9453
127 9453
123 9453
40 9453
24 9453
190 9453
13 9453
84 9453
36 9453
135 9453
157 9453
110 9453
68 9453
107 9453
58 9453
12 3604
68 3604
88 3604
781 3604
48 3604
4 2982
14 2982
1 2982
8 2982
27 2982
2 1152
8 499
0 181
1 181
11 249
5 613
9 395
2 575
0 122
3 1114
0 1114
27 283
36 283
2 241
4 55
14 655
4 1887
11 1887
42 1887
2 7512
11 7512
8 7512
12 7512
69 7512
14 7512
3 7512
122 7512
91 7512
218 7512
38 7512
4 7512
15 7512
135 7512
147 7512
7 328
5 623
5 106
5 82
2 305
1 196
19 151
18 439
4 328
10 2031
29 4370
25 4370
24 4370
28 4370
8 4370
18 4370
26 4370
17 4370
3 340
0 360
0 269
1 413
16 887
1 187
6 187
3 534
2 1539
11 726
15 257
5 202
2 764
1 764
0 473
5 729
2 729
4 729
1 174
6 593
1 326
10 282
1 59
2 2849
92 2849
9 2849
59 2849
0 225
11 435
4 435
1 522
4 146
0 479
9 399
1 587
1 562
28 788
7 788
13 788
31 788
26 788
0 788
2 788
38 788
19 788
24 473
17 473
15 1528
1 1528
37 1904
27 1904
7 733
0 219
8 2417
0 2417
62 594
29 594
31 594
0 620
1 620
0 476
9 476
0 405
35 1695
0 91
3 91
0 1223
1 1223
3 1223
4 479
1 328
23 1879
10 1879
10 4834
29 4834
13 4834
0 4834
56 4834
19 4834
0 145
13 739
3 336
16 361
5 177
0 413
30 759
1 191
5 191
24 240
3 233
4 177
0 176
1 318
5 807
7 807
0 761
3 446
1 931
0 931
0 1074
28 812
10 287
9 764
0 1043
1 857
2 922
2 558
13 558
20 279
26 173
10 130
16 617
5 617
6 1707
2 1707
14 4275
11 4275
4 4275
6 4275
18 4275
1 1149
0 1149
3 1149
1 2971
3 2971
1 336
2 318
0 1026
0 92
1 92
0 311
1 161
2 774
5 127
0 379
6 400
0 428
4 381
0 562
0 497
0 393
5 279
0 323
14 395
12 223
0 362
16 509
3 2434
5 716
9 388
17 233
0 484
0 484
0 484
3 1075
1 1075
0 1075
1 1075
6 118
3 114
23 844
37 844
2 306
1 1742
4 1742
2 1742
0 441
0 655
109 764
12 509
337 3737
0 3737
2 3737
1 3737
12 562
263 2181
0 338
0 40
5 379
1 405
1 474
0 98
1 1143
14 368
4 699
1 343
12 126
0 1644
3 1644
3 767
7 767
64 767
7 20
14 310
4 354
0 61
4 297
71 727
5 395
0 1618
0 233
6 381
5 473
10 217
3 152
74 768
7 171
0 567
0 301
0 461
17 788
6 788
16 788
15 788
28 788
0 788
1 788
24 788
9 788
1 405
0 653
4 139
5 324
0 973
4 1386
0 633
12 664
8 1618
0 395
0 295
6 344
3 230
1109 2219
0 385
23 527
0 1926
1 1926
5 548
0 919
0 699
2 472
1 327
1 821
2 821
3 821
0 526
5 567
26 1012
9 1012
5 1012
3 562
54 739
4 266
12 227
0 241
7 635
4 391
7 177
4 407
6 435
26 535
23 527
0 371
0 371
1 240
0 57
20 297
0 262
1 361
18 1312
0 84
1 287
0 509
1 585
20 592
44 812
76 2339
13 290
0 948
1 948
1 448
30 973
6 360
1 389
76 1646
4 2101
0 2101
5 2101
7 2101
4 876
9 472
3 265
3 777
28 502
9 137
19 209
2 144
0 183
0 370
18 135
3 120
28 962
14 721
1 114
3 3218
2 1747
0 231
3 1110
0 153
1 290
1 397
7 325
19 319
11 382
31 5267
26 5267
13 5267
19 5267
91 5267
27 5267
74 5267
107 5267
6 5267
7 5267
9 5267
2 5267
15 5267
63 5267
12 1034
0 1034
14 2191
3 2191
18 247
11 247
43 1416
173 1027
3 319
0 1042
9 384
0 163
0 127
1 484
6 900
0 544
28 265
4 368
0 930
22 2416
19 2416
11 2416
40 919
0 407
0 382
0 247
0 233
1 1183
2 1183
0 1183
1 1185
0 382
0 340
0 3763
10 3763
0 177
2 477
0 141
0 242
1 295
2 295
3 395
52 615
3 308
0 1695
23 511
1 227
0 257
2 2339
1 395
0 359
0 761
2 257
0 176
3 336
0 195
0 365
1 240
1 230
6 196
6 338
7 1116
4 1116
4 1124
0 300
7 1623
47 906
0 57
0 188
0 1057
0 233
2 721
3 318
0 735
3 699
3 446
0 310
0 165
6 465
17 1130
65 679
0 392
10 348
0 1898
1 1898
5 472
1 950
0 950
6 950
0 191
5 1695
0 324
0 282
0 861
3 1695
21 360
2 960
7 388
1 1701
0 453
1 453
0 247
3 461
0 295
0 1042
12 549
19 319
4 1110
9 2517
4 866
9 866
9 141
6 387
5 48
1 1791
4 1791
1 511
2 275
7 286
0 423
0 191
15 950
0 509
0 861
0 364
12 364
0 378
4 3651
0 364
5 364
0 298
8 679
5 654
0 177
3 605
14 392
13 392
1 569
0 43
4 414
0 272
4 327
4 2050
3 2050
1 2050
2 617
3 927
20 1268
18 1268
21 1268
20 1413
6 157
4 317
12 790
81 790
0 812
15 1077
23 584
29 562
9 1360
2 1695
28 405
2 587
0 127
4 1592
0 1592
2 1719
0 1719
1 1719
0 548
2 548
4 195
9 352
0 1043
11 2703
14 2703
3 2703
1 2703
11 1165
8 395
1 1323
0 1323
2 1323
5 1323
4 1323
0 118
4 165
8 663
11 451
11 1536
1 1526
2 1526
4 1526
2 116
11 327
2 587
3 139
1 325
21 1288
2 116
7 240
0 217
355 712
7 1386
2 2339
7 2517
7 381
15 284
1 183
8 295
3 2517
45 2339
1 465
0 247
0 2517
0 55
2 281
5 247
9 1360
0 461
42 3761
0 590
2 594
26 378
6 1539
3 108
247 4338
149 1552
3 152
10 646
2 306
0 657
1 657
13 1042
41 421
3 1042
5 222
2 1034
0 270
0 1104
2 486
0 502
0 57
8 816
8 2365
26 1074
1 187
1 2236
2 2236
3 2236
4 2236
1 405
28 1110
2 497
14 222
0 120
0 151
1 1392
0 230
0 86
3 78
128 2339
0 9
1 1021
4 318
3 308
28 279
0 762
0 88
7 721
34 1027
0 500
0 89
3 86
11 159
10 733
20 725
1 276
1 497
4 1130
0 456
2 654
2 777
0 53
2 340
74 475
2 142
0 694
0 41
0 90
3 588
1 588
3 588
1 214
0 67
1 588
1 327
0 342
0 588
2 193
1 161
5 90
2 588
0 41
9 322
3 718
1 142
9 567
6 588
3 113
0 120
1 588
28 567
50 588
0 588
3 483
1 588
4 218
9 588
0 282
0 282
12 588
12 218
0 327
0 24
0 274
3 274
2 214
1 142
1 90
13 90
1 228
8 567
0 229
12 567
1 343
1 228
1 327
1 43
4 386
3 694
13 228
1 475
0 588
20 475
32 946
0 475
0 567
3 457
2 327
3 483
5 343
0 116
0 475
13 228
0 342
2 327
31 560
17 229
0 99
1 588
7 43
6 43
0 168
5 141
4 483
0 16
1 588
2 386
1 334
3 588
5 588
13 588
3 588
0 90
4 588
0 271
2 588
6 386
0 67
48 560
16 342
0 454
1 588
12 588
2 211
14 694
31 694
9 228
17 327
3 588
5 752
0 53
3 229
2 588
2 41
0 374
0 334
24 588
1 475
7 110
0 229
0 58
1 588
0 142
10 153
0 334
3 116
7 118
4 588
7 386
3 327
1 142
13 228
12 156
3 588
1 588
1 327
3 343
8 153
23 475
4 588
0 99
0 588
1 588
32 574
0 694
1 90
14 694
2 56
22 560
5 342
1 322
0 752
2 588
38 327
0 193
11 454
0 342
0 67
0 327
0 588
1 229
0 342
0 67
145 2673
0 211
3 483
0 327
2 228
4 33
5 962
1 1539
0 125
0 120
6 80
1 816
0 554
1 176
0 406
0 66
4 473
0 977
0 844
0 290
13 502
0 88
2 275
1 147
6 515
0 1205
0 1403
0 1695
19 605
3 605
3 1347
0 1347
1 1516
0 295
0 473
0 59
8 1021
5 788
17 228
0 1110
0 88
0 768
1 476
0 337
1 340
53 1695
0 127
2 308
0 378
0 241
7 452
0 284
2 1900
0 1900
1 3101
0 3101
0 6
1 218
8 664
0 158
0 423
3 951
1 951
0 623
0 399
2 1577
0 278
1 214
5 2150
0 2150
0 145
1 404
0 1074
3 336
0 362
4 594
0 216
0 439
2 527
1 1386
0 639
23 762
0 625
1 625
0 725
0 395
0 1036
0 1042
3 393
1 1539
1 368
3 1539
19 117
1 632
1 1042
1 518
4 567
0 452
1 1071
0 347
1 303
0 120
0 270
9 2237
1 2237
3 2237
2 2237
12 2237
0 233
193 1552
0 409
0 1230
2 1230
0 853
1 400
0 126
0 446
16 857
0 973
2 274
1 274
3 3390
38 3390
11 3390
5 3390
0 584
36 890
0 626
4 216
0 1346
0 247
10 287
4 79
0 196
16 191
220 7353
3 7353
78 7353
597 7353
145 7353
32 7353
301 7353
10 7353
2 7353
611 7353
11 7353
29 7353
1 7353
256 7353
5 7353
46 7353
0 141
3 2466
4 2466
0 2466
8 2466
1 1456
57 10604
76 10604
0 10604
39 10604
37 10604
3 10604
96 10604
148 10604
38 10604
78 10604
10 10604
135 10604
66 10604
46 10604
90 10604
153 10604
7 1655
8 1655
0 407
4 1162
7 1162
3 1162
5 1162
3 479
19 623
0 87
1 564
7 391
0 295
1 590
0 508
37 1695
2 47
30 788
17 788
27 788
25 788
33 788
0 788
3 788
23 788
18 788
1 230
0 739
0 436
2 1695
0 247
3 626
1 567
3 115
3 48
0 344
11 684
98 764
2 582
92 1072
16 1862
0 1862
2 369
9 876
1 625
0 233
3 937
0 937
19 937
0 230
1 421
0 272
0 218
2 812
22 826
0 919
4 887
1 1072
60 2339
5 958
0 958
2 1623
0 141
0 792
1 811
1 2330
0 2330
0 247
4 974
2 120
0 182
2 423
0 1967
0 30
0 384
2 549
11 1153
2 497
2 188
5 498
0 157
2 157
1 2339
2 950
1 57
1 135
0 473
0 962
0 448
0 163
0 414
12 1161
1 1161
3 1161
1 117
1 96
0 1403
0 1346
1 139
10 1110
0 473
2 318
0 318
1 700
0 162
9 1967
2 1539
0 1539
0 106
24 5662
15 5662
34 5662
31 5662
35 5662
4 1536
7 1536
6 625
13 2565
11 2565
2 2565
1 2565
3 2565
0 2565
7 1747
1 384
2 183
1 1249
0 1249
0 87
0 812
3 746
1 2128
0 2128
2 2128
0 473
1 67
3 124
24 178
0 764
3 379
2 2396
0 2396
1 2396
11 890
1 890
3 890
0 38
0 2407
1 2407
2 2407
7 2407
1 735
0 581
6 581
2 385
4 385
5 615
0 139
0 641
0 448
4 1064
0 1064
3 2225
0 89
0 941
0 89
0 1419
2 452
0 80
14 554
0 89
0 1294
19 1294
5 381
6 1948
0 1948
2 1948
1 1948
7 962
9 448
0 352
0 137
0 594
6 1708
1 1708
12 287
0 25
0 816
0 626
1 90
30 2339
0 1536
0 233
4 69
0 319
0 796
0 446
0 527
2 142
0 369
0 153
0 590
1 385
19 413
2 446
3 2395
0 2395
7 404
295 592
24 2163
20 2163
22 2163
4 55
30 191
1 2423
3 2423
0 2423
0 344
0 196
0 452
29 1403
1 1205
2 1205
3 1014
0 294
0 448
0 86
0 395
1 844
0 844
0 303
0 1360
0 812
3 107
0 562
2 479
6 467
1 1733
15 1733
6 1733
0 80
0 739
0 446
33 247
0 389
0 733
3 215
2 295
1 431
0 175
0 130
1 187
6 135
0 284
6 371
11 330
3 1724
0 1724
2 1724
1 549
0 919
36 1139
1 896
0 896
3 437
1 103
0 264
2 261
0 264
0 648
5 1577
2 1501
3 1501
1 1501
14 617
1 1618
0 285
2 504
0 115
1 48
0 247
0 737
0 223
0 509
0 311
8 594
1 477
0 345
2 733
3 789
0 789
0 605
8 1747
0 347
0 1511
2 1511
0 362
1 147
0 307
1 139
0 139
0 382
3 1766
31 788
2 788
9 788
7 788
33 788
0 788
1 788
23 788
3 788
1 694
0 694
5 307
1 174
2 371
0 1077
0 537
4 178
0 103
1 290
1 3159
2 3159
0 3159
0 1331
24 50
0 716
0 508
14 1909
16 1909
9 1909
0 1618
0 1618
0 384
1 384
0 102
0 94
1 585
0 474
42 535
0 261
0 295
0 169
0 148
3 183
4 876
1 733
9 1787
3 1787
0 1787
19 617
0 1553
2 1553
1 504
2 343
1 632
0 127
2 504
7 1083
2 65
42 1144
0 178
3 172
19 240
33 431
0 919
2 498
0 1618
9 1475
10 368
3 26
2 1965
25 1965
13 1965
15 1965
4 1965
39 1965
1 125
0 175
4 55
8 379
0 229
0 229
0 230
1 1042
0 344
0 323
1 746
11 876
3 479
7 406
3 504
2 171
24 575
6 764
7 1913
2 1913
1 1057
3 269
0 173
2 344
0 772
0 242
1 1695
2 1695
0 382
4 764
0 175
0 94
1 811
0 394
0 1287
0 176
3 139
0 310
0 360
3 230
1 811
1 381
2 1129
4 1129
5 1129
4 638
0 1071
8 1410
0 1410
1 1410
0 811
0 497
2 37
0 285
0 305
2 256
0 360
6 233
3 623
1 1061
1 260
0 452
0 563
2 592
6 144
6 327
0 617
0 337
0 362
482 5976
43 5976
4 5976
103 5976
173 5976
0 5976
94 5976
36 5976
16 5976
10 1075
1 379
20 661
0 162
4 2517
10 431
0 100
1 1386
18 850
2 511
1 405
0 1102
1 1102
0 370
3 196
1 361
9 841
0 698
0 124
0 290
1 218
3 439
8 229
0 349
0 89
0 360
2 333
3 333
0 526
0 122
0 412
0 196
1 874
0 247
0 896
1 338
2 338
3 142
7 1779
172 1779
4 1779
140 1779
1 1238
10 876
18 1853
11 1853
25 1853
8 592
1 564
1 173
0 1539
0 158
0 812
7 584
1 328
6 262
0 816
0 99
9 796
0 404
1 146
0 345
5 464
2 228
12 274
113 919
0 502
0 1110
3 122
4 446
5 518
0 141
1 585
0 561
1 2808
0 1357
168 1416
0 204
1 100
63 563
1 564
0 473
40 1110
0 339
163 327
3 308
8 295
0 587
0 777
0 558
0 149
12 209
1 279
5 962
4 3095
13 3095
8 3095
11 1617
4 1617
1 1617
3 1617
0 318
0 327
5 1767
15 1767
1 1767
2 1767
0 240
0 1071
0 522
0 1618
1 465
0 465
1 465
