0 384
1 375
0 392
1 576
0 576
1 776
0 776
4 511
33 2287
16 2287
11 745
0 745
18 914
1 338
0 448
1 691
0 691
0 183
3 914
22 1155
23 1155
162 1155
52 1155
29 1155
8 1370
4 1623
0 7389
3 7389
44 7389
100 7389
138 7389
31 7389
59 7389
62 7389
25 7389
10 7389
550 7389
0 2339
1 615
4 1288
1 176
7 1265
63 1265
21 1265
1 150
6 79
2 1983
3 1983
29 1983
32 1983
6 269
7 397
2 1208
1 1208
31 1208
43 1474
2 240
0 448
0 558
2 1113
1 1113
0 79
2 305
0 400
1 388
1 590
1 1483
4 152
4 152
0 796
38 1536
1 805
0 276
0 328
1 1267
2 1267
5 1267
14 1267
0 1267
1 522
5 198
29 1013
14 1013
3 152
0 1303
3 1008
0 1008
4 327
1 562
7 737
4 737
4 264
1 175
0 44
0 89
11 1913
8 1913
4 1539
0 973
0 855
0 301
45 7645
149 7645
1 7645
52 7645
194 7645
6 7645
2 7645
9 7645
11 7645
56 7645
75 7645
18 7645
19 7645
17 7645
78 7645
23 7645
47 7645
67 7645
146 7645
60 7645
296 9306
12 9306
80 9306
5 9306
4 9306
85 9306
0 9306
2 9306
8 9306
152 9306
32 9306
3 9306
48 9306
213 9306
1 9306
46 9306
23 9306
65 9306
5 3760
54 3760
1 3760
0 3760
11 3760
16 3760
7 3760
3 3760
1 689
13 295
3 1454
0 1454
2 1454
16 1454
0 626
0 203
0 405
2 794
0 794
0 844
91 657
0 1110
1 150
1 1071
0 812
0 812
1 422
9 896
0 395
5 2339
2 135
8 324
9 721
1 79
1 204
1 811
0 368
0 380
0 380
5 384
2 152
0 98
1 68
22 446
2 777
8 777
2 884
11 884
0 1514
13 876
17 348
0 169
2 663
0 663
1 303
0 240
0 441
17 1474
0 733
8 1077
0 404
1 973
0 138
36 1618
13 567
6 876
1 176
0 2150
32 2150
4 876
11 311
3 1597
18 1597
7 1597
1 1597
2 618
0 98
0 184
1 776
0 776
0 497
4 57
0 392
0 670
4 670
0 392
3 511
0 247
0 876
0 344
10 965
9 1539
1 509
4 215
4 176
4 215
4 215
3 1386
0 283
3 764
0 465
0 792
43 10782
5 10782
28 10782
42 10782
69 10782
73 10782
11 10782
153 10782
99 10782
144 10782
74 10782
84 10782
6 10782
14 10782
35 10782
50 10782
287 10782
59 10782
46 10782
32 10782
45 10782
21 10782
87 10782
0 10782
74 10782
96 10782
1 224
19 767
4 144
45 540
5 2510
60 2510
56 269
6 269
0 1269
1 1269
7 919
2 782
0 448
1 931
0 931
1 247
0 89
0 2038
17 2038
12 2038
2 446
0 737
0 1898
1 1898
33 584
6 1360
5 2257
19 2257
1 1695
1 2339
3 1072
1 746
2 746
1 2150
5 2150
24 3410
1 3410
4 3410
1 746
2 2150
7 2150
4 764
1 746
0 456
2 590
11 2449
0 2449
14 191
7 777
13 266
5 1027
12 976
88 976
44 3000
4 3000
58 3000
95 3000
69 3000
9 3000
2 202
1 456
15 777
3 381
3 295
1 186
1 441
0 94
11 68
1 287
0 240
38 142
0 240
11 655
1 1197
9 2831
5 2831
3 2831
0 2831
3 1331
0 4210
2 4210
57 4210
5 4210
10 4210
31 4210
36 4210
8 4210
4 4210
6 4210
67 4210
3 20
2 209
0 677
3 677
7 1547
5 1547
1 888
0 888
0 344
28 413
20 1012
3 1012
14 1012
0 269
1 467
3 504
32 1110
0 585
2 2128
6 2128
3 2128
2 960
1 1483
9 1536
1 1536
0 1110
2 1069
4 1069
0 1069
1 1014
60 811
0 1110
0 423
0 93
23 183
1 384
0 724
19 2375
8 2375
4 2375
1 178
31 788
10 788
16 788
24 788
34 788
0 788
5 788
32 788
12 788
3 203
6 226
1 4949
22 4949
3 4949
37 4949
48 4949
206 4949
148 4949
0 120
107 2150
8 2150
16 2150
0 653
3 689
18 2955
19 2955
11 2955
14 2955
13 2955
3 2955
8 2955
4 1695
3 439
3 439
0 225
35 2163
33 2163
382 13875
15 13875
309 13875
179 13875
281 13875
112 13875
139 13875
30 13875
358 13875
131 13875
2172 13875
162 13875
56 13875
4 13875
8 2339
2 222
0 150
4 1164
33 1164
51 1164
3 2347
0 2347
1 2347
2 2347
1 633
0 384
55 3126
68 3126
9 3126
40 3126
48 3126
49 3126
69 3126
4 1078
0 1078
26 1078
0 267
0 1926
13 526
1 812
11 858
29 5657
88 5657
65 5657
57 5657
18 5657
98 5657
141 5657
38 5657
1 1042
0 423
0 218
2 172
53 1307
107 1021
0 384
0 400
1 240
1 247
5 176
0 247
1 124
2 618
0 247
12 1708
55 1708
69 1708
44 1708
1 762
0 762
3 152
4 371
0 264
1 442
0 442
0 389
103 5642
33 5642
239 5642
298 5642
104 5642
53 5642
8 5642
3 416
0 223
0 86
11 543
5 1403
1 1403
1 679
1 2517
0 87
44 689
5 336
0 89
0 153
7 1403
0 1963
7 1963
13 2002
23 2002
2 2002
0 147
0 147
10 163
0 264
3 1539
4 264
1 590
0 181
14 241
5 465
115 764
216 764
13 764
12 295
1 1652
2 1652
0 1967
0 86
0 1110
2 1183
1 1183
0 1183
0 876
0 389
0 1124
4 1124
14 1014
0 961
5 961
11 961
0 526
0 359
19 1130
3 257
2 1386
5 842
17 1042
0 257
7 2403
49 2403
13 2403
0 106
1 375
20 617
0 270
0 270
1 340
15 327
0 380
1 518
0 587
1 587
0 384
0 424
0 264
2 699
3 1317
0 1317
14 1317
1 120
6 594
0 538
0 603
18 1130
0 344
0 240
1 1241
0 122
0 855
0 1898
1 1898
0 1898
1 1898
0 384
0 17
3 914
4 777
7 163
7 4713
21 4713
3 4713
523 4713
0 4713
13 4713
0 44
10 2150
32 2150
23 2150
40 2150
1 402
18 266
6 781
8 781
13 781
3 781
3 664
3 689
3 874
0 796
0 796
71 1464
1 1464
6 1464
0 548
0 382
3 233
2 663
14 257
13 506
41 1012
5 257
3 626
0 371
66 782
34 3816
1 3816
7 3816
8 3816
6 3816
5 3816
98 3816
0 340
0 1347
2 1347
0 149
1 554
4 364
24 364
12 295
48 435
2 695
20 1247
43 1247
4 423
2 914
0 265
5 631
2 631
0 186
0 518
5 171
22 511
4 431
10 2308
1 2308
45 2303
7 2303
5 145
3 145
21 145
1 467
3 518
1 405
3 318
1 423
6 324
1 389
51 8726
7 8726
138 8726
23 8726
369 8726
11 8726
162 8726
48 8726
3 8726
4 8726
59 8726
53 8726
227 8726
5 422
2 108
1 456
1 1036
0 1036
14 391
2 344
1 679
1 154
36 397
14 3066
9 3066
7 3066
18 1214
29 1214
6 1595
97 1595
5 764
0 457
0 368
0 376
2 209
2 209
1 1191
0 1191
0 592
1 378
3 141
0 389
0 446
3 264
0 526
4 1110
1344 12734
49 12734
0 12734
236 12734
63 12734
171 12734
1067 12734
174 12734
19 12734
306 12734
272 12734
251 12734
353 12734
315 12734
184 12734
283 12734
380 12734
242 12734
0 203
0 89
3 653
20 295
1 841
0 441
2 384
0 876
59 1264
66 1264
12 1264
0 404
2 1483
0 1110
1 590
1 590
2 264
0 107
18 1386
0 148
0 89
19 842
0 461
1 669
0 669
7 737
4 699
4 423
5 737
0 107
0 107
1 148
0 473
24 2629
15 2629
26 2629
3 2629
0 384
1 1589
3 1589
0 1589
6 113
0 2696
2 2696
60 2696
0 774
5 664
102 987
3 987
0 987
34 4344
12 4344
61 4344
35 4344
18 4344
22 4344
21 4344
3 222
11 626
7 1376
5 1376
1 1376
6 1376
0 558
0 680
5 680
3 234
4 177
2 177
0 384
1 441
16 441
5 376
2 1511
4 1511
7 522
1 522
0 169
5 737
6 664
3 479
0 2238
1 2238
22 2238
14 2238
18 1074
18 737
2 762
2 2517
24 788
0 2300
4 2300
9 762
1 618
0 183
0 270
3 558
0 252
16 295
62 1913
141 1913
3 656
8 656
2 656
0 240
4 423
128 764
0 373
14 446
5 357
4 423
9 632
1 590
1 562
20 456
0 9
293 587
0 562
31 1014
14 774
0 404
5 567
10 1407
3 594
1 690
0 690
0 250
1 127
0 295
39 2725
61 2725
56 2725
60 2725
31 2725
2 442
0 442
1 518
0 508
0 269
2 269
0 38
29 6094
116 6094
92 6094
135 6094
153 6094
1 1370
2 2737
65 2737
52 1409
21 526
14 465
4 339
2 960
1 960
32 382
1 295
0 404
3 431
12 1536
1 615
0 844
1 308
1 504
0 560
3 730
0 730
3 764
7 1701
0 240
4 283
0 596
0 392
5 2339
18 2339
0 303
0 461
18 563
29 438
4 122
27 980
10 980
12 845
1 665
16 378
5 352
6 889
19 889
0 189
4 431
0 751
19 526
3 1955
10 1955
1 1955
20 1955
9 1955
2 1955
334 9453
221 9453
305 9453
114 9453
113 9453
440 9453
34 9453
289 9453
162 9453
341 9453
190 9453
373 9453
146 9453
250 9453
203 9453
31 3604
152 3604
124 3604
601 3604
73 3604
1 2982
13 2982
4 2982
7 2982
14 2982
16 1152
9 499
0 181
1 181
11 249
8 613
11 395
0 575
1 122
7 1114
0 1114
21 283
25 283
7 241
3 55
14 655
5 1887
22 1887
70 1887
3 7512
9 7512
11 7512
33 7512
126 7512
6 7512
1 7512
171 7512
160 7512
181 7512
27 7512
4 7512
10 7512
283 7512
84 7512
4 328
13 623
7 106
6 82
10 305
1 196
20 151
8 439
19 328
22 2031
147 4370
131 4370
106 4370
143 4370
75 4370
97 4370
99 4370
91 4370
5 340
0 360
1 269
3 413
14 887
4 187
11 187
2 534
4 1539
25 726
16 257
3 202
6 764
2 764
0 473
9 729
7 729
8 729
5 174
13 593
1 326
20 282
1 59
14 2849
166 2849
30 2849
122 2849
0 225
15 435
2 435
4 522
3 146
0 479
20 399
3 587
1 562
35 788
21 788
25 788
32 788
31 788
1 788
10 788
38 788
26 788
34 473
29 473
29 1528
1 1528
49 1904
26 1904
9 733
1 219
6 2417
1 2417
75 594
47 594
57 594
5 620
3 620
4 476
24 476
1 405
50 1695
1 91
5 91
0 1223
1 1223
3 1223
3 479
1 328
36 1879
17 1879
10 4834
51 4834
19 4834
0 4834
84 4834
25 4834
0 145
21 739
4 336
26 361
3 177
9 413
28 759
0 191
5 191
29 240
7 233
2 177
3 176
8 318
12 807
28 807
0 761
4 446
1 931
0 931
1 1074
35 812
10 287
12 764
0 1043
5 857
3 922
3 558
14 558
29 279
27 173
5 130
48 617
68 617
22 1707
4 1707
11 4275
27 4275
19 4275
14 4275
36 4275
0 1149
1 1149
6 1149
11 2971
8 2971
1 336
4 318
0 1026
1 92
0 92
0 311
4 161
4 774
4 127
2 379
18 400
0 428
9 381
0 562
1 497
0 393
12 279
0 323
13 395
17 223
0 362
16 509
20 2434
6 716
15 388
7 233
1 484
1 484
1 484
7 1075
3 1075
0 1075
4 1075
9 118
6 114
31 844
40 844
9 306
4 1742
15 1742
6 1742
0 441
0 655
125 764
23 509
308 3737
4 3737
17 3737
12 3737
15 562
255 2181
0 338
0 40
6 379
1 405
1 474
1 98
8 1143
15 368
2 699
4 343
12 126
4 1644
0 1644
8 767
16 767
68 767
7 20
13 310
1 354
0 61
7 297
58 727
0 395
0 1618
2 233
10 381
9 473
18 217
4 152
101 768
14 171
2 567
5 301
3 461
34 788
20 788
28 788
32 788
33 788
0 788
6 788
38 788
27 788
1 405
0 653
13 139
11 324
2 973
1 1386
1 633
9 664
24 1618
0 395
0 295
4 344
3 230
298 2219
0 385
24 527
1 1926
1 1926
4 548
3 919
0 699
2 472
1 327
1 821
13 821
12 821
0 526
22 567
54 1012
23 1012
26 1012
3 562
59 739
10 266
13 227
0 241
10 635
9 391
6 177
10 407
10 435
33 535
17 527
1 371
1 371
1 240
0 57
13 297
0 262
1 361
15 1312
0 84
2 287
1 509
1 585
18 592
20 812
72 2339
8 290
0 948
1 948
10 448
20 973
8 360
1 389
37 1646
11 2101
2 2101
18 2101
30 2101
7 876
5 472
6 265
19 777
48 502
13 137
26 209
3 144
0 183
0 370
18 135
3 120
44 962
21 721
0 114
46 3218
7 1747
0 231
7 1110
0 153
3 290
1 397
4 325
23 319
15 382
136 5267
118 5267
94 5267
72 5267
320 5267
130 5267
198 5267
328 5267
32 5267
31 5267
56 5267
13 5267
93 5267
208 5267
102 1034
5 1034
56 2191
20 2191
21 247
16 247
117 1416
139 1027
11 319
12 1042
18 384
4 163
0 127
1 484
18 900
2 544
26 265
11 368
1 930
27 2416
37 2416
22 2416
32 919
0 407
0 382
0 247
0 233
1 1183
2 1183
0 1183
1 1185
0 382
2 340
2 3763
25 3763
0 177
6 477
0 141
0 242
4 295
6 295
6 395
32 615
4 308
4 1695
30 511
0 227
0 257
5 2339
1 395
0 359
0 761
2 257
0 176
3 336
2 195
1 365
0 240
3 230
6 196
6 338
14 1116
13 1116
12 1124
2 300
8 1623
39 906
1 57
0 188
3 1057
2 233
2 721
5 318
0 735
3 699
3 446
0 310
3 165
9 465
42 1130
28 679
2 392
9 348
0 1898
1 1898
4 472
1 950
0 950
6 950
0 191
19 1695
0 324
3 282
5 861
4 1695
21 360
13 960
5 388
5 1701
0 453
1 453
0 247
5 461
0 295
0 1042
13 549
37 319
11 1110
45 2517
14 866
26 866
6 141
7 387
3 48
1 1791
39 1791
6 511
1 275
8 286
2 423
24 191
12 950
3 509
0 861
3 364
20 364
2 378
18 3651
3 364
14 364
1 298
22 679
6 654
0 177
3 605
23 392
21 392
7 569
0 43
2 414
0 272
9 327
16 2050
13 2050
8 2050
9 617
10 927
19 1268
38 1268
62 1268
10 1413
4 157
4 317
11 790
65 790
1 812
8 1077
36 584
30 562
6 1360
11 1695
40 405
4 587
0 127
33 1592
10 1592
25 1719
13 1719
17 1719
0 548
3 548
4 195
13 352
2 1043
18 2703
19 2703
8 2703
3 2703
8 1165
7 395
6 1323
1 1323
3 1323
11 1323
9 1323
0 118
8 165
21 663
28 451
21 1536
2 1526
8 1526
5 1526
3 116
11 327
3 587
10 139
2 325
26 1288
2 116
19 240
1 217
114 712
5 1386
1 2339
20 2517
18 381
11 284
6 183
18 295
3 2517
39 2339
0 465
1 247
0 2517
0 55
3 281
12 247
8 1360
2 461
29 3761
0 590
11 594
43 378
6 1539
2 108
347 4338
158 1552
3 152
25 646
4 306
0 657
2 657
19 1042
17 421
4 1042
4 222
6 1034
0 270
0 1104
8 486
0 502
0 57
1 816
17 2365
43 1074
1 187
1 2236
2 2236
3 2236
6 2236
1 405
32 1110
2 497
18 222
0 120
0 151
1 1392
0 230
0 86
0 78
83 2339
0 9
1 1021
11 318
5 308
34 279
1 762
0 88
7 721
58 1027
1 500
1 89
4 86
13 159
10 733
16 725
1 276
2 497
6 1130
0 456
2 654
2 777
0 53
3 340
40 475
2 142
0 694
0 41
0 90
1 588
1 588
2 588
0 214
0 67
1 588
1 327
7 342
6 588
2 193
2 161
7 90
3 588
0 41
8 322
3 718
2 142
9 567
11 588
5 113
0 120
0 588
47 567
60 588
0 588
2 483
0 588
2 218
8 588
0 282
0 282
11 588
15 218
0 327
1 24
0 274
5 274
2 214
0 142
1 90
12 90
2 228
13 567
1 229
14 567
2 343
1 228
1 327
1 43
8 386
2 694
9 228
1 475
0 588
14 475
53 946
0 475
0 567
4 457
4 327
4 483
3 343
0 116
0 475
13 228
0 342
7 327
22 560
23 229
0 99
5 588
7 43
6 43
0 168
4 141
13 483
0 16
7 588
6 386
1 334
18 588
13 588
29 588
18 588
0 90
3 588
1 271
3 588
11 386
1 67
31 560
8 342
1 454
3 588
10 588
2 211
20 694
30 694
13 228
20 327
4 588
6 752
0 53
4 229
6 588
3 41
1 374
0 334
20 588
1 475
8 110
0 229
0 58
1 588
0 142
4 153
3 334
1 116
8 118
4 588
7 386
5 327
1 142
15 228
12 156
3 588
1 588
0 327
2 343
4 153
25 475
11 588
0 99
0 588
4 588
36 574
0 694
1 90
22 694
2 56
20 560
8 342
9 322
1 752
3 588
43 327
1 193
9 454
0 342
0 67
0 327
2 588
1 229
0 342
0 67
207 2673
0 211
3 483
0 327
5 228
4 33
10 962
1 1539
0 125
0 120
4 80
0 816
0 554
0 176
0 406
0 66
14 473
0 977
0 844
2 290
16 502
0 88
3 275
3 147
8 515
0 1205
1 1403
0 1695
23 605
3 605
2 1347
0 1347
1 1516
0 295
0 473
0 59
17 1021
3 788
18 228
0 1110
0 88
1 768
2 476
0 337
2 340
41 1695
0 127
2 308
1 378
0 241
17 452
0 284
1 1900
0 1900
1 3101
0 3101
0 6
0 218
10 664
0 158
0 423
4 951
1 951
0 623
0 399
4 1577
0 278
1 214
5 2150
0 2150
0 145
1 404
0 1074
4 336
0 362
6 594
1 216
0 439
1 527
1 1386
1 639
16 762
0 625
1 625
0 725
0 395
0 1036
0 1042
14 393
1 1539
1 368
2 1539
18 117
7 632
4 1042
0 518
8 567
0 452
1 1071
0 347
0 303
0 120
0 270
37 2237
0 2237
7 2237
8 2237
23 2237
0 233
161 1552
0 409
0 1230
2 1230
0 853
2 400
0 126
0 446
19 857
1 973
2 274
1 274
14 3390
63 3390
26 3390
32 3390
0 584
43 890
0 626
3 216
0 1346
0 247
8 287
3 79
0 196
12 191
349 7353
1 7353
99 7353
451 7353
200 7353
68 7353
297 7353
8 7353
7 7353
526 7353
10 7353
197 7353
4 7353
505 7353
2 7353
17 7353
0 141
10 2466
5 2466
0 2466
23 2466
2 1456
136 10604
81 10604
1 10604
88 10604
137 10604
6 10604
197 10604
170 10604
52 10604
149 10604
36 10604
157 10604
135 10604
38 10604
133 10604
279 10604
11 1655
17 1655
0 407
9 1162
20 1162
5 1162
12 1162
3 479
32 623
0 87
2 564
5 391
0 295
6 590
0 508
8 1695
4 47
31 788
18 788
24 788
30 788
32 788
1 788
7 788
27 788
16 788
0 230
0 739
2 436
1 1695
0 247
3 626
0 567
1 115
3 48
0 344
32 684
182 764
5 582
87 1072
32 1862
2 1862
1 369
2 876
1 625
6 233
3 937
1 937
20 937
0 230
1 421
0 272
0 218
5 812
31 826
0 919
9 887
1 1072
105 2339
6 958
1 958
3 1623
0 141
1 792
2 811
7 2330
2 2330
0 247
11 974
3 120
1 182
5 423
3 1967
0 30
0 384
11 549
2 1153
4 497
1 188
22 498
0 157
5 157
1 2339
7 950
1 57
10 135
0 473
0 962
0 448
0 163
0 414
14 1161
4 1161
1 1161
1 117
2 96
0 1403
0 1346
1 139
10 1110
0 473
1 318
0 318
3 700
0 162
22 1967
2 1539
0 1539
0 106
121 5662
86 5662
136 5662
130 5662
155 5662
3 1536
5 1536
6 625
8 2565
1 2565
3 2565
7 2565
6 2565
9 2565
6 1747
0 384
10 183
1 1249
0 1249
0 87
0 812
1 746
3 2128
0 2128
1 2128
0 473
2 67
3 124
31 178
1 764
6 379
2 2396
0 2396
1 2396
14 890
0 890
5 890
0 38
0 2407
1 2407
4 2407
8 2407
1 735
5 581
7 581
18 385
15 385
9 615
0 139
0 641
0 448
11 1064
0 1064
3 2225
0 89
2 941
0 89
0 1419
0 452
0 80
21 554
0 89
0 1294
20 1294
19 381
11 1948
1 1948
3 1948
0 1948
28 962
11 448
0 352
0 137
0 594
11 1708
0 1708
8 287
0 25
0 816
0 626
0 90
38 2339
0 1536
0 233
9 69
0 319
0 796
0 446
0 527
1 142
1 369
0 153
0 590
0 385
19 413
7 446
7 2395
0 2395
3 404
295 592
13 2163
10 2163
12 2163
3 55
25 191
0 2423
10 2423
1 2423
1 344
0 196
0 452
24 1403
0 1205
2 1205
3 1014
0 294
0 448
0 86
0 395
2 844
0 844
0 303
0 1360
0 812
3 107
0 562
2 479
9 467
0 1733
10 1733
6 1733
0 80
0 739
0 446
20 247
0 389
0 733
3 215
2 295
4 431
0 175
0 130
1 187
12 135
0 284
2 371
12 330
18 1724
8 1724
23 1724
2 549
1 919
48 1139
2 896
3 896
9 437
1 103
1 264
2 261
1 264
0 648
6 1577
2 1501
3 1501
1 1501
20 617
2 1618
0 285
2 504
0 115
1 48
0 247
1 737
0 223
0 509
0 311
16 594
4 477
0 345
4 733
2 789
5 789
0 605
23 1747
0 347
2 1511
3 1511
0 362
1 147
0 307
0 139
1 139
0 382
2 1766
33 788
10 788
18 788
24 788
35 788
0 788
3 788
37 788
14 788
0 694
2 694
4 307
1 174
6 371
1 1077
0 537
5 178
0 103
3 290
3 3159
2 3159
0 3159
0 1331
10 50
0 716
0 508
11 1909
8 1909
10 1909
0 1618
0 1618
1 384
1 384
0 102
0 94
0 585
1 474
29 535
0 261
0 295
0 169
0 148
8 183
4 876
3 733
17 1787
3 1787
0 1787
31 617
0 1553
2 1553
2 504
4 343
3 632
0 127
2 504
35 1083
2 65
49 1144
0 178
2 172
25 240
43 431
1 919
6 498
4 1618
4 1475
11 368
0 26
29 1965
64 1965
22 1965
63 1965
24 1965
107 1965
1 125
0 175
4 55
12 379
0 229
1 229
0 230
1 1042
0 344
0 323
1 746
2 876
2 479
3 406
5 504
0 171
52 575
13 764
9 1913
3 1913
6 1057
8 269
1 173
3 344
0 772
0 242
1 1695
2 1695
0 382
2 764
0 175
0 94
0 811
0 394
1 1287
0 176
1 139
0 310
0 360
5 230
0 811
2 381
6 1129
2 1129
16 1129
21 638
0 1071
48 1410
0 1410
2 1410
0 811
0 497
3 37
0 285
0 305
5 256
0 360
5 233
1 623
1 1061
0 260
0 452
0 563
1 592
6 144
15 327
0 617
0 337
0 362
272 5976
64 5976
11 5976
71 5976
148 5976
0 5976
38 5976
61 5976
29 5976
5 1075
1 379
19 661
0 162
19 2517
15 431
1 100
1 1386
35 850
2 511
1 405
1 1102
0 1102
0 370
3 196
1 361
9 841
1 698
0 124
0 290
2 218
5 439
10 229
0 349
0 89
0 360
2 333
2 333
0 526
0 122
0 412
0 196
3 874
0 247
0 896
1 338
4 338
3 142
6 1779
229 1779
5 1779
112 1779
0 1238
7 876
20 1853
36 1853
63 1853
33 592
0 564
2 173
0 1539
0 158
0 812
9 584
2 328
8 262
0 816
0 99
14 796
0 404
1 146
0 345
13 464
4 228
14 274
62 919
0 502
0 1110
2 122
4 446
5 518
2 141
1 585
0 561
1 2808
0 1357
241 1416
3 204
1 100
63 563
5 564
0 473
40 1110
0 339
64 327
4 308
14 295
3 587
0 777
0 558
0 149
10 209
2 279
6 962
18 3095
29 3095
38 3095
27 1617
10 1617
3 1617
4 1617
0 318
1 327
11 1767
22 1767
1 1767
4 1767
1 240
1 1071
0 522
0 1618
2 465
0 465
3 465
