0 384
1 375
0 392
1 576
0 576
1 776
0 776
3 511
35 2287
15 2287
11 745
0 745
18 914
1 338
0 448
1 691
0 691
0 183
2 914
25 1155
21 1155
170 1155
30 1155
29 1155
9 1370
4 1623
0 7389
2 7389
24 7389
73 7389
131 7389
32 7389
50 7389
47 7389
31 7389
7 7389
613 7389
0 2339
1 615
1 1288
0 176
6 1265
69 1265
19 1265
1 150
5 79
1 1983
3 1983
29 1983
30 1983
5 269
11 397
2 1208
0 1208
35 1208
44 1474
2 240
0 448
0 558
3 1113
1 1113
0 79
2 305
0 400
0 388
1 590
1 1483
2 152
3 152
0 796
50 1536
1 805
0 276
0 328
1 1267
3 1267
5 1267
15 1267
0 1267
1 522
4 198
32 1013
20 1013
3 152
0 1303
2 1008
1 1008
4 327
1 562
7 737
6 737
4 264
1 175
0 44
0 89
12 1913
7 1913
4 1539
0 973
0 855
0 301
49 7645
96 7645
0 7645
45 7645
189 7645
6 7645
2 7645
9 7645
11 7645
52 7645
71 7645
17 7645
20 7645
16 7645
66 7645
25 7645
57 7645
65 7645
148 7645
47 7645
330 9306
12 9306
50 9306
5 9306
4 9306
86 9306
0 9306
2 9306
6 9306
204 9306
38 9306
3 9306
47 9306
156 9306
1 9306
42 9306
26 9306
55 9306
6 3760
59 3760
1 3760
0 3760
11 3760
16 3760
8 3760
3 3760
2 689
7 295
4 1454
0 1454
2 1454
10 1454
0 626
0 203
0 405
2 794
0 794
0 844
93 657
0 1110
1 150
1 1071
0 812
0 812
1 422
8 896
0 395
5 2339
0 135
11 324
8 721
0 79
1 204
1 811
0 368
0 380
0 380
3 384
2 152
0 98
1 68
18 446
2 777
10 777
3 884
12 884
0 1514
24 876
17 348
0 169
2 663
0 663
1 303
0 240
0 441
24 1474
0 733
9 1077
0 404
1 973
0 138
27 1618
12 567
7 876
1 176
2 2150
36 2150
8 876
7 311
5 1597
15 1597
7 1597
1 1597
2 618
0 98
0 184
1 776
0 776
0 497
4 57
0 392
0 670
4 670
0 392
3 511
0 247
0 876
0 344
10 965
9 1539
1 509
4 215
3 176
4 215
4 215
3 1386
0 283
1 764
0 465
1 792
46 10782
5 10782
22 10782
51 10782
47 10782
76 10782
11 10782
143 10782
80 10782
94 10782
62 10782
83 10782
6 10782
14 10782
27 10782
49 10782
150 10782
41 10782
36 10782
35 10782
24 10782
16 10782
93 10782
0 10782
62 10782
63 10782
0 224
17 767
4 144
43 540
3 2510
47 2510
60 269
12 269
0 1269
1 1269
6 919
2 782
0 448
1 931
0 931
0 247
0 89
0 2038
15 2038
12 2038
2 446
0 737
0 1898
1 1898
34 584
6 1360
5 2257
24 2257
1 1695
1 2339
3 1072
1 746
2 746
1 2150
4 2150
19 3410
1 3410
4 3410
2 746
2 2150
7 2150
1 764
1 746
0 456
2 590
13 2449
0 2449
18 191
4 777
13 266
4 1027
9 976
92 976
28 3000
5 3000
57 3000
102 3000
40 3000
10 3000
2 202
1 456
10 777
3 381
3 295
0 186
1 441
0 94
11 68
1 287
0 240
39 142
0 240
11 655
0 1197
9 2831
5 2831
4 2831
0 2831
1 1331
0 4210
2 4210
66 4210
5 4210
10 4210
31 4210
37 4210
9 4210
3 4210
6 4210
70 4210
3 20
2 209
0 677
2 677
6 1547
3 1547
1 888
0 888
0 344
17 413
27 1012
7 1012
11 1012
0 269
1 467
3 504
33 1110
1 585
2 2128
7 2128
4 2128
2 960
2 1483
7 1536
2 1536
0 1110
2 1069
5 1069
0 1069
1 1014
53 811
0 1110
0 423
0 93
23 183
1 384
0 724
12 2375
4 2375
5 2375
1 178
27 788
8 788
13 788
21 788
32 788
0 788
3 788
29 788
10 788
3 203
6 226
1 4949
20 4949
3 4949
27 4949
41 4949
165 4949
140 4949
0 120
117 2150
7 2150
13 2150
0 653
3 689
19 2955
15 2955
11 2955
16 2955
14 2955
3 2955
8 2955
4 1695
3 439
3 439
0 225
33 2163
29 2163
373 13875
10 13875
211 13875
142 13875
208 13875
96 13875
112 13875
23 13875
328 13875
133 13875
2236 13875
161 13875
49 13875
3 13875
8 2339
2 222
0 150
4 1164
35 1164
38 1164
3 2347
0 2347
1 2347
2 2347
1 633
0 384
54 3126
69 3126
10 3126
33 3126
49 3126
48 3126
71 3126
4 1078
0 1078
25 1078
0 267
0 1926
17 526
1 812
12 858
29 5657
88 5657
51 5657
36 5657
17 5657
72 5657
164 5657
39 5657
1 1042
0 423
1 218
2 172
56 1307
118 1021
0 384
0 400
1 240
1 247
5 176
0 247
1 124
2 618
0 247
16 1708
58 1708
78 1708
48 1708
0 762
1 762
2 152
7 371
0 264
1 442
0 442
0 389
91 5642
38 5642
175 5642
266 5642
96 5642
39 5642
8 5642
3 416
0 223
0 86
11 543
4 1403
1 1403
1 679
1 2517
0 87
43 689
7 336
0 89
0 153
6 1403
0 1963
8 1963
10 2002
22 2002
2 2002
0 147
0 147
10 163
0 264
2 1539
4 264
1 590
0 181
19 241
4 465
69 764
128 764
15 764
14 295
1 1652
2 1652
0 1967
0 86
0 1110
1 1183
0 1183
2 1183
0 876
0 389
0 1124
4 1124
14 1014
0 961
4 961
15 961
0 526
0 359
20 1130
3 257
2 1386
4 842
15 1042
0 257
10 2403
75 2403
13 2403
0 106
1 375
27 617
0 270
0 270
1 340
15 327
0 380
1 518
0 587
2 587
0 384
0 424
0 264
0 699
7 1317
0 1317
12 1317
1 120
6 594
0 538
0 603
18 1130
0 344
0 240
4 1241
0 122
0 855
0 1898
1 1898
0 1898
1 1898
0 384
1 17
3 914
3 777
7 163
8 4713
18 4713
2 4713
550 4713
0 4713
14 4713
0 44
12 2150
38 2150
20 2150
45 2150
0 402
22 266
6 781
8 781
12 781
3 781
3 664
2 689
3 874
0 796
0 796
76 1464
1 1464
4 1464
0 548
0 382
3 233
3 663
14 257
11 506
40 1012
4 257
3 626
0 371
61 782
18 3816
1 3816
7 3816
10 3816
4 3816
6 3816
92 3816
1 340
0 1347
1 1347
0 149
1 554
5 364
23 364
11 295
49 435
1 695
23 1247
42 1247
6 423
2 914
1 265
4 631
2 631
0 186
0 518
3 171
35 511
3 431
11 2308
1 2308
48 2303
6 2303
4 145
2 145
18 145
2 467
7 518
1 405
2 318
1 423
5 324
1 389
58 8726
8 8726
144 8726
34 8726
242 8726
11 8726
191 8726
57 8726
4 8726
3 8726
63 8726
46 8726
106 8726
3 422
2 108
1 456
0 1036
1 1036
19 391
2 344
1 679
2 154
35 397
13 3066
16 3066
10 3066
11 1214
29 1214
7 1595
90 1595
5 764
0 457
0 368
0 376
2 209
2 209
1 1191
0 1191
0 592
1 378
4 141
0 389
0 446
3 264
0 526
4 1110
1382 12734
41 12734
0 12734
201 12734
68 12734
110 12734
939 12734
84 12734
14 12734
227 12734
155 12734
140 12734
336 12734
257 12734
152 12734
260 12734
349 12734
211 12734
0 203
0 89
3 653
17 295
1 841
0 441
2 384
0 876
60 1264
74 1264
23 1264
0 404
2 1483
0 1110
1 590
1 590
3 264
0 107
19 1386
0 148
0 89
20 842
0 461
2 669
0 669
4 737
1 699
5 423
7 737
0 107
0 107
1 148
0 473
24 2629
18 2629
22 2629
3 2629
0 384
1 1589
3 1589
0 1589
7 113
0 2696
2 2696
38 2696
0 774
4 664
106 987
3 987
0 987
46 4344
17 4344
63 4344
21 4344
20 4344
25 4344
24 4344
3 222
7 626
7 1376
5 1376
1 1376
6 1376
0 558
0 680
6 680
4 234
5 177
4 177
0 384
0 441
17 441
5 376
1 1511
4 1511
5 522
1 522
0 169
6 737
6 664
3 479
0 2238
1 2238
18 2238
13 2238
15 1074
12 737
2 762
2 2517
29 788
0 2300
4 2300
8 762
1 618
0 183
0 270
3 558
0 252
14 295
60 1913
138 1913
4 656
8 656
2 656
0 240
3 423
152 764
0 373
15 446
5 357
6 423
10 632
1 590
1 562
17 456
0 9
293 587
1 562
32 1014
8 774
0 404
5 567
10 1407
3 594
1 690
0 690
0 250
0 127
0 295
35 2725
51 2725
47 2725
49 2725
22 2725
2 442
0 442
1 518
0 508
0 269
1 269
0 38
27 6094
110 6094
88 6094
121 6094
128 6094
4 1370
1 2737
69 2737
62 1409
22 526
13 465
3 339
2 960
1 960
31 382
1 295
0 404
3 431
13 1536
1 615
0 844
1 308
1 504
0 560
3 730
0 730
5 764
10 1701
0 240
13 283
0 596
0 392
6 2339
15 2339
0 303
0 461
18 563
31 438
4 122
23 980
12 980
15 845
2 665
16 378
5 352
7 889
18 889
0 189
2 431
0 751
16 526
2 1955
11 1955
1 1955
18 1955
12 1955
3 1955
279 9453
231 9453
284 9453
92 9453
80 9453
387 9453
23 9453
209 9453
122 9453
270 9453
194 9453
255 9453
111 9453
176 9453
172 9453
28 3604
137 3604
119 3604
642 3604
76 3604
4 2982
18 2982
1 2982
8 2982
28 2982
15 1152
16 499
0 181
1 181
14 249
9 613
13 395
0 575
0 122
3 1114
0 1114
23 283
23 283
6 241
3 55
15 655
5 1887
13 1887
73 1887
2 7512
13 7512
10 7512
12 7512
89 7512
14 7512
3 7512
131 7512
105 7512
233 7512
40 7512
7 7512
19 7512
283 7512
137 7512
4 328
12 623
7 106
7 82
11 305
1 196
21 151
11 439
12 328
22 2031
117 4370
109 4370
91 4370
116 4370
53 4370
85 4370
88 4370
81 4370
5 340
0 360
1 269
3 413
14 887
3 187
11 187
2 534
3 1539
23 726
14 257
3 202
4 764
1 764
0 473
9 729
6 729
8 729
3 174
11 593
1 326
20 282
1 59
7 2849
153 2849
18 2849
110 2849
0 225
16 435
7 435
3 522
4 146
0 479
21 399
2 587
1 562
33 788
17 788
26 788
30 788
29 788
0 788
7 788
36 788
22 788
35 473
23 473
25 1528
1 1528
49 1904
24 1904
10 733
1 219
8 2417
0 2417
73 594
40 594
52 594
5 620
2 620
3 476
20 476
1 405
52 1695
1 91
5 91
0 1223
1 1223
3 1223
3 479
1 328
37 1879
15 1879
9 4834
56 4834
16 4834
0 4834
84 4834
27 4834
0 145
16 739
4 336
24 361
4 177
9 413
30 759
1 191
5 191
29 240
7 233
2 177
3 176
3 318
13 807
23 807
0 761
4 446
1 931
0 931
0 1074
43 812
10 287
12 764
0 1043
4 857
3 922
3 558
16 558
31 279
24 173
10 130
42 617
15 617
20 1707
4 1707
12 4275
29 4275
16 4275
15 4275
39 4275
0 1149
1 1149
5 1149
9 2971
5 2971
2 336
3 318
0 1026
0 92
1 92
0 311
3 161
4 774
4 127
2 379
16 400
0 428
8 381
1 562
1 497
0 393
15 279
0 323
17 395
18 223
0 362
15 509
18 2434
7 716
13 388
10 233
1 484
0 484
1 484
6 1075
3 1075
0 1075
4 1075
7 118
7 114
23 844
33 844
2 306
4 1742
14 1742
6 1742
0 441
0 655
108 764
20 509
342 3737
1 3737
13 3737
9 3737
10 562
257 2181
0 338
0 40
13 379
1 405
1 474
0 98
6 1143
17 368
2 699
3 343
11 126
4 1644
0 1644
6 767
14 767
64 767
7 20
19 310
1 354
0 61
8 297
70 727
0 395
0 1618
2 233
10 381
9 473
16 217
3 152
91 768
12 171
2 567
5 301
4 461
31 788
11 788
22 788
30 788
32 788
0 788
6 788
35 788
17 788
1 405
0 653
13 139
9 324
2 973
3 1386
1 633
13 664
27 1618
1 395
0 295
4 344
3 230
296 2219
0 385
25 527
1 1926
2 1926
3 548
3 919
0 699
2 472
1 327
1 821
6 821
10 821
0 526
20 567
44 1012
12 1012
9 1012
3 562
62 739
9 266
13 227
0 241
10 635
8 391
7 177
8 407
9 435
30 535
17 527
1 371
2 371
1 240
0 57
13 297
0 262
4 361
16 1312
0 84
4 287
0 509
1 585
29 592
24 812
72 2339
16 290
0 948
1 948
9 448
22 973
9 360
1 389
55 1646
10 2101
2 2101
16 2101
21 2101
7 876
10 472
4 265
13 777
43 502
11 137
26 209
3 144
0 183
0 370
18 135
3 120
37 962
21 721
0 114
44 3218
7 1747
0 231
10 1110
0 153
2 290
1 397
4 325
22 319
14 382
130 5267
105 5267
78 5267
65 5267
303 5267
121 5267
196 5267
312 5267
29 5267
28 5267
45 5267
13 5267
79 5267
197 5267
22 1034
2 1034
54 2191
15 2191
19 247
16 247
103 1416
148 1027
10 319
11 1042
17 384
4 163
0 127
1 484
16 900
2 544
27 265
10 368
1 930
35 2416
39 2416
21 2416
41 919
0 407
0 382
0 247
0 233
1 1183
2 1183
0 1183
1 1185
0 382
2 340
2 3763
19 3763
0 177
5 477
0 141
0 242
3 295
5 295
6 395
39 615
3 308
2 1695
30 511
0 227
0 257
5 2339
1 395
0 359
0 761
3 257
0 176
4 336
3 195
1 365
0 240
2 230
6 196
5 338
12 1116
11 1116
12 1124
2 300
6 1623
39 906
1 57
0 188
2 1057
2 233
6 721
4 318
0 735
0 699
3 446
0 310
2 165
11 465
45 1130
35 679
3 392
8 348
0 1898
1 1898
6 472
1 950
0 950
6 950
0 191
13 1695
0 324
3 282
5 861
4 1695
25 360
7 960
9 388
2 1701
0 453
1 453
0 247
4 461
0 295
0 1042
15 549
25 319
8 1110
44 2517
11 866
22 866
9 141
7 387
2 48
1 1791
16 1791
6 511
3 275
8 286
1 423
19 191
21 950
1 509
0 861
3 364
19 364
0 378
15 3651
2 364
13 364
1 298
22 679
6 654
0 177
3 605
18 392
20 392
8 569
0 43
5 414
0 272
9 327
15 2050
12 2050
10 2050
7 617
8 927
23 1268
34 1268
54 1268
12 1413
4 157
5 317
15 790
74 790
0 812
17 1077
25 584
33 562
5 1360
5 1695
40 405
4 587
0 127
28 1592
8 1592
19 1719
9 1719
13 1719
0 548
3 548
4 195
11 352
2 1043
15 2703
18 2703
7 2703
4 2703
7 1165
6 395
3 1323
0 1323
2 1323
11 1323
8 1323
0 118
7 165
20 663
24 451
8 1536
2 1526
9 1526
3 1526
2 116
13 327
2 587
12 139
3 325
36 1288
2 116
13 240
1 217
103 712
10 1386
0 2339
22 2517
14 381
10 284
6 183
15 295
3 2517
48 2339
0 465
1 247
0 2517
0 55
0 281
5 247
8 1360
2 461
39 3761
1 590
10 594
39 378
6 1539
2 108
319 4338
175 1552
2 152
22 646
2 306
0 657
2 657
21 1042
19 421
4 1042
4 222
6 1034
0 270
0 1104
6 486
0 502
0 57
4 816
16 2365
42 1074
1 187
1 2236
2 2236
3 2236
6 2236
1 405
29 1110
2 497
19 222
0 120
0 151
1 1392
0 230
0 86
2 78
95 2339
0 9
1 1021
10 318
5 308
38 279
1 762
0 88
8 721
61 1027
1 500
1 89
4 86
11 159
11 733
12 725
1 276
2 497
5 1130
0 456
3 654
2 777
0 53
3 340
41 475
2 142
0 694
0 41
0 90
3 588
1 588
2 588
0 214
0 67
1 588
1 327
6 342
3 588
2 193
2 161
8 90
4 588
0 41
12 322
2 718
2 142
10 567
11 588
5 113
0 120
0 588
42 567
60 588
0 588
3 483
0 588
2 218
8 588
0 282
0 282
14 588
14 218
0 327
2 24
0 274
3 274
2 214
1 142
0 90
11 90
2 228
15 567
0 229
16 567
2 343
1 228
1 327
1 43
7 386
2 694
11 228
1 475
0 588
20 475
53 946
0 475
0 567
3 457
4 327
4 483
3 343
0 116
0 475
14 228
0 342
6 327
25 560
15 229
0 99
5 588
8 43
7 43
0 168
3 141
8 483
0 16
2 588
4 386
1 334
12 588
11 588
27 588
12 588
0 90
3 588
1 271
3 588
11 386
0 67
44 560
9 342
0 454
1 588
10 588
2 211
13 694
23 694
12 228
21 327
3 588
6 752
0 53
4 229
3 588
3 41
0 374
0 334
23 588
1 475
7 110
1 229
0 58
1 588
0 142
4 153
1 334
1 116
8 118
3 588
7 386
4 327
2 142
13 228
13 156
3 588
1 588
0 327
3 343
6 153
24 475
10 588
0 99
0 588
2 588
36 574
0 694
1 90
26 694
2 56
24 560
5 342
10 322
1 752
3 588
44 327
1 193
8 454
0 342
0 67
0 327
2 588
1 229
0 342
0 67
196 2673
0 211
4 483
0 327
5 228
4 33
14 962
1 1539
0 125
0 120
5 80
1 816
0 554
0 176
0 406
0 66
13 473
0 977
0 844
2 290
14 502
0 88
4 275
2 147
10 515
0 1205
0 1403
0 1695
17 605
5 605
1 1347
0 1347
1 1516
0 295
0 473
0 59
15 1021
3 788
17 228
0 1110
0 88
1 768
2 476
0 337
2 340
48 1695
0 127
2 308
1 378
0 241
16 452
0 284
1 1900
0 1900
3 3101
0 3101
0 6
1 218
7 664
0 158
0 423
5 951
1 951
0 623
0 399
3 1577
0 278
1 214
7 2150
0 2150
0 145
1 404
0 1074
4 336
0 362
6 594
1 216
0 439
2 527
1 1386
1 639
18 762
0 625
1 625
0 725
0 395
0 1036
0 1042
13 393
2 1539
1 368
2 1539
18 117
7 632
3 1042
4 518
9 567
0 452
1 1071
0 347
2 303
0 120
0 270
31 2237
0 2237
7 2237
8 2237
19 2237
0 233
216 1552
0 409
0 1230
4 1230
0 853
2 400
0 126
0 446
18 857
1 973
2 274
1 274
10 3390
46 3390
22 3390
30 3390
0 584
50 890
0 626
3 216
0 1346
0 247
7 287
3 79
0 196
11 191
239 7353
3 7353
85 7353
507 7353
183 7353
62 7353
276 7353
11 7353
2 7353
650 7353
13 7353
115 7353
4 7353
405 7353
5 7353
34 7353
0 141
15 2466
11 2466
0 2466
27 2466
3 1456
80 10604
78 10604
0 10604
82 10604
139 10604
4 10604
163 10604
182 10604
33 10604
102 10604
26 10604
181 10604
127 10604
60 10604
136 10604
283 10604
11 1655
14 1655
0 407
6 1162
19 1162
4 1162
7 1162
3 479
23 623
0 87
2 564
6 391
0 295
7 590
0 508
13 1695
3 47
34 788
19 788
24 788
30 788
31 788
0 788
10 788
29 788
18 788
1 230
0 739
1 436
1 1695
0 247
3 626
0 567
1 115
3 48
0 344
31 684
173 764
5 582
87 1072
28 1862
1 1862
1 369
6 876
1 625
3 233
4 937
0 937
20 937
0 230
1 421
0 272
0 218
5 812
30 826
0 919
9 887
1 1072
111 2339
6 958
1 958
1 1623
0 141
1 792
1 811
6 2330
2 2330
1 247
11 974
1 120
1 182
5 423
1 1967
0 30
0 384
11 549
4 1153
4 497
2 188
19 498
0 157
4 157
1 2339
7 950
1 57
9 135
0 473
0 962
0 448
0 163
0 414
14 1161
2 1161
1 1161
1 117
2 96
0 1403
0 1346
1 139
11 1110
0 473
1 318
0 318
2 700
0 162
16 1967
2 1539
0 1539
0 106
107 5662
70 5662
132 5662
123 5662
141 5662
3 1536
6 1536
6 625
15 2565
6 2565
4 2565
7 2565
5 2565
3 2565
5 1747
0 384
6 183
0 1249
1 1249
0 87
0 812
2 746
2 2128
0 2128
1 2128
0 473
2 67
3 124
32 178
1 764
5 379
2 2396
0 2396
1 2396
9 890
1 890
3 890
0 38
0 2407
2 2407
4 2407
7 2407
2 735
5 581
8 581
11 385
15 385
10 615
0 139
0 641
0 448
9 1064
0 1064
5 2225
0 89
1 941
1 89
0 1419
1 452
0 80
21 554
0 89
0 1294
21 1294
12 381
4 1948
0 1948
3 1948
1 1948
18 962
12 448
0 352
0 137
0 594
9 1708
0 1708
14 287
0 25
0 816
0 626
1 90
35 2339
0 1536
0 233
5 69
0 319
0 796
0 446
0 527
1 142
3 369
0 153
0 590
0 385
19 413
5 446
4 2395
0 2395
7 404
295 592
13 2163
10 2163
12 2163
2 55
28 191
1 2423
10 2423
0 2423
1 344
0 196
0 452
20 1403
1 1205
2 1205
3 1014
0 294
0 448
0 86
0 395
2 844
0 844
1 303
0 1360
0 812
3 107
0 562
2 479
7 467
1 1733
14 1733
6 1733
0 80
0 739
0 446
24 247
0 389
0 733
3 215
2 295
1 431
0 175
0 130
1 187
11 135
0 284
3 371
15 330
16 1724
8 1724
20 1724
4 549
1 919
47 1139
3 896
2 896
6 437
1 103
0 264
2 261
1 264
0 648
6 1577
2 1501
3 1501
1 1501
18 617
1 1618
0 285
4 504
0 115
1 48
0 247
1 737
0 223
0 509
0 311
16 594
4 477
0 345
3 733
2 789
5 789
0 605
24 1747
0 347
1 1511
2 1511
0 362
1 147
0 307
0 139
1 139
0 382
2 1766
32 788
8 788
14 788
20 788
35 788
0 788
2 788
33 788
10 788
0 694
2 694
2 307
1 174
6 371
4 1077
0 537
5 178
0 103
3 290
3 3159
2 3159
0 3159
0 1331
24 50
0 716
0 508
11 1909
8 1909
10 1909
0 1618
0 1618
1 384
1 384
0 102
0 94
1 585
1 474
30 535
0 261
0 295
0 169
0 148
8 183
6 876
3 733
14 1787
3 1787
0 1787
30 617
0 1553
2 1553
4 504
4 343
3 632
0 127
1 504
35 1083
2 65
63 1144
0 178
2 172
29 240
44 431
1 919
7 498
4 1618
4 1475
11 368
2 26
17 1965
59 1965
24 1965
56 1965
16 1965
103 1965
1 125
0 175
5 55
11 379
0 229
1 229
0 230
1 1042
0 344
0 323
1 746
7 876
3 479
4 406
5 504
0 171
38 575
9 764
9 1913
3 1913
3 1057
4 269
1 173
2 344
0 772
0 242
1 1695
1 1695
0 382
4 764
0 175
0 94
0 811
0 394
0 1287
0 176
2 139
0 310
0 360
2 230
1 811
2 381
5 1129
2 1129
13 1129
18 638
0 1071
45 1410
0 1410
1 1410
0 811
0 497
3 37
0 285
0 305
5 256
0 360
5 233
1 623
7 1061
0 260
1 452
0 563
1 592
7 144
17 327
0 617
0 337
0 362
315 5976
52 5976
4 5976
91 5976
169 5976
0 5976
77 5976
43 5976
21 5976
5 1075
1 379
17 661
0 162
19 2517
16 431
1 100
1 1386
35 850
2 511
1 405
0 1102
1 1102
0 370
3 196
1 361
11 841
1 698
0 124
0 290
1 218
4 439
7 229
0 349
0 89
0 360
1 333
1 333
0 526
0 122
0 412
0 196
3 874
1 247
1 896
2 338
4 338
4 142
6 1779
229 1779
5 1779
112 1779
1 1238
10 876
22 1853
25 1853
34 1853
31 592
0 564
1 173
0 1539
0 158
0 812
7 584
2 328
7 262
0 816
0 99
16 796
0 404
1 146
0 345
12 464
3 228
14 274
74 919
0 502
0 1110
2 122
4 446
5 518
0 141
1 585
0 561
1 2808
0 1357
230 1416
3 204
1 100
65 563
5 564
0 473
37 1110
0 339
64 327
4 308
13 295
3 587
0 777
0 558
0 149
10 209
2 279
6 962
14 3095
22 3095
32 3095
17 1617
10 1617
2 1617
4 1617
0 318
1 327
10 1767
19 1767
1 1767
3 1767
1 240
1 1071
0 522
0 1618
2 465
0 465
3 465
