1200.000000
217.000000
106.000000
72.000000
59.000000
33.000000
27.000000
31.000000
23.000000
7.000000
15.000000
11.000000
7.000000
8.000000
1.000000
2.000000
3.000000
0.000000
0.000000
1.000000
1.000000
1.000000
0.000000
0.000000
0.000000
0.000000
0.000000
0.000000
0.000000
0.000000
1.000000
0.000000
0.000000
0.000000
0.000000
0.000000
0.000000
0.000000
0.000000
0.000000
0.000000
0.000000
0.000000
0.000000
0.000000
0.000000
0.000000
0.000000
1.000000
9.000000
0.000000
0.000000
0.000000
0.000000
0.000000
0.000000
0.000000
0.000000
0.000000
0.000000
0.000000
0.000000
0.000000
0.000000
0.000000
0.000000
0.000000
0.000000
0.000000
0.000000
0.000000
0.000000
0.000000
0.000000
0.000000
0.000000
0.000000
0.000000
0.000000
0.000000
0.000000
1.000000
0.000000
0.000000
0.000000
0.000000
0.000000
0.000000
1.000000
1.000000
2.000000
4.000000
5.000000
7.000000
9.000000
25.000000
42.000000
62.000000
138.000000
417.000000
