716.000000
143.000000
72.000000
44.000000
19.000000
23.000000
9.000000
9.000000
8.000000
1.000000
3.000000
2.000000
1.000000
1.000000
1.000000
0.000000
1.000000
1.000000
0.000000
0.000000
0.000000
0.000000
0.000000
0.000000
0.000000
0.000000
0.000000
0.000000
0.000000
0.000000
0.000000
0.000000
0.000000
0.000000
0.000000
0.000000
0.000000
0.000000
0.000000
0.000000
0.000000
0.000000
0.000000
0.000000
0.000000
0.000000
0.000000
0.000000
0.000000
2.000000
0.000000
0.000000
0.000000
0.000000
0.000000
0.000000
0.000000
0.000000
0.000000
0.000000
0.000000
0.000000
0.000000
0.000000
0.000000
0.000000
1.000000
0.000000
0.000000
0.000000
0.000000
0.000000
1.000000
0.000000
0.000000
1.000000
1.000000
0.000000
1.000000
2.000000
1.000000
0.000000
5.000000
5.000000
3.000000
11.000000
10.000000
18.000000
23.000000
28.000000
26.000000
42.000000
56.000000
79.000000
81.000000
112.000000
150.000000
191.000000
264.000000
382.000000
