848.000000
179.000000
97.000000
38.000000
37.000000
35.000000
22.000000
16.000000
11.000000
9.000000
7.000000
2.000000
2.000000
0.000000
1.000000
2.000000
4.000000
0.000000
0.000000
0.000000
0.000000
0.000000
0.000000
0.000000
0.000000
0.000000
0.000000
0.000000
0.000000
0.000000
0.000000
0.000000
0.000000
0.000000
0.000000
0.000000
0.000000
0.000000
0.000000
0.000000
0.000000
0.000000
0.000000
0.000000
0.000000
0.000000
0.000000
0.000000
1.000000
3.000000
0.000000
0.000000
0.000000
0.000000
0.000000
0.000000
0.000000
0.000000
0.000000
0.000000
0.000000
0.000000
0.000000
0.000000
0.000000
0.000000
1.000000
0.000000
0.000000
0.000000
0.000000
0.000000
0.000000
1.000000
0.000000
0.000000
0.000000
0.000000
0.000000
0.000000
0.000000
1.000000
2.000000
0.000000
2.000000
3.000000
1.000000
8.000000
11.000000
23.000000
25.000000
20.000000
41.000000
52.000000
62.000000
71.000000
101.000000
157.000000
246.000000
408.000000
