774.000000
162.000000
84.000000
43.000000
38.000000
27.000000
15.000000
10.000000
14.000000
9.000000
5.000000
4.000000
3.000000
2.000000
0.000000
1.000000
1.000000
0.000000
0.000000
0.000000
0.000000
1.000000
0.000000
0.000000
0.000000
0.000000
0.000000
0.000000
0.000000
0.000000
0.000000
0.000000
0.000000
0.000000
0.000000
0.000000
0.000000
0.000000
0.000000
0.000000
0.000000
0.000000
0.000000
0.000000
0.000000
0.000000
0.000000
0.000000
1.000000
2.000000
0.000000
0.000000
0.000000
0.000000
0.000000
0.000000
0.000000
0.000000
0.000000
0.000000
0.000000
0.000000
0.000000
0.000000
0.000000
0.000000
1.000000
0.000000
0.000000
0.000000
0.000000
0.000000
1.000000
0.000000
0.000000
1.000000
0.000000
0.000000
0.000000
0.000000
1.000000
0.000000
4.000000
0.000000
3.000000
3.000000
7.000000
13.000000
21.000000
21.000000
14.000000
36.000000
60.000000
57.000000
68.000000
103.000000
112.000000
178.000000
258.000000
392.000000
