571.000000
86.000000
41.000000
12.000000
9.000000
7.000000
4.000000
1.000000
0.000000
2.000000
2.000000
1.000000
2.000000
0.000000
0.000000
0.000000
0.000000
0.000000
0.000000
0.000000
0.000000
0.000000
0.000000
0.000000
0.000000
0.000000
0.000000
0.000000
0.000000
0.000000
0.000000
0.000000
0.000000
0.000000
0.000000
0.000000
0.000000
0.000000
0.000000
0.000000
0.000000
0.000000
0.000000
0.000000
0.000000
0.000000
0.000000
0.000000
0.000000
1.000000
0.000000
0.000000
0.000000
0.000000
0.000000
0.000000
0.000000
0.000000
0.000000
0.000000
0.000000
0.000000
0.000000
0.000000
0.000000
0.000000
1.000000
0.000000
0.000000
0.000000
0.000000
0.000000
0.000000
1.000000
2.000000
2.000000
5.000000
0.000000
3.000000
2.000000
3.000000
6.000000
8.000000
10.000000
17.000000
12.000000
35.000000
22.000000
45.000000
43.000000
66.000000
72.000000
69.000000
111.000000
115.000000
136.000000
168.000000
201.000000
296.000000
360.000000
