912.000000
206.000000
100.000000
51.000000
47.000000
41.000000
17.000000
18.000000
13.000000
8.000000
8.000000
6.000000
4.000000
4.000000
2.000000
0.000000
1.000000
3.000000
0.000000
0.000000
0.000000
0.000000
0.000000
0.000000
0.000000
1.000000
0.000000
0.000000
0.000000
0.000000
0.000000
0.000000
0.000000
0.000000
0.000000
0.000000
0.000000
0.000000
0.000000
0.000000
0.000000
0.000000
0.000000
0.000000
0.000000
0.000000
0.000000
0.000000
1.000000
4.000000
0.000000
0.000000
0.000000
0.000000
0.000000
0.000000
0.000000
0.000000
0.000000
0.000000
0.000000
0.000000
0.000000
0.000000
0.000000
0.000000
0.000000
0.000000
0.000000
0.000000
0.000000
0.000000
0.000000
0.000000
0.000000
0.000000
1.000000
0.000000
0.000000
0.000000
0.000000
2.000000
1.000000
1.000000
2.000000
0.000000
1.000000
8.000000
3.000000
8.000000
15.000000
12.000000
26.000000
31.000000
53.000000
65.000000
91.000000
133.000000
241.000000
409.000000
