669.000000
118.000000
59.000000
30.000000
19.000000
18.000000
10.000000
12.000000
0.000000
1.000000
0.000000
3.000000
2.000000
2.000000
2.000000
1.000000
0.000000
0.000000
0.000000
0.000000
0.000000
0.000000
0.000000
0.000000
0.000000
0.000000
0.000000
0.000000
0.000000
0.000000
0.000000
0.000000
0.000000
0.000000
0.000000
0.000000
0.000000
0.000000
0.000000
0.000000
0.000000
0.000000
0.000000
0.000000
0.000000
0.000000
0.000000
0.000000
0.000000
2.000000
0.000000
0.000000
0.000000
0.000000
0.000000
0.000000
0.000000
0.000000
0.000000
0.000000
0.000000
0.000000
0.000000
0.000000
0.000000
0.000000
1.000000
0.000000
0.000000
0.000000
0.000000
0.000000
0.000000
1.000000
0.000000
1.000000
4.000000
1.000000
2.000000
1.000000
1.000000
1.000000
8.000000
3.000000
8.000000
12.000000
19.000000
26.000000
26.000000
23.000000
39.000000
48.000000
64.000000
90.000000
118.000000
111.000000
151.000000
192.000000
289.000000
362.000000
