616.000000
100.000000
46.000000
22.000000
15.000000
15.000000
13.000000
5.000000
1.000000
1.000000
1.000000
3.000000
3.000000
0.000000
0.000000
0.000000
0.000000
0.000000
0.000000
0.000000
0.000000
0.000000
0.000000
0.000000
0.000000
0.000000
0.000000
0.000000
0.000000
0.000000
0.000000
0.000000
0.000000
0.000000
0.000000
0.000000
0.000000
0.000000
0.000000
0.000000
0.000000
0.000000
0.000000
0.000000
0.000000
0.000000
0.000000
0.000000
0.000000
1.000000
0.000000
0.000000
0.000000
0.000000
0.000000
0.000000
0.000000
0.000000
0.000000
0.000000
0.000000
0.000000
0.000000
0.000000
0.000000
0.000000
1.000000
0.000000
0.000000
0.000000
0.000000
0.000000
0.000000
3.000000
0.000000
3.000000
3.000000
0.000000
3.000000
4.000000
1.000000
1.000000
11.000000
6.000000
9.000000
17.000000
21.000000
30.000000
29.000000
41.000000
51.000000
53.000000
65.000000
110.000000
110.000000
122.000000
157.000000
208.000000
289.000000
360.000000
