379 384
372 375
5 392
560 576
3 576
761 776
35 776
484 511
2194 2287
2233 2287
693 745
0 745
32 914
1 338
432 448
673 691
684 691
181 183
898 914
1114 1155
1143 1155
1008 1155
6 1155
3 1155
1322 1370
26 1623
7385 7389
7372 7389
7333 7389
8 7389
135 7389
7377 7389
7272 7389
1 7389
22 7389
7299 7389
7029 7389
2334 2339
543 615
1278 1288
167 176
1256 1265
1176 1265
1229 1265
148 150
72 79
1786 1983
1953 1983
6 1983
1937 1983
244 269
344 397
107 1208
8 1208
1175 1208
1459 1474
236 240
421 448
557 558
1057 1113
1022 1113
0 79
302 305
399 400
381 388
566 590
1365 1483
145 152
146 152
789 796
1479 1536
0 805
270 276
327 328
1264 1267
1263 1267
1257 1267
1188 1267
1265 1267
0 522
190 198
953 1013
889 1013
149 152
1292 1303
992 1008
970 1008
6 327
546 562
5 737
6 737
254 264
167 175
42 44
68 89
1847 1913
1816 1913
1460 1539
972 973
851 855
299 301
70 7645
24 7645
7644 7645
7073 7645
107 7645
7637 7645
7643 7645
7631 7645
7636 7645
23 7645
3 7645
7588 7645
7463 7645
7472 7645
7350 7645
7423 7645
196 7645
7227 7645
7383 7645
7562 7645
8830 9306
9061 9306
9158 9306
9299 9306
9296 9306
163 9306
9305 9306
9304 9306
9235 9306
224 9306
5 9306
9301 9306
9116 9306
9198 9306
9302 9306
9261 9306
9277 9306
8726 9306
3729 3760
3356 3760
3758 3760
3759 3760
3752 3760
3735 3760
3715 3760
3757 3760
677 689
279 295
1444 1454
1452 1454
163 1454
15 1454
616 626
200 203
400 405
785 794
792 794
834 844
568 657
1101 1110
148 150
2 1071
0 812
0 812
0 422
889 896
394 395
11 2339
0 135
295 324
0 721
74 79
195 204
2 811
0 368
0 380
0 380
0 384
8 152
0 98
66 68
10 446
0 777
1 777
3 884
879 884
1512 1514
841 876
325 348
152 169
655 663
661 663
301 303
236 240
436 441
1450 1474
0 733
0 1077
371 404
926 973
131 138
16 1618
546 567
872 876
156 176
1690 2150
2065 2150
872 876
1 311
1490 1597
1450 1597
1550 1597
1520 1597
613 618
0 98
181 184
770 776
755 776
494 497
56 57
382 392
667 670
588 670
381 392
10 511
2 247
786 876
2 344
898 965
1527 1539
483 509
203 215
172 176
202 215
202 215
1365 1386
274 283
607 764
462 465
780 792
10198 10782
10491 10782
10580 10782
3 10782
10638 10782
10066 10782
10652 10782
10618 10782
9785 10782
596 10782
10555 10782
10750 10782
10765 10782
10767 10782
10725 10782
10382 10782
10116 10782
10525 10782
10682 10782
10439 10782
10536 10782
10516 10782
92 10782
10766 10782
10555 10782
10668 10782
208 224
728 767
2 144
467 540
2475 2510
27 2510
3 269
2 269
1243 1269
0 1269
19 919
1 782
429 448
0 931
882 931
2 247
80 89
2035 2038
17 2038
10 2038
428 446
716 737
1889 1898
1890 1898
12 584
1339 1360
9 2257
3 2257
1680 1695
2338 2339
1066 1072
696 746
691 746
2061 2150
2110 2150
3383 3410
3327 3410
3358 3410
715 746
2080 2150
2115 2150
748 764
721 746
425 456
583 590
2351 2449
2448 2449
182 191
761 777
14 266
1005 1027
920 976
864 976
47 3000
2988 3000
11 3000
19 3000
2738 3000
2879 3000
3 202
0 456
759 777
367 381
2 295
185 186
440 441
0 94
58 68
13 287
237 240
2 142
238 240
1 655
1057 1197
5 2831
4 2831
2 2831
3 2831
1201 1331
4204 4210
4208 4210
4124 4210
4205 4210
4188 4210
4185 4210
3717 4210
3861 4210
4207 4210
4206 4210
4153 4210
1 20
201 209
0 677
661 677
5 1547
1529 1547
887 888
886 888
338 344
386 413
894 1012
880 1012
919 1012
263 269
0 467
500 504
1040 1110
516 585
2098 2128
1996 2128
2049 2128
930 960
1386 1483
1473 1536
1504 1536
1100 1110
0 1069
42 1069
1067 1069
1008 1014
784 811
1082 1110
422 423
0 93
171 183
375 384
714 724
2351 2375
2326 2375
2321 2375
165 178
775 788
779 788
782 788
773 788
778 788
781 788
770 788
771 788
772 788
154 203
217 226
7 4949
4749 4949
354 4949
34 4949
4894 4949
37 4949
156 4949
115 120
42 2150
2104 2150
2089 2150
635 653
650 689
1 2955
0 2955
2931 2955
2 2955
2921 2955
2905 2955
2930 2955
1614 1695
428 439
426 439
224 225
9 2163
32 2163
12724 13875
13651 13875
7 13875
16 13875
35 13875
13299 13875
13591 13875
13491 13875
13114 13875
13302 13875
12666 13875
13480 13875
13767 13875
13843 13875
20 2339
216 222
148 150
12 1164
1 1164
1093 1164
1 2347
0 2347
3 2347
2 2347
629 633
377 384
3079 3126
2946 3126
3096 3126
3051 3126
2621 3126
3023 3126
3044 3126
1070 1078
1077 1078
7 1078
258 267
0 1926
491 526
808 812
808 858
2 5657
17 5657
5118 5657
5 5657
5600 5657
11 5657
5208 5657
5607 5657
1041 1042
422 423
198 218
154 172
1127 1307
66 1021
380 384
399 400
237 240
224 247
156 176
0 247
108 124
606 618
1 247
1496 1708
15 1708
16 1708
4 1708
750 762
741 762
4 152
363 371
263 264
439 442
441 442
387 389
16 5642
18 5642
27 5642
223 5642
22 5642
7 5642
5616 5642
411 416
12 223
85 86
507 543
3 1403
25 1403
627 679
2440 2517
0 87
647 689
1 336
0 89
144 153
1279 1403
1958 1963
1946 1963
1924 2002
1879 2002
1995 2002
146 147
146 147
152 163
263 264
1499 1539
256 264
560 590
173 181
220 241
11 465
656 764
692 764
727 764
272 295
1639 1652
1627 1652
1949 1967
85 86
0 1110
2 1183
1 1183
1092 1183
845 876
387 389
1096 1124
1068 1124
0 1014
927 961
42 961
1 961
3 526
0 359
5 1130
0 257
1365 1386
53 842
997 1042
19 257
2291 2403
2092 2403
2310 2403
102 106
372 375
8 617
268 270
269 270
338 340
305 327
346 380
504 518
586 587
584 587
6 384
396 424
263 264
666 699
1262 1317
1311 1317
1293 1317
118 120
0 594
0 538
0 603
22 1130
1 344
237 240
1115 1241
120 122
850 855
1890 1898
1892 1898
1887 1898
1889 1898
380 384
14 17
903 914
31 777
156 163
4667 4713
4638 4713
4697 4713
4070 4713
4696 4713
4445 4713
42 44
2115 2150
2091 2150
2 2150
3 2150
391 402
244 266
756 781
748 781
3 781
769 781
660 664
680 689
0 874
793 796
794 796
1367 1464
1407 1464
1440 1464
537 548
380 382
0 233
7 663
248 257
494 506
4 1012
237 257
578 626
348 371
14 782
3708 3816
3805 3816
3761 3816
3716 3816
3737 3816
3806 3816
113 3816
338 340
1289 1347
1326 1347
147 149
526 554
315 364
312 364
276 295
19 435
674 695
3 1247
4 1247
389 423
902 914
212 265
616 631
629 631
185 186
509 518
160 171
481 511
407 431
9 2308
1 2308
2167 2303
15 2303
140 145
1 145
9 145
0 467
505 518
401 405
314 318
412 423
299 324
388 389
5 8726
8681 8726
8265 8726
10 8726
8480 8726
8591 8726
8286 8726
8451 8726
8719 8726
8723 8726
2 8726
23 8726
8420 8726
412 422
99 108
428 456
929 1036
918 1036
354 391
334 344
635 679
4 154
20 397
0 3066
8 3066
3050 3066
1197 1214
1179 1214
1498 1595
1484 1595
755 764
0 457
0 368
0 376
199 209
204 209
1 1191
0 1191
591 592
376 378
129 141
387 389
444 446
252 264
506 526
1088 1110
704 12734
758 12734
12733 12734
298 12734
12650 12734
12480 12734
385 12734
12365 12734
12397 12734
46 12734
14 12734
8 12734
719 12734
61 12734
11915 12734
111 12734
40 12734
12333 12734
202 203
0 89
618 653
16 295
0 841
0 441
380 384
857 876
1192 1264
1226 1264
1259 1264
2 404
6 1483
0 1110
555 590
566 590
256 264
106 107
7 1386
143 148
73 89
725 842
460 461
14 669
664 669
665 737
690 699
3 423
9 737
106 107
106 107
142 148
456 473
33 2629
2451 2629
85 2629
2610 2629
377 384
1587 1589
1553 1589
1545 1589
2 113
2648 2696
2671 2696
23 2696
745 774
2 664
917 987
984 987
985 987
40 4344
4191 4344
3980 4344
4067 4344
9 4344
3680 4344
4086 4344
215 222
590 626
1315 1376
1313 1376
1135 1376
1346 1376
557 558
678 680
665 680
231 234
11 177
9 177
380 384
435 441
430 441
339 376
1496 1511
1476 1511
1 522
520 522
0 169
5 737
2 664
466 479
2118 2238
2226 2238
2097 2238
1 2238
1066 1074
9 737
751 762
2461 2517
742 788
2299 2300
2267 2300
751 762
607 618
180 183
269 270
1 558
251 252
285 295
17 1913
1867 1913
651 656
7 656
653 656
238 240
410 423
1 764
370 373
429 446
1 357
383 423
0 632
569 590
545 562
430 456
0 9
293 587
547 562
960 1014
702 774
0 404
512 567
3 1407
564 594
661 690
660 690
238 250
126 127
294 295
7 2725
21 2725
19 2725
11 2725
20 2725
395 442
407 442
508 518
499 508
3 269
267 269
36 38
65 6094
19 6094
8 6094
12 6094
5808 6094
1319 1370
2726 2737
2527 2737
1356 1409
489 526
432 465
325 339
929 960
926 960
374 382
13 295
0 404
1 431
1505 1536
547 615
0 844
0 308
460 504
534 560
602 730
0 730
648 764
1600 1701
237 240
233 283
593 596
11 392
59 2339
1 2339
5 303
443 461
549 563
5 438
102 122
21 980
932 980
791 845
585 665
7 378
327 352
864 889
878 889
185 189
393 431
742 751
492 526
1948 1955
1924 1955
1949 1955
1942 1955
1804 1955
1951 1955
78 9453
9311 9453
66 9453
126 9453
9250 9453
100 9453
2 9453
56 9453
80 9453
72 9453
37 9453
114 9453
18 9453
30 9453
198 9453
3446 3604
3467 3604
55 3604
3456 3604
26 3604
2929 2982
2915 2982
2979 2982
2913 2982
2774 2982
8 1152
477 499
0 181
1 181
227 249
606 613
383 395
520 575
115 122
1050 1114
1100 1114
1 283
3 283
5 241
0 55
647 655
89 1887
1872 1887
31 1887
7508 7512
7473 7512
7500 7512
7478 7512
6785 7512
7370 7512
7498 7512
6993 7512
6964 7512
7227 7512
7434 7512
7507 7512
7423 7512
7256 7512
7255 7512
312 328
11 623
2 106
71 82
3 305
183 196
136 151
2 439
321 328
1977 2031
58 4370
52 4370
38 4370
50 4370
29 4370
72 4370
25 4370
23 4370
330 340
0 360
0 269
0 413
829 887
177 187
2 187
452 534
1520 1539
26 726
250 257
192 202
747 764
749 764
444 473
5 729
13 729
2 729
170 174
1 593
1 326
252 282
57 59
4 2849
55 2849
10 2849
36 2849
185 225
359 435
343 435
0 522
0 146
477 479
12 399
5 587
551 562
774 788
780 788
782 788
775 788
777 788
781 788
772 788
773 788
776 788
11 473
8 473
1474 1528
0 1528
6 1904
1757 1904
711 733
212 219
2344 2417
2416 2417
12 594
5 594
10 594
6 620
2 620
1 476
11 476
0 405
1593 1695
86 91
1 91
0 1223
2 1223
3 1223
468 479
314 328
9 1879
5 1879
4802 4834
10 4834
4810 4834
4831 4834
16 4834
26 4834
143 145
728 739
7 336
326 361
164 177
367 413
729 759
190 191
188 191
3 240
224 233
175 177
148 176
1 318
19 807
26 807
748 761
413 446
0 931
876 931
1 1074
2 812
236 287
721 764
1042 1043
2 857
1 922
0 558
7 558
214 279
131 173
117 130
466 617
4 617
1603 1707
1703 1707
56 4275
3742 4275
4250 4275
4050 4275
4101 4275
0 1149
1072 1149
1098 1149
2950 2971
2953 2971
2 336
2 318
1023 1026
0 92
84 92
300 311
146 161
757 774
125 127
375 379
388 400
421 428
1 381
549 562
472 497
392 393
0 279
318 323
365 395
10 223
0 362
486 509
4 2434
637 716
2 388
214 233
2 484
475 484
476 484
42 1075
69 1075
1034 1075
1042 1075
0 118
0 114
813 844
794 844
291 306
1696 1742
1647 1742
1665 1742
435 441
626 655
677 764
51 509
3665 3737
3578 3737
3 3737
2 3737
496 562
2055 2181
0 338
0 40
324 379
402 405
443 474
86 98
1111 1143
1 368
687 699
0 343
8 126
1 1644
1643 1644
695 767
684 767
24 767
1 20
272 310
0 354
2 61
255 297
635 727
381 395
1555 1618
222 233
1 381
5 473
206 217
2 152
679 768
8 171
1 567
1 301
3 461
774 788
780 788
782 788
775 788
779 788
781 788
772 788
773 788
777 788
402 405
642 653
4 139
6 324
958 973
1219 1386
629 633
649 664
1480 1618
380 395
0 295
335 344
225 230
2046 2219
374 385
4 527
0 1926
2 1926
539 548
1 919
691 699
464 472
317 327
0 821
683 821
726 821
0 526
2 567
20 1012
1 1012
3 1012
549 562
15 739
237 266
198 227
0 241
622 635
373 391
0 177
0 407
428 435
490 535
2 527
8 371
361 371
1 240
7 57
270 297
257 262
338 361
1292 1312
72 84
257 287
505 509
582 585
502 592
755 812
2041 2339
266 290
0 948
1 948
414 448
965 973
1 360
388 389
1605 1646
1 2101
12 2101
4 2101
2039 2101
857 876
406 472
226 265
703 777
5 502
3 137
179 209
2 144
165 183
0 370
127 135
115 120
907 962
669 721
106 114
2873 3218
1701 1747
3 231
1042 1110
130 153
270 290
14 397
316 325
299 319
358 382
39 5267
26 5267
18 5267
17 5267
86 5267
32 5267
54 5267
89 5267
7 5267
10 5267
12 5267
0 5267
21 5267
48 5267
4 1034
995 1034
31 2191
10 2191
8 247
6 247
35 1416
53 1027
4 319
1 1042
4 384
2 163
0 127
3 484
4 900
1 544
5 265
4 368
1 930
2230 2416
2254 2416
2210 2416
817 919
394 407
1 382
0 247
4 233
0 1183
1 1183
1109 1183
10 1185
342 382
327 340
5 3763
2 3763
176 177
465 477
138 141
216 242
0 295
2 295
1 395
560 615
1 308
3 1695
452 511
198 227
251 257
2162 2339
370 395
0 359
737 761
232 257
171 176
301 336
187 195
356 365
238 240
221 230
175 196
323 338
1102 1116
1105 1116
2 1124
0 300
1594 1623
845 906
51 57
0 188
1024 1057
0 233
666 721
314 318
726 735
689 699
3 446
0 310
0 165
432 465
961 1130
668 679
6 392
318 348
1880 1898
1889 1898
0 472
945 950
949 950
932 950
190 191
8 1695
321 324
268 282
4 861
1632 1695
16 360
924 960
349 388
1 1701
452 453
451 453
241 247
1 461
294 295
981 1042
498 549
253 319
33 1110
2264 2517
770 866
2 866
112 141
0 387
2 48
1700 1791
1643 1791
11 511
259 275
10 286
404 423
140 191
5 950
506 509
0 861
327 364
320 364
371 378
3501 3651
331 364
320 364
270 298
658 679
9 654
176 177
601 605
351 392
4 392
10 569
0 43
388 414
268 272
312 327
1908 2050
61 2050
9 2050
586 617
1 927
13 1268
3 1268
10 1268
4 1413
147 157
7 317
765 790
751 790
50 812
1031 1077
566 584
2 562
1334 1360
1637 1695
382 405
562 587
126 127
14 1592
1 1592
5 1719
3 1719
1 1719
547 548
512 548
189 195
338 352
1 1043
2672 2703
2676 2703
2684 2703
2660 2703
1090 1165
391 395
2 1323
3 1323
1 1323
13 1323
5 1323
0 118
140 165
595 663
425 451
8 1536
1516 1526
1459 1526
1518 1526
0 116
298 327
2 587
119 139
4 325
1154 1288
0 116
18 240
212 217
647 712
34 1386
2328 2339
2457 2517
21 381
1 284
163 183
286 295
0 2517
1963 2339
460 465
0 247
2348 2517
0 55
264 281
221 247
1341 1360
427 461
3500 3761
567 590
4 594
317 378
1495 1539
8 108
276 4338
26 1552
143 152
10 646
4 306
656 657
646 657
972 1042
418 421
1036 1042
214 222
1011 1034
262 270
39 1104
0 486
486 502
56 57
773 816
2187 2365
7 1074
0 187
2218 2236
2208 2236
2166 2236
0 2236
402 405
1023 1110
482 497
210 222
117 120
0 151
0 1392
0 230
85 86
75 78
2168 2339
8 9
989 1021
307 318
3 308
9 279
749 762
87 88
1 721
9 1027
495 500
1 89
0 86
154 159
703 733
696 725
1 276
482 497
1120 1130
445 456
0 654
756 777
52 53
326 340
469 475
0 142
650 694
40 41
82 90
587 588
586 588
578 588
212 214
66 67
565 588
1 327
1 342
0 588
191 193
151 161
2 90
566 588
40 41
302 322
3 718
135 142
538 567
557 588
1 113
0 120
577 588
485 567
18 588
583 588
442 483
584 588
190 218
586 588
1 282
261 282
556 588
194 218
323 327
23 24
269 274
241 274
201 214
1 142
1 90
79 90
0 228
541 567
213 229
543 567
330 343
6 228
297 327
38 43
5 386
651 694
200 228
0 475
572 588
445 475
24 946
1 475
529 567
419 457
8 327
1 483
21 343
106 116
443 475
0 228
25 342
294 327
509 560
222 229
98 99
555 588
39 43
5 43
0 168
3 141
453 483
15 16
570 588
0 386
314 334
2 588
1 588
3 588
2 588
1 90
576 588
0 271
587 588
3 386
1 67
529 560
8 342
450 454
581 588
35 588
10 211
641 694
5 694
213 228
316 327
587 588
708 752
50 53
221 229
578 588
36 41
368 374
304 334
4 588
1 475
0 110
226 229
55 58
584 588
0 142
144 153
2 334
111 116
116 118
587 588
3 386
300 327
138 142
213 228
3 156
9 588
13 588
1 327
332 343
7 153
12 475
1 588
98 99
13 588
0 588
545 574
644 694
0 90
633 694
0 56
514 560
315 342
21 322
0 752
587 588
295 327
188 193
1 454
0 342
66 67
0 327
40 588
0 229
0 342
66 67
26 2673
191 211
444 483
323 327
226 228
4 33
851 962
1520 1539
0 125
0 120
68 80
0 816
0 554
1 176
400 406
0 66
425 473
0 977
0 844
0 290
471 502
87 88
1 275
144 147
445 515
0 1205
1 1403
1657 1695
562 605
601 605
1327 1347
1271 1347
1502 1516
0 295
463 473
0 59
970 1021
757 788
221 228
1098 1110
87 88
0 768
2 476
336 337
331 340
1653 1695
126 127
0 308
371 378
0 241
4 452
0 284
1 1900
0 1900
59 3101
0 3101
4 6
202 218
650 664
0 158
405 423
927 951
950 951
540 623
0 399
1519 1577
263 278
198 214
2061 2150
2062 2150
142 145
1 404
0 1074
319 336
0 362
4 594
0 216
399 439
485 527
1359 1386
0 639
741 762
1 625
0 625
0 725
0 395
1 1036
994 1042
371 393
1478 1539
357 368
1474 1539
103 117
579 632
1024 1042
0 518
1 567
431 452
2 1071
336 347
0 303
0 120
269 270
2027 2237
2232 2237
2203 2237
2160 2237
1 2237
193 233
16 1552
0 409
0 1230
2 1230
852 853
389 400
0 126
444 446
26 857
3 973
1 274
0 274
1 3390
164 3390
3 3390
4 3390
0 584
815 890
610 626
204 216
0 1346
0 247
240 287
74 79
0 196
186 191
7055 7353
7348 7353
6362 7353
7024 7353
7241 7353
8 7353
7100 7353
7264 7353
7351 7353
6512 7353
7288 7353
6888 7353
7320 7353
6821 7353
7136 7353
1 7353
136 141
2368 2466
2377 2466
2431 2466
2352 2466
1373 1456
10496 10604
10552 10604
10597 10604
45 10604
10528 10604
10588 10604
10264 10604
9971 10604
10537 10604
10531 10604
0 10604
10242 10604
10368 10604
9542 10604
10023 10604
10215 10604
1638 1655
1629 1655
0 407
1146 1162
1139 1162
1132 1162
1138 1162
468 479
588 623
0 87
529 564
349 391
0 295
0 590
498 508
1667 1695
1 47
770 788
779 788
780 788
772 788
776 788
785 788
778 788
766 788
774 788
221 230
665 739
423 436
1651 1695
0 247
602 626
566 567
114 115
0 48
318 344
630 684
563 764
566 582
976 1072
1808 1862
21 1862
352 369
872 876
0 625
217 233
924 937
931 937
862 937
0 230
1 421
267 272
198 218
798 812
807 826
0 919
15 887
1 1072
151 2339
919 958
908 958
1400 1623
138 141
783 792
802 811
0 2330
2 2330
9 247
6 974
118 120
0 182
402 423
0 1967
0 30
377 384
497 549
1122 1153
0 497
183 188
452 498
155 157
145 157
2326 2339
1 950
56 57
1 135
441 473
0 962
436 448
0 163
377 414
10 1161
1 1161
2 1161
0 117
0 96
1336 1403
0 1346
1 139
1095 1110
470 473
6 318
0 318
663 700
160 162
1758 1967
1477 1539
1405 1539
102 106
7 5662
1 5662
4 5662
2 5662
8 5662
1471 1536
43 1536
608 625
2443 2565
2426 2565
2499 2565
2216 2565
2510 2565
2466 2565
1746 1747
383 384
171 183
1216 1249
1236 1249
0 87
765 812
723 746
2107 2128
1969 2128
2072 2128
469 473
0 67
119 124
152 178
0 764
2 379
2366 2396
0 2396
1 2396
873 890
880 890
871 890
0 38
2144 2407
2240 2407
2320 2407
2091 2407
691 735
576 581
537 581
1 385
2 385
4 615
122 139
633 641
417 448
1033 1064
1063 1064
2124 2225
83 89
0 941
68 89
0 1419
418 452
74 80
516 554
0 89
1293 1294
1226 1294
36 381
1925 1948
1947 1948
1945 1948
1939 1948
871 962
421 448
0 352
135 137
4 594
1609 1708
0 1708
272 287
0 25
806 816
610 626
82 90
2067 2339
0 1536
218 233
60 69
311 319
786 796
443 446
493 527
0 142
344 369
145 153
584 590
0 385
405 413
2 446
2189 2395
2174 2395
373 404
462 592
2064 2163
2035 2163
2124 2163
0 55
188 191
2210 2423
2289 2423
2419 2423
333 344
189 196
445 452
1356 1403
3 1205
0 1205
953 1014
287 294
434 448
85 86
0 395
837 844
828 844
0 303
1333 1360
702 812
102 107
0 562
475 479
445 467
1730 1733
1695 1733
1716 1733
75 80
685 739
411 446
220 247
385 389
0 733
202 215
234 295
0 431
169 175
129 130
185 187
112 135
0 284
362 371
290 330
1655 1724
1 1724
66 1724
500 549
904 919
1097 1139
0 896
1 896
3 437
0 103
249 264
0 261
225 264
632 648
1529 1577
1439 1501
1472 1501
1457 1501
566 617
1604 1618
282 285
4 504
114 115
47 48
241 247
728 737
0 223
479 509
301 311
572 594
463 477
340 345
2 733
747 789
714 789
0 605
1672 1747
338 347
1505 1511
1500 1511
0 362
146 147
270 307
138 139
137 139
342 382
1731 1766
770 788
775 788
780 788
763 788
774 788
779 788
764 788
768 788
766 788
690 694
682 694
306 307
171 174
345 371
1015 1077
527 537
2 178
101 103
276 290
3129 3159
3088 3159
3096 3159
1304 1331
6 50
1 716
496 508
1905 1909
1891 1909
1900 1909
1521 1618
1533 1618
0 384
0 384
0 102
92 94
0 585
422 474
512 535
224 261
294 295
0 169
147 148
9 183
854 876
2 733
1 1787
1759 1787
1785 1787
544 617
0 1553
6 1553
2 504
1 343
556 632
0 127
500 504
1071 1083
63 65
1032 1144
161 178
1 172
3 240
396 431
917 919
478 498
2 1618
1467 1475
350 368
24 26
1838 1965
20 1965
2 1965
9 1965
3 1965
19 1965
123 125
171 175
48 55
353 379
0 229
1 229
212 230
4 1042
336 344
320 323
715 746
872 876
468 479
404 406
484 504
163 171
549 575
748 764
1842 1913
1812 1913
1019 1057
242 269
0 173
329 344
0 772
199 242
1598 1695
1658 1695
380 382
722 764
168 175
90 94
0 811
11 394
1 1287
164 176
137 139
267 310
323 360
220 230
4 811
3 381
3 1129
1095 1129
1078 1129
0 638
1067 1071
12 1410
1402 1410
1408 1410
0 811
484 497
32 37
282 285
302 305
216 256
1 360
231 233
604 623
924 1061
246 260
428 452
546 563
590 592
2 144
301 327
0 617
336 337
361 362
5921 5976
5436 5976
5956 5976
5543 5976
17 5976
5974 5976
5558 5976
5904 5976
5870 5976
1049 1075
360 379
642 661
160 162
22 2517
9 431
91 100
0 1386
800 850
459 511
402 405
1093 1102
0 1102
347 370
183 196
1 361
831 841
696 698
0 124
0 290
217 218
431 439
210 229
0 349
75 89
0 360
328 333
328 333
4 526
120 122
0 412
188 196
0 874
6 247
888 896
15 338
1 338
104 142
1777 1779
1702 1779
1746 1779
1709 1779
1183 1238
871 876
1802 1853
1828 1853
1734 1853
66 592
543 564
162 173
1471 1539
140 158
776 812
582 584
305 328
244 262
2 816
95 99
7 796
365 404
137 146
343 345
0 464
224 228
237 274
836 919
500 502
1088 1110
110 122
439 446
488 518
130 141
514 585
560 561
2748 2808
1335 1357
94 1416
4 204
1 100
8 563
0 564
465 473
967 1110
0 339
268 327
2 308
264 295
3 587
663 777
557 558
147 149
189 209
238 279
901 962
2 3095
3 3095
4 3095
1431 1617
3 1617
1 1617
19 1617
316 318
324 327
1699 1767
1722 1767
1755 1767
1700 1767
238 240
984 1071
465 522
0 1618
441 465
428 465
450 465
