3 384
10 375
6 392
0 576
2 576
21 776
12 776
9 511
20 2287
1 2287
3 745
4 745
4 914
10 338
4 448
0 691
1 691
0 183
55 914
5 1155
54 1155
577 1155
2 1155
9 1155
2 1370
75 1623
329 7389
72 7389
2 7389
5 7389
1 7389
6 7389
8 7389
12 7389
125 7389
10 7389
269 7389
20 2339
3 615
1 1288
174 176
10 1265
12 1265
14 1265
4 150
0 79
0 1983
1 1983
6 1983
5 1983
2 269
17 397
2 1208
13 1208
7 1208
3 1474
11 240
1 448
3 558
1 1113
0 1113
0 79
22 305
396 400
4 388
4 590
3 1483
3 152
1 152
0 796
767 1536
0 805
5 276
10 328
19 1267
82 1267
2 1267
7 1267
35 1267
11 522
3 198
2 1013
2 1013
4 152
0 1303
0 1008
2 1008
3 327
2 562
5 737
6 737
2 264
7 175
0 44
0 89
8 1913
3 1913
1535 1539
970 973
854 855
0 301
76 7645
32 7645
7644 7645
26 7645
58 7645
276 7645
558 7645
423 7645
265 7645
31 7645
2 7645
328 7645
83 7645
222 7645
287 7645
582 7645
36 7645
78 7645
95 7645
549 7645
682 9306
0 9306
219 9306
185 9306
43 9306
109 9306
9305 9306
63 9306
46 9306
364 9306
39 9306
86 9306
251 9306
94 9306
190 9306
57 9306
30 9306
7 9306
53 3760
112 3760
262 3760
208 3760
137 3760
11 3760
38 3760
79 3760
684 689
4 295
7 1454
0 1454
5 1454
4 1454
2 626
0 203
0 405
792 794
1 794
2 844
328 657
1109 1110
2 150
1 1071
0 812
0 812
0 422
4 896
28 395
1 2339
1 135
6 324
1 721
7 79
203 204
3 811
1 368
0 380
0 380
1 384
6 152
4 98
8 68
2 446
0 777
0 777
1 884
12 884
3 1514
25 876
3 348
0 169
2 663
1 663
15 303
11 240
440 441
1473 1474
0 733
3 1077
1 404
0 973
2 138
16 1618
0 567
13 876
2 176
0 2150
11 2150
10 876
10 311
4 1597
7 1597
2 1597
1571 1597
11 618
0 98
5 184
6 776
3 776
496 497
4 57
12 392
14 670
1 670
8 392
0 511
5 247
0 876
5 344
0 965
25 1539
1 509
5 215
22 176
4 215
4 215
26 1386
282 283
55 764
9 465
0 792
34 10782
8 10782
108 10782
2 10782
3 10782
27 10782
44 10782
20 10782
17 10782
24 10782
99 10782
176 10782
330 10782
19 10782
16 10782
1 10782
12 10782
7 10782
92 10782
95 10782
6 10782
195 10782
11 10782
4 10782
99 10782
22 10782
0 224
8 767
10 144
50 540
1 2510
0 2510
134 269
5 269
1 1269
0 1269
3 919
0 782
2 448
1 931
0 931
1 247
3 89
2 2038
0 2038
1 2038
0 446
21 737
4 1898
13 1898
18 584
1355 1360
0 2257
2 2257
1685 1695
8 2339
1062 1072
1 746
4 746
1 2150
16 2150
7 3410
2 3410
23 3410
4 746
2 2150
34 2150
21 764
4 746
0 456
17 590
7 2449
22 2449
23 191
0 777
2 266
1021 1027
7 976
22 976
8 3000
26 3000
13 3000
128 3000
14 3000
5 3000
4 202
1 456
7 777
15 381
0 295
185 186
220 441
1 94
33 68
5 287
8 240
70 142
13 240
8 655
6 1197
6 2831
5 2831
4 2831
1 2831
1 1331
189 4210
13 4210
54 4210
7 4210
3 4210
35 4210
19 4210
23 4210
2 4210
4 4210
144 4210
1 20
3 209
1 677
0 677
0 1547
1 1547
2 888
0 888
343 344
405 413
2 1012
0 1012
3 1012
267 269
7 467
503 504
554 1110
0 585
1 2128
7 2128
5 2128
7 960
7 1483
1535 1536
1531 1536
1105 1110
3 1069
9 1069
0 1069
1008 1014
800 811
5 1110
2 423
0 93
11 183
1 384
1 724
0 2375
4 2375
8 2375
177 178
7 788
2 788
5 788
4 788
8 788
0 788
1 788
8 788
3 788
0 203
7 226
7 4949
22 4949
1 4949
20 4949
27 4949
15 4949
28 4949
1 120
39 2150
8 2150
18 2150
4 653
53 689
6 2955
4 2955
7 2955
5 2955
22 2955
1 2955
3 2955
6 1695
4 439
22 439
5 225
2 2163
3 2163
94 13875
6 13875
3 13875
11 13875
5 13875
24 13875
0 13875
2 13875
35 13875
1 13875
6937 13875
66 13875
58 13875
8 13875
21 2339
3 222
2 150
1 1164
5 1164
6 1164
0 2347
3 2347
1 2347
4 2347
632 633
0 384
31 3126
2 3126
1 3126
3 3126
0 3126
9 3126
5 3126
1 1078
0 1078
3 1078
0 267
0 1926
262 526
811 812
17 858
8 5657
7 5657
10 5657
2 5657
0 5657
1 5657
26 5657
101 5657
8 1042
2 423
5 218
85 172
17 1307
69 1021
1 384
399 400
13 240
5 247
1 176
1 247
6 124
9 618
4 247
0 1708
3 1708
2 1708
1 1708
5 762
0 762
1 152
367 371
4 264
27 442
441 442
0 389
65 5642
1 5642
27 5642
263 5642
40 5642
61 5642
39 5642
2 416
3 223
2 86
11 543
11 1403
8 1403
13 679
1 2517
0 87
26 689
7 336
2 89
2 153
1400 1403
1938 1963
17 1963
0 2002
11 2002
1986 2002
143 147
18 147
11 163
131 264
2 1539
131 264
8 590
0 181
120 241
0 465
37 764
38 764
17 764
4 295
33 1652
15 1652
13 1967
1 86
0 1110
2 1183
0 1183
1 1183
0 876
0 389
1 1124
0 1124
4 1014
0 961
3 961
5 961
0 526
0 359
19 1130
2 257
12 1386
12 842
520 1042
0 257
0 2403
61 2403
8 2403
105 106
10 375
4 617
21 270
269 270
8 340
2 327
0 380
2 518
1 587
0 587
0 384
0 424
263 264
8 699
17 1317
14 1317
0 1317
4 120
6 594
0 538
0 603
67 1130
2 344
9 240
1 1241
3 122
12 855
2 1898
8 1898
1 1898
2 1898
13 384
8 17
13 914
0 777
3 163
29 4713
0 4713
58 4713
305 4713
8 4713
2 4713
0 44
0 2150
7 2150
1 2150
2 2150
8 402
132 266
2 781
9 781
1 781
0 781
663 664
51 689
4 874
0 796
795 796
66 1464
30 1464
33 1464
6 548
4 382
116 233
2 663
7 257
252 506
11 1012
3 257
1 626
3 371
390 782
0 3816
10 3816
13 3816
11 3816
9 3816
43 3816
4 3816
11 340
5 1347
2 1347
1 149
4 554
2 364
3 364
147 295
217 435
11 695
3 1247
0 1247
6 423
34 914
0 265
0 631
9 631
4 186
15 518
85 171
255 511
30 431
4 2308
1 2308
8 2303
3 2303
0 145
2 145
3 145
6 467
516 518
403 405
7 318
8 423
6 324
388 389
1 8726
376 8726
40 8726
2 8726
98 8726
8675 8726
148 8726
122 8726
686 8726
135 8726
0 8726
9 8726
10 8726
6 422
6 108
0 456
0 1036
1 1036
20 391
0 344
12 679
2 154
198 397
6 3066
3 3066
102 3066
5 1214
12 1214
10 1595
40 1595
763 764
0 457
0 368
0 376
6 209
205 209
1 1191
0 1191
0 592
377 378
70 141
0 389
1 446
11 264
5 526
5 1110
6366 12734
13 12734
21 12734
64 12734
25 12734
86 12734
6366 12734
23 12734
27 12734
242 12734
36 12734
36 12734
39 12734
50 12734
53 12734
314 12734
88 12734
43 12734
201 203
4 89
9 653
11 295
0 841
0 441
3 384
0 876
32 1264
631 1264
45 1264
0 404
0 1483
0 1110
17 590
5 590
5 264
0 107
6 1386
10 148
3 89
9 842
460 461
0 669
3 669
7 737
24 699
6 423
7 737
0 107
0 107
0 148
3 473
14 2629
28 2629
13 2629
3 2629
3 384
13 1589
4 1589
1 1589
4 113
2675 2696
2692 2696
0 2696
17 774
31 664
493 987
3 987
14 987
11 4344
166 4344
2 4344
6 4344
0 4344
1 4344
45 4344
3 222
11 626
1349 1376
0 1376
9 1376
1375 1376
0 558
1 680
4 680
5 234
3 177
12 177
18 384
17 441
438 441
3 376
0 1511
6 1511
7 522
0 522
0 169
10 737
31 664
13 479
13 2238
1 2238
7 2238
3 2238
12 1074
12 737
1 762
21 2517
393 788
80 2300
14 2300
761 762
9 618
0 183
269 270
10 558
1 252
19 295
19 1913
23 1913
45 656
1 656
12 656
13 240
0 423
381 764
366 373
0 446
2 357
6 423
0 632
4 590
8 562
13 456
0 9
293 587
3 562
5 1014
0 774
0 404
14 567
1 1407
2 594
2 690
4 690
249 250
126 127
294 295
5 2725
3 2725
6 2725
0 2725
4 2725
3 442
1 442
1 518
1 508
0 269
2 269
0 38
1 6094
3 6094
2 6094
0 6094
4 6094
1369 1370
12 2737
8 2737
29 1409
262 526
18 465
3 339
4 960
2 960
25 382
4 295
0 404
0 431
1 1536
3 615
0 844
0 308
4 504
4 560
0 730
1 730
1 764
0 1701
11 240
141 283
7 596
12 392
5 2339
0 2339
0 303
0 461
19 563
10 438
0 122
0 980
1 980
16 845
0 665
5 378
351 352
6 889
4 889
3 189
0 431
750 751
5 526
1954 1955
23 1955
62 1955
1951 1955
33 1955
70 1955
11 9453
37 9453
16 9453
1 9453
5 9453
49 9453
3 9453
7 9453
4 9453
13 9453
23 9453
15 9453
14 9453
20 9453
6 9453
1 3604
12 3604
13 3604
1801 3604
5 3604
5 2982
4 2982
7 2982
6 2982
2 2982
5 1152
497 499
0 181
1 181
124 249
5 613
10 395
7 575
0 122
7 1114
0 1114
141 283
141 283
0 241
27 55
654 655
1 1887
0 1887
2 1887
7495 7512
751 7512
7444 7512
63 7512
3 7512
7480 7512
7493 7512
124 7512
82 7512
593 7512
7486 7512
7476 7512
594 7512
51 7512
7501 7512
4 328
1 623
1 106
1 82
0 305
8 196
75 151
7 439
1 328
87 2031
2 4370
8 4370
4 4370
0 4370
1 4370
6 4370
3 4370
5 4370
5 340
0 360
0 269
0 413
885 887
0 187
2 187
2 534
3 1539
7 726
128 257
201 202
0 764
2 764
0 473
1 729
2 729
4 729
4 174
296 593
1 326
4 282
29 59
22 2849
33 2849
5 2849
15 2849
0 225
13 435
1 435
0 522
7 146
33 479
3 399
0 587
7 562
393 788
3 788
393 788
393 788
393 788
0 788
0 788
393 788
393 788
6 473
4 473
2 1528
0 1528
26 1904
15 1904
2 733
218 219
25 2417
30 2417
50 594
17 594
45 594
0 620
1 620
0 476
3 476
0 405
34 1695
1 91
2 91
2 1223
1 1223
3 1223
478 479
2 328
3 1879
0 1879
132 4834
1 4834
66 4834
150 4834
9 4834
24 4834
4 145
737 739
11 336
8 361
7 177
412 413
379 759
190 191
189 191
7 240
2 233
2 177
0 176
5 318
5 807
3 807
0 761
1 446
1 931
0 931
0 1074
7 812
143 287
13 764
6 1043
0 857
1 922
3 558
6 558
10 279
86 173
129 130
2 617
3 617
2 1707
1 1707
63 4275
28 4275
4 4275
146 4275
175 4275
4 1149
14 1149
24 1149
4 2971
5 2971
10 336
9 318
12 1026
1 92
0 92
0 311
0 161
766 774
6 127
4 379
399 400
427 428
11 381
5 562
3 497
392 393
2 279
322 323
4 395
3 223
0 362
12 509
0 2434
5 716
386 388
27 233
0 484
3 484
6 484
10 1075
16 1075
1073 1075
17 1075
58 118
0 114
9 844
823 844
0 306
2 1742
1 1742
3 1742
5 441
653 655
15 764
6 509
1868 3737
1 3737
2 3737
0 3737
11 562
1090 2181
3 338
2 40
4 379
2 405
1 474
2 98
1141 1143
183 368
28 699
1 343
13 126
1 1644
6 1644
0 767
1 767
383 767
9 20
154 310
1 354
0 61
2 297
363 727
6 395
96 1618
2 233
190 381
6 473
108 217
1 152
383 768
8 171
0 567
0 301
0 461
393 788
3 788
393 788
393 788
393 788
0 788
0 788
393 788
393 788
1 405
651 653
3 139
0 324
0 973
15 1386
3 633
21 664
30 1618
14 395
0 295
8 344
10 230
1109 2219
0 385
6 527
9 1926
12 1926
3 548
0 919
17 699
1 472
4 327
0 821
1 821
2 821
1 526
4 567
2 1012
2 1012
4 1012
10 562
12 739
0 266
113 227
0 241
17 635
3 391
4 177
2 407
15 435
531 535
13 527
1 371
10 371
1 240
0 57
148 297
2 262
0 361
16 1312
83 84
21 287
4 509
584 585
17 592
5 812
106 2339
286 290
0 948
1 948
1 448
24 973
4 360
4 389
22 1646
2 2101
0 2101
3 2101
4 2101
2 876
13 472
1 265
11 777
2 502
1 137
104 209
9 144
1 183
0 370
18 135
1 120
5 962
13 721
113 114
1 3218
1 1747
0 231
4 1110
0 153
0 290
3 397
11 325
8 319
10 382
13 5267
12 5267
7 5267
11 5267
28 5267
9 5267
27 5267
32 5267
3 5267
8 5267
4 5267
2 5267
17 5267
23 5267
2 1034
0 1034
0 2191
1 2191
6 247
4 247
11 1416
82 1027
0 319
0 1042
0 384
0 163
0 127
0 484
1 900
0 544
13 265
3 368
1 930
5 2416
3 2416
9 2416
14 919
406 407
0 382
0 247
0 233
2 1183
1 1183
0 1183
1 1185
0 382
0 340
0 3763
1 3763
176 177
6 477
140 141
21 242
0 295
1 295
18 395
307 615
1 308
2 1695
6 511
0 227
0 257
5 2339
21 395
0 359
3 761
256 257
0 176
4 336
2 195
363 365
239 240
229 230
0 196
5 338
7 1116
0 1116
2 1124
0 300
1 1623
29 906
0 57
0 188
5 1057
0 233
2 721
7 318
0 735
30 699
1 446
0 310
0 165
232 465
3 1130
339 679
1 392
173 348
8 1898
2 1898
6 472
31 950
949 950
34 950
0 191
4 1695
14 324
1 282
1 861
19 1695
179 360
16 960
382 388
2 1701
451 453
65 453
246 247
1 461
294 295
10 1042
23 549
159 319
9 1110
11 2517
1 866
0 866
4 141
0 387
23 48
1 1791
0 1791
7 511
0 275
8 286
0 423
0 191
11 950
38 509
0 861
5 364
6 364
377 378
13 3651
0 364
6 364
0 298
652 679
16 654
176 177
5 605
4 392
4 392
2 569
0 43
6 414
0 272
2 327
0 2050
1 2050
2 2050
0 617
9 927
2 1268
0 1268
1 1268
11 1413
78 157
314 317
782 790
394 790
2 812
538 1077
9 584
31 562
23 1360
1 1695
202 405
6 587
4 127
2 1592
0 1592
0 1719
1 1719
2 1719
14 548
1 548
194 195
350 352
0 1043
4 2703
2 2703
1 2703
5 2703
27 1165
15 395
0 1323
2 1323
1 1323
5 1323
3 1323
0 118
164 165
2 663
9 451
23 1536
0 1526
1 1526
5 1526
1 116
7 327
2 587
3 139
3 325
24 1288
1 116
9 240
0 217
355 712
11 1386
15 2339
0 2517
3 381
141 284
182 183
1 295
10 2517
12 2339
11 465
0 247
0 2517
0 55
0 281
0 247
1359 1360
2 461
3758 3761
9 590
2 594
377 378
25 1539
10 108
2168 4338
775 1552
3 152
7 646
4 306
6 657
655 657
14 1042
210 421
4 1042
5 222
13 1034
0 270
1 1104
0 486
501 502
2 57
19 816
10 2365
33 1074
0 187
109 2236
10 2236
9 2236
0 2236
14 405
5 1110
13 497
110 222
119 120
0 151
0 1392
0 230
85 86
77 78
1169 2339
8 9
1 1021
317 318
0 308
7 279
2 762
87 88
7 721
1 1027
12 500
0 89
2 86
14 159
2 733
5 725
1 276
3 497
11 1130
0 456
0 654
776 777
52 53
0 340
237 475
2 142
4 694
0 41
0 90
9 588
3 588
3 588
1 214
2 67
3 588
1 327
2 342
1 588
6 193
2 161
44 90
6 588
6 41
6 322
3 718
2 142
12 567
587 588
1 113
0 120
4 588
4 567
19 588
29 588
10 483
32 588
6 218
586 588
8 282
6 282
16 588
108 218
1 327
11 24
2 274
1 274
2 214
1 142
7 90
44 90
1 228
6 567
0 229
31 567
3 343
1 228
1 327
0 43
5 386
25 694
11 228
3 475
3 588
30 475
21 946
0 475
1 567
1 457
6 327
5 483
7 343
5 116
0 475
6 228
0 342
163 327
279 560
6 229
0 99
6 588
7 43
6 43
0 168
10 141
0 483
0 16
2 588
1 386
8 334
4 588
5 588
11 588
6 588
0 90
18 588
0 271
13 588
9 386
1 67
279 560
170 342
9 454
5 588
6 588
5 211
31 694
10 694
7 228
2 327
12 588
14 752
0 53
3 229
21 588
6 41
0 374
3 334
11 588
18 475
9 110
0 229
1 58
7 588
1 142
8 153
3 334
6 116
58 118
12 588
26 386
3 327
2 142
19 228
77 156
3 588
4 588
1 327
24 343
7 153
18 475
0 588
2 99
0 588
2 588
27 574
1 694
1 90
26 694
0 56
279 560
13 342
9 322
1 752
12 588
22 327
1 193
6 454
1 342
3 67
1 327
12 588
2 229
0 342
2 67
49 2673
1 211
6 483
7 327
0 228
4 33
11 962
0 1539
0 125
0 120
5 80
1 816
0 554
3 176
3 406
0 66
1 473
0 977
0 844
1 290
7 502
87 88
1 275
5 147
4 515
0 1205
0 1403
0 1695
5 605
29 605
3 1347
4 1347
38 1516
0 295
0 473
0 59
8 1021
10 788
113 228
5 1110
0 88
0 768
1 476
13 337
339 340
16 1695
4 127
1 308
0 378
0 241
2 452
0 284
2 1900
0 1900
1 3101
0 3101
0 6
6 218
662 664
0 158
0 423
26 951
20 951
0 623
0 399
2 1577
0 278
3 214
4 2150
0 2150
0 145
0 404
0 1074
1 336
0 362
4 594
0 216
438 439
4 527
18 1386
1 639
15 762
0 625
1 625
0 725
0 395
0 1036
11 1042
1 393
7 1539
1 368
1 1539
58 117
4 632
40 1042
1 518
1 567
1 452
1 1071
0 347
1 303
0 120
269 270
0 2237
2230 2237
22 2237
13 2237
5 2237
0 233
775 1552
0 409
0 1230
2 1230
26 853
1 400
0 126
0 446
33 857
0 973
1 274
0 274
0 3390
20 3390
3 3390
1 3390
0 584
14 890
2 626
107 216
0 1346
0 247
143 287
39 79
0 196
17 191
113 7353
75 7353
77 7353
458 7353
14 7353
29 7353
130 7353
17 7353
103 7353
568 7353
0 7353
89 7353
58 7353
190 7353
120 7353
13 7353
5 141
6 2466
2 2466
0 2466
1 2466
85 1456
80 10604
0 10604
415 10604
25 10604
91 10604
430 10604
9 10604
119 10604
2 10604
67 10604
6 10604
19 10604
38 10604
39 10604
79 10604
16 10604
21 1655
18 1655
0 407
2 1162
6 1162
0 1162
1 1162
478 479
21 623
0 87
1 564
195 391
0 295
0 590
0 508
48 1695
2 47
393 788
13 788
23 788
19 788
393 788
0 788
1 788
11 788
393 788
9 230
0 739
6 436
50 1695
0 247
620 626
12 567
114 115
23 48
0 344
3 684
49 764
1 582
5 1072
2 1862
0 1862
2 369
13 876
1 625
19 233
1 937
0 937
4 937
0 230
1 421
1 272
5 218
58 812
825 826
0 919
2 887
1 1072
17 2339
7 958
1 958
18 1623
9 141
3 792
8 811
1 2330
0 2330
6 247
19 974
12 120
0 182
2 423
0 1967
0 30
4 384
2 549
1149 1153
0 497
7 188
3 498
0 157
2 157
2338 2339
1 950
56 57
0 135
4 473
0 962
0 448
0 163
1 414
4 1161
1 1161
2 1161
0 117
1 96
0 1403
0 1346
1 139
22 1110
3 473
11 318
0 318
1 700
0 162
1 1967
7 1539
5 1539
105 106
0 5662
1 5662
4 5662
3 5662
2 5662
1534 1536
24 1536
18 625
39 2565
25 2565
22 2565
6 2565
8 2565
5 2565
1744 1747
381 384
4 183
1 1249
13 1249
0 87
2 812
744 746
1 2128
2 2128
8 2128
0 473
0 67
2 124
176 178
0 764
1 379
1 2396
0 2396
2 2396
10 890
0 890
3 890
0 38
1 2407
3 2407
2 2407
8 2407
1 735
0 581
1 581
2 385
3 385
26 615
0 139
3 641
2 448
3 1064
4 1064
4 2225
3 89
0 941
0 89
0 1419
1 452
0 80
19 554
1 89
8 1294
26 1294
21 381
39 1948
1923 1948
1929 1948
1939 1948
1 962
5 448
2 352
136 137
1 594
1 1708
0 1708
143 287
0 25
6 816
3 626
0 90
27 2339
0 1536
0 233
3 69
0 319
1 796
0 446
0 527
2 142
1 369
1 153
6 590
0 385
409 413
1 446
0 2395
1 2395
3 404
295 592
18 2163
5 2163
8 2163
0 55
20 191
4 2423
0 2423
5 2423
0 344
2 196
450 452
22 1403
1 1205
2 1205
5 1014
0 294
0 448
85 86
0 395
843 844
0 844
3 303
1359 1360
0 812
106 107
0 562
1 479
4 467
78 1733
6 1733
13 1733
4 80
22 739
0 446
123 247
0 389
0 733
5 215
4 295
16 431
0 175
129 130
185 187
1 135
0 284
368 371
10 330
2 1724
0 1724
1 1724
1 549
4 919
569 1139
0 896
1 896
1 437
51 103
19 264
3 261
0 264
0 648
15 1577
3 1501
12 1501
0 1501
9 617
15 1618
0 285
21 504
5 115
1 48
7 247
1 737
0 223
0 509
1 311
1 594
471 477
0 345
1 733
4 789
0 789
0 605
6 1747
0 347
1488 1511
1500 1511
0 362
146 147
0 307
138 139
137 139
0 382
56 1766
8 788
2 788
5 788
4 788
9 788
0 788
1 788
9 788
3 788
692 694
0 694
4 307
0 174
2 371
0 1077
2 537
88 178
3 103
2 290
3147 3159
3139 3159
56 3159
8 1331
24 50
0 716
1 508
1897 1909
47 1909
8 1909
4 1618
2 1618
0 384
1 384
0 102
0 94
0 585
6 474
267 535
0 261
294 295
0 169
0 148
4 183
9 876
1 733
6 1787
7 1787
12 1787
3 617
0 1553
2 1553
6 504
1 343
1 632
0 127
14 504
5 1083
2 65
5 1144
5 178
5 172
119 240
430 431
9 919
497 498
0 1618
31 1475
183 368
3 26
1 1965
0 1965
4 1965
5 1965
2 1965
7 1965
14 125
0 175
27 55
20 379
0 229
0 229
1 230
0 1042
0 344
321 323
4 746
12 876
13 479
402 406
2 504
3 171
11 575
12 764
24 1913
6 1913
0 1057
2 269
0 173
4 344
0 772
0 242
0 1695
23 1695
0 382
7 764
0 175
0 94
1 811
0 394
0 1287
0 176
10 139
0 310
1 360
2 230
1 811
1 381
0 1129
2 1129
1 1129
0 638
10 1071
23 1410
1392 1410
1390 1410
1 811
0 497
18 37
0 285
12 305
1 256
1 360
116 233
622 623
0 1061
14 260
0 452
3 563
585 592
0 144
163 327
0 617
4 337
13 362
380 5976
15 5976
5974 5976
136 5976
102 5976
424 5976
5962 5976
69 5976
125 5976
1072 1075
378 379
25 661
1 162
0 2517
2 431
0 100
1 1386
9 850
1 511
404 405
4 1102
0 1102
0 370
7 196
1 361
6 841
697 698
0 124
0 290
108 218
24 439
15 229
0 349
2 89
0 360
11 333
11 333
1 526
3 122
0 412
0 196
6 874
0 247
6 896
1 338
2 338
0 142
42 1779
889 1779
59 1779
889 1779
1 1238
13 876
0 1853
1 1853
2 1853
3 592
562 564
2 173
13 1539
0 158
1 812
4 584
0 328
6 262
0 816
96 99
6 796
6 404
5 146
344 345
3 464
6 228
272 274
459 919
0 502
0 1110
5 122
3 446
509 518
0 141
8 585
5 561
4 2808
1 1357
707 1416
1 204
3 100
281 563
2 564
0 473
21 1110
0 339
163 327
1 308
19 295
0 587
0 777
2 558
148 149
5 209
277 279
1 962
0 3095
3 3095
2 3095
7 1617
1 1617
2 1617
0 1617
2 318
326 327
7 1767
11 1767
2 1767
6 1767
239 240
0 1071
0 522
0 1618
1 465
0 465
1 465
