3 384
16 375
1 392
1 576
0 576
3 776
1 776
0 511
116 2287
128 2287
19 745
5 745
4 914
1 338
0 448
0 691
3 691
0 183
903 914
23 1155
1144 1155
90 1155
6 1155
4 1155
1367 1370
21 1623
7388 7389
413 7389
7 7389
1 7389
25 7389
58 7389
95 7389
2 7389
21 7389
10 7389
426 7389
48 2339
3 615
11 1288
170 176
1255 1265
7 1265
56 1265
147 150
0 79
0 1983
1 1983
3 1983
8 1983
3 269
395 397
2 1208
0 1208
8 1208
1471 1474
239 240
0 448
4 558
2 1113
0 1113
2 79
303 305
399 400
7 388
1 590
134 1483
3 152
3 152
795 796
19 1536
0 805
1 276
8 328
1266 1267
1264 1267
1258 1267
27 1267
1265 1267
0 522
192 198
2 1013
1 1013
2 152
0 1303
45 1008
20 1008
3 327
7 562
3 737
1 737
2 264
1 175
0 44
0 89
31 1913
5 1913
1528 1539
972 973
851 855
0 301
22 7645
8 7645
7644 7645
83 7645
73 7645
7599 7645
7643 7645
7640 7645
7641 7645
6 7645
0 7645
1020 7645
25 7645
7607 7645
345 7645
7620 7645
159 7645
125 7645
288 7645
7627 7645
9232 9306
1 9306
9179 9306
9293 9306
9297 9306
12 9306
9305 9306
9304 9306
9175 9306
232 9306
6 9306
9302 9306
9256 9306
126 9306
9303 9306
483 9306
113 9306
14 9306
3745 3760
21 3760
3757 3760
3759 3760
3752 3760
3721 3760
3735 3760
3758 3760
686 689
1 295
38 1454
0 1454
2 1454
9 1454
625 626
202 203
404 405
793 794
1 794
843 844
53 657
1107 1110
2 150
0 1071
0 812
0 812
0 422
14 896
394 395
1 2339
0 135
3 324
2 721
2 79
202 204
3 811
1 368
0 380
0 380
2 384
0 152
0 98
6 68
4 446
0 777
3 777
3 884
12 884
10 1514
863 876
6 348
0 169
7 663
662 663
4 303
11 240
439 441
1472 1474
0 733
4 1077
1 404
0 973
137 138
3 1618
4 567
14 876
164 176
2 2150
2086 2150
11 876
4 311
1578 1597
38 1597
1590 1597
1563 1597
0 618
0 98
183 184
6 776
0 776
496 497
6 57
4 392
669 670
22 670
4 392
0 511
1 247
0 876
1 344
3 965
1530 1539
3 509
211 215
173 176
4 215
12 215
1384 1386
276 283
41 764
464 465
788 792
409 10782
12 10782
10549 10782
2 10782
21 10782
109 10782
337 10782
7 10782
3 10782
5 10782
187 10782
10769 10782
10778 10782
10706 10782
437 10782
31 10782
30 10782
29 10782
395 10782
1347 10782
1 10782
215 10782
6 10782
10702 10782
187 10782
39 10782
0 224
8 767
3 144
35 540
1 2510
4 2510
35 269
5 269
5 1269
0 1269
1 919
3 782
0 448
0 931
1 931
2 247
3 89
7 2038
0 2038
2 2038
0 446
8 737
2 1898
38 1898
22 584
1348 1360
1 2257
5 2257
1683 1695
15 2339
1066 1072
0 746
8 746
3 2150
57 2150
6 3410
21 3410
3403 3410
7 746
9 2150
2079 2150
760 764
7 746
2 456
75 590
2 2449
2448 2449
182 191
2 777
8 266
45 1027
2 976
38 976
3 3000
2974 3000
7 3000
38 3000
6 3000
2954 3000
7 202
1 456
754 777
5 381
6 295
185 186
440 441
1 94
9 68
5 287
238 240
17 142
239 240
5 655
10 1197
7 2831
5 2831
3 2831
2 2831
0 1331
4208 4210
4201 4210
4178 4210
4205 4210
33 4210
4194 4210
351 4210
19 4210
4209 4210
4176 4210
80 4210
6 20
0 209
0 677
1 677
0 1547
2 1547
887 888
861 888
341 344
404 413
3 1012
0 1012
13 1012
4 269
0 467
496 504
6 1110
0 585
2083 2128
2092 2128
51 2128
6 960
1434 1483
1529 1536
1531 1536
1107 1110
10 1069
2 1069
77 1069
1012 1014
768 811
10 1110
18 423
0 93
9 183
2 384
1 724
128 2375
2272 2375
2364 2375
176 178
772 788
2 788
44 788
9 788
781 788
0 788
1 788
778 788
7 788
0 203
214 226
10 4949
198 4949
5 4949
9 4949
80 4949
30 4949
28 4949
119 120
24 2150
114 2150
2054 2150
651 653
686 689
8 2955
1 2955
6 2955
4 2955
2881 2955
264 2955
3 2955
1 1695
434 439
434 439
222 225
7 2163
3 2163
36 13875
7 13875
3 13875
8 13875
17 13875
38 13875
12 13875
111 13875
29 13875
50 13875
1883 13875
425 13875
1553 13875
982 13875
4 2339
217 222
147 150
6 1164
4 1164
3 1164
1 2347
2 2347
3 2347
4 2347
631 633
0 384
3115 3126
157 3126
3013 3126
3044 3126
11 3126
3093 3126
3084 3126
3 1078
2 1078
4 1078
0 267
0 1926
521 526
810 812
846 858
2 5657
8 5657
0 5657
4 5657
5 5657
1 5657
23 5657
5650 5657
7 1042
23 423
0 218
14 172
36 1307
100 1021
2 384
399 400
239 240
6 247
171 176
0 247
6 124
4 618
1 247
5 1708
11 1708
17 1708
7 1708
7 762
0 762
1 152
365 371
2 264
440 442
441 442
1 389
40 5642
8 5642
63 5642
160 5642
22 5642
13 5642
382 5642
410 416
12 223
1 86
18 543
1 1403
0 1403
670 679
1 2517
0 87
669 689
6 336
0 89
3 153
16 1403
1962 1963
1952 1963
1 2002
0 2002
2000 2002
146 147
146 147
155 163
263 264
1 1539
7 264
4 590
0 181
232 241
2 465
42 764
63 764
761 764
8 295
1649 1652
1647 1652
1966 1967
1 86
0 1110
2 1183
1 1183
0 1183
2 876
0 389
0 1124
1 1124
4 1014
0 961
2 961
6 961
0 526
0 359
20 1130
0 257
1382 1386
23 842
1038 1042
0 257
2382 2403
18 2403
48 2403
104 106
374 375
24 617
33 270
269 270
339 340
5 327
0 380
6 518
586 587
582 587
0 384
415 424
14 264
5 699
1286 1317
1316 1317
1 1317
1 120
6 594
0 538
0 603
25 1130
2 344
237 240
4 1241
121 122
1 855
1 1898
14 1898
0 1898
1 1898
0 384
1 17
904 914
1 777
158 163
104 4713
194 4713
4688 4713
330 4713
4700 4713
0 4713
0 44
29 2150
2080 2150
0 2150
1 2150
1 402
21 266
3 781
49 781
0 781
6 781
663 664
685 689
0 874
11 796
794 796
59 1464
1431 1464
22 1464
547 548
380 382
6 233
2 663
251 257
487 506
7 1012
1 257
6 626
2 371
38 782
0 3816
3814 3816
143 3816
98 3816
108 3816
3784 3816
50 3816
339 340
27 1347
9 1347
1 149
538 554
6 364
27 364
16 295
53 435
0 695
2 1247
4 1247
2 423
26 914
0 265
2 631
630 631
4 186
501 518
10 171
504 511
24 431
9 2308
0 2308
25 2303
0 2303
3 145
2 145
7 145
1 467
516 518
403 405
308 318
0 423
8 324
387 389
14 8726
8720 8726
85 8726
9 8726
552 8726
8717 8726
270 8726
8622 8726
8723 8726
8722 8726
1 8726
5 8726
0 8726
417 422
22 108
7 456
0 1036
1 1036
386 391
0 344
674 679
3 154
198 397
2 3066
1 3066
3053 3066
4 1214
69 1214
5 1595
55 1595
763 764
0 457
0 368
0 376
3 209
205 209
2 1191
1 1191
0 592
377 378
135 141
1 389
6 446
259 264
2 526
0 1110
1277 12734
47 12734
21 12734
95 12734
827 12734
538 12734
1050 12734
27 12734
4 12734
352 12734
88 12734
88 12734
134 12734
112 12734
96 12734
200 12734
165 12734
229 12734
202 203
0 89
5 653
17 295
0 841
0 441
2 384
875 876
21 1264
1224 1264
1213 1264
0 404
0 1483
0 1110
5 590
1 590
2 264
0 107
4 1386
147 148
0 89
52 842
460 461
0 669
8 669
6 737
1 699
3 423
3 737
0 107
106 107
142 148
2 473
3 2629
20 2629
4 2629
7 2629
2 384
1586 1589
1582 1589
1549 1589
4 113
2684 2696
2694 2696
0 2696
768 774
12 664
947 987
983 987
986 987
16 4344
4276 4344
8 4344
6 4344
0 4344
5 4344
261 4344
7 222
615 626
1301 1376
0 1376
4 1376
1330 1376
0 558
679 680
671 680
2 234
4 177
15 177
382 384
0 441
35 441
3 376
9 1511
88 1511
1 522
6 522
0 169
0 737
6 664
474 479
6 2238
2218 2238
5 2238
2 2238
1056 1074
5 737
33 762
2483 2517
22 788
2299 2300
25 2300
759 762
2 618
0 183
36 270
5 558
251 252
32 295
1 1913
117 1913
655 656
2 656
83 656
239 240
1 423
53 764
372 373
4 446
2 357
2 423
1 632
0 590
6 562
6 456
0 9
293 587
559 562
6 1014
18 774
0 404
51 567
2 1407
5 594
6 690
652 690
2 250
126 127
294 295
6 2725
8 2725
11 2725
4 2725
16 2725
8 442
5 442
20 518
2 508
0 269
2 269
0 38
8 6094
13 6094
4 6094
5 6094
17 6094
1363 1370
2712 2737
20 2737
15 1409
510 526
7 465
333 339
1 960
2 960
378 382
1 295
0 404
0 431
2 1536
2 615
0 844
0 308
5 504
1 560
0 730
1 730
2 764
1 1701
10 240
9 283
595 596
5 392
127 2339
0 2339
0 303
1 461
6 563
12 438
2 122
15 980
7 980
839 845
6 665
5 378
343 352
884 889
7 889
0 189
0 431
750 751
1 526
1954 1955
1927 1955
1952 1955
1951 1955
40 1955
1953 1955
51 9453
49 9453
46 9453
43 9453
60 9453
83 9453
2 9453
26 9453
8 9453
52 9453
42 9453
56 9453
33 9453
37 9453
192 9453
2 3604
25 3604
29 3604
1801 3604
8 3604
2975 2982
2962 2982
2980 2982
2974 2982
197 2982
5 1152
497 499
0 181
1 181
8 249
5 613
393 395
565 575
2 122
1080 1114
1102 1114
17 283
141 283
1 241
2 55
647 655
11 1887
7 1887
16 1887
7507 7512
7495 7512
7505 7512
7414 7512
3 7512
7496 7512
7509 7512
57 7512
17 7512
338 7512
7483 7512
7511 7512
7431 7512
43 7512
7450 7512
316 328
11 623
5 106
5 82
0 305
195 196
147 151
16 439
21 328
53 2031
10 4370
13 4370
12 4370
8 4370
3 4370
9 4370
11 4370
7 4370
6 340
0 360
0 269
0 413
878 887
1 187
5 187
1 534
0 1539
38 726
15 257
199 202
0 764
1 764
0 473
7 729
16 729
12 729
15 174
3 593
1 326
6 282
3 59
1 2849
40 2849
3 2849
28 2849
0 225
12 435
38 435
0 522
4 146
13 479
6 399
0 587
9 562
53 788
20 788
775 788
776 788
774 788
0 788
2 788
781 788
52 788
26 473
12 473
1404 1528
0 1528
153 1904
102 1904
10 733
212 219
12 2417
22 2417
23 594
22 594
17 594
1 620
0 620
1 476
4 476
0 405
20 1695
0 91
3 91
2 1223
0 1223
3 1223
477 479
325 328
6 1879
2 1879
104 4834
6 4834
4823 4834
4832 4834
9 4834
23 4834
1 145
732 739
3 336
5 361
5 177
45 413
740 759
190 191
7 191
17 240
1 233
3 177
0 176
2 318
6 807
7 807
0 761
0 446
0 931
1 931
0 1074
22 812
11 287
7 764
52 1043
0 857
1 922
1 558
10 558
18 279
22 173
128 130
3 617
6 617
13 1707
9 1707
329 4275
52 4275
4 4275
4252 4275
4258 4275
2 1149
23 1149
49 1149
2905 2971
2927 2971
1 336
2 318
1025 1026
0 92
7 92
1 311
151 161
773 774
6 127
378 379
21 400
427 428
3 381
560 562
2 497
392 393
1 279
322 323
12 395
11 223
0 362
11 509
0 2434
9 716
7 388
229 233
0 484
483 484
483 484
3 1075
20 1075
1058 1075
1073 1075
5 118
1 114
56 844
795 844
0 306
4 1742
0 1742
1 1742
29 441
652 655
64 764
44 509
3732 3737
0 3737
2 3737
1 3737
12 562
1090 2181
0 338
0 40
1 379
404 405
2 474
0 98
1140 1143
6 368
5 699
0 343
12 126
0 1644
150 1644
0 767
1 767
48 767
6 20
291 310
2 354
0 61
10 297
51 727
9 395
1593 1618
228 233
5 381
17 473
13 217
3 152
58 768
4 171
0 567
0 301
0 461
773 788
2 788
774 788
57 788
781 788
0 788
1 788
778 788
40 788
385 405
652 653
4 139
2 324
77 973
25 1386
632 633
26 664
1611 1618
7 395
0 295
7 344
229 230
1109 2219
0 385
19 527
1 1926
2 1926
50 548
0 919
694 699
463 472
323 327
0 821
1 821
2 821
0 526
2 567
22 1012
5 1012
1 1012
2 562
36 739
0 266
223 227
0 241
31 635
5 391
2 177
4 407
430 435
36 535
22 527
0 371
1 371
1 240
56 57
294 297
2 262
33 361
1281 1312
83 84
277 287
6 509
583 585
586 592
20 812
37 2339
280 290
0 948
1 948
1 448
27 973
4 360
0 389
53 1646
3 2101
0 2101
1 2101
2 2101
6 876
8 472
1 265
2 777
7 502
8 137
201 209
2 144
1 183
0 370
13 135
0 120
74 962
28 721
113 114
1 3218
3 1747
0 231
3 1110
0 153
1 290
1 397
5 325
29 319
377 382
22 5267
16 5267
10 5267
11 5267
51 5267
14 5267
44 5267
56 5267
6 5267
7 5267
8 5267
1 5267
20 5267
38 5267
4 1034
0 1034
4 2191
1 2191
9 247
8 247
41 1416
130 1027
2 319
0 1042
1 384
0 163
0 127
0 484
1 900
0 544
13 265
5 368
31 930
6 2416
4 2416
8 2416
42 919
406 407
0 382
0 247
0 233
1 1183
0 1183
2 1183
1 1185
0 382
0 340
0 3763
6 3763
176 177
472 477
140 141
16 242
0 295
1 295
5 395
11 615
4 308
0 1695
22 511
2 227
0 257
3 2339
4 395
0 359
0 761
241 257
2 176
3 336
192 195
362 365
239 240
227 230
5 196
9 338
43 1116
0 1116
4 1124
0 300
6 1623
890 906
0 57
0 188
0 1057
0 233
22 721
312 318
0 735
2 699
0 446
0 310
0 165
461 465
28 1130
43 679
1 392
7 348
0 1898
2 1898
6 472
946 950
949 950
943 950
189 191
4 1695
323 324
2 282
3 861
5 1695
16 360
42 960
371 388
1 1701
452 453
451 453
246 247
0 461
294 295
10 1042
30 549
10 319
15 1110
4 2517
2 866
1 866
137 141
1 387
2 48
1771 1791
1 1791
0 511
2 275
5 286
0 423
0 191
21 950
501 509
0 861
18 364
21 364
370 378
3626 3651
0 364
3 364
285 298
676 679
2 654
176 177
591 605
8 392
7 392
27 569
0 43
410 414
265 272
8 327
33 2050
7 2050
0 2050
1 617
1 927
6 1268
3 1268
4 1268
20 1413
2 157
6 317
781 790
764 790
4 812
1075 1077
579 584
32 562
1340 1360
3 1695
17 405
1 587
126 127
5 1592
0 1592
1 1719
0 1719
2 1719
547 548
8 548
194 195
335 352
0 1043
40 2703
33 2703
5 2703
2 2703
58 1165
11 395
0 1323
2 1323
1 1323
21 1323
3 1323
0 118
163 165
0 663
7 451
1 1536
1523 1526
1417 1526
1521 1526
1 116
11 327
0 587
3 139
4 325
86 1288
1 116
10 240
0 217
355 712
5 1386
2338 2339
7 2517
6 381
13 284
174 183
8 295
2 2517
2127 2339
8 465
0 247
0 2517
0 55
1 281
1 247
1354 1360
5 461
60 3761
15 590
1 594
49 378
1535 1539
10 108
146 4338
154 1552
1 152
12 646
4 306
656 657
655 657
7 1042
24 421
1037 1042
4 222
1033 1034
264 270
2 1104
0 486
501 502
55 57
6 816
10 2365
11 1074
0 187
2233 2236
2230 2236
2219 2236
0 2236
404 405
95 1110
2 497
221 222
119 120
0 151
1 1392
0 230
0 86
75 78
209 2339
8 9
12 1021
317 318
3 308
31 279
753 762
86 88
4 721
11 1027
496 500
0 89
2 86
157 159
6 733
711 725
2 276
3 497
18 1130
452 456
0 654
774 777
52 53
0 340
78 475
1 142
671 694
40 41
2 90
587 588
3 588
572 588
10 214
65 67
4 588
1 327
1 342
0 588
191 193
2 161
6 90
3 588
40 41
2 322
3 718
1 142
7 567
15 588
3 113
0 120
8 588
13 567
36 588
587 588
0 483
587 588
6 218
585 588
0 282
0 282
16 588
13 218
20 327
1 24
273 274
0 274
2 214
1 142
1 90
11 90
1 228
5 567
0 229
9 567
340 343
1 228
2 327
1 43
4 386
4 694
9 228
1 475
0 588
19 475
28 946
0 475
3 567
1 457
3 327
0 483
3 343
2 116
0 475
7 228
0 342
3 327
552 560
15 229
98 99
1 588
7 43
6 43
0 168
5 141
2 483
0 16
2 588
0 386
0 334
2 588
3 588
5 588
3 588
0 90
28 588
0 271
4 588
7 386
0 67
33 560
13 342
453 454
586 588
19 588
2 211
16 694
45 694
8 228
16 327
2 588
1 752
0 53
228 229
6 588
1 41
0 374
26 334
24 588
2 475
4 110
19 229
1 58
6 588
0 142
13 153
0 334
4 116
6 118
4 588
4 386
3 327
137 142
17 228
8 156
2 588
1 588
1 327
7 343
9 153
17 475
1 588
2 99
0 588
6 588
17 574
4 694
1 90
13 694
1 56
26 560
4 342
0 322
0 752
3 588
32 327
3 193
2 454
0 342
65 67
0 327
1 588
1 229
0 342
0 67
123 2673
0 211
1 483
326 327
5 228
4 33
4 962
0 1539
0 125
0 120
76 80
1 816
0 554
3 176
2 406
0 66
3 473
0 977
0 844
1 290
474 502
87 88
2 275
142 147
6 515
0 1205
0 1403
0 1695
6 605
602 605
6 1347
13 1347
56 1516
0 295
1 473
0 59
73 1021
9 788
227 228
1 1110
1 88
0 768
1 476
336 337
336 340
1656 1695
126 127
0 308
0 378
0 241
5 452
0 284
2 1900
0 1900
1 3101
0 3101
0 6
207 218
24 664
0 158
0 423
948 951
950 951
0 623
0 399
9 1577
257 278
0 214
32 2150
7 2150
0 145
0 404
0 1074
9 336
0 362
4 594
0 216
435 439
10 527
1383 1386
0 639
30 762
0 625
1 625
0 725
0 395
0 1036
11 1042
29 393
1530 1539
3 368
1507 1539
9 117
0 632
6 1042
1 518
6 567
15 452
0 1071
343 347
1 303
0 120
269 270
1 2237
2235 2237
2234 2237
9 2237
2 2237
0 233
194 1552
0 409
0 1230
2 1230
851 853
0 400
0 126
445 446
43 857
0 973
0 274
2 274
1 3390
18 3390
3 3390
2 3390
0 584
881 890
615 626
9 216
0 1346
0 247
3 287
8 79
0 196
188 191
423 7353
7350 7353
19 7353
7014 7353
174 7353
11 7353
352 7353
7306 7353
7347 7353
536 7353
7288 7353
3 7353
7343 7353
116 7353
7257 7353
9 7353
12 141
2380 2466
2456 2466
2437 2466
2449 2466
1410 1456
10452 10604
10216 10604
10589 10604
2 10604
17 10604
10599 10604
950 10604
10201 10604
10393 10604
10463 10604
1 10604
42 10604
10374 10604
56 10604
25 10604
10199 10604
40 1655
48 1655
0 407
3 1162
12 1162
2 1162
4 1162
477 479
5 623
0 87
41 564
6 391
0 295
1 590
0 508
47 1695
1 47
783 788
774 788
782 788
779 788
781 788
17 788
49 788
780 788
778 788
228 230
0 739
429 436
10 1695
0 247
621 626
565 567
114 115
1 48
0 344
13 684
80 764
1 582
121 1072
1 1862
0 1862
1 369
16 876
0 625
226 233
921 937
931 937
895 937
0 230
2 421
270 272
7 218
808 812
30 826
0 919
3 887
1 1072
18 2339
950 958
4 958
23 1623
140 141
791 792
35 811
0 2330
1 2330
1 247
24 974
7 120
0 182
3 423
0 1967
0 30
4 384
0 549
1149 1153
0 497
11 188
43 498
156 157
6 157
2338 2339
1 950
56 57
0 135
3 473
0 962
0 448
0 163
4 414
6 1161
0 1161
2 1161
1 117
3 96
0 1403
0 1346
1 139
1074 1110
472 473
44 318
0 318
0 700
0 162
3 1967
1502 1539
0 1539
105 106
1 5662
3 5662
6 5662
5 5662
4 5662
1493 1536
9 1536
616 625
2553 2565
2547 2565
2536 2565
0 2565
2555 2565
4 2565
1746 1747
382 384
0 183
1236 1249
1248 1249
0 87
12 812
744 746
2118 2128
1996 2128
47 2128
472 473
0 67
123 124
170 178
0 764
0 379
2 2396
0 2396
1 2396
15 890
12 890
11 890
0 38
2 2407
1 2407
6 2407
7 2407
727 735
2 581
0 581
2 385
3 385
6 615
0 139
30 641
0 448
0 1064
1063 1064
4 2225
7 89
0 941
0 89
0 1419
19 452
0 80
536 554
1 89
56 1294
11 1294
5 381
1905 1948
1946 1948
1944 1948
1945 1948
0 962
8 448
1 352
136 137
1 594
2 1708
0 1708
286 287
0 25
812 816
625 626
1 90
13 2339
0 1536
226 233
57 69
0 319
1 796
445 446
0 527
4 142
1 369
1 153
589 590
1 385
405 413
1 446
13 2395
3 2395
392 404
295 592
2078 2163
2106 2163
2150 2163
3 55
11 191
25 2423
0 2423
2419 2423
335 344
0 196
451 452
62 1403
1 1205
2 1205
0 1014
0 294
0 448
85 86
0 395
843 844
0 844
1 303
1355 1360
0 812
106 107
0 562
9 479
4 467
1731 1733
1716 1733
1697 1733
79 80
668 739
14 446
241 247
0 389
0 733
3 215
2 295
3 431
0 175
129 130
186 187
2 135
0 284
365 371
326 330
22 1724
0 1724
5 1724
3 549
0 919
1107 1139
0 896
1 896
1 437
0 103
261 264
2 261
0 264
0 648
13 1577
1482 1501
1496 1501
1494 1501
12 617
7 1618
0 285
6 504
114 115
1 48
246 247
17 737
0 223
0 509
295 311
565 594
473 477
0 345
2 733
2 789
1 789
0 605
16 1747
345 347
1508 1511
1507 1511
0 362
146 147
296 307
138 139
137 139
0 382
15 1766
20 788
2 788
5 788
4 788
11 788
0 788
1 788
13 788
3 788
693 694
17 694
5 307
171 174
6 371
1052 1077
536 537
2 178
100 103
6 290
3152 3159
3148 3159
3145 3159
1288 1331
24 50
2 716
1 508
1907 1909
1901 1909
1895 1909
1616 1618
1596 1618
0 384
1 384
0 102
4 94
0 585
437 474
31 535
0 261
294 295
0 169
0 148
8 183
863 876
1 733
3 1787
1778 1787
1786 1787
28 617
0 1553
2 1553
2 504
1 343
0 632
0 127
502 504
1 1083
1 65
1131 1144
175 178
1 172
11 240
427 431
918 919
496 498
0 1618
7 1475
20 368
3 26
1 1965
10 1965
7 1965
6 1965
0 1965
19 1965
124 125
2 175
4 55
371 379
0 229
0 229
2 230
0 1042
342 344
322 323
40 746
20 876
474 479
404 406
0 504
1 171
29 575
31 764
43 1913
10 1913
2 1057
3 269
0 173
0 344
0 772
0 242
0 1695
1676 1695
0 382
9 764
0 175
1 94
1 811
0 394
0 1287
0 176
13 139
0 310
1 360
228 230
1 811
0 381
0 1129
5 1129
2 1129
4 638
1070 1071
9 1410
1409 1410
1408 1410
1 811
0 497
1 37
0 285
17 305
2 256
1 360
232 233
600 623
0 1061
256 260
0 452
556 563
589 592
2 144
326 327
0 617
336 337
361 362
5813 5976
51 5976
5973 5976
5781 5976
66 5976
5975 5976
5860 5976
5874 5976
5928 5976
1074 1075
360 379
44 661
0 162
12 2517
11 431
0 100
1 1386
14 850
2 511
404 405
1098 1102
0 1102
0 370
187 196
1 361
821 841
695 698
0 124
0 290
5 218
437 439
217 229
0 349
0 89
0 360
329 333
327 333
0 526
121 122
0 412
1 196
1 874
0 247
16 896
1 338
3 338
3 142
1778 1779
98 1779
1749 1779
1704 1779
36 1238
12 876
6 1853
8 1853
4 1853
587 592
559 564
0 173
1498 1539
0 158
804 812
578 584
1 328
8 262
0 816
97 99
1 796
13 404
5 146
344 345
5 464
226 228
268 274
459 919
0 502
1060 1110
1 122
2 446
29 518
0 141
10 585
558 561
2804 2808
1355 1357
114 1416
0 204
2 100
50 563
0 564
0 473
46 1110
0 339
163 327
4 308
286 295
0 587
0 777
4 558
148 149
206 209
5 279
949 962
1 3095
4 3095
3 3095
9 1617
1 1617
0 1617
2 1617
317 318
325 327
15 1767
1701 1767
1754 1767
1 1767
239 240
0 1071
0 522
0 1618
2 465
0 465
462 465
