14 384
373 375
1 392
3 576
0 576
17 776
2 776
450 511
2205 2287
2238 2287
664 745
1 745
28 914
0 338
2 448
0 691
681 691
12 183
20 914
1125 1155
1149 1155
48 1155
5 1155
6 1155
1340 1370
17 1623
7387 7389
7381 7389
49 7389
4 7389
96 7389
7376 7389
7152 7389
1 7389
14 7389
7251 7389
7195 7389
2324 2339
2 615
1267 1288
164 176
1261 1265
15 1265
1228 1265
16 150
71 79
1 1983
1957 1983
7 1983
1870 1983
2 269
360 397
7 1208
0 1208
62 1208
1469 1474
236 240
0 448
556 558
1018 1113
0 1113
1 79
303 305
399 400
380 388
21 590
1379 1483
1 152
2 152
793 796
1454 1536
0 805
267 276
327 328
1264 1267
1263 1267
1256 1267
1157 1267
1266 1267
0 522
191 198
955 1013
20 1013
144 152
1275 1303
989 1008
995 1008
8 327
553 562
2 737
1 737
5 264
0 175
0 44
0 89
1857 1913
1811 1913
1490 1539
972 973
853 855
299 301
51 7645
3 7645
7644 7645
347 7645
73 7645
7638 7645
7643 7645
7632 7645
7641 7645
11 7645
2 7645
7600 7645
722 7645
7537 7645
391 7645
7504 7645
95 7645
365 7645
784 7645
7599 7645
8930 9306
52 9306
9102 9306
9299 9306
9296 9306
13 9306
9305 9306
9304 9306
9182 9306
155 9306
4 9306
9303 9306
9171 9306
9051 9306
9302 9306
9251 9306
9260 9306
105 9306
3726 3760
20 3760
3758 3760
3759 3760
3753 3760
3739 3760
3722 3760
3757 3760
683 689
264 295
83 1454
104 1454
3 1454
5 1454
624 626
201 203
402 405
790 794
787 794
841 844
584 657
1105 1110
145 150
0 1071
0 812
0 812
0 422
890 896
394 395
3 2339
0 135
10 324
4 721
4 79
199 204
2 811
1 368
0 380
0 380
1 384
1 152
0 98
66 68
5 446
0 777
2 777
1 884
851 884
1513 1514
846 876
326 348
0 169
650 663
662 663
300 303
237 240
437 441
1461 1474
0 733
2 1077
374 404
0 973
134 138
13 1618
542 567
874 876
157 176
4 2150
2093 2150
874 876
3 311
1544 1597
1489 1597
1573 1597
1548 1597
614 618
0 98
181 184
13 776
7 776
495 497
56 57
6 392
668 670
7 670
5 392
0 511
2 247
0 876
0 344
908 965
1527 1539
493 509
205 215
172 176
202 215
202 215
1375 1386
279 283
3 764
463 465
788 792
10127 10782
40 10782
10549 10782
4 10782
10504 10782
129 10782
10574 10782
120 10782
16 10782
9 10782
10507 10782
10764 10782
10777 10782
10769 10782
10734 10782
10525 10782
20 10782
95 10782
10595 10782
10448 10782
435 10782
10065 10782
63 10782
10772 10782
10507 10782
876 10782
1 224
697 767
2 144
13 540
66 2510
10 2510
14 269
4 269
1258 1269
0 1269
11 919
1 782
0 448
0 931
1 931
1 247
85 89
2031 2038
5 2038
12 2038
423 446
57 737
1893 1898
1894 1898
27 584
1337 1360
3 2257
6 2257
1689 1695
35 2339
1069 1072
15 746
697 746
183 2150
2088 2150
3381 3410
3267 3410
3347 3410
730 746
2067 2150
2117 2150
750 764
729 746
411 456
585 590
7 2449
2448 2449
179 191
4 777
4 266
1009 1027
6 976
29 976
3 3000
2996 3000
4 3000
26 3000
11 3000
2901 3000
3 202
0 456
706 777
18 381
3 295
185 186
440 441
0 94
8 68
256 287
237 240
8 142
238 240
6 655
2 1197
6 2831
4 2831
3 2831
1 2831
0 1331
4207 4210
4206 4210
4151 4210
4205 4210
4155 4210
4193 4210
44 4210
76 4210
4208 4210
4203 4210
4140 4210
2 20
201 209
0 677
1 677
2 1547
82 1547
887 888
886 888
339 344
388 413
11 1012
0 1012
10 1012
263 269
0 467
496 504
1049 1110
16 585
2113 2128
2030 2128
1980 2128
935 960
1430 1483
1503 1536
1509 1536
1106 1110
0 1069
12 1069
1068 1069
1011 1014
778 811
1084 1110
422 423
0 93
170 183
26 384
2 724
2341 2375
2306 2375
2339 2375
174 178
779 788
781 788
784 788
775 788
782 788
783 788
773 788
778 788
776 788
1 203
218 226
2 4949
4819 4949
10 4949
3 4949
4886 4949
41 4949
57 4949
115 120
25 2150
2092 2150
2095 2150
637 653
665 689
4 2955
0 2955
2896 2955
2 2955
2932 2955
2913 2955
2898 2955
6 1695
430 439
432 439
223 225
14 2163
5 2163
434 13875
13551 13875
10 13875
3 13875
4 13875
80 13875
13431 13875
13346 13875
357 13875
12961 13875
13002 13875
13698 13875
13800 13875
13859 13875
9 2339
214 222
148 150
5 1164
3 1164
15 1164
1 2347
0 2347
2 2347
3 2347
629 633
7 384
3070 3126
2905 3126
3086 3126
3030 3126
21 3126
3002 3126
3028 3126
1071 1078
1076 1078
9 1078
0 267
0 1926
500 526
806 812
842 858
3 5657
10 5657
53 5657
1 5657
5597 5657
8 5657
54 5657
5625 5657
1039 1042
422 423
203 218
13 172
57 1307
66 1021
16 384
399 400
237 240
227 247
160 176
0 247
8 124
23 618
1 247
1541 1708
31 1708
35 1708
12 1708
20 762
16 762
2 152
365 371
263 264
439 442
441 442
387 389
18 5642
13 5642
43 5642
100 5642
16 5642
7 5642
5626 5642
412 416
2 223
84 86
500 543
0 1403
0 1403
636 679
1 2517
0 87
663 689
4 336
1 89
25 153
1 1403
1960 1963
1956 1963
62 2002
1793 2002
1997 2002
146 147
146 147
155 163
263 264
0 1539
257 264
8 590
8 181
226 241
25 465
9 764
22 764
746 764
264 295
1646 1652
1634 1652
1958 1967
85 86
0 1110
1 1183
0 1183
5 1183
864 876
386 389
6 1124
19 1124
4 1014
1 961
5 961
3 961
1 526
0 359
7 1130
0 257
1376 1386
9 842
1015 1042
1 257
2330 2403
2212 2403
2320 2403
104 106
373 375
8 617
265 270
269 270
339 340
22 327
0 380
506 518
586 587
582 587
0 384
403 424
263 264
0 699
1264 1317
1316 1317
1277 1317
117 120
1 594
0 538
0 603
21 1130
2 344
237 240
4 1241
121 122
31 855
1891 1898
1896 1898
13 1898
43 1898
8 384
14 17
894 914
5 777
160 163
4685 4713
4605 4713
4701 4713
4319 4713
4698 4713
39 4713
2 44
2125 2150
2119 2150
1 2150
5 2150
383 402
3 266
764 781
751 781
11 781
770 781
660 664
686 689
0 874
786 796
795 796
1391 1464
1338 1464
1392 1464
544 548
380 382
2 233
3 663
254 257
494 506
2 1012
233 257
549 626
0 371
17 782
1 3816
3811 3816
3784 3816
3760 3816
3724 3816
3807 3816
198 3816
338 340
1222 1347
1320 1347
148 149
534 554
38 364
31 364
270 295
40 435
682 695
4 1247
5 1247
1 423
902 914
0 265
602 631
630 631
184 186
503 518
1 171
497 511
31 431
13 2308
1 2308
82 2303
0 2303
8 145
2 145
13 145
0 467
507 518
403 405
315 318
405 423
290 324
387 389
9 8726
8694 8726
8330 8726
20 8726
7984 8726
8651 8726
8180 8726
8509 8726
8720 8726
8722 8726
5 8726
2 8726
19 8726
415 422
101 108
420 456
3 1036
4 1036
376 391
329 344
637 679
13 154
17 397
0 3066
2 3066
3059 3066
1166 1214
1180 1214
1443 1595
1480 1595
760 764
0 457
0 368
0 376
0 209
200 209
1 1191
0 1191
591 592
376 378
133 141
387 389
443 446
257 264
519 526
7 1110
937 12734
73 12734
12733 12734
38 12734
12709 12734
84 12734
380 12734
30 12734
98 12734
32 12734
25 12734
21 12734
124 12734
74 12734
494 12734
80 12734
91 12734
943 12734
202 203
1 89
6 653
19 295
0 841
0 441
381 384
869 876
1174 1264
1239 1264
1258 1264
0 404
3 1483
0 1110
0 590
559 590
256 264
106 107
6 1386
145 148
1 89
20 842
460 461
14 669
667 669
2 737
2 699
2 423
2 737
106 107
106 107
139 148
7 473
7 2629
21 2629
4 2629
2619 2629
9 384
1587 1589
1570 1589
1551 1589
2 113
2669 2696
2689 2696
6 2696
759 774
1 664
939 987
983 987
985 987
46 4344
4280 4344
51 4344
6 4344
10 4344
35 4344
4171 4344
212 222
602 626
1315 1376
1313 1376
1135 1376
1346 1376
554 558
679 680
670 680
233 234
171 177
11 177
380 384
3 441
432 441
3 376
1461 1511
1470 1511
0 522
521 522
0 169
1 737
2 664
468 479
2068 2238
2233 2238
11 2238
0 2238
1062 1074
2 737
756 762
2472 2517
748 788
2299 2300
2271 2300
756 762
15 618
15 183
269 270
3 558
251 252
272 295
4 1913
1864 1913
652 656
2 656
653 656
238 240
4 423
31 764
371 373
430 446
1 357
5 423
1 632
570 590
551 562
1 456
0 9
293 587
553 562
47 1014
689 774
0 404
538 567
3 1407
563 594
9 690
638 690
0 250
126 127
294 295
17 2725
39 2725
41 2725
27 2725
26 2725
3 442
412 442
490 518
501 508
2 269
267 269
1 38
74 6094
39 6094
14 6094
18 6094
124 6094
1330 1370
2728 2737
29 2737
1375 1409
501 526
29 465
330 339
28 960
19 960
372 382
17 295
0 404
3 431
1483 1536
1 615
0 844
0 308
4 504
9 560
1 730
0 730
665 764
1628 1701
238 240
4 283
594 596
5 392
120 2339
3 2339
0 303
3 461
551 563
7 438
100 122
32 980
39 980
808 845
26 665
11 378
331 352
875 889
833 889
12 189
1 431
743 751
19 526
1949 1955
1940 1955
1951 1955
1945 1955
1856 1955
1952 1955
82 9453
335 9453
79 9453
39 9453
190 9453
146 9453
1 9453
62 9453
35 9453
86 9453
64 9453
76 9453
18 9453
40 9453
230 9453
3214 3604
3363 3604
56 3604
3473 3604
35 3604
2959 2982
2947 2982
2980 2982
2950 2982
2876 2982
10 1152
483 499
0 181
1 181
6 249
23 613
394 395
520 575
14 122
1066 1114
1099 1114
4 283
6 283
4 241
3 55
642 655
69 1887
1883 1887
33 1887
7507 7512
7483 7512
7502 7512
7411 7512
7 7512
7427 7512
7506 7512
79 7512
19 7512
7348 7512
7477 7512
7509 7512
7459 7512
7293 7512
7382 7512
317 328
13 623
6 106
73 82
1 305
191 196
142 151
3 439
310 328
2002 2031
97 4370
85 4370
65 4370
79 4370
51 4370
113 4370
55 4370
49 4370
28 340
0 360
0 269
0 413
848 887
1 187
5 187
1 534
43 1539
44 726
253 257
195 202
729 764
724 764
445 473
15 729
8 729
13 729
173 174
4 593
1 326
10 282
58 59
2 2849
100 2849
5 2849
42 2849
1 225
393 435
31 435
1 522
0 146
478 479
10 399
1 587
554 562
778 788
783 788
784 788
781 788
782 788
776 788
772 788
779 788
780 788
19 473
12 473
1491 1528
0 1528
30 1904
46 1904
11 733
214 219
2362 2417
2412 2417
22 594
11 594
15 594
2 620
0 620
2 476
12 476
0 405
1610 1695
3 91
2 91
0 1223
1 1223
3 1223
469 479
318 328
12 1879
1 1879
4793 4834
6 4834
4816 4834
4832 4834
40 4834
9 4834
4 145
714 739
4 336
10 361
166 177
384 413
736 759
190 191
189 191
13 240
3 233
174 177
2 176
0 318
12 807
19 807
2 761
4 446
0 931
1 931
0 1074
7 812
5 287
730 764
1042 1043
2 857
2 922
1 558
14 558
13 279
4 173
123 130
1 617
2 617
38 1707
1702 1707
19 4275
223 4275
4251 4275
4121 4275
4171 4275
0 1149
1041 1149
1089 1149
2951 2971
2957 2971
3 336
2 318
1025 1026
0 92
83 92
296 311
143 161
766 774
125 127
375 379
390 400
421 428
1 381
554 562
1 497
392 393
3 279
319 323
380 395
18 223
0 362
494 509
3 2434
103 716
2 388
228 233
0 484
477 484
479 484
6 1075
15 1075
1001 1075
1051 1075
4 118
3 114
799 844
786 844
0 306
1716 1742
1688 1742
1704 1742
430 441
642 655
58 764
46 509
3700 3737
1 3737
4 3737
2 3737
0 562
170 2181
0 338
0 40
330 379
403 405
416 474
2 98
1121 1143
4 368
5 699
0 343
11 126
0 1644
1643 1644
1 767
6 767
16 767
3 20
278 310
0 354
0 61
15 297
656 727
21 395
59 1618
228 233
1 381
10 473
11 217
1 152
687 768
13 171
1 567
1 301
3 461
776 788
783 788
784 788
778 788
782 788
777 788
774 788
779 788
780 788
397 405
651 653
13 139
6 324
955 973
66 1386
629 633
651 664
1556 1618
377 395
0 295
338 344
227 230
1109 2219
2 385
14 527
0 1926
0 1926
545 548
1 919
692 699
464 472
321 327
0 821
4 821
10 821
0 526
4 567
20 1012
2 1012
0 1012
541 562
38 739
2 266
209 227
0 241
626 635
334 391
0 177
2 407
425 435
53 535
13 527
0 371
357 371
3 240
9 57
276 297
1 262
350 361
1300 1312
78 84
276 287
26 509
581 585
537 592
783 812
8 2339
278 290
0 948
1 948
12 448
961 973
5 360
384 389
1632 1646
5 2101
0 2101
6 2101
22 2101
3 876
425 472
9 265
8 777
7 502
7 137
186 209
2 144
170 183
0 370
7 135
114 120
101 962
688 721
110 114
28 3218
14 1747
1 231
1056 1110
2 153
0 290
1 397
312 325
311 319
367 382
55 5267
32 5267
24 5267
23 5267
144 5267
37 5267
70 5267
143 5267
11 5267
9 5267
19 5267
1 5267
26 5267
72 5267
4 1034
3 1034
26 2191
5 2191
12 247
10 247
60 1416
93 1027
5 319
3 1042
10 384
3 163
0 127
0 484
5 900
2 544
11 265
6 368
4 930
2272 2416
61 2416
2243 2416
58 919
402 407
0 382
0 247
6 233
0 1183
1 1183
23 1183
1 1185
2 382
0 340
0 3763
3 3763
176 177
466 477
138 141
10 242
0 295
3 295
2 395
1 615
0 308
3 1695
31 511
0 227
251 257
20 2339
379 395
0 359
0 761
237 257
175 176
7 336
190 195
359 365
238 240
224 230
3 196
7 338
1076 1116
7 1116
6 1124
0 300
87 1623
75 906
0 57
0 188
12 1057
0 233
667 721
313 318
727 735
0 699
0 446
0 310
0 165
454 465
1005 1130
666 679
5 392
5 348
4 1898
36 1898
3 472
946 950
949 950
938 950
190 191
19 1695
322 324
265 282
5 861
33 1695
25 360
939 960
359 388
0 1701
452 453
451 453
241 247
1 461
294 295
981 1042
507 549
3 319
5 1110
5 2517
5 866
2 866
121 141
4 387
2 48
1664 1791
3 1791
2 511
6 275
1 286
6 423
141 191
0 950
505 509
0 861
4 364
14 364
371 378
3496 3651
5 364
60 364
274 298
667 679
3 654
176 177
599 605
2 392
5 392
12 569
0 43
405 414
267 272
313 327
1867 2050
7 2050
4 2050
586 617
4 927
29 1268
8 1268
16 1268
10 1413
147 157
2 317
767 790
764 790
5 812
1064 1077
574 584
15 562
1335 1360
7 1695
30 405
13 587
126 127
25 1592
2 1592
4 1719
0 1719
3 1719
547 548
4 548
193 195
339 352
2 1043
2628 2703
2676 2703
2629 2703
2643 2703
1122 1165
392 395
2 1323
3 1323
1 1323
14 1323
5 1323
0 118
146 165
596 663
421 451
0 1536
1520 1526
1457 1526
1522 1526
1 116
13 327
1 587
125 139
2 325
1205 1288
0 116
3 240
1 217
46 712
19 1386
2333 2339
9 2517
8 381
7 284
164 183
12 295
0 2517
19 2339
42 465
0 247
1 2517
0 55
1 281
6 247
1340 1360
36 461
3622 3761
534 590
6 594
46 378
1506 1539
8 108
264 4338
87 1552
2 152
23 646
5 306
656 657
652 657
10 1042
417 421
1038 1042
212 222
1023 1034
266 270
5 1104
0 486
498 502
56 57
7 816
35 2365
13 1074
0 187
2231 2236
2224 2236
2189 2236
1 2236
404 405
26 1110
481 497
210 222
118 120
0 151
1 1392
0 230
85 86
75 78
2267 2339
8 9
983 1021
316 318
5 308
28 279
756 762
87 88
3 721
21 1027
497 500
1 89
2 86
155 159
29 733
705 725
1 276
483 497
1124 1130
438 456
0 654
767 777
51 53
4 340
470 475
0 142
659 694
40 41
2 90
587 588
587 588
579 588
212 214
66 67
556 588
1 327
1 342
0 588
190 193
7 161
4 90
572 588
40 41
13 322
3 718
130 142
548 567
23 588
4 113
0 120
573 588
8 567
33 588
587 588
2 483
586 588
190 218
586 588
0 282
0 282
560 588
201 218
324 327
23 24
273 274
0 274
5 214
1 142
0 90
1 90
0 228
556 567
1 229
7 567
337 343
1 228
7 327
0 43
2 386
6 694
8 228
0 475
23 588
445 475
24 946
1 475
494 567
3 457
2 327
0 483
10 343
0 116
3 475
4 228
2 342
1 327
521 560
14 229
98 99
5 588
40 43
7 43
0 168
3 141
23 483
1 16
1 588
0 386
0 334
2 588
1 588
3 588
2 588
1 90
585 588
0 271
576 588
3 386
0 67
38 560
11 342
451 454
585 588
569 588
1 211
660 694
11 694
9 228
19 327
48 588
16 752
50 53
223 229
7 588
38 41
5 374
33 334
10 588
1 475
3 110
228 229
55 58
30 588
0 142
6 153
2 334
113 116
117 118
59 588
3 386
4 327
139 142
218 228
8 156
3 588
2 588
1 327
335 343
8 153
21 475
2 588
98 99
1 588
0 588
517 574
639 694
1 90
10 694
1 56
13 560
1 342
17 322
0 752
11 588
302 327
186 193
1 454
0 342
66 67
0 327
0 588
1 229
0 342
66 67
59 2673
0 211
11 483
323 327
18 228
4 33
12 962
21 1539
0 125
0 120
72 80
1 816
0 554
1 176
398 406
0 66
9 473
0 977
0 844
0 290
475 502
87 88
2 275
144 147
4 515
1 1205
0 1403
8 1695
544 605
602 605
1320 1347
18 1347
1493 1516
0 295
469 473
0 59
951 1021
4 788
226 228
1098 1110
87 88
0 768
3 476
336 337
333 340
1659 1695
126 127
0 308
370 378
0 241
4 452
0 284
1 1900
0 1900
2 3101
0 3101
4 6
207 218
647 664
0 158
397 423
934 951
950 951
0 623
0 399
1541 1577
266 278
2 214
2040 2150
1896 2150
0 145
1 404
0 1074
321 336
0 362
4 594
0 216
420 439
500 527
1372 1386
0 639
750 762
0 625
1 625
0 725
0 395
0 1036
16 1042
21 393
1484 1539
7 368
1492 1539
3 117
1 632
1015 1042
2 518
5 567
436 452
0 1071
331 347
1 303
0 120
268 270
14 2237
2235 2237
2227 2237
2167 2237
0 2237
0 233
72 1552
0 409
0 1230
2 1230
851 853
23 400
0 126
444 446
24 857
0 973
0 274
1 274
2 3390
18 3390
5 3390
4 3390
0 584
44 890
608 626
12 216
0 1346
0 247
3 287
74 79
0 196
183 191
6981 7353
7351 7353
23 7353
7057 7353
7199 7353
1 7353
7125 7353
7310 7353
7349 7353
6814 7353
7323 7353
6572 7353
7331 7353
6610 7353
7187 7353
0 7353
140 141
2418 2466
2423 2466
2446 2466
2419 2466
1383 1456
10268 10604
10489 10604
10594 10604
4 10604
10406 10604
10583 10604
9991 10604
10187 10604
10433 10604
10452 10604
1 10604
10089 10604
10393 10604
9949 10604
9594 10604
10301 10604
1633 1655
1627 1655
0 407
1139 1162
1131 1162
3 1162
1111 1162
470 479
2 623
0 87
540 564
1 391
0 295
2 590
3 508
1687 1695
0 47
772 788
782 788
783 788
773 788
774 788
785 788
780 788
771 788
778 788
226 230
5 739
427 436
1631 1695
0 247
612 626
566 567
114 115
1 48
326 344
11 684
34 764
568 582
975 1072
40 1862
2 1862
3 369
874 876
0 625
209 233
926 937
933 937
865 937
0 230
1 421
270 272
203 218
801 812
802 826
0 919
6 887
1 1072
37 2339
928 958
901 958
10 1623
140 141
789 792
788 811
0 2330
1 2330
3 247
7 974
118 120
0 182
17 423
0 1967
0 30
4 384
0 549
1138 1153
0 497
177 188
473 498
154 157
147 157
2328 2339
1 950
56 57
2 135
4 473
0 962
412 448
0 163
385 414
6 1161
0 1161
2 1161
0 117
1 96
0 1403
0 1346
1 139
1096 1110
470 473
21 318
0 318
0 700
155 162
10 1967
1475 1539
2 1539
102 106
4 5662
2 5662
10 5662
8 5662
11 5662
1473 1536
13 1536
606 625
2545 2565
2533 2565
2549 2565
3 2565
2544 2565
2353 2565
1746 1747
383 384
1 183
1235 1249
1246 1249
0 87
42 812
733 746
2119 2128
2019 2128
2073 2128
471 473
1 67
122 124
159 178
0 764
0 379
2366 2396
0 2396
1 2396
850 890
884 890
17 890
0 38
3 2407
5 2407
2276 2407
4 2407
711 735
573 581
548 581
4 385
5 385
5 615
1 139
636 641
0 448
1008 1064
1063 1064
6 2225
88 89
0 941
3 89
0 1419
0 452
73 80
520 554
0 89
1292 1294
29 1294
6 381
1914 1948
1947 1948
1945 1948
1943 1948
3 962
421 448
1 352
135 137
1 594
1 1708
0 1708
279 287
0 25
814 816
618 626
82 90
8 2339
0 1536
221 233
59 69
290 319
6 796
444 446
475 527
3 142
349 369
12 153
583 590
0 385
405 413
2 446
2103 2395
2221 2395
380 404
295 592
2109 2163
2095 2163
2147 2163
0 55
185 191
2207 2423
2190 2423
2420 2423
336 344
179 196
448 452
1286 1403
0 1205
1 1205
5 1014
274 294
0 448
85 86
0 395
840 844
0 844
0 303
1353 1360
0 812
102 107
0 562
476 479
15 467
1731 1733
1709 1733
1723 1733
72 80
685 739
412 446
231 247
0 389
0 733
202 215
2 295
1 431
157 175
129 130
185 187
2 135
0 284
365 371
310 330
1678 1724
0 1724
20 1724
9 549
893 919
1088 1139
0 896
1 896
4 437
0 103
251 264
0 261
1 264
29 648
1399 1577
1448 1501
1486 1501
1475 1501
572 617
1588 1618
0 285
7 504
114 115
2 48
245 247
719 737
0 223
0 509
305 311
572 594
465 477
1 345
3 733
17 789
7 789
0 605
1711 1747
344 347
1503 1511
1502 1511
0 362
146 147
287 307
138 139
137 139
3 382
22 1766
782 788
780 788
784 788
771 788
783 788
777 788
773 788
778 788
775 788
692 694
678 694
303 307
170 174
352 371
1029 1077
530 537
12 178
102 103
14 290
3129 3159
3088 3159
3096 3159
1313 1331
24 50
1 716
1 508
1905 1909
1891 1909
1900 1909
1573 1618
1577 1618
0 384
0 384
0 102
92 94
0 585
415 474
509 535
0 261
294 295
0 169
142 148
11 183
858 876
2 733
1 1787
1760 1787
1785 1787
536 617
0 1553
1 1553
3 504
1 343
4 632
0 127
501 504
1071 1083
63 65
1060 1144
168 178
5 172
15 240
420 431
915 919
489 498
1 1618
12 1475
355 368
25 26
3 1965
28 1965
4 1965
21 1965
2 1965
37 1965
124 125
172 175
53 55
359 379
0 229
0 229
212 230
0 1042
336 344
321 323
716 746
874 876
470 479
405 406
477 504
159 171
11 575
734 764
1857 1913
1783 1913
14 1057
11 269
0 173
7 344
0 772
0 242
0 1695
1672 1695
379 382
738 764
0 175
92 94
0 811
0 394
0 1287
0 176
136 139
0 310
1 360
224 230
1 811
0 381
0 1129
1113 1129
1041 1129
0 638
1067 1071
14 1410
1407 1410
1409 1410
0 811
3 497
0 37
0 285
303 305
2 256
1 360
231 233
604 623
1 1061
246 260
446 452
555 563
589 592
4 144
314 327
0 617
336 337
361 362
5918 5976
5511 5976
5965 5976
5464 5976
41 5976
5974 5976
5625 5976
5831 5976
5865 5976
1058 1075
360 379
634 661
0 162
49 2517
12 431
4 100
0 1386
829 850
3 511
402 405
1091 1102
0 1102
0 370
185 196
1 361
834 841
696 698
0 124
0 290
217 218
434 439
212 229
0 349
1 89
0 360
327 333
328 333
1 526
121 122
0 412
183 196
0 874
3 247
889 896
1 338
2 338
1 142
1777 1779
1702 1779
1746 1779
1709 1779
1177 1238
873 876
1819 1853
1829 1853
51 1853
98 592
552 564
0 173
1483 1539
140 158
793 812
582 584
3 328
24 262
0 816
95 99
4 796
379 404
135 146
344 345
4 464
224 228
258 274
862 919
500 502
1097 1110
109 122
13 446
490 518
0 141
13 585
560 561
2786 2808
1342 1357
109 1416
3 204
0 100
17 563
0 564
468 473
7 1110
0 339
275 327
1 308
271 295
0 587
0 777
556 558
148 149
184 209
235 279
906 962
4 3095
8 3095
9 3095
6 1617
3 1617
0 1617
7 1617
317 318
325 327
1700 1767
1739 1767
1758 1767
1696 1767
238 240
984 1071
0 522
0 1618
440 465
2 465
435 465
