2 384
18 375
2 392
1 576
0 576
8 776
7 776
1 511
23 2287
38 2287
31 745
7 745
1 914
3 338
1 448
0 691
2 691
0 183
102 914
15 1155
1153 1155
84 1155
1 1155
2 1155
1366 1370
15 1623
7388 7389
117 7389
2 7389
1 7389
8 7389
15 7389
60 7389
4 7389
16 7389
5 7389
262 7389
19 2339
3 615
2 1288
174 176
10 1265
7 1265
13 1265
148 150
0 79
0 1983
1 1983
3 1983
4 1983
2 269
391 397
1 1208
0 1208
2 1208
21 1474
239 240
1 448
3 558
1 1113
0 1113
0 79
303 305
399 400
8 388
3 590
25 1483
2 152
2 152
786 796
51 1536
0 805
0 276
327 328
1265 1267
1266 1267
1257 1267
6 1267
1264 1267
1 522
3 198
2 1013
1 1013
3 152
0 1303
9 1008
0 1008
5 327
6 562
6 737
3 737
2 264
3 175
0 44
0 89
35 1913
7 1913
1525 1539
972 973
850 855
0 301
73 7645
13 7645
7644 7645
15 7645
74 7645
436 7645
7642 7645
7639 7645
7637 7645
34 7645
9 7645
547 7645
28 7645
826 7645
285 7645
543 7645
202 7645
46 7645
328 7645
7590 7645
9265 9306
2 9306
777 9306
9289 9306
9296 9306
15 9306
9305 9306
9303 9306
186 9306
196 9306
9 9306
9302 9306
9261 9306
106 9306
9304 9306
122 9306
123 9306
4 9306
3705 3760
25 3760
3756 3760
3759 3760
3752 3760
161 3760
367 3760
3758 3760
685 689
2 295
18 1454
0 1454
3 1454
15 1454
625 626
5 203
404 405
793 794
1 794
843 844
328 657
1109 1110
2 150
0 1071
0 812
0 812
0 422
1 896
19 395
1 2339
0 135
0 324
0 721
4 79
202 204
3 811
1 368
0 380
0 380
3 384
2 152
0 98
7 68
3 446
0 777
0 777
1 884
12 884
3 1514
14 876
4 348
0 169
3 663
18 663
8 303
6 240
440 441
1472 1474
0 733
4 1077
1 404
0 973
137 138
2 1618
0 567
12 876
169 176
0 2150
42 2150
11 876
2 311
1569 1597
80 1597
1589 1597
1590 1597
0 618
0 98
183 184
5 776
1 776
496 497
6 57
8 392
667 670
4 670
4 392
0 511
2 247
0 876
1 344
4 965
8 1539
2 509
214 215
171 176
4 215
18 215
1385 1386
281 283
17 764
464 465
788 792
315 10782
44 10782
506 10782
3 10782
8 10782
16 10782
522 10782
15 10782
5 10782
12 10782
47 10782
373 10782
10781 10782
375 10782
156 10782
6 10782
4 10782
64 10782
189 10782
648 10782
2 10782
195 10782
7 10782
268 10782
47 10782
11 10782
0 224
9 767
7 144
36 540
3 2510
2 2510
34 269
5 269
2 1269
0 1269
0 919
1 782
1 448
0 931
1 931
2 247
3 89
2 2038
0 2038
1 2038
1 446
16 737
1 1898
10 1898
22 584
1357 1360
3 2257
1 2257
1688 1695
4 2339
1067 1072
0 746
3 746
2 2150
14 2150
2 3410
8 3410
100 3410
5 746
2 2150
34 2150
37 764
5 746
0 456
13 590
2 2449
103 2449
184 191
1 777
5 266
31 1027
1 976
29 976
6 3000
2958 3000
5 3000
86 3000
4 3000
155 3000
9 202
1 456
755 777
11 381
4 295
185 186
439 441
1 94
33 68
5 287
8 240
70 142
239 240
7 655
9 1197
7 2831
5 2831
3 2831
2 2831
0 1331
4209 4210
295 4210
44 4210
4153 4210
4 4210
263 4210
5 4210
22 4210
4208 4210
151 4210
110 4210
4 20
1 209
0 677
1 677
1 1547
0 1547
886 888
78 888
343 344
13 413
4 1012
0 1012
1 1012
11 269
0 467
501 504
25 1110
1 585
47 2128
2102 2128
2097 2128
8 960
15 1483
1533 1536
1535 1536
1107 1110
9 1069
13 1069
37 1069
1011 1014
788 811
8 1110
3 423
0 93
5 183
1 384
1 724
2 2375
29 2375
22 2375
177 178
9 788
2 788
5 788
4 788
18 788
0 788
1 788
8 788
3 788
0 203
2 226
4 4949
56 4949
5 4949
12 4949
34 4949
22 4949
18 4949
1 120
28 2150
19 2150
36 2150
23 653
686 689
5 2955
0 2955
15 2955
2 2955
55 2955
152 2955
3 2955
3 1695
429 439
431 439
11 225
4 2163
1 2163
65 13875
4 13875
3 13875
7 13875
9 13875
30 13875
11 13875
24 13875
29 13875
102 13875
1726 13875
41 13875
155 13875
12 13875
4 2339
4 222
148 150
6 1164
2 1164
3 1164
1 2347
3 2347
2 2347
4 2347
624 633
0 384
3094 3126
28 3126
6 3126
26 3126
2 3126
3055 3126
230 3126
2 1078
0 1078
4 1078
0 267
0 1926
25 526
811 812
30 858
3 5657
6 5657
4 5657
5 5657
0 5657
1 5657
21 5657
5618 5657
11 1042
8 423
0 218
20 172
25 1307
121 1021
2 384
399 400
17 240
8 247
1 176
0 247
4 124
5 618
1 247
0 1708
5 1708
3 1708
1 1708
4 762
2 762
2 152
366 371
2 264
76 442
441 442
1 389
56 5642
10 5642
21 5642
211 5642
33 5642
25 5642
98 5642
2 416
5 223
1 86
7 543
3 1403
2 1403
666 679
1 2517
0 87
37 689
5 336
0 89
2 153
21 1403
1962 1963
1948 1963
2 2002
3 2002
2000 2002
146 147
146 147
157 163
263 264
1 1539
6 264
7 590
0 181
237 241
2 465
46 764
49 764
763 764
7 295
1648 1652
1647 1652
1966 1967
5 86
0 1110
3 1183
1 1183
0 1183
0 876
0 389
0 1124
1 1124
5 1014
0 961
1 961
5 961
0 526
0 359
12 1130
0 257
1372 1386
20 842
17 1042
0 257
52 2403
23 2403
4 2403
104 106
374 375
6 617
26 270
269 270
339 340
3 327
1 380
2 518
586 587
35 587
0 384
414 424
10 264
1 699
142 1317
1301 1317
3 1317
3 120
7 594
0 538
0 603
20 1130
2 344
11 240
1 1241
120 122
3 855
0 1898
6 1898
0 1898
1 1898
4 384
0 17
12 914
0 777
4 163
21 4713
7 4713
313 4713
374 4713
163 4713
0 4713
2 44
1 2150
16 2150
0 2150
2 2150
2 402
261 266
1 781
15 781
0 781
11 781
663 664
684 689
1 874
1 796
20 796
59 1464
22 1464
16 1464
29 548
7 382
4 233
2 663
13 257
3 506
6 1012
5 257
1 626
6 371
38 782
0 3816
3811 3816
41 3816
20 3816
83 3816
118 3816
37 3816
339 340
9 1347
2 1347
1 149
20 554
1 364
5 364
291 295
46 435
3 695
3 1247
2 1247
2 423
6 914
0 265
0 631
52 631
4 186
500 518
7 171
29 511
29 431
4 2308
0 2308
15 2303
0 2303
2 145
3 145
7 145
1 467
517 518
404 405
21 318
5 423
10 324
388 389
4 8726
8721 8726
88 8726
13 8726
385 8726
8724 8726
42 8726
8637 8726
8722 8726
8720 8726
0 8726
8 8726
1 8726
420 422
3 108
2 456
0 1036
1 1036
43 391
0 344
677 679
2 154
198 397
3 3066
2 3066
3059 3066
9 1214
83 1214
6 1595
54 1595
763 764
0 457
0 368
0 376
3 209
207 209
2 1191
1 1191
0 592
377 378
130 141
1 389
0 446
255 264
1 526
1 1110
6366 12734
36 12734
35 12734
99 12734
202 12734
182 12734
6366 12734
37 12734
5 12734
193 12734
85 12734
85 12734
102 12734
90 12734
105 12734
254 12734
136 12734
233 12734
202 203
0 89
6 653
13 295
0 841
0 441
7 384
2 876
29 1264
99 1264
35 1264
0 404
0 1483
0 1110
5 590
3 590
2 264
0 107
6 1386
147 148
1 89
827 842
460 461
0 669
2 669
5 737
2 699
3 423
2 737
0 107
0 107
146 148
4 473
2 2629
8 2629
4 2629
3 2629
3 384
3 1589
17 1589
2 1589
3 113
2633 2696
2695 2696
1 2696
767 774
26 664
953 987
985 987
986 987
19 4344
4311 4344
1 4344
2 4344
0 4344
9 4344
330 4344
4 222
26 626
1329 1376
0 1376
5 1376
1349 1376
0 558
679 680
16 680
2 234
3 177
7 177
18 384
6 441
33 441
1 376
5 1511
40 1511
6 522
0 522
0 169
0 737
26 664
18 479
2 2238
6 2238
3 2238
1 2238
54 1074
11 737
1 762
5 2517
22 788
2297 2300
21 2300
760 762
3 618
0 183
269 270
7 558
0 252
40 295
4 1913
1855 1913
653 656
2 656
9 656
239 240
0 423
58 764
372 373
2 446
2 357
2 423
0 632
1 590
7 562
9 456
0 9
293 587
37 562
7 1014
8 774
0 404
566 567
1 1407
4 594
3 690
5 690
21 250
126 127
294 295
7 2725
6 2725
9 2725
1 2725
5 2725
29 442
1 442
12 518
1 508
0 269
2 269
0 38
5 6094
6 6094
2 6094
1 6094
3 6094
1368 1370
17 2737
5 2737
7 1409
19 526
2 465
1 339
2 960
1 960
17 382
2 295
0 404
0 431
2 1536
3 615
0 844
0 308
6 504
5 560
0 730
1 730
0 764
0 1701
8 240
9 283
595 596
8 392
15 2339
0 2339
0 303
0 461
6 563
11 438
1 122
5 980
0 980
835 845
5 665
6 378
351 352
877 889
4 889
0 189
0 431
750 751
1 526
1953 1955
1942 1955
1949 1955
1954 1955
139 1955
1952 1955
22 9453
26 9453
23 9453
4 9453
16 9453
48 9453
2 9453
18 9453
7 9453
30 9453
20 9453
28 9453
27 9453
19 9453
24 9453
2 3604
17 3604
19 3604
1801 3604
9 3604
2973 2982
2926 2982
2978 2982
2966 2982
2 2982
4 1152
497 499
0 181
1 181
13 249
3 613
8 395
568 575
1 122
1080 1114
1094 1114
141 283
141 283
0 241
27 55
651 655
0 1887
1 1887
3 1887
7508 7512
7466 7512
7504 7512
515 7512
3 7512
7490 7512
7510 7512
83 7512
10 7512
563 7512
7481 7512
7506 7512
7444 7512
19 7512
7484 7512
319 328
8 623
1 106
6 82
0 305
195 196
150 151
12 439
4 328
16 2031
4 4370
9 4370
7 4370
2 4370
0 4370
8 4370
6 4370
1 4370
338 340
0 360
0 269
0 413
885 887
0 187
2 187
2 534
0 1539
20 726
9 257
200 202
1 764
0 764
0 473
5 729
7 729
6 729
6 174
9 593
1 326
3 282
1 59
1 2849
32 2849
3 2849
17 2849
0 225
10 435
429 435
0 522
11 146
8 479
6 399
0 587
10 562
44 788
7 788
780 788
782 788
784 788
0 788
1 788
784 788
779 788
27 473
16 473
25 1528
0 1528
40 1904
19 1904
6 733
218 219
97 2417
25 2417
24 594
20 594
19 594
1 620
0 620
1 476
4 476
0 405
45 1695
0 91
3 91
1 1223
0 1223
3 1223
475 479
24 328
3 1879
0 1879
49 4834
1 4834
4819 4834
4832 4834
8 4834
13 4834
3 145
58 739
8 336
6 361
7 177
409 413
18 759
190 191
189 191
6 240
2 233
2 177
0 176
2 318
2 807
6 807
0 761
0 446
0 931
1 931
0 1074
32 812
10 287
10 764
7 1043
0 857
1 922
1 558
7 558
16 279
86 173
128 130
5 617
8 617
5 1707
4 1707
100 4275
88 4275
4 4275
4258 4275
4260 4275
1 1149
54 1149
1135 1149
7 2971
17 2971
2 336
3 318
1025 1026
0 92
2 92
0 311
158 161
771 774
4 127
8 379
24 400
427 428
2 381
559 562
1 497
392 393
0 279
322 323
2 395
6 223
0 362
14 509
0 2434
7 716
20 388
28 233
0 484
480 484
481 484
12 1075
16 1075
1063 1075
1073 1075
7 118
0 114
11 844
32 844
0 306
3 1742
0 1742
1 1742
20 441
653 655
41 764
35 509
1868 3737
0 3737
2 3737
1 3737
14 562
1090 2181
0 338
0 40
1 379
24 405
1 474
0 98
1140 1143
17 368
6 699
0 343
11 126
0 1644
13 1644
0 767
1 767
80 767
9 20
18 310
2 354
0 61
2 297
46 727
4 395
1613 1618
232 233
8 381
23 473
16 217
2 152
733 768
5 171
1 567
1 301
0 461
786 788
16 788
782 788
783 788
787 788
0 788
1 788
785 788
780 788
4 405
652 653
4 139
0 324
4 973
25 1386
632 633
20 664
101 1618
11 395
0 295
6 344
229 230
1109 2219
0 385
16 527
1 1926
5 1926
3 548
0 919
694 699
8 472
6 327
0 821
2 821
1 821
0 526
3 567
7 1012
3 1012
1 1012
5 562
39 739
1 266
223 227
0 241
23 635
8 391
2 177
1 407
21 435
51 535
14 527
1 371
19 371
1 240
6 57
35 297
0 262
0 361
153 1312
83 84
24 287
4 509
583 585
591 592
14 812
42 2339
287 290
0 948
1 948
1 448
22 973
5 360
1 389
42 1646
5 2101
0 2101
1 2101
3 2101
4 876
11 472
2 265
12 777
7 502
2 137
205 209
2 144
3 183
0 370
17 135
1 120
36 962
13 721
113 114
1 3218
1 1747
0 231
3 1110
0 153
0 290
3 397
4 325
20 319
19 382
13 5267
11 5267
9 5267
12 5267
37 5267
10 5267
34 5267
41 5267
3 5267
6 5267
8 5267
0 5267
14 5267
30 5267
4 1034
0 1034
2 2191
0 2191
10 247
6 247
28 1416
72 1027
1 319
0 1042
0 384
0 163
0 127
0 484
1 900
0 544
14 265
6 368
4 930
7 2416
3 2416
11 2416
39 919
406 407
0 382
0 247
0 233
2 1183
1 1183
0 1183
1 1185
0 382
0 340
0 3763
1 3763
176 177
467 477
140 141
21 242
0 295
1 295
6 395
14 615
6 308
1 1695
38 511
0 227
8 257
1 2339
6 395
0 359
0 761
8 257
0 176
3 336
192 195
364 365
239 240
228 230
12 196
11 338
21 1116
0 1116
2 1124
0 300
4 1623
894 906
0 57
0 188
0 1057
0 233
713 721
316 318
0 735
4 699
1 446
0 310
0 165
464 465
5 1130
91 679
0 392
9 348
0 1898
2 1898
5 472
945 950
949 950
938 950
0 191
3 1695
322 324
2 282
1 861
3 1695
12 360
28 960
386 388
1 1701
452 453
451 453
246 247
0 461
294 295
8 1042
23 549
11 319
10 1110
9 2517
0 866
1 866
4 141
0 387
3 48
1774 1791
0 1791
0 511
4 275
7 286
0 423
0 191
23 950
15 509
0 861
15 364
9 364
374 378
25 3651
1 364
6 364
1 298
669 679
5 654
176 177
6 605
7 392
6 392
5 569
0 43
413 414
265 272
6 327
8 2050
1 2050
0 2050
0 617
5 927
4 1268
1 1268
2 1268
27 1413
5 157
308 317
783 790
54 790
2 812
76 1077
581 584
25 562
1355 1360
2 1695
15 405
5 587
126 127
2 1592
0 1592
1 1719
0 1719
2 1719
547 548
2 548
194 195
341 352
0 1043
1 2703
7 2703
3 2703
0 2703
12 1165
12 395
0 1323
2 1323
1 1323
8 1323
3 1323
0 118
163 165
0 663
8 451
1 1536
1520 1526
13 1526
1519 1526
0 116
8 327
0 587
4 139
3 325
3 1288
2 116
11 240
0 217
355 712
9 1386
2333 2339
1 2517
3 381
22 284
178 183
4 295
2 2517
13 2339
2 465
0 247
0 2517
0 55
0 281
0 247
1359 1360
4 461
66 3761
7 590
1 594
25 378
1538 1539
9 108
140 4338
171 1552
2 152
8 646
2 306
645 657
656 657
12 1042
210 421
10 1042
5 222
1033 1034
268 270
0 1104
0 486
501 502
2 57
15 816
14 2365
11 1074
0 187
2235 2236
2230 2236
2215 2236
0 2236
403 405
7 1110
4 497
221 222
2 120
0 151
0 1392
0 230
1 86
77 78
2323 2339
0 9
10 1021
317 318
2 308
22 279
746 762
6 88
2 721
4 1027
26 500
0 89
3 86
157 159
6 733
5 725
2 276
4 497
23 1130
452 456
0 654
776 777
52 53
0 340
69 475
2 142
5 694
40 41
0 90
583 588
1 588
3 588
3 214
2 67
0 588
1 327
0 342
0 588
3 193
2 161
6 90
2 588
40 41
1 322
3 718
2 142
10 567
40 588
3 113
0 120
5 588
7 567
29 588
587 588
0 483
587 588
6 218
586 588
1 282
1 282
28 588
10 218
7 327
0 24
4 274
0 274
2 214
1 142
3 90
44 90
1 228
6 567
0 229
14 567
10 343
2 228
1 327
0 43
4 386
6 694
13 228
1 475
1 588
24 475
23 946
0 475
0 567
1 457
2 327
0 483
3 343
5 116
0 475
7 228
0 342
15 327
559 560
11 229
98 99
6 588
7 43
7 43
0 168
7 141
1 483
0 16
1 588
2 386
0 334
2 588
4 588
5 588
2 588
0 90
5 588
0 271
4 588
12 386
0 67
40 560
13 342
453 454
586 588
5 588
2 211
35 694
39 694
3 228
9 327
8 588
2 752
2 53
228 229
6 588
3 41
0 374
17 334
27 588
5 475
5 110
1 229
0 58
2 588
1 142
8 153
0 334
5 116
2 118
7 588
3 386
3 327
2 142
21 228
9 156
2 588
1 588
1 327
9 343
6 153
19 475
1 588
0 99
0 588
4 588
38 574
2 694
1 90
17 694
1 56
22 560
12 342
2 322
0 752
3 588
27 327
4 193
4 454
0 342
65 67
0 327
4 588
1 229
0 342
0 67
94 2673
0 211
1 483
326 327
3 228
4 33
4 962
0 1539
0 125
0 120
5 80
0 816
0 554
1 176
3 406
0 66
2 473
0 977
0 844
1 290
18 502
87 88
3 275
5 147
4 515
0 1205
0 1403
0 1695
13 605
589 605
7 1347
3 1347
35 1516
0 295
0 473
0 59
6 1021
10 788
113 228
2 1110
0 88
0 768
1 476
336 337
339 340
1643 1695
12 127
0 308
0 378
0 241
0 452
0 284
2 1900
0 1900
1 3101
0 3101
0 6
4 218
25 664
0 158
0 423
949 951
950 951
0 623
0 399
7 1577
8 278
1 214
9 2150
1 2150
0 145
0 404
0 1074
4 336
0 362
4 594
0 216
435 439
3 527
1385 1386
0 639
20 762
0 625
1 625
0 725
0 395
0 1036
13 1042
6 393
1535 1539
1 368
17 1539
12 117
0 632
8 1042
1 518
3 567
3 452
0 1071
345 347
1 303
0 120
269 270
0 2237
2234 2237
2232 2237
22 2237
2 2237
0 233
187 1552
0 409
0 1230
2 1230
846 853
0 400
0 126
2 446
15 857
0 973
2 274
0 274
1 3390
21 3390
4 3390
2 3390
0 584
886 890
9 626
12 216
0 1346
0 247
10 287
3 79
0 196
22 191
36 7353
7347 7353
29 7353
371 7353
66 7353
13 7353
46 7353
179 7353
7350 7353
697 7353
7323 7353
9 7353
7322 7353
149 7353
7307 7353
15 7353
11 141
15 2466
2460 2466
2420 2466
209 2466
1411 1456
10360 10604
84 10604
10599 10604
3 10604
9 10604
10603 10604
16 10604
217 10604
236 10604
10433 10604
0 10604
5 10604
10314 10604
41 10604
24 10604
150 10604
12 1655
8 1655
0 407
2 1162
8 1162
0 1162
3 1162
478 479
6 623
0 87
22 564
5 391
0 295
0 590
0 508
50 1695
0 47
785 788
780 788
787 788
784 788
783 788
6 788
8 788
781 788
786 788
229 230
0 739
6 436
17 1695
0 247
622 626
565 567
114 115
2 48
0 344
8 684
94 764
0 582
1055 1072
1 1862
0 1862
1 369
10 876
1 625
5 233
28 937
930 937
915 937
0 230
1 421
270 272
4 218
791 812
56 826
0 919
1 887
1 1072
39 2339
941 958
1 958
14 1623
6 141
42 792
15 811
1 2330
0 2330
1 247
9 974
3 120
0 182
2 423
0 1967
0 30
3 384
0 549
1152 1153
0 497
186 188
7 498
12 157
1 157
2338 2339
2 950
56 57
0 135
2 473
0 962
0 448
0 163
2 414
4 1161
2 1161
0 1161
1 117
0 96
0 1403
0 1346
1 139
1080 1110
472 473
32 318
0 318
1 700
0 162
2 1967
1507 1539
0 1539
0 106
0 5662
1 5662
4 5662
3 5662
2 5662
1519 1536
50 1536
16 625
56 2565
20 2565
2548 2565
3 2565
16 2565
4 2565
1746 1747
382 384
3 183
2 1249
1246 1249
0 87
6 812
744 746
2083 2128
45 2128
33 2128
472 473
0 67
123 124
175 178
0 764
0 379
1 2396
0 2396
2 2396
11 890
4 890
5 890
0 38
1 2407
2 2407
7 2407
8 2407
720 735
2 581
0 581
1 385
3 385
6 615
0 139
4 641
1 448
0 1064
1063 1064
5 2225
4 89
0 941
0 89
0 1419
0 452
0 80
545 554
1 89
6 1294
19 1294
8 381
1896 1948
1947 1948
1944 1948
1945 1948
1 962
9 448
1 352
136 137
2 594
1 1708
0 1708
286 287
0 25
810 816
624 626
1 90
13 2339
0 1536
2 233
68 69
0 319
2 796
445 446
0 527
4 142
1 369
1 153
583 590
0 385
405 413
1 446
0 2395
4 2395
395 404
295 592
18 2163
130 2163
2142 2163
1 55
11 191
11 2423
0 2423
2416 2423
11 344
0 196
451 452
1388 1403
1 1205
2 1205
1 1014
0 294
0 448
84 86
0 395
832 844
0 844
1 303
1358 1360
0 812
106 107
0 562
2 479
3 467
78 1733
8 1733
11 1733
79 80
696 739
6 446
123 247
0 389
0 733
0 215
4 295
2 431
0 175
129 130
186 187
2 135
0 284
366 371
19 330
2 1724
0 1724
1 1724
2 549
0 919
25 1139
0 896
1 896
0 437
1 103
18 264
2 261
0 264
0 648
10 1577
1493 1501
1498 1501
1497 1501
584 617
13 1618
0 285
6 504
114 115
2 48
246 247
12 737
0 223
0 509
1 311
2 594
475 477
0 345
1 733
2 789
1 789
0 605
4 1747
0 347
1509 1511
1508 1511
0 362
146 147
22 307
138 139
137 139
0 382
23 1766
10 788
2 788
5 788
4 788
12 788
0 788
1 788
9 788
3 788
693 694
2 694
7 307
171 174
3 371
14 1077
23 537
1 178
0 103
5 290
3150 3159
3138 3159
3135 3159
82 1331
24 50
1 716
1 508
1908 1909
1902 1909
1889 1909
1617 1618
1610 1618
0 384
1 384
0 102
3 94
0 585
25 474
40 535
0 261
294 295
0 169
0 148
6 183
870 876
1 733
3 1787
179 1787
1786 1787
4 617
1 1553
2 1553
4 504
1 343
0 632
0 127
503 504
2 1083
1 65
77 1144
177 178
5 172
6 240
430 431
70 919
497 498
0 1618
9 1475
24 368
3 26
2 1965
4 1965
5 1965
3 1965
0 1965
12 1965
16 125
0 175
4 55
376 379
0 229
0 229
0 230
0 1042
343 344
322 323
3 746
13 876
474 479
395 406
1 504
1 171
24 575
6 764
15 1913
3 1913
0 1057
3 269
0 173
1 344
0 772
0 242
1 1695
78 1695
0 382
9 764
0 175
1 94
1 811
0 394
0 1287
0 176
14 139
0 310
1 360
229 230
1 811
0 381
0 1129
2 1129
1 1129
2 638
1068 1071
14 1410
1408 1410
1409 1410
1 811
0 497
2 37
0 285
8 305
2 256
0 360
232 233
612 623
1 1061
249 260
0 452
4 563
588 592
6 144
326 327
0 617
3 337
361 362
258 5976
19 5976
5973 5976
175 5976
49 5976
5975 5976
532 5976
5844 5976
5937 5976
1074 1075
360 379
23 661
0 162
14 2517
7 431
0 100
1 1386
13 850
1 511
404 405
1099 1102
0 1102
0 370
189 196
1 361
1 841
697 698
0 124
0 290
6 218
437 439
218 229
0 349
0 89
0 360
324 333
324 333
0 526
121 122
0 412
0 196
2 874
0 247
13 896
1 338
2 338
0 142
1778 1779
133 1779
122 1779
83 1779
7 1238
12 876
1 1853
4 1853
2 1853
23 592
560 564
0 173
1529 1539
0 158
20 812
3 584
0 328
3 262
0 816
96 99
2 796
6 404
6 146
344 345
6 464
225 228
270 274
459 919
0 502
1 1110
3 122
0 446
55 518
0 141
11 585
559 561
2805 2808
1355 1357
107 1416
1 204
5 100
281 563
0 564
0 473
53 1110
0 339
163 327
4 308
292 295
0 587
0 777
3 558
148 149
206 209
6 279
2 962
1 3095
4 3095
3 3095
8 1617
1 1617
2 1617
0 1617
317 318
325 327
3 1767
25 1767
30 1767
2 1767
239 240
0 1071
0 522
0 1618
1 465
0 465
5 465
