3 384
371 375
1 392
1 576
0 576
3 776
1 776
0 511
113 2287
60 2287
15 745
5 745
3 914
0 338
0 448
0 691
2 691
0 183
72 914
23 1155
1143 1155
86 1155
6 1155
4 1155
1366 1370
23 1623
7388 7389
7349 7389
2 7389
0 7389
30 7389
125 7389
73 7389
1 7389
12 7389
10 7389
424 7389
43 2339
3 615
7 1288
172 176
1261 1265
7 1265
59 1265
147 150
0 79
0 1983
1 1983
4 1983
7 1983
3 269
393 397
1 1208
0 1208
9 1208
1471 1474
239 240
0 448
4 558
2 1113
0 1113
2 79
303 305
399 400
6 388
1 590
136 1483
3 152
3 152
795 796
19 1536
0 805
1 276
313 328
1266 1267
1263 1267
1258 1267
26 1267
1265 1267
0 522
190 198
2 1013
1 1013
2 152
0 1303
41 1008
20 1008
3 327
7 562
3 737
1 737
2 264
1 175
0 44
0 89
67 1913
9 1913
1527 1539
972 973
850 855
0 301
20 7645
8 7645
7644 7645
74 7645
65 7645
7590 7645
7643 7645
7640 7645
7641 7645
6 7645
0 7645
7559 7645
17 7645
7602 7645
319 7645
7605 7645
160 7645
124 7645
282 7645
7633 7645
9202 9306
0 9306
9161 9306
9295 9306
9298 9306
12 9306
9305 9306
9303 9306
9127 9306
216 9306
9 9306
9302 9306
9245 9306
116 9306
9304 9306
726 9306
84 9306
13 9306
3740 3760
12 3760
3757 3760
3759 3760
3753 3760
3738 3760
3730 3760
3758 3760
685 689
276 295
35 1454
0 1454
1 1454
10 1454
625 626
202 203
404 405
793 794
1 794
843 844
55 657
1107 1110
2 150
0 1071
0 812
0 812
0 422
87 896
394 395
1 2339
0 135
3 324
3 721
2 79
202 204
3 811
1 368
0 380
0 380
1 384
0 152
0 98
5 68
4 446
0 777
3 777
3 884
11 884
10 1514
862 876
3 348
0 169
7 663
662 663
3 303
10 240
439 441
1472 1474
0 733
3 1077
1 404
0 973
137 138
2 1618
5 567
17 876
163 176
3 2150
2111 2150
12 876
4 311
1577 1597
1477 1597
1589 1597
1563 1597
1 618
0 98
182 184
6 776
0 776
496 497
5 57
4 392
669 670
23 670
4 392
0 511
1 247
0 876
1 344
2 965
1531 1539
6 509
211 215
174 176
4 215
206 215
1385 1386
275 283
24 764
464 465
788 792
401 10782
10 10782
10640 10782
3 10782
32 10782
111 10782
265 10782
6 10782
2 10782
5 10782
173 10782
10774 10782
10778 10782
10717 10782
669 10782
28 10782
29 10782
27 10782
495 10782
1192 10782
1 10782
317 10782
7 10782
10720 10782
173 10782
35 10782
0 224
8 767
2 144
32 540
1 2510
5 2510
36 269
5 269
5 1269
0 1269
1 919
2 782
0 448
0 931
1 931
1 247
3 89
8 2038
0 2038
3 2038
0 446
5 737
1 1898
36 1898
27 584
1346 1360
0 2257
5 2257
1680 1695
21 2339
1064 1072
0 746
8 746
2 2150
53 2150
14 3410
32 3410
3403 3410
6 746
8 2150
298 2150
760 764
7 746
3 456
60 590
2 2449
2448 2449
184 191
2 777
4 266
27 1027
2 976
38 976
3 3000
2982 3000
7 3000
35 3000
6 3000
2949 3000
5 202
1 456
751 777
5 381
10 295
185 186
440 441
1 94
8 68
6 287
239 240
19 142
239 240
4 655
10 1197
7 2831
5 2831
2 2831
3 2831
0 1331
4207 4210
4202 4210
4184 4210
4205 4210
27 4210
4193 4210
340 4210
31 4210
4209 4210
4175 4210
67 4210
4 20
0 209
0 677
1 677
0 1547
3 1547
887 888
865 888
342 344
400 413
3 1012
0 1012
13 1012
1 269
0 467
495 504
8 1110
3 585
2079 2128
2078 2128
43 2128
7 960
1424 1483
1528 1536
1531 1536
1106 1110
9 1069
2 1069
63 1069
1012 1014
764 811
8 1110
20 423
0 93
9 183
2 384
1 724
2294 2375
2339 2375
2366 2375
177 178
769 788
3 788
762 788
8 788
778 788
0 788
1 788
772 788
6 788
0 203
216 226
18 4949
407 4949
5 4949
10 4949
66 4949
29 4949
27 4949
119 120
24 2150
224 2150
2052 2150
651 653
686 689
9 2955
1 2955
8 2955
4 2955
2896 2955
196 2955
2 2955
1 1695
434 439
434 439
223 225
9 2163
4 2163
45 13875
4 13875
5 13875
7 13875
19 13875
35 13875
14 13875
122 13875
38 13875
60 13875
1881 13875
402 13875
13734 13875
13677 13875
4 2339
217 222
147 150
6 1164
3 1164
2 1164
0 2347
2 2347
3 2347
4 2347
631 633
0 384
3112 3126
148 3126
351 3126
3032 3126
11 3126
3084 3126
3079 3126
3 1078
2 1078
4 1078
0 267
0 1926
521 526
810 812
845 858
2 5657
8 5657
0 5657
5 5657
4 5657
3 5657
19 5657
5650 5657
19 1042
422 423
0 218
18 172
37 1307
108 1021
3 384
399 400
239 240
6 247
168 176
0 247
5 124
4 618
1 247
5 1708
12 1708
19 1708
7 1708
7 762
0 762
1 152
365 371
2 264
440 442
441 442
1 389
35 5642
8 5642
67 5642
144 5642
18 5642
13 5642
258 5642
411 416
10 223
1 86
18 543
1 1403
0 1403
673 679
1 2517
0 87
676 689
6 336
0 89
5 153
18 1403
1962 1963
1951 1963
6 2002
4 2002
2000 2002
146 147
146 147
152 163
263 264
1 1539
6 264
3 590
0 181
230 241
3 465
44 764
65 764
759 764
8 295
1648 1652
1647 1652
1966 1967
1 86
0 1110
2 1183
1 1183
0 1183
3 876
0 389
0 1124
1 1124
3 1014
0 961
2 961
6 961
0 526
0 359
17 1130
0 257
1383 1386
16 842
1037 1042
0 257
2385 2403
15 2403
2356 2403
104 106
374 375
19 617
37 270
269 270
339 340
6 327
0 380
6 518
586 587
582 587
0 384
415 424
23 264
3 699
1289 1317
1316 1317
0 1317
0 120
6 594
0 538
0 603
21 1130
2 344
237 240
3 1241
121 122
1 855
1 1898
12 1898
0 1898
1 1898
0 384
1 17
911 914
1 777
159 163
92 4713
162 4713
4704 4713
332 4713
4699 4713
0 4713
0 44
41 2150
341 2150
0 2150
1 2150
1 402
19 266
3 781
43 781
0 781
6 781
662 664
685 689
0 874
9 796
794 796
58 1464
148 1464
18 1464
547 548
380 382
6 233
2 663
37 257
487 506
6 1012
0 257
5 626
0 371
32 782
0 3816
3815 3816
116 3816
77 3816
87 3816
3804 3816
48 3816
339 340
27 1347
8 1347
1 149
543 554
6 364
31 364
290 295
52 435
0 695
3 1247
4 1247
2 423
19 914
0 265
1 631
630 631
5 186
501 518
160 171
506 511
31 431
5 2308
0 2308
30 2303
0 2303
3 145
2 145
7 145
1 467
516 518
403 405
312 318
2 423
8 324
387 389
11 8726
8719 8726
130 8726
7 8726
524 8726
8716 8726
229 8726
8613 8726
8723 8726
8722 8726
2 8726
4 8726
0 8726
418 422
21 108
18 456
0 1036
1 1036
387 391
0 344
671 679
3 154
30 397
2 3066
1 3066
3054 3066
16 1214
1173 1214
3 1595
57 1595
763 764
0 457
0 368
0 376
2 209
205 209
2 1191
0 1191
0 592
376 378
135 141
2 389
6 446
260 264
3 526
1 1110
1277 12734
39 12734
33 12734
102 12734
806 12734
491 12734
1073 12734
27 12734
5 12734
338 12734
92 12734
92 12734
135 12734
121 12734
78 12734
183 12734
160 12734
198 12734
202 203
0 89
3 653
17 295
0 841
0 441
3 384
875 876
23 1264
1236 1264
1228 1264
0 404
0 1483
0 1110
5 590
4 590
2 264
0 107
5 1386
147 148
0 89
815 842
460 461
0 669
7 669
5 737
1 699
3 423
3 737
0 107
106 107
32 148
1 473
2 2629
20 2629
3 2629
5 2629
4 384
1585 1589
1580 1589
1535 1589
4 113
2687 2696
2695 2696
0 2696
767 774
7 664
947 987
983 987
986 987
16 4344
4288 4344
8 4344
6 4344
0 4344
5 4344
535 4344
7 222
610 626
1347 1376
0 1376
3 1376
1315 1376
0 558
679 680
669 680
2 234
4 177
19 177
382 384
3 441
35 441
3 376
9 1511
86 1511
1 522
22 522
0 169
0 737
4 664
477 479
10 2238
2231 2238
4 2238
2 2238
1053 1074
5 737
37 762
2474 2517
19 788
2299 2300
39 2300
759 762
1 618
0 183
30 270
4 558
251 252
33 295
2 1913
122 1913
655 656
2 656
81 656
239 240
2 423
55 764
372 373
4 446
2 357
2 423
0 632
0 590
9 562
6 456
0 9
293 587
560 562
8 1014
55 774
0 404
51 567
2 1407
5 594
5 690
52 690
1 250
126 127
294 295
5 2725
9 2725
11 2725
3 2725
17 2725
7 442
3 442
35 518
2 508
0 269
2 269
0 38
8 6094
13 6094
5 6094
6 6094
19 6094
1363 1370
2703 2737
16 2737
16 1409
517 526
25 465
331 339
1 960
2 960
380 382
1 295
0 404
0 431
3 1536
2 615
0 844
0 308
4 504
2 560
0 730
1 730
2 764
1 1701
9 240
8 283
595 596
5 392
130 2339
1 2339
0 303
0 461
541 563
11 438
2 122
15 980
8 980
838 845
27 665
9 378
342 352
883 889
7 889
0 189
0 431
749 751
0 526
1954 1955
1917 1955
1951 1955
1952 1955
42 1955
1953 1955
59 9453
56 9453
48 9453
41 9453
91 9453
100 9453
1 9453
34 9453
9 9453
61 9453
44 9453
63 9453
37 9453
42 9453
178 9453
2 3604
26 3604
28 3604
1801 3604
10 3604
2975 2982
2961 2982
2980 2982
2974 2982
197 2982
4 1152
495 499
0 181
1 181
8 249
6 613
392 395
565 575
2 122
1079 1114
1103 1114
14 283
141 283
1 241
2 55
647 655
7 1887
9 1887
20 1887
7508 7512
7496 7512
7505 7512
7426 7512
3 7512
7495 7512
7509 7512
55 7512
18 7512
307 7512
7486 7512
7511 7512
7421 7512
44 7512
7444 7512
314 328
8 623
5 106
3 82
0 305
195 196
147 151
17 439
21 328
49 2031
13 4370
17 4370
16 4370
9 4370
5 4370
11 4370
15 4370
8 4370
5 340
0 360
0 269
0 413
877 887
1 187
6 187
1 534
0 1539
40 726
16 257
199 202
0 764
1 764
0 473
7 729
16 729
11 729
15 174
2 593
1 326
6 282
3 59
1 2849
41 2849
3 2849
28 2849
0 225
12 435
36 435
0 522
4 146
17 479
6 399
0 587
4 562
775 788
59 788
780 788
782 788
781 788
1 788
3 788
783 788
776 788
27 473
13 473
1392 1528
0 1528
149 1904
68 1904
9 733
211 219
9 2417
29 2417
23 594
23 594
17 594
1 620
0 620
1 476
5 476
0 405
8 1695
0 91
3 91
2 1223
0 1223
3 1223
478 479
323 328
6 1879
3 1879
269 4834
6 4834
4818 4834
4832 4834
10 4834
21 4834
1 145
729 739
3 336
7 361
7 177
403 413
736 759
190 191
189 191
18 240
1 233
2 177
0 176
2 318
5 807
7 807
0 761
0 446
0 931
1 931
0 1074
26 812
11 287
3 764
65 1043
0 857
1 922
2 558
10 558
20 279
20 173
127 130
3 617
6 617
13 1707
7 1707
336 4275
47 4275
4 4275
4242 4275
4249 4275
0 1149
31 1149
1111 1149
277 2971
2907 2971
1 336
2 318
1025 1026
0 92
7 92
0 311
150 161
773 774
13 127
378 379
17 400
427 428
3 381
560 562
2 497
392 393
2 279
322 323
11 395
13 223
0 362
10 509
0 2434
15 716
5 388
228 233
0 484
483 484
483 484
2 1075
32 1075
1056 1075
1071 1075
5 118
1 114
45 844
784 844
0 306
3 1742
0 1742
2 1742
27 441
652 655
67 764
45 509
3729 3737
0 3737
2 3737
1 3737
7 562
1090 2181
0 338
0 40
1 379
404 405
1 474
0 98
1140 1143
6 368
3 699
0 343
14 126
0 1644
1633 1644
0 767
1 767
48 767
6 20
289 310
2 354
0 61
11 297
49 727
15 395
70 1618
227 233
4 381
23 473
16 217
3 152
36 768
4 171
1 567
0 301
0 461
768 788
3 788
769 788
53 788
778 788
0 788
1 788
774 788
35 788
392 405
652 653
4 139
2 324
74 973
43 1386
632 633
43 664
1602 1618
4 395
0 295
7 344
229 230
1109 2219
0 385
20 527
1 1926
2 1926
47 548
0 919
694 699
467 472
319 327
0 821
1 821
2 821
0 526
4 567
20 1012
6 1012
1 1012
3 562
45 739
0 266
223 227
0 241
28 635
4 391
3 177
4 407
430 435
39 535
22 527
0 371
1 371
1 240
55 57
292 297
2 262
33 361
1298 1312
83 84
283 287
5 509
583 585
583 592
16 812
39 2339
279 290
0 948
1 948
1 448
28 973
4 360
0 389
1630 1646
6 2101
0 2101
1 2101
2 2101
6 876
8 472
1 265
12 777
8 502
8 137
200 209
2 144
1 183
0 370
13 135
0 120
74 962
27 721
113 114
2 3218
5 1747
0 231
2 1110
0 153
2 290
1 397
5 325
38 319
376 382
22 5267
17 5267
10 5267
12 5267
54 5267
15 5267
50 5267
59 5267
6 5267
7 5267
8 5267
1 5267
16 5267
35 5267
4 1034
0 1034
4 2191
1 2191
11 247
10 247
45 1416
134 1027
2 319
0 1042
2 384
0 163
0 127
0 484
1 900
0 544
16 265
5 368
34 930
6 2416
4 2416
7 2416
40 919
406 407
0 382
0 247
0 233
1 1183
0 1183
2 1183
1 1185
0 382
0 340
0 3763
6 3763
176 177
470 477
140 141
16 242
0 295
1 295
4 395
11 615
4 308
0 1695
22 511
1 227
3 257
3 2339
4 395
0 359
0 761
251 257
2 176
2 336
191 195
362 365
239 240
226 230
5 196
10 338
36 1116
0 1116
5 1124
0 300
4 1623
886 906
0 57
0 188
0 1057
0 233
21 721
312 318
0 735
2 699
0 446
0 310
0 165
459 465
26 1130
35 679
0 392
6 348
0 1898
2 1898
6 472
946 950
949 950
943 950
189 191
5 1695
322 324
2 282
4 861
12 1695
16 360
44 960
371 388
1 1701
452 453
451 453
246 247
0 461
294 295
19 1042
527 549
9 319
11 1110
6 2517
1 866
2 866
134 141
2 387
2 48
1772 1791
1 1791
0 511
2 275
4 286
0 423
0 191
13 950
496 509
0 861
15 364
19 364
40 378
3621 3651
1 364
3 364
23 298
676 679
2 654
176 177
45 605
8 392
7 392
26 569
0 43
410 414
266 272
6 327
20 2050
4 2050
0 2050
4 617
1 927
7 1268
4 1268
5 1268
17 1413
2 157
5 317
780 790
762 790
4 812
1074 1077
578 584
30 562
1346 1360
2 1695
14 405
1 587
126 127
6 1592
0 1592
1 1719
0 1719
2 1719
547 548
11 548
194 195
333 352
0 1043
32 2703
35 2703
4 2703
3 2703
1125 1165
10 395
0 1323
2 1323
1 1323
38 1323
3 1323
0 118
163 165
3 663
9 451
1 1536
1523 1526
1409 1526
1521 1526
2 116
9 327
0 587
3 139
4 325
80 1288
1 116
12 240
0 217
355 712
4 1386
2338 2339
10 2517
4 381
9 284
174 183
7 295
1 2517
2109 2339
7 465
0 247
0 2517
0 55
1 281
1 247
1355 1360
10 461
64 3761
12 590
1 594
50 378
1537 1539
8 108
158 4338
158 1552
2 152
13 646
4 306
656 657
655 657
7 1042
25 421
1036 1042
3 222
1032 1034
264 270
2 1104
0 486
501 502
55 57
4 816
6 2365
14 1074
0 187
2233 2236
2230 2236
2223 2236
0 2236
404 405
89 1110
3 497
221 222
119 120
0 151
1 1392
0 230
1 86
75 78
2318 2339
8 9
9 1021
317 318
3 308
33 279
757 762
86 88
4 721
12 1027
494 500
0 89
4 86
154 159
6 733
721 725
3 276
3 497
45 1130
452 456
0 654
773 777
52 53
0 340
78 475
2 142
59 694
40 41
2 90
587 588
4 588
54 588
18 214
65 67
4 588
1 327
0 342
0 588
191 193
2 161
6 90
3 588
40 41
5 322
3 718
1 142
7 567
15 588
3 113
0 120
9 588
14 567
33 588
587 588
0 483
587 588
200 218
586 588
0 282
0 282
18 588
12 218
40 327
0 24
273 274
0 274
2 214
1 142
1 90
11 90
1 228
10 567
0 229
9 567
340 343
1 228
1 327
1 43
4 386
4 694
8 228
1 475
0 588
20 475
30 946
0 475
3 567
1 457
3 327
0 483
3 343
2 116
0 475
7 228
0 342
2 327
552 560
16 229
98 99
1 588
7 43
6 43
0 168
5 141
3 483
0 16
1 588
0 386
0 334
2 588
3 588
6 588
3 588
0 90
28 588
0 271
4 588
7 386
0 67
34 560
12 342
453 454
587 588
20 588
2 211
15 694
35 694
8 228
16 327
4 588
1 752
0 53
227 229
6 588
1 41
0 374
323 334
22 588
2 475
4 110
223 229
1 58
5 588
0 142
13 153
0 334
4 116
117 118
4 588
3 386
3 327
137 142
16 228
10 156
2 588
1 588
1 327
7 343
10 153
15 475
2 588
2 99
0 588
5 588
20 574
17 694
1 90
13 694
1 56
19 560
4 342
0 322
0 752
3 588
33 327
2 193
2 454
0 342
66 67
0 327
1 588
1 229
0 342
0 67
113 2673
0 211
1 483
324 327
5 228
4 33
5 962
0 1539
0 125
0 120
74 80
1 816
0 554
3 176
1 406
0 66
24 473
0 977
0 844
1 290
471 502
87 88
2 275
143 147
5 515
0 1205
0 1403
0 1695
5 605
601 605
7 1347
14 1347
62 1516
0 295
7 473
0 59
48 1021
10 788
227 228
4 1110
2 88
0 768
1 476
336 337
334 340
1661 1695
126 127
0 308
0 378
0 241
2 452
0 284
2 1900
0 1900
1 3101
0 3101
1 6
206 218
20 664
0 158
0 423
946 951
950 951
0 623
0 399
8 1577
254 278
0 214
34 2150
7 2150
0 145
0 404
0 1074
10 336
0 362
4 594
0 216
435 439
8 527
1381 1386
0 639
35 762
0 625
1 625
0 725
0 395
0 1036
17 1042
22 393
1527 1539
3 368
1520 1539
9 117
0 632
3 1042
1 518
6 567
12 452
0 1071
343 347
1 303
0 120
269 270
1 2237
2235 2237
2234 2237
9 2237
2 2237
0 233
197 1552
0 409
0 1230
2 1230
851 853
0 400
0 126
444 446
31 857
0 973
0 274
1 274
1 3390
21 3390
3 3390
2 3390
0 584
75 890
624 626
10 216
0 1346
0 247
11 287
10 79
0 196
189 191
331 7353
7351 7353
16 7353
6925 7353
148 7353
8 7353
298 7353
7313 7353
7347 7353
425 7353
7303 7353
4 7353
7338 7353
108 7353
7259 7353
10 7353
14 141
2420 2466
2461 2466
2432 2466
2445 2466
1408 1456
10431 10604
10199 10604
10594 10604
2 10604
14 10604
10596 10604
945 10604
10161 10604
10369 10604
10452 10604
1 10604
46 10604
10344 10604
50 10604
24 10604
10180 10604
31 1655
48 1655
0 407
6 1162
14 1162
2 1162
8 1162
477 479
5 623
0 87
42 564
7 391
0 295
1 590
1 508
44 1695
1 47
776 788
785 788
780 788
775 788
774 788
31 788
36 788
773 788
777 788
228 230
0 739
432 436
8 1695
0 247
621 626
565 567
114 115
1 48
0 344
10 684
79 764
1 582
112 1072
1 1862
0 1862
1 369
16 876
0 625
226 233
926 937
932 937
889 937
0 230
2 421
270 272
4 218
808 812
31 826
0 919
3 887
1 1072
22 2339
950 958
4 958
24 1623
140 141
790 792
29 811
0 2330
1 2330
1 247
14 974
6 120
0 182
3 423
0 1967
0 30
4 384
0 549
1151 1153
1 497
9 188
44 498
154 157
16 157
2337 2339
1 950
56 57
0 135
3 473
0 962
0 448
0 163
9 414
7 1161
0 1161
3 1161
1 117
3 96
0 1403
0 1346
1 139
1072 1110
472 473
48 318
0 318
0 700
0 162
2 1967
1498 1539
0 1539
105 106
1 5662
2 5662
6 5662
5 5662
4 5662
1495 1536
7 1536
613 625
2561 2565
2558 2565
2540 2565
0 2565
2550 2565
4 2565
1746 1747
382 384
0 183
1233 1249
1248 1249
0 87
10 812
744 746
2120 2128
2000 2128
2011 2128
472 473
0 67
123 124
170 178
0 764
0 379
3 2396
0 2396
1 2396
13 890
21 890
11 890
0 38
2 2407
1 2407
7 2407
6 2407
727 735
553 581
0 581
2 385
3 385
6 615
0 139
25 641
0 448
0 1064
1063 1064
4 2225
7 89
0 941
0 89
0 1419
437 452
0 80
542 554
1 89
1286 1294
11 1294
4 381
1901 1948
1946 1948
1945 1948
1944 1948
0 962
7 448
1 352
136 137
1 594
2 1708
0 1708
286 287
0 25
812 816
624 626
1 90
14 2339
0 1536
227 233
56 69
0 319
1 796
445 446
0 527
4 142
1 369
1 153
589 590
1 385
405 413
1 446
12 2395
18 2395
390 404
295 592
2058 2163
2103 2163
2150 2163
2 55
10 191
23 2423
0 2423
2419 2423
336 344
1 196
451 452
39 1403
1 1205
2 1205
0 1014
0 294
0 448
85 86
0 395
843 844
0 844
1 303
1358 1360
0 812
106 107
0 562
6 479
4 467
1731 1733
1718 1733
1694 1733
79 80
665 739
10 446
240 247
0 389
0 733
3 215
2 295
3 431
0 175
129 130
186 187
2 135
0 284
365 371
325 330
19 1724
0 1724
6 1724
4 549
0 919
1100 1139
0 896
1 896
1 437
0 103
258 264
2 261
0 264
0 648
39 1577
1481 1501
1497 1501
1494 1501
8 617
6 1618
0 285
5 504
114 115
1 48
246 247
16 737
0 223
0 509
303 311
565 594
471 477
0 345
1 733
2 789
1 789
0 605
74 1747
346 347
1508 1511
1507 1511
0 362
146 147
294 307
138 139
137 139
0 382
16 1766
21 788
2 788
5 788
4 788
12 788
0 788
1 788
14 788
3 788
693 694
17 694
5 307
170 174
5 371
1053 1077
535 537
1 178
101 103
6 290
3153 3159
3150 3159
3146 3159
1285 1331
24 50
2 716
1 508
1908 1909
1898 1909
1896 1909
1615 1618
1589 1618
0 384
1 384
0 102
4 94
0 585
435 474
30 535
0 261
294 295
0 169
0 148
10 183
861 876
1 733
3 1787
1777 1787
1786 1787
30 617
0 1553
2 1553
2 504
1 343
0 632
0 127
502 504
1 1083
59 65
1132 1144
175 178
2 172
10 240
427 431
918 919
496 498
0 1618
6 1475
23 368
3 26
1 1965
11 1965
7 1965
6 1965
0 1965
22 1965
123 125
1 175
4 55
373 379
0 229
0 229
2 230
0 1042
342 344
322 323
32 746
20 876
474 479
404 406
0 504
3 171
24 575
743 764
43 1913
10 1913
2 1057
7 269
0 173
0 344
0 772
0 242
0 1695
1684 1695
21 382
17 764
0 175
92 94
1 811
0 394
0 1287
0 176
11 139
0 310
1 360
228 230
1 811
0 381
0 1129
14 1129
3 1129
4 638
1070 1071
7 1410
1409 1410
1408 1410
1 811
0 497
1 37
0 285
293 305
1 256
1 360
232 233
601 623
0 1061
256 260
2 452
34 563
589 592
2 144
326 327
0 617
336 337
361 362
5786 5976
49 5976
5972 5976
5743 5976
63 5976
5975 5976
5840 5976
5851 5976
5931 5976
1073 1075
360 379
44 661
0 162
12 2517
12 431
0 100
1 1386
16 850
2 511
404 405
1098 1102
0 1102
0 370
188 196
1 361
832 841
696 698
0 124
0 290
7 218
437 439
216 229
0 349
0 89
0 360
329 333
327 333
0 526
121 122
0 412
1 196
1 874
0 247
21 896
1 338
2 338
3 142
1778 1779
81 1779
1741 1779
1706 1779
1172 1238
12 876
5 1853
14 1853
4 1853
580 592
559 564
0 173
1488 1539
0 158
810 812
574 584
1 328
8 262
0 816
96 99
1 796
17 404
144 146
344 345
5 464
227 228
266 274
459 919
0 502
1101 1110
2 122
2 446
18 518
0 141
10 585
558 561
2804 2808
1354 1357
118 1416
0 204
2 100
50 563
0 564
0 473
42 1110
0 339
163 327
4 308
282 295
0 587
0 777
11 558
148 149
205 209
5 279
945 962
1 3095
5 3095
3 3095
7 1617
1 1617
0 1617
3 1617
317 318
326 327
13 1767
183 1767
1760 1767
1 1767
238 240
0 1071
0 522
0 1618
1 465
0 465
459 465
