2 384
11 375
1 392
1 576
0 576
3 776
1 776
0 511
31 2287
159 2287
20 745
6 745
2 914
0 338
0 448
0 691
3 691
0 183
74 914
25 1155
1146 1155
88 1155
6 1155
4 1155
1364 1370
31 1623
7388 7389
406 7389
4 7389
1 7389
24 7389
56 7389
91 7389
2 7389
20 7389
10 7389
417 7389
14 2339
3 615
15 1288
173 176
1256 1265
7 1265
23 1265
25 150
0 79
0 1983
1 1983
3 1983
6 1983
3 269
392 397
1 1208
0 1208
7 1208
1462 1474
239 240
0 448
3 558
2 1113
0 1113
2 79
303 305
399 400
7 388
2 590
43 1483
3 152
3 152
795 796
21 1536
0 805
1 276
11 328
1266 1267
1264 1267
1257 1267
10 1267
1265 1267
0 522
10 198
2 1013
1 1013
2 152
0 1303
19 1008
7 1008
3 327
7 562
3 737
2 737
2 264
1 175
0 44
0 89
33 1913
6 1913
1531 1539
972 973
851 855
0 301
22 7645
7 7645
7644 7645
81 7645
70 7645
7610 7645
7643 7645
7640 7645
7641 7645
6 7645
0 7645
7531 7645
20 7645
7580 7645
363 7645
7624 7645
156 7645
119 7645
290 7645
7630 7645
9242 9306
1 9306
9201 9306
9290 9306
9298 9306
14 9306
9305 9306
9304 9306
9218 9306
175 9306
9 9306
9302 9306
9265 9306
144 9306
9303 9306
108 9306
71 9306
7 9306
3744 3760
17 3760
3757 3760
3759 3760
3753 3760
3723 3760
3726 3760
3758 3760
686 689
2 295
30 1454
0 1454
2 1454
10 1454
625 626
201 203
404 405
793 794
0 794
843 844
51 657
1108 1110
1 150
0 1071
0 812
0 812
0 422
17 896
394 395
1 2339
0 135
2 324
2 721
3 79
202 204
3 811
1 368
0 380
0 380
1 384
0 152
0 98
6 68
5 446
0 777
2 777
2 884
13 884
6 1514
865 876
7 348
0 169
7 663
662 663
6 303
11 240
439 441
1472 1474
0 733
4 1077
1 404
0 973
137 138
3 1618
3 567
14 876
164 176
3 2150
2090 2150
10 876
4 311
1580 1597
40 1597
1591 1597
1565 1597
0 618
0 98
183 184
7 776
1 776
496 497
6 57
3 392
669 670
25 670
4 392
0 511
1 247
0 876
1 344
3 965
1531 1539
3 509
211 215
173 176
4 215
14 215
1384 1386
276 283
49 764
464 465
788 792
410 10782
12 10782
754 10782
2 10782
23 10782
108 10782
339 10782
7 10782
3 10782
5 10782
207 10782
10771 10782
10774 10782
10719 10782
436 10782
19 10782
27 10782
30 10782
432 10782
1474 10782
1 10782
222 10782
6 10782
10707 10782
207 10782
39 10782
0 224
8 767
3 144
36 540
1 2510
3 2510
36 269
5 269
3 1269
0 1269
1 919
2 782
0 448
0 931
1 931
2 247
3 89
5 2038
0 2038
2 2038
0 446
5 737
3 1898
23 1898
21 584
1351 1360
2 2257
3 2257
1683 1695
6 2339
1064 1072
0 746
5 746
3 2150
36 2150
6 3410
24 3410
3403 3410
7 746
10 2150
2104 2150
760 764
4 746
2 456
81 590
2 2449
2448 2449
182 191
2 777
8 266
73 1027
2 976
33 976
3 3000
2975 3000
7 3000
40 3000
6 3000
2961 3000
8 202
1 456
758 777
5 381
6 295
185 186
440 441
1 94
9 68
5 287
238 240
70 142
239 240
5 655
10 1197
7 2831
5 2831
3 2831
2 2831
0 1331
4208 4210
4201 4210
4142 4210
4205 4210
71 4210
4181 4210
18 4210
32 4210
4209 4210
4190 4210
95 4210
4 20
0 209
0 677
1 677
1 1547
0 1547
886 888
863 888
342 344
405 413
3 1012
0 1012
5 1012
5 269
0 467
498 504
5 1110
1 585
2096 2128
2097 2128
66 2128
7 960
91 1483
1529 1536
1530 1536
1107 1110
10 1069
3 1069
47 1069
1012 1014
771 811
6 1110
16 423
0 93
8 183
2 384
1 724
149 2375
2282 2375
2365 2375
177 178
778 788
3 788
761 788
14 788
781 788
0 788
1 788
779 788
9 788
0 203
216 226
9 4949
125 4949
5 4949
12 4949
87 4949
31 4949
23 4949
118 120
25 2150
38 2150
2012 2150
651 653
686 689
6 2955
1 2955
7 2955
3 2955
206 2955
220 2955
2 2955
1 1695
435 439
434 439
220 225
6 2163
3 2163
32 13875
10 13875
1 13875
6 13875
14 13875
37 13875
11 13875
113 13875
29 13875
56 13875
1864 13875
310 13875
1884 13875
963 13875
4 2339
218 222
147 150
6 1164
4 1164
3 1164
0 2347
2 2347
3 2347
4 2347
631 633
0 384
3118 3126
94 3126
160 3126
3049 3126
11 3126
3099 3126
3089 3126
3 1078
0 1078
4 1078
0 267
0 1926
519 526
811 812
850 858
3 5657
7 5657
1 5657
4 5657
0 5657
2 5657
19 5657
5648 5657
15 1042
22 423
0 218
16 172
30 1307
102 1021
2 384
399 400
239 240
6 247
173 176
0 247
6 124
4 618
1 247
5 1708
11 1708
16 1708
7 1708
6 762
0 762
1 152
365 371
1 264
440 442
441 442
1 389
51 5642
9 5642
61 5642
191 5642
30 5642
15 5642
602 5642
7 416
13 223
1 86
20 543
1 1403
0 1403
671 679
1 2517
0 87
670 689
5 336
0 89
3 153
18 1403
1962 1963
1950 1963
1 2002
0 2002
2000 2002
146 147
146 147
156 163
263 264
1 1539
7 264
5 590
0 181
234 241
2 465
41 764
59 764
762 764
6 295
1648 1652
1646 1652
1966 1967
2 86
0 1110
2 1183
1 1183
0 1183
1 876
0 389
0 1124
1 1124
3 1014
0 961
2 961
6 961
0 526
0 359
23 1130
0 257
1383 1386
22 842
85 1042
0 257
2353 2403
22 2403
4 2403
104 106
374 375
12 617
44 270
269 270
339 340
5 327
0 380
0 518
586 587
582 587
0 384
417 424
11 264
5 699
1297 1317
1316 1317
0 1317
1 120
7 594
0 538
0 603
26 1130
1 344
238 240
3 1241
121 122
1 855
1 1898
7 1898
0 1898
1 1898
0 384
0 17
907 914
1 777
161 163
124 4713
228 4713
4703 4713
327 4713
4691 4713
0 4713
0 44
8 2150
150 2150
0 2150
2 2150
1 402
256 266
3 781
56 781
0 781
6 781
663 664
686 689
0 874
8 796
794 796
70 1464
87 1464
17 1464
545 548
380 382
5 233
2 663
254 257
2 506
8 1012
2 257
3 626
2 371
38 782
0 3816
3814 3816
162 3816
106 3816
173 3816
3785 3816
48 3816
339 340
15 1347
6 1347
1 149
548 554
5 364
24 364
16 295
49 435
0 695
2 1247
4 1247
2 423
26 914
0 265
1 631
630 631
3 186
70 518
13 171
20 511
33 431
6 2308
0 2308
23 2303
0 2303
3 145
2 145
7 145
1 467
516 518
404 405
43 318
1 423
8 324
387 389
4 8726
8721 8726
92 8726
10 8726
634 8726
8720 8726
333 8726
8617 8726
8724 8726
8723 8726
0 8726
8 8726
1 8726
418 422
21 108
5 456
0 1036
1 1036
387 391
1 344
674 679
3 154
198 397
2 3066
1 3066
3056 3066
2 1214
69 1214
11 1595
42 1595
763 764
0 457
0 368
0 376
3 209
205 209
2 1191
1 1191
0 592
377 378
137 141
1 389
6 446
260 264
2 526
0 1110
1266 12734
51 12734
35 12734
89 12734
911 12734
566 12734
1268 12734
27 12734
7 12734
360 12734
79 12734
79 12734
123 12734
103 12734
108 12734
197 12734
150 12734
248 12734
202 203
0 89
5 653
13 295
0 841
0 441
6 384
875 876
21 1264
1226 1264
37 1264
0 404
0 1483
0 1110
5 590
3 590
2 264
0 107
4 1386
147 148
0 89
48 842
460 461
0 669
10 669
6 737
3 699
3 423
2 737
0 107
106 107
141 148
2 473
2 2629
20 2629
4 2629
7 2629
3 384
1577 1589
1583 1589
60 1589
4 113
2686 2696
2695 2696
0 2696
766 774
11 664
952 987
983 987
986 987
17 4344
4280 4344
7 4344
8 4344
1 4344
5 4344
283 4344
7 222
607 626
1309 1376
0 1376
4 1376
1330 1376
0 558
679 680
676 680
2 234
4 177
13 177
382 384
0 441
38 441
3 376
9 1511
79 1511
1 522
2 522
0 169
0 737
7 664
476 479
10 2238
2207 2238
5 2238
2 2238
1047 1074
5 737
3 762
44 2517
19 788
2299 2300
25 2300
760 762
2 618
0 183
268 270
4 558
251 252
37 295
3 1913
133 1913
654 656
1 656
52 656
239 240
1 423
53 764
372 373
6 446
1 357
2 423
0 632
0 590
7 562
10 456
0 9
293 587
560 562
5 1014
22 774
0 404
558 567
2 1407
4 594
12 690
671 690
3 250
126 127
294 295
9 2725
10 2725
11 2725
3 2725
7 2725
15 442
5 442
22 518
2 508
0 269
2 269
0 38
6 6094
11 6094
5 6094
4 6094
16 6094
1365 1370
2699 2737
21 2737
10 1409
511 526
4 465
335 339
1 960
2 960
378 382
1 295
0 404
0 431
2 1536
3 615
0 844
0 308
5 504
2 560
0 730
1 730
2 764
2 1701
9 240
14 283
595 596
4 392
46 2339
0 2339
0 303
0 461
6 563
10 438
1 122
15 980
7 980
836 845
9 665
5 378
344 352
883 889
7 889
0 189
0 431
750 751
1 526
1953 1955
1934 1955
1951 1955
1952 1955
69 1955
1954 1955
49 9453
56 9453
44 9453
38 9453
66 9453
88 9453
2 9453
21 9453
10 9453
50 9453
36 9453
51 9453
31 9453
41 9453
207 9453
5 3604
26 3604
29 3604
1801 3604
10 3604
2974 2982
2956 2982
2979 2982
2973 2982
58 2982
4 1152
497 499
0 181
1 181
11 249
3 613
393 395
566 575
1 122
1087 1114
1107 1114
18 283
141 283
1 241
2 55
647 655
15 1887
10 1887
12 1887
7508 7512
7493 7512
7505 7512
7402 7512
3 7512
7498 7512
7510 7512
66 7512
16 7512
364 7512
7480 7512
7511 7512
7435 7512
40 7512
7454 7512
320 328
15 623
5 106
5 82
0 305
195 196
148 151
19 439
5 328
40 2031
10 4370
14 4370
13 4370
8 4370
2 4370
9 4370
12 4370
7 4370
10 340
0 360
0 269
0 413
883 887
1 187
5 187
1 534
0 1539
33 726
18 257
199 202
0 764
1 764
0 473
7 729
14 729
8 729
8 174
5 593
1 326
6 282
4 59
1 2849
37 2849
3 2849
27 2849
0 225
12 435
37 435
0 522
5 146
13 479
6 399
0 587
14 562
47 788
15 788
777 788
778 788
776 788
1 788
2 788
783 788
54 788
23 473
12 473
89 1528
0 1528
42 1904
28 1904
9 733
212 219
17 2417
51 2417
23 594
17 594
18 594
1 620
0 620
0 476
4 476
0 405
20 1695
0 91
3 91
2 1223
0 1223
3 1223
477 479
325 328
6 1879
1 1879
134 4834
9 4834
4828 4834
4832 4834
7 4834
21 4834
1 145
734 739
3 336
5 361
6 177
40 413
738 759
190 191
10 191
11 240
0 233
4 177
0 176
2 318
6 807
7 807
0 761
0 446
0 931
1 931
0 1074
18 812
10 287
6 764
25 1043
0 857
1 922
1 558
9 558
19 279
21 173
128 130
3 617
6 617
13 1707
9 1707
422 4275
79 4275
5 4275
4258 4275
4263 4275
1 1149
26 1149
77 1149
306 2971
2914 2971
2 336
2 318
1025 1026
0 92
7 92
0 311
153 161
773 774
6 127
378 379
22 400
427 428
3 381
560 562
2 497
392 393
1 279
322 323
24 395
9 223
0 362
14 509
0 2434
9 716
6 388
230 233
0 484
483 484
483 484
6 1075
19 1075
1061 1075
1072 1075
5 118
1 114
51 844
798 844
0 306
4 1742
0 1742
1 1742
39 441
652 655
50 764
45 509
1868 3737
0 3737
2 3737
1 3737
11 562
1090 2181
0 338
0 40
1 379
404 405
2 474
0 98
1140 1143
6 368
5 699
0 343
11 126
0 1644
1633 1644
0 767
1 767
51 767
6 20
289 310
2 354
0 61
9 297
39 727
4 395
187 1618
229 233
4 381
20 473
12 217
3 152
60 768
4 171
0 567
0 301
0 461
780 788
3 788
778 788
775 788
783 788
0 788
1 788
782 788
52 788
385 405
652 653
6 139
2 324
73 973
31 1386
632 633
25 664
154 1618
9 395
0 295
5 344
229 230
1109 2219
0 385
18 527
1 1926
1 1926
6 548
0 919
694 699
465 472
323 327
0 821
1 821
2 821
0 526
2 567
10 1012
4 1012
2 1012
4 562
34 739
0 266
223 227
0 241
19 635
6 391
2 177
3 407
423 435
46 535
17 527
0 371
1 371
1 240
56 57
294 297
0 262
350 361
87 1312
83 84
279 287
7 509
583 585
587 592
20 812
37 2339
280 290
0 948
1 948
1 448
26 973
4 360
0 389
49 1646
4 2101
0 2101
1 2101
3 2101
7 876
11 472
1 265
5 777
7 502
8 137
202 209
2 144
1 183
0 370
13 135
0 120
73 962
29 721
113 114
1 3218
4 1747
0 231
3 1110
0 153
1 290
1 397
4 325
29 319
377 382
21 5267
13 5267
10 5267
11 5267
49 5267
12 5267
42 5267
53 5267
5 5267
7 5267
8 5267
1 5267
19 5267
35 5267
3 1034
0 1034
4 2191
1 2191
8 247
8 247
38 1416
127 1027
1 319
0 1042
1 384
0 163
0 127
0 484
1 900
0 544
10 265
5 368
27 930
6 2416
4 2416
7 2416
41 919
406 407
0 382
0 247
0 233
1 1183
0 1183
2 1183
1 1185
0 382
0 340
0 3763
6 3763
176 177
476 477
140 141
20 242
0 295
1 295
5 395
13 615
4 308
0 1695
22 511
1 227
2 257
1 2339
4 395
0 359
0 761
249 257
3 176
3 336
194 195
361 365
239 240
227 230
7 196
19 338
54 1116
0 1116
4 1124
0 300
3 1623
83 906
0 57
0 188
1 1057
0 233
22 721
313 318
0 735
2 699
0 446
0 310
0 165
459 465
7 1130
45 679
0 392
10 348
0 1898
2 1898
6 472
945 950
949 950
942 950
189 191
4 1695
323 324
3 282
5 861
4 1695
18 360
43 960
372 388
1 1701
452 453
451 453
246 247
0 461
294 295
7 1042
34 549
9 319
18 1110
5 2517
1 866
2 866
7 141
1 387
3 48
1755 1791
0 1791
0 511
5 275
5 286
0 423
0 191
24 950
37 509
0 861
15 364
20 364
376 378
3596 3651
0 364
3 364
4 298
674 679
3 654
176 177
6 605
7 392
7 392
26 569
0 43
411 414
266 272
7 327
16 2050
3 2050
0 2050
1 617
2 927
7 1268
3 1268
6 1268
19 1413
2 157
7 317
781 790
766 790
4 812
1075 1077
580 584
30 562
1345 1360
2 1695
14 405
1 587
126 127
2 1592
0 1592
1 1719
0 1719
2 1719
547 548
10 548
194 195
335 352
0 1043
4 2703
2 2703
1 2703
0 2703
69 1165
12 395
0 1323
2 1323
1 1323
20 1323
3 1323
0 118
163 165
0 663
7 451
1 1536
1522 1526
30 1526
1523 1526
1 116
12 327
0 587
3 139
4 325
22 1288
1 116
9 240
0 217
355 712
5 1386
2338 2339
4 2517
4 381
17 284
175 183
7 295
1 2517
2155 2339
5 465
0 247
0 2517
0 55
0 281
0 247
1353 1360
6 461
59 3761
16 590
1 594
16 378
1536 1539
10 108
208 4338
146 1552
1 152
13 646
4 306
656 657
655 657
8 1042
24 421
1028 1042
5 222
1033 1034
263 270
1 1104
0 486
501 502
4 57
10 816
9 2365
11 1074
0 187
2233 2236
2230 2236
2219 2236
0 2236
404 405
99 1110
2 497
221 222
119 120
0 151
1 1392
0 230
0 86
75 78
201 2339
8 9
8 1021
317 318
3 308
28 279
741 762
8 88
4 721
9 1027
496 500
0 89
3 86
157 159
6 733
712 725
2 276
3 497
18 1130
451 456
0 654
774 777
52 53
0 340
62 475
1 142
676 694
40 41
1 90
586 588
2 588
579 588
3 214
65 67
4 588
1 327
1 342
1 588
191 193
1 161
6 90
4 588
40 41
1 322
3 718
2 142
9 567
12 588
3 113
0 120
9 588
11 567
35 588
587 588
0 483
587 588
7 218
585 588
0 282
0 282
16 588
12 218
11 327
1 24
31 274
0 274
2 214
1 142
1 90
44 90
1 228
5 567
0 229
10 567
12 343
1 228
1 327
0 43
4 386
4 694
9 228
1 475
0 588
19 475
27 946
0 475
5 567
1 457
3 327
0 483
4 343
4 116
0 475
8 228
0 342
4 327
554 560
15 229
98 99
1 588
7 43
7 43
0 168
5 141
2 483
0 16
2 588
0 386
0 334
2 588
3 588
5 588
3 588
0 90
13 588
0 271
4 588
7 386
0 67
36 560
11 342
453 454
586 588
16 588
3 211
16 694
40 694
7 228
15 327
3 588
4 752
0 53
228 229
7 588
1 41
0 374
30 334
27 588
2 475
3 110
9 229
0 58
6 588
1 142
14 153
0 334
5 116
6 118
4 588
3 386
3 327
9 142
21 228
8 156
2 588
1 588
1 327
7 343
6 153
16 475
1 588
3 99
1 588
5 588
19 574
1 694
1 90
13 694
2 56
25 560
4 342
0 322
0 752
3 588
33 327
3 193
2 454
0 342
65 67
0 327
1 588
1 229
0 342
0 67
121 2673
0 211
1 483
326 327
5 228
4 33
4 962
0 1539
0 125
0 120
76 80
1 816
0 554
3 176
1 406
0 66
3 473
0 977
0 844
1 290
476 502
87 88
2 275
138 147
6 515
0 1205
0 1403
0 1695
7 605
602 605
4 1347
3 1347
28 1516
0 295
1 473
0 59
68 1021
8 788
113 228
1 1110
2 88
0 768
1 476
336 337
336 340
1657 1695
126 127
0 308
0 378
0 241
3 452
0 284
1 1900
0 1900
1 3101
0 3101
0 6
212 218
25 664
0 158
0 423
948 951
950 951
0 623
0 399
4 1577
261 278
1 214
33 2150
8 2150
0 145
0 404
0 1074
10 336
0 362
4 594
0 216
438 439
9 527
1382 1386
0 639
30 762
0 625
1 625
0 725
0 395
0 1036
7 1042
29 393
1530 1539
2 368
1481 1539
8 117
0 632
6 1042
1 518
4 567
7 452
0 1071
31 347
1 303
0 120
269 270
1 2237
2235 2237
2234 2237
13 2237
2 2237
0 233
191 1552
0 409
0 1230
2 1230
851 853
0 400
0 126
443 446
26 857
0 973
0 274
2 274
1 3390
24 3390
4 3390
2 3390
0 584
885 890
618 626
10 216
0 1346
0 247
3 287
8 79
0 196
188 191
478 7353
7349 7353
23 7353
7046 7353
175 7353
13 7353
400 7353
7293 7353
7345 7353
687 7353
7279 7353
3 7353
7335 7353
116 7353
7268 7353
11 7353
14 141
2393 2466
2450 2466
2442 2466
2445 2466
1411 1456
10420 10604
10269 10604
10593 10604
2 10604
19 10604
10601 10604
175 10604
10226 10604
10431 10604
10487 10604
0 10604
37 10604
10389 10604
76 10604
28 10604
10241 10604
36 1655
32 1655
0 407
3 1162
11 1162
1 1162
4 1162
477 479
6 623
0 87
538 564
6 391
0 295
1 590
0 508
68 1695
1 47
783 788
774 788
782 788
779 788
781 788
17 788
49 788
780 788
778 788
228 230
0 739
435 436
13 1695
0 247
621 626
565 567
114 115
2 48
0 344
16 684
81 764
0 582
121 1072
2 1862
0 1862
0 369
12 876
0 625
226 233
922 937
931 937
900 937
0 230
2 421
270 272
7 218
804 812
28 826
0 919
3 887
1 1072
40 2339
950 958
4 958
9 1623
140 141
790 792
38 811
0 2330
1 2330
1 247
22 974
5 120
0 182
3 423
0 1967
0 30
4 384
2 549
1149 1153
0 497
10 188
41 498
156 157
6 157
2338 2339
1 950
56 57
0 135
3 473
0 962
0 448
0 163
5 414
7 1161
0 1161
2 1161
1 117
1 96
0 1403
0 1346
1 139
1078 1110
472 473
42 318
0 318
0 700
0 162
3 1967
1500 1539
0 1539
8 106
0 5662
3 5662
5 5662
4 5662
6 5662
63 1536
17 1536
11 625
2557 2565
2550 2565
2541 2565
0 2565
2554 2565
4 2565
1746 1747
382 384
0 183
1233 1249
1248 1249
0 87
10 812
744 746
2110 2128
36 2128
30 2128
472 473
0 67
123 124
170 178
0 764
0 379
2 2396
0 2396
1 2396
15 890
14 890
11 890
0 38
3 2407
1 2407
6 2407
7 2407
729 735
2 581
0 581
2 385
3 385
8 615
0 139
47 641
0 448
0 1064
1063 1064
4 2225
5 89
0 941
0 89
0 1419
437 452
0 80
537 554
1 89
22 1294
15 1294
12 381
1909 1948
1946 1948
1944 1948
1945 1948
0 962
8 448
2 352
136 137
1 594
2 1708
0 1708
286 287
0 25
813 816
625 626
1 90
13 2339
0 1536
12 233
59 69
0 319
1 796
445 446
0 527
4 142
1 369
1 153
589 590
1 385
405 413
2 446
14 2395
4 2395
390 404
295 592
18 2163
2107 2163
2150 2163
3 55
12 191
27 2423
0 2423
2419 2423
332 344
0 196
451 452
1349 1403
1 1205
2 1205
0 1014
0 294
0 448
85 86
0 395
843 844
0 844
1 303
1355 1360
0 812
106 107
0 562
2 479
4 467
1730 1733
1708 1733
1663 1733
79 80
675 739
11 446
123 247
0 389
0 733
2 215
1 295
3 431
0 175
129 130
186 187
2 135
0 284
365 371
326 330
13 1724
0 1724
8 1724
4 549
0 919
1109 1139
0 896
1 896
1 437
0 103
258 264
2 261
0 264
0 648
10 1577
1487 1501
1497 1501
1495 1501
14 617
8 1618
0 285
6 504
114 115
1 48
246 247
17 737
0 223
0 509
1 311
568 594
473 477
0 345
1 733
2 789
1 789
0 605
14 1747
346 347
1508 1511
1507 1511
0 362
146 147
24 307
138 139
137 139
0 382
14 1766
17 788
2 788
5 788
4 788
9 788
0 788
1 788
10 788
3 788
693 694
10 694
5 307
171 174
7 371
1054 1077
536 537
2 178
101 103
6 290
3152 3159
3148 3159
3145 3159
1305 1331
24 50
2 716
1 508
1906 1909
1901 1909
1889 1909
1615 1618
1600 1618
0 384
1 384
0 102
5 94
0 585
446 474
29 535
0 261
294 295
0 169
0 148
9 183
865 876
1 733
3 1787
1779 1787
1786 1787
4 617
0 1553
2 1553
4 504
1 343
0 632
0 127
502 504
1 1083
1 65
92 1144
176 178
1 172
13 240
428 431
918 919
496 498
1 1618
7 1475
20 368
3 26
1 1965
9 1965
5 1965
8 1965
0 1965
19 1965
124 125
2 175
4 55
371 379
0 229
0 229
0 230
0 1042
343 344
322 323
42 746
16 876
474 479
404 406
0 504
3 171
28 575
20 764
44 1913
10 1913
1 1057
3 269
0 173
0 344
0 772
0 242
0 1695
1678 1695
0 382
10 764
0 175
4 94
1 811
0 394
0 1287
0 176
13 139
0 310
1 360
228 230
1 811
0 381
1 1129
5 1129
0 1129
4 638
1070 1071
11 1410
1409 1410
1408 1410
1 811
0 497
1 37
0 285
22 305
2 256
0 360
232 233
603 623
0 1061
257 260
0 452
557 563
589 592
4 144
326 327
0 617
336 337
361 362
5827 5976
22 5976
5973 5976
5805 5976
68 5976
5975 5976
5815 5976
5871 5976
5914 5976
1074 1075
360 379
46 661
0 162
12 2517
6 431
0 100
1 1386
11 850
1 511
403 405
1099 1102
0 1102
0 370
187 196
1 361
17 841
697 698
0 124
0 290
5 218
437 439
213 229
0 349
0 89
0 360
329 333
329 333
0 526
121 122
0 412
1 196
0 874
0 247
6 896
1 338
2 338
2 142
1778 1779
106 1779
1753 1779
1712 1779
39 1238
12 876
2 1853
8 1853
3 1853
589 592
559 564
0 173
1504 1539
0 158
793 812
6 584
0 328
11 262
0 816
95 99
2 796
13 404
5 146
344 345
5 464
225 228
268 274
459 919
0 502
3 1110
2 122
2 446
26 518
0 141
12 585
557 561
2805 2808
1355 1357
107 1416
0 204
3 100
48 563
0 564
0 473
48 1110
0 339
163 327
4 308
282 295
0 587
0 777
4 558
148 149
204 209
5 279
951 962
1 3095
4 3095
3 3095
9 1617
1 1617
0 1617
2 1617
317 318
326 327
6 1767
56 1767
1756 1767
1 1767
239 240
0 1071
0 522
0 1618
2 465
0 465
16 465
