2 384
12 375
1 392
1 576
0 576
5 776
1 776
1 511
18 2287
183 2287
29 745
7 745
1 914
0 338
0 448
0 691
2 691
0 183
45 914
26 1155
1150 1155
87 1155
4 1155
3 1155
1365 1370
34 1623
7388 7389
105 7389
6 7389
1 7389
24 7389
42 7389
76 7389
3 7389
10 7389
4 7389
270 7389
18 2339
3 615
15 1288
173 176
1245 1265
7 1265
19 1265
148 150
0 79
0 1983
1 1983
4 1983
7 1983
3 269
392 397
2 1208
0 1208
4 1208
1461 1474
239 240
0 448
3 558
1 1113
0 1113
2 79
302 305
399 400
7 388
3 590
26 1483
3 152
3 152
795 796
18 1536
0 805
1 276
8 328
1266 1267
1264 1267
1256 1267
11 1267
1265 1267
0 522
14 198
2 1013
1 1013
2 152
0 1303
12 1008
1 1008
4 327
7 562
4 737
1 737
2 264
1 175
0 44
0 89
32 1913
5 1913
1532 1539
972 973
852 855
0 301
26 7645
16 7645
7644 7645
46 7645
67 7645
880 7645
7643 7645
7637 7645
7638 7645
14 7645
0 7645
583 7645
28 7645
7604 7645
276 7645
7625 7645
220 7645
68 7645
340 7645
7628 7645
9215 9306
3 9306
1025 9306
9292 9306
9294 9306
14 9306
9305 9306
9304 9306
1106 9306
178 9306
8 9306
9302 9306
9255 9306
161 9306
9303 9306
118 9306
93 9306
2 9306
3745 3760
17 3760
3756 3760
3759 3760
3753 3760
3663 3760
3733 3760
3758 3760
687 689
2 295
25 1454
0 1454
2 1454
11 1454
625 626
201 203
404 405
793 794
0 794
843 844
48 657
1108 1110
1 150
0 1071
0 812
0 812
0 422
18 896
392 395
1 2339
0 135
2 324
1 721
3 79
202 204
3 811
1 368
0 380
0 380
3 384
0 152
0 98
6 68
5 446
0 777
2 777
1 884
15 884
2 1514
865 876
5 348
0 169
9 663
662 663
8 303
11 240
439 441
1472 1474
0 733
4 1077
1 404
0 973
137 138
3 1618
3 567
12 876
166 176
3 2150
2090 2150
11 876
4 311
1580 1597
53 1597
1591 1597
1569 1597
0 618
0 98
183 184
7 776
1 776
496 497
5 57
4 392
668 670
26 670
4 392
0 511
1 247
0 876
1 344
2 965
1531 1539
2 509
212 215
173 176
4 215
207 215
1385 1386
277 283
14 764
464 465
789 792
429 10782
15 10782
473 10782
2 10782
27 10782
137 10782
244 10782
7 10782
3 10782
5 10782
260 10782
10771 10782
10773 10782
10734 10782
559 10782
23 10782
33 10782
31 10782
497 10782
627 10782
1 10782
95 10782
8 10782
10728 10782
260 10782
46 10782
0 224
7 767
3 144
39 540
1 2510
3 2510
35 269
5 269
4 1269
0 1269
1 919
2 782
0 448
0 931
1 931
3 247
3 89
9 2038
0 2038
2 2038
0 446
7 737
0 1898
18 1898
23 584
1352 1360
2 2257
1 2257
1686 1695
3 2339
1065 1072
0 746
4 746
4 2150
47 2150
6 3410
25 3410
3401 3410
10 746
13 2150
2120 2150
756 764
5 746
1 456
27 590
2 2449
2448 2449
181 191
1 777
8 266
983 1027
2 976
33 976
4 3000
2972 3000
8 3000
50 3000
7 3000
2880 3000
7 202
1 456
763 777
5 381
2 295
185 186
440 441
1 94
9 68
4 287
9 240
70 142
239 240
5 655
10 1197
7 2831
5 2831
3 2831
2 2831
0 1331
4207 4210
4199 4210
4151 4210
4203 4210
81 4210
4183 4210
11 4210
23 4210
4209 4210
4190 4210
97 4210
5 20
1 209
0 677
1 677
1 1547
0 1547
886 888
864 888
342 344
405 413
2 1012
0 1012
5 1012
5 269
0 467
498 504
4 1110
0 585
141 2128
2085 2128
94 2128
7 960
242 1483
1531 1536
1532 1536
1107 1110
11 1069
3 1069
46 1069
1012 1014
777 811
8 1110
11 423
0 93
8 183
2 384
2 724
154 2375
2285 2375
2362 2375
177 178
44 788
2 788
9 788
4 788
53 788
0 788
1 788
48 788
3 788
0 203
1 226
8 4949
45 4949
3 4949
13 4949
76 4949
28 4949
24 4949
118 120
24 2150
15 2150
113 2150
651 653
686 689
5 2955
1 2955
7 2955
3 2955
58 2955
2877 2955
6 2955
1 1695
434 439
434 439
220 225
4 2163
3 2163
36 13875
7 13875
1 13875
11 13875
16 13875
20 13875
8 13875
21 13875
32 13875
52 13875
1832 13875
312 13875
883 13875
387 13875
3 2339
16 222
148 150
6 1164
4 1164
3 1164
1 2347
3 2347
2 2347
4 2347
632 633
0 384
3118 3126
93 3126
29 3126
3057 3126
8 3126
3105 3126
3097 3126
3 1078
0 1078
4 1078
0 267
0 1926
512 526
811 812
850 858
3 5657
6 5657
1 5657
4 5657
0 5657
2 5657
19 5657
5648 5657
12 1042
29 423
0 218
15 172
31 1307
108 1021
4 384
399 400
239 240
8 247
166 176
0 247
6 124
7 618
1 247
6 1708
11 1708
15 1708
7 1708
9 762
1 762
1 152
364 371
2 264
438 442
441 442
1 389
45 5642
5 5642
38 5642
177 5642
30 5642
19 5642
156 5642
5 416
9 223
0 86
22 543
2 1403
1 1403
672 679
1 2517
0 87
45 689
4 336
0 89
2 153
23 1403
1962 1963
1950 1963
2 2002
0 2002
2000 2002
146 147
146 147
155 163
263 264
1 1539
7 264
5 590
0 181
233 241
2 465
40 764
57 764
763 764
8 295
1650 1652
1647 1652
1966 1967
2 86
0 1110
2 1183
1 1183
0 1183
0 876
0 389
0 1124
1 1124
3 1014
0 961
2 961
5 961
0 526
0 359
22 1130
0 257
1384 1386
30 842
109 1042
0 257
2316 2403
25 2403
11 2403
104 106
374 375
10 617
264 270
269 270
339 340
6 327
0 380
0 518
586 587
580 587
0 384
421 424
15 264
5 699
1306 1317
1316 1317
1 1317
1 120
6 594
0 538
0 603
26 1130
1 344
10 240
2 1241
121 122
1 855
1 1898
10 1898
0 1898
1 1898
0 384
0 17
900 914
1 777
160 163
98 4713
44 4713
4691 4713
357 4713
4617 4713
0 4713
0 44
5 2150
79 2150
0 2150
1 2150
1 402
258 266
3 781
745 781
0 781
9 781
663 664
686 689
0 874
8 796
794 796
69 1464
141 1464
24 1464
542 548
380 382
4 233
2 663
254 257
3 506
9 1012
4 257
3 626
2 371
39 782
0 3816
3814 3816
169 3816
107 3816
187 3816
3793 3816
47 3816
339 340
17 1347
3 1347
2 149
28 554
7 364
23 364
21 295
46 435
2 695
2 1247
3 1247
2 423
15 914
0 265
0 631
630 631
3 186
85 518
16 171
20 511
16 431
10 2308
0 2308
18 2303
0 2303
3 145
2 145
7 145
1 467
516 518
403 405
42 318
1 423
9 324
385 389
4 8726
8722 8726
93 8726
13 8726
271 8726
8721 8726
126 8726
8644 8726
8724 8726
8723 8726
1 8726
8 8726
2 8726
420 422
11 108
4 456
0 1036
1 1036
387 391
0 344
676 679
3 154
198 397
1 3066
3 3066
3058 3066
3 1214
68 1214
7 1595
61 1595
763 764
0 457
0 368
0 376
3 209
206 209
2 1191
1 1191
1 592
377 378
137 141
1 389
2 446
260 264
1 526
0 1110
1258 12734
49 12734
29 12734
83 12734
1036 12734
631 12734
1260 12734
34 12734
5 12734
357 12734
74 12734
74 12734
158 12734
95 12734
166 12734
200 12734
144 12734
246 12734
202 203
0 89
6 653
13 295
0 841
0 441
7 384
875 876
20 1264
1229 1264
25 1264
0 404
0 1483
0 1110
5 590
2 590
2 264
0 107
3 1386
147 148
0 89
21 842
460 461
0 669
5 669
4 737
4 699
3 423
2 737
0 107
14 107
142 148
3 473
2 2629
19 2629
5 2629
3 2629
3 384
1574 1589
1568 1589
18 1589
4 113
2687 2696
2695 2696
0 2696
767 774
15 664
944 987
983 987
986 987
16 4344
4228 4344
2 4344
5 4344
0 4344
7 4344
157 4344
7 222
613 626
1313 1376
0 1376
4 1376
1333 1376
0 558
679 680
673 680
2 234
5 177
9 177
381 384
1 441
40 441
4 376
6 1511
71 1511
2 522
1 522
0 169
0 737
9 664
477 479
4 2238
61 2238
7 2238
1 2238
1051 1074
4 737
3 762
13 2517
18 788
2299 2300
30 2300
760 762
4 618
0 183
269 270
5 558
251 252
26 295
4 1913
215 1913
654 656
2 656
72 656
239 240
1 423
53 764
372 373
6 446
1 357
2 423
0 632
0 590
7 562
8 456
0 9
293 587
559 562
11 1014
18 774
0 404
561 567
2 1407
4 594
14 690
680 690
7 250
126 127
294 295
7 2725
9 2725
11 2725
2 2725
8 2725
16 442
3 442
18 518
1 508
0 269
2 269
0 38
7 6094
12 6094
4 6094
3 6094
9 6094
1366 1370
2711 2737
16 2737
11 1409
43 526
3 465
25 339
1 960
2 960
30 382
1 295
0 404
0 431
2 1536
3 615
0 844
0 308
6 504
2 560
0 730
1 730
2 764
2 1701
9 240
17 283
595 596
4 392
63 2339
0 2339
0 303
0 461
9 563
12 438
1 122
12 980
6 980
837 845
9 665
4 378
343 352
884 889
2 889
0 189
0 431
750 751
1 526
1953 1955
1933 1955
1951 1955
1952 1955
80 1955
1954 1955
46 9453
55 9453
49 9453
15 9453
40 9453
93 9453
1 9453
16 9453
9 9453
45 9453
26 9453
44 9453
28 9453
38 9453
68 9453
6 3604
29 3604
35 3604
1801 3604
10 3604
2969 2982
2941 2982
2978 2982
2966 2982
11 2982
4 1152
497 499
0 181
1 181
12 249
2 613
394 395
567 575
1 122
1090 1114
1106 1114
19 283
141 283
1 241
2 55
648 655
0 1887
4 1887
5 1887
7507 7512
7494 7512
7505 7512
7380 7512
5 7512
7496 7512
7510 7512
68 7512
27 7512
401 7512
7479 7512
7511 7512
7442 7512
50 7512
7461 7512
321 328
10 623
3 106
6 82
0 305
195 196
148 151
18 439
6 328
29 2031
7 4370
11 4370
9 4370
6 4370
2 4370
10 4370
8 4370
5 4370
10 340
0 360
0 269
0 413
881 887
0 187
6 187
1 534
1 1539
24 726
17 257
200 202
0 764
1 764
0 473
7 729
13 729
11 729
8 174
4 593
1 326
5 282
4 59
2 2849
37 2849
3 2849
24 2849
0 225
10 435
423 435
0 522
7 146
15 479
6 399
0 587
16 562
47 788
14 788
779 788
778 788
781 788
1 788
2 788
781 788
54 788
33 473
25 473
74 1528
0 1528
44 1904
25 1904
9 733
215 219
16 2417
60 2417
25 594
15 594
18 594
1 620
0 620
0 476
4 476
0 405
18 1695
0 91
2 91
1 1223
0 1223
3 1223
477 479
327 328
6 1879
0 1879
138 4834
8 4834
4828 4834
4832 4834
10 4834
21 4834
1 145
735 739
4 336
4 361
7 177
43 413
747 759
190 191
14 191
11 240
0 233
1 177
0 176
2 318
5 807
9 807
0 761
0 446
0 931
1 931
0 1074
16 812
10 287
6 764
33 1043
0 857
1 922
1 558
9 558
20 279
19 173
128 130
3 617
6 617
15 1707
11 1707
4162 4275
77 4275
5 4275
4265 4275
4267 4275
1 1149
30 1149
96 1149
70 2971
90 2971
1 336
2 318
1025 1026
0 92
6 92
0 311
154 161
773 774
8 127
21 379
24 400
427 428
2 381
559 562
3 497
392 393
0 279
322 323
20 395
9 223
0 362
15 509
0 2434
9 716
9 388
231 233
0 484
483 484
482 484
5 1075
19 1075
1064 1075
1072 1075
5 118
1 114
56 844
801 844
0 306
3 1742
0 1742
1 1742
14 441
652 655
49 764
46 509
1868 3737
0 3737
2 3737
1 3737
14 562
1090 2181
0 338
0 40
1 379
404 405
1 474
0 98
1140 1143
11 368
5 699
0 343
11 126
1 1644
20 1644
0 767
1 767
52 767
9 20
301 310
2 354
0 61
11 297
47 727
4 395
1602 1618
232 233
5 381
24 473
14 217
3 152
61 768
2 171
0 567
0 301
0 461
782 788
8 788
781 788
779 788
785 788
0 788
1 788
783 788
776 788
390 405
652 653
6 139
2 324
79 973
35 1386
632 633
32 664
111 1618
7 395
0 295
5 344
229 230
1109 2219
0 385
18 527
1 1926
2 1926
12 548
0 919
683 699
459 472
29 327
0 821
1 821
2 821
0 526
3 567
9 1012
4 1012
2 1012
4 562
33 739
2 266
223 227
0 241
22 635
6 391
2 177
2 407
423 435
524 535
15 527
1 371
3 371
1 240
56 57
294 297
1 262
351 361
145 1312
83 84
29 287
9 509
583 585
589 592
16 812
44 2339
281 290
0 948
1 948
1 448
28 973
6 360
0 389
48 1646
5 2101
0 2101
1 2101
3 2101
6 876
10 472
2 265
11 777
9 502
6 137
204 209
2 144
2 183
0 370
13 135
0 120
71 962
31 721
113 114
1 3218
3 1747
0 231
3 1110
0 153
1 290
2 397
4 325
28 319
19 382
21 5267
13 5267
9 5267
12 5267
45 5267
11 5267
40 5267
51 5267
5 5267
7 5267
8 5267
0 5267
18 5267
32 5267
3 1034
0 1034
5 2191
1 2191
8 247
7 247
41 1416
121 1027
1 319
0 1042
1 384
0 163
0 127
0 484
1 900
0 544
8 265
4 368
35 930
6 2416
4 2416
7 2416
39 919
406 407
0 382
0 247
0 233
2 1183
1 1183
0 1183
1 1185
0 382
0 340
0 3763
5 3763
176 177
476 477
140 141
20 242
0 295
1 295
5 395
13 615
6 308
0 1695
26 511
1 227
5 257
1 2339
5 395
0 359
0 761
242 257
3 176
2 336
193 195
361 365
239 240
227 230
8 196
16 338
37 1116
0 1116
4 1124
0 300
3 1623
892 906
0 57
0 188
0 1057
0 233
43 721
314 318
0 735
2 699
1 446
0 310
0 165
460 465
6 1130
66 679
0 392
10 348
0 1898
1 1898
5 472
946 950
949 950
939 950
11 191
3 1695
320 324
2 282
4 861
3 1695
17 360
1 960
377 388
1 1701
452 453
451 453
246 247
0 461
294 295
7 1042
18 549
8 319
19 1110
6 2517
0 866
2 866
8 141
0 387
3 48
1739 1791
0 1791
0 511
4 275
3 286
0 423
0 191
29 950
6 509
0 861
7 364
8 364
375 378
3615 3651
0 364
3 364
2 298
667 679
2 654
176 177
4 605
7 392
6 392
49 569
0 43
407 414
266 272
6 327
16 2050
4 2050
1 2050
0 617
4 927
7 1268
2 1268
4 1268
26 1413
3 157
7 317
784 790
773 790
9 812
53 1077
579 584
28 562
1325 1360
2 1695
12 405
1 587
126 127
3 1592
0 1592
1 1719
0 1719
2 1719
547 548
14 548
194 195
338 352
0 1043
6 2703
2 2703
1 2703
0 2703
37 1165
13 395
0 1323
2 1323
1 1323
11 1323
3 1323
0 118
163 165
0 663
7 451
1 1536
1522 1526
30 1526
1523 1526
0 116
10 327
0 587
3 139
4 325
11 1288
1 116
8 240
0 217
355 712
5 1386
2338 2339
4 2517
5 381
16 284
176 183
5 295
1 2517
2180 2339
3 465
0 247
0 2517
0 55
0 281
0 247
1356 1360
5 461
64 3761
6 590
1 594
18 378
1537 1539
10 108
200 4338
135 1552
1 152
9 646
4 306
653 657
655 657
7 1042
23 421
1032 1042
6 222
1031 1034
257 270
2 1104
0 486
501 502
55 57
12 816
19 2365
11 1074
0 187
2233 2236
2230 2236
2223 2236
0 2236
403 405
10 1110
2 497
221 222
119 120
0 151
1 1392
0 230
0 86
76 78
262 2339
8 9
12 1021
317 318
3 308
29 279
736 762
8 88
3 721
8 1027
494 500
0 89
2 86
157 159
7 733
717 725
2 276
3 497
17 1130
451 456
0 654
776 777
52 53
0 340
64 475
1 142
16 694
40 41
1 90
585 588
2 588
21 588
3 214
4 67
1 588
1 327
1 342
0 588
7 193
2 161
5 90
2 588
40 41
3 322
3 718
2 142
10 567
16 588
3 113
0 120
7 588
12 567
34 588
587 588
0 483
587 588
8 218
585 588
0 282
0 282
15 588
12 218
5 327
1 24
13 274
0 274
2 214
1 142
0 90
44 90
1 228
5 567
0 229
12 567
9 343
1 228
2 327
1 43
4 386
4 694
12 228
1 475
1 588
19 475
26 946
0 475
2 567
1 457
3 327
0 483
2 343
5 116
0 475
7 228
0 342
4 327
555 560
15 229
98 99
1 588
7 43
7 43
0 168
6 141
0 483
0 16
2 588
0 386
0 334
2 588
3 588
4 588
2 588
0 90
17 588
0 271
4 588
9 386
0 67
49 560
12 342
453 454
586 588
17 588
3 211
17 694
44 694
6 228
12 327
3 588
4 752
0 53
226 229
2 588
1 41
0 374
21 334
28 588
2 475
3 110
3 229
0 58
6 588
1 142
5 153
0 334
5 116
5 118
3 588
3 386
3 327
8 142
20 228
8 156
3 588
1 588
1 327
9 343
7 153
16 475
1 588
4 99
0 588
8 588
24 574
1 694
1 90
11 694
2 56
31 560
7 342
0 322
0 752
3 588
33 327
4 193
2 454
0 342
65 67
0 327
1 588
1 229
0 342
0 67
118 2673
0 211
1 483
326 327
5 228
4 33
4 962
0 1539
0 125
0 120
76 80
1 816
0 554
3 176
2 406
0 66
4 473
0 977
0 844
1 290
478 502
87 88
2 275
143 147
6 515
0 1205
0 1403
0 1695
7 605
602 605
4 1347
3 1347
34 1516
0 295
0 473
0 59
14 1021
14 788
113 228
0 1110
0 88
0 768
1 476
336 337
339 340
1658 1695
126 127
0 308
0 378
0 241
3 452
0 284
1 1900
0 1900
1 3101
0 3101
0 6
4 218
28 664
0 158
0 423
942 951
950 951
0 623
0 399
4 1577
264 278
1 214
36 2150
8 2150
0 145
0 404
0 1074
11 336
0 362
4 594
0 216
438 439
2 527
1384 1386
0 639
34 762
0 625
1 625
0 725
0 395
0 1036
8 1042
12 393
1532 1539
2 368
1493 1539
8 117
0 632
6 1042
1 518
3 567
7 452
0 1071
342 347
1 303
0 120
269 270
1 2237
2236 2237
2235 2237
14 2237
2 2237
0 233
218 1552
0 409
0 1230
2 1230
851 853
0 400
0 126
441 446
25 857
0 973
0 274
2 274
1 3390
27 3390
4 3390
2 3390
0 584
886 890
621 626
13 216
0 1346
0 247
7 287
8 79
0 196
184 191
141 7353
7349 7353
22 7353
7085 7353
142 7353
13 7353
117 7353
7294 7353
7346 7353
650 7353
7291 7353
3 7353
7340 7353
118 7353
7284 7353
10 7353
9 141
2419 2466
2457 2466
2453 2466
2451 2466
1415 1456
10447 10604
391 10604
10574 10604
2 10604
5 10604
10602 10604
204 10604
10286 10604
10467 10604
10510 10604
0 10604
20 10604
10298 10604
95 10604
44 10604
10284 10604
34 1655
28 1655
0 407
3 1162
11 1162
0 1162
4 1162
477 479
7 623
0 87
546 564
6 391
0 295
1 590
0 508
115 1695
1 47
783 788
775 788
782 788
779 788
781 788
16 788
49 788
780 788
778 788
228 230
0 739
32 436
13 1695
0 247
621 626
565 567
114 115
2 48
0 344
14 684
90 764
0 582
121 1072
2 1862
0 1862
1 369
11 876
1 625
226 233
917 937
934 937
904 937
0 230
2 421
270 272
7 218
804 812
31 826
0 919
3 887
1 1072
31 2339
951 958
4 958
10 1623
140 141
790 792
42 811
0 2330
1 2330
1 247
8 974
6 120
0 182
2 423
0 1967
0 30
4 384
2 549
1150 1153
0 497
12 188
22 498
156 157
6 157
2338 2339
1 950
56 57
0 135
3 473
0 962
0 448
0 163
6 414
6 1161
0 1161
2 1161
1 117
1 96
0 1403
0 1346
1 139
1084 1110
472 473
40 318
0 318
0 700
0 162
2 1967
1504 1539
0 1539
0 106
0 5662
1 5662
3 5662
2 5662
4 5662
75 1536
18 1536
11 625
2525 2565
2494 2565
2547 2565
1 2565
2523 2565
0 2565
1746 1747
382 384
0 183
53 1249
1248 1249
0 87
11 812
744 746
2110 2128
44 2128
35 2128
472 473
0 67
123 124
170 178
0 764
0 379
2 2396
0 2396
1 2396
13 890
16 890
15 890
0 38
3 2407
1 2407
6 2407
7 2407
730 735
4 581
0 581
2 385
3 385
10 615
0 139
60 641
0 448
0 1064
1063 1064
4 2225
5 89
0 941
0 89
0 1419
15 452
0 80
539 554
1 89
15 1294
17 1294
17 381
1899 1948
1946 1948
1944 1948
1945 1948
0 962
8 448
2 352
136 137
2 594
2 1708
0 1708
286 287
0 25
813 816
624 626
1 90
12 2339
0 1536
16 233
66 69
0 319
1 796
445 446
0 527
4 142
1 369
1 153
589 590
0 385
405 413
2 446
0 2395
3 2395
390 404
295 592
25 2163
2112 2163
2150 2163
3 55
13 191
26 2423
0 2423
2421 2423
336 344
0 196
451 452
1357 1403
1 1205
2 1205
1 1014
0 294
0 448
84 86
0 395
843 844
0 844
1 303
1356 1360
0 812
106 107
0 562
0 479
3 467
1730 1733
1674 1733
1669 1733
79 80
685 739
11 446
123 247
0 389
0 733
1 215
1 295
2 431
0 175
129 130
186 187
2 135
0 284
365 371
13 330
6 1724
0 1724
3 1724
3 549
2 919
1112 1139
0 896
1 896
0 437
1 103
259 264
2 261
0 264
0 648
11 1577
1485 1501
1497 1501
1495 1501
14 617
10 1618
0 285
6 504
114 115
1 48
246 247
20 737
0 223
0 509
0 311
545 594
474 477
0 345
1 733
2 789
1 789
0 605
22 1747
346 347
1509 1511
1508 1511
0 362
146 147
40 307
137 139
138 139
0 382
17 1766
18 788
2 788
4 788
5 788
8 788
0 788
1 788
10 788
3 788
693 694
1 694
6 307
172 174
5 371
32 1077
536 537
1 178
101 103
6 290
3155 3159
3150 3159
3148 3159
1311 1331
24 50
2 716
1 508
1906 1909
1902 1909
1892 1909
1617 1618
1609 1618
0 384
1 384
0 102
8 94
0 585
19 474
28 535
0 261
294 295
0 169
0 148
6 183
865 876
1 733
3 1787
1779 1787
1785 1787
4 617
0 1553
2 1553
3 504
1 343
0 632
0 127
502 504
1 1083
1 65
91 1144
173 178
1 172
12 240
429 431
918 919
497 498
0 1618
8 1475
19 368
3 26
2 1965
6 1965
5 1965
4 1965
0 1965
16 1965
124 125
1 175
4 55
374 379
0 229
0 229
0 230
0 1042
343 344
322 323
4 746
16 876
474 479
402 406
1 504
4 171
28 575
24 764
47 1913
10 1913
1 1057
4 269
0 173
0 344
0 772
0 242
0 1695
1676 1695
0 382
7 764
0 175
4 94
1 811
0 394
0 1287
0 176
8 139
0 310
1 360
227 230
1 811
0 381
0 1129
5 1129
1 1129
3 638
1070 1071
12 1410
1409 1410
1408 1410
1 811
0 497
1 37
0 285
6 305
1 256
0 360
232 233
604 623
1 1061
258 260
0 452
561 563
589 592
5 144
325 327
0 617
336 337
361 362
5728 5976
29 5976
5973 5976
5829 5976
80 5976
5975 5976
5837 5976
5865 5976
5920 5976
1074 1075
360 379
654 661
0 162
14 2517
6 431
0 100
1 1386
10 850
1 511
403 405
1099 1102
0 1102
0 370
187 196
1 361
17 841
697 698
0 124
0 290
4 218
437 439
216 229
0 349
0 89
0 360
326 333
330 333
0 526
121 122
0 412
0 196
1 874
0 247
6 896
1 338
2 338
2 142
1778 1779
111 1779
1759 1779
1718 1779
44 1238
12 876
2 1853
10 1853
3 1853
589 592
560 564
0 173
1507 1539
0 158
793 812
3 584
1 328
14 262
0 816
94 99
3 796
17 404
5 146
344 345
6 464
225 228
269 274
459 919
0 502
1 1110
2 122
2 446
28 518
0 141
10 585
55 561
2805 2808
1356 1357
130 1416
0 204
1 100
281 563
0 564
0 473
53 1110
0 339
163 327
4 308
284 295
0 587
0 777
4 558
148 149
204 209
5 279
952 962
1 3095
4 3095
3 3095
9 1617
1 1617
0 1617
2 1617
317 318
326 327
9 1767
54 1767
1745 1767
1 1767
239 240
0 1071
0 522
0 1618
1 465
0 465
14 465
