3 384
10 375
14 392
0 576
4 576
28 776
31 776
19 511
16 2287
4 2287
4 745
4 745
5 914
12 338
4 448
0 691
1 691
0 183
913 914
11 1155
1154 1155
577 1155
2 1155
7 1155
2 1370
18 1623
83 7389
17 7389
19 7389
4 7389
1 7389
5 7389
18 7389
20 7389
144 7389
15 7389
221 7389
8 2339
3 615
10 1288
173 176
12 1265
10 1265
15 1265
4 150
0 79
0 1983
1 1983
4 1983
6 1983
3 269
198 397
3 1208
22 1208
5 1208
3 1474
11 240
3 448
3 558
1 1113
0 1113
2 79
14 305
399 400
2 388
7 590
9 1483
75 152
1 152
0 796
767 1536
0 805
9 276
10 328
1 1267
8 1267
7 1267
10 1267
9 1267
11 522
3 198
0 1013
0 1013
75 152
0 1303
0 1008
1 1008
1 327
5 562
6 737
8 737
6 264
6 175
0 44
0 89
17 1913
2 1913
12 1539
972 973
854 855
2 301
150 7645
227 7645
455 7645
7 7645
81 7645
100 7645
152 7645
93 7645
39 7645
147 7645
59 7645
198 7645
172 7645
173 7645
229 7645
410 7645
103 7645
57 7645
51 7645
243 7645
811 9306
4 9306
151 9306
7 9306
5 9306
258 9306
145 9306
6 9306
3 9306
537 9306
283 9306
0 9306
70 9306
245 9306
34 9306
50 9306
20 9306
12 9306
20 3760
124 3760
0 3760
4 3760
29 3760
17 3760
7 3760
22 3760
16 689
1 295
5 1454
0 1454
2 1454
6 1454
2 626
0 203
0 405
12 794
3 794
1 844
328 657
1109 1110
5 150
0 1071
0 812
0 812
0 422
4 896
6 395
8 2339
1 135
7 324
2 721
7 79
2 204
1 811
1 368
3 380
0 380
3 384
7 152
48 98
7 68
2 446
3 777
2 777
1 884
20 884
11 1514
437 876
4 348
0 169
1 663
2 663
17 303
11 240
438 441
15 1474
0 733
3 1077
1 404
0 973
1 138
16 1618
5 567
14 876
1 176
0 2150
64 2150
13 876
155 311
4 1597
5 1597
2 1597
14 1597
15 618
0 98
4 184
7 776
3 776
496 497
4 57
17 392
0 670
1 670
16 392
2 511
5 247
0 876
171 344
5 965
769 1539
1 509
4 215
173 176
4 215
4 215
25 1386
281 283
763 764
1 465
0 792
15 10782
13 10782
27 10782
14 10782
3 10782
48 10782
51 10782
55 10782
30 10782
24 10782
25 10782
211 10782
22 10782
11 10782
5 10782
4 10782
34 10782
12 10782
47 10782
21 10782
19 10782
43 10782
44 10782
1 10782
25 10782
57 10782
0 224
18 767
10 144
269 540
1 2510
0 2510
134 269
5 269
2 1269
0 1269
3 919
0 782
4 448
1 931
0 931
2 247
3 89
7 2038
0 2038
1 2038
1 446
21 737
1 1898
3 1898
291 584
24 1360
7 2257
1 2257
25 1695
16 2339
37 1072
1 746
4 746
1 2150
16 2150
4 3410
3 3410
34 3410
4 746
6 2150
28 2150
16 764
4 746
0 456
15 590
7 2449
22 2449
95 191
1 777
1 266
18 1027
487 976
487 976
8 3000
12 3000
14 3000
112 3000
19 3000
7 3000
5 202
1 456
7 777
9 381
0 295
4 186
220 441
1 94
33 68
4 287
9 240
70 142
12 240
9 655
5 1197
7 2831
5 2831
4 2831
0 2831
1 1331
8 4210
3 4210
63 4210
1 4210
4 4210
13 4210
38 4210
18 4210
5 4210
2 4210
109 4210
4 20
3 209
1 677
0 677
0 1547
1 1547
2 888
0 888
343 344
407 413
2 1012
0 1012
3 1012
9 269
12 467
7 504
554 1110
1 585
3 2128
5 2128
1 2128
7 960
10 1483
1535 1536
23 1536
1101 1110
4 1069
3 1069
0 1069
1011 1014
17 811
5 1110
6 423
1 93
4 183
1 384
1 724
0 2375
3 2375
7 2375
10 178
393 788
2 788
6 788
4 788
393 788
0 788
1 788
393 788
3 788
0 203
10 226
3 4949
10 4949
5 4949
29 4949
44 4949
23 4949
41 4949
1 120
38 2150
1 2150
8 2150
2 653
32 689
12 2955
2 2955
8 2955
4 2955
14 2955
0 2955
5 2955
7 1695
2 439
437 439
9 225
3 2163
2 2163
117 13875
5 13875
0 13875
7 13875
3 13875
8 13875
1 13875
2 13875
102 13875
4 13875
6937 13875
104 13875
47 13875
10 13875
25 2339
3 222
0 150
1 1164
6 1164
8 1164
2 2347
1 2347
3 2347
0 2347
7 633
2 384
14 3126
8 3126
6 3126
1 3126
0 3126
12 3126
11 3126
0 1078
1 1078
2 1078
2 267
8 1926
262 526
22 812
16 858
4 5657
5 5657
13 5657
3 5657
0 5657
1 5657
33 5657
203 5657
8 1042
9 423
6 218
85 172
39 1307
510 1021
7 384
3 400
239 240
5 247
1 176
2 247
4 124
18 618
5 247
0 1708
3 1708
2 1708
1 1708
4 762
0 762
0 152
12 371
5 264
0 442
21 442
0 389
52 5642
1 5642
22 5642
198 5642
46 5642
48 5642
61 5642
2 416
111 223
3 86
20 543
13 1403
8 1403
9 679
6 2517
0 87
344 689
8 336
3 89
1 153
701 1403
17 1963
8 1963
0 2002
6 2002
107 2002
13 147
9 147
7 163
131 264
5 1539
131 264
17 590
0 181
120 241
0 465
381 764
381 764
15 764
7 295
12 1652
8 1652
2 1967
2 86
0 1110
2 1183
0 1183
1 1183
0 876
0 389
1 1124
0 1124
6 1014
0 961
5 961
2 961
0 526
0 359
17 1130
2 257
14 1386
13 842
520 1042
0 257
1 2403
66 2403
13 2403
1 106
10 375
14 617
29 270
30 270
10 340
4 327
7 380
2 518
1 587
0 587
0 384
0 424
17 264
349 699
11 1317
3 1317
0 1317
6 120
7 594
0 538
0 603
21 1130
2 344
119 240
1 1241
4 122
11 855
12 1898
18 1898
2 1898
0 1898
10 384
8 17
17 914
0 777
81 163
6 4713
0 4713
9 4713
2356 4713
14 4713
3 4713
0 44
0 2150
3 2150
5 2150
3 2150
8 402
132 266
1 781
4 781
2 781
0 781
663 664
12 689
6 874
4 796
18 796
64 1464
39 1464
31 1464
10 548
7 382
116 233
1 663
9 257
252 506
7 1012
3 257
1 626
3 371
390 782
3 3816
5 3816
12 3816
7 3816
4 3816
13 3816
1 3816
10 340
6 1347
0 1347
1 149
6 554
3 364
2 364
147 295
217 435
27 695
3 1247
0 1247
7 423
913 914
0 265
0 631
7 631
4 186
23 518
85 171
255 511
43 431
4 2308
0 2308
10 2303
7 2303
0 145
3 145
1 145
17 467
258 518
2 405
6 318
7 423
16 324
388 389
1 8726
57 8726
48 8726
2 8726
50 8726
184 8726
202 8726
95 8726
71 8726
7 8726
0 8726
11 8726
3 8726
421 422
107 108
2 456
1 1036
0 1036
16 391
0 344
15 679
1 154
198 397
9 3066
10 3066
36 3066
6 1214
5 1214
14 1595
32 1595
762 764
0 457
0 368
0 376
3 209
205 209
2 1191
0 1191
13 592
377 378
70 141
2 389
7 446
5 264
10 526
5 1110
6366 12734
21 12734
0 12734
205 12734
22 12734
50 12734
6366 12734
15 12734
12 12734
222 12734
39 12734
39 12734
81 12734
51 12734
27 12734
314 12734
140 12734
120 12734
9 203
2 89
3 653
11 295
0 841
0 441
2 384
0 876
33 1264
631 1264
44 1264
4 404
0 1483
0 1110
294 590
17 590
5 264
0 107
11 1386
2 148
44 89
10 842
460 461
0 669
3 669
9 737
349 699
8 423
6 737
0 107
0 107
7 148
0 473
14 2629
35 2629
13 2629
8 2629
6 384
10 1589
1 1589
4 1589
3 113
49 2696
10 2696
0 2696
0 774
29 664
493 987
1 987
4 987
5 4344
24 4344
2 4344
13 4344
0 4344
1 4344
22 4344
3 222
312 626
13 1376
0 1376
7 1376
1371 1376
0 558
3 680
5 680
4 234
4 177
3 177
17 384
19 441
20 441
187 376
0 1511
5 1511
7 522
5 522
0 169
7 737
31 664
10 479
14 2238
2 2238
9 2238
3 2238
14 1074
11 737
1 762
1258 2517
393 788
21 2300
36 2300
761 762
14 618
0 183
269 270
11 558
1 252
14 295
18 1913
25 1913
22 656
1 656
8 656
11 240
3 423
381 764
24 373
0 446
2 357
7 423
0 632
5 590
280 562
227 456
0 9
293 587
3 562
5 1014
0 774
0 404
3 567
2 1407
2 594
1 690
2 690
12 250
2 127
294 295
4 2725
2 2725
6 2725
0 2725
1 2725
1 442
0 442
1 518
1 508
0 269
1 269
0 38
2 6094
3 6094
1 6094
0 6094
4 6094
1369 1370
8 2737
11 2737
9 1409
262 526
232 465
3 339
3 960
0 960
21 382
6 295
0 404
0 431
1 1536
3 615
0 844
1 308
4 504
4 560
0 730
1 730
1 764
0 1701
11 240
141 283
4 596
14 392
4 2339
1 2339
0 303
0 461
18 563
7 438
0 122
0 980
1 980
422 845
0 665
4 378
1 352
5 889
4 889
2 189
0 431
3 751
262 526
53 1955
34 1955
21 1955
42 1955
5 1955
26 1955
4 9453
30 9453
8 9453
1 9453
3 9453
41 9453
9 9453
11 9453
5 9453
19 9453
21 9453
20 9453
18 9453
13 9453
6 9453
2 3604
9 3604
9 3604
1801 3604
9 3604
7 2982
2 2982
11 2982
1 2982
4 2982
7 1152
498 499
1 181
0 181
124 249
306 613
11 395
6 575
1 122
3 1114
0 1114
141 283
141 283
0 241
27 55
654 655
1 1887
2 1887
0 1887
163 7512
128 7512
9 7512
13 7512
7 7512
113 7512
79 7512
268 7512
212 7512
487 7512
228 7512
65 7512
8 7512
172 7512
7504 7512
4 328
1 623
1 106
1 82
1 305
97 196
75 151
219 439
1 328
10 2031
2 4370
6 4370
7 4370
0 4370
1 4370
3 4370
5 4370
4 4370
3 340
0 360
1 269
1 413
15 887
1 187
1 187
3 534
3 1539
5 726
128 257
16 202
1 764
2 764
0 473
2 729
1 729
3 729
3 174
296 593
1 326
4 282
29 59
26 2849
31 2849
22 2849
14 2849
4 225
217 435
0 435
0 522
72 146
19 479
199 399
2 587
10 562
393 788
2 788
393 788
393 788
393 788
0 788
0 788
393 788
393 788
5 473
4 473
2 1528
0 1528
21 1904
19 1904
0 733
218 219
29 2417
51 2417
21 594
14 594
296 594
0 620
1 620
0 476
3 476
0 405
16 1695
45 91
45 91
2 1223
1 1223
5 1223
478 479
2 328
1 1879
3 1879
94 4834
4 4834
42 4834
26 4834
8 4834
9 4834
3 145
738 739
11 336
180 361
88 177
412 413
379 759
190 191
190 191
119 240
2 233
3 177
0 176
5 318
5 807
2 807
2 761
0 446
1 931
0 931
0 1074
1 812
143 287
11 764
6 1043
0 857
1 922
5 558
6 558
5 279
86 173
64 130
2 617
3 617
2 1707
1 1707
41 4275
45 4275
9 4275
62 4275
66 4275
2 1149
1 1149
5 1149
2 2971
0 2971
12 336
10 318
4 1026
1 92
0 92
0 311
0 161
7 774
8 127
9 379
399 400
423 428
190 381
5 562
4 497
392 393
0 279
322 323
197 395
2 223
2 362
11 509
1 2434
5 716
386 388
18 233
0 484
3 484
3 484
8 1075
17 1075
31 1075
1074 1075
58 118
0 114
421 844
15 844
4 306
0 1742
3 1742
1 1742
5 441
7 655
9 764
6 509
1868 3737
2 3737
1 3737
0 3737
9 562
1090 2181
2 338
3 40
1 379
5 405
1 474
2 98
1 1143
183 368
349 699
0 343
11 126
1 1644
2 1644
0 767
1 767
383 767
9 20
154 310
2 354
2 61
4 297
363 727
9 395
1617 1618
3 233
190 381
1 473
108 217
4 152
383 768
0 171
1 567
0 301
0 461
393 788
2 788
393 788
393 788
393 788
0 788
0 788
393 788
393 788
1 405
652 653
69 139
0 324
0 973
8 1386
3 633
21 664
808 1618
17 395
0 295
171 344
229 230
1109 2219
0 385
5 527
11 1926
44 1926
3 548
0 919
14 699
1 472
4 327
0 821
1 821
2 821
2 526
4 567
2 1012
2 1012
3 1012
8 562
369 739
1 266
113 227
0 241
13 635
2 391
4 177
1 407
6 435
533 535
3 527
3 371
8 371
1 240
2 57
148 297
4 262
0 361
16 1312
83 84
14 287
4 509
5 585
11 592
405 812
1169 2339
144 290
0 948
1 948
0 448
486 973
1 360
6 389
9 1646
1 2101
2 2101
4 2101
3 2101
3 876
471 472
132 265
8 777
2 502
68 137
104 209
10 144
1 183
0 370
67 135
1 120
5 962
360 721
1 114
3 3218
2 1747
0 231
0 1110
0 153
0 290
4 397
6 325
159 319
190 382
5 5267
17 5267
13 5267
7 5267
20 5267
16 5267
19 5267
25 5267
2 5267
10 5267
9 5267
0 5267
14 5267
26 5267
2 1034
0 1034
0 2191
1 2191
123 247
123 247
12 1416
513 1027
0 319
0 1042
0 384
0 163
4 127
0 484
1 900
0 544
132 265
7 368
0 930
7 2416
3 2416
9 2416
9 919
406 407
0 382
0 247
3 233
7 1183
5 1183
2 1183
1 1185
0 382
0 340
0 3763
1 3763
176 177
19 477
4 141
21 242
0 295
1 295
16 395
307 615
1 308
2 1695
4 511
0 227
1 257
3 2339
13 395
2 359
3 761
255 257
0 176
11 336
2 195
359 365
13 240
5 230
0 196
5 338
12 1116
2 1116
2 1124
0 300
1 1623
452 906
28 57
0 188
1 1057
0 233
2 721
6 318
0 735
349 699
1 446
0 310
0 165
232 465
28 1130
339 679
1 392
173 348
10 1898
0 1898
5 472
36 950
76 950
39 950
0 191
1 1695
0 324
1 282
2 861
42 1695
179 360
950 960
385 388
2 1701
12 453
3 453
246 247
2 461
294 295
15 1042
274 549
159 319
4 1110
19 2517
1 866
0 866
2 141
0 387
23 48
0 1791
3 1791
8 511
2 275
142 286
0 423
3 191
10 950
254 509
0 861
2 364
3 364
377 378
5 3651
0 364
5 364
0 298
1 679
14 654
176 177
6 605
4 392
3 392
4 569
0 43
4 414
0 272
6 327
0 2050
1 2050
2 2050
0 617
9 927
3 1268
0 1268
1 1268
706 1413
78 157
315 317
33 790
394 790
4 812
538 1077
7 584
280 562
19 1360
5 1695
202 405
293 587
4 127
2 1592
0 1592
0 1719
1 1719
2 1719
12 548
2 548
97 195
1 352
0 1043
5 2703
4 2703
2 2703
4 2703
582 1165
13 395
0 1323
2 1323
1 1323
18 1323
3 1323
0 118
164 165
4 663
6 451
13 1536
3 1526
1 1526
1 1526
2 116
163 327
2 587
0 139
3 325
1285 1288
1 116
119 240
1 217
355 712
26 1386
15 2339
0 2517
190 381
141 284
6 183
147 295
19 2517
25 2339
22 465
1 247
1 2517
0 55
1 281
0 247
19 1360
4 461
1880 3761
5 590
2 594
377 378
26 1539
10 108
2168 4338
775 1552
3 152
2 646
4 306
33 657
650 657
30 1042
210 421
4 1042
4 222
10 1034
0 270
3 1104
0 486
501 502
2 57
407 816
1 2365
536 1074
0 187
9 2236
3 2236
1 2236
0 2236
404 405
1 1110
9 497
110 222
0 120
0 151
0 1392
0 230
4 86
6 78
1169 2339
8 9
3 1021
12 318
1 308
3 279
2 762
4 88
5 721
2 1027
10 500
2 89
2 86
12 159
1 733
20 725
3 276
2 497
4 1130
0 456
0 654
776 777
1 53
0 340
237 475
2 142
7 694
0 41
0 90
15 588
4 588
3 588
1 214
2 67
3 588
2 327
1 342
3 588
96 193
2 161
44 90
8 588
6 41
3 322
1 718
2 142
11 567
587 588
56 113
0 120
12 588
3 567
293 588
586 588
12 483
28 588
5 218
587 588
13 282
9 282
293 588
108 218
3 327
11 24
0 274
5 274
2 214
1 142
6 90
44 90
1 228
6 567
0 229
13 567
4 343
5 228
3 327
0 43
11 386
346 694
113 228
4 475
3 588
237 475
24 946
0 475
0 567
1 457
9 327
10 483
9 343
4 116
0 475
113 228
2 342
163 327
279 560
4 229
0 99
6 588
21 43
21 43
0 168
11 141
0 483
7 16
10 588
6 386
9 334
293 588
293 588
6 588
293 588
2 90
17 588
5 271
12 588
14 386
3 67
279 560
170 342
10 454
5 588
13 588
5 211
346 694
6 694
8 228
4 327
13 588
17 752
0 53
0 229
27 588
7 41
0 374
3 334
12 588
32 475
5 110
1 229
1 58
20 588
2 142
6 153
4 334
4 116
58 118
13 588
28 386
4 327
2 142
15 228
77 156
3 588
6 588
2 327
171 343
76 153
13 475
4 588
5 99
0 588
6 588
286 574
2 694
2 90
26 694
0 56
279 560
11 342
160 322
4 752
12 588
19 327
2 193
7 454
2 342
2 67
12 327
13 588
5 229
1 342
3 67
1336 2673
2 211
13 483
9 327
0 228
4 33
480 962
3 1539
0 125
0 120
39 80
1 816
0 554
4 176
4 406
0 66
1 473
0 977
0 844
0 290
7 502
87 88
137 275
9 147
4 515
0 1205
2 1403
0 1695
2 605
17 605
2 1347
8 1347
46 1516
0 295
0 473
0 59
6 1021
15 788
113 228
1 1110
0 88
0 768
2 476
5 337
339 340
16 1695
4 127
0 308
3 378
0 241
451 452
2 284
1 1900
0 1900
1 3101
0 3101
0 6
7 218
30 664
0 158
0 423
19 951
12 951
1 623
0 399
13 1577
0 278
3 214
2 2150
0 2150
0 145
0 404
0 1074
1 336
0 362
4 594
0 216
10 439
4 527
12 1386
3 639
13 762
0 625
1 625
0 725
0 395
0 1036
16 1042
1 393
21 1539
1 368
6 1539
58 117
7 632
41 1042
258 518
1 567
1 452
0 1071
0 347
3 303
0 120
31 270
3 2237
56 2237
4 2237
12 2237
14 2237
0 233
775 1552
0 409
0 1230
2 1230
27 853
1 400
0 126
0 446
428 857
0 973
1 274
0 274
1 3390
17 3390
3 3390
0 3390
0 584
10 890
2 626
107 216
0 1346
0 247
143 287
39 79
0 196
20 191
122 7353
118 7353
70 7353
509 7353
12 7353
25 7353
152 7353
17 7353
121 7353
522 7353
1 7353
103 7353
26 7353
214 7353
155 7353
11 7353
4 141
3 2466
4 2466
0 2466
1 2466
1450 1456
21 10604
8 10604
129 10604
39 10604
40 10604
0 10604
37 10604
31 10604
14 10604
45 10604
30 10604
51 10604
2 10604
3 10604
98 10604
42 10604
14 1655
13 1655
0 407
2 1162
3 1162
0 1162
1 1162
3 479
26 623
0 87
1 564
195 391
0 295
0 590
0 508
847 1695
23 47
393 788
8 788
393 788
13 788
393 788
0 788
1 788
393 788
393 788
5 230
2 739
3 436
38 1695
0 247
3 626
14 567
57 115
23 48
0 344
3 684
381 764
1 582
4 1072
1 1862
0 1862
7 369
14 876
1 625
4 233
1 937
0 937
5 937
1 230
1 421
1 272
6 218
3 812
825 826
1 919
0 887
1 1072
9 2339
6 958
0 958
13 1623
6 141
5 792
5 811
2 2330
1 2330
5 247
973 974
9 120
0 182
0 423
0 1967
0 30
4 384
2 549
1145 1153
0 497
3 188
3 498
1 157
3 157
2338 2339
4 950
2 57
0 135
13 473
0 962
1 448
0 163
3 414
4 1161
1 1161
2 1161
0 117
0 96
15 1403
0 1346
1 139
7 1110
8 473
9 318
0 318
1 700
0 162
2 1967
6 1539
6 1539
105 106
0 5662
2 5662
4 5662
2 5662
1 5662
44 1536
17 1536
13 625
8 2565
0 2565
16 2565
1 2565
9 2565
7 2565
873 1747
19 384
91 183
1 1249
6 1249
0 87
7 812
8 746
1 2128
2 2128
4 2128
0 473
0 67
9 124
177 178
0 764
1 379
2 2396
0 2396
1 2396
10 890
1 890
8 890
0 38
1 2407
3 2407
0 2407
8 2407
1 735
0 581
1 581
2 385
2 385
14 615
0 139
8 641
4 448
3 1064
0 1064
4 2225
3 89
0 941
0 89
0 1419
2 452
1 80
8 554
1 89
1 1294
30 1294
190 381
14 1948
9 1948
1 1948
62 1948
1 962
2 448
1 352
136 137
2 594
1 1708
0 1708
143 287
0 25
0 816
2 626
0 90
9 2339
0 1536
3 233
1 69
1 319
5 796
0 446
0 527
1 142
1 369
1 153
4 590
2 385
206 413
1 446
0 2395
1 2395
1 404
295 592
26 2163
4 2163
15 2163
27 55
22 191
2 2423
0 2423
3 2423
1 344
2 196
0 452
701 1403
1 1205
2 1205
2 1014
0 294
2 448
5 86
5 395
16 844
0 844
151 303
1359 1360
0 812
106 107
0 562
1 479
6 467
23 1733
18 1733
10 1733
4 80
6 739
0 446
123 247
0 389
0 733
6 215
4 295
26 431
0 175
129 130
186 187
1 135
1 284
2 371
8 330
2 1724
0 1724
1 1724
1 549
12 919
569 1139
0 896
1 896
8 437
51 103
9 264
5 261
3 264
0 648
12 1577
0 1501
3 1501
2 1501
308 617
4 1618
0 285
503 504
7 115
1 48
0 247
1 737
0 223
0 509
0 311
2 594
238 477
0 345
1 733
9 789
0 789
0 605
1 1747
0 347
23 1511
32 1511
1 362
13 147
0 307
138 139
137 139
0 382
882 1766
393 788
2 788
5 788
3 788
393 788
0 788
1 788
393 788
4 788
22 694
0 694
4 307
2 174
13 371
538 1077
3 537
88 178
0 103
2 290
3 3159
5 3159
4 3159
5 1331
24 50
1 716
1 508
13 1909
26 1909
13 1909
1 1618
3 1618
0 384
4 384
0 102
0 94
0 585
5 474
267 535
0 261
294 295
0 169
0 148
4 183
8 876
1 733
13 1787
9 1787
8 1787
4 617
0 1553
2 1553
7 504
0 343
1 632
0 127
9 504
6 1083
2 65
4 1144
3 178
5 172
119 240
215 431
22 919
497 498
1 1618
50 1475
183 368
3 26
5 1965
3 1965
0 1965
1 1965
2 1965
6 1965
12 125
0 175
27 55
16 379
1 229
0 229
1 230
3 1042
0 344
11 323
5 746
13 876
8 479
404 406
2 504
3 171
6 575
12 764
17 1913
1 1913
1 1057
1 269
1 173
171 344
0 772
0 242
2 1695
14 1695
3 382
8 764
0 175
0 94
1 811
0 394
0 1287
0 176
138 139
0 310
1 360
3 230
1 811
1 381
0 1129
2 1129
1 1129
0 638
8 1071
32 1410
10 1410
21 1410
1 811
0 497
18 37
0 285
7 305
1 256
1 360
116 233
622 623
0 1061
8 260
0 452
3 563
7 592
5 144
163 327
0 617
4 337
4 362
347 5976
47 5976
76 5976
70 5976
118 5976
81 5976
115 5976
63 5976
109 5976
34 1075
13 379
660 661
1 162
3 2517
15 431
4 100
1 1386
5 850
1 511
404 405
0 1102
1 1102
0 370
9 196
1 361
16 841
697 698
0 124
0 290
108 218
435 439
13 229
0 349
2 89
0 360
12 333
12 333
2 526
3 122
0 412
97 196
6 874
0 247
5 896
0 338
1 338
0 142
62 1779
889 1779
49 1779
889 1779
7 1238
13 876
0 1853
2 1853
2 1853
3 592
563 564
86 173
9 1539
0 158
1 812
4 584
0 328
2 262
1 816
0 99
397 796
12 404
5 146
6 345
3 464
113 228
273 274
459 919
1 502
1 1110
3 122
5 446
517 518
0 141
15 585
29 561
0 2808
1 1357
707 1416
1 204
6 100
281 563
281 564
0 473
14 1110
0 339
163 327
2 308
147 295
1 587
0 777
3 558
74 149
104 209
278 279
1 962
1 3095
3 3095
0 3095
5 1617
0 1617
2 1617
1 1617
2 318
7 327
0 1767
5 1767
2 1767
6 1767
15 240
1 1071
3 522
0 1618
1 465
0 465
1 465
