5 384
10 375
14 392
0 576
1 576
31 776
33 776
22 511
14 2287
7 2287
4 745
4 745
5 914
168 338
4 448
0 691
1 691
0 183
913 914
15 1155
1154 1155
577 1155
2 1155
12 1155
4 1370
21 1623
77 7389
21 7389
26 7389
5 7389
1 7389
4 7389
6 7389
27 7389
152 7389
22 7389
190 7389
15 2339
3 615
17 1288
9 176
12 1265
11 1265
10 1265
74 150
1 79
0 1983
3 1983
1 1983
4 1983
5 269
198 397
11 1208
23 1208
12 1208
6 1474
239 240
3 448
12 558
1 1113
0 1113
1 79
152 305
199 400
1 388
3 590
7 1483
75 152
75 152
0 796
767 1536
0 805
12 276
11 328
0 1267
1 1267
8 1267
4 1267
5 1267
260 522
98 198
0 1013
0 1013
75 152
0 1303
0 1008
2 1008
2 327
3 562
9 737
368 737
131 264
6 175
0 44
0 89
15 1913
0 1913
10 1539
972 973
20 855
7 301
227 7645
285 7645
279 7645
12 7645
48 7645
10 7645
159 7645
125 7645
28 7645
53 7645
43 7645
180 7645
130 7645
115 7645
105 7645
267 7645
75 7645
73 7645
32 7645
174 7645
779 9306
0 9306
90 9306
22 9306
13 9306
327 9306
16 9306
8 9306
2 9306
634 9306
285 9306
1 9306
96 9306
348 9306
85 9306
68 9306
21 9306
12 9306
6 3760
122 3760
5 3760
4 3760
22 3760
8 3760
27 3760
9 3760
16 689
147 295
5 1454
0 1454
3 1454
6 1454
6 626
0 203
0 405
5 794
3 794
1 844
328 657
9 1110
4 150
4 1071
0 812
0 812
0 422
11 896
5 395
16 2339
1 135
161 324
2 721
39 79
2 204
1 811
1 368
7 380
0 380
0 384
7 152
48 98
33 68
2 446
3 777
6 777
2 884
21 884
25 1514
437 876
2 348
0 169
5 663
0 663
302 303
11 240
33 441
7 1474
0 733
5 1077
2 404
0 973
1 138
18 1618
283 567
437 876
1 176
1 2150
54 2150
437 876
155 311
4 1597
5 1597
2 1597
10 1597
308 618
2 98
3 184
41 776
21 776
496 497
28 57
17 392
0 670
3 670
195 392
5 511
5 247
437 876
171 344
6 965
769 1539
1 509
5 215
12 176
4 215
4 215
29 1386
141 283
762 764
1 465
0 792
6 10782
13 10782
22 10782
4 10782
31 10782
37 10782
87 10782
52 10782
18 10782
15 10782
29 10782
203 10782
48 10782
19 10782
7 10782
2 10782
24 10782
3 10782
36 10782
12 10782
10 10782
32 10782
33 10782
14 10782
29 10782
44 10782
1 224
12 767
10 144
269 540
1 2510
0 2510
134 269
5 269
0 1269
2 1269
4 919
1 782
4 448
0 931
1 931
2 247
44 89
1 2038
2 2038
0 2038
4 446
25 737
1 1898
2 1898
291 584
679 1360
8 2257
1 2257
33 1695
62 2339
1069 1072
1 746
4 746
1 2150
15 2150
7 3410
6 3410
23 3410
372 746
6 2150
21 2150
18 764
372 746
0 456
15 590
11 2449
15 2449
95 191
8 777
3 266
8 1027
487 976
487 976
8 3000
29 3000
12 3000
139 3000
19 3000
21 3000
4 202
3 456
7 777
7 381
0 295
3 186
220 441
1 94
33 68
7 287
119 240
70 142
13 240
6 655
6 1197
7 2831
5 2831
3 2831
1 2831
4 1331
0 4210
1 4210
77 4210
6 4210
2 4210
18 4210
61 4210
37 4210
9 4210
8 4210
122 4210
4 20
4 209
4 677
0 677
0 1547
1 1547
0 888
1 888
171 344
0 413
2 1012
0 1012
3 1012
11 269
12 467
7 504
554 1110
0 585
2 2128
6 2128
3 2128
9 960
11 1483
1535 1536
20 1536
1107 1110
0 1069
2 1069
1 1069
10 1014
405 811
6 1110
9 423
1 93
91 183
1 384
1 724
1 2375
2 2375
6 2375
2 178
393 788
2 788
393 788
393 788
393 788
0 788
0 788
393 788
393 788
0 203
8 226
3 4949
9 4949
2 4949
18 4949
41 4949
14 4949
35 4949
1 120
41 2150
0 2150
2 2150
2 653
19 689
15 2955
0 2955
10 2955
1 2955
17 2955
5 2955
3 2955
8 1695
4 439
3 439
9 225
3 2163
4 2163
158 13875
7 13875
0 13875
10 13875
1 13875
13 13875
2 13875
6 13875
146 13875
3 13875
6937 13875
139 13875
41 13875
35 13875
26 2339
3 222
1 150
4 1164
5 1164
6 1164
2 2347
0 2347
1 2347
4 2347
4 633
2 384
12 3126
5 3126
4 3126
8 3126
2 3126
10 3126
9 3126
1 1078
2 1078
3 1078
2 267
12 1926
262 526
17 812
17 858
7 5657
5 5657
12 5657
3 5657
0 5657
2 5657
31 5657
164 5657
8 1042
10 423
5 218
85 172
653 1307
510 1021
6 384
9 400
119 240
5 247
1 176
5 247
6 124
17 618
123 247
2 1708
3 1708
2 1708
0 1708
1 762
0 762
0 152
185 371
5 264
12 442
19 442
0 389
64 5642
1 5642
20 5642
173 5642
47 5642
55 5642
53 5642
5 416
111 223
6 86
20 543
15 1403
16 1403
16 679
11 2517
1 87
344 689
8 336
3 89
2 153
701 1403
15 1963
13 1963
2 2002
7 2002
30 2002
13 147
9 147
3 163
131 264
9 1539
131 264
294 590
0 181
120 241
2 465
381 764
381 764
15 764
6 295
8 1652
4 1652
4 1967
3 86
1 1110
2 1183
0 1183
1 1183
2 876
1 389
0 1124
1 1124
12 1014
2 961
10 961
1 961
1 526
1 359
24 1130
5 257
13 1386
420 842
520 1042
0 257
1 2403
52 2403
8 2403
1 106
10 375
308 617
24 270
29 270
11 340
4 327
9 380
4 518
1 587
0 587
4 384
0 424
263 264
349 699
3 1317
0 1317
1 1317
59 120
296 594
0 538
0 603
564 1130
3 344
119 240
1 1241
4 122
12 855
5 1898
7 1898
3 1898
0 1898
10 384
8 17
21 914
0 777
81 163
4 4713
0 4713
5 4713
2356 4713
1 4713
10 4713
0 44
3 2150
2 2150
4 2150
3 2150
9 402
132 266
3 781
4 781
1 781
0 781
663 664
12 689
7 874
9 796
15 796
50 1464
37 1464
36 1464
5 548
8 382
116 233
1 663
128 257
252 506
8 1012
4 257
2 626
2 371
390 782
6 3816
5 3816
3 3816
4 3816
0 3816
20 3816
2 3816
10 340
10 1347
0 1347
1 149
6 554
4 364
4 364
147 295
217 435
691 695
3 1247
0 1247
211 423
28 914
5 265
0 631
6 631
4 186
9 518
85 171
255 511
33 431
2 2308
0 2308
5 2303
12 2303
1 145
2 145
0 145
233 467
258 518
3 405
158 318
6 423
161 324
14 389
1 8726
11 8726
37 8726
8 8726
89 8726
71 8726
284 8726
39 8726
30 8726
3 8726
0 8726
12 8726
5 8726
421 422
107 108
2 456
1 1036
0 1036
13 391
0 344
15 679
1 154
198 397
14 3066
12 3066
38 3066
4 1214
0 1214
21 1595
28 1595
381 764
0 457
0 368
0 376
104 209
104 209
0 1191
1 1191
16 592
377 378
70 141
7 389
9 446
4 264
8 526
4 1110
6366 12734
30 12734
0 12734
197 12734
6 12734
37 12734
6366 12734
9 12734
20 12734
211 12734
24 12734
24 12734
73 12734
38 12734
10 12734
295 12734
131 12734
112 12734
4 203
44 89
1 653
10 295
0 841
0 441
191 384
2 876
33 1264
631 1264
44 1264
5 404
2 1483
0 1110
294 590
19 590
131 264
0 107
14 1386
1 148
44 89
10 842
32 461
0 669
3 669
10 737
349 699
7 423
4 737
2 107
0 107
7 148
0 473
15 2629
35 2629
13 2629
14 2629
7 384
1 1589
2 1589
0 1589
3 113
10 2696
8 2696
4 2696
0 774
32 664
493 987
2 987
4 987
11 4344
10 4344
1 4344
46 4344
3 4344
0 4344
5 4344
3 222
312 626
12 1376
2 1376
11 1376
16 1376
2 558
3 680
5 680
3 234
2 177
88 177
14 384
440 441
220 441
187 376
0 1511
5 1511
7 522
4 522
0 169
8 737
31 664
12 479
28 2238
9 2238
19 2238
11 2238
21 1074
13 737
1 762
1258 2517
393 788
24 2300
36 2300
380 762
14 618
1 183
28 270
11 558
1 252
9 295
19 1913
24 1913
25 656
4 656
5 656
13 240
0 423
381 764
14 373
0 446
2 357
7 423
0 632
10 590
280 562
227 456
4 9
293 587
3 562
6 1014
10 774
0 404
2 567
7 1407
296 594
1 690
0 690
11 250
1 127
147 295
3 2725
1 2725
2 2725
0 2725
6 2725
0 442
1 442
5 518
1 508
1 269
0 269
0 38
0 6094
4 6094
2 6094
1 6094
7 6094
684 1370
8 2737
11 2737
704 1409
262 526
232 465
4 339
3 960
0 960
8 382
6 295
4 404
0 431
1 1536
6 615
0 844
2 308
3 504
4 560
0 730
1 730
1 764
0 1701
11 240
141 283
4 596
9 392
5 2339
0 2339
0 303
0 461
281 563
4 438
0 122
0 980
0 980
422 845
2 665
4 378
1 352
5 889
6 889
2 189
0 431
2 751
262 526
22 1955
0 1955
10 1955
28 1955
2 1955
16 1955
0 9453
29 9453
1 9453
3 9453
14 9453
40 9453
23 9453
2 9453
22 9453
11 9453
15 9453
13 9453
10 9453
7 9453
12 9453
2 3604
9 3604
9 3604
1801 3604
9 3604
7 2982
8 2982
5 2982
2 2982
0 2982
6 1152
498 499
1 181
0 181
124 249
306 613
12 395
7 575
2 122
2 1114
4 1114
141 283
141 283
0 241
27 55
654 655
1 1887
2 1887
0 1887
36 7512
10 7512
4 7512
26 7512
52 7512
1 7512
3 7512
321 7512
271 7512
322 7512
126 7512
6 7512
0 7512
267 7512
3755 7512
5 328
4 623
6 106
1 82
2 305
97 196
75 151
219 439
2 328
6 2031
3 4370
7 4370
8 4370
2 4370
0 4370
1 4370
4 4370
5 4370
0 340
0 360
2 269
1 413
443 887
1 187
1 187
266 534
3 1539
6 726
128 257
6 202
2 764
0 764
0 473
2 729
1 729
6 729
3 174
296 593
4 326
140 282
29 59
28 2849
29 2849
25 2849
11 2849
6 225
217 435
217 435
1 522
72 146
27 479
199 399
2 587
6 562
393 788
2 788
393 788
393 788
393 788
0 788
0 788
393 788
393 788
6 473
6 473
2 1528
0 1528
1903 1904
1902 1904
0 733
109 219
74 2417
23 2417
296 594
14 594
296 594
1 620
1 620
1 476
5 476
2 405
10 1695
45 91
45 91
3 1223
1 1223
12 1223
14 479
2 328
1 1879
3 1879
64 4834
14 4834
51 4834
1 4834
17 4834
16 4834
1 145
738 739
167 336
180 361
88 177
412 413
379 759
190 191
190 191
119 240
2 233
88 177
0 176
5 318
1 807
0 807
4 761
0 446
1 931
0 931
0 1074
1 812
143 287
19 764
6 1043
3 857
4 922
2 558
4 558
0 279
86 173
64 130
2 617
3 617
5 1707
1 1707
21 4275
36 4275
4 4275
42 4275
40 4275
2 1149
1 1149
3 1149
4 2971
0 2971
167 336
158 318
5 1026
1 92
0 92
0 311
0 161
773 774
9 127
4 379
199 400
427 428
190 381
5 562
4 497
196 393
0 279
13 323
197 395
2 223
4 362
11 509
2 2434
5 716
387 388
17 233
0 484
3 484
3 484
11 1075
20 1075
25 1075
1074 1075
58 118
0 114
421 844
14 844
2 306
1 1742
2 1742
0 1742
220 441
7 655
4 764
508 509
1868 3737
2 3737
1 3737
0 3737
6 562
1090 2181
3 338
3 40
189 379
4 405
1 474
2 98
1 1143
183 368
349 699
171 343
10 126
1 1644
5 1644
0 767
1 767
383 767
9 20
154 310
176 354
30 61
2 297
363 727
10 395
808 1618
2 233
190 381
1 473
108 217
151 152
383 768
0 171
1 567
0 301
1 461
393 788
2 788
393 788
393 788
393 788
0 788
0 788
393 788
393 788
2 405
652 653
69 139
0 324
11 973
15 1386
4 633
21 664
808 1618
16 395
0 295
171 344
229 230
1109 2219
0 385
3 527
11 1926
962 1926
3 548
0 919
10 699
2 472
5 327
0 821
1 821
3 821
4 526
4 567
2 1012
2 1012
3 1012
5 562
369 739
0 266
113 227
0 241
317 635
2 391
4 177
1 407
217 435
534 535
263 527
4 371
4 371
119 240
7 57
148 297
5 262
180 361
23 1312
83 84
14 287
5 509
11 585
295 592
405 812
1169 2339
144 290
0 948
1 948
2 448
486 973
179 360
6 389
6 1646
1 2101
2 2101
4 2101
3 2101
4 876
235 472
132 265
7 777
4 502
68 137
104 209
10 144
1 183
1 370
67 135
1 120
5 962
360 721
1 114
5 3218
4 1747
0 231
0 1110
0 153
2 290
4 397
162 325
159 319
190 382
2 5267
13 5267
8 5267
4 5267
22 5267
9 5267
16 5267
21 5267
11 5267
21 5267
10 5267
7 5267
15 5267
23 5267
2 1034
0 1034
1 2191
1 2191
123 247
123 247
707 1416
513 1027
0 319
0 1042
0 384
0 163
4 127
0 484
1 900
2 544
132 265
8 368
0 930
1 2416
1 2416
5 2416
5 919
406 407
0 382
0 247
4 233
7 1183
6 1183
4 1183
1 1185
3 382
1 340
1 3763
0 3763
7 177
238 477
140 141
120 242
0 295
1 295
15 395
307 615
1 308
2 1695
255 511
0 227
2 257
4 2339
12 395
2 359
7 761
255 257
0 176
167 336
2 195
364 365
119 240
3 230
97 196
168 338
21 1116
6 1116
2 1124
0 300
2 1623
452 906
28 57
1 188
2 1057
0 233
360 721
6 318
7 735
349 699
0 446
1 310
1 165
232 465
2 1130
339 679
1 392
173 348
2 1898
0 1898
3 472
31 950
31 950
31 950
1 191
5 1695
1 324
1 282
5 861
13 1695
179 360
479 960
385 388
2 1701
8 453
1 453
246 247
2 461
294 295
15 1042
274 549
159 319
3 1110
16 2517
1 866
0 866
70 141
0 387
23 48
0 1791
2 1791
11 511
2 275
142 286
0 423
3 191
474 950
254 509
0 861
6 364
3 364
8 378
4 3651
0 364
5 364
0 298
1 679
17 654
5 177
6 605
4 392
195 392
6 569
0 43
206 414
3 272
3 327
0 2050
1 2050
2 2050
1 617
14 927
3 1268
0 1268
1 1268
706 1413
78 157
158 317
394 790
394 790
6 812
538 1077
291 584
280 562
679 1360
1 1695
202 405
293 587
4 127
1 1592
0 1592
0 1719
2 1719
1 1719
0 548
6 548
97 195
2 352
0 1043
4 2703
2 2703
4 2703
2 2703
582 1165
13 395
2 1323
0 1323
1 1323
19 1323
3 1323
0 118
6 165
14 663
4 451
24 1536
2 1526
1 1526
1 1526
3 116
163 327
2 587
69 139
4 325
1287 1288
57 116
119 240
0 217
355 712
13 1386
85 2339
0 2517
190 381
141 284
0 183
147 295
1258 2517
14 2339
16 465
2 247
4 2517
3 55
1 281
0 247
679 1360
6 461
1880 3761
13 590
3 594
377 378
34 1539
53 108
2168 4338
775 1552
1 152
7 646
6 306
16 657
67 657
520 1042
210 421
5 1042
4 222
5 1034
0 270
4 1104
1 486
11 502
2 57
407 816
6 2365
536 1074
0 187
6 2236
3 2236
4 2236
0 2236
202 405
1 1110
248 497
110 222
0 120
3 151
0 1392
0 230
42 86
3 78
1169 2339
0 9
9 1021
6 318
1 308
2 279
3 762
3 88
360 721
2 1027
16 500
2 89
42 86
12 159
1 733
17 725
4 276
2 497
4 1130
0 456
0 654
6 777
1 53
0 340
237 475
2 142
6 694
1 41
0 90
293 588
10 588
3 588
1 214
3 67
6 588
2 327
0 342
5 588
96 193
80 161
44 90
10 588
6 41
6 322
0 718
2 142
11 567
10 588
56 113
0 120
19 588
3 567
293 588
586 588
14 483
29 588
5 218
293 588
140 282
9 282
293 588
108 218
3 327
11 24
0 274
5 274
2 214
2 142
6 90
44 90
1 228
3 567
1 229
283 567
8 343
113 228
3 327
0 43
16 386
346 694
113 228
14 475
3 588
237 475
23 946
2 475
0 567
1 457
163 327
12 483
11 343
4 116
0 475
113 228
2 342
163 327
279 560
114 229
0 99
9 588
21 43
21 43
0 168
11 141
2 483
7 16
22 588
2 386
8 334
293 588
293 588
293 588
293 588
5 90
22 588
135 271
12 588
192 386
4 67
279 560
170 342
11 454
7 588
15 588
5 211
346 694
346 694
113 228
163 327
12 588
36 752
1 53
0 229
27 588
40 41
2 374
4 334
6 588
35 475
5 110
1 229
1 58
18 588
2 142
76 153
6 334
4 116
58 118
293 588
192 386
163 327
2 142
113 228
77 156
4 588
6 588
3 327
171 343
76 153
8 475
7 588
8 99
4 588
6 588
286 574
346 694
3 90
346 694
0 56
279 560
8 342
160 322
6 752
12 588
18 327
2 193
11 454
170 342
3 67
15 327
25 588
5 229
2 342
3 67
1336 2673
4 211
14 483
326 327
5 228
4 33
480 962
3 1539
10 125
0 120
39 80
1 816
0 554
87 176
7 406
0 66
1 473
0 977
1 844
1 290
10 502
87 88
137 275
2 147
4 515
1 1205
14 1403
0 1695
2 605
6 605
5 1347
9 1347
37 1516
0 295
0 473
0 59
8 1021
7 788
113 228
3 1110
2 88
2 768
3 476
8 337
1 340
39 1695
4 127
1 308
188 378
0 241
225 452
3 284
1 1900
0 1900
5 3101
0 3101
0 6
7 218
24 664
0 158
0 423
21 951
5 951
3 623
0 399
788 1577
4 278
5 214
1 2150
0 2150
1 145
0 404
1 1074
2 336
0 362
3 594
107 216
9 439
6 527
12 1386
319 639
13 762
1 625
2 625
362 725
8 395
1 1036
22 1042
1 393
9 1539
3 368
6 1539
58 117
7 632
44 1042
258 518
2 567
2 452
4 1071
1 347
151 303
0 120
29 270
15 2237
30 2237
6 2237
16 2237
18 2237
0 233
775 1552
0 409
0 1230
2 1230
22 853
1 400
0 126
3 446
428 857
0 973
1 274
0 274
1 3390
29 3390
3 3390
0 3390
0 584
444 890
2 626
107 216
0 1346
1 247
143 287
39 79
0 196
95 191
121 7353
40 7353
77 7353
478 7353
6 7353
19 7353
171 7353
14 7353
49 7353
3676 7353
1 7353
157 7353
15 7353
232 7353
26 7353
45 7353
4 141
3 2466
4 2466
0 2466
1 2466
11 1456
37 10604
8 10604
104 10604
67 10604
38 10604
1 10604
34 10604
26 10604
6 10604
43 10604
24 10604
50 10604
4 10604
9 10604
98 10604
40 10604
10 1655
14 1655
0 407
2 1162
3 1162
0 1162
1 1162
4 479
311 623
1 87
1 564
195 391
2 295
0 590
1 508
847 1695
23 47
393 788
7 788
393 788
11 788
393 788
0 788
1 788
393 788
393 788
3 230
2 739
1 436
28 1695
0 247
3 626
16 567
57 115
23 48
0 344
3 684
381 764
1 582
4 1072
2 1862
0 1862
7 369
437 876
2 625
1 233
1 937
0 937
5 937
1 230
1 421
1 272
6 218
2 812
412 826
1 919
1 887
2 1072
1169 2339
4 958
2 958
13 1623
70 141
5 792
5 811
2 2330
0 2330
5 247
486 974
59 120
0 182
0 423
0 1967
0 30
6 384
2 549
1147 1153
0 497
3 188
248 498
2 157
1 157
2336 2339
11 950
2 57
0 135
236 473
0 962
4 448
0 163
3 414
2 1161
1 1161
0 1161
0 117
0 96
701 1403
0 1346
1 139
7 1110
4 473
6 318
0 318
1 700
1 162
0 1967
5 1539
1 1539
105 106
0 5662
2 5662
4 5662
2 5662
1 5662
26 1536
17 1536
12 625
11 2565
6 2565
10 2565
6 2565
8 2565
9 2565
873 1747
15 384
91 183
1 1249
5 1249
0 87
11 812
372 746
0 2128
1 2128
3 2128
0 473
1 67
5 124
177 178
0 764
0 379
1 2396
0 2396
2 2396
14 890
11 890
6 890
1 38
2 2407
0 2407
1 2407
6 2407
2 735
1 581
1 581
0 385
0 385
307 615
1 139
8 641
4 448
3 1064
3 1064
5 2225
3 89
0 941
0 89
1 1419
225 452
3 80
8 554
1 89
2 1294
26 1294
190 381
11 1948
5 1948
0 1948
53 1948
2 962
223 448
1 352
136 137
2 594
1 1708
0 1708
143 287
0 25
0 816
2 626
0 90
7 2339
0 1536
2 233
0 69
1 319
5 796
0 446
3 527
0 142
1 369
1 153
3 590
7 385
206 413
1 446
2 2395
0 2395
0 404
295 592
19 2163
4 2163
15 2163
27 55
20 191
0 2423
2 2423
3 2423
3 344
97 196
0 452
701 1403
1 1205
0 1205
4 1014
0 294
3 448
42 86
11 395
15 844
1 844
151 303
27 1360
0 812
106 107
0 562
239 479
9 467
41 1733
29 1733
11 1733
3 80
369 739
3 446
123 247
0 389
0 733
107 215
6 295
21 431
0 175
7 130
186 187
1 135
3 284
2 371
164 330
1 1724
0 1724
2 1724
274 549
6 919
569 1139
0 896
1 896
7 437
51 103
9 264
130 261
3 264
4 648
13 1577
1 1501
2 1501
0 1501
308 617
7 1618
2 285
503 504
114 115
1 48
0 247
1 737
0 223
1 509
0 311
4 594
238 477
0 345
2 733
5 789
0 789
0 605
1 1747
0 347
19 1511
19 1511
180 362
13 147
0 307
135 139
136 139
2 382
882 1766
393 788
2 788
393 788
393 788
393 788
0 788
0 788
393 788
393 788
9 694
0 694
4 307
86 174
185 371
538 1077
5 537
88 178
0 103
3 290
4 3159
5 3159
3 3159
11 1331
24 50
4 716
1 508
13 1909
25 1909
13 1909
2 1618
808 1618
1 384
3 384
0 102
0 94
3 585
5 474
267 535
130 261
29 295
0 169
4 148
4 183
9 876
1 733
11 1787
15 1787
1 1787
308 617
0 1553
1 1553
251 504
0 343
0 632
0 127
15 504
12 1083
2 65
3 1144
3 178
8 172
119 240
215 431
18 919
497 498
1 1618
737 1475
183 368
3 26
7 1965
6 1965
0 1965
1 1965
2 1965
3 1965
14 125
0 175
27 55
14 379
2 229
0 229
1 230
3 1042
0 344
7 323
6 746
437 876
9 479
202 406
3 504
85 171
4 575
15 764
10 1913
0 1913
2 1057
3 269
1 173
171 344
0 772
0 242
2 1695
15 1695
5 382
12 764
3 175
0 94
1 811
0 394
0 1287
0 176
9 139
0 310
1 360
4 230
405 811
2 381
1 1129
9 1129
1 1129
1 638
11 1071
34 1410
14 1410
16 1410
1 811
3 497
18 37
0 285
9 305
1 256
1 360
116 233
16 623
0 1061
5 260
0 452
4 563
12 592
71 144
163 327
1 617
5 337
1 362
2987 5976
67 5976
50 5976
93 5976
103 5976
7 5976
115 5976
1 5976
13 5976
537 1075
378 379
660 661
1 162
3 2517
23 431
4 100
1 1386
4 850
2 511
3 405
1 1102
0 1102
0 370
7 196
1 361
17 841
697 698
0 124
0 290
108 218
1 439
11 229
0 349
0 89
1 360
166 333
166 333
4 526
5 122
2 412
97 196
7 874
0 247
4 896
0 338
1 338
0 142
62 1779
889 1779
889 1779
889 1779
13 1238
13 876
6 1853
0 1853
0 1853
2 592
8 564
86 173
5 1539
1 158
1 812
4 584
0 328
130 262
0 816
0 99
397 796
402 404
5 146
5 345
231 464
113 228
273 274
459 919
2 502
4 1110
3 122
6 446
10 518
0 141
15 585
20 561
0 2808
1 1357
707 1416
1 204
5 100
281 563
281 564
0 473
554 1110
0 339
163 327
1 308
147 295
1 587
0 777
3 558
74 149
104 209
2 279
1 962
1 3095
3 3095
0 3095
16 1617
0 1617
2 1617
1 1617
2 318
6 327
0 1767
3 1767
1 1767
2 1767
119 240
1 1071
3 522
3 1618
1 465
0 465
1 465
