2 384
16 375
1 392
1 576
0 576
8 776
4 776
1 511
19 2287
37 2287
29 745
7 745
1 914
1 338
1 448
0 691
2 691
0 183
31 914
26 1155
1150 1155
82 1155
1 1155
2 1155
1366 1370
13 1623
7388 7389
115 7389
3 7389
0 7389
7 7389
14 7389
63 7389
5 7389
18 7389
6 7389
274 7389
14 2339
3 615
21 1288
173 176
96 1265
8 1265
12 1265
148 150
0 79
0 1983
1 1983
4 1983
7 1983
2 269
392 397
3 1208
0 1208
2 1208
42 1474
239 240
1 448
2 558
1 1113
0 1113
0 79
301 305
399 400
7 388
3 590
19 1483
3 152
2 152
790 796
29 1536
0 805
0 276
319 328
1266 1267
1265 1267
1256 1267
7 1267
1264 1267
0 522
3 198
2 1013
1 1013
2 152
0 1303
9 1008
0 1008
5 327
5 562
4 737
3 737
2 264
1 175
0 44
0 89
36 1913
7 1913
1529 1539
972 973
853 855
0 301
58 7645
11 7645
7644 7645
74 7645
65 7645
744 7645
7641 7645
7639 7645
7640 7645
27 7645
3 7645
643 7645
34 7645
7616 7645
400 7645
7602 7645
155 7645
103 7645
312 7645
7627 7645
9264 9306
2 9306
1168 9306
9292 9306
9297 9306
15 9306
9305 9306
9303 9306
483 9306
169 9306
8 9306
9302 9306
9275 9306
114 9306
9304 9306
85 9306
136 9306
3 9306
3705 3760
20 3760
3758 3760
3759 3760
3754 3760
189 3760
208 3760
3757 3760
687 689
2 295
18 1454
0 1454
3 1454
15 1454
625 626
202 203
404 405
793 794
1 794
843 844
72 657
1108 1110
2 150
0 1071
0 812
0 812
0 422
1 896
391 395
1 2339
0 135
0 324
0 721
3 79
202 204
3 811
1 368
0 380
0 380
3 384
2 152
0 98
7 68
3 446
0 777
0 777
2 884
14 884
4 1514
16 876
7 348
0 169
2 663
44 663
7 303
6 240
439 441
1472 1474
0 733
5 1077
1 404
0 973
137 138
1 1618
1 567
11 876
168 176
0 2150
2119 2150
11 876
1 311
1566 1597
80 1597
1588 1597
1584 1597
0 618
0 98
183 184
5 776
2 776
496 497
5 57
4 392
668 670
31 670
4 392
0 511
1 247
0 876
1 344
3 965
1512 1539
2 509
212 215
171 176
3 215
15 215
1385 1386
281 283
24 764
464 465
790 792
252 10782
13 10782
355 10782
2 10782
32 10782
14 10782
274 10782
9 10782
3 10782
5 10782
171 10782
10762 10782
10778 10782
1418 10782
213 10782
11 10782
29 10782
40 10782
306 10782
501 10782
1 10782
106 10782
4 10782
10687 10782
171 10782
12 10782
0 224
12 767
8 144
34 540
1 2510
2 2510
36 269
5 269
2 1269
0 1269
0 919
0 782
1 448
0 931
1 931
3 247
3 89
3 2038
0 2038
1 2038
0 446
15 737
1 1898
19 1898
23 584
1356 1360
3 2257
0 2257
1689 1695
8 2339
1065 1072
0 746
2 746
3 2150
14 2150
3 3410
14 3410
3376 3410
5 746
16 2150
2124 2150
32 764
5 746
1 456
19 590
0 2449
2423 2449
181 191
1 777
5 266
1007 1027
2 976
30 976
6 3000
2946 3000
5 3000
74 3000
4 3000
140 3000
8 202
1 456
753 777
9 381
4 295
185 186
438 441
1 94
33 68
5 287
7 240
70 142
239 240
2 655
8 1197
7 2831
5 2831
4 2831
2 2831
0 1331
4209 4210
322 4210
43 4210
4167 4210
1 4210
243 4210
6 4210
21 4210
4207 4210
266 4210
91 4210
4 20
6 209
0 677
1 677
1 1547
0 1547
885 888
865 888
343 344
34 413
2 1012
0 1012
6 1012
16 269
0 467
500 504
28 1110
1 585
113 2128
2099 2128
2083 2128
8 960
37 1483
1533 1536
1534 1536
1107 1110
18 1069
8 1069
36 1069
1011 1014
782 811
6 1110
3 423
0 93
7 183
2 384
1 724
2291 2375
2326 2375
2344 2375
177 178
7 788
2 788
5 788
4 788
14 788
0 788
1 788
9 788
3 788
0 203
1 226
6 4949
55 4949
5 4949
14 4949
33 4949
24 4949
20 4949
6 120
24 2150
13 2150
37 2150
21 653
686 689
4 2955
1 2955
8 2955
5 2955
37 2955
136 2955
2 2955
5 1695
434 439
434 439
217 225
3 2163
2 2163
47 13875
6 13875
1 13875
8 13875
5 13875
16 13875
7 13875
17 13875
22 13875
67 13875
1766 13875
142 13875
538 13875
107 13875
3 2339
17 222
149 150
6 1164
2 1164
4 1164
0 2347
3 2347
2 2347
4 2347
632 633
0 384
3090 3126
74 3126
10 3126
22 3126
2 3126
3052 3126
234 3126
2 1078
0 1078
5 1078
0 267
0 1926
23 526
811 812
30 858
3 5657
6 5657
2 5657
5 5657
0 5657
1 5657
18 5657
5648 5657
7 1042
19 423
0 218
15 172
28 1307
129 1021
1 384
399 400
239 240
8 247
1 176
0 247
4 124
6 618
1 247
0 1708
7 1708
3 1708
1 1708
5 762
2 762
1 152
365 371
2 264
439 442
441 442
1 389
39 5642
7 5642
34 5642
172 5642
26 5642
15 5642
115 5642
3 416
3 223
1 86
22 543
2 1403
2 1403
677 679
1 2517
0 87
38 689
4 336
0 89
2 153
16 1403
1962 1963
1952 1963
1 2002
2 2002
2000 2002
146 147
146 147
157 163
263 264
1 1539
4 264
7 590
0 181
234 241
2 465
49 764
57 764
763 764
7 295
1648 1652
1646 1652
1966 1967
3 86
0 1110
3 1183
1 1183
0 1183
0 876
0 389
0 1124
1 1124
4 1014
0 961
1 961
5 961
0 526
0 359
15 1130
0 257
1385 1386
22 842
1020 1042
0 257
46 2403
27 2403
2 2403
104 106
374 375
6 617
39 270
269 270
339 340
3 327
1 380
1 518
586 587
580 587
0 384
408 424
23 264
4 699
1310 1317
1316 1317
2 1317
2 120
8 594
0 538
0 603
20 1130
2 344
11 240
1 1241
120 122
1 855
0 1898
6 1898
0 1898
1 1898
2 384
0 17
25 914
0 777
16 163
58 4713
11 4713
4639 4713
371 4713
144 4713
0 4713
0 44
2 2150
26 2150
0 2150
2 2150
2 402
260 266
1 781
19 781
0 781
12 781
663 664
687 689
1 874
3 796
792 796
63 1464
27 1464
17 1464
48 548
376 382
6 233
2 663
13 257
3 506
4 1012
1 257
1 626
3 371
39 782
0 3816
3812 3816
68 3816
32 3816
84 3816
438 3816
40 3816
339 340
9 1347
2 1347
1 149
39 554
1 364
7 364
289 295
48 435
3 695
4 1247
3 1247
2 423
4 914
0 265
0 631
630 631
5 186
111 518
168 171
22 511
25 431
11 2308
0 2308
22 2303
0 2303
3 145
2 145
6 145
1 467
517 518
403 405
16 318
4 423
10 324
388 389
6 8726
8721 8726
82 8726
16 8726
343 8726
8720 8726
113 8726
8680 8726
8723 8726
8722 8726
0 8726
8 8726
2 8726
421 422
9 108
1 456
0 1036
1 1036
386 391
0 344
676 679
2 154
198 397
2 3066
3 3066
3059 3066
8 1214
67 1214
7 1595
57 1595
763 764
0 457
0 368
0 376
3 209
207 209
2 1191
1 1191
0 592
377 378
140 141
1 389
1 446
259 264
0 526
0 1110
6366 12734
37 12734
24 12734
109 12734
222 12734
157 12734
6366 12734
21 12734
2 12734
215 12734
101 12734
101 12734
94 12734
104 12734
99 12734
270 12734
148 12734
214 12734
202 203
0 89
9 653
13 295
0 841
0 441
8 384
868 876
26 1264
1234 1264
33 1264
0 404
0 1483
0 1110
8 590
1 590
2 264
0 107
4 1386
147 148
0 89
43 842
460 461
0 669
2 669
4 737
2 699
3 423
2 737
0 107
0 107
146 148
2 473
2 2629
7 2629
3 2629
4 2629
3 384
14 1589
10 1589
1 1589
3 113
2629 2696
2695 2696
0 2696
759 774
21 664
945 987
984 987
986 987
19 4344
4276 4344
2 4344
4 4344
0 4344
8 4344
264 4344
219 222
620 626
1321 1376
0 1376
5 1376
1337 1376
0 558
679 680
8 680
2 234
2 177
8 177
24 384
1 441
35 441
2 376
17 1511
110 1511
3 522
0 522
0 169
0 737
27 664
476 479
4 2238
11 2238
2 2238
1 2238
54 1074
8 737
1 762
8 2517
18 788
2299 2300
14 2300
760 762
4 618
0 183
269 270
5 558
14 252
28 295
4 1913
267 1913
655 656
1 656
12 656
239 240
0 423
64 764
372 373
7 446
1 357
2 423
1 632
0 590
9 562
10 456
0 9
293 587
561 562
7 1014
8 774
0 404
566 567
2 1407
3 594
7 690
22 690
6 250
126 127
294 295
8 2725
6 2725
9 2725
2 2725
4 2725
27 442
1 442
19 518
1 508
0 269
2 269
0 38
6 6094
10 6094
2 6094
1 6094
4 6094
1367 1370
2683 2737
4 2737
9 1409
43 526
2 465
3 339
2 960
1 960
23 382
3 295
0 404
0 431
2 1536
3 615
0 844
0 308
8 504
5 560
0 730
1 730
0 764
1 1701
9 240
14 283
595 596
10 392
14 2339
0 2339
0 303
0 461
14 563
11 438
1 122
7 980
2 980
39 845
5 665
5 378
350 352
884 889
3 889
0 189
0 431
750 751
1 526
1952 1955
1943 1955
1951 1955
1953 1955
147 1955
1954 1955
29 9453
34 9453
32 9453
7 9453
19 9453
69 9453
1 9453
17 9453
9 9453
37 9453
16 9453
33 9453
27 9453
21 9453
26 9453
1 3604
24 3604
29 3604
1801 3604
8 3604
2974 2982
2921 2982
2979 2982
2972 2982
6 2982
4 1152
497 499
0 181
1 181
13 249
3 613
24 395
566 575
1 122
1075 1114
1103 1114
141 283
141 283
0 241
4 55
651 655
1 1887
0 1887
5 1887
7507 7512
7496 7512
7505 7512
7410 7512
7 7512
7497 7512
7509 7512
83 7512
4 7512
636 7512
7481 7512
7508 7512
7455 7512
15 7512
7477 7512
320 328
10 623
1 106
7 82
0 305
195 196
149 151
14 439
6 328
22 2031
5 4370
9 4370
7 4370
3 4370
0 4370
8 4370
6 4370
2 4370
338 340
0 360
0 269
0 413
886 887
0 187
5 187
1 534
1 1539
21 726
21 257
200 202
0 764
1 764
0 473
5 729
9 729
7 729
9 174
6 593
1 326
3 282
2 59
2 2849
35 2849
1 2849
19 2849
0 225
10 435
428 435
0 522
9 146
19 479
7 399
0 587
10 562
40 788
8 788
782 788
781 788
784 788
0 788
2 788
784 788
777 788
29 473
18 473
19 1528
0 1528
44 1904
19 1904
7 733
218 219
55 2417
19 2417
30 594
24 594
17 594
1 620
0 620
1 476
4 476
0 405
41 1695
0 91
2 91
1 1223
0 1223
3 1223
478 479
324 328
5 1879
0 1879
49 4834
3 4834
4786 4834
4832 4834
10 4834
12 4834
2 145
731 739
5 336
6 361
7 177
408 413
749 759
190 191
188 191
8 240
2 233
1 177
0 176
2 318
4 807
7 807
0 761
0 446
0 931
1 931
0 1074
26 812
11 287
8 764
21 1043
0 857
1 922
1 558
9 558
17 279
86 173
128 130
4 617
9 617
8 1707
4 1707
88 4275
99 4275
5 4275
4247 4275
4254 4275
1 1149
38 1149
1128 1149
15 2971
36 2971
1 336
3 318
1025 1026
0 92
7 92
0 311
157 161
754 774
4 127
28 379
23 400
427 428
2 381
559 562
0 497
392 393
0 279
322 323
26 395
7 223
0 362
16 509
0 2434
6 716
21 388
28 233
0 484
483 484
480 484
12 1075
19 1075
1072 1075
1074 1075
4 118
0 114
16 844
40 844
0 306
2 1742
0 1742
1 1742
18 441
653 655
54 764
41 509
1868 3737
0 3737
2 3737
1 3737
16 562
1090 2181
0 338
0 40
1 379
36 405
1 474
0 98
1141 1143
7 368
6 699
0 343
11 126
0 1644
23 1644
0 767
1 767
82 767
9 20
303 310
2 354
1 61
5 297
49 727
7 395
1604 1618
232 233
9 381
26 473
16 217
2 152
726 768
7 171
0 567
1 301
0 461
785 788
7 788
783 788
782 788
787 788
0 788
1 788
786 788
781 788
2 405
652 653
6 139
2 324
8 973
32 1386
632 633
31 664
106 1618
10 395
0 295
6 344
229 230
1109 2219
0 385
19 527
2 1926
7 1926
3 548
0 919
693 699
14 472
31 327
0 821
2 821
1 821
0 526
3 567
8 1012
5 1012
1 1012
9 562
25 739
1 266
223 227
0 241
24 635
6 391
2 177
1 407
429 435
35 535
17 527
1 371
5 371
1 240
4 57
34 297
1 262
7 361
164 1312
83 84
278 287
6 509
583 585
591 592
10 812
56 2339
286 290
0 948
1 948
1 448
26 973
5 360
1 389
47 1646
5 2101
0 2101
1 2101
2 2101
3 876
13 472
3 265
12 777
8 502
6 137
205 209
2 144
3 183
0 370
15 135
0 120
28 962
7 721
113 114
1 3218
1 1747
0 231
3 1110
0 153
1 290
3 397
2 325
22 319
22 382
14 5267
12 5267
9 5267
10 5267
40 5267
11 5267
35 5267
44 5267
3 5267
6 5267
8 5267
0 5267
15 5267
30 5267
3 1034
0 1034
3 2191
1 2191
7 247
7 247
31 1416
102 1027
1 319
0 1042
0 384
0 163
0 127
0 484
1 900
0 544
21 265
6 368
2 930
9 2416
4 2416
11 2416
41 919
406 407
0 382
0 247
0 233
2 1183
1 1183
0 1183
1 1185
0 382
0 340
0 3763
1 3763
176 177
469 477
140 141
21 242
0 295
1 295
5 395
18 615
6 308
1 1695
41 511
0 227
9 257
1 2339
6 395
1 359
0 761
30 257
1 176
3 336
191 195
362 365
239 240
228 230
13 196
14 338
26 1116
0 1116
3 1124
0 300
5 1623
893 906
0 57
0 188
0 1057
0 233
711 721
316 318
0 735
2 699
2 446
0 310
0 165
462 465
4 1130
78 679
0 392
11 348
0 1898
1 1898
4 472
946 950
949 950
942 950
0 191
3 1695
323 324
2 282
2 861
3 1695
13 360
13 960
382 388
2 1701
452 453
451 453
246 247
0 461
294 295
7 1042
17 549
10 319
18 1110
9 2517
0 866
1 866
4 141
0 387
3 48
1780 1791
0 1791
0 511
4 275
6 286
0 423
0 191
25 950
14 509
0 861
19 364
9 364
42 378
47 3651
1 364
3 364
1 298
666 679
3 654
176 177
6 605
7 392
7 392
9 569
0 43
413 414
266 272
6 327
8 2050
1 2050
0 2050
0 617
5 927
8 1268
2 1268
3 1268
33 1413
3 157
15 317
781 790
49 790
2 812
75 1077
578 584
23 562
1351 1360
2 1695
14 405
4 587
126 127
2 1592
0 1592
1 1719
0 1719
2 1719
547 548
16 548
194 195
339 352
0 1043
5 2703
3 2703
1 2703
0 2703
59 1165
9 395
0 1323
2 1323
1 1323
15 1323
3 1323
0 118
163 165
1 663
10 451
1 1536
1523 1526
15 1526
1515 1526
0 116
10 327
0 587
5 139
4 325
7 1288
1 116
13 240
0 217
355 712
9 1386
2337 2339
3 2517
6 381
17 284
178 183
4 295
2 2517
8 2339
2 465
0 247
0 2517
0 55
0 281
0 247
1358 1360
5 461
50 3761
6 590
1 594
18 378
1538 1539
10 108
239 4338
122 1552
1 152
11 646
4 306
655 657
656 657
12 1042
22 421
57 1042
5 222
1032 1034
266 270
1 1104
0 486
501 502
2 57
15 816
15 2365
9 1074
0 187
2233 2236
2229 2236
2212 2236
0 2236
403 405
8 1110
3 497
221 222
118 120
0 151
1 1392
0 230
2 86
76 78
2313 2339
0 9
9 1021
317 318
2 308
24 279
740 762
7 88
2 721
4 1027
20 500
0 89
3 86
158 159
6 733
20 725
2 276
4 497
25 1130
452 456
0 654
776 777
52 53
0 340
69 475
2 142
4 694
40 41
1 90
582 588
2 588
9 588
3 214
2 67
2 588
1 327
1 342
0 588
5 193
2 161
6 90
2 588
40 41
3 322
3 718
2 142
10 567
25 588
4 113
0 120
6 588
10 567
30 588
587 588
0 483
587 588
6 218
585 588
0 282
1 282
27 588
11 218
5 327
0 24
4 274
0 274
2 214
1 142
0 90
44 90
1 228
6 567
0 229
13 567
10 343
1 228
1 327
0 43
4 386
5 694
11 228
1 475
1 588
18 475
24 946
0 475
1 567
1 457
3 327
0 483
2 343
4 116
0 475
7 228
0 342
7 327
558 560
12 229
98 99
6 588
7 43
7 43
0 168
5 141
0 483
0 16
0 588
1 386
0 334
2 588
4 588
5 588
2 588
0 90
5 588
0 271
4 588
9 386
0 67
47 560
15 342
453 454
587 588
5 588
2 211
29 694
45 694
3 228
12 327
8 588
4 752
0 53
228 229
4 588
3 41
1 374
332 334
32 588
3 475
4 110
1 229
0 58
5 588
1 142
8 153
1 334
5 116
4 118
4 588
3 386
3 327
0 142
12 228
7 156
3 588
1 588
1 327
16 343
6 153
21 475
1 588
2 99
0 588
5 588
27 574
1 694
1 90
14 694
1 56
23 560
7 342
0 322
0 752
3 588
32 327
7 193
4 454
0 342
65 67
0 327
3 588
1 229
0 342
0 67
110 2673
0 211
1 483
326 327
5 228
4 33
5 962
0 1539
0 125
0 120
76 80
1 816
0 554
1 176
2 406
0 66
4 473
0 977
0 844
1 290
18 502
87 88
3 275
5 147
4 515
0 1205
0 1403
0 1695
11 605
595 605
6 1347
3 1347
25 1516
0 295
0 473
0 59
12 1021
10 788
113 228
1 1110
0 88
0 768
1 476
336 337
339 340
1640 1695
125 127
0 308
0 378
0 241
1 452
0 284
1 1900
0 1900
1 3101
0 3101
0 6
8 218
31 664
0 158
0 423
943 951
950 951
0 623
0 399
3 1577
270 278
1 214
11 2150
2 2150
0 145
0 404
0 1074
4 336
0 362
4 594
0 216
437 439
3 527
1382 1386
0 639
19 762
0 625
1 625
0 725
0 395
0 1036
13 1042
8 393
1532 1539
1 368
1509 1539
12 117
0 632
5 1042
1 518
3 567
4 452
0 1071
344 347
1 303
0 120
269 270
1 2237
2234 2237
2230 2237
21 2237
2 2237
0 233
198 1552
0 409
0 1230
2 1230
850 853
0 400
0 126
6 446
16 857
0 973
0 274
1 274
1 3390
23 3390
4 3390
2 3390
0 584
885 890
618 626
17 216
0 1346
0 247
8 287
7 79
0 196
188 191
38 7353
7346 7353
28 7353
337 7353
157 7353
14 7353
150 7353
7191 7353
7349 7353
678 7353
7322 7353
8 7353
7333 7353
140 7353
7300 7353
11 7353
11 141
13 2466
2458 2466
2404 2466
2419 2466
1422 1456
10482 10604
77 10604
10592 10604
2 10604
6 10604
10603 10604
76 10604
200 10604
10403 10604
10484 10604
0 10604
4 10604
1021 10604
22 10604
23 10604
523 10604
33 1655
26 1655
0 407
2 1162
10 1162
0 1162
3 1162
478 479
5 623
0 87
556 564
5 391
0 295
0 590
1 508
1687 1695
0 47
782 788
777 788
783 788
781 788
780 788
4 788
8 788
778 788
784 788
229 230
0 739
6 436
15 1695
0 247
621 626
565 567
114 115
2 48
0 344
10 684
88 764
0 582
1052 1072
1 1862
0 1862
1 369
10 876
1 625
7 233
919 937
931 937
909 937
0 230
1 421
270 272
2 218
789 812
34 826
0 919
1 887
1 1072
30 2339
58 958
6 958
7 1623
6 141
789 792
11 811
0 2330
1 2330
1 247
7 974
3 120
0 182
0 423
0 1967
0 30
4 384
1 549
1151 1153
0 497
186 188
10 498
154 157
1 157
2338 2339
2 950
56 57
0 135
1 473
0 962
0 448
0 163
4 414
4 1161
0 1161
2 1161
1 117
1 96
0 1403
0 1346
1 139
1090 1110
472 473
36 318
0 318
1 700
0 162
2 1967
1504 1539
0 1539
0 106
0 5662
1 5662
3 5662
4 5662
2 5662
1514 1536
39 1536
11 625
59 2565
17 2565
2521 2565
3 2565
22 2565
4 2565
1746 1747
382 384
3 183
3 1249
1248 1249
0 87
8 812
744 746
2119 2128
48 2128
40 2128
472 473
0 67
123 124
173 178
0 764
0 379
1 2396
0 2396
2 2396
14 890
4 890
5 890
0 38
3 2407
1 2407
6 2407
8 2407
718 735
3 581
0 581
2 385
3 385
6 615
0 139
635 641
1 448
1 1064
1063 1064
5 2225
6 89
0 941
0 89
0 1419
443 452
0 80
545 554
1 89
2 1294
22 1294
9 381
1895 1948
1947 1948
1944 1948
1945 1948
2 962
8 448
1 352
136 137
2 594
1 1708
0 1708
286 287
0 25
810 816
624 626
1 90
15 2339
0 1536
2 233
68 69
0 319
1 796
445 446
0 527
4 142
1 369
5 153
588 590
0 385
405 413
0 446
0 2395
1 2395
396 404
295 592
15 2163
2079 2163
2138 2163
3 55
11 191
31 2423
0 2423
2416 2423
9 344
0 196
451 452
1387 1403
1 1205
2 1205
1 1014
0 294
0 448
84 86
0 395
843 844
0 844
1 303
1358 1360
0 812
106 107
0 562
4 479
3 467
1685 1733
26 1733
4 1733
79 80
695 739
5 446
123 247
0 389
0 733
0 215
2 295
3 431
0 175
129 130
186 187
3 135
0 284
366 371
21 330
4 1724
0 1724
1 1724
3 549
0 919
19 1139
0 896
1 896
0 437
1 103
259 264
2 261
0 264
0 648
7 1577
1491 1501
1497 1501
1496 1501
36 617
10 1618
0 285
6 504
114 115
2 48
245 247
23 737
0 223
0 509
1 311
1 594
475 477
0 345
1 733
1 789
2 789
0 605
10 1747
346 347
1510 1511
1509 1511
0 362
146 147
35 307
138 139
137 139
0 382
10 1766
12 788
2 788
5 788
4 788
14 788
0 788
1 788
11 788
3 788
693 694
2 694
6 307
10 174
5 371
10 1077
536 537
1 178
102 103
4 290
3155 3159
3152 3159
3150 3159
64 1331
24 50
1 716
1 508
1907 1909
1904 1909
1885 1909
1617 1618
1606 1618
0 384
1 384
0 102
9 94
0 585
32 474
30 535
0 261
294 295
0 169
0 148
9 183
868 876
1 733
3 1787
1768 1787
1786 1787
3 617
0 1553
2 1553
4 504
1 343
0 632
0 127
502 504
1 1083
1 65
78 1144
176 178
3 172
7 240
430 431
917 919
497 498
0 1618
7 1475
19 368
3 26
1 1965
6 1965
5 1965
4 1965
0 1965
13 1965
26 125
0 175
4 55
375 379
0 229
0 229
0 230
0 1042
343 344
322 323
3 746
13 876
475 479
401 406
1 504
1 171
29 575
50 764
16 1913
4 1913
1 1057
3 269
0 173
0 344
0 772
0 242
0 1695
28 1695
0 382
9 764
0 175
92 94
1 811
0 394
0 1287
0 176
12 139
0 310
1 360
228 230
1 811
0 381
0 1129
2 1129
1 1129
3 638
1070 1071
15 1410
1409 1410
1408 1410
1 811
0 497
2 37
0 285
6 305
2 256
0 360
231 233
605 623
1 1061
255 260
0 452
7 563
589 592
3 144
326 327
0 617
6 337
361 362
167 5976
30 5976
5973 5976
5711 5976
47 5976
5975 5976
286 5976
5799 5976
5924 5976
1074 1075
360 379
654 661
0 162
13 2517
3 431
0 100
1 1386
9 850
1 511
404 405
1099 1102
0 1102
0 370
187 196
1 361
17 841
697 698
0 124
0 290
4 218
437 439
22 229
0 349
0 89
0 360
323 333
327 333
0 526
121 122
0 412
0 196
1 874
0 247
8 896
1 338
2 338
0 142
1778 1779
120 1779
108 1779
116 1779
14 1238
12 876
1 1853
4 1853
3 1853
24 592
559 564
0 173
1521 1539
0 158
802 812
3 584
0 328
3 262
0 816
96 99
1 796
6 404
6 146
344 345
6 464
11 228
271 274
459 919
0 502
1 1110
2 122
0 446
59 518
0 141
12 585
74 561
2807 2808
1356 1357
109 1416
0 204
6 100
281 563
0 564
0 473
60 1110
0 339
163 327
4 308
287 295
0 587
0 777
3 558
148 149
206 209
4 279
10 962
1 3095
5 3095
2 3095
8 1617
1 1617
2 1617
0 1617
317 318
322 327
2 1767
19 1767
75 1767
5 1767
239 240
0 1071
0 522
0 1618
1 465
0 465
4 465
