2 384
10 375
14 392
0 576
2 576
28 776
30 776
19 511
18 2287
1 2287
4 745
4 745
4 914
12 338
5 448
0 691
2 691
0 183
912 914
9 1155
1147 1155
577 1155
2 1155
5 1155
3 1370
25 1623
144 7389
56 7389
8 7389
4 7389
1 7389
6 7389
16 7389
17 7389
136 7389
14 7389
250 7389
5 2339
3 615
6 1288
174 176
10 1265
11 1265
15 1265
5 150
0 79
0 1983
1 1983
6 1983
5 1983
2 269
198 397
3 1208
14 1208
6 1208
5 1474
11 240
3 448
3 558
1 1113
0 1113
1 79
17 305
399 400
3 388
6 590
3 1483
75 152
1 152
0 796
767 1536
0 805
9 276
8 328
3 1267
15 1267
2 1267
10 1267
9 1267
10 522
2 198
0 1013
0 1013
3 152
0 1303
0 1008
2 1008
1 327
6 562
6 737
6 737
4 264
7 175
0 44
0 89
17 1913
4 1913
14 1539
972 973
854 855
2 301
228 7645
152 7645
783 7645
5 7645
93 7645
179 7645
342 7645
164 7645
110 7645
146 7645
41 7645
245 7645
244 7645
268 7645
297 7645
511 7645
156 7645
37 7645
81 7645
340 7645
820 9306
6 9306
162 9306
8 9306
3 9306
265 9306
223 9306
4 9306
2 9306
429 9306
244 9306
0 9306
74 9306
252 9306
43 9306
44 9306
13 9306
10 9306
20 3760
124 3760
0 3760
11 3760
29 3760
17 3760
7 3760
22 3760
46 689
3 295
5 1454
0 1454
3 1454
6 1454
3 626
0 203
0 405
13 794
2 794
2 844
328 657
1109 1110
5 150
1 1071
0 812
0 812
0 422
3 896
11 395
3 2339
1 135
7 324
2 721
7 79
2 204
3 811
1 368
0 380
0 380
3 384
7 152
48 98
8 68
3 446
1 777
1 777
1 884
10 884
9 1514
437 876
5 348
0 169
2 663
1 663
14 303
11 240
25 441
17 1474
0 733
3 1077
1 404
0 973
1 138
16 1618
2 567
13 876
1 176
0 2150
43 2150
13 876
155 311
5 1597
2 1597
3 1597
18 1597
11 618
0 98
5 184
7 776
2 776
496 497
4 57
16 392
0 670
2 670
14 392
1 511
5 247
0 876
171 344
4 965
769 1539
1 509
4 215
17 176
4 215
4 215
27 1386
282 283
763 764
3 465
0 792
41 10782
15 10782
55 10782
8 10782
2 10782
32 10782
52 10782
27 10782
37 10782
28 10782
20 10782
224 10782
38 10782
6 10782
4 10782
5 10782
24 10782
9 10782
26 10782
30 10782
21 10782
76 10782
31 10782
3 10782
20 10782
18 10782
0 224
19 767
10 144
269 540
1 2510
0 2510
134 269
5 269
2 1269
0 1269
3 919
1 782
4 448
1 931
0 931
2 247
3 89
3 2038
0 2038
1 2038
1 446
21 737
0 1898
2 1898
291 584
20 1360
7 2257
1 2257
32 1695
30 2339
1065 1072
1 746
4 746
1 2150
16 2150
5 3410
2 3410
31 3410
4 746
2 2150
29 2150
14 764
4 746
0 456
19 590
6 2449
19 2449
23 191
0 777
2 266
18 1027
487 976
487 976
9 3000
8 3000
17 3000
116 3000
23 3000
7 3000
4 202
1 456
7 777
380 381
0 295
4 186
220 441
1 94
33 68
7 287
9 240
70 142
12 240
11 655
5 1197
7 2831
5 2831
4 2831
1 2831
1 1331
12 4210
5 4210
67 4210
6 4210
3 4210
35 4210
30 4210
16 4210
7 4210
4 4210
143 4210
4 20
3 209
1 677
0 677
0 1547
1 1547
2 888
0 888
343 344
407 413
2 1012
0 1012
3 1012
6 269
13 467
7 504
554 1110
1 585
3 2128
5 2128
1 2128
7 960
11 1483
1533 1536
23 1536
1100 1110
1 1069
4 1069
0 1069
1010 1014
17 811
5 1110
3 423
0 93
5 183
1 384
1 724
0 2375
3 2375
7 2375
1 178
393 788
2 788
3 788
5 788
393 788
0 788
1 788
393 788
4 788
0 203
10 226
3 4949
10 4949
5 4949
29 4949
44 4949
24 4949
41 4949
1 120
40 2150
3 2150
13 2150
2 653
686 689
8 2955
4 2955
6 2955
5 2955
17 2955
0 2955
3 2955
6 1695
2 439
30 439
6 225
4 2163
3 2163
129 13875
15 13875
1 13875
9 13875
5 13875
28 13875
0 13875
4 13875
41 13875
2 13875
6937 13875
111 13875
109 13875
10 13875
20 2339
3 222
0 150
1 1164
5 1164
7 1164
0 2347
1 2347
2 2347
3 2347
630 633
2 384
14 3126
8 3126
1 3126
2 3126
0 3126
12 3126
11 3126
0 1078
1 1078
2 1078
2 267
5 1926
262 526
32 812
15 858
7 5657
3 5657
14 5657
2 5657
1 5657
0 5657
22 5657
177 5657
8 1042
8 423
6 218
85 172
12 1307
54 1021
6 384
21 400
239 240
5 247
1 176
1 247
4 124
19 618
5 247
0 1708
3 1708
2 1708
1 1708
4 762
0 762
1 152
18 371
5 264
4 442
26 442
0 389
53 5642
1 5642
22 5642
213 5642
48 5642
50 5642
47 5642
2 416
111 223
2 86
21 543
13 1403
12 1403
9 679
2 2517
0 87
344 689
8 336
3 89
2 153
1402 1403
20 1963
8 1963
0 2002
9 2002
36 2002
143 147
12 147
8 163
131 264
6 1539
131 264
22 590
0 181
120 241
0 465
381 764
381 764
17 764
8 295
10 1652
8 1652
2 1967
2 86
0 1110
2 1183
0 1183
1 1183
0 876
0 389
1 1124
0 1124
3 1014
0 961
5 961
2 961
0 526
0 359
19 1130
2 257
9 1386
13 842
520 1042
0 257
1 2403
61 2403
17 2403
1 106
10 375
14 617
30 270
269 270
8 340
4 327
7 380
2 518
1 587
0 587
0 384
0 424
17 264
19 699
11 1317
5 1317
0 1317
6 120
7 594
0 538
0 603
34 1130
2 344
239 240
1 1241
4 122
10 855
9 1898
13 1898
1 1898
0 1898
11 384
8 17
14 914
0 777
81 163
7 4713
0 4713
36 4713
2356 4713
12 4713
1 4713
0 44
0 2150
6 2150
5 2150
3 2150
8 402
132 266
1 781
4 781
2 781
0 781
663 664
13 689
6 874
2 796
795 796
67 1464
34 1464
37 1464
10 548
7 382
116 233
2 663
10 257
252 506
8 1012
3 257
1 626
3 371
390 782
1 3816
7 3816
11 3816
5 3816
2 3816
9 3816
4 3816
10 340
8 1347
2 1347
1 149
6 554
2 364
3 364
147 295
217 435
20 695
3 1247
0 1247
7 423
36 914
0 265
0 631
6 631
4 186
32 518
85 171
255 511
40 431
4 2308
0 2308
10 2303
4 2303
0 145
3 145
2 145
8 467
12 518
2 405
7 318
14 423
12 324
387 389
1 8726
61 8726
55 8726
2 8726
57 8726
193 8726
174 8726
102 8726
160 8726
10 8726
0 8726
16 8726
3 8726
7 422
107 108
2 456
1 1036
0 1036
18 391
0 344
15 679
1 154
198 397
10 3066
3 3066
34 3066
6 1214
5 1214
13 1595
35 1595
763 764
0 457
0 368
0 376
3 209
205 209
2 1191
0 1191
8 592
377 378
70 141
1 389
3 446
5 264
7 526
5 1110
6366 12734
21 12734
0 12734
154 12734
22 12734
52 12734
6366 12734
16 12734
13 12734
226 12734
39 12734
39 12734
84 12734
53 12734
28 12734
329 12734
142 12734
125 12734
9 203
2 89
651 653
11 295
0 841
0 441
2 384
0 876
28 1264
631 1264
38 1264
1 404
0 1483
0 1110
14 590
9 590
5 264
0 107
16 1386
11 148
44 89
10 842
460 461
0 669
3 669
11 737
20 699
6 423
7 737
0 107
0 107
7 148
0 473
14 2629
32 2629
13 2629
8 2629
6 384
10 1589
1 1589
5 1589
3 113
50 2696
17 2696
0 2696
3 774
31 664
493 987
3 987
11 987
5 4344
25 4344
2 4344
6 4344
0 4344
1 4344
22 4344
3 222
312 626
13 1376
0 1376
6 1376
1375 1376
0 558
2 680
5 680
4 234
2 177
5 177
17 384
16 441
22 441
1 376
0 1511
5 1511
7 522
0 522
0 169
9 737
31 664
12 479
13 2238
2 2238
10 2238
3 2238
12 1074
11 737
1 762
1258 2517
393 788
28 2300
26 2300
761 762
14 618
0 183
268 270
11 558
1 252
16 295
18 1913
25 1913
24 656
2 656
8 656
11 240
3 423
381 764
24 373
0 446
2 357
7 423
0 632
6 590
280 562
227 456
0 9
293 587
3 562
5 1014
1 774
0 404
4 567
1 1407
3 594
1 690
2 690
249 250
125 127
294 295
5 2725
2 2725
6 2725
0 2725
4 2725
1 442
0 442
1 518
1 508
0 269
1 269
0 38
4 6094
2 6094
1 6094
0 6094
3 6094
1369 1370
9 2737
8 2737
13 1409
262 526
10 465
4 339
4 960
0 960
22 382
7 295
0 404
0 431
1 1536
3 615
0 844
1 308
3 504
3 560
0 730
1 730
1 764
0 1701
11 240
141 283
5 596
13 392
4 2339
1 2339
0 303
0 461
19 563
7 438
0 122
0 980
1 980
422 845
0 665
4 378
2 352
5 889
4 889
2 189
0 431
4 751
262 526
1951 1955
25 1955
30 1955
88 1955
22 1955
50 1955
7 9453
32 9453
10 9453
2 9453
5 9453
42 9453
4 9453
11 9453
8 9453
22 9453
24 9453
23 9453
21 9453
13 9453
9 9453
1 3604
6 3604
8 3604
1801 3604
7 3604
7 2982
1 2982
8 2982
2 2982
6 2982
7 1152
498 499
0 181
1 181
124 249
14 613
11 395
6 575
2 122
3 1114
0 1114
141 283
141 283
0 241
27 55
654 655
1 1887
0 1887
2 1887
257 7512
208 7512
94 7512
20 7512
5 7512
204 7512
261 7512
207 7512
180 7512
456 7512
332 7512
174 7512
106 7512
140 7512
7506 7512
4 328
1 623
0 106
1 82
1 305
97 196
75 151
5 439
1 328
18 2031
2 4370
7 4370
4 4370
0 4370
1 4370
6 4370
3 4370
5 4370
3 340
0 360
1 269
1 413
15 887
0 187
1 187
3 534
3 1539
5 726
128 257
201 202
1 764
2 764
0 473
2 729
1 729
4 729
3 174
296 593
1 326
4 282
29 59
26 2849
32 2849
22 2849
14 2849
4 225
217 435
0 435
0 522
72 146
19 479
2 399
2 587
11 562
393 788
2 788
393 788
393 788
393 788
0 788
0 788
393 788
393 788
5 473
4 473
2 1528
0 1528
12 1904
9 1904
0 733
218 219
31 2417
35 2417
27 594
14 594
296 594
0 620
1 620
0 476
2 476
0 405
22 1695
1 91
45 91
2 1223
1 1223
5 1223
478 479
2 328
3 1879
0 1879
88 4834
4 4834
43 4834
31 4834
8 4834
9 4834
3 145
738 739
11 336
6 361
88 177
412 413
379 759
190 191
190 191
2 240
2 233
3 177
0 176
5 318
5 807
2 807
2 761
1 446
1 931
0 931
0 1074
2 812
143 287
11 764
6 1043
0 857
1 922
5 558
6 558
5 279
86 173
64 130
2 617
3 617
2 1707
1 1707
52 4275
44 4275
4 4275
96 4275
90 4275
1 1149
2 1149
6 1149
4 2971
0 2971
11 336
6 318
2 1026
1 92
0 92
0 311
0 161
4 774
8 127
8 379
399 400
423 428
190 381
5 562
4 497
392 393
0 279
322 323
2 395
4 223
2 362
12 509
1 2434
5 716
386 388
18 233
0 484
3 484
4 484
9 1075
17 1075
31 1075
1074 1075
58 118
0 114
421 844
16 844
6 306
0 1742
3 1742
1 1742
6 441
12 655
10 764
0 509
1868 3737
2 3737
1 3737
0 3737
9 562
1090 2181
2 338
3 40
2 379
2 405
1 474
2 98
1 1143
183 368
349 699
0 343
11 126
1 1644
2 1644
0 767
1 767
383 767
9 20
154 310
2 354
2 61
4 297
363 727
9 395
1617 1618
2 233
190 381
1 473
108 217
2 152
383 768
0 171
0 567
1 301
0 461
393 788
2 788
393 788
393 788
393 788
0 788
0 788
393 788
393 788
1 405
652 653
69 139
0 324
6 973
13 1386
3 633
21 664
20 1618
17 395
0 295
171 344
229 230
1109 2219
0 385
0 527
12 1926
45 1926
3 548
0 919
16 699
1 472
4 327
0 821
1 821
2 821
3 526
4 567
2 1012
2 1012
4 1012
11 562
369 739
0 266
113 227
0 241
15 635
2 391
4 177
1 407
6 435
533 535
4 527
4 371
9 371
1 240
0 57
148 297
4 262
0 361
16 1312
83 84
284 287
4 509
10 585
14 592
20 812
1169 2339
144 290
0 948
1 948
0 448
486 973
2 360
4 389
13 1646
2 2101
4 2101
3 2101
0 2101
2 876
29 472
13 265
13 777
2 502
68 137
104 209
10 144
1 183
0 370
67 135
1 120
6 962
29 721
1 114
2 3218
2 1747
0 231
0 1110
0 153
0 290
3 397
7 325
7 319
190 382
5 5267
18 5267
13 5267
7 5267
21 5267
16 5267
20 5267
25 5267
1 5267
12 5267
9 5267
0 5267
14 5267
26 5267
2 1034
0 1034
0 2191
1 2191
6 247
7 247
10 1416
513 1027
0 319
0 1042
0 384
0 163
1 127
0 484
1 900
0 544
132 265
4 368
0 930
5 2416
2 2416
9 2416
9 919
406 407
0 382
0 247
0 233
6 1183
3 1183
0 1183
1 1185
0 382
0 340
0 3763
1 3763
176 177
15 477
4 141
20 242
0 295
1 295
18 395
307 615
1 308
2 1695
4 511
0 227
1 257
6 2339
394 395
2 359
4 761
256 257
0 176
11 336
2 195
359 365
239 240
6 230
0 196
5 338
8 1116
1 1116
2 1124
0 300
1 1623
452 906
28 57
0 188
1 1057
0 233
2 721
7 318
0 735
349 699
1 446
0 310
0 165
232 465
15 1130
339 679
1 392
173 348
10 1898
2 1898
4 472
40 950
948 950
35 950
0 191
3 1695
0 324
1 282
2 861
43 1695
179 360
950 960
385 388
2 1701
23 453
8 453
246 247
2 461
294 295
15 1042
274 549
159 319
6 1110
19 2517
1 866
0 866
2 141
0 387
23 48
0 1791
2 1791
8 511
2 275
142 286
0 423
5 191
13 950
15 509
0 861
0 364
4 364
377 378
3 3651
2 364
6 364
0 298
672 679
15 654
176 177
6 605
4 392
3 392
4 569
0 43
5 414
0 272
3 327
0 2050
1 2050
2 2050
0 617
9 927
3 1268
0 1268
1 1268
706 1413
78 157
315 317
30 790
394 790
3 812
538 1077
6 584
280 562
23 1360
2 1695
202 405
293 587
4 127
2 1592
0 1592
0 1719
1 1719
2 1719
12 548
2 548
97 195
350 352
0 1043
4 2703
2 2703
3 2703
5 2703
22 1165
13 395
1 1323
3 1323
0 1323
13 1323
2 1323
0 118
164 165
2 663
7 451
15 1536
3 1526
1 1526
1 1526
1 116
10 327
2 587
0 139
4 325
1285 1288
1 116
119 240
0 217
355 712
30 1386
16 2339
0 2517
190 381
141 284
3 183
147 295
23 2517
12 2339
23 465
1 247
0 2517
0 55
1 281
0 247
38 1360
4 461
3760 3761
7 590
3 594
377 378
25 1539
10 108
2168 4338
775 1552
3 152
2 646
4 306
15 657
652 657
20 1042
210 421
4 1042
5 222
33 1034
0 270
4 1104
0 486
501 502
2 57
407 816
2 2365
536 1074
0 187
12 2236
3 2236
2 2236
0 2236
403 405
3 1110
9 497
110 222
0 120
0 151
0 1392
0 230
4 86
77 78
1169 2339
8 9
2 1021
16 318
1 308
3 279
1 762
87 88
5 721
1 1027
12 500
0 89
2 86
12 159
1 733
10 725
3 276
2 497
4 1130
0 456
0 654
776 777
1 53
0 340
237 475
2 142
7 694
0 41
0 90
11 588
7 588
3 588
1 214
2 67
3 588
2 327
2 342
3 588
96 193
2 161
44 90
9 588
6 41
3 322
1 718
2 142
12 567
587 588
56 113
0 120
10 588
4 567
293 588
39 588
12 483
28 588
5 218
587 588
11 282
9 282
293 588
108 218
2 327
11 24
0 274
2 274
2 214
1 142
6 90
44 90
1 228
6 567
0 229
13 567
4 343
5 228
2 327
0 43
12 386
346 694
113 228
4 475
3 588
237 475
24 946
0 475
0 567
1 457
9 327
12 483
9 343
4 116
0 475
113 228
1 342
163 327
279 560
4 229
0 99
6 588
21 43
21 43
0 168
11 141
0 483
7 16
8 588
2 386
9 334
293 588
293 588
6 588
293 588
1 90
12 588
2 271
12 588
11 386
3 67
279 560
170 342
10 454
5 588
6 588
5 211
346 694
6 694
8 228
5 327
13 588
13 752
0 53
0 229
21 588
5 41
0 374
3 334
15 588
27 475
7 110
1 229
1 58
14 588
2 142
6 153
4 334
5 116
58 118
13 588
30 386
3 327
2 142
16 228
77 156
3 588
6 588
2 327
23 343
76 153
13 475
1 588
4 99
0 588
6 588
286 574
3 694
1 90
32 694
0 56
279 560
12 342
160 322
4 752
12 588
19 327
2 193
7 454
1 342
2 67
3 327
14 588
4 229
0 342
3 67
1336 2673
2 211
11 483
9 327
0 228
4 33
480 962
1 1539
0 125
0 120
39 80
1 816
0 554
2 176
4 406
0 66
1 473
0 977
0 844
0 290
7 502
87 88
2 275
9 147
4 515
0 1205
2 1403
0 1695
2 605
595 605
8 1347
11 1347
47 1516
0 295
0 473
0 59
6 1021
17 788
113 228
0 1110
0 88
0 768
2 476
5 337
339 340
12 1695
4 127
0 308
1 378
0 241
451 452
0 284
1 1900
0 1900
1 3101
0 3101
0 6
6 218
662 664
0 158
0 423
19 951
7 951
0 623
0 399
10 1577
0 278
3 214
4 2150
0 2150
0 145
0 404
0 1074
1 336
0 362
4 594
0 216
8 439
4 527
13 1386
3 639
13 762
0 625
1 625
0 725
0 395
0 1036
15 1042
1 393
16 1539
1 368
4 1539
58 117
7 632
44 1042
258 518
1 567
1 452
1 1071
0 347
3 303
0 120
269 270
1 2237
149 2237
3 2237
11 2237
12 2237
0 233
775 1552
0 409
0 1230
2 1230
33 853
1 400
0 126
0 446
856 857
0 973
1 274
0 274
1 3390
17 3390
3 3390
0 3390
0 584
11 890
2 626
107 216
0 1346
0 247
143 287
39 79
0 196
21 191
122 7353
104 7353
70 7353
503 7353
13 7353
26 7353
155 7353
18 7353
120 7353
532 7353
0 7353
84 7353
24 7353
185 7353
117 7353
12 7353
4 141
4 2466
2 2466
1 2466
0 2466
1449 1456
10 10604
1 10604
216 10604
46 10604
29 10604
0 10604
41 10604
129 10604
16 10604
71 10604
18 10604
34 10604
2 10604
45 10604
88 10604
31 10604
17 1655
16 1655
0 407
2 1162
4 1162
0 1162
1 1162
2 479
17 623
0 87
1 564
195 391
0 295
0 590
0 508
847 1695
23 47
393 788
9 788
17 788
15 788
393 788
0 788
1 788
8 788
393 788
7 230
2 739
4 436
41 1695
0 247
3 626
19 567
57 115
23 48
0 344
3 684
381 764
1 582
5 1072
2 1862
0 1862
7 369
13 876
1 625
232 233
1 937
0 937
5 937
1 230
1 421
1 272
4 218
3 812
825 826
0 919
2 887
1 1072
9 2339
7 958
1 958
13 1623
9 141
8 792
5 811
2 2330
1 2330
5 247
973 974
12 120
0 182
0 423
0 1967
0 30
4 384
2 549
1142 1153
0 497
4 188
2 498
0 157
3 157
2338 2339
4 950
56 57
0 135
10 473
0 962
1 448
0 163
3 414
6 1161
1 1161
2 1161
0 117
0 96
16 1403
0 1346
1 139
52 1110
18 473
9 318
0 318
2 700
0 162
2 1967
7 1539
6 1539
105 106
0 5662
2 5662
4 5662
2 5662
1 5662
1534 1536
22 1536
10 625
8 2565
0 2565
16 2565
1 2565
9 2565
7 2565
1745 1747
13 384
5 183
3 1249
6 1249
0 87
6 812
8 746
1 2128
3 2128
4 2128
0 473
0 67
4 124
177 178
0 764
1 379
2 2396
0 2396
1 2396
10 890
1 890
8 890
0 38
2 2407
3 2407
0 2407
8 2407
1 735
0 581
1 581
2 385
2 385
14 615
0 139
7 641
4 448
3 1064
1 1064
5 2225
3 89
0 941
0 89
0 1419
3 452
1 80
8 554
1 89
1 1294
31 1294
190 381
12 1948
8 1948
1 1948
57 1948
1 962
3 448
2 352
136 137
2 594
1 1708
0 1708
143 287
0 25
0 816
2 626
0 90
14 2339
0 1536
1 233
1 69
2 319
4 796
0 446
0 527
1 142
1 369
1 153
0 590
1 385
411 413
1 446
0 2395
1 2395
2 404
295 592
20 2163
5 2163
7 2163
27 55
18 191
3 2423
0 2423
2 2423
1 344
2 196
0 452
30 1403
1 1205
2 1205
2 1014
0 294
1 448
5 86
0 395
13 844
0 844
151 303
1359 1360
0 812
106 107
0 562
1 479
4 467
24 1733
13 1733
21 1733
4 80
5 739
0 446
123 247
0 389
0 733
4 215
4 295
15 431
0 175
129 130
186 187
1 135
1 284
6 371
8 330
2 1724
0 1724
1 1724
1 549
5 919
569 1139
0 896
1 896
4 437
51 103
10 264
7 261
3 264
0 648
15 1577
0 1501
4 1501
1 1501
15 617
8 1618
0 285
503 504
6 115
1 48
0 247
1 737
0 223
0 509
0 311
1 594
238 477
0 345
1 733
9 789
0 789
0 605
2 1747
0 347
34 1511
122 1511
0 362
144 147
0 307
138 139
136 139
0 382
882 1766
393 788
2 788
5 788
3 788
393 788
0 788
1 788
393 788
4 788
25 694
0 694
4 307
3 174
14 371
538 1077
3 537
88 178
0 103
2 290
9 3159
15 3159
3 3159
4 1331
24 50
1 716
1 508
22 1909
26 1909
10 1909
1 1618
3 1618
0 384
3 384
0 102
0 94
0 585
4 474
267 535
0 261
294 295
0 169
0 148
4 183
8 876
1 733
10 1787
14 1787
6 1787
2 617
0 1553
1 1553
7 504
1 343
1 632
0 127
9 504
6 1083
2 65
4 1144
3 178
5 172
119 240
215 431
10 919
497 498
2 1618
36 1475
183 368
3 26
1 1965
0 1965
3 1965
4 1965
2 1965
6 1965
12 125
0 175
27 55
19 379
1 229
0 229
1 230
3 1042
0 344
11 323
4 746
12 876
7 479
404 406
2 504
3 171
6 575
12 764
19 1913
2 1913
1 1057
1 269
0 173
3 344
0 772
0 242
0 1695
14 1695
3 382
8 764
0 175
0 94
1 811
0 394
0 1287
0 176
138 139
0 310
1 360
2 230
1 811
1 381
0 1129
3 1129
1 1129
0 638
8 1071
32 1410
5 1410
21 1410
1 811
0 497
18 37
0 285
7 305
1 256
1 360
116 233
620 623
0 1061
259 260
0 452
3 563
8 592
4 144
163 327
0 617
4 337
4 362
366 5976
32 5976
204 5976
88 5976
109 5976
150 5976
94 5976
84 5976
148 5976
1074 1075
13 379
20 661
1 162
3 2517
15 431
4 100
1 1386
6 850
1 511
404 405
0 1102
1 1102
0 370
8 196
1 361
10 841
697 698
0 124
0 290
108 218
435 439
14 229
0 349
2 89
0 360
11 333
12 333
2 526
3 122
0 412
97 196
6 874
0 247
5 896
0 338
1 338
0 142
64 1779
889 1779
42 1779
889 1779
9 1238
13 876
1 1853
0 1853
2 1853
3 592
563 564
86 173
8 1539
0 158
1 812
4 584
0 328
2 262
1 816
0 99
397 796
402 404
5 146
6 345
3 464
113 228
272 274
459 919
0 502
0 1110
120 122
3 446
517 518
0 141
15 585
8 561
0 2808
1 1357
707 1416
1 204
5 100
281 563
12 564
0 473
14 1110
0 339
163 327
2 308
147 295
1 587
0 777
3 558
74 149
104 209
278 279
1 962
1 3095
3 3095
0 3095
5 1617
0 1617
2 1617
1 1617
2 318
7 327
2 1767
9 1767
0 1767
1 1767
14 240
0 1071
0 522
0 1618
1 465
0 465
1 465
