381 384
372 375
8 392
562 576
9 576
769 776
737 776
492 511
2191 2287
2228 2287
693 745
0 745
824 914
299 338
436 448
676 691
685 691
181 183
901 914
1109 1155
1142 1155
1013 1155
6 1155
3 1155
1322 1370
1434 1623
7385 7389
7374 7389
7337 7389
14 7389
119 7389
7377 7389
7280 7389
1 7389
18 7389
7284 7389
6986 7389
2334 2339
543 615
1276 1288
165 176
1255 1265
1180 1265
1225 1265
148 150
74 79
1838 1983
1947 1983
6 1983
1939 1983
242 269
344 397
1173 1208
47 1208
1160 1208
1457 1474
237 240
431 448
556 558
1057 1113
1022 1113
0 79
302 305
399 400
381 388
565 590
1366 1483
147 152
147 152
789 796
1472 1536
0 805
270 276
327 328
1264 1267
1263 1267
1256 1267
1181 1267
1265 1267
0 522
190 198
947 1013
882 1013
148 152
1289 1303
992 1008
970 1008
5 327
543 562
9 737
8 737
256 264
168 175
42 44
68 89
1841 1913
1808 1913
1470 1539
972 973
852 855
299 301
67 7645
19 7645
7644 7645
7115 7645
115 7645
7639 7645
7643 7645
7630 7645
7636 7645
25 7645
4 7645
7582 7645
7472 7645
7507 7645
7425 7645
7471 7645
176 7645
7217 7645
7404 7645
7568 7645
8804 9306
9067 9306
9174 9306
9298 9306
9295 9306
205 9306
9305 9306
9304 9306
9246 9306
198 9306
4 9306
9301 9306
9092 9306
9182 9306
9302 9306
9256 9306
9271 9306
8821 9306
3729 3760
3377 3760
3758 3760
3759 3760
3751 3760
3740 3760
3714 3760
3757 3760
677 689
279 295
1446 1454
1452 1454
1396 1454
1307 1454
611 626
199 203
395 405
784 794
792 794
832 844
574 657
1099 1110
148 150
2 1071
759 812
0 812
0 422
892 896
394 395
10 2339
0 135
300 324
0 721
75 79
195 204
4 811
0 368
0 380
0 380
1 384
136 152
0 98
66 68
9 446
0 777
1 777
3 884
880 884
1512 1514
841 876
325 348
152 169
655 663
661 663
300 303
236 240
435 441
1450 1474
0 733
0 1077
366 404
929 973
132 138
1425 1618
547 567
871 876
155 176
1690 2150
2065 2150
870 876
1 311
1491 1597
1451 1597
1547 1597
1511 1597
610 618
0 98
180 184
769 776
757 776
494 497
56 57
383 392
667 670
593 670
382 392
9 511
3 247
789 876
317 344
893 965
1527 1539
482 509
203 215
172 176
201 215
202 215
1365 1386
274 283
648 764
462 465
780 792
10163 10782
10549 10782
10553 10782
2 10782
10684 10782
10024 10782
10634 10782
10595 10782
10059 10782
9812 10782
10567 10782
10749 10782
10763 10782
10765 10782
10732 10782
10390 10782
10466 10782
10590 10782
10683 10782
10378 10782
10618 10782
10583 10782
91 10782
10770 10782
10567 10782
10694 10782
208 224
728 767
2 144
461 540
2491 2510
18 2510
3 269
2 269
1246 1269
5 1269
21 919
5 782
425 448
0 931
879 931
2 247
80 89
2032 2038
1861 2038
60 2038
426 446
714 737
1888 1898
1889 1898
11 584
1337 1360
23 2257
3 2257
1674 1695
2338 2339
1066 1072
695 746
708 746
2045 2150
2096 2150
3383 3410
3319 3410
3357 3410
714 746
2085 2150
2117 2150
747 764
713 746
427 456
580 590
2344 2449
2448 2449
182 191
764 777
235 266
1002 1027
920 976
847 976
2564 3000
2990 3000
8 3000
16 3000
2741 3000
2870 3000
4 202
0 456
755 777
366 381
7 295
185 186
440 441
0 94
57 68
11 287
237 240
2 142
238 240
0 655
1075 1197
5 2831
3 2831
2 2831
4 2831
1259 1331
4203 4210
4208 4210
4112 4210
4204 4210
4185 4210
4181 4210
3751 4210
3898 4210
4207 4210
4206 4210
4149 4210
1 20
203 209
0 677
667 677
3 1547
1529 1547
886 888
887 888
338 344
388 413
894 1012
880 1012
919 1012
263 269
0 467
498 504
1038 1110
516 585
2095 2128
1987 2128
2053 2128
930 960
1379 1483
1472 1536
1499 1536
1101 1110
0 1069
993 1069
1067 1069
1007 1014
784 811
1091 1110
422 423
0 93
171 183
377 384
715 724
2351 2375
2326 2375
2321 2375
165 178
777 788
779 788
782 788
775 788
778 788
780 788
771 788
772 788
773 788
161 203
218 226
14 4949
4745 4949
4704 4949
33 4949
4906 4949
32 4949
124 4949
115 120
34 2150
2104 2150
2078 2150
642 653
650 689
1 2955
0 2955
2933 2955
2 2955
2916 2955
2905 2955
2932 2955
1637 1695
428 439
428 439
224 225
7 2163
28 2163
12641 13875
13667 13875
28 13875
10 13875
307 13875
13353 13875
13598 13875
13485 13875
12977 13875
13297 13875
12646 13875
13443 13875
13756 13875
13835 13875
21 2339
216 222
148 150
23 1164
1 1164
1119 1164
0 2347
1 2347
3 2347
2 2347
629 633
380 384
3065 3126
2918 3126
3092 3126
3034 3126
2584 3126
3012 3126
3026 3126
1071 1078
1077 1078
4 1078
260 267
0 1926
491 526
808 812
802 858
2 5657
12 5657
5191 5657
3 5657
5593 5657
10 5657
5189 5657
5590 5657
1041 1042
422 423
198 218
155 172
1128 1307
56 1021
380 384
399 400
237 240
220 247
154 176
0 247
107 124
604 618
1 247
1481 1708
14 1708
13 1708
3 1708
747 762
738 762
145 152
362 371
263 264
439 442
441 442
387 389
14 5642
32 5642
65 5642
189 5642
22 5642
7 5642
5621 5642
411 416
192 223
85 86
507 543
9 1403
1261 1403
648 679
2440 2517
0 87
648 689
1 336
0 89
143 153
1343 1403
1958 1963
1949 1963
1926 2002
1873 2002
1995 2002
146 147
146 147
151 163
263 264
1506 1539
256 264
563 590
172 181
220 241
11 465
656 764
692 764
727 764
266 295
1638 1652
1627 1652
1951 1967
85 86
0 1110
4 1183
1 1183
1116 1183
846 876
387 389
1090 1124
1070 1124
0 1014
940 961
892 961
0 961
6 526
0 359
5 1130
0 257
1364 1386
808 842
1002 1042
242 257
2272 2403
2056 2403
2301 2403
103 106
372 375
10 617
268 270
269 270
338 340
301 327
355 380
505 518
586 587
584 587
370 384
396 424
263 264
690 699
1260 1317
1309 1317
1297 1317
117 120
0 594
0 538
0 603
20 1130
2 344
237 240
1119 1241
119 122
849 855
1889 1898
1892 1898
1890 1898
1889 1898
380 384
13 17
905 914
690 777
154 163
4659 4713
4631 4713
4697 4713
4095 4713
4695 4713
4470 4713
42 44
2106 2150
2080 2150
1 2150
2 2150
393 402
241 266
756 781
744 781
707 781
770 781
660 664
677 689
0 874
791 796
788 796
1379 1464
1411 1464
1449 1464
537 548
380 382
0 233
576 663
249 257
491 506
6 1012
230 257
577 626
346 371
692 782
3764 3816
3804 3816
3751 3816
3695 3816
3732 3816
3805 3816
174 3816
338 340
1294 1347
1326 1347
146 149
517 554
315 364
316 364
277 295
16 435
676 695
3 1247
4 1247
382 423
901 914
225 265
615 631
629 631
185 186
509 518
166 171
481 511
410 431
9 2308
1 2308
2144 2303
20 2303
140 145
2 145
9 145
405 467
505 518
401 405
314 318
413 423
297 324
387 389
3 8726
8662 8726
8223 8726
8 8726
8527 8726
8564 8726
8298 8726
8418 8726
8717 8726
8724 8726
2 8726
19 8726
8460 8726
412 422
98 108
433 456
929 1036
918 1036
354 391
333 344
647 679
4 154
13 397
0 3066
8 3066
3050 3066
1201 1214
1182 1214
1507 1595
1483 1595
755 764
0 457
0 368
0 376
198 209
203 209
1 1191
0 1191
591 592
376 378
129 141
387 389
444 446
249 264
499 526
1092 1110
11540 12734
12063 12734
12733 12734
293 12734
12634 12734
12521 12734
338 12734
12574 12734
12445 12734
379 12734
21 12734
10 12734
11644 12734
112 12734
12212 12734
78 12734
30 12734
12404 12734
202 203
3 89
613 653
14 295
0 841
0 441
381 384
849 876
1191 1264
1225 1264
1260 1264
2 404
5 1483
0 1110
560 590
566 590
255 264
106 107
8 1386
143 148
77 89
731 842
460 461
615 669
666 669
666 737
691 699
3 423
671 737
106 107
106 107
142 148
457 473
2309 2629
2475 2629
2425 2629
2604 2629
379 384
1587 1589
1548 1589
1544 1589
2 113
2643 2696
2666 2696
2423 2696
734 774
2 664
917 987
984 987
985 987
36 4344
4174 4344
3953 4344
4148 4344
7 4344
3662 4344
4086 4344
213 222
598 626
1315 1376
1313 1376
1135 1376
1346 1376
557 558
678 680
668 680
229 234
167 177
8 177
380 384
435 441
430 441
340 376
1495 1511
1486 1511
1 522
520 522
0 169
5 737
2 664
466 479
2119 2238
2226 2238
2096 2238
1 2238
1066 1074
12 737
747 762
2459 2517
742 788
2299 2300
2265 2300
749 762
604 618
181 183
269 270
1 558
251 252
284 295
1567 1913
1868 1913
651 656
7 656
653 656
238 240
410 423
1 764
370 373
423 446
1 357
376 423
0 632
569 590
541 562
427 456
0 9
293 587
543 562
961 1014
710 774
0 404
512 567
3 1407
558 594
664 690
661 690
236 250
126 127
294 295
4 2725
17 2725
16 2725
9 2725
15 2725
394 442
406 442
505 518
500 508
2 269
267 269
37 38
177 6094
15 6094
4 6094
10 6094
5873 6094
1319 1370
2727 2737
2510 2737
1346 1409
488 526
429 465
322 339
924 960
923 960
374 382
249 295
0 404
1 431
1495 1536
547 615
0 844
0 308
464 504
533 560
602 730
0 730
648 764
1600 1701
237 240
233 283
593 596
383 392
62 2339
1 2339
4 303
450 461
549 563
4 438
102 122
19 980
935 980
785 845
581 665
6 378
325 352
861 889
875 889
186 189
391 431
741 751
492 526
1949 1955
1919 1955
1948 1955
1940 1955
1795 1955
1950 1955
74 9453
9315 9453
59 9453
262 9453
9227 9453
81 9453
6 9453
97 9453
187 9453
91 9453
34 9453
151 9453
21 9453
35 9453
155 9453
3448 3604
3471 3604
50 3604
3480 3604
18 3604
2929 2982
2915 2982
2979 2982
2913 2982
2774 2982
5 1152
474 499
1 181
0 181
226 249
606 613
382 395
520 575
114 122
1065 1114
1097 1114
238 283
3 283
2 241
0 55
647 655
1806 1887
1871 1887
21 1887
7508 7512
7473 7512
7500 7512
7478 7512
6785 7512
7370 7512
7498 7512
6993 7512
6964 7512
7227 7512
7434 7512
7507 7512
7423 7512
7256 7512
7255 7512
309 328
11 623
2 106
70 82
3 305
176 196
134 151
1 439
321 328
1965 2031
51 4370
46 4370
33 4370
43 4370
24 4370
62 4370
17 4370
16 4370
329 340
0 360
0 269
0 413
817 887
177 187
1 187
463 534
1525 1539
20 726
247 257
187 202
746 764
751 764
441 473
4 729
680 729
3 729
171 174
1 593
0 326
251 282
57 59
2 2849
67 2849
35 2849
29 2849
185 225
355 435
343 435
0 522
0 146
477 479
11 399
551 587
551 562
776 788
780 788
782 788
777 788
779 788
781 788
775 788
774 788
778 788
22 473
7 473
1489 1528
0 1528
50 1904
1739 1904
709 733
211 219
2340 2417
2415 2417
18 594
6 594
8 594
7 620
3 620
1 476
9 476
1 405
1581 1695
87 91
0 91
0 1223
2 1223
3 1223
468 479
313 328
7 1879
4 1879
4806 4834
11 4834
4808 4834
4831 4834
29 4834
28 4834
143 145
732 739
8 336
327 361
159 177
363 413
735 759
190 191
187 191
3 240
226 233
175 177
152 176
1 318
704 807
19 807
747 761
409 446
0 931
877 931
5 1074
1 812
234 287
721 764
1042 1043
2 857
0 922
0 558
6 558
213 279
131 173
117 130
466 617
4 617
1601 1707
1701 1707
3502 4275
3787 4275
4254 4275
4050 4275
4087 4275
0 1149
1072 1149
1092 1149
2951 2971
2954 2971
3 336
4 318
1024 1026
0 92
84 92
300 311
146 161
742 774
125 127
375 379
387 400
421 428
0 381
549 562
472 497
392 393
0 279
318 323
366 395
8 223
0 362
485 509
3 2434
638 716
2 388
212 233
29 484
476 484
476 484
1033 1075
992 1075
1034 1075
1040 1075
0 118
2 114
813 844
794 844
291 306
1693 1742
1654 1742
1662 1742
433 441
626 655
680 764
426 509
3654 3737
3641 3737
3 3737
2 3737
496 562
2034 2181
0 338
0 40
323 379
402 405
441 474
87 98
1107 1143
1 368
690 699
0 343
8 126
1 1644
1643 1644
699 767
694 767
649 767
1 20
271 310
0 354
1 61
253 297
630 727
384 395
1543 1618
221 233
2 381
4 473
210 217
2 152
691 768
8 171
1 567
1 301
2 461
776 788
780 788
782 788
777 788
779 788
781 788
774 788
772 788
778 788
402 405
644 653
3 139
6 324
959 973
1226 1386
629 633
649 664
1486 1618
381 395
0 295
334 344
222 230
2008 2219
374 385
5 527
0 1926
3 1926
538 548
1 919
691 699
459 472
316 327
0 821
742 821
745 821
0 526
2 567
902 1012
4 1012
895 1012
550 562
10 739
234 266
201 227
0 241
623 635
376 391
0 177
0 407
428 435
505 535
3 527
353 371
362 371
1 240
6 57
269 297
257 262
338 361
1292 1312
73 84
254 287
504 509
582 585
492 592
758 812
2041 2339
261 290
0 948
1 948
413 448
966 973
1 360
388 389
1594 1646
2 2101
77 2101
7 2101
2038 2101
854 876
393 472
233 265
749 777
6 502
2 137
176 209
2 144
164 183
0 370
127 135
115 120
919 962
673 721
105 114
2847 3218
1697 1747
5 231
1037 1110
132 153
265 290
379 397
315 325
295 319
361 382
31 5267
23 5267
16 5267
14 5267
74 5267
25 5267
42 5267
76 5267
4 5267
7 5267
9 5267
0 5267
21 5267
36 5267
878 1034
1004 1034
28 2191
18 2191
6 247
2 247
28 1416
46 1027
3 319
1 1042
4 384
1 163
0 127
464 484
4 900
1 544
3 265
3 368
4 930
2235 2416
2241 2416
2201 2416
815 919
399 407
1 382
0 247
6 233
2 1183
0 1183
1116 1183
1053 1185
338 382
328 340
19 3763
2 3763
176 177
461 477
137 141
216 242
1 295
6 295
1 395
562 615
1 308
3 1695
456 511
208 227
252 257
2132 2339
368 395
0 359
738 761
232 257
170 176
302 336
187 195
357 365
238 240
221 230
179 196
322 338
1103 1116
1100 1116
1 1124
0 300
1604 1623
851 906
50 57
0 188
1033 1057
0 233
673 721
314 318
727 735
692 699
3 446
268 310
0 165
428 465
948 1130
663 679
3 392
319 348
1887 1898
1889 1898
0 472
945 950
949 950
925 950
190 191
11 1695
321 324
267 282
6 861
1641 1695
319 360
925 960
346 388
1497 1701
452 453
451 453
240 247
1 461
294 295
993 1042
498 549
256 319
1037 1110
2258 2517
794 866
2 866
112 141
0 387
1 48
1703 1791
1682 1791
14 511
258 275
264 286
407 423
143 191
849 950
506 509
0 861
326 364
315 364
371 378
3509 3651
332 364
314 364
271 298
661 679
8 654
176 177
601 605
359 392
348 392
7 569
0 43
388 414
268 272
311 327
1922 2050
1810 2050
8 2050
583 617
0 927
18 1268
2 1268
8 1268
3 1413
147 157
268 317
761 790
749 790
771 812
1031 1077
571 584
2 562
1337 1360
1637 1695
380 405
570 587
126 127
10 1592
1 1592
4 1719
3 1719
2 1719
547 548
519 548
189 195
337 352
1 1043
2674 2703
2673 2703
2685 2703
2656 2703
1100 1165
391 395
2 1323
4 1323
1 1323
12 1323
3 1323
111 118
140 165
595 663
422 451
1403 1536
1516 1526
1457 1526
1518 1526
0 116
300 327
2 587
117 139
4 325
1140 1288
0 116
17 240
211 217
644 712
1178 1386
2332 2339
2451 2517
21 381
1 284
162 183
284 295
0 2517
1946 2339
463 465
0 247
2355 2517
0 55
265 281
222 247
1341 1360
417 461
3508 3761
570 590
3 594
312 378
1494 1539
5 108
223 4338
17 1552
144 152
5 646
13 306
656 657
645 657
967 1042
416 421
1035 1042
213 222
1008 1034
262 270
989 1104
0 486
486 502
56 57
785 816
2162 2365
7 1074
0 187
2216 2236
2199 2236
2157 2236
0 2236
402 405
1019 1110
483 497
208 222
117 120
0 151
0 1392
0 230
85 86
75 78
2175 2339
8 9
988 1021
308 318
3 308
4 279
747 762
87 88
1 721
7 1027
494 500
1 89
0 86
154 159
710 733
696 725
3 276
482 497
1119 1130
443 456
0 654
753 777
52 53
326 340
469 475
0 142
643 694
40 41
83 90
586 588
586 588
577 588
211 214
66 67
567 588
1 327
1 342
1 588
191 193
151 161
0 90
562 588
40 41
293 322
3 718
135 142
531 567
561 588
1 113
0 120
576 588
481 567
15 588
584 588
444 483
585 588
190 218
586 588
2 282
272 282
554 588
200 218
323 327
23 24
269 274
256 274
201 214
0 142
1 90
79 90
0 228
541 567
221 229
533 567
328 343
211 228
299 327
38 43
343 386
650 694
200 228
0 475
575 588
445 475
27 946
1 475
529 567
419 457
288 327
1 483
24 343
108 116
444 475
0 228
321 342
291 327
508 560
222 229
98 99
561 588
39 43
5 43
1 168
3 141
459 483
15 16
576 588
0 386
327 334
2 588
1 588
3 588
2 588
1 90
575 588
4 271
587 588
3 386
54 67
516 560
4 342
450 454
581 588
553 588
189 211
659 694
2 694
210 228
310 327
587 588
711 752
50 53
220 229
578 588
36 41
372 374
306 334
3 588
1 475
0 110
228 229
55 58
584 588
0 142
144 153
9 334
110 116
116 118
587 588
2 386
302 327
135 142
212 228
3 156
13 588
13 588
1 327
328 343
4 153
17 475
0 588
98 99
28 588
1 588
542 574
640 694
0 90
634 694
0 56
512 560
321 342
29 322
0 752
587 588
292 327
188 193
381 454
0 342
66 67
0 327
56 588
0 229
0 342
66 67
20 2673
195 211
445 483
323 327
227 228
4 33
854 962
1517 1539
0 125
0 120
68 80
0 816
0 554
1 176
401 406
0 66
420 473
0 977
0 844
0 290
471 502
87 88
1 275
144 147
445 515
0 1205
1243 1403
1662 1695
566 605
599 605
1325 1347
1273 1347
1501 1516
0 295
464 473
0 59
971 1021
763 788
221 228
1097 1110
87 88
0 768
1 476
336 337
329 340
1649 1695
126 127
0 308
375 378
1 241
3 452
0 284
1 1900
0 1900
2828 3101
0 3101
4 6
202 218
650 664
0 158
406 423
921 951
950 951
540 623
379 399
1511 1577
263 278
199 214
2040 2150
2066 2150
142 145
2 404
0 1074
318 336
0 362
4 594
0 216
399 439
492 527
1362 1386
0 639
743 762
1 625
0 625
0 725
0 395
1 1036
997 1042
369 393
1473 1539
356 368
1474 1539
101 117
579 632
1024 1042
0 518
1 567
431 452
2 1071
333 347
0 303
0 120
269 270
2031 2237
2232 2237
2201 2237
2143 2237
1 2237
196 233
11 1552
0 409
0 1230
2 1230
852 853
389 400
0 126
443 446
791 857
876 973
1 274
0 274
1 3390
3082 3390
2 3390
3 3390
0 584
812 890
609 626
204 216
0 1346
0 247
243 287
74 79
0 196
186 191
7055 7353
7348 7353
6362 7353
7024 7353
7241 7353
8 7353
7100 7353
7264 7353
7351 7353
6512 7353
7288 7353
6888 7353
7320 7353
6821 7353
7136 7353
1 7353
135 141
2357 2466
2369 2466
2428 2466
2337 2466
1373 1456
10500 10604
10539 10604
10597 10604
270 10604
10518 10604
10589 10604
10260 10604
9915 10604
10550 10604
10543 10604
0 10604
10188 10604
10343 10604
9546 10604
9950 10604
10217 10604
1638 1655
1629 1655
0 407
1145 1162
1141 1162
1131 1162
1136 1162
468 479
588 623
0 87
529 564
355 391
0 295
0 590
500 508
1667 1695
42 47
770 788
779 788
780 788
772 788
776 788
785 788
778 788
766 788
774 788
222 230
665 739
424 436
1651 1695
0 247
597 626
566 567
114 115
0 48
311 344
636 684
570 764
564 582
976 1072
1811 1862
1697 1862
355 369
871 876
0 625
218 233
924 937
931 937
862 937
0 230
1 421
267 272
198 218
796 812
805 826
0 919
13 887
1 1072
2032 2339
917 958
907 958
1468 1623
138 141
783 792
803 811
0 2330
2 2330
6 247
4 974
117 120
0 182
400 423
0 1967
0 30
380 384
502 549
1122 1153
0 497
184 188
452 498
155 157
144 157
2326 2339
1 950
56 57
0 135
449 473
0 962
439 448
0 163
377 414
8 1161
1 1161
2 1161
0 117
0 96
1348 1403
0 1346
1 139
1092 1110
469 473
2 318
0 318
669 700
160 162
1802 1967
1473 1539
1444 1539
100 106
4 5662
1 5662
3 5662
2 5662
5 5662
1484 1536
1441 1536
608 625
2443 2565
2426 2565
2499 2565
2216 2565
2510 2565
2466 2565
1746 1747
383 384
171 183
1217 1249
1232 1249
0 87
752 812
721 746
2107 2128
1969 2128
2072 2128
469 473
0 67
119 124
151 178
0 764
345 379
2366 2396
0 2396
1 2396
879 890
880 890
871 890
0 38
2144 2407
2240 2407
2320 2407
2091 2407
692 735
574 581
536 581
2 385
1 385
6 615
126 139
632 641
426 448
1031 1064
1063 1064
2124 2225
83 89
0 941
68 89
1 1419
420 452
74 80
519 554
0 89
1293 1294
1224 1294
360 381
1934 1948
1947 1948
1945 1948
1939 1948
910 962
416 448
1 352
135 137
4 594
1609 1708
0 1708
268 287
0 25
807 816
601 626
82 90
2047 2339
0 1536
218 233
64 69
311 319
785 796
444 446
493 527
0 142
341 369
146 153
584 590
0 385
405 413
2 446
2189 2395
2174 2395
373 404
462 592
2064 2163
2035 2163
2124 2163
0 55
188 191
2229 2423
2305 2423
2420 2423
333 344
189 196
445 452
1372 1403
1103 1205
0 1205
953 1014
287 294
437 448
85 86
0 395
833 844
832 844
0 303
1333 1360
702 812
101 107
0 562
473 479
446 467
1727 1733
1690 1733
1714 1733
75 80
685 739
408 446
220 247
386 389
0 733
202 215
236 295
0 431
169 175
129 130
185 187
112 135
0 284
362 371
288 330
1654 1724
1 1724
1568 1724
492 549
903 919
1096 1139
0 896
1 896
3 437
0 103
251 264
0 261
229 264
635 648
1526 1577
1439 1501
1472 1501
1457 1501
566 617
1602 1618
281 285
3 504
114 115
47 48
241 247
728 737
0 223
488 509
302 311
572 594
465 477
341 345
2 733
744 789
715 789
567 605
1665 1747
338 347
1505 1511
1497 1511
0 362
146 147
285 307
138 139
137 139
350 382
1740 1766
774 788
779 788
782 788
771 788
778 788
780 788
773 788
769 788
770 788
690 694
682 694
305 307
171 174
351 371
1015 1077
527 537
3 178
102 103
275 290
3129 3159
3088 3159
3096 3159
1300 1331
6 50
1 716
497 508
1905 1909
1891 1909
1900 1909
1492 1618
1533 1618
0 384
1 384
0 102
92 94
0 585
429 474
511 535
224 261
294 295
0 169
147 148
167 183
851 876
2 733
1 1787
1756 1787
1785 1787
544 617
0 1553
6 1553
456 504
1 343
545 632
0 127
500 504
1071 1083
63 65
1021 1144
161 178
6 172
3 240
388 431
915 919
476 498
0 1618
1463 1475
350 368
24 26
1847 1965
19 1965
2 1965
7 1965
4 1965
15 1965
123 125
171 175
48 55
348 379
0 229
1 229
212 230
899 1042
336 344
320 323
714 746
870 876
468 479
404 406
487 504
164 171
551 575
751 764
1831 1913
1805 1913
1032 1057
247 269
0 173
328 344
0 772
199 242
1625 1695
1658 1695
380 382
719 764
168 175
90 94
0 811
356 394
1 1287
164 176
137 139
267 310
331 360
223 230
2 811
8 381
6 1129
1094 1129
1075 1129
519 638
1066 1071
14 1410
1402 1410
1408 1410
0 811
484 497
31 37
281 285
302 305
220 256
1 360
231 233
604 623
924 1061
246 260
428 452
548 563
590 592
2 144
299 327
0 617
336 337
361 362
5911 5976
5542 5976
5958 5976
5472 5976
15 5976
5972 5976
5486 5976
5892 5976
5879 5976
1047 1075
360 379
644 661
160 162
37 2517
8 431
91 100
0 1386
798 850
459 511
402 405
1093 1102
0 1102
353 370
183 196
1 361
831 841
696 698
0 124
0 290
217 218
431 439
213 229
0 349
74 89
0 360
328 333
328 333
19 526
120 122
0 412
188 196
4 874
3 247
885 896
258 338
1 338
104 142
1777 1779
1702 1779
1746 1779
1709 1779
1180 1238
870 876
1800 1853
1839 1853
1799 1853
60 592
543 564
162 173
1471 1539
140 158
776 812
582 584
302 328
246 262
5 816
95 99
704 796
359 404
136 146
343 345
421 464
224 228
245 274
838 919
500 502
1078 1110
110 122
438 446
486 518
133 141
514 585
560 561
2741 2808
1332 1357
81 1416
3 204
6 100
6 563
0 564
463 473
958 1110
0 339
268 327
1 308
268 295
1 587
663 777
557 558
147 149
189 209
238 279
906 962
1 3095
2 3095
4 3095
1467 1617
2 1617
15 1617
16 1617
316 318
324 327
1695 1767
1720 1767
1754 1767
1690 1767
238 240
984 1071
469 522
0 1618
437 465
428 465
447 465
