4 384
13 375
4 392
0 576
1 576
12 776
7 776
5 511
27 2287
8 2287
10 745
5 745
5 914
8 338
1 448
0 691
1 691
0 183
912 914
7 1155
47 1155
577 1155
4 1155
10 1155
41 1370
18 1623
7388 7389
28 7389
1 7389
0 7389
4 7389
20 7389
19 7389
11 7389
58 7389
5 7389
281 7389
24 2339
3 615
2 1288
175 176
4 1265
10 1265
13 1265
4 150
0 79
0 1983
1 1983
4 1983
5 1983
2 269
7 397
2 1208
0 1208
6 1208
6 1474
15 240
2 448
0 558
1 1113
0 1113
0 79
304 305
399 400
4 388
5 590
7 1483
3 152
2 152
7 796
767 1536
0 805
0 276
6 328
1265 1267
1263 1267
14 1267
7 1267
1261 1267
5 522
2 198
2 1013
1 1013
4 152
0 1303
5 1008
0 1008
3 327
8 562
5 737
3 737
3 264
4 175
0 44
0 89
27 1913
9 1913
11 1539
972 973
854 855
2 301
86 7645
32 7645
7644 7645
21 7645
59 7645
426 7645
7638 7645
7639 7645
1008 7645
56 7645
4 7645
387 7645
58 7645
545 7645
350 7645
987 7645
45 7645
135 7645
199 7645
783 7645
718 9306
0 9306
305 9306
455 9306
81 9306
26 9306
9305 9306
160 9306
157 9306
343 9306
10 9306
165 9306
545 9306
91 9306
1103 9306
46 9306
163 9306
4 9306
22 3760
89 3760
3750 3760
3759 3760
232 3760
12 3760
18 3760
422 3760
685 689
4 295
8 1454
0 1454
5 1454
7 1454
12 626
0 203
404 405
793 794
1 794
843 844
328 657
1109 1110
2 150
1 1071
0 812
0 812
0 422
2 896
36 395
2 2339
0 135
0 324
0 721
9 79
203 204
3 811
1 368
0 380
0 380
2 384
8 152
4 98
9 68
2 446
0 777
1 777
1 884
13 884
3 1514
14 876
6 348
0 169
1 663
3 663
23 303
11 240
440 441
1472 1474
0 733
4 1077
1 404
0 973
137 138
13 1618
0 567
11 876
2 176
0 2150
21 2150
10 876
4 311
0 1597
16 1597
11 1597
1593 1597
1 618
0 98
183 184
6 776
1 776
496 497
5 57
6 392
51 670
2 670
13 392
0 511
3 247
0 876
3 344
0 965
19 1539
1 509
214 215
171 176
4 215
4 215
1385 1386
282 283
8 764
29 465
789 792
34 10782
9 10782
121 10782
1 10782
14 10782
21 10782
25 10782
13 10782
8 10782
10 10782
129 10782
279 10782
10778 10782
288 10782
128 10782
7 10782
3 10782
17 10782
190 10782
137 10782
2 10782
64 10782
5 10782
31 10782
129 10782
36 10782
0 224
6 767
9 144
55 540
1 2510
2 2510
134 269
5 269
2 1269
0 1269
0 919
0 782
1 448
1 931
0 931
1 247
3 89
3 2038
0 2038
1 2038
1 446
19 737
3 1898
13 1898
23 584
1359 1360
3 2257
2 2257
100 1695
10 2339
73 1072
1 746
3 746
1 2150
9 2150
3 3410
10 3410
72 3410
4 746
2 2150
28 2150
22 764
5 746
0 456
9 590
3 2449
9 2449
22 191
1 777
4 266
115 1027
3 976
31 976
4 3000
52 3000
6 3000
116 3000
7 3000
21 3000
7 202
1 456
7 777
16 381
3 295
184 186
220 441
1 94
33 68
5 287
8 240
70 142
239 240
5 655
5 1197
6 2831
5 2831
4 2831
1 2831
0 1331
4190 4210
78 4210
47 4210
23 4210
12 4210
96 4210
8 4210
26 4210
48 4210
88 4210
185 4210
4 20
2 209
0 677
1 677
1 1547
0 1547
48 888
34 888
343 344
17 413
2 1012
0 1012
3 1012
36 269
3 467
501 504
60 1110
0 585
26 2128
22 2128
13 2128
7 960
6 1483
1534 1536
1533 1536
1104 1110
3 1069
5 1069
0 1069
1012 1014
794 811
4 1110
1 423
1 93
5 183
1 384
1 724
6 2375
11 2375
7 2375
177 178
15 788
2 788
5 788
4 788
17 788
0 788
1 788
17 788
3 788
0 203
4 226
8 4949
34 4949
2 4949
27 4949
20 4949
19 4949
31 4949
1 120
38 2150
9 2150
19 2150
5 653
688 689
7 2955
2 2955
25 2955
4 2955
23 2955
5 2955
1 2955
4 1695
18 439
33 439
1 225
3 2163
2 2163
46 13875
20 13875
0 13875
8 13875
5 13875
19 13875
4 13875
3 13875
30 13875
6 13875
1573 13875
17 13875
160 13875
21 13875
18 2339
3 222
2 150
1 1164
3 1164
4 1164
1 2347
3 2347
2 2347
4 2347
631 633
0 384
28 3126
6 3126
4 3126
0 3126
1 3126
11 3126
9 3126
2 1078
0 1078
3 1078
0 267
0 1926
262 526
811 812
18 858
2 5657
6 5657
5 5657
4 5657
1 5657
0 5657
24 5657
93 5657
8 1042
3 423
0 218
8 172
21 1307
117 1021
0 384
399 400
11 240
8 247
1 176
1 247
5 124
9 618
3 247
0 1708
5 1708
2 1708
1 1708
6 762
2 762
2 152
368 371
2 264
52 442
441 442
1 389
62 5642
1 5642
23 5642
207 5642
34 5642
22 5642
77 5642
3 416
6 223
1 86
10 543
5 1403
2 1403
12 679
1 2517
0 87
676 689
6 336
0 89
2 153
38 1403
1962 1963
1930 1963
0 2002
5 2002
1993 2002
146 147
146 147
12 163
13 264
1 1539
6 264
10 590
0 181
120 241
2 465
47 764
48 764
761 764
6 295
1649 1652
43 1652
1966 1967
8 86
0 1110
2 1183
1 1183
0 1183
0 876
0 389
0 1124
1 1124
4 1014
0 961
2 961
5 961
0 526
0 359
14 1130
1 257
31 1386
12 842
58 1042
0 257
4 2403
45 2403
19 2403
105 106
374 375
5 617
27 270
269 270
15 340
1 327
0 380
0 518
18 587
0 587
0 384
0 424
14 264
7 699
29 1317
8 1317
1 1317
3 120
7 594
0 538
0 603
41 1130
2 344
239 240
1 1241
121 122
9 855
0 1898
2 1898
0 1898
2 1898
5 384
8 17
8 914
0 777
3 163
35 4713
1 4713
4674 4713
323 4713
128 4713
0 4713
1 44
0 2150
13 2150
1 2150
3 2150
2 402
263 266
1 781
3 781
0 781
5 781
663 664
684 689
3 874
1 796
794 796
118 1464
23 1464
20 1464
543 548
4 382
28 233
2 663
7 257
25 506
10 1012
3 257
1 626
4 371
37 782
0 3816
231 3816
8 3816
10 3816
57 3816
83 3816
11 3816
338 340
5 1347
2 1347
1 149
2 554
0 364
5 364
12 295
217 435
3 695
3 1247
1 1247
6 423
17 914
0 265
0 631
16 631
3 186
100 518
85 171
33 511
30 431
4 2308
0 2308
10 2303
1 2303
1 145
2 145
6 145
4 467
517 518
13 405
9 318
5 423
4 324
388 389
2 8726
8708 8726
84 8726
10 8726
129 8726
8725 8726
88 8726
307 8726
8721 8726
500 8726
0 8726
19 8726
4 8726
1 422
11 108
0 456
0 1036
1 1036
15 391
0 344
671 679
2 154
198 397
4 3066
3 3066
3061 3066
4 1214
12 1214
12 1595
48 1595
762 764
0 457
0 368
0 376
3 209
208 209
2 1191
1 1191
0 592
377 378
133 141
0 389
1 446
3 264
2 526
4 1110
6366 12734
10 12734
20 12734
61 12734
83 12734
127 12734
6366 12734
27 12734
2 12734
220 12734
49 12734
49 12734
57 12734
51 12734
60 12734
297 12734
132 12734
73 12734
202 203
2 89
14 653
16 295
0 841
0 441
4 384
0 876
30 1264
94 1264
37 1264
0 404
0 1483
0 1110
6 590
3 590
5 264
0 107
5 1386
146 148
1 89
7 842
460 461
0 669
2 669
9 737
8 699
6 423
4 737
0 107
0 107
12 148
10 473
3 2629
18 2629
17 2629
21 2629
2 384
3 1589
19 1589
4 1589
3 113
2674 2696
2675 2696
0 2696
762 774
30 664
493 987
978 987
982 987
34 4344
4337 4344
1 4344
3 4344
0 4344
8 4344
368 4344
3 222
6 626
1339 1376
0 1376
8 1376
1375 1376
0 558
15 680
674 680
4 234
4 177
5 177
19 384
12 441
42 441
4 376
1 1511
35 1511
6 522
0 522
0 169
0 737
32 664
14 479
8 2238
0 2238
5 2238
2 2238
9 1074
8 737
1 762
52 2517
393 788
2297 2300
8 2300
761 762
5 618
0 183
269 270
8 558
0 252
30 295
13 1913
41 1913
655 656
1 656
13 656
13 240
0 423
34 764
372 373
0 446
3 357
6 423
0 632
1 590
9 562
17 456
0 9
293 587
6 562
4 1014
2 774
0 404
566 567
1 1407
3 594
1 690
2 690
244 250
126 127
294 295
4 2725
3 2725
7 2725
0 2725
5 2725
4 442
0 442
1 518
1 508
0 269
2 269
0 38
1 6094
3 6094
2 6094
0 6094
5 6094
1369 1370
11 2737
8 2737
36 1409
262 526
21 465
3 339
4 960
2 960
12 382
3 295
0 404
0 431
1 1536
3 615
0 844
0 308
6 504
5 560
0 730
1 730
0 764
0 1701
11 240
4 283
13 596
5 392
16 2339
0 2339
0 303
0 461
11 563
11 438
0 122
0 980
1 980
20 845
0 665
5 378
351 352
49 889
4 889
3 189
0 431
750 751
2 526
1953 1955
117 1955
1952 1955
1954 1955
1941 1955
1949 1955
13 9453
27 9453
15 9453
1 9453
22 9453
31 9453
2 9453
12 9453
3 9453
20 9453
11 9453
18 9453
19 9453
9 9453
7 9453
1 3604
15 3604
17 3604
1801 3604
9 3604
32 2982
21 2982
49 2982
37 2982
7 2982
3 1152
495 499
0 181
1 181
124 249
2 613
10 395
8 575
1 122
1091 1114
23 1114
141 283
141 283
0 241
27 55
653 655
1 1887
0 1887
3 1887
7503 7512
7462 7512
7494 7512
317 7512
2 7512
7493 7512
7508 7512
85 7512
34 7512
503 7512
7479 7512
7511 7512
7467 7512
36 7512
7487 7512
24 328
1 623
1 106
1 82
0 305
12 196
75 151
9 439
3 328
22 2031
2 4370
8 4370
4 4370
0 4370
1 4370
6 4370
3 4370
5 4370
13 340
0 360
0 269
0 413
886 887
0 187
2 187
2 534
3 1539
16 726
128 257
198 202
0 764
1 764
0 473
3 729
1 729
4 729
6 174
7 593
1 326
5 282
57 59
23 2849
34 2849
4 2849
16 2849
0 225
2 435
5 435
0 522
7 146
38 479
4 399
0 587
560 562
22 788
3 788
393 788
393 788
393 788
0 788
1 788
393 788
20 788
12 473
10 473
7 1528
0 1528
28 1904
21 1904
2 733
3 219
39 2417
25 2417
18 594
20 594
26 594
1 620
0 620
0 476
2 476
0 405
54 1695
1 91
3 91
0 1223
1 1223
3 1223
478 479
2 328
4 1879
0 1879
66 4834
1 4834
62 4834
4833 4834
9 4834
20 4834
4 145
24 739
7 336
5 361
6 177
412 413
32 759
190 191
189 191
7 240
2 233
2 177
3 176
5 318
4 807
3 807
0 761
1 446
1 931
0 931
0 1074
15 812
15 287
11 764
5 1043
0 857
1 922
1 558
5 558
16 279
86 173
128 130
2 617
3 617
5 1707
2 1707
189 4275
27 4275
3 4275
4271 4275
4272 4275
3 1149
23 1149
30 1149
1 2971
9 2971
5 336
6 318
57 1026
0 92
1 92
0 311
0 161
33 774
4 127
376 379
399 400
427 428
2 381
561 562
0 497
392 393
0 279
322 323
4 395
4 223
0 362
16 509
0 2434
6 716
385 388
29 233
0 484
5 484
12 484
11 1075
12 1075
1074 1075
1073 1075
6 118
0 114
11 844
38 844
0 306
3 1742
0 1742
2 1742
4 441
650 655
27 764
507 509
1868 3737
1 3737
2 3737
0 3737
18 562
1090 2181
1 338
0 40
3 379
2 405
1 474
0 98
1142 1143
183 368
10 699
0 343
12 126
0 1644
3 1644
0 767
1 767
383 767
9 20
17 310
1 354
0 61
2 297
363 727
13 395
70 1618
16 233
190 381
20 473
11 217
2 152
52 768
3 171
1 567
0 301
0 461
393 788
2 788
13 788
15 788
393 788
0 788
1 788
393 788
8 788
1 405
652 653
4 139
0 324
0 973
10 1386
632 633
25 664
16 1618
11 395
0 295
7 344
229 230
1109 2219
0 385
9 527
3 1926
10 1926
3 548
0 919
27 699
45 472
4 327
0 821
2 821
1 821
1 526
3 567
3 1012
4 1012
1 1012
6 562
26 739
2 266
13 227
0 241
24 635
7 391
2 177
1 407
34 435
533 535
9 527
1 371
4 371
0 240
2 57
148 297
0 262
0 361
57 1312
83 84
11 287
3 509
36 585
589 592
9 812
154 2339
284 290
0 948
1 948
0 448
27 973
4 360
2 389
30 1646
3 2101
0 2101
4 2101
2 2101
2 876
6 472
2 265
7 777
6 502
1 137
205 209
6 144
1 183
0 370
17 135
1 120
9 962
15 721
113 114
1 3218
1 1747
0 231
4 1110
0 153
2 290
2 397
6 325
8 319
11 382
16 5267
11 5267
8 5267
12 5267
36 5267
10 5267
33 5267
40 5267
3 5267
6 5267
7 5267
2 5267
17 5267
30 5267
2 1034
0 1034
1 2191
0 2191
6 247
2 247
10 1416
60 1027
1 319
0 1042
0 384
0 163
0 127
0 484
1 900
0 544
9 265
6 368
1 930
5 2416
1 2416
11 2416
18 919
406 407
0 382
0 247
0 233
2 1183
1 1183
0 1183
1 1185
0 382
0 340
0 3763
2 3763
176 177
28 477
140 141
19 242
0 295
1 295
10 395
20 615
3 308
2 1695
32 511
0 227
1 257
2 2339
7 395
0 359
1 761
248 257
0 176
3 336
4 195
364 365
239 240
228 230
4 196
334 338
9 1116
0 1116
2 1124
0 300
1 1623
49 906
0 57
0 188
0 1057
0 233
720 721
7 318
0 735
18 699
1 446
0 310
0 165
18 465
3 1130
74 679
1 392
7 348
3 1898
2 1898
7 472
937 950
949 950
33 950
0 191
3 1695
323 324
1 282
0 861
10 1695
10 360
15 960
381 388
2 1701
452 453
451 453
246 247
0 461
294 295
8 1042
16 549
19 319
12 1110
10 2517
0 866
1 866
6 141
0 387
23 48
8 1791
0 1791
6 511
4 275
7 286
0 423
0 191
17 950
22 509
0 861
8 364
6 364
376 378
13 3651
1 364
7 364
0 298
671 679
3 654
176 177
1 605
6 392
4 392
2 569
0 43
413 414
0 272
3 327
4 2050
3 2050
6 2050
0 617
7 927
2 1268
0 1268
1 1268
16 1413
78 157
314 317
777 790
394 790
2 812
45 1077
9 584
7 562
57 1360
2 1695
202 405
3 587
7 127
2 1592
0 1592
0 1719
1 1719
2 1719
546 548
1 548
193 195
345 352
0 1043
5 2703
4 2703
1 2703
2 2703
24 1165
12 395
0 1323
1 1323
2 1323
5 1323
3 1323
0 118
164 165
2 663
12 451
16 1536
0 1526
1 1526
14 1526
0 116
1 327
1 587
3 139
3 325
1 1288
2 116
12 240
0 217
355 712
19 1386
105 2339
0 2517
3 381
15 284
181 183
6 295
5 2517
17 2339
4 465
0 247
0 2517
0 55
0 281
0 247
1359 1360
1 461
211 3761
6 590
1 594
376 378
1538 1539
107 108
153 4338
775 1552
1 152
10 646
3 306
8 657
656 657
20 1042
210 421
5 1042
6 222
1029 1034
3 270
0 1104
0 486
501 502
2 57
27 816
15 2365
17 1074
0 187
2232 2236
28 2236
11 2236
0 2236
403 405
4 1110
19 497
221 222
119 120
0 151
0 1392
0 230
3 86
77 78
99 2339
8 9
9 1021
317 318
4 308
14 279
2 762
5 88
2 721
1 1027
498 500
0 89
2 86
15 159
4 733
4 725
2 276
2 497
7 1130
0 456
0 654
776 777
52 53
0 340
237 475
3 142
4 694
6 41
0 90
587 588
0 588
2 588
3 214
4 67
3 588
1 327
0 342
1 588
4 193
2 161
7 90
2 588
40 41
9 322
3 718
2 142
12 567
40 588
1 113
0 120
5 588
6 567
19 588
586 588
4 483
587 588
6 218
587 588
2 282
6 282
17 588
108 218
4 327
0 24
0 274
1 274
2 214
1 142
2 90
44 90
1 228
6 567
0 229
31 567
4 343
2 228
1 327
0 43
3 386
5 694
9 228
1 475
2 588
24 475
21 946
0 475
2 567
1 457
3 327
2 483
2 343
5 116
0 475
7 228
0 342
28 327
279 560
8 229
1 99
5 588
7 43
7 43
0 168
8 141
1 483
0 16
0 588
1 386
0 334
3 588
4 588
4 588
3 588
0 90
13 588
0 271
10 588
8 386
0 67
279 560
17 342
453 454
587 588
8 588
5 211
29 694
23 694
5 228
4 327
10 588
7 752
0 53
226 229
12 588
7 41
0 374
5 334
19 588
8 475
7 110
0 229
0 58
2 588
1 142
10 153
5 334
4 116
2 118
12 588
17 386
3 327
2 142
22 228
8 156
3 588
2 588
1 327
12 343
8 153
22 475
1 588
0 99
0 588
4 588
43 574
1 694
1 90
21 694
0 56
28 560
15 342
4 322
0 752
5 588
25 327
1 193
5 454
0 342
5 67
0 327
12 588
0 229
0 342
0 67
94 2673
0 211
6 483
326 327
0 228
4 33
15 962
1 1539
0 125
0 120
5 80
0 816
0 554
4 176
4 406
0 66
0 473
0 977
0 844
1 290
6 502
87 88
3 275
3 147
4 515
0 1205
0 1403
0 1695
3 605
39 605
2 1347
6 1347
38 1516
0 295
0 473
0 59
7 1021
12 788
113 228
5 1110
0 88
0 768
1 476
336 337
339 340
1666 1695
4 127
1 308
0 378
0 241
1 452
0 284
2 1900
0 1900
1 3101
0 3101
0 6
5 218
38 664
0 158
0 423
950 951
38 951
0 623
0 399
3 1577
2 278
1 214
7 2150
0 2150
0 145
0 404
0 1074
2 336
0 362
4 594
0 216
432 439
2 527
34 1386
0 639
18 762
0 625
1 625
0 725
0 395
0 1036
7 1042
3 393
1516 1539
1 368
0 1539
58 117
0 632
51 1042
1 518
4 567
0 452
1 1071
4 347
1 303
0 120
269 270
0 2237
2230 2237
82 2237
55 2237
3 2237
0 233
775 1552
0 409
0 1230
2 1230
848 853
0 400
0 126
1 446
15 857
0 973
1 274
0 274
1 3390
21 3390
3 3390
2 3390
0 584
16 890
2 626
107 216
0 1346
0 247
23 287
3 79
0 196
32 191
50 7353
7330 7353
59 7353
447 7353
34 7353
18 7353
84 7353
79 7353
7290 7353
651 7353
223 7353
41 7353
7342 7353
173 7353
250 7353
16 7353
140 141
7 2466
2 2466
0 2466
1 2466
1439 1456
178 10604
6 10604
10414 10604
9 10604
40 10604
10603 10604
56 10604
88 10604
36 10604
114 10604
1 10604
12 10604
136 10604
14 10604
39 10604
189 10604
24 1655
19 1655
0 407
2 1162
4 1162
0 1162
1 1162
478 479
11 623
0 87
1 564
20 391
0 295
0 590
0 508
48 1695
0 47
784 788
779 788
782 788
781 788
780 788
0 788
1 788
778 788
784 788
229 230
0 739
6 436
17 1695
0 247
624 626
565 567
114 115
2 48
0 344
4 684
66 764
1 582
18 1072
2 1862
0 1862
0 369
11 876
1 625
13 233
0 937
3 937
926 937
0 230
1 421
4 272
1 218
809 812
47 826
0 919
1 887
1 1072
11 2339
18 958
1 958
15 1623
7 141
9 792
14 811
1 2330
0 2330
3 247
15 974
10 120
0 182
1 423
0 1967
0 30
4 384
1 549
1152 1153
0 497
7 188
7 498
5 157
1 157
2338 2339
2 950
56 57
0 135
3 473
0 962
0 448
0 163
3 414
5 1161
1 1161
0 1161
0 117
0 96
0 1403
0 1346
1 139
8 1110
5 473
23 318
0 318
1 700
0 162
1 1967
7 1539
3 1539
105 106
0 5662
1 5662
4 5662
3 5662
2 5662
1532 1536
101 1536
23 625
37 2565
24 2565
22 2565
6 2565
8 2565
5 2565
1746 1747
382 384
5 183
0 1249
13 1249
0 87
5 812
745 746
10 2128
19 2128
9 2128
1 473
0 67
5 124
174 178
0 764
0 379
1 2396
0 2396
2 2396
11 890
2 890
4 890
0 38
1 2407
2 2407
4 2407
8 2407
1 735
1 581
0 581
1 385
3 385
7 615
0 139
1 641
1 448
0 1064
1063 1064
4 2225
3 89
0 941
0 89
0 1419
2 452
0 80
14 554
1 89
14 1294
31 1294
5 381
106 1948
1942 1948
1941 1948
1947 1948
1 962
7 448
1 352
136 137
0 594
1 1708
0 1708
286 287
0 25
8 816
18 626
0 90
21 2339
0 1536
0 233
68 69
0 319
0 796
1 446
0 527
3 142
1 369
1 153
584 590
0 385
405 413
2 446
0 2395
3 2395
402 404
295 592
30 2163
15 2163
2123 2163
1 55
15 191
8 2423
0 2423
2411 2423
3 344
0 196
7 452
1393 1403
1 1205
2 1205
3 1014
0 294
0 448
85 86
0 395
38 844
0 844
2 303
1358 1360
0 812
106 107
0 562
2 479
4 467
42 1733
6 1733
7 1733
4 80
8 739
7 446
123 247
0 389
0 733
0 215
4 295
4 431
0 175
129 130
186 187
3 135
0 284
365 371
15 330
3 1724
0 1724
1 1724
1 549
0 919
569 1139
0 896
1 896
0 437
0 103
20 264
3 261
0 264
0 648
11 1577
33 1501
1497 1501
91 1501
14 617
6 1618
0 285
11 504
114 115
2 48
242 247
3 737
0 223
0 509
1 311
2 594
471 477
0 345
1 733
3 789
0 789
0 605
5 1747
0 347
1505 1511
1497 1511
0 362
146 147
0 307
138 139
137 139
0 382
23 1766
8 788
2 788
5 788
4 788
11 788
0 788
1 788
11 788
3 788
685 694
0 694
7 307
0 174
2 371
0 1077
1 537
4 178
2 103
1 290
3143 3159
3136 3159
3132 3159
31 1331
24 50
0 716
1 508
1904 1909
1899 1909
6 1909
1617 1618
4 1618
0 384
0 384
0 102
0 94
0 585
19 474
267 535
0 261
294 295
1 169
0 148
5 183
10 876
1 733
1 1787
73 1787
1780 1787
4 617
0 1553
2 1553
6 504
1 343
0 632
0 127
25 504
5 1083
2 65
11 1144
12 178
6 172
9 240
430 431
6 919
495 498
0 1618
10 1475
6 368
3 26
5 1965
3 1965
4 1965
2 1965
0 1965
10 1965
14 125
0 175
2 55
373 379
0 229
0 229
0 230
0 1042
4 344
321 323
3 746
12 876
27 479
399 406
1 504
1 171
16 575
9 764
10 1913
1 1913
0 1057
2 269
0 173
1 344
0 772
0 242
1 1695
1689 1695
0 382
11 764
0 175
0 94
1 811
0 394
0 1287
0 176
138 139
0 310
1 360
228 230
1 811
1 381
0 1129
3 1129
1 1129
1 638
1066 1071
18 1410
1409 1410
1407 1410
1 811
0 497
1 37
0 285
12 305
4 256
0 360
231 233
622 623
0 1061
255 260
0 452
5 563
578 592
0 144
163 327
0 617
3 337
361 362
408 5976
7 5976
5972 5976
219 5976
74 5976
5975 5976
5910 5976
112 5976
5902 5976
1074 1075
376 379
38 661
0 162
6 2517
4 431
0 100
1 1386
18 850
1 511
404 405
1099 1102
0 1102
0 370
4 196
1 361
3 841
697 698
0 124
0 290
9 218
436 439
2 229
0 349
1 89
0 360
17 333
9 333
0 526
121 122
0 412
0 196
2 874
0 247
7 896
1 338
2 338
0 142
1777 1779
141 1779
80 1779
110 1779
1 1238
10 876
0 1853
1 1853
2 1853
10 592
563 564
0 173
58 1539
0 158
1 812
3 584
0 328
3 262
0 816
98 99
8 796
10 404
5 146
344 345
5 464
7 228
268 274
459 919
0 502
0 1110
3 122
2 446
502 518
0 141
11 585
25 561
17 2808
21 1357
707 1416
1 204
0 100
281 563
0 564
0 473
22 1110
0 339
163 327
2 308
290 295
1 587
0 777
3 558
148 149
5 209
4 279
2 962
1 3095
3 3095
2 3095
7 1617
1 1617
2 1617
0 1617
317 318
326 327
5 1767
16 1767
7 1767
3 1767
239 240
0 1071
0 522
0 1618
1 465
0 465
6 465
