5 384
10 375
16 392
0 576
2 576
387 776
387 776
255 511
15 2287
11 2287
4 745
4 745
456 914
168 338
223 448
0 691
1 691
0 183
913 914
15 1155
1154 1155
577 1155
2 1155
12 1155
684 1370
811 1623
6 7389
16 7389
77 7389
6 7389
4 7389
8 7389
16 7389
76 7389
189 7389
74 7389
178 7389
23 2339
2 615
20 1288
87 176
11 1265
10 1265
13 1265
74 150
1 79
3 1983
2 1983
5 1983
1 1983
5 269
198 397
4 1208
14 1208
1 1208
736 1474
119 240
223 448
15 558
1 1113
0 1113
1 79
152 305
199 400
3 388
9 590
12 1483
75 152
75 152
0 796
767 1536
1 805
13 276
163 328
3 1267
0 1267
8 1267
2 1267
4 1267
260 522
98 198
0 1013
0 1013
75 152
6 1303
0 1008
0 1008
1 327
3 562
7 737
368 737
131 264
4 175
0 44
0 89
8 1913
11 1913
5 1539
972 973
427 855
150 301
121 7645
290 7645
143 7645
111 7645
33 7645
35 7645
138 7645
30 7645
28 7645
24 7645
47 7645
119 7645
34 7645
143 7645
137 7645
119 7645
59 7645
140 7645
0 7645
143 7645
747 9306
3 9306
30 9306
17 9306
20 9306
323 9306
34 9306
18 9306
5 9306
4652 9306
439 9306
2 9306
42 9306
388 9306
33 9306
99 9306
32 9306
14 9306
6 3760
121 3760
4 3760
3 3760
20 3760
7 3760
26 3760
8 3760
17 689
147 295
4 1454
0 1454
5 1454
4 1454
6 626
2 203
3 405
11 794
4 794
1 844
328 657
9 1110
74 150
11 1071
3 812
405 812
0 422
10 896
197 395
13 2339
1 135
161 324
360 721
39 79
101 204
7 811
5 368
16 380
7 380
1 384
7 152
48 98
33 68
2 446
5 777
388 777
6 884
441 884
756 1514
437 876
173 348
0 169
8 663
2 663
151 303
11 240
33 441
3 1474
4 733
4 1077
2 404
1 973
1 138
808 1618
283 567
437 876
1 176
19 2150
40 2150
437 876
155 311
4 1597
5 1597
2 1597
10 1597
308 618
4 98
3 184
387 776
32 776
248 497
28 57
195 392
0 670
1 670
195 392
10 511
123 247
437 876
171 344
14 965
769 1539
2 509
107 215
12 176
107 215
107 215
24 1386
141 283
763 764
1 465
1 792
7 10782
0 10782
19 10782
2 10782
35 10782
47 10782
59 10782
44 10782
26 10782
31 10782
29 10782
211 10782
21 10782
40 10782
14 10782
5 10782
43 10782
8 10782
25 10782
10 10782
3 10782
17 10782
34 10782
11 10782
29 10782
33 10782
4 224
9 767
71 144
269 540
3 2510
0 2510
134 269
5 269
1 1269
0 1269
5 919
5 782
223 448
0 931
0 931
3 247
44 89
4 2038
1 2038
0 2038
2 446
25 737
0 1898
2 1898
291 584
679 1360
3 2257
0 2257
35 1695
52 2339
535 1072
3 746
372 746
0 2150
7 2150
31 3410
0 3410
10 3410
372 746
0 2150
7 2150
381 764
372 746
0 456
16 590
15 2449
15 2449
95 191
7 777
132 266
11 1027
487 976
487 976
10 3000
45 3000
23 3000
159 3000
26 3000
16 3000
3 202
3 456
7 777
2 381
1 295
92 186
220 441
1 94
33 68
11 287
119 240
70 142
119 240
327 655
6 1197
4 2831
4 2831
6 2831
1 2831
665 1331
0 4210
5 4210
96 4210
3 4210
12 4210
23 4210
119 4210
65 4210
13 4210
14 4210
105 4210
4 20
3 209
3 677
0 677
1 1547
0 1547
7 888
14 888
171 344
0 413
2 1012
2 1012
3 1012
11 269
233 467
6 504
554 1110
5 585
3 2128
3 2128
1 2128
11 960
6 1483
767 1536
20 1536
16 1110
0 1069
5 1069
1 1069
14 1014
405 811
554 1110
10 423
1 93
91 183
2 384
4 724
8 2375
3 2375
3 2375
88 178
393 788
2 788
393 788
393 788
393 788
0 788
0 788
393 788
393 788
0 203
112 226
4 4949
5 4949
0 4949
31 4949
45 4949
23 4949
36 4949
1 120
58 2150
11 2150
11 2150
4 653
344 689
18 2955
1 2955
12 2955
0 2955
24 2955
3 2955
10 2955
12 1695
219 439
219 439
9 225
3 2163
4 2163
155 13875
5 13875
7 13875
9 13875
0 13875
12 13875
1 13875
4 13875
144 13875
2 13875
6937 13875
139 13875
37 13875
31 13875
37 2339
110 222
2 150
4 1164
10 1164
8 1164
2 2347
6 2347
7 2347
5 2347
4 633
5 384
11 3126
3 3126
2 3126
12 3126
1 3126
9 3126
8 3126
0 1078
2 1078
1 1078
2 267
12 1926
262 526
26 812
19 858
7 5657
10 5657
22 5657
5 5657
6 5657
0 5657
37 5657
145 5657
11 1042
211 423
5 218
85 172
653 1307
510 1021
12 384
18 400
119 240
123 247
1 176
123 247
61 124
308 618
123 247
2 1708
3 1708
2 1708
0 1708
1 762
1 762
1 152
185 371
5 264
0 442
0 442
4 389
53 5642
4 5642
16 5642
147 5642
45 5642
49 5642
38 5642
2 416
111 223
4 86
23 543
701 1403
701 1403
339 679
19 2517
1 87
344 689
8 336
44 89
76 153
701 1403
12 1963
14 1963
0 2002
0 2002
59 2002
11 147
10 147
81 163
131 264
8 1539
131 264
294 590
0 181
120 241
2 465
381 764
381 764
14 764
6 295
5 1652
0 1652
5 1967
4 86
5 1110
2 1183
0 1183
1 1183
3 876
3 389
1 1124
0 1124
9 1014
1 961
9 961
0 961
4 526
1 359
564 1130
9 257
23 1386
420 842
520 1042
1 257
17 2403
50 2403
17 2403
52 106
187 375
308 617
28 270
134 270
339 340
163 327
189 380
7 518
0 587
1 587
7 384
211 424
131 264
349 699
3 1317
1 1317
1 1317
59 120
296 594
1 538
0 603
564 1130
171 344
119 240
2 1241
60 122
14 855
11 1898
11 1898
7 1898
7 1898
10 384
8 17
456 914
7 777
81 163
26 4713
32 4713
1 4713
2356 4713
2 4713
35 4713
21 44
2 2150
1 2150
4 2150
3 2150
200 402
132 266
3 781
4 781
2 781
0 781
331 664
15 689
436 874
397 796
15 796
59 1464
40 1464
41 1464
13 548
190 382
116 233
2 663
128 257
252 506
505 1012
4 257
3 626
2 371
390 782
20 3816
22 3816
12 3816
11 3816
2 3816
19 3816
7 3816
14 340
10 1347
5 1347
1 149
9 554
4 364
4 364
147 295
217 435
694 695
1 1247
1 1247
211 423
17 914
5 265
0 631
6 631
6 186
516 518
85 171
255 511
27 431
1 2308
0 2308
4 2303
8 2303
2 145
9 145
1 145
233 467
258 518
4 405
158 318
8 423
161 324
10 389
3 8726
75 8726
43 8726
72 8726
128 8726
75 8726
273 8726
103 8726
86 8726
56 8726
4 8726
29 8726
16 8726
421 422
53 108
2 456
0 1036
1 1036
195 391
2 344
339 679
1 154
198 397
4 3066
3 3066
37 3066
0 1214
1 1214
797 1595
797 1595
381 764
0 457
2 368
1 376
104 209
104 209
1 1191
0 1191
16 592
377 378
70 141
7 389
8 446
131 264
6 526
10 1110
6366 12734
9 12734
0 12734
193 12734
34 12734
20 12734
6366 12734
44 12734
23 12734
206 12734
6 12734
6 12734
65 12734
17 12734
15 12734
291 12734
125 12734
103 12734
5 203
44 89
3 653
10 295
1 841
3 441
191 384
2 876
33 1264
631 1264
631 1264
201 404
5 1483
4 1110
294 590
294 590
131 264
53 107
692 1386
1 148
44 89
10 842
35 461
0 669
3 669
368 737
349 699
7 423
6 737
53 107
0 107
1 148
0 473
30 2629
48 2629
11 2629
14 2629
191 384
0 1589
1 1589
2 1589
56 113
0 2696
3 2696
6 2696
1 774
331 664
493 987
6 987
6 987
10 4344
9 4344
1 4344
46 4344
3 4344
0 4344
5 4344
110 222
312 626
15 1376
1 1376
12 1376
3 1376
17 558
3 680
5 680
3 234
88 177
88 177
15 384
220 441
220 441
187 376
0 1511
3 1511
7 522
7 522
84 169
8 737
331 664
239 479
24 2238
18 2238
25 2238
21 2238
16 1074
368 737
2 762
1258 2517
393 788
24 2300
35 2300
380 762
10 618
0 183
134 270
11 558
0 252
147 295
22 1913
22 1913
30 656
6 656
5 656
119 240
211 423
381 764
186 373
0 446
3 357
211 423
0 632
10 590
280 562
227 456
4 9
293 587
280 562
16 1014
386 774
7 404
283 567
6 1407
296 594
0 690
1 690
7 250
63 127
147 295
4 2725
2 2725
0 2725
4 2725
1 2725
2 442
0 442
7 518
1 508
1 269
0 269
0 38
0 6094
5 6094
4 6094
1 6094
6 6094
684 1370
10 2737
12 2737
704 1409
262 526
232 465
169 339
5 960
2 960
7 382
147 295
201 404
0 431
2 1536
307 615
0 844
153 308
6 504
6 560
1 730
1 730
1 764
0 1701
119 240
141 283
4 596
195 392
3 2339
1 2339
1 303
1 461
281 563
2 438
60 122
0 980
0 980
422 845
0 665
3 378
175 352
8 889
5 889
3 189
0 431
5 751
262 526
2 1955
9 1955
0 1955
7 1955
1 1955
2 1955
12 9453
26 9453
12 9453
8 9453
9 9453
37 9453
1 9453
15 9453
1 9453
3 9453
12 9453
3 9453
5 9453
4 9453
8 9453
2 3604
2 3604
2 3604
1801 3604
2 3604
3 2982
5 2982
0 2982
1 2982
2 2982
11 1152
249 499
1 181
0 181
124 249
306 613
197 395
2 575
2 122
2 1114
4 1114
141 283
141 283
120 241
27 55
327 655
1 1887
2 1887
0 1887
87 7512
12 7512
2 7512
116 7512
30 7512
0 7512
10 7512
367 7512
283 7512
312 7512
119 7512
11 7512
16 7512
267 7512
3755 7512
5 328
311 623
52 106
0 82
10 305
97 196
75 151
219 439
163 328
1015 2031
5 4370
2 4370
3 4370
7 4370
4 4370
1 4370
6 4370
7 4370
0 340
0 360
3 269
1 413
443 887
1 187
1 187
266 534
3 1539
6 726
128 257
100 202
1 764
1 764
4 473
2 729
1 729
4 729
86 174
296 593
4 326
140 282
29 59
22 2849
27 2849
26 2849
2 2849
7 225
217 435
217 435
6 522
72 146
478 479
199 399
293 587
5 562
393 788
2 788
393 788
393 788
393 788
0 788
0 788
393 788
393 788
4 473
4 473
2 1528
0 1528
951 1904
951 1904
366 733
109 219
64 2417
31 2417
296 594
13 594
296 594
1 620
1 620
4 476
4 476
2 405
5 1695
45 91
45 91
1 1223
2 1223
8 1223
239 479
2 328
0 1879
0 1879
56 4834
45 4834
5 4834
0 4834
42 4834
42 4834
72 145
738 739
167 336
180 361
88 177
7 413
379 759
190 191
190 191
119 240
5 233
88 177
0 176
5 318
1 807
0 807
380 761
0 446
0 931
0 931
17 1074
1 812
143 287
381 764
13 1043
4 857
6 922
1 558
1 558
0 279
86 173
64 130
3 617
3 617
3 1707
0 1707
25 4275
23 4275
12 4275
25 4275
22 4275
1 1149
3 1149
2 1149
11 2971
9 2971
167 336
158 318
34 1026
0 92
1 92
0 311
0 161
386 774
10 127
3 379
199 400
427 428
190 381
4 562
248 497
196 393
139 279
12 323
197 395
111 223
7 362
254 509
10 2434
357 716
193 388
17 233
1 484
241 484
241 484
537 1075
537 1075
537 1075
537 1075
58 118
0 114
421 844
421 844
152 306
0 1742
2 1742
1 1742
220 441
327 655
14 764
254 509
1868 3737
3 3737
2 3737
0 3737
5 562
1090 2181
3 338
3 40
189 379
4 405
4 474
2 98
3 1143
183 368
349 699
171 343
10 126
6 1644
5 1644
0 767
1 767
383 767
9 20
154 310
176 354
30 61
2 297
363 727
12 395
808 1618
1 233
190 381
1 473
108 217
151 152
383 768
85 171
2 567
150 301
0 461
393 788
2 788
393 788
393 788
393 788
0 788
0 788
393 788
393 788
2 405
652 653
69 139
161 324
9 973
692 1386
4 633
18 664
808 1618
197 395
2 295
171 344
114 230
1109 2219
1 385
263 527
962 1926
962 1926
5 548
0 919
17 699
3 472
326 327
0 821
3 821
5 821
4 526
1 567
2 1012
2 1012
3 1012
280 562
369 739
0 266
113 227
1 241
317 635
2 391
3 177
203 407
217 435
267 535
263 527
185 371
185 371
119 240
7 57
148 297
130 262
180 361
655 1312
2 84
7 287
9 509
292 585
295 592
405 812
1169 2339
144 290
0 948
1 948
2 448
486 973
179 360
3 389
822 1646
2 2101
4 2101
3 2101
1 2101
6 876
235 472
132 265
7 777
250 502
68 137
104 209
71 144
1 183
1 370
67 135
1 120
5 962
360 721
56 114
5 3218
11 1747
0 231
4 1110
0 153
3 290
198 397
162 325
159 319
190 382
0 5267
21 5267
19 5267
2 5267
17 5267
20 5267
10 5267
14 5267
14 5267
14 5267
16 5267
11 5267
9 5267
19 5267
1 1034
1 1034
1 2191
1 2191
123 247
123 247
707 1416
513 1027
0 319
0 1042
191 384
81 163
4 127
0 484
449 900
2 544
132 265
7 368
0 930
1 2416
1 2416
4 2416
5 919
9 407
2 382
3 247
4 233
3 1183
3 1183
3 1183
3 1185
3 382
2 340
0 3763
1 3763
88 177
238 477
70 141
120 242
0 295
1 295
197 395
307 615
1 308
4 1695
255 511
0 227
1 257
19 2339
197 395
179 359
380 761
15 257
0 176
167 336
2 195
364 365
119 240
3 230
97 196
168 338
24 1116
15 1116
4 1124
1 300
8 1623
452 906
28 57
2 188
528 1057
0 233
360 721
158 318
367 735
349 699
1 446
5 310
82 165
232 465
2 1130
339 679
195 392
173 348
7 1898
7 1898
2 472
2 950
2 950
2 950
95 191
4 1695
2 324
2 282
7 861
847 1695
179 360
479 960
193 388
5 1701
2 453
0 453
3 247
1 461
26 295
12 1042
274 549
159 319
5 1110
9 2517
1 866
0 866
70 141
0 387
23 48
0 1791
2 1791
7 511
0 275
142 286
211 423
1 191
474 950
254 509
430 861
4 364
4 364
377 378
6 3651
0 364
5 364
0 298
339 679
19 654
6 177
7 605
195 392
195 392
7 569
21 43
206 414
3 272
9 327
1 2050
2 2050
4 2050
1 617
19 927
4 1268
0 1268
1 1268
706 1413
78 157
158 317
394 790
394 790
5 812
538 1077
291 584
280 562
679 1360
847 1695
202 405
293 587
63 127
1 1592
0 1592
2 1719
0 1719
2 1719
1 548
2 548
97 195
1 352
0 1043
4 2703
1 2703
4 2703
1 2703
582 1165
13 395
2 1323
3 1323
0 1323
25 1323
4 1323
2 118
3 165
331 663
225 451
27 1536
2 1526
1 1526
1 1526
57 116
163 327
2 587
69 139
4 325
643 1288
57 116
119 240
108 217
355 712
692 1386
79 2339
3 2517
190 381
141 284
91 183
147 295
1258 2517
1169 2339
232 465
123 247
5 2517
4 55
4 281
0 247
679 1360
5 461
1880 3761
17 590
3 594
188 378
30 1539
53 108
2168 4338
775 1552
1 152
3 646
8 306
22 657
656 657
520 1042
210 421
5 1042
110 222
5 1034
134 270
4 1104
0 486
11 502
2 57
407 816
3 2365
536 1074
93 187
5 2236
4 2236
3 2236
0 2236
202 405
1 1110
248 497
110 222
0 120
4 151
5 1392
4 230
42 86
6 78
1169 2339
4 9
23 1021
0 318
1 308
0 279
5 762
2 88
360 721
2 1027
14 500
2 89
42 86
79 159
0 733
9 725
6 276
4 497
19 1130
2 456
1 654
5 777
1 53
169 340
237 475
70 142
346 694
6 41
6 90
293 588
13 588
14 588
5 214
33 67
4 588
163 327
170 342
8 588
96 193
80 161
44 90
293 588
6 41
7 322
4 718
70 142
10 567
10 588
56 113
0 120
24 588
3 567
293 588
587 588
241 483
293 588
108 218
293 588
140 282
140 282
293 588
108 218
9 327
11 24
0 274
5 274
8 214
2 142
44 90
44 90
1 228
283 567
3 229
283 567
11 343
113 228
163 327
21 43
192 386
346 694
113 228
13 475
7 588
237 475
472 946
14 475
1 567
1 457
163 327
241 483
10 343
3 116
9 475
113 228
5 342
163 327
279 560
114 229
4 99
293 588
21 43
21 43
0 168
11 141
3 483
7 16
293 588
192 386
166 334
293 588
293 588
293 588
293 588
7 90
293 588
135 271
293 588
192 386
33 67
279 560
170 342
7 454
587 588
11 588
5 211
346 694
346 694
113 228
163 327
10 588
375 752
4 53
0 229
293 588
20 41
6 374
6 334
5 588
237 475
54 110
114 229
1 58
27 588
70 142
76 153
11 334
3 116
58 118
293 588
192 386
163 327
70 142
113 228
77 156
7 588
9 588
6 327
171 343
76 153
237 475
9 588
8 99
8 588
6 588
286 574
346 694
4 90
346 694
27 56
279 560
6 342
160 322
15 752
293 588
18 327
2 193
10 454
170 342
3 67
163 327
23 588
114 229
170 342
3 67
1336 2673
5 211
241 483
11 327
7 228
4 33
480 962
4 1539
10 125
0 120
39 80
407 816
3 554
87 176
15 406
0 66
4 473
3 977
3 844
1 290
9 502
43 88
137 275
73 147
4 515
2 1205
701 1403
8 1695
3 605
6 605
7 1347
7 1347
25 1516
0 295
0 473
3 59
14 1021
393 788
113 228
3 1110
2 88
4 768
5 476
168 337
1 340
19 1695
4 127
1 308
188 378
120 241
225 452
141 284
0 1900
0 1900
1 3101
0 3101
0 6
108 218
24 664
0 158
0 423
5 951
14 951
6 623
2 399
788 1577
3 278
3 214
7 2150
7 2150
1 145
0 404
536 1074
6 336
180 362
296 594
107 216
4 439
263 527
30 1386
319 639
380 762
2 625
3 625
362 725
197 395
517 1036
520 1042
1 393
6 1539
183 368
8 1539
58 117
10 632
520 1042
258 518
2 567
2 452
11 1071
1 347
151 303
0 120
134 270
20 2237
49 2237
1 2237
1 2237
21 2237
1 233
775 1552
1 409
2 1230
0 1230
21 853
1 400
0 126
7 446
428 857
3 973
1 274
0 274
0 3390
35 3390
0 3390
9 3390
0 584
444 890
5 626
107 216
0 1346
3 247
143 287
39 79
0 196
95 191
168 7353
11 7353
71 7353
437 7353
8 7353
47 7353
218 7353
18 7353
9 7353
3676 7353
14 7353
194 7353
66 7353
222 7353
20 7353
40 7353
5 141
3 2466
5 2466
1 2466
0 2466
8 1456
4 10604
6 10604
1 10604
70 10604
10 10604
4 10604
4 10604
21 10604
26 10604
26 10604
30 10604
96 10604
7 10604
21 10604
110 10604
12 10604
5 1655
4 1655
0 407
2 1162
3 1162
0 1162
1 1162
239 479
311 623
1 87
3 564
195 391
147 295
2 590
1 508
847 1695
23 47
393 788
3 788
393 788
393 788
393 788
0 788
0 788
393 788
393 788
3 230
369 739
1 436
847 1695
123 247
312 626
283 567
57 115
23 48
8 344
2 684
381 764
2 582
4 1072
1 1862
5 1862
184 369
437 876
7 625
1 233
1 937
0 937
5 937
0 230
1 421
0 272
108 218
3 812
412 826
6 919
2 887
535 1072
1169 2339
4 958
2 958
12 1623
70 141
395 792
6 811
1 2330
2 2330
5 247
486 974
59 120
0 182
0 423
1 1967
14 30
191 384
274 549
576 1153
0 497
1 188
248 498
2 157
1 157
18 2339
12 950
56 57
0 135
236 473
0 962
223 448
0 163
3 414
2 1161
1 1161
1 1161
0 117
0 96
701 1403
2 1346
2 139
7 1110
4 473
158 318
158 318
2 700
1 162
5 1967
769 1539
4 1539
52 106
1 5662
1 5662
4 5662
1 5662
4 5662
25 1536
26 1536
12 625
11 2565
6 2565
10 2565
6 2565
8 2565
9 2565
873 1747
12 384
91 183
4 1249
5 1249
43 87
21 812
372 746
2 2128
3 2128
0 2128
0 473
1 67
3 124
88 178
4 764
189 379
2 2396
1 2396
0 2396
11 890
19 890
9 890
7 38
4 2407
5 2407
6 2407
2 2407
2 735
1 581
1 581
0 385
0 385
307 615
1 139
6 641
223 448
3 1064
3 1064
5 2225
44 89
2 941
0 89
2 1419
225 452
39 80
276 554
1 89
7 1294
24 1294
190 381
30 1948
2 1948
2 1948
22 1948
2 962
223 448
1 352
136 137
4 594
1 1708
0 1708
143 287
12 25
0 816
4 626
0 90
7 2339
767 1536
8 233
0 69
3 319
6 796
3 446
4 527
70 142
1 369
1 153
9 590
192 385
206 413
1 446
1 2395
1 2395
3 404
295 592
19 2163
10 2163
17 2163
27 55
22 191
0 2423
3 2423
1 2423
3 344
97 196
0 452
701 1403
0 1205
1 1205
8 1014
1 294
2 448
42 86
197 395
421 844
421 844
151 303
25 1360
1 812
53 107
280 562
239 479
233 467
39 1733
23 1733
12 1733
39 80
369 739
222 446
123 247
2 389
5 733
107 215
4 295
215 431
0 175
129 130
93 187
67 135
141 284
185 371
164 330
2 1724
0 1724
2 1724
274 549
459 919
569 1139
0 896
1 896
218 437
51 103
14 264
130 261
4 264
323 648
788 1577
1 1501
2 1501
0 1501
308 617
25 1618
142 285
251 504
57 115
1 48
0 247
3 737
0 223
4 509
1 311
296 594
238 477
2 345
366 733
7 789
2 789
302 605
3 1747
2 347
19 1511
19 1511
180 362
9 147
153 307
135 139
137 139
3 382
882 1766
393 788
2 788
393 788
393 788
393 788
0 788
0 788
393 788
393 788
2 694
0 694
4 307
86 174
185 371
538 1077
4 537
88 178
0 103
144 290
2 3159
4 3159
2 3159
9 1331
24 50
357 716
1 508
13 1909
24 1909
13 1909
1 1618
808 1618
6 384
6 384
0 102
1 94
6 585
5 474
267 535
130 261
28 295
84 169
5 148
91 183
18 876
366 733
10 1787
15 1787
1 1787
308 617
1 1553
3 1553
251 504
171 343
315 632
1 127
251 504
541 1083
2 65
571 1144
88 178
85 172
119 240
215 431
459 919
0 498
4 1618
737 1475
183 368
12 26
7 1965
6 1965
0 1965
3 1965
0 1965
2 1965
62 125
0 175
27 55
3 379
1 229
1 229
1 230
8 1042
4 344
5 323
372 746
437 876
9 479
202 406
3 504
85 171
2 575
15 764
11 1913
4 1913
528 1057
3 269
1 173
171 344
3 772
21 242
7 1695
847 1695
190 382
15 764
87 175
46 94
405 811
2 394
0 1287
0 176
69 139
154 310
179 360
114 230
405 811
7 381
1 1129
9 1129
1 1129
0 638
11 1071
35 1410
18 1410
7 1410
4 811
248 497
18 37
0 285
8 305
127 256
179 360
116 233
13 623
530 1061
5 260
0 452
6 563
6 592
71 144
163 327
1 617
5 337
4 362
2987 5976
68 5976
34 5976
92 5976
103 5976
2 5976
115 5976
0 5976
7 5976
537 1075
189 379
330 661
80 162
3 2517
28 431
49 100
2 1386
424 850
2 511
202 405
1 1102
0 1102
0 370
97 196
180 361
420 841
697 698
0 124
0 290
108 218
1 439
114 229
3 349
1 89
1 360
166 333
166 333
5 526
60 122
205 412
97 196
436 874
0 247
7 896
1 338
1 338
70 142
889 1779
889 1779
889 1779
889 1779
618 1238
437 876
6 1853
0 1853
0 1853
295 592
6 564
86 173
6 1539
1 158
3 812
5 584
1 328
130 262
2 816
49 99
397 796
201 404
5 146
172 345
231 464
113 228
136 274
459 919
10 502
4 1110
60 122
4 446
258 518
0 141
12 585
19 561
5 2808
3 1357
707 1416
101 204
49 100
281 563
281 564
0 473
554 1110
7 339
163 327
1 308
147 295
293 587
1 777
3 558
74 149
104 209
1 279
2 962
0 3095
0 3095
9 3095
15 1617
1 1617
8 1617
0 1617
6 318
6 327
0 1767
4 1767
2 1767
1 1767
119 240
535 1071
8 522
808 1618
1 465
0 465
1 465
