6 384
10 375
6 392
0 576
1 576
18 776
16 776
21 511
20 2287
1 2287
3 745
4 745
3 914
10 338
4 448
0 691
2 691
0 183
911 914
10 1155
50 1155
577 1155
2 1155
6 1155
2 1370
36 1623
201 7389
60 7389
4 7389
7 7389
0 7389
9 7389
6 7389
20 7389
139 7389
10 7389
257 7389
6 2339
3 615
1 1288
174 176
10 1265
11 1265
15 1265
4 150
0 79
0 1983
1 1983
5 1983
6 1983
3 269
14 397
3 1208
19 1208
6 1208
3 1474
10 240
1 448
1 558
1 1113
0 1113
1 79
304 305
397 400
4 388
4 590
3 1483
2 152
1 152
0 796
767 1536
0 805
5 276
6 328
8 1267
56 1267
3 1267
7 1267
18 1267
11 522
2 198
0 1013
0 1013
4 152
0 1303
0 1008
2 1008
2 327
2 562
5 737
5 737
2 264
7 175
0 44
0 89
15 1913
3 1913
38 1539
972 973
854 855
2 301
92 7645
70 7645
7644 7645
5 7645
120 7645
127 7645
319 7645
330 7645
168 7645
64 7645
14 7645
278 7645
136 7645
225 7645
199 7645
521 7645
57 7645
43 7645
101 7645
356 7645
732 9306
1 9306
80 9306
50 9306
12 9306
130 9306
664 9306
25 9306
11 9306
359 9306
108 9306
20 9306
77 9306
113 9306
96 9306
83 9306
39 9306
7 9306
7 3760
125 3760
99 3760
8 3760
35 3760
4 3760
18 3760
11 3760
26 689
4 295
6 1454
0 1454
5 1454
2 1454
2 626
0 203
0 405
792 794
1 794
3 844
328 657
1109 1110
5 150
1 1071
0 812
0 812
0 422
2 896
6 395
2 2339
1 135
5 324
2 721
7 79
203 204
1 811
1 368
0 380
0 380
1 384
7 152
4 98
8 68
2 446
0 777
1 777
1 884
11 884
4 1514
20 876
4 348
0 169
2 663
1 663
12 303
11 240
27 441
23 1474
0 733
3 1077
1 404
0 973
1 138
16 1618
0 567
13 876
1 176
0 2150
21 2150
10 876
10 311
5 1597
2 1597
3 1597
1589 1597
11 618
0 98
5 184
5 776
3 776
496 497
4 57
14 392
7 670
1 670
14 392
1 511
5 247
0 876
171 344
0 965
33 1539
2 509
4 215
21 176
4 215
4 215
24 1386
281 283
750 764
8 465
0 792
14 10782
6 10782
40 10782
1 10782
8 10782
32 10782
31 10782
17 10782
29 10782
23 10782
86 10782
210 10782
39 10782
25 10782
12 10782
4 10782
10 10782
5 10782
114 10782
33 10782
15 10782
37 10782
21 10782
2 10782
86 10782
35 10782
0 224
12 767
10 144
42 540
1 2510
0 2510
134 269
5 269
1 1269
0 1269
3 919
0 782
2 448
1 931
0 931
1 247
3 89
2 2038
0 2038
1 2038
1 446
21 737
3 1898
6 1898
17 584
18 1360
7 2257
0 2257
59 1695
15 2339
1066 1072
2 746
3 746
1 2150
17 2150
5 3410
1 3410
23 3410
4 746
2 2150
28 2150
16 764
4 746
0 456
19 590
7 2449
27 2449
22 191
0 777
2 266
1026 1027
5 976
17 976
7 3000
31 3000
13 3000
121 3000
14 3000
6 3000
4 202
1 456
7 777
11 381
0 295
185 186
220 441
1 94
33 68
7 287
5 240
70 142
5 240
5 655
5 1197
7 2831
5 2831
4 2831
0 2831
1 1331
114 4210
9 4210
59 4210
10 4210
1 4210
32 4210
19 4210
16 4210
4 4210
6 4210
154 4210
4 20
3 209
1 677
0 677
0 1547
1 1547
4 888
0 888
343 344
406 413
2 1012
0 1012
3 1012
4 269
7 467
503 504
554 1110
1 585
2 2128
4 2128
0 2128
7 960
8 1483
1535 1536
1533 1536
1105 1110
4 1069
9 1069
1 1069
66 1014
802 811
5 1110
3 423
0 93
7 183
1 384
1 724
0 2375
4 2375
8 2375
1 178
7 788
2 788
5 788
4 788
8 788
0 788
1 788
8 788
3 788
0 203
10 226
6 4949
12 4949
3 4949
31 4949
46 4949
26 4949
43 4949
1 120
42 2150
3 2150
11 2150
2 653
37 689
7 2955
4 2955
6 2955
5 2955
23 2955
0 2955
3 2955
6 1695
3 439
4 439
5 225
3 2163
2 2163
114 13875
7 13875
3 13875
8 13875
6 13875
27 13875
0 13875
1 13875
37 13875
2 13875
6937 13875
102 13875
121 13875
11 13875
17 2339
3 222
2 150
2 1164
4 1164
5 1164
2 2347
0 2347
1 2347
3 2347
632 633
0 384
15 3126
7 3126
0 3126
2 3126
1 3126
4 3126
3 3126
1 1078
0 1078
3 1078
0 267
0 1926
262 526
23 812
16 858
6 5657
5 5657
12 5657
2 5657
0 5657
1 5657
23 5657
129 5657
8 1042
6 423
5 218
85 172
12 1307
61 1021
3 384
399 400
239 240
5 247
1 176
1 247
6 124
16 618
5 247
0 1708
3 1708
2 1708
1 1708
3 762
0 762
1 152
27 371
2 264
11 442
72 442
0 389
60 5642
1 5642
25 5642
239 5642
38 5642
55 5642
46 5642
2 416
111 223
2 86
22 543
13 1403
12 1403
11 679
1 2517
0 87
344 689
6 336
2 89
2 153
1401 1403
14 1963
8 1963
0 2002
8 2002
45 2002
17 147
144 147
9 163
131 264
6 1539
131 264
13 590
0 181
120 241
0 465
36 764
37 764
16 764
7 295
24 1652
11 1652
2 1967
2 86
0 1110
2 1183
0 1183
1 1183
0 876
0 389
1 1124
0 1124
3 1014
0 961
5 961
2 961
0 526
0 359
18 1130
2 257
9 1386
12 842
520 1042
0 257
1 2403
63 2403
14 2403
105 106
12 375
8 617
20 270
269 270
8 340
2 327
5 380
2 518
1 587
0 587
0 384
0 424
263 264
17 699
11 1317
2 1317
0 1317
6 120
7 594
0 538
0 603
63 1130
2 344
12 240
1 1241
4 122
12 855
7 1898
10 1898
1 1898
0 1898
13 384
8 17
16 914
0 777
81 163
19 4713
0 4713
46 4713
2356 4713
5 4713
1 4713
0 44
0 2150
6 2150
3 2150
2 2150
8 402
132 266
3 781
9 781
1 781
0 781
663 664
16 689
6 874
0 796
795 796
61 1464
38 1464
35 1464
5 548
4 382
116 233
2 663
11 257
252 506
10 1012
3 257
1 626
3 371
390 782
2 3816
9 3816
12 3816
6 3816
3 3816
24 3816
4 3816
10 340
5 1347
2 1347
1 149
2 554
2 364
3 364
147 295
217 435
16 695
3 1247
0 1247
6 423
46 914
0 265
0 631
6 631
4 186
23 518
85 171
255 511
31 431
2 2308
1 2308
10 2303
4 2303
0 145
1 145
3 145
6 467
13 518
4 405
10 318
14 423
6 324
388 389
4 8726
106 8726
41 8726
2 8726
49 8726
272 8726
181 8726
69 8726
238 8726
17 8726
0 8726
28 8726
3 8726
4 422
7 108
2 456
0 1036
1 1036
19 391
0 344
11 679
2 154
198 397
5 3066
3 3066
35 3066
6 1214
5 1214
14 1595
36 1595
763 764
0 457
0 368
0 376
3 209
208 209
2 1191
0 1191
0 592
377 378
70 141
1 389
1 446
10 264
5 526
5 1110
6366 12734
15 12734
12 12734
56 12734
27 12734
84 12734
6366 12734
24 12734
54 12734
227 12734
30 12734
30 12734
33 12734
39 12734
42 12734
306 12734
79 12734
37 12734
201 203
2 89
9 653
11 295
0 841
0 441
4 384
0 876
32 1264
631 1264
43 1264
0 404
0 1483
0 1110
17 590
5 590
5 264
0 107
14 1386
4 148
3 89
10 842
460 461
0 669
3 669
9 737
22 699
6 423
6 737
0 107
0 107
7 148
0 473
14 2629
27 2629
13 2629
8 2629
6 384
10 1589
5 1589
6 1589
4 113
18 2696
15 2696
0 2696
45 774
31 664
493 987
1 987
7 987
6 4344
51 4344
3 4344
7 4344
0 4344
2 4344
16 4344
3 222
9 626
1356 1376
0 1376
9 1376
1375 1376
0 558
2 680
5 680
5 234
3 177
7 177
18 384
18 441
24 441
2 376
0 1511
4 1511
7 522
0 522
0 169
10 737
31 664
14 479
4 2238
2 2238
12 2238
5 2238
12 1074
11 737
1 762
28 2517
393 788
58 2300
17 2300
761 762
9 618
0 183
269 270
10 558
1 252
18 295
19 1913
26 1913
28 656
0 656
11 656
6 240
0 423
381 764
369 373
0 446
2 357
7 423
0 632
4 590
7 562
227 456
0 9
293 587
4 562
3 1014
1 774
0 404
566 567
1 1407
2 594
1 690
3 690
18 250
126 127
294 295
5 2725
3 2725
6 2725
0 2725
4 2725
2 442
1 442
1 518
1 508
0 269
2 269
0 38
1 6094
3 6094
2 6094
0 6094
4 6094
1369 1370
9 2737
8 2737
26 1409
262 526
11 465
3 339
4 960
1 960
22 382
6 295
0 404
0 431
1 1536
3 615
0 844
0 308
0 504
4 560
0 730
1 730
1 764
0 1701
11 240
141 283
5 596
13 392
6 2339
0 2339
0 303
0 461
21 563
9 438
0 122
0 980
1 980
422 845
0 665
4 378
350 352
5 889
4 889
2 189
0 431
8 751
262 526
136 1955
17 1955
47 1955
91 1955
11 1955
50 1955
10 9453
34 9453
14 9453
2 9453
3 9453
43 9453
4 9453
7 9453
6 9453
11 9453
24 9453
13 9453
12 9453
16 9453
5 9453
1 3604
8 3604
10 3604
1801 3604
7 3604
13 2982
2 2982
16 2982
5 2982
1 2982
7 1152
498 499
0 181
1 181
124 249
16 613
9 395
7 575
1 122
6 1114
0 1114
141 283
141 283
0 241
27 55
654 655
1 1887
0 1887
2 1887
7469 7512
568 7512
414 7512
65 7512
2 7512
7453 7512
7475 7512
122 7512
95 7512
662 7512
7468 7512
664 7512
323 7512
64 7512
7501 7512
4 328
1 623
1 106
1 82
1 305
7 196
75 151
5 439
1 328
20 2031
2 4370
7 4370
4 4370
0 4370
1 4370
6 4370
3 4370
5 4370
4 340
0 360
1 269
0 413
12 887
0 187
1 187
2 534
3 1539
5 726
128 257
201 202
0 764
1 764
0 473
1 729
2 729
4 729
4 174
296 593
0 326
4 282
29 59
22 2849
32 2849
20 2849
14 2849
0 225
217 435
1 435
0 522
72 146
27 479
3 399
0 587
13 562
393 788
3 788
393 788
393 788
393 788
0 788
0 788
393 788
393 788
6 473
4 473
2 1528
1 1528
17 1904
12 1904
1 733
218 219
25 2417
38 2417
44 594
14 594
32 594
0 620
1 620
0 476
3 476
0 405
27 1695
1 91
45 91
2 1223
0 1223
3 1223
478 479
2 328
3 1879
0 1879
129 4834
1 4834
36 4834
26 4834
10 4834
11 4834
3 145
737 739
11 336
7 361
88 177
412 413
379 759
190 191
190 191
5 240
2 233
2 177
0 176
5 318
5 807
2 807
2 761
1 446
1 931
0 931
0 1074
3 812
143 287
13 764
6 1043
0 857
1 922
3 558
6 558
9 279
86 173
129 130
2 617
3 617
2 1707
1 1707
47 4275
35 4275
3 4275
80 4275
101 4275
1 1149
5 1149
12 1149
2 2971
1 2971
8 336
9 318
5 1026
1 92
0 92
0 311
0 161
5 774
8 127
4 379
399 400
425 428
190 381
4 562
4 497
391 393
1 279
322 323
4 395
3 223
1 362
12 509
0 2434
5 716
386 388
26 233
0 484
3 484
6 484
9 1075
11 1075
1074 1075
24 1075
58 118
0 114
21 844
829 844
1 306
0 1742
2 1742
1 1742
7 441
10 655
11 764
1 509
1868 3737
1 3737
2 3737
0 3737
10 562
1090 2181
2 338
3 40
3 379
2 405
1 474
2 98
1140 1143
183 368
25 699
0 343
11 126
1 1644
2 1644
0 767
1 767
383 767
9 20
154 310
1 354
2 61
5 297
363 727
10 395
1617 1618
2 233
190 381
4 473
108 217
6 152
383 768
7 171
0 567
0 301
0 461
393 788
3 788
393 788
393 788
393 788
0 788
0 788
393 788
393 788
1 405
652 653
2 139
0 324
3 973
11 1386
3 633
21 664
28 1618
17 395
0 295
171 344
10 230
1109 2219
0 385
2 527
11 1926
16 1926
3 548
0 919
10 699
1 472
4 327
0 821
1 821
2 821
1 526
3 567
2 1012
2 1012
4 1012
11 562
369 739
0 266
113 227
0 241
16 635
2 391
4 177
1 407
6 435
531 535
8 527
2 371
2 371
1 240
0 57
148 297
2 262
0 361
19 1312
83 84
285 287
4 509
584 585
16 592
25 812
1169 2339
286 290
0 948
1 948
0 448
21 973
4 360
4 389
17 1646
0 2101
1 2101
3 2101
4 2101
3 876
14 472
2 265
24 777
2 502
2 137
104 209
10 144
1 183
0 370
67 135
1 120
6 962
32 721
113 114
1 3218
2 1747
0 231
4 1110
0 153
0 290
3 397
8 325
8 319
8 382
9 5267
15 5267
8 5267
12 5267
27 5267
11 5267
25 5267
30 5267
3 5267
6 5267
5 5267
2 5267
14 5267
29 5267
2 1034
0 1034
0 2191
1 2191
6 247
3 247
11 1416
513 1027
0 319
0 1042
0 384
0 163
0 127
0 484
1 900
0 544
15 265
3 368
1 930
5 2416
2 2416
9 2416
12 919
406 407
0 382
0 247
0 233
5 1183
1 1183
0 1183
1 1185
0 382
0 340
0 3763
1 3763
176 177
15 477
140 141
21 242
0 295
1 295
15 395
307 615
2 308
2 1695
6 511
0 227
0 257
6 2339
394 395
2 359
2 761
256 257
0 176
7 336
2 195
363 365
239 240
229 230
0 196
6 338
6 1116
0 1116
2 1124
0 300
1 1623
28 906
0 57
0 188
2 1057
0 233
2 721
16 318
0 735
29 699
1 446
0 310
0 165
232 465
4 1130
339 679
1 392
173 348
6 1898
0 1898
5 472
32 950
948 950
35 950
0 191
3 1695
4 324
1 282
1 861
15 1695
179 360
947 960
383 388
2 1701
449 453
28 453
246 247
1 461
294 295
12 1042
18 549
159 319
7 1110
14 2517
1 866
0 866
4 141
0 387
23 48
0 1791
1 1791
20 511
0 275
142 286
0 423
7 191
13 950
12 509
0 861
0 364
4 364
377 378
12 3651
2 364
6 364
0 298
672 679
16 654
176 177
6 605
4 392
3 392
7 569
0 43
5 414
0 272
4 327
0 2050
1 2050
2 2050
0 617
10 927
3 1268
0 1268
1 1268
706 1413
78 157
315 317
29 790
394 790
2 812
538 1077
7 584
280 562
24 1360
1 1695
202 405
293 587
4 127
2 1592
0 1592
0 1719
1 1719
2 1719
6 548
0 548
97 195
350 352
0 1043
4 2703
2 2703
3 2703
5 2703
25 1165
14 395
0 1323
4 1323
1 1323
5 1323
2 1323
0 118
164 165
0 663
9 451
26 1536
0 1526
1 1526
6 1526
1 116
11 327
2 587
1 139
3 325
20 1288
1 116
119 240
0 217
355 712
18 1386
15 2339
0 2517
2 381
141 284
4 183
147 295
20 2517
10 2339
10 465
1 247
0 2517
0 55
0 281
0 247
1358 1360
3 461
3760 3761
6 590
2 594
377 378
25 1539
10 108
2168 4338
775 1552
3 152
4 646
4 306
17 657
654 657
14 1042
210 421
4 1042
4 222
11 1034
0 270
1 1104
0 486
501 502
2 57
407 816
30 2365
536 1074
0 187
23 2236
7 2236
9 2236
0 2236
399 405
9 1110
11 497
110 222
0 120
0 151
0 1392
0 230
4 86
77 78
1169 2339
8 9
2 1021
317 318
0 308
5 279
2 762
87 88
6 721
1 1027
11 500
0 89
2 86
12 159
1 733
4 725
2 276
2 497
6 1130
0 456
0 654
776 777
52 53
0 340
237 475
2 142
4 694
0 41
0 90
10 588
5 588
3 588
1 214
2 67
3 588
1 327
2 342
2 588
96 193
2 161
44 90
6 588
6 41
6 322
2 718
2 142
12 567
587 588
1 113
0 120
5 588
4 567
13 588
37 588
12 483
26 588
6 218
586 588
8 282
8 282
293 588
108 218
2 327
11 24
1 274
3 274
2 214
1 142
7 90
44 90
1 228
6 567
0 229
18 567
4 343
3 228
2 327
0 43
8 386
33 694
10 228
4 475
3 588
26 475
20 946
0 475
0 567
1 457
7 327
9 483
4 343
4 116
0 475
113 228
1 342
163 327
279 560
6 229
0 99
6 588
7 43
21 43
0 168
10 141
0 483
7 16
7 588
1 386
8 334
7 588
6 588
8 588
6 588
0 90
17 588
1 271
12 588
12 386
3 67
279 560
170 342
10 454
5 588
7 588
5 211
27 694
7 694
8 228
6 327
12 588
14 752
0 53
1 229
21 588
6 41
0 374
5 334
20 588
18 475
7 110
0 229
1 58
11 588
2 142
7 153
4 334
6 116
58 118
12 588
33 386
3 327
2 142
17 228
77 156
3 588
6 588
1 327
14 343
7 153
13 475
0 588
3 99
0 588
5 588
286 574
1 694
2 90
33 694
0 56
279 560
12 342
7 322
1 752
7 588
21 327
1 193
8 454
1 342
3 67
1 327
14 588
4 229
0 342
2 67
1336 2673
1 211
10 483
4 327
0 228
4 33
480 962
0 1539
0 125
0 120
3 80
1 816
0 554
2 176
5 406
0 66
1 473
0 977
0 844
0 290
7 502
87 88
0 275
7 147
4 515
0 1205
1 1403
0 1695
4 605
32 605
2 1347
9 1347
51 1516
0 295
0 473
0 59
11 1021
19 788
113 228
2 1110
0 88
0 768
1 476
7 337
339 340
26 1695
4 127
1 308
1 378
0 241
3 452
0 284
1 1900
0 1900
1 3101
0 3101
0 6
6 218
662 664
0 158
0 423
24 951
20 951
0 623
0 399
3 1577
0 278
3 214
7 2150
1 2150
0 145
0 404
0 1074
1 336
0 362
4 594
0 216
20 439
4 527
15 1386
2 639
14 762
0 625
1 625
0 725
0 395
0 1036
16 1042
6 393
12 1539
1 368
1 1539
58 117
6 632
1041 1042
10 518
1 567
0 452
1 1071
0 347
4 303
0 120
269 270
0 2237
2235 2237
10 2237
17 2237
5 2237
0 233
775 1552
0 409
0 1230
2 1230
37 853
1 400
0 126
0 446
23 857
0 973
1 274
0 274
1 3390
18 3390
3 3390
0 3390
0 584
15 890
2 626
107 216
0 1346
0 247
143 287
39 79
0 196
19 191
124 7353
75 7353
77 7353
457 7353
14 7353
27 7353
130 7353
18 7353
122 7353
557 7353
2 7353
88 7353
69 7353
191 7353
118 7353
13 7353
5 141
4 2466
2 2466
1 2466
0 2466
1446 1456
93 10604
0 10604
486 10604
27 10604
31 10604
74 10604
8 10604
122 10604
14 10604
69 10604
5 10604
20 10604
40 10604
41 10604
78 10604
16 10604
12 1655
13 1655
0 407
2 1162
6 1162
0 1162
1 1162
10 479
21 623
0 87
1 564
195 391
0 295
0 590
0 508
41 1695
23 47
393 788
12 788
20 788
17 788
393 788
0 788
1 788
10 788
393 788
7 230
1 739
6 436
33 1695
0 247
1 626
13 567
114 115
23 48
0 344
3 684
38 764
1 582
5 1072
2 1862
0 1862
4 369
13 876
1 625
231 233
1 937
0 937
4 937
0 230
1 421
1 272
5 218
3 812
825 826
0 919
2 887
1 1072
11 2339
7 958
1 958
13 1623
9 141
4 792
6 811
2 2330
0 2330
8 247
970 974
12 120
0 182
1 423
0 1967
0 30
4 384
2 549
1141 1153
0 497
5 188
2 498
0 157
3 157
2338 2339
2 950
56 57
0 135
5 473
0 962
0 448
0 163
3 414
3 1161
1 1161
2 1161
0 117
0 96
8 1403
0 1346
1 139
28 1110
4 473
11 318
0 318
2 700
0 162
1 1967
7 1539
1 1539
105 106
0 5662
2 5662
4 5662
2 5662
1 5662
1534 1536
24 1536
11 625
15 2565
13 2565
25 2565
7 2565
5 2565
6 2565
1745 1747
17 384
4 183
3 1249
13 1249
0 87
4 812
8 746
1 2128
2 2128
6 2128
0 473
0 67
1 124
176 178
0 764
1 379
2 2396
0 2396
1 2396
11 890
1 890
2 890
0 38
2 2407
3 2407
0 2407
8 2407
1 735
0 581
1 581
2 385
2 385
12 615
0 139
5 641
2 448
3 1064
2 1064
4 2225
3 89
0 941
0 89
0 1419
0 452
0 80
13 554
1 89
4 1294
24 1294
19 381
11 1948
58 1948
32 1948
216 1948
1 962
4 448
2 352
136 137
1 594
1 1708
0 1708
143 287
0 25
12 816
0 626
0 90
19 2339
0 1536
0 233
1 69
2 319
1 796
0 446
0 527
2 142
1 369
1 153
5 590
1 385
411 413
1 446
0 2395
1 2395
3 404
295 592
19 2163
4 2163
8 2163
27 55
18 191
6 2423
0 2423
5 2423
1 344
2 196
13 452
56 1403
1 1205
2 1205
1 1014
0 294
1 448
4 86
0 395
14 844
0 844
7 303
1358 1360
0 812
106 107
0 562
1 479
5 467
59 1733
10 1733
15 1733
4 80
738 739
0 446
123 247
0 389
0 733
5 215
4 295
16 431
0 175
129 130
186 187
1 135
0 284
12 371
10 330
2 1724
0 1724
1 1724
1 549
5 919
569 1139
0 896
1 896
5 437
51 103
14 264
7 261
0 264
0 648
13 1577
0 1501
5 1501
1 1501
12 617
11 1618
0 285
11 504
9 115
1 48
8 247
1 737
0 223
0 509
1 311
1 594
22 477
0 345
1 733
5 789
0 789
0 605
2 1747
0 347
1487 1511
1500 1511
0 362
145 147
0 307
138 139
137 139
0 382
50 1766
393 788
2 788
5 788
3 788
393 788
0 788
1 788
393 788
4 788
688 694
0 694
4 307
4 174
2 371
6 1077
1 537
88 178
2 103
0 290
23 3159
35 3159
7 3159
5 1331
24 50
0 716
1 508
1899 1909
52 1909
9 1909
4 1618
3 1618
0 384
3 384
0 102
0 94
1 585
5 474
267 535
0 261
294 295
0 169
0 148
4 183
10 876
1 733
5 1787
9 1787
3 1787
3 617
0 1553
2 1553
6 504
1 343
1 632
0 127
8 504
5 1083
2 65
10 1144
5 178
5 172
119 240
215 431
8 919
497 498
1 1618
23 1475
183 368
3 26
4 1965
0 1965
1 1965
5 1965
3 1965
7 1965
12 125
0 175
27 55
20 379
1 229
0 229
1 230
1 1042
0 344
320 323
4 746
12 876
7 479
403 406
2 504
3 171
9 575
12 764
15 1913
1 1913
0 1057
1 269
0 173
5 344
0 772
0 242
0 1695
14 1695
0 382
7 764
0 175
0 94
1 811
0 394
0 1287
0 176
9 139
0 310
0 360
2 230
1 811
1 381
0 1129
4 1129
1 1129
0 638
10 1071
29 1410
56 1410
16 1410
1 811
0 497
18 37
0 285
4 305
1 256
1 360
116 233
616 623
0 1061
259 260
0 452
3 563
9 592
4 144
163 327
0 617
3 337
11 362
364 5976
16 5976
5969 5976
78 5976
110 5976
422 5976
5971 5976
81 5976
128 5976
1073 1075
378 379
22 661
1 162
0 2517
17 431
0 100
1 1386
6 850
1 511
403 405
1 1102
0 1102
0 370
7 196
1 361
6 841
697 698
0 124
0 290
108 218
434 439
13 229
0 349
2 89
0 360
11 333
11 333
2 526
2 122
0 412
1 196
6 874
0 247
6 896
0 338
2 338
0 142
61 1779
889 1779
63 1779
889 1779
4 1238
13 876
1 1853
0 1853
2 1853
3 592
562 564
2 173
21 1539
0 158
1 812
4 584
0 328
4 262
0 816
1 99
6 796
12 404
5 146
2 345
2 464
226 228
272 274
459 919
0 502
0 1110
120 122
4 446
514 518
0 141
9 585
7 561
0 2808
1 1357
707 1416
2 204
5 100
281 563
8 564
0 473
19 1110
0 339
163 327
1 308
22 295
0 587
0 777
3 558
148 149
5 209
278 279
1 962
1 3095
3 3095
0 3095
5 1617
1 1617
2 1617
0 1617
1 318
11 327
2 1767
9 1767
0 1767
1 1767
239 240
0 1071
0 522
0 1618
1 465
0 465
1 465
