378 384
371 375
2 392
556 576
0 576
742 776
10 776
479 511
2197 2287
2216 2287
693 745
0 745
37 914
1 338
423 448
662 691
684 691
180 183
893 914
1118 1155
1144 1155
1013 1155
7 1155
4 1155
1327 1370
27 1623
7386 7389
7370 7389
7286 7389
12 7389
123 7389
7379 7389
7258 7389
1 7389
43 7389
7324 7389
7076 7389
2328 2339
542 615
1273 1288
166 176
1256 1265
1185 1265
1229 1265
148 150
71 79
8 1983
1955 1983
6 1983
1943 1983
19 269
349 397
57 1208
5 1208
180 1208
1463 1474
237 240
1 448
556 558
1065 1113
9 1113
0 79
302 305
399 400
373 388
563 590
1390 1483
3 152
148 152
793 796
1487 1536
0 805
270 276
327 328
1264 1267
1263 1267
1257 1267
1191 1267
1266 1267
0 522
190 198
954 1013
17 1013
144 152
1291 1303
992 1008
970 1008
5 327
547 562
1 737
3 737
254 264
5 175
42 44
68 89
1847 1913
1823 1913
1465 1539
972 973
851 855
299 301
91 7645
9 7645
7644 7645
7158 7645
104 7645
7634 7645
7643 7645
7632 7645
7637 7645
16 7645
4 7645
7606 7645
7494 7645
7512 7645
7332 7645
7470 7645
220 7645
7291 7645
7441 7645
7585 7645
8905 9306
9007 9306
9063 9306
9300 9306
9296 9306
125 9306
9305 9306
9304 9306
9217 9306
182 9306
6 9306
9301 9306
9141 9306
9166 9306
9302 9306
9261 9306
9270 9306
419 9306
3727 3760
108 3760
3758 3760
3759 3760
3753 3760
3728 3760
3720 3760
3757 3760
678 689
278 295
1445 1454
1451 1454
26 1454
6 1454
620 626
200 203
400 405
787 794
792 794
837 844
572 657
1101 1110
148 150
2 1071
0 812
0 812
0 422
888 896
394 395
4 2339
0 135
284 324
2 721
69 79
195 204
5 811
1 368
0 380
0 380
0 384
2 152
0 98
66 68
10 446
0 777
1 777
3 884
879 884
1512 1514
841 876
325 348
0 169
655 663
661 663
301 303
237 240
438 441
1450 1474
0 733
1 1077
367 404
11 973
132 138
16 1618
545 567
872 876
157 176
1 2150
2081 2150
872 876
1 311
1503 1597
1456 1597
1554 1597
1516 1597
613 618
0 98
181 184
765 776
732 776
495 497
56 57
368 392
667 670
590 670
373 392
1 511
2 247
793 876
1 344
899 965
1527 1539
483 509
204 215
171 176
203 215
203 215
1365 1386
275 283
2 764
462 465
780 792
10122 10782
10226 10782
10579 10782
2 10782
10657 10782
9983 10782
10650 10782
10520 10782
9855 10782
377 10782
10595 10782
10757 10782
10765 10782
10766 10782
10729 10782
10404 10782
345 10782
10237 10782
10661 10782
10339 10782
10531 10782
10420 10782
28 10782
10767 10782
10595 10782
10654 10782
207 224
728 767
2 144
31 540
2475 2510
34 2510
6 269
2 269
1246 1269
0 1269
16 919
1 782
407 448
0 931
882 931
2 247
86 89
2032 2038
12 2038
15 2038
429 446
717 737
1890 1898
1891 1898
16 584
1340 1360
9 2257
3 2257
1685 1695
2336 2339
1066 1072
685 746
701 746
2046 2150
2104 2150
3385 3410
3326 3410
3362 3410
721 746
2089 2150
2119 2150
748 764
723 746
425 456
583 590
2306 2449
2448 2449
185 191
760 777
15 266
1005 1027
898 976
866 976
13 3000
2991 3000
5 3000
19 3000
9 3000
2876 3000
3 202
0 456
756 777
368 381
3 295
185 186
440 441
0 94
58 68
22 287
237 240
3 142
238 240
2 655
1034 1197
5 2831
4 2831
2 2831
3 2831
3 1331
4204 4210
4208 4210
4119 4210
4205 4210
4187 4210
4186 4210
68 4210
3791 4210
4207 4210
4206 4210
4148 4210
1 20
200 209
0 677
633 677
3 1547
1521 1547
887 888
886 888
338 344
389 413
894 1012
880 1012
919 1012
263 269
0 467
500 504
1045 1110
516 585
2099 2128
2007 2128
2051 2128
930 960
1399 1483
1478 1536
1506 1536
1104 1110
0 1069
55 1069
1067 1069
1009 1014
784 811
1080 1110
422 423
0 93
170 183
376 384
711 724
2346 2375
2282 2375
2307 2375
166 178
772 788
776 788
783 788
768 788
775 788
781 788
766 788
770 788
769 788
155 203
218 226
3 4949
4782 4949
166 4949
13 4949
4887 4949
37 4949
124 4949
115 120
31 2150
2105 2150
2090 2150
641 653
650 689
4 2955
0 2955
2934 2955
2 2955
2920 2955
2907 2955
2933 2955
8 1695
428 439
429 439
223 225
13 2163
28 2163
12325 13875
13645 13875
9 13875
23 13875
36 13875
13351 13875
13602 13875
13525 13875
13045 13875
13287 13875
12743 13875
13508 13875
13780 13875
13840 13875
6 2339
216 222
148 150
7 1164
1 1164
1090 1164
1 2347
0 2347
3 2347
2 2347
629 633
8 384
3081 3126
2968 3126
3096 3126
3064 3126
2660 3126
3023 3126
3052 3126
1067 1078
1077 1078
8 1078
255 267
0 1926
495 526
809 812
815 858
3 5657
13 5657
97 5657
2 5657
5583 5657
9 5657
5250 5657
5618 5657
1041 1042
422 423
201 218
151 172
1123 1307
100 1021
378 384
399 400
237 240
224 247
157 176
0 247
106 124
607 618
1 247
1512 1708
18 1708
19 1708
6 1708
748 762
739 762
1 152
364 371
263 264
437 442
441 442
387 389
14 5642
19 5642
31 5642
281 5642
18 5642
5 5642
5623 5642
411 416
15 223
85 86
498 543
0 1403
6 1403
626 679
2301 2517
0 87
644 689
2 336
0 89
143 153
17 1403
1958 1963
1947 1963
1906 2002
1856 2002
1996 2002
146 147
146 147
156 163
263 264
12 1539
258 264
558 590
174 181
220 241
13 465
601 764
620 764
731 764
256 295
1640 1652
1628 1652
1953 1967
85 86
0 1110
1 1183
2 1183
1100 1183
852 876
386 389
1091 1124
1070 1124
0 1014
918 961
7 961
1 961
3 526
0 359
5 1130
0 257
1364 1386
64 842
1000 1042
9 257
2295 2403
2116 2403
2313 2403
102 106
372 375
8 617
268 270
269 270
338 340
301 327
7 380
507 518
586 587
584 587
2 384
400 424
263 264
5 699
1253 1317
1311 1317
1295 1317
117 120
0 594
0 538
0 603
14 1130
0 344
237 240
5 1241
120 122
849 855
1890 1898
1896 1898
1880 1898
1884 1898
378 384
13 17
903 914
17 777
158 163
4675 4713
4629 4713
4697 4713
4100 4713
4699 4713
4449 4713
42 44
2111 2150
2091 2150
1 2150
4 2150
392 402
245 266
756 781
751 781
3 781
772 781
661 664
680 689
0 874
790 796
795 796
1378 1464
1412 1464
1438 1464
539 548
380 382
0 233
2 663
245 257
495 506
4 1012
237 257
549 626
352 371
7 782
3511 3816
3807 3816
3767 3816
3726 3816
3756 3816
3808 3816
134 3816
338 340
1285 1347
1324 1347
147 149
526 554
312 364
311 364
278 295
25 435
678 695
3 1247
5 1247
385 423
902 914
1 265
618 631
629 631
185 186
511 518
159 171
494 511
405 431
7 2308
1 2308
2174 2303
11 2303
21 145
2 145
11 145
0 467
505 518
401 405
315 318
412 423
299 324
387 389
7 8726
8687 8726
8215 8726
12 8726
8359 8726
8620 8726
8329 8726
8500 8726
8719 8726
8722 8726
4 8726
25 8726
8309 8726
412 422
99 108
438 456
871 1036
881 1036
367 391
335 344
645 679
2 154
10 397
0 3066
2 3066
3056 3066
1181 1214
1179 1214
1491 1595
1482 1595
755 764
0 457
0 368
0 376
196 209
203 209
1 1191
0 1191
591 592
376 378
129 141
387 389
443 446
255 264
509 526
1080 1110
765 12734
494 12734
12733 12734
141 12734
12659 12734
12522 12734
308 12734
12318 12734
12301 12734
56 12734
19 12734
10 12734
250 12734
72 12734
12051 12734
99 12734
51 12734
12333 12734
202 203
0 89
624 653
20 295
0 841
0 441
380 384
861 876
1189 1264
1231 1264
1258 1264
2 404
8 1483
0 1110
540 590
565 590
259 264
106 107
4 1386
143 148
0 89
9 842
460 461
8 669
664 669
16 737
688 699
2 423
9 737
106 107
106 107
140 148
441 473
25 2629
2451 2629
17 2629
2615 2629
370 384
1587 1589
1559 1589
1535 1589
2 113
2651 2696
2678 2696
18 2696
744 774
2 664
925 987
984 987
985 987
52 4344
4214 4344
3959 4344
4085 4344
6 4344
147 4344
4096 4344
214 222
591 626
1315 1376
1313 1376
1135 1376
1346 1376
557 558
678 680
668 680
231 234
10 177
11 177
380 384
433 441
426 441
1 376
1493 1511
1470 1511
0 522
521 522
0 169
3 737
2 664
466 479
2133 2238
2227 2238
2088 2238
1 2238
1065 1074
3 737
752 762
2456 2517
746 788
2299 2300
2274 2300
752 762
605 618
180 183
269 270
2 558
251 252
287 295
8 1913
1871 1913
652 656
3 656
653 656
238 240
412 423
11 764
370 373
433 446
1 357
374 423
0 632
569 590
535 562
428 456
0 9
293 587
549 562
961 1014
676 774
0 404
519 567
3 1407
563 594
661 690
647 690
238 250
126 127
294 295
8 2725
28 2725
26 2725
15 2725
30 2725
4 442
405 442
498 518
499 508
5 269
267 269
36 38
76 6094
24 6094
8 6094
14 6094
5668 6094
1319 1370
2728 2737
2526 2737
1365 1409
486 526
432 465
323 339
924 960
919 960
373 382
17 295
0 404
1 431
1510 1536
552 615
0 844
0 308
461 504
8 560
602 730
0 730
648 764
1600 1701
237 240
233 283
593 596
9 392
87 2339
1 2339
2 303
428 461
549 563
6 438
102 122
26 980
57 980
798 845
591 665
8 378
330 352
872 889
875 889
185 189
395 431
744 751
492 526
1948 1955
1928 1955
1949 1955
1940 1955
1804 1955
1950 1955
67 9453
9286 9453
74 9453
71 9453
9188 9453
116 9453
2 9453
60 9453
57 9453
82 9453
43 9453
134 9453
23 9453
35 9453
232 9453
3468 3604
3487 3604
67 3604
3455 3604
33 3604
2945 2982
2939 2982
2980 2982
2935 2982
2815 2982
10 1152
479 499
0 181
1 181
226 249
605 613
384 395
520 575
110 122
1044 1114
1096 1114
1 283
4 283
5 241
2 55
647 655
86 1887
1872 1887
37 1887
7508 7512
7473 7512
7500 7512
7478 7512
6785 7512
7370 7512
7498 7512
6993 7512
6964 7512
7227 7512
7434 7512
7507 7512
7423 7512
7256 7512
7255 7512
312 328
8 623
3 106
72 82
2 305
185 196
137 151
3 439
318 328
1985 2031
75 4370
71 4370
53 4370
65 4370
31 4370
93 4370
27 4370
25 4370
325 340
0 360
0 269
0 413
824 887
175 187
2 187
1 534
1507 1539
34 726
251 257
192 202
743 764
748 764
439 473
6 729
7 729
3 729
172 174
2 593
1 326
8 282
57 59
6 2849
67 2849
4 2849
39 2849
185 225
367 435
10 435
0 522
0 146
477 479
14 399
2 587
553 562
772 788
780 788
782 788
775 788
777 788
779 788
768 788
773 788
776 788
15 473
11 473
1480 1528
0 1528
17 1904
1757 1904
718 733
213 219
2338 2417
2415 2417
14 594
4 594
8 594
9 620
3 620
1 476
16 476
0 405
1599 1695
86 91
1 91
0 1223
1 1223
3 1223
468 479
314 328
10 1879
4 1879
4805 4834
6 4834
4809 4834
4831 4834
20 4834
22 4834
143 145
727 739
8 336
331 361
165 177
371 413
731 759
190 191
187 191
4 240
229 233
175 177
142 176
1 318
29 807
30 807
742 761
408 446
0 931
879 931
0 1074
2 812
236 287
721 764
1042 1043
2 857
2 922
0 558
10 558
220 279
133 173
117 130
466 617
4 617
1599 1707
1702 1707
6 4275
93 4275
4246 4275
4021 4275
4081 4275
0 1149
1086 1149
1105 1149
2951 2971
2956 2971
2 336
1 318
1022 1026
0 92
84 92
300 311
148 161
747 774
125 127
375 379
386 400
421 428
0 381
548 562
471 497
392 393
0 279
319 323
368 395
12 223
0 362
487 509
4 2434
644 716
2 388
215 233
0 484
477 484
475 484
9 1075
29 1075
1020 1075
1040 1075
0 118
0 114
813 844
794 844
278 306
1702 1742
1658 1742
1685 1742
437 441
626 655
671 764
32 509
3662 3737
105 3737
3 3737
2 3737
496 562
2068 2181
0 338
0 40
324 379
402 405
437 474
13 98
1110 1143
1 368
676 699
0 343
10 126
2 1644
1643 1644
6 767
672 767
3 767
1 20
273 310
0 354
0 61
258 297
638 727
382 395
1548 1618
223 233
1 381
4 473
17 217
2 152
677 768
9 171
1 567
1 301
3 461
774 788
780 788
784 788
775 788
777 788
781 788
769 788
773 788
776 788
401 405
644 653
5 139
6 324
958 973
1234 1386
629 633
652 664
1489 1618
383 395
0 295
336 344
226 230
2067 2219
378 385
5 527
0 1926
0 1926
541 548
1 919
693 699
464 472
317 327
0 821
679 821
686 821
0 526
2 567
24 1012
1 1012
2 1012
550 562
19 739
3 266
200 227
0 241
624 635
372 391
0 177
1 407
428 435
492 535
3 527
7 371
363 371
0 240
9 57
269 297
251 262
338 361
1289 1312
71 84
260 287
504 509
582 585
505 592
759 812
2041 2339
269 290
0 948
1 948
416 448
966 973
2 360
387 389
1614 1646
1 2101
18 2101
5 2101
2002 2101
858 876
410 472
19 265
36 777
7 502
3 137
181 209
2 144
166 183
0 370
127 135
114 120
911 962
674 721
107 114
2899 3218
1704 1747
1 231
1048 1110
130 153
273 290
13 397
314 325
304 319
359 382
42 5267
30 5267
23 5267
19 5267
97 5267
37 5267
59 5267
102 5267
9 5267
13 5267
15 5267
0 5267
24 5267
50 5267
2 1034
971 1034
21 2191
9 2191
7 247
5 247
40 1416
59 1027
4 319
1 1042
5 384
2 163
0 127
5 484
5 900
1 544
5 265
5 368
1 930
2244 2416
2253 2416
2200 2416
816 919
392 407
1 382
0 247
4 233
1 1183
4 1183
1122 1183
5 1185
10 382
313 340
7 3763
4 3763
176 177
467 477
138 141
5 242
1 295
2 295
2 395
561 615
1 308
4 1695
458 511
195 227
252 257
2198 2339
372 395
0 359
728 761
233 257
173 176
12 336
188 195
356 365
238 240
223 230
173 196
318 338
1098 1116
1106 1116
3 1124
0 300
1575 1623
853 906
51 57
0 188
25 1057
0 233
666 721
314 318
727 735
685 699
0 446
0 310
0 165
437 465
985 1130
669 679
6 392
318 348
1818 1898
1871 1898
0 472
946 950
949 950
934 950
190 191
11 1695
321 324
269 282
4 861
68 1695
10 360
930 960
352 388
0 1701
452 453
451 453
241 247
1 461
294 295
967 1042
496 549
1 319
37 1110
2282 2517
42 866
2 866
112 141
0 387
2 48
1696 1791
1633 1791
15 511
260 275
12 286
405 423
141 191
6 950
506 509
0 861
331 364
318 364
369 378
3493 3651
308 364
314 364
272 298
664 679
3 654
176 177
600 605
5 392
2 392
14 569
0 43
388 414
267 272
314 327
1924 2050
65 2050
10 2050
597 617
1 927
17 1268
3 1268
7 1268
4 1413
147 157
5 317
769 790
754 790
4 812
1042 1077
567 584
4 562
1333 1360
1594 1695
383 405
563 587
126 127
16 1592
1 1592
4 1719
3 1719
2 1719
547 548
512 548
190 195
337 352
2 1043
2673 2703
2675 2703
2683 2703
2664 2703
1093 1165
391 395
2 1323
4 1323
1 1323
10 1323
5 1323
0 118
141 165
592 663
419 451
0 1536
1516 1526
1465 1526
1518 1526
0 116
26 327
2 587
121 139
4 325
1163 1288
0 116
7 240
209 217
29 712
22 1386
2329 2339
2462 2517
13 381
3 284
163 183
20 295
0 2517
1973 2339
448 465
0 247
2351 2517
0 55
255 281
220 247
1341 1360
432 461
3528 3761
567 590
4 594
19 378
1496 1539
7 108
151 4338
35 1552
1 152
14 646
2 306
656 657
649 657
948 1042
418 421
1038 1042
214 222
1011 1034
262 270
2 1104
0 486
485 502
56 57
773 816
42 2365
8 1074
0 187
2224 2236
2212 2236
2169 2236
0 2236
402 405
1027 1110
483 497
213 222
117 120
0 151
0 1392
0 230
85 86
75 78
2191 2339
8 9
994 1021
313 318
5 308
16 279
752 762
87 88
2 721
12 1027
495 500
1 89
0 86
155 159
709 733
698 725
0 276
483 497
1118 1130
442 456
0 654
755 777
52 53
324 340
469 475
0 142
655 694
40 41
82 90
587 588
586 588
579 588
213 214
66 67
567 588
1 327
1 342
0 588
191 193
151 161
2 90
566 588
40 41
306 322
3 718
131 142
542 567
557 588
1 113
0 120
578 588
488 567
22 588
583 588
446 483
585 588
190 218
586 588
0 282
0 282
559 588
198 218
323 327
23 24
271 274
15 274
201 214
1 142
1 90
77 90
0 228
547 567
4 229
538 567
332 343
3 228
298 327
1 43
2 386
655 694
200 228
0 475
566 588
445 475
32 946
1 475
529 567
419 457
12 327
1 483
20 343
108 116
446 475
1 228
13 342
23 327
518 560
31 229
98 99
554 588
5 43
5 43
0 168
3 141
16 483
15 16
13 588
0 386
20 334
2 588
1 588
4 588
2 588
1 90
574 588
0 271
587 588
3 386
0 67
532 560
8 342
450 454
582 588
42 588
3 211
644 694
2 694
26 228
316 327
587 588
705 752
50 53
221 229
575 588
36 41
368 374
311 334
4 588
1 475
1 110
227 229
55 58
583 588
0 142
141 153
2 334
111 116
116 118
586 588
3 386
11 327
137 142
210 228
3 156
5 588
4 588
1 327
332 343
2 153
13 475
1 588
98 99
1 588
0 588
544 574
644 694
0 90
31 694
0 56
518 560
2 342
22 322
0 752
586 588
301 327
188 193
1 454
0 342
66 67
0 327
13 588
1 229
0 342
66 67
32 2673
188 211
441 483
323 327
226 228
4 33
847 962
1511 1539
0 125
0 120
69 80
0 816
0 554
1 176
400 406
0 66
421 473
0 977
0 844
0 290
476 502
87 88
2 275
144 147
445 515
0 1205
0 1403
1646 1695
553 605
602 605
1324 1347
1270 1347
1504 1516
0 295
464 473
0 59
973 1021
763 788
222 228
1097 1110
87 88
0 768
2 476
336 337
332 340
1651 1695
126 127
0 308
370 378
0 241
4 452
0 284
1 1900
0 1900
10 3101
0 3101
4 6
203 218
648 664
0 158
404 423
934 951
950 951
540 623
0 399
1528 1577
264 278
3 214
2073 2150
2067 2150
142 145
1 404
0 1074
319 336
0 362
4 594
0 216
399 439
484 527
1363 1386
0 639
744 762
1 625
0 625
0 725
0 395
0 1036
953 1042
370 393
1476 1539
349 368
1481 1539
104 117
564 632
1023 1042
0 518
2 567
431 452
2 1071
335 347
0 303
0 120
269 270
2023 2237
2232 2237
2208 2237
2165 2237
0 2237
195 233
18 1552
0 409
0 1230
2 1230
852 853
388 400
0 126
444 446
33 857
0 973
1 274
0 274
2 3390
96 3390
3 3390
4 3390
0 584
815 890
609 626
13 216
0 1346
0 247
17 287
75 79
0 196
185 191
7055 7353
7348 7353
6362 7353
7024 7353
7241 7353
8 7353
7100 7353
7264 7353
7351 7353
6512 7353
7288 7353
6888 7353
7320 7353
6821 7353
7136 7353
1 7353
137 141
2374 2466
2388 2466
2434 2466
2360 2466
1362 1456
10492 10604
10546 10604
10597 10604
16 10604
10532 10604
10588 10604
10286 10604
10023 10604
10530 10604
10527 10604
0 10604
10204 10604
10394 10604
9517 10604
9971 10604
10270 10604
1642 1655
1635 1655
0 407
1147 1162
1144 1162
1127 1162
1141 1162
468 479
580 623
0 87
537 564
8 391
0 295
0 590
494 508
1667 1695
1 47
770 788
779 788
780 788
772 788
776 788
785 788
778 788
766 788
774 788
223 230
665 739
425 436
1635 1695
0 247
601 626
566 567
114 115
1 48
323 344
625 684
15 764
568 582
965 1072
1807 1862
18 1862
329 369
872 876
0 625
217 233
924 937
931 937
862 937
0 230
1 421
267 272
198 218
797 812
812 826
0 919
5 887
1 1072
116 2339
922 958
908 958
18 1623
138 141
783 792
801 811
0 2330
3 2330
2 247
7 974
118 120
0 182
406 423
0 1967
0 30
364 384
505 549
1122 1153
0 497
182 188
454 498
155 157
146 157
2326 2339
1 950
56 57
1 135
444 473
0 962
438 448
0 163
377 414
12 1161
2 1161
1 1161
0 117
1 96
1325 1403
0 1346
1 139
1097 1110
470 473
10 318
0 318
661 700
159 162
23 1967
1477 1539
1387 1539
100 106
6 5662
1 5662
7 5662
5 5662
11 5662
1465 1536
4 1536
605 625
2496 2565
2477 2565
2516 2565
2228 2565
2515 2565
2406 2565
1746 1747
383 384
168 183
1221 1249
1237 1249
0 87
747 812
725 746
2108 2128
1983 2128
2059 2128
469 473
0 67
120 124
154 178
0 764
1 379
2366 2396
0 2396
1 2396
870 890
881 890
872 890
0 38
5 2407
10 2407
2344 2407
2 2407
695 735
575 581
540 581
2 385
3 385
0 615
2 139
634 641
20 448
1029 1064
1063 1064
2124 2225
83 89
0 941
69 89
0 1419
419 452
75 80
516 554
0 89
1293 1294
1238 1294
29 381
1923 1948
1947 1948
1945 1948
1939 1948
27 962
414 448
1 352
135 137
4 594
1574 1708
0 1708
272 287
0 25
809 816
612 626
82 90
2071 2339
0 1536
220 233
62 69
311 319
783 796
443 446
487 527
0 142
347 369
142 153
584 590
0 385
405 413
2 446
2189 2395
2174 2395
373 404
295 592
2064 2163
2035 2163
2124 2163
0 55
188 191
2214 2423
2272 2423
2419 2423
333 344
186 196
445 452
1347 1403
2 1205
1 1205
953 1014
287 294
430 448
85 86
0 395
840 844
801 844
0 303
1333 1360
0 812
102 107
0 562
472 479
446 467
1730 1733
1696 1733
1720 1733
71 80
685 739
411 446
222 247
385 389
0 733
202 215
2 295
0 431
168 175
129 130
185 187
2 135
0 284
362 371
290 330
1659 1724
1 1724
72 1724
488 549
908 919
1079 1139
0 896
1 896
3 437
0 103
249 264
0 261
2 264
632 648
1528 1577
1439 1501
1472 1501
1457 1501
557 617
1605 1618
283 285
4 504
114 115
47 48
241 247
728 737
0 223
471 509
302 311
572 594
465 477
333 345
3 733
745 789
14 789
0 605
1680 1747
342 347
1505 1511
1503 1511
0 362
146 147
274 307
138 139
137 139
347 382
1719 1766
774 788
776 788
781 788
766 788
777 788
780 788
768 788
771 788
769 788
690 694
682 694
305 307
170 174
343 371
1015 1077
528 537
5 178
101 103
275 290
3129 3159
3088 3159
3096 3159
1310 1331
6 50
1 716
16 508
1905 1909
1891 1909
1900 1909
1532 1618
1554 1618
0 384
0 384
0 102
93 94
0 585
421 474
520 535
0 261
294 295
0 169
147 148
9 183
854 876
2 733
1 1787
1759 1787
1785 1787
555 617
0 1553
2 1553
3 504
1 343
556 632
0 127
501 504
1071 1083
63 65
1042 1144
161 178
1 172
4 240
403 431
917 919
483 498
2 1618
1457 1475
350 368
24 26
135 1965
22 1965
2 1965
12 1965
3 1965
26 1965
123 125
171 175
48 55
356 379
0 229
1 229
212 230
1 1042
336 344
320 323
719 746
872 876
468 479
404 406
486 504
161 171
535 575
744 764
1855 1913
1828 1913
1001 1057
234 269
0 173
329 344
0 772
0 242
1611 1695
1658 1695
380 382
724 764
163 175
90 94
0 811
0 394
0 1287
165 176
137 139
267 310
6 360
218 230
4 811
0 381
0 1129
1094 1129
1077 1129
0 638
1067 1071
11 1410
1402 1410
1408 1410
0 811
484 497
32 37
278 285
302 305
12 256
1 360
231 233
604 623
915 1061
246 260
436 452
552 563
590 592
0 144
304 327
0 617
336 337
361 362
5931 5976
5393 5976
5959 5976
5562 5976
20 5976
5974 5976
5593 5976
5891 5976
5882 5976
1052 1075
360 379
639 661
160 162
32 2517
8 431
93 100
0 1386
806 850
459 511
402 405
1093 1102
0 1102
1 370
185 196
1 361
832 841
696 698
0 124
0 290
217 218
429 439
212 229
0 349
2 89
0 360
328 333
327 333
6 526
120 122
0 412
187 196
0 874
11 247
889 896
2 338
1 338
1 142
1777 1779
1702 1779
1746 1779
1709 1779
1181 1238
873 876
1804 1853
1832 1853
1734 1853
519 592
543 564
143 173
1474 1539
140 158
788 812
582 584
306 328
245 262
4 816
95 99
5 796
371 404
135 146
343 345
1 464
224 228
240 274
841 919
500 502
1091 1110
110 122
440 446
489 518
124 141
518 585
560 561
2749 2808
1334 1357
106 1416
3 204
0 100
10 563
0 564
462 473
3 1110
0 339
271 327
2 308
266 295
1 587
653 777
556 558
147 149
189 209
244 279
903 962
2 3095
3 3095
4 3095
13 1617
3 1617
0 1617
19 1617
316 318
324 327
1691 1767
1719 1767
1755 1767
1696 1767
238 240
984 1071
6 522
0 1618
442 465
431 465
448 465
