2 384
14 375
2 392
1 576
0 576
14 776
7 776
4 511
33 2287
14 2287
33 745
6 745
2 914
8 338
1 448
0 691
2 691
0 183
30 914
4 1155
1154 1155
577 1155
6 1155
7 1155
1368 1370
13 1623
7388 7389
45 7389
1 7389
2 7389
4 7389
21 7389
62 7389
8 7389
53 7389
5 7389
274 7389
13 2339
3 615
1 1288
174 176
11 1265
5 1265
15 1265
22 150
0 79
0 1983
1 1983
4 1983
5 1983
2 269
7 397
1 1208
0 1208
7 1208
17 1474
239 240
1 448
1 558
1 1113
0 1113
0 79
304 305
399 400
4 388
3 590
58 1483
3 152
2 152
21 796
45 1536
0 805
0 276
326 328
1266 1267
1265 1267
1253 1267
6 1267
1264 1267
0 522
2 198
2 1013
1 1013
4 152
0 1303
9 1008
0 1008
3 327
2 562
8 737
3 737
3 264
4 175
0 44
0 89
29 1913
7 1913
8 1539
972 973
850 855
2 301
41 7645
17 7645
7644 7645
14 7645
66 7645
364 7645
7642 7645
7640 7645
7641 7645
19 7645
3 7645
272 7645
27 7645
407 7645
239 7645
617 7645
23 7645
67 7645
205 7645
824 7645
1013 9306
0 9306
301 9306
1178 9306
836 9306
21 9306
9305 9306
9300 9306
105 9306
215 9306
9 9306
9299 9306
1219 9306
67 9306
9304 9306
45 9306
95 9306
2 9306
102 3760
26 3760
3757 3760
3759 3760
3751 3760
51 3760
98 3760
3756 3760
685 689
4 295
6 1454
0 1454
2 1454
9 1454
624 626
0 203
404 405
793 794
1 794
842 844
328 657
1109 1110
2 150
1 1071
0 812
0 812
0 422
3 896
390 395
1 2339
0 135
0 324
0 721
4 79
203 204
3 811
1 368
0 380
0 380
3 384
3 152
0 98
8 68
3 446
0 777
0 777
1 884
12 884
3 1514
15 876
6 348
0 169
2 663
7 663
10 303
8 240
440 441
1470 1474
0 733
3 1077
1 404
0 973
137 138
13 1618
0 567
11 876
3 176
0 2150
21 2150
10 876
5 311
14 1597
12 1597
18 1597
1592 1597
0 618
0 98
183 184
5 776
3 776
496 497
5 57
6 392
668 670
4 670
9 392
0 511
3 247
0 876
1 344
1 965
9 1539
1 509
214 215
171 176
5 215
6 215
1385 1386
281 283
28 764
464 465
790 792
407 10782
70 10782
499 10782
3 10782
16 10782
14 10782
551 10782
7 10782
6 10782
12 10782
57 10782
231 10782
10781 10782
428 10782
267 10782
9 10782
4 10782
74 10782
243 10782
736 10782
0 10782
226 10782
8 10782
457 10782
57 10782
13 10782
0 224
7 767
9 144
36 540
1 2510
2 2510
35 269
5 269
2 1269
0 1269
0 919
0 782
1 448
1 931
0 931
2 247
3 89
2 2038
0 2038
1 2038
1 446
15 737
1 1898
9 1898
24 584
1358 1360
2 2257
1 2257
1690 1695
7 2339
1061 1072
0 746
0 746
1 2150
11 2150
4 3410
6 3410
77 3410
6 746
1 2150
31 2150
29 764
5 746
0 456
7 590
1 2449
23 2449
185 191
1 777
5 266
48 1027
3 976
33 976
4 3000
125 3000
7 3000
106 3000
8 3000
46 3000
8 202
1 456
6 777
25 381
3 295
184 186
439 441
1 94
33 68
5 287
9 240
70 142
239 240
3 655
7 1197
6 2831
5 2831
4 2831
2 2831
0 1331
4209 4210
294 4210
49 4210
245 4210
9 4210
106 4210
7 4210
13 4210
4174 4210
241 4210
123 4210
5 20
2 209
0 677
1 677
1 1547
0 1547
884 888
54 888
343 344
9 413
2 1012
0 1012
3 1012
17 269
3 467
501 504
72 1110
0 585
19 2128
25 2128
22 2128
8 960
13 1483
1534 1536
1535 1536
1108 1110
9 1069
15 1069
13 1069
1013 1014
792 811
5 1110
1 423
0 93
7 183
0 384
1 724
3 2375
14 2375
13 2375
177 178
10 788
2 788
5 788
4 788
21 788
0 788
1 788
9 788
3 788
0 203
3 226
4 4949
27 4949
3 4949
17 4949
23 4949
20 4949
24 4949
1 120
28 2150
15 2150
25 2150
10 653
686 689
5 2955
2 2955
11 2955
3 2955
75 2955
60 2955
0 2955
5 1695
49 439
432 439
7 225
3 2163
2 2163
64 13875
20 13875
1 13875
7 13875
9 13875
26 13875
4 13875
22 13875
29 13875
28 13875
1694 13875
45 13875
150 13875
16 13875
16 2339
4 222
149 150
5 1164
0 1164
3 1164
1 2347
3 2347
2 2347
4 2347
631 633
0 384
160 3126
9 3126
13 3126
4 3126
1 3126
94 3126
51 3126
2 1078
0 1078
3 1078
0 267
0 1926
23 526
811 812
29 858
3 5657
7 5657
4 5657
5 5657
0 5657
1 5657
21 5657
419 5657
9 1042
4 423
0 218
7 172
39 1307
133 1021
0 384
399 400
17 240
8 247
1 176
1 247
4 124
4 618
1 247
0 1708
6 1708
3 1708
1 1708
6 762
0 762
2 152
368 371
2 264
47 442
441 442
1 389
60 5642
13 5642
27 5642
243 5642
38 5642
29 5642
78 5642
2 416
7 223
1 86
7 543
3 1403
2 1403
16 679
1 2517
0 87
670 689
9 336
0 89
2 153
28 1403
1962 1963
1945 1963
1 2002
4 2002
2000 2002
146 147
146 147
158 163
263 264
1 1539
6 264
11 590
0 181
240 241
3 465
51 764
49 764
763 764
6 295
1648 1652
1636 1652
1965 1967
3 86
0 1110
3 1183
1 1183
0 1183
0 876
0 389
0 1124
1 1124
3 1014
0 961
2 961
5 961
0 526
0 359
19 1130
1 257
51 1386
18 842
17 1042
0 257
17 2403
23 2403
5 2403
105 106
374 375
6 617
18 270
269 270
339 340
2 327
6 380
2 518
586 587
12 587
0 384
0 424
12 264
7 699
33 1317
43 1317
7 1317
2 120
7 594
0 538
0 603
35 1130
2 344
15 240
1 1241
121 122
7 855
0 1898
3 1898
0 1898
2 1898
3 384
0 17
15 914
0 777
4 163
31 4713
2 4713
4665 4713
366 4713
123 4713
0 4713
1 44
1 2150
14 2150
1 2150
2 2150
2 402
261 266
1 781
2 781
0 781
10 781
663 664
685 689
1 874
1 796
792 796
84 1464
20 1464
21 1464
540 548
0 382
14 233
2 663
7 257
7 506
10 1012
4 257
1 626
7 371
40 782
0 3816
3797 3816
37 3816
19 3816
92 3816
102 3816
31 3816
339 340
3 1347
2 1347
1 149
2 554
2 364
6 364
291 295
39 435
3 695
3 1247
2 1247
6 423
14 914
0 265
0 631
61 631
4 186
503 518
8 171
37 511
41 431
5 2308
1 2308
11 2303
2 2303
2 145
1 145
6 145
1 467
517 518
404 405
8 318
7 423
5 324
388 389
6 8726
8713 8726
74 8726
9 8726
212 8726
8725 8726
62 8726
507 8726
8711 8726
8697 8726
0 8726
13 8726
1 8726
11 422
4 108
0 456
0 1036
1 1036
19 391
0 344
666 679
2 154
198 397
3 3066
1 3066
3062 3066
12 1214
1182 1214
6 1595
50 1595
763 764
0 457
0 368
0 376
3 209
208 209
2 1191
1 1191
0 592
377 378
131 141
1 389
0 446
6 264
1 526
1 1110
6366 12734
17 12734
23 12734
79 12734
190 12734
104 12734
6366 12734
31 12734
7 12734
189 12734
66 12734
66 12734
76 12734
68 12734
78 12734
285 12734
161 12734
96 12734
202 203
2 89
7 653
12 295
0 841
0 441
7 384
0 876
33 1264
91 1264
31 1264
0 404
1 1483
0 1110
7 590
3 590
2 264
0 107
4 1386
146 148
0 89
7 842
460 461
0 669
2 669
5 737
4 699
3 423
3 737
0 107
0 107
143 148
6 473
2 2629
14 2629
8 2629
11 2629
2 384
0 1589
13 1589
2 1589
3 113
2666 2696
2695 2696
1 2696
770 774
27 664
953 987
985 987
986 987
33 4344
4335 4344
2 4344
1 4344
0 4344
10 4344
629 4344
16 222
15 626
1307 1376
0 1376
8 1376
1363 1376
0 558
679 680
671 680
3 234
3 177
10 177
21 384
7 441
38 441
2 376
3 1511
28 1511
6 522
0 522
0 169
0 737
31 664
15 479
5 2238
1 2238
6 2238
2 2238
8 1074
10 737
1 762
5 2517
21 788
2298 2300
16 2300
761 762
4 618
0 183
269 270
6 558
0 252
33 295
10 1913
48 1913
654 656
3 656
11 656
239 240
0 423
49 764
372 373
0 446
1 357
6 423
0 632
1 590
7 562
12 456
0 9
293 587
561 562
5 1014
12 774
0 404
566 567
0 1407
3 594
2 690
5 690
246 250
126 127
294 295
5 2725
4 2725
8 2725
1 2725
7 2725
434 442
6 442
3 518
1 508
0 269
2 269
0 38
3 6094
4 6094
1 6094
0 6094
5 6094
1368 1370
25 2737
7 2737
13 1409
30 526
10 465
2 339
3 960
1 960
16 382
3 295
0 404
0 431
1 1536
3 615
0 844
0 308
6 504
5 560
0 730
1 730
0 764
0 1701
8 240
6 283
595 596
6 392
14 2339
0 2339
0 303
0 461
7 563
10 438
1 122
1 980
0 980
34 845
4 665
5 378
351 352
879 889
3 889
0 189
0 431
750 751
1 526
1953 1955
1927 1955
1950 1955
1954 1955
1921 1955
1952 1955
19 9453
22 9453
20 9453
3 9453
11 9453
35 9453
1 9453
12 9453
4 9453
27 9453
16 9453
25 9453
23 9453
15 9453
21 9453
2 3604
18 3604
21 3604
1801 3604
8 3604
170 2982
65 2982
199 2982
2935 2982
4 2982
3 1152
492 499
0 181
1 181
13 249
3 613
9 395
571 575
1 122
1073 1114
35 1114
141 283
141 283
0 241
27 55
652 655
1 1887
0 1887
3 1887
7510 7512
7471 7512
7506 7512
200 7512
3 7512
7491 7512
7507 7512
59 7512
16 7512
640 7512
7494 7512
7508 7512
7461 7512
20 7512
7492 7512
325 328
3 623
1 106
7 82
0 305
195 196
75 151
9 439
4 328
14 2031
2 4370
8 4370
4 4370
0 4370
1 4370
6 4370
3 4370
5 4370
339 340
0 360
0 269
0 413
886 887
0 187
3 187
2 534
0 1539
18 726
18 257
199 202
1 764
0 764
0 473
3 729
2 729
5 729
7 174
13 593
1 326
5 282
2 59
1 2849
36 2849
5 2849
14 2849
0 225
4 435
5 435
0 522
8 146
22 479
3 399
0 587
15 562
8 788
3 788
21 788
29 788
393 788
0 788
1 788
393 788
9 788
17 473
15 473
6 1528
0 1528
32 1904
19 1904
3 733
214 219
34 2417
39 2417
21 594
27 594
17 594
1 620
0 620
1 476
4 476
0 405
67 1695
0 91
4 91
1 1223
0 1223
3 1223
476 479
2 328
4 1879
0 1879
51 4834
1 4834
462 4834
4832 4834
6 4834
15 4834
5 145
737 739
8 336
5 361
6 177
411 413
20 759
190 191
190 191
5 240
2 233
2 177
0 176
4 318
2 807
4 807
0 761
2 446
0 931
1 931
0 1074
30 812
10 287
10 764
7 1043
0 857
1 922
1 558
5 558
16 279
86 173
128 130
3 617
5 617
5 1707
2 1707
161 4275
44 4275
1 4275
4261 4275
4260 4275
3 1149
76 1149
1142 1149
1 2971
5 2971
3 336
4 318
1025 1026
0 92
1 92
0 311
8 161
27 774
3 127
6 379
398 400
427 428
3 381
559 562
1 497
392 393
0 279
322 323
3 395
5 223
0 362
19 509
0 2434
6 716
31 388
27 233
0 484
483 484
482 484
11 1075
15 1075
1074 1075
1070 1075
6 118
0 114
13 844
38 844
0 306
3 1742
0 1742
1 1742
22 441
653 655
26 764
48 509
1868 3737
1 3737
2 3737
0 3737
16 562
1090 2181
1 338
0 40
2 379
2 405
1 474
0 98
1142 1143
183 368
5 699
0 343
12 126
0 1644
6 1644
0 767
1 767
383 767
9 20
18 310
1 354
0 61
2 297
363 727
7 395
1614 1618
232 233
190 381
23 473
15 217
2 152
743 768
3 171
1 567
1 301
0 461
393 788
2 788
15 788
20 788
393 788
0 788
1 788
393 788
9 788
3 405
652 653
4 139
0 324
1 973
11 1386
632 633
19 664
32 1618
12 395
0 295
4 344
229 230
1109 2219
0 385
11 527
2 1926
11 1926
3 548
0 919
48 699
34 472
4 327
0 821
2 821
1 821
1 526
2 567
5 1012
3 1012
1 1012
7 562
31 739
3 266
13 227
0 241
30 635
8 391
2 177
1 407
36 435
46 535
10 527
1 371
3 371
0 240
6 57
148 297
0 262
0 361
43 1312
83 84
22 287
3 509
584 585
587 592
12 812
67 2339
283 290
0 948
1 948
1 448
19 973
6 360
1 389
36 1646
4 2101
2 2101
1 2101
3 2101
5 876
11 472
2 265
9 777
7 502
1 137
206 209
2 144
0 183
0 370
17 135
1 120
12 962
11 721
113 114
2 3218
1 1747
0 231
4 1110
0 153
0 290
3 397
5 325
18 319
17 382
17 5267
13 5267
9 5267
12 5267
39 5267
11 5267
37 5267
43 5267
4 5267
6 5267
7 5267
0 5267
18 5267
32 5267
3 1034
0 1034
2 2191
0 2191
7 247
6 247
20 1416
65 1027
1 319
0 1042
0 384
0 163
0 127
0 484
1 900
0 544
18 265
6 368
2 930
6 2416
2 2416
10 2416
20 919
405 407
0 382
0 247
0 233
2 1183
1 1183
0 1183
1 1185
0 382
0 340
0 3763
2 3763
176 177
468 477
140 141
21 242
0 295
1 295
10 395
13 615
4 308
1 1695
35 511
0 227
10 257
1 2339
6 395
0 359
0 761
11 257
0 176
3 336
192 195
362 365
239 240
228 230
3 196
333 338
10 1116
0 1116
2 1124
0 300
3 1623
897 906
0 57
0 188
0 1057
0 233
712 721
310 318
0 735
17 699
1 446
0 310
0 165
7 465
6 1130
93 679
0 392
9 348
1 1898
2 1898
6 472
948 950
949 950
944 950
0 191
3 1695
323 324
2 282
1 861
6 1695
11 360
21 960
386 388
2 1701
452 453
451 453
246 247
0 461
294 295
8 1042
20 549
14 319
11 1110
9 2517
0 866
1 866
5 141
0 387
23 48
43 1791
0 1791
0 511
4 275
7 286
0 423
0 191
18 950
47 509
0 861
10 364
8 364
373 378
18 3651
1 364
7 364
0 298
668 679
4 654
176 177
1 605
6 392
6 392
3 569
0 43
413 414
0 272
4 327
8 2050
2 2050
0 2050
0 617
6 927
2 1268
1 1268
3 1268
22 1413
5 157
312 317
768 790
394 790
3 812
57 1077
9 584
21 562
1342 1360
2 1695
6 405
3 587
126 127
2 1592
0 1592
1 1719
0 1719
2 1719
547 548
2 548
194 195
341 352
0 1043
6 2703
3 2703
1 2703
0 2703
10 1165
11 395
0 1323
2 1323
1 1323
5 1323
3 1323
0 118
163 165
1 663
9 451
2 1536
1503 1526
0 1526
29 1526
0 116
3 327
1 587
4 139
3 325
2 1288
2 116
7 240
0 217
355 712
7 1386
179 2339
1 2517
3 381
19 284
180 183
5 295
2 2517
21 2339
3 465
0 247
0 2517
0 55
0 281
0 247
1359 1360
3 461
113 3761
7 590
1 594
18 378
1538 1539
9 108
95 4338
149 1552
2 152
10 646
3 306
12 657
656 657
14 1042
210 421
9 1042
5 222
1032 1034
264 270
0 1104
0 486
501 502
2 57
18 816
14 2365
12 1074
0 187
2234 2236
188 2236
22 2236
0 2236
403 405
2 1110
5 497
221 222
118 120
0 151
0 1392
0 230
3 86
77 78
86 2339
8 9
7 1021
317 318
3 308
19 279
10 762
3 88
2 721
4 1027
40 500
0 89
2 86
158 159
6 733
5 725
2 276
4 497
8 1130
7 456
0 654
776 777
52 53
0 340
66 475
2 142
4 694
7 41
0 90
585 588
0 588
3 588
3 214
4 67
1 588
1 327
0 342
0 588
3 193
2 161
7 90
4 588
40 41
6 322
3 718
2 142
12 567
50 588
2 113
0 120
5 588
6 567
26 588
587 588
2 483
587 588
3 218
587 588
1 282
2 282
22 588
21 218
4 327
0 24
1 274
0 274
2 214
1 142
2 90
44 90
1 228
6 567
0 229
14 567
3 343
2 228
2 327
0 43
4 386
5 694
11 228
1 475
3 588
25 475
23 946
0 475
1 567
1 457
1 327
0 483
1 343
2 116
0 475
6 228
0 342
22 327
36 560
9 229
98 99
5 588
7 43
7 43
0 168
7 141
1 483
0 16
0 588
1 386
0 334
2 588
4 588
4 588
2 588
0 90
4 588
0 271
5 588
9 386
0 67
279 560
12 342
453 454
581 588
8 588
2 211
34 694
30 694
5 228
6 327
8 588
5 752
1 53
228 229
12 588
7 41
0 374
9 334
24 588
3 475
6 110
1 229
1 58
1 588
1 142
11 153
4 334
5 116
2 118
8 588
6 386
3 327
1 142
25 228
8 156
3 588
1 588
1 327
11 343
8 153
19 475
1 588
0 99
0 588
4 588
34 574
1 694
1 90
16 694
0 56
20 560
11 342
3 322
0 752
3 588
27 327
4 193
5 454
0 342
65 67
0 327
7 588
1 229
0 342
0 67
78 2673
0 211
3 483
326 327
1 228
4 33
2 962
0 1539
0 125
0 120
6 80
0 816
0 554
3 176
3 406
0 66
1 473
0 977
0 844
0 290
19 502
87 88
3 275
1 147
4 515
0 1205
0 1403
0 1695
11 605
595 605
5 1347
6 1347
62 1516
0 295
0 473
0 59
7 1021
8 788
113 228
3 1110
0 88
0 768
1 476
336 337
339 340
1653 1695
4 127
0 308
0 378
0 241
0 452
0 284
2 1900
0 1900
1 3101
0 3101
0 6
4 218
28 664
0 158
0 423
949 951
946 951
0 623
0 399
3 1577
2 278
2 214
8 2150
0 2150
0 145
0 404
0 1074
6 336
0 362
4 594
0 216
425 439
1 527
1375 1386
0 639
18 762
0 625
1 625
0 725
0 395
0 1036
18 1042
6 393
1536 1539
1 368
11 1539
58 117
0 632
18 1042
1 518
3 567
1 452
1 1071
345 347
1 303
0 120
269 270
0 2237
2233 2237
2224 2237
26 2237
2 2237
0 233
171 1552
0 409
0 1230
2 1230
845 853
0 400
0 126
1 446
15 857
0 973
2 274
0 274
1 3390
23 3390
3 3390
2 3390
0 584
53 890
7 626
15 216
0 1346
0 247
16 287
4 79
0 196
26 191
39 7353
7337 7353
37 7353
403 7353
77 7353
15 7353
51 7353
156 7353
7345 7353
694 7353
7271 7353
17 7353
7338 7353
153 7353
7326 7353
16 7353
10 141
15 2466
2453 2466
6 2466
21 2466
1423 1456
428 10604
10 10604
10548 10604
7 10604
34 10604
10602 10604
48 10604
83 10604
89 10604
279 10604
1 10604
12 10604
183 10604
8 10604
36 10604
176 10604
16 1655
12 1655
0 407
2 1162
4 1162
0 1162
1 1162
478 479
6 623
0 87
554 564
6 391
0 295
0 590
0 508
56 1695
0 47
785 788
781 788
786 788
784 788
783 788
6 788
8 788
782 788
787 788
229 230
0 739
4 436
10 1695
0 247
622 626
566 567
114 115
3 48
0 344
5 684
79 764
0 582
21 1072
1 1862
0 1862
0 369
10 876
1 625
14 233
902 937
936 937
918 937
0 230
2 421
270 272
0 218
794 812
53 826
0 919
1 887
1 1072
23 2339
42 958
3 958
16 1623
7 141
10 792
20 811
1 2330
0 2330
2 247
9 974
5 120
0 182
1 423
0 1967
0 30
4 384
0 549
1152 1153
0 497
187 188
3 498
8 157
2 157
2338 2339
2 950
56 57
0 135
1 473
0 962
0 448
0 163
4 414
4 1161
2 1161
0 1161
0 117
0 96
0 1403
0 1346
1 139
1088 1110
3 473
27 318
0 318
1 700
0 162
3 1967
23 1539
0 1539
1 106
0 5662
3 5662
4 5662
1 5662
2 5662
75 1536
55 1536
16 625
20 2565
17 2565
2520 2565
6 2565
8 2565
5 2565
1746 1747
383 384
3 183
1 1249
80 1249
0 87
6 812
744 746
17 2128
14 2128
6 2128
472 473
0 67
123 124
174 178
0 764
0 379
1 2396
0 2396
2 2396
12 890
2 890
5 890
0 38
1 2407
2 2407
5 2407
8 2407
1 735
1 581
0 581
1 385
3 385
9 615
0 139
1 641
1 448
0 1064
1063 1064
5 2225
3 89
0 941
0 89
0 1419
2 452
0 80
548 554
1 89
8 1294
27 1294
6 381
1893 1948
1947 1948
1944 1948
1946 1948
0 962
9 448
1 352
136 137
2 594
1 1708
0 1708
286 287
0 25
802 816
8 626
0 90
18 2339
0 1536
2 233
68 69
0 319
3 796
2 446
0 527
4 142
1 369
1 153
587 590
0 385
405 413
1 446
0 2395
3 2395
400 404
295 592
20 2163
46 2163
2147 2163
1 55
13 191
10 2423
0 2423
2413 2423
13 344
0 196
451 452
83 1403
1 1205
2 1205
1 1014
0 294
0 448
85 86
0 395
44 844
0 844
2 303
1358 1360
0 812
106 107
0 562
2 479
3 467
42 1733
6 1733
5 1733
79 80
22 739
6 446
123 247
0 389
0 733
0 215
4 295
2 431
0 175
129 130
186 187
8 135
0 284
367 371
17 330
3 1724
0 1724
2 1724
1 549
0 919
24 1139
0 896
1 896
0 437
1 103
20 264
1 261
0 264
0 648
10 1577
1485 1501
1499 1501
1496 1501
588 617
4 1618
0 285
7 504
114 115
2 48
245 247
7 737
0 223
0 509
1 311
2 594
470 477
0 345
1 733
2 789
1 789
0 605
4 1747
0 347
1509 1511
1504 1511
0 362
146 147
3 307
138 139
137 139
0 382
19 1766
10 788
2 788
5 788
4 788
14 788
0 788
1 788
14 788
3 788
693 694
0 694
7 307
1 174
2 371
10 1077
14 537
1 178
1 103
4 290
3153 3159
3150 3159
3138 3159
48 1331
24 50
1 716
1 508
1904 1909
1902 1909
1855 1909
1617 1618
23 1618
0 384
1 384
0 102
4 94
0 585
19 474
39 535
0 261
294 295
0 169
0 148
5 183
870 876
1 733
1 1787
171 1787
1786 1787
3 617
0 1553
2 1553
5 504
1 343
0 632
0 127
503 504
2 1083
2 65
33 1144
177 178
5 172
6 240
430 431
907 919
496 498
0 1618
11 1475
19 368
3 26
5 1965
3 1965
4 1965
2 1965
0 1965
11 1965
13 125
0 175
2 55
376 379
0 229
0 229
0 230
0 1042
341 344
322 323
3 746
11 876
474 479
399 406
1 504
1 171
21 575
6 764
18 1913
6 1913
0 1057
2 269
0 173
2 344
0 772
0 242
1 1695
1685 1695
1 382
11 764
0 175
0 94
1 811
0 394
0 1287
0 176
11 139
0 310
1 360
229 230
1 811
0 381
0 1129
3 1129
1 1129
1 638
1066 1071
15 1410
1408 1410
1409 1410
1 811
0 497
1 37
0 285
10 305
2 256
0 360
232 233
615 623
1 1061
253 260
0 452
4 563
588 592
3 144
326 327
0 617
3 337
361 362
251 5976
7 5976
5973 5976
175 5976
49 5976
5975 5976
5695 5976
5784 5976
5954 5976
1074 1075
360 379
21 661
0 162
5 2517
4 431
0 100
1 1386
23 850
1 511
404 405
1099 1102
0 1102
0 370
191 196
1 361
1 841
697 698
0 124
0 290
10 218
438 439
219 229
0 349
0 89
0 360
19 333
327 333
0 526
121 122
0 412
0 196
1 874
0 247
19 896
1 338
2 338
0 142
1778 1779
139 1779
69 1779
88 1779
5 1238
10 876
0 1853
4 1853
3 1853
8 592
560 564
0 173
41 1539
0 158
25 812
3 584
0 328
3 262
0 816
96 99
4 796
6 404
7 146
344 345
5 464
226 228
267 274
459 919
0 502
1 1110
3 122
0 446
68 518
0 141
13 585
60 561
87 2808
30 1357
103 1416
1 204
1 100
281 563
0 564
0 473
21 1110
0 339
163 327
3 308
288 295
0 587
0 777
3 558
148 149
4 209
5 279
1 962
1 3095
3 3095
2 3095
8 1617
1 1617
2 1617
0 1617
317 318
326 327
2 1767
26 1767
9 1767
5 1767
239 240
0 1071
0 522
0 1618
1 465
0 465
4 465
