6 384
370 375
0 392
2 576
0 576
3 776
0 776
2 511
2213 2287
2212 2287
11 745
5 745
3 914
0 338
0 448
0 691
19 691
0 183
13 914
1120 1155
1152 1155
75 1155
4 1155
6 1155
1348 1370
19 1623
7388 7389
7374 7389
5 7389
2 7389
28 7389
7295 7389
15 7389
0 7389
9 7389
14 7389
669 7389
66 2339
2 615
50 1288
169 176
1262 1265
9 1265
1207 1265
10 150
0 79
0 1983
9 1983
6 1983
7 1983
3 269
383 397
2 1208
0 1208
16 1208
1457 1474
236 240
0 448
555 558
11 1113
0 1113
1 79
303 305
399 400
9 388
2 590
19 1483
3 152
2 152
795 796
13 1536
0 805
1 276
327 328
1264 1267
1262 1267
1258 1267
17 1267
1265 1267
0 522
194 198
2 1013
15 1013
8 152
9 1303
981 1008
976 1008
4 327
558 562
2 737
1 737
1 264
0 175
0 44
3 89
1738 1913
23 1913
1509 1539
972 973
849 855
4 301
40 7645
8 7645
7644 7645
558 7645
59 7645
7634 7645
7642 7645
7639 7645
7641 7645
9 7645
0 7645
7613 7645
583 7645
7592 7645
394 7645
7602 7645
119 7645
469 7645
508 7645
7627 7645
9131 9306
0 9306
9143 9306
9298 9306
9294 9306
18 9306
9305 9306
9304 9306
9181 9306
221 9306
7 9306
9303 9306
9221 9306
9031 9306
9302 9306
9146 9306
9110 9306
39 9306
3741 3760
15 3760
3758 3760
3759 3760
3750 3760
3732 3760
3736 3760
3757 3760
685 689
272 295
17 1454
6 1454
0 1454
5 1454
625 626
201 203
404 405
793 794
11 794
842 844
51 657
1104 1110
6 150
0 1071
0 812
0 812
0 422
882 896
394 395
2 2339
0 135
5 324
2 721
2 79
202 204
3 811
1 368
0 380
0 380
2 384
0 152
0 98
8 68
4 446
0 777
8 777
3 884
15 884
1513 1514
854 876
1 348
0 169
32 663
662 663
294 303
238 240
439 441
1468 1474
0 733
2 1077
1 404
0 973
136 138
2 1618
10 567
872 876
160 176
3 2150
2094 2150
875 876
5 311
1561 1597
1548 1597
1587 1597
1574 1597
35 618
0 98
182 184
15 776
1 776
495 497
6 57
1 392
668 670
13 670
1 392
0 511
2 247
0 876
0 344
937 965
1529 1539
4 509
211 215
172 176
5 215
209 215
1380 1386
278 283
2 764
464 465
788 792
446 10782
18 10782
10646 10782
3 10782
10412 10782
190 10782
286 10782
58 10782
8 10782
7 10782
10507 10782
10776 10782
10777 10782
10766 10782
10700 10782
63 10782
17 10782
28 10782
10529 10782
10595 10782
13 10782
629 10782
21 10782
10764 10782
10507 10782
114 10782
1 224
5 767
3 144
23 540
2 2510
12 2510
22 269
5 269
1252 1269
0 1269
1 919
3 782
0 448
0 931
1 931
1 247
16 89
2029 2038
0 2038
4 2038
3 446
12 737
250 1898
1879 1898
28 584
1352 1360
1 2257
7 2257
1682 1695
6 2339
1068 1072
2 746
59 746
7 2150
34 2150
251 3410
3173 3410
3361 3410
729 746
30 2150
2086 2150
755 764
736 746
434 456
585 590
3 2449
2448 2449
187 191
5 777
6 266
1018 1027
1 976
45 976
2 3000
2993 3000
5 3000
32 3000
6 3000
2941 3000
7 202
0 456
742 777
6 381
5 295
185 186
440 441
0 94
18 68
268 287
237 240
16 142
238 240
7 655
3 1197
6 2831
5 2831
3 2831
4 2831
1 1331
4206 4210
4204 4210
4178 4210
4207 4210
4074 4210
4194 4210
122 4210
11 4210
4208 4210
4197 4210
4097 4210
2 20
200 209
0 677
1 677
0 1547
7 1547
887 888
886 888
342 344
395 413
19 1012
0 1012
10 1012
18 269
0 467
27 504
1077 1110
3 585
2109 2128
2054 2128
18 2128
936 960
1420 1483
1510 1536
1518 1536
1105 1110
7 1069
5 1069
1067 1069
1010 1014
768 811
6 1110
422 423
0 93
8 183
3 384
2 724
2349 2375
2342 2375
2355 2375
176 178
780 788
778 788
781 788
777 788
783 788
752 788
764 788
779 788
776 788
0 203
217 226
6 4949
4805 4949
4 4949
7 4949
75 4949
34 4949
29 4949
117 120
24 2150
2054 2150
2080 2150
648 653
681 689
7 2955
1 2955
21 2955
2 2955
2926 2955
2922 2955
10 2955
2 1695
433 439
430 439
223 225
12 2163
5 2163
75 13875
492 13875
11 13875
8 13875
13 13875
10 13875
227 13875
896 13875
25 13875
83 13875
13287 13875
13608 13875
13826 13875
13864 13875
1 2339
214 222
148 150
8 1164
4 1164
6 1164
0 2347
1 2347
2 2347
3 2347
630 633
4 384
3091 3126
200 3126
3084 3126
3048 3126
5 3126
3060 3126
3069 3126
3 1078
17 1078
9 1078
0 267
0 1926
502 526
810 812
846 858
1 5657
11 5657
0 5657
3 5657
29 5657
5 5657
32 5657
5623 5657
1038 1042
422 423
4 218
25 172
64 1307
80 1021
5 384
399 400
237 240
4 247
166 176
0 247
5 124
2 618
1 247
13 1708
14 1708
22 1708
11 1708
24 762
5 762
2 152
362 371
263 264
438 442
441 442
10 389
13 5642
6 5642
56 5642
105 5642
20 5642
9 5642
5633 5642
412 416
4 223
2 86
38 543
0 1403
0 1403
665 679
1 2517
0 87
664 689
6 336
0 89
12 153
8 1403
1961 1963
1957 1963
13 2002
12 2002
1998 2002
146 147
146 147
158 163
263 264
1 1539
3 264
2 590
0 181
229 241
12 465
27 764
52 764
758 764
16 295
1649 1652
1647 1652
1963 1967
12 86
0 1110
2 1183
0 1183
1 1183
5 876
1 389
0 1124
3 1124
4 1014
0 961
2 961
4 961
0 526
0 359
10 1130
0 257
1378 1386
16 842
1006 1042
0 257
2375 2403
49 2403
2336 2403
104 106
374 375
18 617
30 270
269 270
339 340
7 327
0 380
498 518
586 587
582 587
0 384
415 424
263 264
0 699
1268 1317
1316 1317
8 1317
2 120
4 594
0 538
0 603
19 1130
1 344
239 240
2 1241
121 122
0 855
13 1898
69 1898
0 1898
2 1898
0 384
14 17
906 914
1 777
160 163
4696 4713
4607 4713
4704 4713
238 4713
4705 4713
0 4713
0 44
2121 2150
2125 2150
1 2150
3 2150
394 402
9 266
752 781
744 781
2 781
751 781
661 664
686 689
0 874
19 796
795 796
142 1464
79 1464
37 1464
546 548
380 382
2 233
2 663
255 257
482 506
4 1012
2 257
17 626
0 371
32 782
0 3816
3815 3816
335 3816
220 3816
280 3816
3809 3816
73 3816
339 340
43 1347
17 1347
2 149
541 554
4 364
22 364
16 295
50 435
4 695
4 1247
6 1247
2 423
89 914
0 265
7 631
630 631
183 186
498 518
10 171
500 511
16 431
9 2308
0 2308
43 2303
0 2303
3 145
1 145
13 145
0 467
515 518
404 405
313 318
2 423
300 324
387 389
13 8726
8715 8726
488 8726
26 8726
8275 8726
8706 8726
122 8726
8561 8726
8721 8726
8723 8726
2 8726
3 8726
11 8726
416 422
102 108
436 456
0 1036
1 1036
380 391
3 344
669 679
11 154
26 397
0 3066
1 3066
3054 3066
28 1214
1166 1214
9 1595
134 1595
762 764
0 457
0 368
0 376
0 209
205 209
2 1191
0 1191
10 592
376 378
132 141
386 389
444 446
258 264
27 526
1 1110
1167 12734
18 12734
12730 12734
63 12734
12725 12734
235 12734
726 12734
73 12734
7 12734
118 12734
50 12734
55 12734
111 12734
87 12734
258 12734
114 12734
142 12734
552 12734
202 203
1 89
5 653
21 295
0 841
0 441
20 384
875 876
1178 1264
1206 1264
1248 1264
0 404
1 1483
0 1110
2 590
1 590
1 264
8 107
4 1386
145 148
0 89
782 842
460 461
3 669
34 669
3 737
0 699
3 423
1 737
1 107
106 107
143 148
9 473
5 2629
13 2629
1 2629
2567 2629
9 384
1587 1589
1578 1589
1565 1589
3 113
2673 2696
2695 2696
0 2696
767 774
1 664
942 987
983 987
985 987
40 4344
4304 4344
12 4344
9 4344
1 4344
28 4344
4190 4344
3 222
54 626
1317 1376
1200 1376
2 1376
1289 1376
7 558
679 680
676 680
12 234
16 177
19 177
381 384
0 441
29 441
4 376
5 1511
89 1511
0 522
521 522
0 169
1 737
1 664
466 479
14 2238
2235 2238
10 2238
1 2238
1060 1074
4 737
756 762
2488 2517
17 788
2299 2300
2259 2300
757 762
1 618
1 183
33 270
4 558
251 252
27 295
2 1913
1862 1913
655 656
1 656
654 656
238 240
6 423
52 764
372 373
431 446
2 357
2 423
1 632
3 590
556 562
5 456
0 9
293 587
559 562
9 1014
728 774
0 404
36 567
2 1407
23 594
5 690
652 690
8 250
126 127
294 295
17 2725
32 2725
37 2725
15 2725
38 2725
9 442
420 442
492 518
500 508
2 269
9 269
0 38
15 6094
21 6094
7 6094
13 6094
37 6094
1360 1370
2730 2737
8 2737
113 1409
491 526
13 465
327 339
7 960
6 960
378 382
3 295
0 404
2 431
6 1536
1 615
0 844
0 308
7 504
1 560
1 730
0 730
0 764
22 1701
239 240
4 283
594 596
1 392
84 2339
1 2339
0 303
2 461
549 563
6 438
106 122
23 980
24 980
835 845
636 665
11 378
339 352
874 889
834 889
2 189
1 431
745 751
10 526
1949 1955
1901 1955
1952 1955
1947 1955
72 1955
1951 1955
84 9453
93 9453
74 9453
37 9453
81 9453
128 9453
2 9453
64 9453
18 9453
89 9453
103 9453
80 9453
22 9453
44 9453
157 9453
213 3604
137 3604
64 3604
3487 3604
16 3604
2971 2982
2962 2982
2980 2982
2969 2982
2932 2982
11 1152
494 499
0 181
1 181
7 249
6 613
393 395
562 575
4 122
1052 1114
1098 1114
7 283
18 283
2 241
3 55
649 655
58 1887
1882 1887
23 1887
7507 7512
7495 7512
7504 7512
7417 7512
4 7512
7480 7512
7509 7512
28 7512
10 7512
7326 7512
7479 7512
7511 7512
7426 7512
7048 7512
7422 7512
307 328
13 623
6 106
0 82
1 305
193 196
142 151
9 439
21 328
195 2031
58 4370
62 4370
42 4370
50 4370
49 4370
48 4370
43 4370
36 4370
6 340
0 360
0 269
0 413
871 887
1 187
8 187
1 534
5 1539
45 726
255 257
197 202
1 764
0 764
9 473
12 729
15 729
11 729
173 174
5 593
1 326
8 282
58 59
2 2849
74 2849
4 2849
44 2849
1 225
413 435
36 435
0 522
3 146
43 479
10 399
0 587
36 562
779 788
777 788
786 788
781 788
783 788
48 788
760 788
782 788
780 788
25 473
14 473
1495 1528
1 1528
74 1904
79 1904
0 733
212 219
12 2417
31 2417
26 594
12 594
16 594
1 620
0 620
1 476
7 476
0 405
1606 1695
2 91
4 91
1 1223
0 1223
3 1223
471 479
322 328
13 1879
2 1879
4766 4834
3 4834
4827 4834
4833 4834
11 4834
4 4834
1 145
721 739
7 336
6 361
4 177
47 413
740 759
190 191
186 191
16 240
1 233
9 177
3 176
0 318
7 807
12 807
0 761
7 446
0 931
1 931
0 1074
14 812
3 287
665 764
1042 1043
2 857
2 922
2 558
12 558
16 279
8 173
126 130
2 617
4 617
32 1707
121 1707
69 4275
198 4275
4145 4275
3945 4275
4118 4275
0 1149
15 1149
61 1149
2940 2971
2942 2971
1 336
2 318
1025 1026
0 92
14 92
25 311
147 161
771 774
23 127
377 379
394 400
425 428
1 381
560 562
1 497
392 393
2 279
321 323
10 395
19 223
0 362
6 509
1 2434
21 716
3 388
225 233
0 484
482 484
481 484
20 1075
20 1075
1050 1075
1066 1075
4 118
2 114
789 844
766 844
0 306
1678 1742
22 1742
1638 1742
423 441
649 655
86 764
35 509
3731 3737
0 3737
2 3737
1 3737
4 562
2108 2181
0 338
0 40
1 379
404 405
416 474
0 98
1137 1143
7 368
2 699
0 343
11 126
1 1644
1642 1644
0 767
3 767
27 767
6 20
287 310
2 354
0 61
27 297
671 727
12 395
1605 1618
231 233
1 381
17 473
15 217
2 152
10 768
19 171
0 567
0 301
0 461
776 788
783 788
785 788
777 788
781 788
760 788
758 788
778 788
779 788
399 405
651 653
4 139
4 324
74 973
35 1386
630 633
62 664
1607 1618
6 395
0 295
29 344
227 230
1109 2219
0 385
29 527
0 1926
0 1926
546 548
0 919
692 699
466 472
323 327
0 821
1 821
2 821
0 526
8 567
30 1012
3 1012
0 1012
1 562
37 739
0 266
219 227
0 241
613 635
363 391
2 177
2 407
430 435
19 535
15 527
0 371
1 371
1 240
10 57
290 297
2 262
346 361
1295 1312
83 84
280 287
5 509
583 585
568 592
26 812
13 2339
281 290
0 948
1 948
11 448
36 973
7 360
1 389
1617 1646
6 2101
0 2101
1 2101
2 2101
5 876
14 472
6 265
20 777
10 502
8 137
194 209
3 144
179 183
0 370
13 135
4 120
110 962
700 721
111 114
6 3218
6 1747
0 231
1028 1110
2 153
1 290
2 397
4 325
308 319
29 382
46 5267
26 5267
18 5267
20 5267
138 5267
31 5267
53 5267
84 5267
7 5267
5 5267
11 5267
2 5267
23 5267
66 5267
7 1034
0 1034
20 2191
4 2191
10 247
10 247
56 1416
118 1027
3 319
0 1042
9 384
0 163
0 127
0 484
3 900
0 544
12 265
6 368
5 930
15 2416
6 2416
10 2416
68 919
405 407
0 382
0 247
0 233
0 1183
1 1183
14 1183
1 1185
0 382
0 340
0 3763
7 3763
176 177
469 477
139 141
13 242
0 295
1 295
3 395
14 615
1 308
0 1695
15 511
1 227
4 257
2 2339
4 395
0 359
0 761
237 257
8 176
5 336
191 195
356 365
238 240
226 230
3 196
1 338
1088 1116
0 1116
4 1124
0 300
9 1623
875 906
2 57
0 188
4 1057
0 233
680 721
313 318
8 735
0 699
2 446
0 310
0 165
460 465
28 1130
604 679
4 392
8 348
0 1898
1 1898
5 472
944 950
949 950
940 950
190 191
11 1695
321 324
1 282
5 861
21 1695
10 360
41 960
363 388
1 1701
452 453
451 453
246 247
1 461
294 295
17 1042
500 549
7 319
8 1110
4 2517
4 866
2 866
129 141
3 387
2 48
1738 1791
2 1791
0 511
1 275
4 286
1 423
0 191
5 950
491 509
0 861
11 364
18 364
25 378
3551 3651
0 364
4 364
17 298
674 679
4 654
176 177
588 605
5 392
9 392
20 569
0 43
410 414
268 272
311 327
107 2050
18 2050
7 2050
16 617
1 927
29 1268
9 1268
14 1268
17 1413
147 157
3 317
776 790
760 790
5 812
1072 1077
580 584
17 562
1339 1360
3 1695
21 405
1 587
126 127
17 1592
0 1592
3 1719
0 1719
2 1719
547 548
0 548
194 195
341 352
2 1043
34 2703
2615 2703
17 2703
83 2703
1097 1165
16 395
0 1323
2 1323
1 1323
20 1323
4 1323
0 118
156 165
1 663
9 451
1 1536
1520 1526
1451 1526
1523 1526
3 116
11 327
1 587
6 139
3 325
1262 1288
3 116
5 240
0 217
355 712
18 1386
2337 2339
8 2517
6 381
6 284
168 183
9 295
1 2517
132 2339
6 465
0 247
0 2517
0 55
4 281
1 247
1345 1360
40 461
3637 3761
581 590
2 594
46 378
1530 1539
8 108
167 4338
177 1552
2 152
27 646
6 306
656 657
655 657
7 1042
415 421
1038 1042
2 222
1028 1034
265 270
5 1104
0 486
501 502
55 57
1 816
3 2365
15 1074
0 187
2232 2236
2230 2236
2211 2236
0 2236
404 405
65 1110
10 497
216 222
119 120
0 151
1 1392
0 230
85 86
75 78
2312 2339
8 9
72 1021
317 318
2 308
30 279
757 762
9 88
5 721
25 1027
12 500
0 89
2 86
156 159
4 733
718 725
3 276
483 497
1100 1130
444 456
0 654
771 777
52 53
3 340
53 475
3 142
18 694
40 41
4 90
587 588
42 588
585 588
212 214
66 67
3 588
1 327
1 342
0 588
191 193
1 161
6 90
5 588
40 41
5 322
3 718
2 142
13 567
27 588
4 113
0 120
34 588
13 567
42 588
587 588
0 483
587 588
201 218
587 588
0 282
0 282
15 588
17 218
318 327
3 24
272 274
0 274
2 214
1 142
0 90
8 90
0 228
10 567
0 229
5 567
336 343
1 228
1 327
0 43
4 386
1 694
9 228
0 475
4 588
27 475
25 946
1 475
13 567
1 457
2 327
0 483
6 343
1 116
0 475
8 228
3 342
1 327
30 560
15 229
98 99
0 588
7 43
7 43
0 168
4 141
14 483
0 16
0 588
0 386
0 334
3 588
2 588
4 588
3 588
0 90
47 588
0 271
2 588
4 386
0 67
31 560
11 342
453 454
587 588
52 588
0 211
682 694
18 694
8 228
21 327
2 588
6 752
4 53
226 229
9 588
1 41
0 374
32 334
21 588
1 475
5 110
228 229
4 58
11 588
0 142
8 153
1 334
9 116
117 118
2 588
5 386
3 327
139 142
18 228
6 156
2 588
1 588
1 327
329 343
6 153
15 475
1 588
13 99
0 588
2 588
18 574
39 694
1 90
10 694
1 56
22 560
1 342
10 322
0 752
1 588
317 327
187 193
2 454
0 342
66 67
0 327
2 588
1 229
0 342
1 67
80 2673
2 211
0 483
324 327
6 228
4 33
2 962
1 1539
0 125
0 120
73 80
1 816
0 554
1 176
5 406
0 66
23 473
0 977
0 844
1 290
475 502
87 88
1 275
144 147
5 515
1 1205
0 1403
0 1695
553 605
602 605
25 1347
22 1347
1510 1516
0 295
469 473
0 59
82 1021
4 788
226 228
62 1110
86 88
0 768
2 476
336 337
332 340
1666 1695
126 127
0 308
2 378
0 241
8 452
0 284
2 1900
0 1900
1 3101
0 3101
1 6
202 218
21 664
0 158
0 423
938 951
950 951
0 623
0 399
1507 1577
266 278
0 214
2058 2150
52 2150
0 145
1 404
0 1074
25 336
0 362
4 594
0 216
430 439
500 527
1375 1386
0 639
66 762
0 625
1 625
0 725
0 395
0 1036
33 1042
19 393
1508 1539
7 368
1515 1539
4 117
0 632
21 1042
1 518
5 567
442 452
0 1071
338 347
1 303
0 120
269 270
1 2237
2236 2237
2230 2237
2153 2237
0 2237
0 233
131 1552
0 409
0 1230
2 1230
851 853
0 400
0 126
445 446
33 857
0 973
0 274
1 274
2 3390
20 3390
5 3390
3 3390
0 584
54 890
617 626
8 216
0 1346
0 247
4 287
4 79
0 196
187 191
346 7353
7352 7353
9 7353
7060 7353
7166 7353
2 7353
7064 7353
7321 7353
7346 7353
213 7353
7326 7353
18 7353
7333 7353
66 7353
7202 7353
8 7353
140 141
2402 2466
2441 2466
2447 2466
2424 2466
1404 1456
10444 10604
10370 10604
10597 10604
4 10604
6 10604
10590 10604
10067 10604
10197 10604
10498 10604
10518 10604
1 10604
10311 10604
10317 10604
9846 10604
102 10604
10153 10604
1626 1655
1642 1655
0 407
7 1162
19 1162
1 1162
11 1162
474 479
3 623
0 87
17 564
3 391
0 295
2 590
1 508
1660 1695
1 47
775 788
781 788
784 788
773 788
776 788
785 788
783 788
774 788
779 788
227 230
0 739
430 436
17 1695
0 247
621 626
566 567
114 115
1 48
0 344
11 684
56 764
1 582
1009 1072
16 1862
0 1862
3 369
874 876
0 625
224 233
922 937
934 937
871 937
0 230
1 421
269 272
208 218
798 812
50 826
0 919
4 887
1 1072
30 2339
944 958
2 958
13 1623
140 141
791 792
10 811
0 2330
1 2330
1 247
14 974
5 120
0 182
7 423
0 1967
0 30
4 384
0 549
1147 1153
0 497
180 188
37 498
154 157
15 157
2325 2339
1 950
56 57
0 135
5 473
0 962
0 448
0 163
17 414
9 1161
0 1161
3 1161
1 117
2 96
0 1403
0 1346
1 139
1081 1110
472 473
39 318
0 318
0 700
0 162
10 1967
1469 1539
0 1539
104 106
2 5662
1 5662
8 5662
6 5662
12 5662
1483 1536
15 1536
611 625
2550 2565
2542 2565
2546 2565
2 2565
2552 2565
1 2565
1746 1747
383 384
0 183
1236 1249
1248 1249
0 87
12 812
732 746
2122 2128
2017 2128
2063 2128
472 473
0 67
122 124
166 178
0 764
0 379
2387 2396
0 2396
1 2396
7 890
878 890
4 890
0 38
0 2407
1 2407
11 2407
5 2407
717 735
569 581
0 581
1 385
3 385
1 615
0 139
47 641
0 448
1 1064
1063 1064
5 2225
87 89
0 941
0 89
0 1419
14 452
0 80
532 554
0 89
1290 1294
11 1294
4 381
1918 1948
1947 1948
1945 1948
1944 1948
3 962
5 448
1 352
136 137
1 594
1 1708
0 1708
284 287
0 25
812 816
624 626
86 90
19 2339
0 1536
221 233
55 69
0 319
1 796
445 446
1 527
4 142
5 369
6 153
589 590
0 385
405 413
1 446
2197 2395
2134 2395
392 404
295 592
2118 2163
2120 2163
2152 2163
0 55
176 191
146 2423
58 2423
2420 2423
329 344
3 196
450 452
18 1403
0 1205
2 1205
5 1014
0 294
0 448
85 86
0 395
843 844
0 844
0 303
1356 1360
0 812
103 107
0 562
476 479
4 467
1731 1733
1706 1733
1721 1733
73 80
666 739
423 446
234 247
0 389
0 733
4 215
2 295
3 431
0 175
129 130
185 187
2 135
0 284
363 371
317 330
1696 1724
0 1724
7 1724
3 549
2 919
1103 1139
0 896
1 896
4 437
0 103
255 264
0 261
0 264
0 648
28 1577
1478 1501
1497 1501
1486 1501
16 617
7 1618
0 285
7 504
114 115
1 48
246 247
716 737
0 223
0 509
305 311
577 594
470 477
0 345
2 733
11 789
2 789
0 605
1722 1747
345 347
1505 1511
1507 1511
0 362
146 147
299 307
138 139
137 139
1 382
107 1766
778 788
766 788
774 788
756 788
779 788
0 788
750 788
776 788
755 788
693 694
674 694
300 307
172 174
14 371
1024 1077
533 537
2 178
102 103
13 290
3145 3159
3136 3159
3133 3159
1308 1331
24 50
1 716
2 508
1905 1909
1901 1909
1896 1909
1606 1618
1584 1618
0 384
0 384
0 102
2 94
1 585
435 474
22 535
0 261
294 295
0 169
0 148
10 183
853 876
2 733
3 1787
1773 1787
1786 1787
21 617
0 1553
3 1553
4 504
2 343
4 632
0 127
502 504
54 1083
63 65
1113 1144
173 178
3 172
13 240
425 431
917 919
495 498
0 1618
7 1475
352 368
3 26
3 1965
18 1965
5 1965
15 1965
2 1965
33 1965
124 125
162 175
52 55
370 379
0 229
0 229
0 230
0 1042
341 344
322 323
729 746
875 876
471 479
405 406
0 504
159 171
15 575
751 764
1777 1913
4 1913
7 1057
9 269
0 173
2 344
0 772
0 242
3 1695
1682 1695
380 382
727 764
0 175
93 94
0 811
0 394
0 1287
0 176
135 139
0 310
1 360
226 230
1 811
0 381
1 1129
1071 1129
10 1129
3 638
1068 1071
2 1410
1408 1410
1409 1410
0 811
0 497
1 37
0 285
302 305
3 256
0 360
231 233
587 623
0 1061
255 260
432 452
552 563
589 592
4 144
322 327
0 617
336 337
361 362
5881 5976
94 5976
5972 5976
5586 5976
61 5976
5975 5976
5739 5976
5853 5976
5921 5976
1067 1075
360 379
21 661
0 162
14 2517
12 431
0 100
1 1386
23 850
3 511
403 405
1093 1102
0 1102
0 370
188 196
1 361
819 841
696 698
0 124
0 290
216 218
437 439
213 229
0 349
1 89
0 360
328 333
328 333
1 526
121 122
0 412
184 196
0 874
0 247
891 896
1 338
2 338
5 142
1778 1779
1570 1779
1730 1779
1708 1779
1197 1238
862 876
19 1853
1826 1853
13 1853
575 592
557 564
0 173
1452 1539
0 158
802 812
582 584
0 328
8 262
0 816
95 99
0 796
41 404
143 146
344 345
7 464
5 228
267 274
859 919
1 502
1101 1110
2 122
2 446
467 518
1 141
9 585
560 561
2792 2808
1348 1357
107 1416
0 204
0 100
39 563
0 564
10 473
23 1110
0 339
163 327
1 308
283 295
0 587
0 777
556 558
148 149
194 209
4 279
905 962
2 3095
7 3095
5 3095
5 1617
2 1617
0 1617
4 1617
317 318
325 327
74 1767
1756 1767
1763 1767
1742 1767
238 240
0 1071
0 522
0 1618
3 465
0 465
19 465
