3 384
10 375
14 392
0 576
1 576
33 776
35 776
22 511
14 2287
3 2287
4 745
4 745
4 914
12 338
4 448
0 691
1 691
0 183
913 914
11 1155
1154 1155
577 1155
2 1155
7 1155
4 1370
18 1623
102 7389
22 7389
15 7389
4 7389
1 7389
5 7389
14 7389
16 7389
152 7389
11 7389
214 7389
7 2339
3 615
13 1288
175 176
13 1265
11 1265
10 1265
74 150
0 79
0 1983
1 1983
3 1983
5 1983
4 269
198 397
11 1208
23 1208
12 1208
2 1474
15 240
3 448
5 558
1 1113
0 1113
1 79
152 305
9 400
1 388
8 590
9 1483
75 152
75 152
0 796
767 1536
0 805
12 276
10 328
1 1267
7 1267
10 1267
8 1267
11 1267
16 522
4 198
0 1013
0 1013
75 152
0 1303
0 1008
1 1008
2 327
4 562
11 737
8 737
131 264
6 175
0 44
0 89
18 1913
0 1913
10 1539
972 973
853 855
3 301
235 7645
256 7645
319 7645
3 7645
64 7645
43 7645
246 7645
172 7645
117 7645
135 7645
46 7645
176 7645
239 7645
156 7645
216 7645
342 7645
85 7645
42 7645
103 7645
240 7645
798 9306
5 9306
211 9306
17 9306
6 9306
252 9306
81 9306
4 9306
2 9306
652 9306
247 9306
0 9306
50 9306
276 9306
92 9306
55 9306
12 9306
13 9306
18 3760
124 3760
1 3760
22 3760
25 3760
14 3760
5 3760
19 3760
19 689
147 295
5 1454
0 1454
1 1454
6 1454
4 626
0 203
0 405
5 794
3 794
1 844
328 657
1109 1110
4 150
2 1071
0 812
0 812
0 422
4 896
4 395
7 2339
1 135
161 324
2 721
6 79
2 204
1 811
1 368
4 380
0 380
2 384
10 152
48 98
33 68
2 446
2 777
6 777
2 884
23 884
26 1514
437 876
3 348
0 169
2 663
1 663
18 303
11 240
440 441
10 1474
0 733
5 1077
1 404
0 973
1 138
18 1618
5 567
16 876
1 176
0 2150
58 2150
14 876
155 311
4 1597
5 1597
2 1597
10 1597
16 618
0 98
4 184
17 776
5 776
496 497
4 57
16 392
0 670
1 670
19 392
2 511
5 247
0 876
171 344
5 965
769 1539
1 509
4 215
173 176
4 215
4 215
23 1386
141 283
762 764
1 465
0 792
11 10782
17 10782
28 10782
10 10782
3 10782
44 10782
106 10782
48 10782
24 10782
19 10782
37 10782
209 10782
57 10782
25 10782
12 10782
8 10782
30 10782
9 10782
43 10782
16 10782
14 10782
39 10782
40 10782
0 10782
37 10782
52 10782
1 224
18 767
10 144
269 540
0 2510
1 2510
134 269
5 269
2 1269
0 1269
3 919
0 782
4 448
1 931
0 931
2 247
3 89
3 2038
0 2038
1 2038
3 446
21 737
1 1898
2 1898
291 584
25 1360
8 2257
1 2257
39 1695
26 2339
32 1072
1 746
4 746
1 2150
14 2150
6 3410
20 3410
34 3410
4 746
21 2150
30 2150
15 764
6 746
0 456
15 590
11 2449
14 2449
95 191
3 777
4 266
30 1027
487 976
487 976
6 3000
25 3000
13 3000
107 3000
17 3000
7 3000
5 202
1 456
7 777
8 381
0 295
3 186
220 441
1 94
33 68
5 287
11 240
70 142
12 240
8 655
6 1197
7 2831
5 2831
4 2831
0 2831
1 1331
6 4210
2 4210
63 4210
0 4210
3 4210
10 4210
54 4210
65 4210
8 4210
4 4210
107 4210
3 20
3 209
4 677
0 677
0 1547
1 1547
3 888
0 888
171 344
411 413
2 1012
0 1012
3 1012
8 269
12 467
7 504
554 1110
0 585
3 2128
6 2128
2 2128
6 960
12 1483
1535 1536
23 1536
1101 1110
1 1069
2 1069
0 1069
19 1014
21 811
10 1110
8 423
1 93
4 183
1 384
1 724
2 2375
1 2375
5 2375
7 178
393 788
2 788
6 788
4 788
393 788
0 788
1 788
393 788
3 788
0 203
10 226
4 4949
8 4949
5 4949
29 4949
43 4949
21 4949
40 4949
1 120
41 2150
2 2150
1 2150
1 653
24 689
17 2955
0 2955
7 2955
1 2955
16 2955
2 2955
5 2955
6 1695
5 439
438 439
9 225
2 2163
3 2163
161 13875
3 13875
1 13875
14 13875
6 13875
19 13875
2 13875
0 13875
132 13875
8 13875
6937 13875
142 13875
46 13875
4 13875
29 2339
3 222
0 150
2 1164
7 1164
8 1164
0 2347
1 2347
3 2347
2 2347
5 633
2 384
13 3126
6 3126
5 3126
7 3126
0 3126
11 3126
10 3126
1 1078
0 1078
3 1078
2 267
11 1926
262 526
22 812
16 858
4 5657
6 5657
12 5657
3 5657
1 5657
0 5657
31 5657
178 5657
8 1042
10 423
6 218
85 172
653 1307
510 1021
7 384
3 400
119 240
5 247
1 176
3 247
4 124
18 618
6 247
2 1708
3 1708
2 1708
0 1708
3 762
1 762
0 152
7 371
5 264
2 442
21 442
0 389
65 5642
3 5642
21 5642
204 5642
49 5642
57 5642
50 5642
5 416
111 223
4 86
20 543
11 1403
13 1403
12 679
6 2517
0 87
344 689
8 336
2 89
1 153
701 1403
14 1963
13 1963
1 2002
9 2002
38 2002
13 147
9 147
5 163
131 264
4 1539
131 264
22 590
0 181
120 241
1 465
381 764
381 764
14 764
6 295
11 1652
6 1652
2 1967
4 86
0 1110
2 1183
0 1183
1 1183
0 876
0 389
1 1124
0 1124
6 1014
1 961
5 961
2 961
0 526
1 359
23 1130
2 257
14 1386
420 842
520 1042
0 257
3 2403
52 2403
9 2403
1 106
10 375
308 617
24 270
29 270
11 340
4 327
8 380
4 518
1 587
0 587
1 384
0 424
17 264
349 699
11 1317
9 1317
0 1317
7 120
7 594
0 538
0 603
564 1130
2 344
119 240
1 1241
4 122
11 855
3 1898
6 1898
2 1898
0 1898
10 384
8 17
23 914
0 777
81 163
4 4713
0 4713
27 4713
2356 4713
15 4713
2 4713
0 44
0 2150
3 2150
1 2150
4 2150
9 402
132 266
1 781
5 781
2 781
0 781
663 664
11 689
6 874
7 796
795 796
62 1464
34 1464
35 1464
8 548
7 382
116 233
2 663
13 257
252 506
6 1012
3 257
1 626
3 371
390 782
3 3816
11 3816
15 3816
8 3816
4 3816
14 3816
0 3816
10 340
8 1347
0 1347
1 149
6 554
6 364
3 364
147 295
217 435
691 695
3 1247
0 1247
7 423
31 914
3 265
0 631
8 631
4 186
23 518
85 171
255 511
33 431
2 2308
0 2308
5 2303
12 2303
0 145
3 145
1 145
233 467
258 518
4 405
9 318
6 423
319 324
388 389
1 8726
73 8726
46 8726
6 8726
55 8726
126 8726
224 8726
114 8726
71 8726
7 8726
0 8726
13 8726
2 8726
421 422
107 108
2 456
1 1036
0 1036
15 391
0 344
17 679
1 154
198 397
9 3066
10 3066
35 3066
4 1214
0 1214
14 1595
30 1595
763 764
0 457
0 368
0 376
8 209
104 209
0 1191
1 1191
13 592
377 378
70 141
3 389
6 446
4 264
9 526
4 1110
6366 12734
30 12734
0 12734
199 12734
10 12734
38 12734
6366 12734
14 12734
23 12734
214 12734
26 12734
26 12734
76 12734
39 12734
15 12734
305 12734
135 12734
116 12734
4 203
2 89
3 653
10 295
0 841
0 441
7 384
2 876
33 1264
631 1264
44 1264
5 404
0 1483
0 1110
294 590
17 590
4 264
0 107
17 1386
5 148
44 89
10 842
32 461
0 669
3 669
9 737
349 699
7 423
4 737
0 107
0 107
6 148
0 473
15 2629
37 2629
13 2629
14 2629
6 384
4 1589
0 1589
1 1589
3 113
17 2696
14 2696
0 2696
3 774
32 664
493 987
4 987
6 987
5 4344
23 4344
0 4344
29 4344
1 4344
2 4344
18 4344
3 222
312 626
13 1376
1 1376
8 1376
32 1376
0 558
3 680
5 680
3 234
4 177
88 177
17 384
24 441
19 441
187 376
0 1511
5 1511
7 522
4 522
0 169
8 737
32 664
10 479
11 2238
6 2238
14 2238
9 2238
23 1074
11 737
1 762
1258 2517
393 788
16 2300
31 2300
761 762
14 618
0 183
30 270
11 558
1 252
11 295
19 1913
24 1913
25 656
3 656
7 656
13 240
1 423
381 764
22 373
0 446
2 357
7 423
0 632
4 590
280 562
227 456
0 9
293 587
3 562
5 1014
1 774
0 404
3 567
7 1407
10 594
2 690
1 690
11 250
1 127
294 295
4 2725
2 2725
3 2725
1 2725
0 2725
1 442
0 442
5 518
1 508
1 269
0 269
0 38
3 6094
2 6094
0 6094
1 6094
4 6094
1369 1370
8 2737
11 2737
8 1409
262 526
232 465
4 339
3 960
0 960
8 382
6 295
0 404
0 431
1 1536
3 615
0 844
3 308
3 504
6 560
0 730
1 730
1 764
0 1701
11 240
141 283
4 596
14 392
3 2339
0 2339
0 303
0 461
18 563
5 438
0 122
0 980
1 980
422 845
0 665
4 378
351 352
5 889
4 889
2 189
0 431
1 751
262 526
44 1955
12 1955
9 1955
41 1955
16 1955
31 1955
0 9453
30 9453
3 9453
6 9453
13 9453
41 9453
4 9453
5 9453
1 9453
18 9453
21 9453
20 9453
17 9453
9 9453
19 9453
2 3604
9 3604
9 3604
1801 3604
9 3604
11 2982
6 2982
4 2982
3 2982
2 2982
6 1152
498 499
1 181
0 181
124 249
306 613
12 395
6 575
2 122
2 1114
4 1114
141 283
141 283
0 241
27 55
654 655
1 1887
2 1887
0 1887
123 7512
58 7512
11 7512
41 7512
9 7512
29 7512
8 7512
296 7512
206 7512
478 7512
220 7512
35 7512
12 7512
192 7512
7505 7512
5 328
1 623
1 106
3 82
1 305
97 196
75 151
219 439
2 328
8 2031
3 4370
6 4370
7 4370
1 4370
0 4370
2 4370
4 4370
5 4370
3 340
0 360
1 269
1 413
15 887
1 187
1 187
3 534
3 1539
6 726
128 257
15 202
2 764
0 764
0 473
2 729
1 729
3 729
3 174
296 593
4 326
140 282
29 59
26 2849
31 2849
22 2849
14 2849
6 225
217 435
3 435
0 522
72 146
14 479
199 399
2 587
8 562
393 788
2 788
393 788
393 788
393 788
0 788
0 788
393 788
393 788
5 473
4 473
2 1528
0 1528
1903 1904
1902 1904
0 733
109 219
39 2417
23 2417
17 594
14 594
296 594
0 620
1 620
0 476
3 476
0 405
15 1695
45 91
45 91
2 1223
1 1223
5 1223
478 479
2 328
1 1879
3 1879
94 4834
4 4834
40 4834
24 4834
7 4834
8 4834
2 145
738 739
167 336
180 361
88 177
412 413
379 759
190 191
190 191
119 240
2 233
3 177
0 176
5 318
2 807
0 807
2 761
0 446
1 931
0 931
0 1074
1 812
143 287
10 764
5 1043
1 857
2 922
5 558
6 558
2 279
86 173
64 130
2 617
3 617
4 1707
1 1707
29 4275
48 4275
20 4275
47 4275
58 4275
1 1149
0 1149
3 1149
4 2971
0 2971
11 336
9 318
5 1026
1 92
0 92
0 311
0 161
770 774
8 127
8 379
399 400
423 428
190 381
7 562
4 497
392 393
0 279
14 323
197 395
2 223
2 362
11 509
2 2434
5 716
387 388
18 233
0 484
3 484
2 484
8 1075
16 1075
27 1075
1074 1075
58 118
0 114
421 844
15 844
3 306
0 1742
3 1742
1 1742
220 441
6 655
6 764
508 509
1868 3737
2 3737
1 3737
0 3737
7 562
1090 2181
2 338
3 40
1 379
4 405
4 474
2 98
1 1143
183 368
349 699
1 343
10 126
1 1644
2 1644
0 767
1 767
383 767
9 20
154 310
3 354
2 61
3 297
363 727
9 395
1617 1618
2 233
190 381
1 473
108 217
3 152
383 768
0 171
0 567
1 301
0 461
393 788
2 788
393 788
393 788
393 788
0 788
0 788
393 788
393 788
1 405
652 653
69 139
0 324
4 973
11 1386
3 633
21 664
808 1618
16 395
0 295
171 344
229 230
1109 2219
0 385
3 527
11 1926
44 1926
3 548
0 919
10 699
1 472
4 327
0 821
1 821
3 821
3 526
4 567
2 1012
2 1012
3 1012
7 562
369 739
1 266
113 227
0 241
317 635
2 391
3 177
1 407
5 435
533 535
2 527
3 371
8 371
119 240
3 57
148 297
9 262
0 361
15 1312
83 84
14 287
4 509
5 585
295 592
405 812
1169 2339
144 290
0 948
1 948
2 448
486 973
3 360
6 389
7 1646
0 2101
2 2101
4 2101
3 2101
4 876
235 472
132 265
7 777
2 502
68 137
104 209
10 144
1 183
1 370
67 135
1 120
5 962
360 721
1 114
6 3218
3 1747
0 231
1 1110
0 153
0 290
4 397
162 325
159 319
190 382
5 5267
16 5267
7 5267
11 5267
21 5267
15 5267
18 5267
23 5267
2 5267
14 5267
10 5267
0 5267
13 5267
24 5267
2 1034
0 1034
0 2191
1 2191
123 247
123 247
12 1416
513 1027
0 319
0 1042
0 384
0 163
4 127
0 484
1 900
0 544
132 265
8 368
0 930
1 2416
1 2416
5 2416
7 919
406 407
0 382
0 247
4 233
8 1183
6 1183
4 1183
1 1185
3 382
0 340
1 3763
0 3763
176 177
238 477
4 141
23 242
0 295
1 295
16 395
307 615
1 308
2 1695
6 511
0 227
2 257
3 2339
15 395
2 359
7 761
254 257
0 176
167 336
2 195
363 365
13 240
5 230
1 196
168 338
13 1116
5 1116
2 1124
0 300
1 1623
452 906
28 57
0 188
2 1057
0 233
4 721
6 318
3 735
349 699
0 446
0 310
1 165
232 465
3 1130
339 679
1 392
173 348
10 1898
0 1898
5 472
35 950
97 950
37 950
0 191
1 1695
1 324
1 282
1 861
37 1695
179 360
959 960
385 388
2 1701
2 453
1 453
246 247
2 461
294 295
15 1042
274 549
159 319
3 1110
17 2517
1 866
0 866
70 141
0 387
23 48
0 1791
3 1791
7 511
1 275
142 286
0 423
3 191
8 950
254 509
0 861
3 364
4 364
5 378
1 3651
0 364
5 364
0 298
1 679
14 654
6 177
6 605
4 392
3 392
4 569
0 43
4 414
2 272
5 327
0 2050
1 2050
2 2050
0 617
9 927
3 1268
0 1268
1 1268
706 1413
78 157
315 317
784 790
394 790
4 812
538 1077
291 584
280 562
23 1360
1 1695
202 405
293 587
4 127
2 1592
0 1592
0 1719
2 1719
1 1719
5 548
4 548
97 195
2 352
0 1043
4 2703
2 2703
4 2703
2 2703
582 1165
12 395
1 1323
3 1323
0 1323
18 1323
2 1323
0 118
7 165
6 663
6 451
20 1536
2 1526
1 1526
1 1526
2 116
163 327
2 587
0 139
4 325
1287 1288
1 116
119 240
0 217
355 712
15 1386
18 2339
0 2517
190 381
141 284
3 183
147 295
19 2517
18 2339
17 465
2 247
1 2517
0 55
1 281
0 247
25 1360
6 461
1880 3761
10 590
1 594
377 378
26 1539
53 108
2168 4338
775 1552
3 152
10 646
4 306
40 657
653 657
520 1042
210 421
4 1042
4 222
7 1034
0 270
4 1104
0 486
13 502
2 57
407 816
11 2365
536 1074
0 187
11 2236
3 2236
2 2236
0 2236
4 405
1 1110
8 497
110 222
119 120
0 151
0 1392
0 230
4 86
7 78
1169 2339
8 9
6 1021
8 318
1 308
2 279
3 762
2 88
360 721
2 1027
13 500
1 89
2 86
12 159
1 733
20 725
3 276
2 497
4 1130
0 456
0 654
776 777
1 53
0 340
237 475
2 142
6 694
0 41
0 90
20 588
7 588
3 588
1 214
2 67
3 588
2 327
1 342
2 588
96 193
3 161
44 90
13 588
6 41
3 322
1 718
2 142
11 567
587 588
56 113
0 120
12 588
3 567
293 588
586 588
15 483
28 588
5 218
293 588
10 282
9 282
293 588
108 218
4 327
11 24
0 274
5 274
2 214
1 142
6 90
44 90
1 228
5 567
0 229
283 567
7 343
10 228
3 327
0 43
16 386
346 694
113 228
4 475
3 588
237 475
22 946
0 475
0 567
1 457
7 327
9 483
11 343
4 116
0 475
113 228
2 342
163 327
279 560
114 229
0 99
9 588
21 43
21 43
0 168
12 141
0 483
7 16
15 588
5 386
8 334
293 588
293 588
293 588
293 588
3 90
17 588
7 271
12 588
14 386
4 67
279 560
170 342
4 454
5 588
12 588
5 211
346 694
346 694
8 228
163 327
12 588
25 752
1 53
0 229
27 588
7 41
1 374
4 334
6 588
31 475
5 110
1 229
1 58
20 588
2 142
76 153
3 334
4 116
58 118
293 588
192 386
14 327
3 142
113 228
77 156
3 588
6 588
3 327
171 343
76 153
8 475
4 588
5 99
2 588
6 588
286 574
3 694
2 90
25 694
0 56
279 560
9 342
160 322
4 752
12 588
19 327
2 193
5 454
2 342
2 67
14 327
25 588
5 229
1 342
3 67
1336 2673
3 211
13 483
15 327
2 228
4 33
480 962
3 1539
0 125
0 120
39 80
1 816
0 554
87 176
4 406
0 66
2 473
0 977
0 844
0 290
7 502
87 88
137 275
146 147
4 515
0 1205
4 1403
0 1695
2 605
17 605
3 1347
11 1347
44 1516
0 295
0 473
0 59
6 1021
11 788
113 228
2 1110
0 88
0 768
3 476
5 337
339 340
37 1695
4 127
1 308
7 378
0 241
451 452
2 284
1 1900
0 1900
2 3101
0 3101
0 6
8 218
24 664
0 158
0 423
19 951
16 951
1 623
0 399
19 1577
0 278
6 214
1 2150
0 2150
0 145
0 404
0 1074
1 336
0 362
4 594
1 216
9 439
4 527
15 1386
12 639
14 762
0 625
1 625
0 725
0 395
0 1036
17 1042
1 393
10 1539
2 368
8 1539
58 117
8 632
26 1042
258 518
1 567
1 452
1 1071
0 347
2 303
0 120
30 270
4 2237
30 2237
1 2237
8 2237
17 2237
0 233
775 1552
0 409
0 1230
2 1230
26 853
1 400
0 126
0 446
428 857
0 973
0 274
1 274
1 3390
17 3390
3 3390
0 3390
0 584
12 890
2 626
107 216
0 1346
0 247
143 287
39 79
0 196
95 191
121 7353
118 7353
70 7353
488 7353
7 7353
23 7353
153 7353
15 7353
133 7353
3676 7353
3 7353
134 7353
43 7353
239 7353
88 7353
16 7353
4 141
3 2466
4 2466
0 2466
1 2466
17 1456
18 10604
11 10604
93 10604
40 10604
41 10604
2 10604
37 10604
31 10604
9 10604
46 10604
29 10604
52 10604
1 10604
4 10604
98 10604
43 10604
13 1655
14 1655
0 407
2 1162
3 1162
0 1162
1 1162
4 479
311 623
0 87
1 564
195 391
0 295
0 590
1 508
847 1695
23 47
393 788
7 788
393 788
11 788
393 788
0 788
1 788
393 788
393 788
5 230
3 739
2 436
14 1695
0 247
4 626
17 567
57 115
23 48
0 344
3 684
381 764
1 582
4 1072
2 1862
0 1862
7 369
437 876
1 625
1 233
1 937
0 937
5 937
1 230
1 421
1 272
6 218
2 812
825 826
1 919
1 887
1 1072
1169 2339
6 958
0 958
13 1623
70 141
6 792
4 811
2 2330
0 2330
5 247
973 974
59 120
0 182
0 423
0 1967
0 30
6 384
2 549
1146 1153
0 497
3 188
248 498
1 157
3 157
2336 2339
9 950
3 57
0 135
236 473
0 962
1 448
0 163
3 414
3 1161
0 1161
1 1161
0 117
0 96
701 1403
0 1346
1 139
7 1110
11 473
6 318
0 318
1 700
1 162
0 1967
6 1539
5 1539
105 106
0 5662
2 5662
4 5662
2 5662
1 5662
1534 1536
17 1536
13 625
8 2565
0 2565
16 2565
1 2565
9 2565
7 2565
873 1747
13 384
91 183
1 1249
5 1249
0 87
7 812
372 746
0 2128
1 2128
3 2128
0 473
1 67
7 124
177 178
0 764
1 379
1 2396
0 2396
2 2396
14 890
1 890
8 890
0 38
0 2407
3 2407
1 2407
6 2407
1 735
0 581
1 581
2 385
2 385
13 615
1 139
8 641
4 448
3 1064
0 1064
2 2225
3 89
0 941
0 89
0 1419
2 452
1 80
8 554
1 89
1 1294
23 1294
190 381
12 1948
3 1948
0 1948
25 1948
1 962
223 448
1 352
136 137
2 594
1 1708
0 1708
143 287
0 25
0 816
2 626
0 90
7 2339
0 1536
3 233
1 69
1 319
5 796
0 446
1 527
1 142
1 369
1 153
4 590
5 385
206 413
1 446
1 2395
0 2395
0 404
295 592
19 2163
5 2163
15 2163
27 55
21 191
0 2423
1 2423
5 2423
3 344
2 196
0 452
701 1403
0 1205
2 1205
4 1014
0 294
1 448
5 86
5 395
17 844
0 844
151 303
26 1360
0 812
106 107
0 562
1 479
9 467
35 1733
22 1733
16 1733
4 80
738 739
0 446
123 247
0 389
0 733
5 215
4 295
25 431
1 175
6 130
186 187
1 135
1 284
2 371
164 330
1 1724
0 1724
2 1724
4 549
9 919
569 1139
0 896
1 896
8 437
51 103
9 264
3 261
3 264
0 648
11 1577
2 1501
3 1501
1 1501
308 617
9 1618
1 285
503 504
114 115
1 48
0 247
1 737
0 223
0 509
0 311
3 594
238 477
0 345
1 733
5 789
0 789
0 605
1 1747
0 347
12 1511
24 1511
5 362
13 147
0 307
138 139
137 139
0 382
882 1766
393 788
2 788
3 788
4 788
393 788
0 788
1 788
393 788
5 788
22 694
0 694
4 307
1 174
10 371
538 1077
2 537
88 178
0 103
3 290
4 3159
5 3159
2 3159
11 1331
24 50
3 716
1 508
13 1909
25 1909
13 1909
1 1618
808 1618
0 384
4 384
0 102
0 94
0 585
5 474
267 535
0 261
37 295
0 169
0 148
4 183
8 876
1 733
11 1787
15 1787
1 1787
4 617
0 1553
1 1553
6 504
0 343
1 632
0 127
12 504
9 1083
2 65
4 1144
6 178
6 172
119 240
215 431
19 919
497 498
1 1618
737 1475
183 368
3 26
5 1965
3 1965
0 1965
1 1965
2 1965
6 1965
13 125
0 175
27 55
15 379
1 229
0 229
1 230
3 1042
0 344
11 323
5 746
14 876
8 479
202 406
2 504
3 171
5 575
12 764
17 1913
0 1913
1 1057
1 269
1 173
171 344
0 772
0 242
2 1695
18 1695
5 382
11 764
0 175
0 94
1 811
0 394
0 1287
0 176
9 139
0 310
1 360
3 230
4 811
1 381
0 1129
9 1129
1 1129
1 638
9 1071
32 1410
9 1410
25 1410
1 811
0 497
18 37
0 285
10 305
1 256
1 360
116 233
622 623
0 1061
4 260
0 452
4 563
7 592
5 144
163 327
0 617
5 337
4 362
2987 5976
66 5976
15 5976
92 5976
103 5976
1 5976
110 5976
8 5976
57 5976
537 1075
378 379
660 661
1 162
3 2517
17 431
4 100
1 1386
4 850
1 511
5 405
0 1102
1 1102
0 370
10 196
1 361
32 841
697 698
0 124
0 290
108 218
435 439
11 229
0 349
1 89
0 360
12 333
13 333
4 526
5 122
3 412
97 196
6 874
0 247
5 896
0 338
1 338
0 142
66 1779
889 1779
54 1779
889 1779
6 1238
14 876
6 1853
0 1853
0 1853
2 592
562 564
86 173
6 1539
0 158
1 812
4 584
0 328
130 262
0 816
0 99
397 796
9 404
5 146
6 345
3 464
113 228
273 274
459 919
2 502
2 1110
3 122
5 446
10 518
0 141
16 585
29 561
0 2808
1 1357
707 1416
1 204
6 100
281 563
281 564
0 473
15 1110
0 339
163 327
1 308
147 295
2 587
0 777
3 558
74 149
104 209
2 279
1 962
1 3095
3 3095
0 3095
4 1617
0 1617
2 1617
1 1617
2 318
7 327
0 1767
4 1767
2 1767
1 1767
15 240
1 1071
3 522
0 1618
1 465
0 465
1 465
