378 384
371 375
2 392
13 576
0 576
31 776
2 776
476 511
2206 2287
2220 2287
693 745
0 745
54 914
1 338
3 448
653 691
685 691
181 183
869 914
1122 1155
1145 1155
1032 1155
7 1155
4 1155
1334 1370
33 1623
7388 7389
7375 7389
7005 7389
10 7389
144 7389
7377 7389
7281 7389
1 7389
35 7389
7319 7389
7125 7389
2328 2339
525 615
1272 1288
169 176
1259 1265
1197 1265
1239 1265
144 150
71 79
4 1983
1966 1983
7 1983
1941 1983
9 269
343 397
22 1208
3 1208
1167 1208
1465 1474
237 240
0 448
556 558
1060 1113
11 1113
0 79
302 305
399 400
375 388
567 590
1382 1483
4 152
143 152
794 796
1487 1536
0 805
269 276
327 328
1264 1267
1263 1267
1257 1267
1193 1267
1265 1267
0 522
190 198
951 1013
9 1013
144 152
1286 1303
992 1008
970 1008
8 327
550 562
2 737
3 737
249 264
3 175
42 44
0 89
1854 1913
1823 1913
1451 1539
972 973
851 855
299 301
123 7645
3 7645
7644 7645
7132 7645
134 7645
7634 7645
7643 7645
7632 7645
7639 7645
29 7645
6 7645
7604 7645
7512 7645
7529 7645
7361 7645
7505 7645
258 7645
7255 7645
7424 7645
7585 7645
8869 9306
8952 9306
9071 9306
9299 9306
9297 9306
109 9306
9305 9306
9304 9306
9226 9306
230 9306
8 9306
9301 9306
9124 9306
9162 9306
9302 9306
9251 9306
9274 9306
438 9306
3729 3760
54 3760
3758 3760
3759 3760
3753 3760
3727 3760
3721 3760
3757 3760
679 689
277 295
1446 1454
1450 1454
17 1454
9 1454
623 626
200 203
400 405
787 794
792 794
837 844
572 657
1101 1110
148 150
2 1071
0 812
0 812
0 422
889 896
394 395
3 2339
0 135
14 324
0 721
69 79
195 204
4 811
1 368
0 380
0 380
0 384
1 152
0 98
66 68
6 446
0 777
1 777
1 884
875 884
1512 1514
848 876
325 348
0 169
656 663
661 663
301 303
237 240
438 441
1461 1474
0 733
1 1077
372 404
0 973
133 138
17 1618
546 567
873 876
157 176
3 2150
2093 2150
873 876
1 311
1513 1597
1444 1597
1567 1597
1527 1597
613 618
0 98
181 184
756 776
22 776
495 497
56 57
21 392
668 670
30 670
16 392
1 511
3 247
798 876
0 344
897 965
1527 1539
488 509
204 215
171 176
200 215
203 215
1365 1386
276 283
3 764
462 465
784 792
10249 10782
10055 10782
10556 10782
2 10782
10600 10782
10080 10782
10605 10782
10566 10782
141 10782
34 10782
10561 10782
10761 10782
10763 10782
10768 10782
10728 10782
10454 10782
37 10782
10033 10782
10651 10782
10332 10782
10270 10782
10451 10782
19 10782
10769 10782
10561 10782
10538 10782
201 224
715 767
2 144
35 540
2470 2510
29 2510
10 269
4 269
1251 1269
0 1269
15 919
1 782
1 448
0 931
880 931
1 247
85 89
2031 2038
3 2038
10 2038
426 446
711 737
1889 1898
1891 1898
18 584
1336 1360
2 2257
5 2257
1686 1695
2325 2339
1068 1072
693 746
692 746
2018 2150
2099 2150
3381 3410
3321 3410
3364 3410
723 746
2100 2150
2123 2150
751 764
726 746
429 456
585 590
62 2449
2448 2449
184 191
749 777
4 266
1007 1027
12 976
18 976
4 3000
2991 3000
6 3000
16 3000
9 3000
2890 3000
3 202
0 456
727 777
365 381
1 295
185 186
440 441
0 94
7 68
246 287
237 240
3 142
238 240
2 655
2 1197
5 2831
4 2831
3 2831
2 2831
1 1331
4206 4210
4207 4210
4136 4210
4204 4210
4185 4210
4190 4210
68 4210
198 4210
4208 4210
4205 4210
4151 4210
1 20
201 209
0 677
9 677
2 1547
1523 1547
887 888
886 888
339 344
389 413
894 1012
880 1012
919 1012
263 269
0 467
501 504
1053 1110
523 585
2104 2128
2024 2128
2049 2128
932 960
1407 1483
1489 1536
1505 1536
1105 1110
0 1069
30 1069
1067 1069
1011 1014
778 811
1081 1110
422 423
0 93
170 183
375 384
699 724
2347 2375
2278 2375
2324 2375
169 178
774 788
781 788
783 788
769 788
777 788
782 788
768 788
773 788
771 788
154 203
220 226
2 4949
4795 4949
84 4949
5 4949
4883 4949
40 4949
53 4949
115 120
32 2150
2105 2150
2098 2150
639 653
658 689
4 2955
0 2955
2925 2955
3 2955
2919 2955
2908 2955
2924 2955
12 1695
427 439
429 439
223 225
14 2163
13 2163
1134 13875
13464 13875
10 13875
9 13875
20 13875
13270 13875
13645 13875
13560 13875
382 13875
13387 13875
12887 13875
13620 13875
13785 13875
13836 13875
6 2339
216 222
148 150
4 1164
2 1164
1080 1164
1 2347
0 2347
3 2347
2 2347
629 633
6 384
3082 3126
2948 3126
3088 3126
3064 3126
60 3126
3033 3126
3059 3126
1067 1078
1077 1078
12 1078
5 267
0 1926
491 526
809 812
820 858
2 5657
13 5657
76 5657
3 5657
5603 5657
9 5657
5194 5657
5614 5657
1040 1042
422 423
202 218
159 172
1141 1307
85 1021
378 384
399 400
237 240
225 247
156 176
0 247
107 124
606 618
1 247
1535 1708
25 1708
28 1708
8 1708
737 762
48 762
1 152
364 371
263 264
439 442
441 442
387 389
17 5642
21 5642
34 5642
327 5642
16 5642
5 5642
5627 5642
411 416
7 223
85 86
504 543
0 1403
0 1403
625 679
1 2517
0 87
649 689
2 336
0 89
147 153
5 1403
1959 1963
1949 1963
1824 2002
1840 2002
1997 2002
146 147
146 147
156 163
263 264
2 1539
260 264
552 590
172 181
220 241
15 465
6 764
10 764
738 764
260 295
1643 1652
1633 1652
1954 1967
85 86
0 1110
2 1183
1 1183
29 1183
862 876
386 389
1098 1124
1090 1124
1 1014
10 961
7 961
1 961
3 526
0 359
7 1130
0 257
1366 1386
33 842
1000 1042
3 257
2312 2403
2142 2403
2329 2403
102 106
372 375
10 617
267 270
269 270
339 340
303 327
6 380
509 518
586 587
583 587
0 384
406 424
263 264
1 699
1265 1317
1313 1317
1292 1317
118 120
0 594
0 538
0 603
27 1130
0 344
237 240
10 1241
121 122
843 855
1893 1898
1896 1898
1873 1898
1883 1898
370 384
13 17
901 914
14 777
158 163
4673 4713
4637 4713
4697 4713
4153 4713
4699 4713
4428 4713
42 44
2121 2150
2106 2150
2 2150
4 2150
392 402
245 266
758 781
752 781
5 781
772 781
660 664
682 689
0 874
791 796
795 796
1383 1464
1409 1464
1439 1464
543 548
380 382
2 233
4 663
251 257
495 506
5 1012
242 257
565 626
0 371
9 782
66 3816
3806 3816
3771 3816
3742 3816
3727 3816
3810 3816
153 3816
338 340
1288 1347
1322 1347
147 149
533 554
322 364
26 364
275 295
32 435
676 695
4 1247
5 1247
387 423
904 914
0 265
612 631
629 631
185 186
501 518
156 171
499 511
403 431
11 2308
1 2308
2187 2303
0 2303
13 145
2 145
11 145
0 467
505 518
401 405
315 318
409 423
303 324
387 389
10 8726
8686 8726
8233 8726
15 8726
8324 8726
8639 8726
8314 8726
8484 8726
8720 8726
8722 8726
5 8726
16 8726
7889 8726
412 422
100 108
440 456
868 1036
876 1036
368 391
334 344
638 679
7 154
11 397
0 3066
2 3066
3058 3066
1179 1214
1180 1214
1481 1595
1471 1595
759 764
0 457
0 368
0 376
7 209
202 209
1 1191
0 1191
591 592
376 378
129 141
387 389
443 446
255 264
515 526
1075 1110
900 12734
199 12734
12733 12734
93 12734
12660 12734
12391 12734
308 12734
11960 12734
12189 12734
28 12734
23 12734
15 12734
283 12734
66 12734
11809 12734
107 12734
54 12734
12246 12734
202 203
0 89
620 653
15 295
0 841
0 441
381 384
862 876
1186 1264
1242 1264
1258 1264
0 404
5 1483
0 1110
8 590
564 590
258 264
106 107
6 1386
143 148
0 89
10 842
460 461
8 669
666 669
6 737
654 699
5 423
6 737
106 107
106 107
140 148
23 473
15 2629
153 2629
9 2629
2614 2629
375 384
1587 1589
1566 1589
1545 1589
2 113
2654 2696
2683 2696
11 2696
752 774
1 664
935 987
983 987
985 987
64 4344
4248 4344
3994 4344
232 4344
5 4344
29 4344
4115 4344
213 222
592 626
1315 1376
1313 1376
1135 1376
1346 1376
556 558
678 680
671 680
230 234
10 177
13 177
380 384
429 441
428 441
3 376
1490 1511
1480 1511
0 522
521 522
0 169
1 737
1 664
467 479
2125 2238
2231 2238
2037 2238
1 2238
1064 1074
1 737
754 762
2456 2517
754 788
2299 2300
2284 2300
755 762
596 618
181 183
269 270
3 558
251 252
284 295
3 1913
1869 1913
652 656
2 656
653 656
238 240
407 423
19 764
370 373
427 446
1 357
379 423
2 632
568 590
542 562
5 456
0 9
293 587
549 562
959 1014
684 774
0 404
526 567
3 1407
573 594
636 690
623 690
234 250
126 127
294 295
13 2725
33 2725
30 2725
21 2725
22 2725
2 442
409 442
495 518
499 508
7 269
267 269
36 38
87 6094
28 6094
13 6094
19 6094
81 6094
1330 1370
2727 2737
2551 2737
1365 1409
488 526
436 465
328 339
926 960
923 960
374 382
22 295
0 404
2 431
1518 1536
536 615
0 844
0 308
2 504
8 560
602 730
0 730
668 764
1600 1701
237 240
2 283
593 596
5 392
37 2339
2 2339
2 303
431 461
549 563
6 438
104 122
31 980
66 980
804 845
596 665
9 378
333 352
871 889
875 889
11 189
13 431
742 751
493 526
1948 1955
1926 1955
1950 1955
1943 1955
1806 1955
1951 1955
81 9453
9220 9453
94 9453
63 9453
9168 9453
131 9453
2 9453
67 9453
72 9453
84 9453
61 9453
148 9453
23 9453
37 9453
208 9453
3432 3604
3484 3604
37 3604
3434 3604
24 3604
2952 2982
2942 2982
2980 2982
2941 2982
2829 2982
9 1152
481 499
0 181
1 181
226 249
607 613
387 395
520 575
6 122
1041 1114
1095 1114
1 283
4 283
5 241
2 55
646 655
56 1887
1875 1887
38 1887
7507 7512
7473 7512
7501 7512
7428 7512
51 7512
7381 7512
7506 7512
6744 7512
27 7512
7279 7512
7458 7512
7508 7512
7450 7512
7270 7512
7333 7512
313 328
9 623
3 106
73 82
2 305
187 196
139 151
3 439
319 328
1995 2031
90 4370
85 4370
63 4370
79 4370
37 4370
103 4370
38 4370
35 4370
325 340
0 360
0 269
0 413
829 887
11 187
2 187
1 534
1494 1539
37 726
249 257
193 202
744 764
747 764
443 473
8 729
9 729
6 729
173 174
3 593
1 326
8 282
58 59
4 2849
74 2849
5 2849
39 2849
185 225
380 435
15 435
1 522
0 146
478 479
19 399
1 587
553 562
774 788
783 788
784 788
777 788
779 788
781 788
772 788
775 788
780 788
16 473
11 473
1476 1528
0 1528
17 1904
40 1904
710 733
213 219
2352 2417
2415 2417
15 594
6 594
11 594
10 620
1 620
1 476
15 476
0 405
1610 1695
5 91
2 91
0 1223
1 1223
3 1223
468 479
316 328
11 1879
4 1879
4798 4834
7 4834
4807 4834
4831 4834
24 4834
23 4834
144 145
727 739
7 336
325 361
164 177
374 413
732 759
190 191
188 191
8 240
228 233
174 177
0 176
1 318
39 807
37 807
711 761
408 446
0 931
3 931
0 1074
4 812
243 287
721 764
1042 1043
3 857
3 922
1 558
12 558
225 279
1 173
121 130
1 617
2 617
55 1707
1704 1707
5 4275
116 4275
4245 4275
4071 4275
4118 4275
0 1149
1069 1149
1099 1149
2951 2971
2953 2971
2 336
2 318
1024 1026
0 92
85 92
298 311
146 161
758 774
125 127
375 379
391 400
421 428
0 381
550 562
11 497
392 393
1 279
319 323
371 395
19 223
0 362
492 509
3 2434
621 716
2 388
217 233
0 484
476 484
475 484
7 1075
5 1075
1021 1075
1040 1075
1 118
1 114
790 844
777 844
0 306
1711 1742
1680 1742
1694 1742
435 441
626 655
681 764
38 509
3660 3737
9 3737
3 3737
2 3737
496 562
2079 2181
0 338
0 40
324 379
402 405
431 474
14 98
1118 1143
2 368
48 699
0 343
113 126
2 1644
1643 1644
11 767
7 767
3 767
1 20
275 310
0 354
0 61
264 297
639 727
386 395
1556 1618
223 233
1 381
7 473
23 217
2 152
674 768
10 171
1 567
1 301
4 461
774 788
780 788
784 788
775 788
777 788
782 788
772 788
773 788
776 788
401 405
641 653
5 139
6 324
960 973
1262 1386
628 633
654 664
1504 1618
386 395
0 295
339 344
227 230
2099 2219
372 385
9 527
0 1926
0 1926
537 548
1 919
693 699
462 472
318 327
0 821
4 821
14 821
0 526
2 567
25 1012
3 1012
4 1012
549 562
23 739
2 266
206 227
0 241
626 635
366 391
0 177
2 407
426 435
497 535
5 527
1 371
359 371
0 240
10 57
273 297
3 262
344 361
1292 1312
72 84
265 287
503 509
582 585
511 592
771 812
2041 2339
272 290
0 948
1 948
415 448
964 973
2 360
387 389
1623 1646
1 2101
2 2101
6 2101
1960 2101
850 876
417 472
10 265
42 777
8 502
4 137
183 209
2 144
168 183
0 370
128 135
114 120
69 962
681 721
108 114
41 3218
1694 1747
0 231
1053 1110
131 153
275 290
15 397
314 325
310 319
361 382
49 5267
34 5267
25 5267
24 5267
116 5267
40 5267
70 5267
125 5267
11 5267
12 5267
18 5267
0 5267
28 5267
60 5267
2 1034
954 1034
21 2191
13 2191
8 247
5 247
57 1416
62 1027
4 319
1 1042
7 384
2 163
0 127
3 484
6 900
2 544
7 265
7 368
1 930
2265 2416
2264 2416
2222 2416
814 919
391 407
1 382
0 247
4 233
1 1183
4 1183
1124 1183
5 1185
8 382
2 340
1 3763
5 3763
176 177
466 477
138 141
5 242
1 295
2 295
2 395
556 615
4 308
2 1695
457 511
2 227
248 257
36 2339
378 395
0 359
3 761
231 257
173 176
13 336
189 195
354 365
238 240
224 230
174 196
7 338
1092 1116
1094 1116
2 1124
0 300
1582 1623
863 906
0 57
0 188
40 1057
0 233
670 721
314 318
726 735
27 699
0 446
0 310
0 165
441 465
992 1130
663 679
7 392
4 348
110 1898
1872 1898
0 472
946 950
949 950
934 950
190 191
15 1695
321 324
263 282
6 861
28 1695
11 360
931 960
351 388
0 1701
452 453
451 453
241 247
1 461
294 295
978 1042
497 549
2 319
17 1110
8 2517
29 866
2 866
112 141
1 387
2 48
1677 1791
1427 1791
7 511
263 275
2 286
406 423
139 191
5 950
506 509
0 861
314 364
305 364
369 378
3484 3651
10 364
321 364
265 298
661 679
4 654
176 177
600 605
5 392
2 392
17 569
0 43
398 414
267 272
313 327
1932 2050
75 2050
12 2050
602 617
2 927
17 1268
5 1268
11 1268
8 1413
148 157
7 317
762 790
757 790
3 812
1048 1077
567 584
9 562
1335 1360
43 1695
387 405
31 587
126 127
20 1592
1 1592
5 1719
2 1719
3 1719
547 548
57 548
191 195
338 352
3 1043
2661 2703
2665 2703
2679 2703
2652 2703
1105 1165
391 395
2 1323
3 1323
1 1323
17 1323
5 1323
0 118
140 165
595 663
413 451
0 1536
1516 1526
1464 1526
1521 1526
0 116
12 327
1 587
123 139
2 325
1175 1288
0 116
6 240
8 217
26 712
26 1386
2333 2339
2472 2517
14 381
2 284
164 183
14 295
0 2517
45 2339
446 465
1 247
63 2517
0 55
5 281
206 247
1341 1360
424 461
3555 3761
567 590
5 594
23 378
1500 1539
7 108
161 4338
43 1552
1 152
15 646
2 306
656 657
652 657
22 1042
417 421
1038 1042
213 222
1013 1034
264 270
3 1104
0 486
491 502
56 57
15 816
29 2365
10 1074
0 187
2228 2236
2220 2236
2177 2236
1 2236
402 405
1009 1110
483 497
213 222
117 120
0 151
1 1392
0 230
85 86
75 78
2170 2339
8 9
996 1021
313 318
4 308
21 279
752 762
87 88
4 721
14 1027
496 500
1 89
1 86
155 159
702 733
699 725
1 276
483 497
1116 1130
441 456
0 654
759 777
51 53
5 340
471 475
0 142
647 694
40 41
78 90
587 588
586 588
578 588
212 214
66 67
566 588
1 327
1 342
1 588
191 193
141 161
2 90
571 588
40 41
310 322
3 718
133 142
547 567
30 588
1 113
0 120
570 588
492 567
24 588
585 588
444 483
584 588
190 218
586 588
0 282
0 282
559 588
196 218
324 327
23 24
271 274
18 274
198 214
1 142
0 90
1 90
0 228
554 567
2 229
547 567
332 343
3 228
281 327
0 43
4 386
660 694
194 228
0 475
560 588
451 475
17 946
1 475
532 567
407 457
16 327
0 483
17 343
3 116
441 475
1 228
13 342
1 327
31 560
13 229
98 99
558 588
38 43
5 43
0 168
3 141
13 483
14 16
9 588
0 386
7 334
2 588
1 588
5 588
2 588
1 90
579 588
0 271
587 588
4 386
0 67
538 560
3 342
450 454
581 588
55 588
0 211
650 694
5 694
8 228
27 327
586 588
710 752
46 53
222 229
571 588
37 41
369 374
315 334
5 588
1 475
1 110
228 229
55 58
581 588
0 142
3 153
2 334
111 116
116 118
587 588
3 386
7 327
137 142
214 228
3 156
5 588
3 588
1 327
333 343
3 153
17 475
1 588
98 99
1 588
0 588
539 574
648 694
0 90
37 694
0 56
20 560
1 342
28 322
0 752
587 588
303 327
189 193
1 454
0 342
66 67
0 327
6 588
1 229
0 342
66 67
42 2673
184 211
443 483
323 327
226 228
4 33
12 962
1495 1539
0 125
0 120
71 80
1 816
0 554
1 176
398 406
0 66
4 473
0 977
0 844
0 290
476 502
87 88
2 275
144 147
42 515
0 1205
0 1403
1632 1695
542 605
602 605
1327 1347
1280 1347
1497 1516
0 295
469 473
0 59
970 1021
27 788
223 228
1099 1110
87 88
0 768
3 476
336 337
332 340
1655 1695
126 127
0 308
372 378
0 241
3 452
0 284
1 1900
0 1900
13 3101
0 3101
4 6
204 218
647 664
0 158
402 423
935 951
950 951
540 623
0 399
1525 1577
264 278
3 214
2073 2150
2055 2150
142 145
1 404
0 1074
320 336
0 362
4 594
0 216
416 439
487 527
1367 1386
0 639
750 762
0 625
1 625
0 725
0 395
0 1036
955 1042
372 393
1481 1539
345 368
1481 1539
102 117
565 632
1023 1042
0 518
2 567
432 452
2 1071
336 347
0 303
0 120
269 270
2017 2237
2232 2237
2217 2237
2170 2237
0 2237
195 233
29 1552
0 409
0 1230
2 1230
851 853
388 400
0 126
443 446
13 857
0 973
1 274
0 274
2 3390
17 3390
3 3390
6 3390
0 584
834 890
607 626
15 216
0 1346
0 247
1 287
76 79
0 196
185 191
6900 7353
7350 7353
35 7353
7091 7353
7231 7353
1 7353
7098 7353
7298 7353
7349 7353
6672 7353
7313 7353
6887 7353
7335 7353
6767 7353
7152 7353
0 7353
139 141
2379 2466
2392 2466
2439 2466
2363 2466
1368 1456
10444 10604
10528 10604
10597 10604
7 10604
10520 10604
10585 10604
10195 10604
10016 10604
10494 10604
10497 10604
1 10604
10234 10604
10386 10604
9674 10604
10003 10604
10302 10604
1635 1655
1634 1655
0 407
1142 1162
1129 1162
37 1162
1125 1162
468 479
577 623
0 87
534 564
0 391
0 295
1 590
487 508
1667 1695
1 47
770 788
779 788
780 788
772 788
776 788
785 788
778 788
766 788
774 788
224 230
650 739
425 436
1623 1695
0 247
602 626
566 567
114 115
1 48
323 344
633 684
18 764
567 582
982 1072
1786 1862
11 1862
4 369
873 876
0 625
217 233
924 937
931 937
862 937
0 230
1 421
267 272
200 218
799 812
810 826
0 919
5 887
1 1072
62 2339
927 958
911 958
24 1623
139 141
785 792
802 811
0 2330
1 2330
3 247
9 974
118 120
0 182
406 423
0 1967
0 30
5 384
20 549
1122 1153
0 497
180 188
457 498
155 157
146 157
2326 2339
1 950
56 57
1 135
443 473
0 962
431 448
0 163
383 414
14 1161
1 1161
2 1161
0 117
1 96
4 1403
0 1346
1 139
1099 1110
470 473
11 318
0 318
650 700
158 162
34 1967
1482 1539
1361 1539
101 106
6 5662
2 5662
8 5662
4 5662
10 5662
1461 1536
5 1536
605 625
2513 2565
2506 2565
2526 2565
3 2565
2534 2565
2349 2565
1746 1747
383 384
169 183
1227 1249
1241 1249
0 87
734 812
726 746
2111 2128
1993 2128
2069 2128
469 473
0 67
120 124
157 178
0 764
1 379
2366 2396
0 2396
1 2396
863 890
884 890
867 890
0 38
4 2407
7 2407
2351 2407
2 2407
696 735
574 581
540 581
2 385
4 385
2 615
5 139
637 641
0 448
1031 1064
1063 1064
2133 2225
84 89
0 941
70 89
0 1419
419 452
75 80
517 554
0 89
1293 1294
1241 1294
13 381
1921 1948
1947 1948
1945 1948
1942 1948
6 962
419 448
1 352
135 137
0 594
1519 1708
0 1708
276 287
0 25
812 816
616 626
82 90
1994 2339
0 1536
224 233
63 69
309 319
770 796
443 446
490 527
0 142
352 369
17 153
584 590
0 385
405 413
2 446
2138 2395
2183 2395
373 404
295 592
2064 2163
2035 2163
2124 2163
0 55
188 191
2219 2423
2289 2423
2420 2423
336 344
183 196
445 452
1352 1403
0 1205
2 1205
930 1014
287 294
419 448
85 86
0 395
839 844
0 844
0 303
1346 1360
0 812
101 107
0 562
476 479
445 467
1730 1733
1703 1733
1722 1733
72 80
685 739
408 446
225 247
385 389
0 733
202 215
2 295
0 431
167 175
129 130
185 187
2 135
0 284
362 371
295 330
1674 1724
2 1724
88 1724
490 549
908 919
1082 1139
0 896
1 896
3 437
0 103
250 264
0 261
1 264
631 648
1528 1577
1439 1501
1472 1501
1457 1501
559 617
1605 1618
275 285
5 504
114 115
47 48
241 247
728 737
0 223
0 509
305 311
572 594
466 477
324 345
2 733
742 789
6 789
0 605
1690 1747
342 347
1506 1511
1504 1511
0 362
146 147
278 307
138 139
137 139
352 382
1724 1766
775 788
780 788
783 788
771 788
781 788
782 788
772 788
774 788
773 788
690 694
682 694
305 307
170 174
347 371
1020 1077
529 537
5 178
102 103
277 290
3129 3159
3088 3159
3096 3159
1308 1331
8 50
1 716
483 508
1905 1909
1891 1909
1900 1909
1543 1618
1564 1618
0 384
0 384
0 102
93 94
0 585
414 474
522 535
0 261
294 295
0 169
146 148
9 183
856 876
2 733
2 1787
1759 1787
1785 1787
526 617
0 1553
2 1553
3 504
1 343
540 632
0 127
499 504
1071 1083
63 65
1051 1144
164 178
4 172
6 240
411 431
917 919
486 498
1 1618
1447 1475
350 368
25 26
29 1965
27 1965
4 1965
15 1965
1 1965
33 1965
124 125
171 175
51 55
358 379
0 229
1 229
212 230
1 1042
336 344
320 323
721 746
873 876
467 479
404 406
486 504
159 171
513 575
730 764
1867 1913
1833 1913
39 1057
4 269
0 173
329 344
0 772
0 242
1553 1695
1654 1695
380 382
730 764
0 175
90 94
0 811
0 394
1 1287
164 176
136 139
0 310
2 360
214 230
1 811
0 381
0 1129
1097 1129
1081 1129
0 638
1067 1071
12 1410
1403 1410
1408 1410
0 811
482 497
0 37
273 285
302 305
6 256
1 360
231 233
604 623
873 1061
246 260
437 452
552 563
589 592
1 144
310 327
0 617
336 337
361 362
5936 5976
5415 5976
5958 5976
5447 5976
27 5976
5974 5976
5593 5976
5882 5976
5881 5976
1057 1075
360 379
635 661
152 162
44 2517
11 431
94 100
0 1386
812 850
14 511
401 405
1093 1102
0 1102
1 370
184 196
1 361
832 841
696 698
0 124
0 290
217 218
430 439
210 229
0 349
0 89
0 360
327 333
329 333
4 526
120 122
0 412
188 196
0 874
14 247
890 896
2 338
1 338
1 142
1777 1779
1702 1779
1746 1779
1709 1779
1183 1238
873 876
1800 1853
1818 1853
1708 1853
77 592
543 564
2 173
1482 1539
140 158
787 812
582 584
301 328
248 262
2 816
95 99
5 796
371 404
136 146
344 345
3 464
224 228
245 274
848 919
500 502
1092 1110
109 122
442 446
494 518
3 141
520 585
560 561
2755 2808
1336 1357
119 1416
1 204
2 100
14 563
0 564
464 473
4 1110
0 339
271 327
3 308
268 295
1 587
646 777
556 558
148 149
189 209
249 279
898 962
2 3095
4 3095
8 3095
9 1617
3 1617
0 1617
19 1617
316 318
324 327
1699 1767
1725 1767
1758 1767
1698 1767
238 240
984 1071
1 522
0 1618
447 465
433 465
441 465
