2 384
14 375
1 392
1 576
0 576
7 776
3 776
1 511
19 2287
2212 2287
29 745
7 745
1 914
1 338
0 448
0 691
2 691
0 183
38 914
25 1155
1149 1155
86 1155
1 1155
3 1155
1367 1370
15 1623
7388 7389
135 7389
6 7389
0 7389
10 7389
16 7389
87 7389
4 7389
13 7389
8 7389
284 7389
22 2339
3 615
15 1288
173 176
1249 1265
7 1265
19 1265
148 150
0 79
0 1983
1 1983
3 1983
4 1983
2 269
392 397
2 1208
0 1208
4 1208
1462 1474
239 240
0 448
3 558
1 1113
0 1113
1 79
301 305
399 400
8 388
3 590
15 1483
2 152
2 152
795 796
18 1536
0 805
0 276
19 328
1266 1267
1264 1267
1256 1267
7 1267
1265 1267
0 522
4 198
2 1013
1 1013
2 152
0 1303
7 1008
0 1008
5 327
5 562
4 737
2 737
2 264
1 175
0 44
0 89
32 1913
7 1913
1533 1539
972 973
852 855
0 301
27 7645
7 7645
7644 7645
57 7645
74 7645
1043 7645
7642 7645
7638 7645
7639 7645
15 7645
1 7645
688 7645
38 7645
7612 7645
300 7645
7627 7645
139 7645
87 7645
340 7645
7626 7645
9228 9306
2 9306
1091 9306
9292 9306
9297 9306
13 9306
9305 9306
9304 9306
563 9306
179 9306
9 9306
9302 9306
9256 9306
161 9306
9303 9306
101 9306
103 9306
3 9306
3733 3760
18 3760
3757 3760
3759 3760
3753 3760
287 3760
3725 3760
3758 3760
687 689
2 295
22 1454
0 1454
2 1454
17 1454
625 626
202 203
404 405
793 794
1 794
843 844
74 657
1108 1110
1 150
0 1071
0 812
0 812
0 422
1 896
393 395
1 2339
0 135
0 324
1 721
3 79
202 204
3 811
1 368
0 380
0 380
3 384
0 152
0 98
6 68
4 446
0 777
0 777
1 884
18 884
3 1514
868 876
8 348
0 169
9 663
662 663
6 303
11 240
439 441
1472 1474
0 733
5 1077
1 404
0 973
137 138
3 1618
4 567
11 876
166 176
0 2150
2098 2150
11 876
2 311
1583 1597
51 1597
1592 1597
1576 1597
0 618
0 98
183 184
9 776
1 776
496 497
4 57
4 392
668 670
30 670
4 392
0 511
1 247
0 876
1 344
1 965
1506 1539
3 509
212 215
170 176
4 215
211 215
1385 1386
281 283
19 764
464 465
790 792
460 10782
15 10782
570 10782
2 10782
29 10782
34 10782
289 10782
8 10782
4 10782
5 10782
188 10782
10743 10782
10778 10782
10740 10782
656 10782
10 10782
32 10782
35 10782
382 10782
683 10782
1 10782
73 10782
3 10782
10595 10782
188 10782
45 10782
0 224
8 767
3 144
37 540
1 2510
4 2510
36 269
5 269
2 1269
0 1269
1 919
2 782
0 448
0 931
1 931
3 247
4 89
24 2038
0 2038
2 2038
1 446
13 737
0 1898
16 1898
23 584
1355 1360
1 2257
2 2257
1689 1695
8 2339
1066 1072
0 746
1 746
3 2150
15 2150
6 3410
27 3410
3392 3410
5 746
12 2150
2113 2150
90 764
4 746
1 456
17 590
2 2449
2446 2449
181 191
1 777
8 266
1005 1027
2 976
30 976
5 3000
2960 3000
9 3000
61 3000
4 3000
99 3000
7 202
1 456
767 777
5 381
3 295
185 186
440 441
1 94
9 68
5 287
9 240
70 142
239 240
4 655
9 1197
7 2831
5 2831
4 2831
2 2831
0 1331
4209 4210
4109 4210
73 4210
4190 4210
7 4210
214 4210
5 4210
12 4210
4207 4210
294 4210
55 4210
4 20
5 209
0 677
1 677
1 1547
0 1547
885 888
76 888
343 344
45 413
2 1012
0 1012
5 1012
6 269
0 467
498 504
13 1110
0 585
2071 2128
2091 2128
192 2128
8 960
115 1483
1532 1536
1533 1536
1107 1110
11 1069
7 1069
61 1069
1012 1014
779 811
6 1110
4 423
0 93
8 183
2 384
2 724
2276 2375
2307 2375
2365 2375
177 178
53 788
2 788
11 788
4 788
773 788
0 788
1 788
768 788
3 788
0 203
1 226
10 4949
43 4949
4 4949
12 4949
72 4949
27 4949
22 4949
4 120
26 2150
11 2150
37 2150
644 653
686 689
4 2955
1 2955
7 2955
5 2955
41 2955
238 2955
2 2955
1 1695
435 439
434 439
214 225
4 2163
3 2163
47 13875
2 13875
1 13875
9 13875
12 13875
24 13875
8 13875
31 13875
25 13875
48 13875
1844 13875
343 13875
865 13875
233 13875
3 2339
15 222
149 150
6 1164
3 1164
4 1164
1 2347
3 2347
2 2347
4 2347
632 633
0 384
3116 3126
117 3126
20 3126
168 3126
4 3126
3111 3126
3097 3126
2 1078
0 1078
4 1078
0 267
0 1926
516 526
811 812
48 858
3 5657
6 5657
2 5657
5 5657
0 5657
1 5657
23 5657
5651 5657
11 1042
18 423
0 218
16 172
39 1307
120 1021
0 384
399 400
239 240
7 247
166 176
0 247
5 124
6 618
1 247
0 1708
8 1708
6 1708
1 1708
8 762
2 762
1 152
364 371
2 264
439 442
441 442
1 389
42 5642
7 5642
38 5642
163 5642
31 5642
15 5642
99 5642
1 416
6 223
1 86
22 543
2 1403
1 1403
674 679
1 2517
0 87
42 689
4 336
0 89
2 153
25 1403
1962 1963
1951 1963
1 2002
2 2002
2000 2002
146 147
146 147
155 163
262 264
1 1539
4 264
5 590
0 181
233 241
2 465
41 764
57 764
763 764
8 295
1649 1652
1647 1652
1966 1967
3 86
0 1110
3 1183
1 1183
0 1183
0 876
0 389
0 1124
1 1124
3 1014
0 961
1 961
5 961
0 526
0 359
13 1130
0 257
1385 1386
27 842
1017 1042
0 257
83 2403
29 2403
3 2403
104 106
374 375
9 617
48 270
269 270
339 340
6 327
0 380
5 518
586 587
578 587
0 384
408 424
16 264
5 699
1304 1317
1316 1317
1 1317
2 120
6 594
0 538
0 603
24 1130
1 344
10 240
3 1241
119 122
1 855
0 1898
8 1898
0 1898
1 1898
1 384
0 17
25 914
1 777
160 163
93 4713
29 4713
251 4713
361 4713
91 4713
0 4713
0 44
1 2150
39 2150
0 2150
2 2150
2 402
261 266
1 781
757 781
0 781
12 781
663 664
685 689
0 874
9 796
794 796
68 1464
52 1464
16 1464
44 548
378 382
5 233
2 663
16 257
3 506
8 1012
2 257
3 626
3 371
42 782
0 3816
3814 3816
135 3816
82 3816
153 3816
3799 3816
32 3816
339 340
9 1347
3 1347
1 149
31 554
3 364
11 364
22 295
46 435
3 695
4 1247
3 1247
2 423
5 914
0 265
0 631
630 631
4 186
97 518
16 171
20 511
20 431
11 2308
0 2308
23 2303
0 2303
3 145
2 145
6 145
1 467
516 518
403 405
12 318
2 423
10 324
386 389
3 8726
8722 8726
89 8726
11 8726
289 8726
8720 8726
132 8726
8657 8726
8725 8726
8723 8726
1 8726
4 8726
2 8726
421 422
11 108
4 456
0 1036
1 1036
387 391
0 344
677 679
3 154
198 397
1 3066
3 3066
3057 3066
5 1214
70 1214
14 1595
57 1595
763 764
0 457
0 368
0 376
3 209
207 209
2 1191
1 1191
0 592
377 378
138 141
1 389
1 446
260 264
1 526
0 1110
6366 12734
36 12734
26 12734
114 12734
233 12734
163 12734
6366 12734
20 12734
6 12734
224 12734
94 12734
94 12734
176 12734
108 12734
103 12734
272 12734
156 12734
223 12734
202 203
0 89
7 653
12 295
0 841
0 441
7 384
874 876
26 1264
1233 1264
30 1264
0 404
0 1483
0 1110
6 590
1 590
2 264
0 107
4 1386
146 148
1 89
29 842
460 461
0 669
5 669
5 737
3 699
3 423
3 737
0 107
6 107
143 148
2 473
2 2629
8 2629
3 2629
6 2629
3 384
18 1589
52 1589
3 1589
4 113
2663 2696
2695 2696
0 2696
768 774
16 664
946 987
983 987
986 987
17 4344
4249 4344
2 4344
5 4344
0 4344
8 4344
193 4344
16 222
615 626
1319 1376
0 1376
4 1376
1335 1376
1 558
679 680
7 680
2 234
2 177
10 177
382 384
1 441
28 441
4 376
10 1511
69 1511
3 522
1 522
0 169
0 737
22 664
477 479
3 2238
20 2238
4 2238
1 2238
1055 1074
6 737
2 762
3 2517
21 788
2299 2300
23 2300
760 762
4 618
0 183
269 270
3 558
251 252
26 295
5 1913
235 1913
655 656
1 656
16 656
239 240
2 423
67 764
372 373
6 446
2 357
2 423
0 632
0 590
7 562
9 456
0 9
293 587
561 562
8 1014
10 774
0 404
566 567
2 1407
3 594
23 690
57 690
6 250
126 127
294 295
5 2725
6 2725
11 2725
2 2725
7 2725
15 442
3 442
24 518
1 508
0 269
2 269
0 38
6 6094
11 6094
3 6094
2 6094
8 6094
1367 1370
2694 2737
4 2737
11 1409
47 526
3 465
3 339
1 960
2 960
25 382
2 295
0 404
0 431
2 1536
3 615
0 844
0 308
5 504
0 560
0 730
1 730
3 764
1 1701
9 240
16 283
595 596
7 392
30 2339
0 2339
0 303
0 461
10 563
13 438
1 122
13 980
4 980
834 845
7 665
4 378
348 352
880 889
3 889
0 189
0 431
750 751
1 526
1953 1955
1940 1955
1951 1955
1952 1955
92 1955
1954 1955
47 9453
55 9453
51 9453
9 9453
21 9453
92 9453
2 9453
24 9453
10 9453
57 9453
22 9453
52 9453
44 9453
31 9453
41 9453
1 3604
29 3604
39 3604
1801 3604
8 3604
2971 2982
2957 2982
2979 2982
2967 2982
12 2982
4 1152
497 499
0 181
1 181
11 249
3 613
393 395
563 575
1 122
1058 1114
1097 1114
141 283
141 283
1 241
2 55
650 655
1 1887
3 1887
4 1887
7507 7512
7497 7512
7505 7512
7382 7512
4 7512
7493 7512
7511 7512
56 7512
25 7512
476 7512
7472 7512
7510 7512
7443 7512
9 7512
7467 7512
323 328
9 623
2 106
7 82
0 305
195 196
149 151
16 439
5 328
24 2031
6 4370
11 4370
9 4370
4 4370
0 4370
10 4370
7 4370
3 4370
12 340
0 360
0 269
0 413
882 887
0 187
5 187
1 534
0 1539
23 726
16 257
200 202
0 764
1 764
0 473
7 729
9 729
8 729
8 174
3 593
1 326
5 282
3 59
2 2849
36 2849
3 2849
21 2849
0 225
11 435
427 435
0 522
9 146
11 479
5 399
0 587
16 562
44 788
10 788
779 788
778 788
781 788
1 788
2 788
781 788
776 788
33 473
23 473
74 1528
0 1528
51 1904
22 1904
7 733
216 219
23 2417
44 2417
33 594
17 594
15 594
1 620
0 620
1 476
4 476
0 405
24 1695
0 91
2 91
2 1223
0 1223
3 1223
477 479
323 328
5 1879
0 1879
136 4834
11 4834
4829 4834
4832 4834
9 4834
19 4834
2 145
730 739
5 336
5 361
6 177
405 413
748 759
190 191
20 191
10 240
0 233
1 177
0 176
2 318
4 807
8 807
0 761
0 446
0 931
1 931
0 1074
17 812
10 287
8 764
21 1043
0 857
1 922
1 558
9 558
20 279
20 173
128 130
3 617
6 617
8 1707
4 1707
177 4275
91 4275
5 4275
4261 4275
4264 4275
1 1149
36 1149
143 1149
37 2971
71 2971
1 336
2 318
1025 1026
0 92
7 92
0 311
156 161
773 774
8 127
375 379
21 400
427 428
2 381
560 562
1 497
392 393
1 279
322 323
26 395
9 223
0 362
16 509
0 2434
8 716
16 388
30 233
0 484
483 484
32 484
6 1075
23 1075
1068 1075
1074 1075
5 118
1 114
801 844
805 844
0 306
3 1742
0 1742
1 1742
14 441
652 655
65 764
41 509
1868 3737
0 3737
2 3737
1 3737
14 562
1090 2181
0 338
0 40
1 379
404 405
1 474
0 98
1140 1143
7 368
5 699
0 343
11 126
0 1644
21 1644
0 767
1 767
58 767
9 20
301 310
2 354
1 61
8 297
45 727
3 395
1603 1618
232 233
9 381
27 473
15 217
2 152
59 768
9 171
0 567
0 301
0 461
784 788
10 788
781 788
780 788
786 788
0 788
1 788
785 788
778 788
2 405
652 653
6 139
2 324
26 973
29 1386
632 633
31 664
74 1618
8 395
0 295
5 344
229 230
1109 2219
0 385
16 527
2 1926
5 1926
12 548
0 919
689 699
36 472
28 327
0 821
2 821
1 821
0 526
2 567
7 1012
3 1012
1 1012
8 562
30 739
1 266
223 227
0 241
23 635
5 391
2 177
2 407
428 435
32 535
13 527
1 371
5 371
1 240
11 57
295 297
0 262
355 361
144 1312
83 84
48 287
7 509
583 585
589 592
14 812
61 2339
286 290
0 948
1 948
1 448
27 973
6 360
0 389
49 1646
5 2101
0 2101
1 2101
2 2101
4 876
10 472
4 265
3 777
10 502
7 137
204 209
2 144
2 183
0 370
14 135
0 120
71 962
3 721
113 114
1 3218
1 1747
0 231
3 1110
0 153
1 290
2 397
3 325
27 319
20 382
15 5267
13 5267
9 5267
11 5267
44 5267
12 5267
40 5267
47 5267
5 5267
6 5267
8 5267
0 5267
19 5267
32 5267
4 1034
0 1034
4 2191
1 2191
7 247
6 247
36 1416
110 1027
1 319
0 1042
0 384
0 163
0 127
0 484
1 900
0 544
17 265
4 368
7 930
6 2416
4 2416
8 2416
37 919
406 407
0 382
0 247
0 233
2 1183
1 1183
0 1183
1 1185
0 382
0 340
0 3763
4 3763
176 177
468 477
140 141
20 242
0 295
1 295
3 395
18 615
5 308
0 1695
28 511
2 227
5 257
1 2339
6 395
0 359
0 761
17 257
1 176
2 336
191 195
361 365
239 240
228 230
12 196
14 338
29 1116
0 1116
4 1124
0 300
5 1623
893 906
0 57
0 188
0 1057
0 233
712 721
312 318
0 735
2 699
2 446
0 310
0 165
461 465
6 1130
61 679
0 392
13 348
0 1898
1 1898
4 472
946 950
949 950
941 950
15 191
3 1695
321 324
2 282
3 861
4 1695
17 360
1 960
380 388
1 1701
452 453
451 453
246 247
0 461
294 295
7 1042
18 549
10 319
19 1110
7 2517
0 866
1 866
7 141
0 387
3 48
1767 1791
0 1791
0 511
4 275
4 286
0 423
0 191
27 950
7 509
0 861
10 364
7 364
376 378
3617 3651
0 364
2 364
1 298
668 679
2 654
176 177
3 605
7 392
6 392
50 569
0 43
410 414
267 272
6 327
18 2050
4 2050
0 2050
0 617
4 927
10 1268
2 1268
3 1268
35 1413
3 157
10 317
785 790
774 790
3 812
70 1077
576 584
25 562
1341 1360
2 1695
20 405
3 587
126 127
2 1592
0 1592
1 1719
0 1719
2 1719
547 548
15 548
194 195
336 352
0 1043
6 2703
4 2703
1 2703
0 2703
47 1165
8 395
0 1323
2 1323
1 1323
15 1323
3 1323
0 118
163 165
1 663
6 451
1 1536
1523 1526
42 1526
1520 1526
0 116
9 327
0 587
5 139
4 325
9 1288
1 116
10 240
0 217
355 712
8 1386
2338 2339
2 2517
8 381
14 284
177 183
5 295
2 2517
2228 2339
2 465
0 247
0 2517
0 55
0 281
0 247
1357 1360
5 461
53 3761
11 590
1 594
17 378
1537 1539
9 108
167 4338
134 1552
1 152
11 646
4 306
654 657
656 657
9 1042
24 421
66 1042
5 222
1032 1034
262 270
2 1104
0 486
501 502
55 57
14 816
26 2365
10 1074
0 187
2233 2236
2230 2236
2218 2236
0 2236
403 405
9 1110
2 497
221 222
119 120
0 151
0 1392
0 230
1 86
76 78
2312 2339
0 9
10 1021
317 318
0 308
26 279
52 762
7 88
5 721
7 1027
18 500
0 89
2 86
157 159
6 733
719 725
2 276
3 497
23 1130
452 456
0 654
776 777
52 53
0 340
63 475
1 142
3 694
40 41
1 90
582 588
4 588
9 588
3 214
4 67
2 588
1 327
0 342
0 588
5 193
2 161
5 90
2 588
40 41
3 322
3 718
2 142
10 567
26 588
3 113
0 120
8 588
11 567
31 588
587 588
0 483
587 588
7 218
585 588
0 282
0 282
12 588
10 218
5 327
0 24
10 274
1 274
2 214
1 142
0 90
44 90
1 228
6 567
0 229
13 567
11 343
1 228
1 327
0 43
4 386
4 694
12 228
1 475
1 588
19 475
25 946
0 475
2 567
1 457
3 327
0 483
3 343
3 116
0 475
8 228
0 342
3 327
558 560
12 229
98 99
1 588
7 43
7 43
0 168
5 141
0 483
0 16
1 588
0 386
0 334
2 588
3 588
6 588
2 588
0 90
11 588
0 271
5 588
6 386
0 67
50 560
9 342
453 454
586 588
25 588
3 211
24 694
42 694
5 228
12 327
5 588
4 752
0 53
228 229
2 588
3 41
1 374
34 334
29 588
2 475
3 110
1 229
0 58
7 588
1 142
8 153
1 334
7 116
4 118
3 588
4 386
3 327
0 142
9 228
8 156
3 588
1 588
1 327
12 343
6 153
18 475
1 588
5 99
0 588
5 588
24 574
1 694
1 90
12 694
1 56
21 560
8 342
1 322
0 752
3 588
33 327
7 193
3 454
0 342
65 67
0 327
1 588
1 229
0 342
0 67
120 2673
0 211
0 483
326 327
5 228
4 33
2 962
0 1539
0 125
0 120
76 80
1 816
0 554
2 176
1 406
0 66
3 473
0 977
0 844
1 290
479 502
87 88
3 275
5 147
5 515
0 1205
0 1403
0 1695
7 605
601 605
4 1347
3 1347
39 1516
0 295
0 473
0 59
14 1021
15 788
113 228
0 1110
0 88
0 768
1 476
336 337
339 340
1628 1695
125 127
0 308
0 378
0 241
2 452
0 284
1 1900
0 1900
1 3101
0 3101
0 6
4 218
30 664
0 158
0 423
946 951
950 951
0 623
0 399
4 1577
268 278
1 214
26 2150
6 2150
0 145
0 404
0 1074
12 336
0 362
4 594
0 216
436 439
2 527
1383 1386
0 639
61 762
0 625
1 625
0 725
0 395
0 1036
10 1042
11 393
1532 1539
1 368
1502 1539
11 117
0 632
4 1042
1 518
3 567
7 452
0 1071
28 347
1 303
0 120
269 270
0 2237
2234 2237
2236 2237
26 2237
2 2237
0 233
207 1552
0 409
0 1230
2 1230
851 853
0 400
0 126
445 446
26 857
0 973
0 274
2 274
1 3390
26 3390
4 3390
2 3390
0 584
886 890
620 626
14 216
0 1346
0 247
7 287
9 79
0 196
184 191
157 7353
7349 7353
20 7353
280 7353
155 7353
16 7353
134 7353
7286 7353
7347 7353
584 7353
7303 7353
5 7353
7332 7353
137 7353
7277 7353
12 7353
8 141
142 2466
2462 2466
2450 2466
2439 2466
1422 1456
10503 10604
72 10604
10581 10604
2 10604
6 10604
10603 10604
219 10604
262 10604
10428 10604
10496 10604
0 10604
5 10604
10354 10604
16 10604
31 10604
10313 10604
34 1655
28 1655
0 407
3 1162
11 1162
0 1162
4 1162
478 479
7 623
0 87
551 564
5 391
0 295
1 590
1 508
1682 1695
1 47
784 788
776 788
783 788
780 788
782 788
5 788
9 788
781 788
779 788
228 230
0 739
6 436
15 1695
0 247
621 626
565 567
114 115
2 48
0 344
14 684
89 764
0 582
1038 1072
1 1862
0 1862
1 369
10 876
1 625
7 233
918 937
934 937
905 937
0 230
1 421
270 272
7 218
804 812
36 826
0 919
1 887
1 1072
32 2339
49 958
6 958
10 1623
140 141
791 792
8 811
0 2330
1 2330
1 247
8 974
3 120
0 182
2 423
0 1967
0 30
4 384
1 549
1151 1153
0 497
13 188
20 498
156 157
6 157
2338 2339
2 950
56 57
0 135
2 473
0 962
0 448
0 163
4 414
5 1161
0 1161
2 1161
1 117
1 96
0 1403
0 1346
1 139
1087 1110
472 473
39 318
0 318
0 700
0 162
3 1967
1494 1539
1 1539
0 106
0 5662
2 5662
1 5662
4 5662
3 5662
75 1536
28 1536
9 625
49 2565
17 2565
2546 2565
0 2565
20 2565
1 2565
1746 1747
382 384
0 183
20 1249
1248 1249
0 87
9 812
744 746
2113 2128
47 2128
38 2128
472 473
0 67
123 124
172 178
0 764
0 379
2 2396
0 2396
1 2396
14 890
4 890
3 890
0 38
2 2407
1 2407
6 2407
7 2407
728 735
3 581
0 581
2 385
3 385
8 615
0 139
635 641
0 448
0 1064
1063 1064
5 2225
5 89
0 941
0 89
0 1419
439 452
0 80
542 554
1 89
30 1294
20 1294
13 381
1878 1948
1947 1948
1945 1948
1944 1948
2 962
6 448
1 352
136 137
2 594
1 1708
0 1708
286 287
0 25
814 816
625 626
1 90
14 2339
0 1536
2 233
67 69
0 319
0 796
445 446
0 527
4 142
1 369
3 153
589 590
0 385
405 413
1 446
0 2395
3 2395
392 404
295 592
29 2163
2070 2163
2137 2163
3 55
14 191
30 2423
0 2423
2421 2423
335 344
0 196
451 452
1383 1403
1 1205
2 1205
2 1014
0 294
0 448
85 86
0 395
843 844
0 844
1 303
1357 1360
0 812
106 107
0 562
2 479
4 467
1700 1733
17 1733
32 1733
79 80
690 739
1 446
123 247
0 389
0 733
2 215
2 295
3 431
0 175
129 130
185 187
2 135
0 284
365 371
12 330
4 1724
0 1724
3 1724
2 549
0 919
21 1139
0 896
1 896
0 437
1 103
259 264
2 261
0 264
0 648
17 1577
1487 1501
1498 1501
1496 1501
20 617
10 1618
0 285
6 504
114 115
1 48
242 247
21 737
0 223
0 509
1 311
554 594
475 477
0 345
1 733
0 789
2 789
0 605
17 1747
346 347
1510 1511
1509 1511
0 362
146 147
15 307
138 139
137 139
0 382
26 1766
16 788
2 788
5 788
4 788
8 788
0 788
1 788
15 788
3 788
693 694
1 694
3 307
172 174
6 371
40 1077
536 537
1 178
102 103
6 290
3155 3159
3149 3159
3146 3159
61 1331
24 50
2 716
1 508
1907 1909
1905 1909
1888 1909
1617 1618
1612 1618
0 384
1 384
0 102
12 94
0 585
30 474
30 535
0 261
294 295
0 169
0 148
6 183
867 876
1 733
3 1787
1780 1787
1786 1787
3 617
1 1553
2 1553
3 504
1 343
0 632
0 127
503 504
1 1083
1 65
86 1144
173 178
4 172
7 240
430 431
918 919
497 498
0 1618
6 1475
21 368
3 26
1 1965
6 1965
5 1965
4 1965
0 1965
15 1965
124 125
0 175
4 55
375 379
0 229
0 229
0 230
0 1042
343 344
322 323
5 746
19 876
475 479
403 406
1 504
4 171
32 575
37 764
29 1913
9 1913
1 1057
3 269
0 173
0 344
0 772
0 242
0 1695
1675 1695
0 382
8 764
0 175
7 94
1 811
0 394
0 1287
0 176
8 139
0 310
1 360
228 230
1 811
0 381
0 1129
6 1129
1 1129
3 638
1070 1071
12 1410
1409 1410
1408 1410
1 811
0 497
1 37
0 285
6 305
1 256
0 360
231 233
605 623
1 1061
256 260
0 452
560 563
589 592
4 144
326 327
0 617
336 337
361 362
159 5976
24 5976
5973 5976
5760 5976
41 5976
5975 5976
5866 5976
5827 5976
5908 5976
1074 1075
360 379
654 661
0 162
14 2517
5 431
0 100
1 1386
10 850
0 511
403 405
1099 1102
0 1102
0 370
188 196
1 361
17 841
697 698
0 124
0 290
4 218
437 439
17 229
0 349
0 89
0 360
326 333
327 333
0 526
121 122
0 412
0 196
1 874
0 247
11 896
1 338
3 338
1 142
1778 1779
117 1779
1762 1779
111 1779
22 1238
12 876
2 1853
10 1853
3 1853
28 592
560 564
0 173
1517 1539
0 158
796 812
3 584
0 328
12 262
0 816
96 99
2 796
8 404
5 146
344 345
5 464
11 228
270 274
459 919
0 502
1 1110
2 122
2 446
33 518
0 141
10 585
33 561
2805 2808
1356 1357
118 1416
0 204
3 100
281 563
0 564
0 473
58 1110
0 339
163 327
4 308
286 295
0 587
0 777
1 558
148 149
205 209
5 279
933 962
1 3095
5 3095
2 3095
9 1617
1 1617
0 1617
2 1617
317 318
323 327
6 1767
36 1767
108 1767
3 1767
239 240
0 1071
0 522
0 1618
1 465
0 465
4 465
