2 384
10 375
7 392
0 576
1 576
28 776
21 776
20 511
18 2287
1 2287
4 745
4 745
5 914
12 338
4 448
0 691
2 691
0 183
912 914
9 1155
47 1155
577 1155
2 1155
5 1155
2 1370
34 1623
148 7389
58 7389
10 7389
5 7389
1 7389
7 7389
13 7389
20 7389
139 7389
8 7389
257 7389
5 2339
3 615
6 1288
174 176
10 1265
11 1265
15 1265
5 150
0 79
0 1983
1 1983
6 1983
5 1983
2 269
198 397
3 1208
14 1208
7 1208
4 1474
11 240
3 448
3 558
1 1113
0 1113
1 79
19 305
398 400
4 388
6 590
3 1483
75 152
1 152
0 796
767 1536
0 805
5 276
6 328
1 1267
16 1267
2 1267
11 1267
4 1267
11 522
2 198
0 1013
0 1013
4 152
0 1303
0 1008
2 1008
1 327
4 562
7 737
5 737
4 264
7 175
0 44
0 89
19 1913
6 1913
1536 1539
972 973
854 855
2 301
175 7645
125 7645
7643 7645
7 7645
104 7645
142 7645
255 7645
263 7645
116 7645
105 7645
28 7645
264 7645
204 7645
253 7645
279 7645
468 7645
107 7645
60 7645
88 7645
350 7645
802 9306
1 9306
126 9306
15 9306
6 9306
188 9306
412 9306
7 9306
4 9306
399 9306
74 9306
3 9306
93 9306
177 9306
69 9306
45 9306
10 9306
9 9306
6 3760
125 3760
99 3760
7 3760
33 3760
4 3760
18 3760
10 3760
33 689
4 295
6 1454
0 1454
4 1454
2 1454
3 626
0 203
0 405
24 794
1 794
2 844
328 657
1109 1110
5 150
1 1071
0 812
0 812
0 422
2 896
6 395
2 2339
1 135
4 324
2 721
7 79
2 204
1 811
1 368
0 380
0 380
0 384
7 152
4 98
8 68
3 446
0 777
3 777
1 884
11 884
10 1514
20 876
5 348
0 169
2 663
1 663
12 303
11 240
438 441
21 1474
0 733
3 1077
1 404
0 973
1 138
16 1618
2 567
13 876
1 176
0 2150
33 2150
12 876
155 311
5 1597
2 1597
3 1597
26 1597
11 618
0 98
5 184
7 776
2 776
496 497
4 57
14 392
0 670
2 670
14 392
1 511
5 247
0 876
171 344
0 965
30 1539
2 509
4 215
18 176
4 215
4 215
27 1386
282 283
763 764
4 465
0 792
28 10782
11 10782
36 10782
8 10782
2 10782
16 10782
32 10782
17 10782
34 10782
27 10782
40 10782
236 10782
59 10782
10 10782
3 10782
5 10782
13 10782
6 10782
54 10782
52 10782
22 10782
43 10782
24 10782
1 10782
40 10782
12 10782
0 224
11 767
10 144
269 540
1 2510
0 2510
134 269
5 269
2 1269
0 1269
3 919
1 782
4 448
1 931
0 931
1 247
3 89
2 2038
0 2038
1 2038
1 446
21 737
2 1898
3 1898
291 584
20 1360
7 2257
0 2257
77 1695
34 2339
1066 1072
1 746
4 746
1 2150
16 2150
5 3410
1 3410
24 3410
4 746
2 2150
30 2150
16 764
4 746
0 456
19 590
6 2449
31 2449
23 191
0 777
2 266
1026 1027
11 976
21 976
6 3000
16 3000
12 3000
116 3000
13 3000
10 3000
6 202
1 456
7 777
9 381
0 295
183 186
220 441
1 94
33 68
7 287
5 240
70 142
5 240
4 655
5 1197
7 2831
5 2831
4 2831
0 2831
1 1331
51 4210
5 4210
64 4210
2 4210
0 4210
37 4210
23 4210
29 4210
7 4210
4 4210
149 4210
4 20
3 209
1 677
0 677
0 1547
1 1547
3 888
0 888
343 344
406 413
2 1012
0 1012
3 1012
5 269
9 467
503 504
554 1110
1 585
2 2128
4 2128
1 2128
7 960
12 1483
1535 1536
38 1536
1103 1110
4 1069
7 1069
0 1069
1010 1014
802 811
5 1110
2 423
0 93
5 183
1 384
1 724
0 2375
4 2375
8 2375
1 178
393 788
2 788
5 788
3 788
393 788
0 788
1 788
393 788
4 788
0 203
10 226
6 4949
11 4949
3 4949
30 4949
44 4949
26 4949
42 4949
1 120
42 2150
2 2150
15 2150
2 653
36 689
6 2955
4 2955
7 2955
5 2955
14 2955
0 2955
3 2955
7 1695
6 439
13 439
3 225
4 2163
3 2163
114 13875
6 13875
3 13875
7 13875
4 13875
24 13875
0 13875
1 13875
33 13875
2 13875
6937 13875
100 13875
120 13875
11 13875
17 2339
3 222
0 150
2 1164
4 1164
5 1164
0 2347
1 2347
2 2347
3 2347
632 633
2 384
11 3126
5 3126
3 3126
1 3126
0 3126
9 3126
7 3126
0 1078
1 1078
3 1078
2 267
0 1926
262 526
41 812
15 858
7 5657
3 5657
14 5657
2 5657
1 5657
0 5657
22 5657
180 5657
8 1042
8 423
6 218
85 172
12 1307
55 1021
6 384
18 400
239 240
5 247
1 176
1 247
6 124
19 618
5 247
0 1708
3 1708
2 1708
1 1708
3 762
0 762
1 152
18 371
2 264
4 442
48 442
0 389
58 5642
1 5642
25 5642
225 5642
38 5642
53 5642
44 5642
2 416
111 223
2 86
21 543
13 1403
13 1403
11 679
1 2517
0 87
344 689
9 336
2 89
2 153
1402 1403
18 1963
9 1963
0 2002
9 2002
36 2002
143 147
14 147
8 163
131 264
6 1539
131 264
22 590
0 181
120 241
0 465
53 764
381 764
19 764
9 295
18 1652
11 1652
2 1967
2 86
0 1110
2 1183
0 1183
1 1183
0 876
0 389
1 1124
0 1124
3 1014
0 961
4 961
2 961
0 526
0 359
17 1130
2 257
9 1386
11 842
520 1042
0 257
1 2403
61 2403
17 2403
105 106
15 375
14 617
26 270
269 270
7 340
2 327
7 380
0 518
1 587
0 587
0 384
0 424
263 264
21 699
11 1317
2 1317
0 1317
6 120
7 594
0 538
0 603
40 1130
2 344
239 240
1 1241
4 122
12 855
9 1898
15 1898
2 1898
1 1898
12 384
8 17
16 914
0 777
81 163
7 4713
0 4713
23 4713
2356 4713
4 4713
1 4713
0 44
0 2150
6 2150
3 2150
2 2150
8 402
132 266
1 781
4 781
2 781
0 781
663 664
15 689
6 874
1 796
795 796
62 1464
28 1464
37 1464
7 548
7 382
116 233
2 663
10 257
252 506
9 1012
3 257
1 626
3 371
390 782
4 3816
9 3816
6 3816
1 3816
3 3816
12 3816
5 3816
10 340
4 1347
2 1347
1 149
2 554
2 364
3 364
147 295
217 435
17 695
3 1247
0 1247
6 423
32 914
0 265
0 631
6 631
4 186
9 518
85 171
255 511
40 431
2 2308
0 2308
10 2303
4 2303
0 145
3 145
2 145
8 467
13 518
5 405
9 318
14 423
9 324
388 389
2 8726
52 8726
56 8726
3 8726
58 8726
196 8726
176 8726
99 8726
156 8726
8 8726
0 8726
19 8726
4 8726
17 422
7 108
2 456
0 1036
1 1036
18 391
0 344
15 679
1 154
198 397
10 3066
3 3066
35 3066
6 1214
5 1214
13 1595
35 1595
763 764
0 457
0 368
0 376
3 209
208 209
2 1191
0 1191
4 592
377 378
70 141
1 389
3 446
10 264
7 526
5 1110
6366 12734
33 12734
12 12734
101 12734
17 12734
167 12734
6366 12734
45 12734
73 12734
287 12734
61 12734
61 12734
71 12734
82 12734
42 12734
360 12734
142 12734
72 12734
201 203
2 89
651 653
11 295
0 841
0 441
3 384
0 876
31 1264
631 1264
40 1264
0 404
0 1483
0 1110
14 590
9 590
5 264
0 107
16 1386
9 148
44 89
10 842
460 461
0 669
3 669
9 737
21 699
6 423
9 737
0 107
0 107
7 148
0 473
14 2629
32 2629
13 2629
8 2629
6 384
10 1589
1 1589
5 1589
4 113
50 2696
17 2696
0 2696
3 774
31 664
493 987
3 987
9 987
5 4344
28 4344
2 4344
7 4344
1 4344
0 4344
22 4344
3 222
26 626
1360 1376
0 1376
9 1376
1375 1376
0 558
2 680
5 680
5 234
2 177
5 177
18 384
18 441
23 441
2 376
1 1511
7 1511
7 522
0 522
0 169
9 737
31 664
14 479
9 2238
0 2238
11 2238
4 2238
12 1074
11 737
1 762
1258 2517
393 788
22 2300
21 2300
761 762
10 618
0 183
269 270
10 558
1 252
18 295
18 1913
26 1913
28 656
0 656
8 656
11 240
0 423
381 764
28 373
0 446
2 357
7 423
0 632
4 590
561 562
227 456
0 9
293 587
3 562
5 1014
1 774
0 404
5 567
1 1407
2 594
1 690
2 690
249 250
125 127
294 295
5 2725
2 2725
6 2725
0 2725
4 2725
1 442
0 442
1 518
1 508
1 269
2 269
0 38
1 6094
3 6094
2 6094
0 6094
4 6094
1369 1370
11 2737
8 2737
18 1409
262 526
10 465
3 339
4 960
0 960
22 382
6 295
0 404
0 431
1 1536
3 615
0 844
1 308
0 504
4 560
0 730
1 730
1 764
0 1701
11 240
141 283
5 596
13 392
3 2339
2 2339
0 303
0 461
20 563
8 438
0 122
0 980
1 980
422 845
0 665
4 378
3 352
5 889
4 889
2 189
0 431
4 751
262 526
1950 1955
22 1955
29 1955
88 1955
19 1955
50 1955
7 9453
33 9453
10 9453
2 9453
5 9453
43 9453
4 9453
11 9453
8 9453
22 9453
24 9453
23 9453
21 9453
13 9453
9 9453
1 3604
7 3604
8 3604
1801 3604
6 3604
17 2982
3 2982
20 2982
7 2982
0 2982
7 1152
498 499
1 181
0 181
124 249
16 613
11 395
6 575
2 122
3 1114
0 1114
141 283
141 283
0 241
27 55
654 655
1 1887
0 1887
2 1887
7453 7512
425 7512
407 7512
85 7512
3 7512
489 7512
730 7512
139 7512
93 7512
749 7512
7472 7512
522 7512
399 7512
77 7512
7501 7512
4 328
1 623
1 106
1 82
1 305
6 196
75 151
5 439
1 328
20 2031
2 4370
7 4370
4 4370
0 4370
1 4370
6 4370
3 4370
5 4370
3 340
0 360
1 269
0 413
12 887
0 187
1 187
3 534
3 1539
5 726
128 257
201 202
0 764
1 764
0 473
1 729
2 729
4 729
4 174
296 593
1 326
4 282
29 59
26 2849
32 2849
22 2849
14 2849
0 225
217 435
0 435
0 522
72 146
32 479
3 399
2 587
11 562
393 788
3 788
393 788
393 788
393 788
0 788
0 788
393 788
393 788
5 473
4 473
2 1528
0 1528
14 1904
9 1904
1 733
218 219
25 2417
42 2417
33 594
14 594
296 594
0 620
1 620
0 476
2 476
0 405
24 1695
1 91
45 91
2 1223
1 1223
3 1223
478 479
2 328
3 1879
0 1879
127 4834
5 4834
45 4834
25 4834
9 4834
10 4834
3 145
737 739
11 336
6 361
88 177
412 413
379 759
190 191
190 191
3 240
2 233
3 177
0 176
5 318
5 807
2 807
2 761
1 446
1 931
0 931
0 1074
3 812
143 287
12 764
6 1043
0 857
1 922
5 558
6 558
8 279
86 173
129 130
2 617
3 617
2 1707
1 1707
47 4275
32 4275
3 4275
82 4275
102 4275
0 1149
4 1149
10 1149
1 2971
0 2971
11 336
9 318
1 1026
1 92
0 92
0 311
0 161
5 774
8 127
2 379
399 400
425 428
190 381
4 562
4 497
391 393
0 279
322 323
4 395
4 223
1 362
12 509
1 2434
5 716
386 388
18 233
0 484
2 484
4 484
9 1075
16 1075
1074 1075
24 1075
58 118
0 114
421 844
17 844
1 306
0 1742
3 1742
1 1742
7 441
12 655
11 764
1 509
1868 3737
1 3737
2 3737
0 3737
9 562
1090 2181
2 338
3 40
3 379
3 405
1 474
2 98
1136 1143
183 368
349 699
0 343
11 126
1 1644
2 1644
0 767
1 767
383 767
9 20
154 310
2 354
2 61
5 297
363 727
10 395
1617 1618
2 233
190 381
3 473
108 217
2 152
383 768
7 171
0 567
0 301
0 461
393 788
3 788
393 788
393 788
393 788
0 788
0 788
393 788
393 788
1 405
652 653
69 139
0 324
3 973
14 1386
3 633
21 664
23 1618
17 395
0 295
171 344
229 230
1109 2219
0 385
2 527
11 1926
26 1926
3 548
0 919
14 699
1 472
4 327
0 821
1 821
2 821
3 526
3 567
2 1012
2 1012
4 1012
11 562
369 739
0 266
113 227
0 241
17 635
2 391
4 177
1 407
6 435
531 535
6 527
5 371
2 371
1 240
0 57
148 297
2 262
0 361
17 1312
83 84
284 287
4 509
584 585
15 592
21 812
1169 2339
286 290
0 948
1 948
0 448
486 973
3 360
4 389
16 1646
1 2101
3 2101
4 2101
2 2101
2 876
34 472
2 265
13 777
2 502
68 137
104 209
10 144
1 183
0 370
67 135
1 120
6 962
29 721
113 114
2 3218
2 1747
0 231
4 1110
0 153
0 290
3 397
7 325
7 319
190 382
8 5267
17 5267
10 5267
14 5267
24 5267
16 5267
21 5267
27 5267
3 5267
6 5267
7 5267
2 5267
12 5267
26 5267
2 1034
0 1034
0 2191
1 2191
7 247
2 247
9 1416
513 1027
0 319
0 1042
0 384
0 163
0 127
0 484
1 900
0 544
132 265
5 368
1 930
5 2416
2 2416
9 2416
10 919
406 407
0 382
0 247
0 233
6 1183
3 1183
0 1183
1 1185
0 382
0 340
0 3763
1 3763
175 177
15 477
140 141
21 242
0 295
1 295
19 395
307 615
1 308
2 1695
4 511
0 227
0 257
5 2339
394 395
2 359
4 761
256 257
0 176
9 336
2 195
363 365
239 240
6 230
0 196
5 338
8 1116
1 1116
2 1124
0 300
1 1623
29 906
0 57
0 188
1 1057
0 233
2 721
7 318
0 735
24 699
1 446
0 310
0 165
232 465
16 1130
339 679
1 392
173 348
6 1898
0 1898
4 472
36 950
948 950
34 950
0 191
3 1695
3 324
1 282
1 861
23 1695
179 360
949 960
383 388
2 1701
33 453
10 453
246 247
1 461
294 295
16 1042
548 549
159 319
7 1110
19 2517
1 866
0 866
4 141
0 387
23 48
0 1791
2 1791
19 511
2 275
142 286
0 423
7 191
13 950
16 509
0 861
0 364
4 364
377 378
16 3651
2 364
6 364
0 298
672 679
15 654
176 177
6 605
4 392
3 392
6 569
0 43
5 414
0 272
4 327
0 2050
1 2050
2 2050
0 617
9 927
3 1268
0 1268
1 1268
706 1413
78 157
315 317
29 790
394 790
2 812
538 1077
6 584
280 562
23 1360
1 1695
202 405
293 587
4 127
2 1592
0 1592
0 1719
1 1719
2 1719
11 548
2 548
97 195
350 352
0 1043
4 2703
2 2703
3 2703
5 2703
22 1165
13 395
0 1323
4 1323
1 1323
5 1323
2 1323
0 118
164 165
0 663
9 451
17 1536
0 1526
1 1526
6 1526
1 116
11 327
2 587
1 139
3 325
16 1288
1 116
119 240
0 217
355 712
21 1386
14 2339
0 2517
2 381
141 284
3 183
147 295
18 2517
12 2339
10 465
1 247
0 2517
0 55
0 281
0 247
1358 1360
2 461
3760 3761
6 590
3 594
377 378
25 1539
10 108
2168 4338
775 1552
3 152
4 646
4 306
16 657
652 657
20 1042
210 421
4 1042
4 222
12 1034
0 270
3 1104
0 486
501 502
2 57
407 816
5 2365
536 1074
0 187
34 2236
12 2236
11 2236
0 2236
399 405
7 1110
11 497
110 222
0 120
0 151
0 1392
0 230
4 86
77 78
1169 2339
8 9
2 1021
317 318
1 308
4 279
2 762
87 88
5 721
1 1027
12 500
0 89
2 86
12 159
1 733
7 725
3 276
2 497
5 1130
0 456
0 654
776 777
52 53
0 340
237 475
2 142
5 694
0 41
0 90
11 588
7 588
3 588
1 214
2 67
3 588
1 327
2 342
3 588
96 193
2 161
44 90
6 588
6 41
3 322
1 718
2 142
12 567
587 588
56 113
0 120
10 588
4 567
13 588
37 588
12 483
26 588
5 218
586 588
11 282
9 282
293 588
108 218
1 327
11 24
0 274
2 274
2 214
1 142
6 90
44 90
1 228
6 567
0 229
16 567
4 343
3 228
2 327
0 43
8 386
33 694
113 228
4 475
3 588
237 475
20 946
0 475
0 567
1 457
9 327
11 483
8 343
4 116
0 475
113 228
1 342
163 327
279 560
4 229
0 99
6 588
21 43
21 43
0 168
10 141
0 483
7 16
8 588
1 386
9 334
7 588
6 588
7 588
293 588
0 90
17 588
0 271
12 588
11 386
3 67
279 560
170 342
10 454
5 588
6 588
5 211
26 694
7 694
8 228
6 327
12 588
15 752
0 53
0 229
21 588
6 41
0 374
5 334
19 588
24 475
7 110
1 229
1 58
17 588
2 142
6 153
4 334
5 116
58 118
13 588
32 386
3 327
2 142
16 228
77 156
3 588
6 588
2 327
14 343
7 153
13 475
1 588
3 99
0 588
5 588
286 574
1 694
2 90
32 694
0 56
279 560
12 342
13 322
2 752
7 588
19 327
1 193
8 454
1 342
3 67
1 327
13 588
4 229
0 342
2 67
1336 2673
1 211
11 483
7 327
0 228
4 33
480 962
0 1539
0 125
0 120
39 80
1 816
0 554
2 176
5 406
0 66
1 473
0 977
0 844
0 290
7 502
87 88
0 275
9 147
4 515
0 1205
1 1403
0 1695
2 605
41 605
3 1347
9 1347
50 1516
0 295
0 473
0 59
4 1021
18 788
113 228
0 1110
0 88
0 768
2 476
5 337
339 340
12 1695
4 127
0 308
1 378
0 241
451 452
0 284
1 1900
0 1900
1 3101
0 3101
0 6
5 218
662 664
0 158
0 423
12 951
21 951
0 623
0 399
10 1577
0 278
3 214
7 2150
0 2150
0 145
0 404
0 1074
1 336
0 362
4 594
0 216
438 439
4 527
14 1386
1 639
14 762
0 625
1 625
0 725
0 395
0 1036
16 1042
1 393
10 1539
1 368
1 1539
58 117
6 632
1041 1042
258 518
1 567
1 452
1 1071
0 347
3 303
0 120
269 270
1 2237
2232 2237
15 2237
19 2237
5 2237
0 233
775 1552
0 409
0 1230
2 1230
33 853
1 400
0 126
0 446
22 857
0 973
1 274
0 274
1 3390
17 3390
3 3390
0 3390
0 584
13 890
2 626
107 216
0 1346
0 247
143 287
39 79
0 196
21 191
125 7353
98 7353
72 7353
519 7353
13 7353
27 7353
131 7353
18 7353
123 7353
548 7353
2 7353
86 7353
66 7353
188 7353
119 7353
12 7353
5 141
4 2466
2 2466
1 2466
0 2466
1446 1456
15 10604
2 10604
856 10604
49 10604
35 10604
0 10604
24 10604
130 10604
10 10604
72 10604
22 10604
41 10604
3 10604
48 10604
89 10604
36 10604
12 1655
13 1655
0 407
2 1162
6 1162
0 1162
1 1162
15 479
21 623
0 87
1 564
195 391
0 295
0 590
0 508
41 1695
23 47
393 788
12 788
19 788
17 788
393 788
0 788
1 788
10 788
393 788
10 230
1 739
4 436
47 1695
0 247
1 626
19 567
5 115
23 48
0 344
3 684
381 764
1 582
5 1072
2 1862
0 1862
4 369
13 876
1 625
232 233
1 937
0 937
4 937
0 230
1 421
1 272
4 218
3 812
825 826
0 919
2 887
1 1072
10 2339
7 958
1 958
12 1623
9 141
5 792
6 811
2 2330
0 2330
7 247
971 974
12 120
0 182
0 423
0 1967
0 30
4 384
2 549
1141 1153
0 497
4 188
2 498
0 157
3 157
2338 2339
4 950
56 57
0 135
10 473
0 962
1 448
0 163
3 414
2 1161
1 1161
3 1161
0 117
0 96
5 1403
0 1346
1 139
40 1110
4 473
9 318
0 318
2 700
0 162
1 1967
8 1539
4 1539
105 106
0 5662
2 5662
4 5662
2 5662
1 5662
1534 1536
24 1536
10 625
6 2565
0 2565
18 2565
9 2565
7 2565
8 2565
1746 1747
11 384
5 183
3 1249
6 1249
0 87
2 812
8 746
1 2128
2 2128
4 2128
0 473
0 67
1 124
177 178
0 764
1 379
2 2396
0 2396
1 2396
10 890
1 890
4 890
0 38
2 2407
3 2407
0 2407
8 2407
1 735
0 581
1 581
2 385
2 385
14 615
0 139
7 641
3 448
3 1064
1 1064
4 2225
3 89
0 941
0 89
0 1419
2 452
0 80
13 554
1 89
2 1294
24 1294
18 381
8 1948
29 1948
0 1948
85 1948
1 962
3 448
2 352
136 137
1 594
1 1708
0 1708
143 287
0 25
12 816
1 626
0 90
15 2339
0 1536
0 233
1 69
2 319
0 796
0 446
0 527
1 142
1 369
1 153
5 590
1 385
411 413
1 446
0 2395
1 2395
3 404
295 592
19 2163
5 2163
8 2163
27 55
18 191
3 2423
0 2423
2 2423
1 344
2 196
13 452
47 1403
1 1205
2 1205
1 1014
0 294
1 448
4 86
0 395
14 844
0 844
7 303
1358 1360
0 812
106 107
0 562
1 479
5 467
49 1733
11 1733
15 1733
4 80
5 739
0 446
123 247
0 389
0 733
5 215
4 295
15 431
0 175
129 130
186 187
1 135
1 284
12 371
8 330
2 1724
0 1724
1 1724
1 549
5 919
569 1139
0 896
1 896
5 437
51 103
14 264
7 261
1 264
0 648
13 1577
0 1501
5 1501
1 1501
11 617
9 1618
0 285
18 504
114 115
1 48
0 247
1 737
0 223
0 509
0 311
1 594
238 477
0 345
1 733
9 789
0 789
0 605
2 1747
0 347
35 1511
123 1511
0 362
145 147
0 307
138 139
136 139
0 382
45 1766
393 788
2 788
5 788
3 788
393 788
0 788
1 788
393 788
4 788
688 694
0 694
4 307
3 174
2 371
6 1077
3 537
88 178
0 103
2 290
25 3159
35 3159
7 3159
5 1331
24 50
1 716
1 508
23 1909
26 1909
10 1909
6 1618
3 1618
0 384
3 384
0 102
0 94
0 585
6 474
267 535
0 261
294 295
0 169
0 148
4 183
8 876
1 733
10 1787
12 1787
0 1787
2 617
0 1553
2 1553
6 504
1 343
1 632
0 127
8 504
5 1083
2 65
6 1144
5 178
5 172
119 240
215 431
10 919
497 498
2 1618
22 1475
183 368
3 26
3 1965
0 1965
1 1965
5 1965
4 1965
6 1965
12 125
0 175
27 55
20 379
1 229
0 229
1 230
2 1042
0 344
11 323
4 746
13 876
9 479
27 406
2 504
3 171
6 575
12 764
13 1913
1 1913
1 1057
1 269
0 173
4 344
0 772
0 242
0 1695
15 1695
1 382
7 764
0 175
0 94
1 811
0 394
0 1287
0 176
9 139
0 310
1 360
2 230
1 811
1 381
0 1129
3 1129
1 1129
0 638
10 1071
30 1410
39 1410
17 1410
1 811
0 497
18 37
0 285
4 305
1 256
1 360
116 233
616 623
0 1061
259 260
0 452
1 563
8 592
4 144
163 327
0 617
4 337
4 362
368 5976
17 5976
5970 5976
80 5976
110 5976
254 5976
204 5976
83 5976
150 5976
1073 1075
376 379
22 661
1 162
0 2517
15 431
3 100
1 1386
6 850
1 511
404 405
1 1102
0 1102
0 370
8 196
0 361
8 841
697 698
0 124
0 290
108 218
435 439
11 229
0 349
2 89
0 360
11 333
12 333
2 526
3 122
0 412
97 196
6 874
0 247
5 896
0 338
1 338
0 142
60 1779
889 1779
75 1779
889 1779
9 1238
13 876
1 1853
0 1853
2 1853
3 592
563 564
1 173
1538 1539
0 158
1 812
4 584
0 328
4 262
0 816
0 99
12 796
401 404
5 146
5 345
3 464
113 228
272 274
459 919
0 502
0 1110
120 122
3 446
517 518
0 141
9 585
8 561
0 2808
1 1357
707 1416
2 204
5 100
281 563
5 564
0 473
18 1110
0 339
163 327
2 308
292 295
0 587
0 777
3 558
148 149
5 209
278 279
1 962
1 3095
3 3095
0 3095
5 1617
1 1617
2 1617
0 1617
2 318
7 327
3 1767
9 1767
0 1767
1 1767
239 240
0 1071
0 522
0 1618
1 465
0 465
1 465
