3 384
10 375
6 392
0 576
2 576
18 776
14 776
15 511
21 2287
0 2287
3 745
4 745
3 914
10 338
4 448
0 691
1 691
0 183
911 914
5 1155
52 1155
577 1155
2 1155
9 1155
2 1370
36 1623
180 7389
64 7389
2 7389
7 7389
1 7389
9 7389
6 7389
20 7389
140 7389
10 7389
264 7389
5 2339
3 615
1 1288
174 176
10 1265
11 1265
14 1265
4 150
0 79
0 1983
1 1983
6 1983
5 1983
3 269
14 397
2 1208
13 1208
6 1208
2 1474
11 240
1 448
1 558
1 1113
0 1113
0 79
304 305
397 400
4 388
4 590
3 1483
3 152
1 152
0 796
767 1536
0 805
5 276
6 328
8 1267
55 1267
3 1267
7 1267
11 1267
11 522
2 198
0 1013
0 1013
4 152
0 1303
0 1008
2 1008
3 327
2 562
5 737
5 737
2 264
7 175
0 44
0 89
8 1913
3 1913
1536 1539
971 973
854 855
2 301
76 7645
61 7645
7644 7645
29 7645
69 7645
179 7645
348 7645
330 7645
127 7645
34 7645
5 7645
291 7645
85 7645
277 7645
282 7645
617 7645
51 7645
105 7645
113 7645
609 7645
740 9306
0 9306
100 9306
43 9306
10 9306
138 9306
810 9306
23 9306
7 9306
368 9306
74 9306
5 9306
58 9306
108 9306
70 9306
78 9306
38 9306
11 9306
33 3760
118 3760
109 3760
67 3760
104 3760
2 3760
16 3760
82 3760
680 689
4 295
7 1454
0 1454
6 1454
4 1454
2 626
0 203
0 405
792 794
1 794
2 844
328 657
1109 1110
5 150
1 1071
0 812
0 812
0 422
7 896
7 395
2 2339
1 135
6 324
1 721
7 79
203 204
1 811
1 368
0 380
0 380
0 384
6 152
4 98
8 68
2 446
0 777
1 777
1 884
12 884
4 1514
22 876
4 348
0 169
2 663
1 663
12 303
11 240
439 441
22 1474
0 733
3 1077
1 404
0 973
2 138
16 1618
0 567
13 876
2 176
0 2150
15 2150
10 876
10 311
3 1597
5 1597
1 1597
1589 1597
8 618
0 98
5 184
8 776
5 776
496 497
4 57
13 392
18 670
1 670
10 392
0 511
5 247
0 876
171 344
0 965
36 1539
2 509
4 215
22 176
4 215
4 215
28 1386
282 283
751 764
8 465
0 792
17 10782
4 10782
106 10782
1 10782
2 10782
26 10782
23 10782
15 10782
25 10782
22 10782
105 10782
221 10782
117 10782
18 10782
10 10782
3 10782
11 10782
7 10782
90 10782
45 10782
16 10782
93 10782
13 10782
6 10782
105 10782
29 10782
0 224
12 767
10 144
42 540
1 2510
0 2510
134 269
5 269
1 1269
0 1269
3 919
0 782
3 448
1 931
0 931
1 247
3 89
2 2038
0 2038
1 2038
1 446
20 737
4 1898
11 1898
17 584
22 1360
2 2257
0 2257
60 1695
11 2339
1065 1072
1 746
4 746
1 2150
12 2150
5 3410
1 3410
17 3410
4 746
2 2150
30 2150
18 764
4 746
0 456
20 590
7 2449
23 2449
22 191
0 777
2 266
1022 1027
6 976
22 976
7 3000
20 3000
13 3000
125 3000
14 3000
6 3000
4 202
1 456
7 777
13 381
1 295
185 186
220 441
1 94
33 68
5 287
7 240
70 142
6 240
6 655
6 1197
7 2831
5 2831
4 2831
0 2831
1 1331
152 4210
15 4210
63 4210
10 4210
3 4210
37 4210
24 4210
21 4210
2 4210
4 4210
146 4210
1 20
3 209
1 677
0 677
0 1547
1 1547
2 888
0 888
343 344
406 413
2 1012
0 1012
3 1012
10 269
7 467
503 504
554 1110
1 585
5 2128
15 2128
0 2128
7 960
7 1483
1535 1536
1532 1536
1106 1110
4 1069
9 1069
1 1069
1011 1014
800 811
5 1110
3 423
0 93
10 183
2 384
1 724
0 2375
4 2375
8 2375
177 178
7 788
2 788
5 788
4 788
8 788
0 788
1 788
8 788
3 788
0 203
10 226
3 4949
19 4949
0 4949
31 4949
46 4949
27 4949
43 4949
1 120
43 2150
3 2150
12 2150
2 653
26 689
7 2955
4 2955
6 2955
5 2955
21 2955
1 2955
2 2955
6 1695
3 439
4 439
5 225
3 2163
2 2163
116 13875
7 13875
3 13875
9 13875
6 13875
31 13875
0 13875
2 13875
39 13875
1 13875
6937 13875
104 13875
53 13875
8 13875
17 2339
3 222
2 150
2 1164
5 1164
6 1164
0 2347
2 2347
1 2347
3 2347
632 633
0 384
29 3126
2 3126
1 3126
4 3126
0 3126
7 3126
6 3126
1 1078
0 1078
3 1078
0 267
0 1926
262 526
58 812
17 858
7 5657
6 5657
12 5657
2 5657
0 5657
1 5657
24 5657
99 5657
8 1042
3 423
5 218
85 172
13 1307
61 1021
2 384
399 400
239 240
5 247
1 176
1 247
6 124
14 618
5 247
0 1708
3 1708
2 1708
1 1708
3 762
0 762
1 152
367 371
2 264
15 442
441 442
0 389
60 5642
1 5642
25 5642
239 5642
38 5642
55 5642
46 5642
2 416
12 223
3 86
11 543
11 1403
12 1403
10 679
1 2517
0 87
23 689
4 336
2 89
2 153
1400 1403
59 1963
12 1963
0 2002
13 2002
140 2002
17 147
20 147
9 163
131 264
5 1539
131 264
10 590
0 181
120 241
0 465
37 764
38 764
17 764
4 295
23 1652
9 1652
2 1967
2 86
0 1110
2 1183
0 1183
1 1183
0 876
0 389
1 1124
0 1124
3 1014
0 961
5 961
2 961
0 526
0 359
18 1130
2 257
10 1386
10 842
520 1042
0 257
0 2403
59 2403
7 2403
105 106
10 375
3 617
19 270
269 270
8 340
2 327
3 380
2 518
1 587
0 587
0 384
0 424
263 264
17 699
17 1317
13 1317
1 1317
6 120
6 594
0 538
0 603
66 1130
2 344
11 240
1 1241
6 122
12 855
4 1898
8 1898
3 1898
0 1898
13 384
8 17
13 914
0 777
3 163
39 4713
0 4713
45 4713
302 4713
5 4713
1 4713
0 44
0 2150
6 2150
1 2150
4 2150
8 402
132 266
3 781
9 781
1 781
0 781
663 664
16 689
5 874
0 796
795 796
62 1464
44 1464
33 1464
6 548
5 382
116 233
2 663
7 257
252 506
10 1012
3 257
1 626
3 371
390 782
1 3816
2 3816
11 3816
7 3816
8 3816
23 3816
5 3816
10 340
5 1347
2 1347
1 149
4 554
2 364
3 364
147 295
217 435
16 695
3 1247
0 1247
6 423
46 914
0 265
0 631
5 631
4 186
19 518
85 171
255 511
31 431
4 2308
0 2308
8 2303
3 2303
0 145
2 145
3 145
6 467
516 518
5 405
6 318
11 423
6 324
388 389
1 8726
426 8726
37 8726
2 8726
88 8726
8687 8726
177 8726
134 8726
891 8726
117 8726
0 8726
15 8726
7 8726
5 422
7 108
0 456
0 1036
1 1036
19 391
0 344
9 679
2 154
198 397
6 3066
1 3066
35 3066
6 1214
5 1214
10 1595
38 1595
763 764
0 457
0 368
0 376
6 209
206 209
2 1191
0 1191
0 592
377 378
70 141
0 389
1 446
10 264
7 526
5 1110
6366 12734
15 12734
20 12734
60 12734
30 12734
91 12734
6366 12734
22 12734
29 12734
238 12734
35 12734
35 12734
37 12734
47 12734
50 12734
311 12734
83 12734
45 12734
201 203
3 89
10 653
11 295
0 841
0 441
5 384
0 876
32 1264
631 1264
45 1264
0 404
0 1483
0 1110
17 590
4 590
5 264
0 107
14 1386
4 148
3 89
9 842
460 461
0 669
3 669
10 737
22 699
6 423
7 737
0 107
0 107
7 148
0 473
14 2629
28 2629
13 2629
3 2629
5 384
14 1589
4 1589
2 1589
4 113
101 2696
108 2696
0 2696
37 774
31 664
493 987
4 987
21 987
9 4344
86 4344
2 4344
6 4344
0 4344
4 4344
29 4344
3 222
11 626
1355 1376
0 1376
9 1376
1375 1376
0 558
2 680
5 680
4 234
3 177
11 177
18 384
21 441
438 441
2 376
1 1511
5 1511
7 522
0 522
0 169
10 737
31 664
14 479
4 2238
3 2238
12 2238
5 2238
12 1074
11 737
1 762
28 2517
393 788
48 2300
17 2300
761 762
10 618
0 183
269 270
10 558
1 252
18 295
19 1913
23 1913
29 656
0 656
12 656
11 240
0 423
381 764
366 373
0 446
2 357
6 423
0 632
5 590
9 562
13 456
0 9
293 587
4 562
3 1014
0 774
0 404
566 567
1 1407
2 594
1 690
4 690
9 250
126 127
294 295
5 2725
3 2725
6 2725
0 2725
4 2725
3 442
0 442
1 518
1 508
0 269
2 269
0 38
1 6094
3 6094
2 6094
0 6094
4 6094
1369 1370
9 2737
8 2737
27 1409
262 526
11 465
3 339
4 960
2 960
23 382
4 295
0 404
0 431
1 1536
3 615
0 844
0 308
0 504
4 560
0 730
1 730
1 764
0 1701
11 240
141 283
6 596
16 392
5 2339
0 2339
0 303
0 461
21 563
10 438
0 122
0 980
1 980
12 845
0 665
5 378
351 352
7 889
4 889
2 189
0 431
8 751
262 526
84 1955
15 1955
42 1955
72 1955
5 1955
70 1955
10 9453
36 9453
14 9453
1 9453
3 9453
47 9453
4 9453
7 9453
6 9453
11 9453
26 9453
13 9453
12 9453
18 9453
5 9453
1 3604
8 3604
11 3604
1801 3604
7 3604
8 2982
3 2982
11 2982
4 2982
2 2982
7 1152
498 499
0 181
1 181
124 249
18 613
10 395
7 575
1 122
7 1114
0 1114
141 283
141 283
0 241
27 55
654 655
1 1887
0 1887
2 1887
7494 7512
746 7512
7445 7512
83 7512
3 7512
7480 7512
7492 7512
125 7512
81 7512
589 7512
7487 7512
7476 7512
590 7512
50 7512
7501 7512
4 328
1 623
1 106
1 82
1 305
8 196
75 151
5 439
1 328
25 2031
2 4370
8 4370
4 4370
0 4370
1 4370
6 4370
3 4370
5 4370
5 340
0 360
1 269
0 413
12 887
0 187
1 187
2 534
3 1539
6 726
128 257
201 202
0 764
2 764
0 473
1 729
2 729
4 729
4 174
296 593
1 326
4 282
29 59
22 2849
32 2849
20 2849
14 2849
0 225
217 435
0 435
0 522
10 146
21 479
3 399
0 587
7 562
393 788
3 788
393 788
393 788
393 788
0 788
0 788
393 788
393 788
6 473
4 473
2 1528
1 1528
23 1904
14 1904
2 733
218 219
25 2417
38 2417
44 594
14 594
34 594
0 620
1 620
0 476
3 476
0 405
27 1695
1 91
45 91
2 1223
1 1223
3 1223
478 479
2 328
3 1879
0 1879
130 4834
4 4834
26 4834
77 4834
18 4834
3 4834
4 145
737 739
11 336
7 361
88 177
412 413
379 759
190 191
190 191
7 240
2 233
2 177
0 176
5 318
5 807
3 807
0 761
1 446
1 931
0 931
0 1074
6 812
143 287
13 764
5 1043
0 857
1 922
3 558
6 558
9 279
86 173
129 130
2 617
3 617
1 1707
2 1707
49 4275
37 4275
4 4275
82 4275
104 4275
4 1149
11 1149
18 1149
4 2971
5 2971
8 336
9 318
5 1026
1 92
0 92
0 311
0 161
771 774
6 127
4 379
399 400
425 428
190 381
4 562
3 497
391 393
2 279
322 323
4 395
3 223
0 362
12 509
0 2434
5 716
386 388
26 233
0 484
3 484
9 484
9 1075
11 1075
1074 1075
17 1075
58 118
0 114
20 844
827 844
1 306
0 1742
2 1742
1 1742
7 441
645 655
12 764
5 509
1868 3737
1 3737
2 3737
0 3737
11 562
1090 2181
3 338
3 40
3 379
2 405
1 474
2 98
1141 1143
183 368
27 699
0 343
11 126
1 1644
3 1644
0 767
1 767
383 767
9 20
154 310
1 354
2 61
5 297
363 727
9 395
1615 1618
2 233
190 381
14 473
108 217
1 152
383 768
7 171
0 567
0 301
0 461
393 788
3 788
393 788
393 788
393 788
0 788
0 788
393 788
393 788
1 405
652 653
3 139
0 324
2 973
14 1386
3 633
21 664
30 1618
15 395
0 295
171 344
10 230
1109 2219
0 385
6 527
12 1926
13 1926
3 548
0 919
10 699
1 472
4 327
0 821
1 821
2 821
1 526
3 567
2 1012
2 1012
4 1012
11 562
11 739
0 266
113 227
0 241
16 635
3 391
3 177
2 407
6 435
530 535
13 527
2 371
10 371
1 240
0 57
148 297
2 262
0 361
23 1312
83 84
285 287
4 509
584 585
17 592
28 812
1169 2339
286 290
0 948
1 948
0 448
21 973
4 360
4 389
17 1646
0 2101
1 2101
3 2101
4 2101
3 876
17 472
2 265
29 777
2 502
3 137
104 209
10 144
1 183
0 370
18 135
1 120
6 962
34 721
113 114
1 3218
2 1747
0 231
4 1110
0 153
0 290
3 397
10 325
8 319
9 382
9 5267
16 5267
8 5267
13 5267
27 5267
11 5267
25 5267
30 5267
3 5267
6 5267
5 5267
2 5267
15 5267
29 5267
2 1034
0 1034
0 2191
1 2191
6 247
3 247
11 1416
513 1027
0 319
0 1042
0 384
0 163
0 127
0 484
1 900
0 544
13 265
3 368
1 930
5 2416
3 2416
9 2416
13 919
406 407
0 382
0 247
0 233
5 1183
1 1183
0 1183
1 1185
0 382
0 340
0 3763
1 3763
176 177
15 477
140 141
21 242
0 295
1 295
11 395
307 615
2 308
2 1695
6 511
0 227
0 257
5 2339
19 395
1 359
3 761
256 257
0 176
7 336
2 195
363 365
239 240
229 230
0 196
6 338
11 1116
0 1116
2 1124
0 300
1 1623
28 906
0 57
0 188
3 1057
0 233
2 721
7 318
0 735
29 699
1 446
0 310
0 165
232 465
3 1130
339 679
1 392
173 348
7 1898
0 1898
5 472
35 950
949 950
32 950
0 191
4 1695
5 324
1 282
1 861
16 1695
179 360
947 960
382 388
2 1701
450 453
41 453
246 247
2 461
294 295
12 1042
18 549
159 319
8 1110
14 2517
1 866
0 866
4 141
0 387
23 48
0 1791
1 1791
17 511
0 275
142 286
0 423
7 191
8 950
12 509
0 861
4 364
7 364
377 378
13 3651
1 364
6 364
0 298
92 679
16 654
176 177
6 605
4 392
4 392
3 569
0 43
6 414
0 272
2 327
0 2050
1 2050
2 2050
0 617
10 927
3 1268
0 1268
1 1268
30 1413
78 157
315 317
24 790
394 790
3 812
538 1077
7 584
31 562
24 1360
1 1695
202 405
293 587
4 127
2 1592
0 1592
0 1719
1 1719
2 1719
6 548
0 548
194 195
350 352
0 1043
4 2703
1 2703
3 2703
5 2703
26 1165
16 395
0 1323
3 1323
1 1323
5 1323
2 1323
0 118
164 165
2 663
9 451
24 1536
0 1526
1 1526
6 1526
1 116
14 327
2 587
2 139
3 325
21 1288
1 116
6 240
0 217
355 712
11 1386
15 2339
0 2517
3 381
141 284
181 183
147 295
9 2517
11 2339
11 465
1 247
0 2517
0 55
0 281
0 247
1358 1360
2 461
3758 3761
6 590
2 594
377 378
25 1539
107 108
2168 4338
775 1552
3 152
6 646
4 306
6 657
656 657
14 1042
210 421
5 1042
4 222
11 1034
0 270
1 1104
0 486
501 502
2 57
407 816
30 2365
23 1074
0 187
39 2236
12 2236
5 2236
0 2236
398 405
5 1110
12 497
110 222
0 120
0 151
0 1392
0 230
85 86
77 78
1169 2339
8 9
1 1021
317 318
0 308
6 279
2 762
87 88
8 721
1 1027
19 500
0 89
2 86
12 159
2 733
5 725
1 276
3 497
10 1130
0 456
0 654
776 777
52 53
0 340
237 475
2 142
4 694
1 41
0 90
10 588
7 588
3 588
1 214
2 67
2 588
1 327
2 342
2 588
96 193
2 161
44 90
6 588
6 41
6 322
3 718
2 142
12 567
587 588
1 113
0 120
4 588
4 567
15 588
34 588
12 483
21 588
6 218
586 588
9 282
7 282
15 588
108 218
1 327
11 24
1 274
3 274
2 214
1 142
7 90
44 90
1 228
6 567
0 229
18 567
3 343
1 228
3 327
0 43
5 386
33 694
10 228
3 475
3 588
27 475
20 946
0 475
0 567
1 457
6 327
9 483
5 343
4 116
0 475
113 228
1 342
163 327
279 560
6 229
0 99
6 588
7 43
6 43
0 168
10 141
0 483
0 16
4 588
1 386
8 334
7 588
6 588
8 588
6 588
0 90
17 588
1 271
12 588
15 386
3 67
279 560
170 342
10 454
5 588
7 588
5 211
30 694
7 694
7 228
2 327
12 588
14 752
0 53
3 229
21 588
6 41
0 374
3 334
20 588
18 475
8 110
0 229
1 58
8 588
2 142
7 153
3 334
6 116
58 118
12 588
33 386
3 327
2 142
18 228
77 156
3 588
6 588
1 327
14 343
7 153
15 475
0 588
3 99
0 588
3 588
286 574
1 694
1 90
26 694
0 56
279 560
13 342
8 322
1 752
7 588
22 327
1 193
7 454
1 342
3 67
1 327
13 588
2 229
0 342
2 67
93 2673
1 211
9 483
7 327
0 228
4 33
480 962
0 1539
0 125
0 120
4 80
1 816
0 554
2 176
3 406
0 66
1 473
0 977
0 844
1 290
7 502
87 88
1 275
5 147
4 515
0 1205
0 1403
0 1695
4 605
33 605
3 1347
4 1347
51 1516
0 295
0 473
0 59
11 1021
14 788
113 228
4 1110
0 88
0 768
1 476
19 337
339 340
27 1695
4 127
1 308
1 378
0 241
2 452
0 284
1 1900
0 1900
1 3101
0 3101
0 6
6 218
662 664
0 158
0 423
25 951
20 951
0 623
0 399
2 1577
0 278
3 214
6 2150
0 2150
0 145
0 404
0 1074
1 336
0 362
4 594
0 216
436 439
4 527
15 1386
2 639
15 762
0 625
1 625
0 725
0 395
0 1036
15 1042
1 393
12 1539
1 368
1 1539
58 117
7 632
1040 1042
10 518
1 567
1 452
1 1071
0 347
4 303
0 120
269 270
0 2237
2234 2237
9 2237
16 2237
4 2237
0 233
775 1552
0 409
0 1230
2 1230
27 853
1 400
0 126
0 446
24 857
0 973
1 274
0 274
1 3390
20 3390
3 3390
0 3390
0 584
13 890
2 626
107 216
0 1346
0 247
143 287
39 79
0 196
19 191
113 7353
75 7353
77 7353
458 7353
14 7353
27 7353
130 7353
18 7353
103 7353
565 7353
2 7353
89 7353
69 7353
191 7353
120 7353
13 7353
5 141
4 2466
2 2466
0 2466
1 2466
82 1456
95 10604
0 10604
409 10604
27 10604
87 10604
73 10604
9 10604
122 10604
10 10604
68 10604
5 10604
21 10604
40 10604
41 10604
77 10604
17 10604
12 1655
13 1655
0 407
2 1162
6 1162
0 1162
1 1162
10 479
21 623
0 87
1 564
195 391
0 295
0 590
0 508
43 1695
23 47
393 788
12 788
20 788
17 788
393 788
0 788
1 788
10 788
393 788
9 230
0 739
6 436
47 1695
0 247
1 626
13 567
114 115
23 48
0 344
2 684
40 764
1 582
5 1072
2 1862
0 1862
4 369
13 876
1 625
232 233
1 937
0 937
4 937
0 230
0 421
1 272
5 218
58 812
825 826
0 919
1 887
1 1072
11 2339
7 958
1 958
14 1623
9 141
4 792
7 811
1 2330
0 2330
8 247
36 974
10 120
0 182
1 423
0 1967
0 30
4 384
2 549
1141 1153
0 497
5 188
2 498
0 157
3 157
2338 2339
2 950
56 57
0 135
4 473
0 962
0 448
0 163
1 414
3 1161
1 1161
2 1161
0 117
0 96
4 1403
0 1346
1 139
28 1110
6 473
11 318
0 318
1 700
0 162
1 1967
7 1539
1 1539
105 106
0 5662
1 5662
4 5662
3 5662
2 5662
1534 1536
24 1536
13 625
38 2565
24 2565
22 2565
6 2565
8 2565
5 2565
1745 1747
18 384
4 183
1 1249
13 1249
0 87
4 812
743 746
1 2128
2 2128
7 2128
0 473
0 67
2 124
176 178
0 764
1 379
1 2396
0 2396
2 2396
12 890
1 890
2 890
0 38
1 2407
3 2407
2 2407
8 2407
1 735
0 581
1 581
1 385
2 385
8 615
0 139
2 641
2 448
2 1064
4 1064
4 2225
3 89
0 941
0 89
0 1419
0 452
0 80
19 554
1 89
4 1294
25 1294
19 381
11 1948
74 1948
33 1948
157 1948
1 962
4 448
2 352
136 137
1 594
1 1708
0 1708
143 287
0 25
12 816
0 626
0 90
22 2339
0 1536
0 233
2 69
0 319
1 796
0 446
0 527
2 142
1 369
1 153
9 590
0 385
410 413
1 446
0 2395
1 2395
3 404
295 592
18 2163
4 2163
9 2163
0 55
18 191
7 2423
0 2423
5 2423
0 344
2 196
450 452
35 1403
1 1205
2 1205
4 1014
0 294
1 448
85 86
0 395
33 844
0 844
8 303
1358 1360
0 812
106 107
0 562
1 479
4 467
92 1733
7 1733
14 1733
4 80
737 739
0 446
123 247
0 389
0 733
5 215
4 295
16 431
0 175
129 130
186 187
1 135
0 284
13 371
10 330
2 1724
0 1724
1 1724
1 549
5 919
569 1139
0 896
1 896
1 437
51 103
20 264
2 261
0 264
0 648
12 1577
0 1501
5 1501
2 1501
9 617
15 1618
0 285
22 504
11 115
47 48
8 247
1 737
0 223
0 509
1 311
1 594
24 477
0 345
1 733
4 789
0 789
0 605
3 1747
0 347
1487 1511
1500 1511
0 362
145 147
0 307
138 139
137 139
0 382
53 1766
393 788
2 788
5 788
3 788
393 788
0 788
1 788
393 788
4 788
686 694
0 694
4 307
5 174
3 371
2 1077
1 537
88 178
3 103
0 290
68 3159
33 3159
13 3159
10 1331
24 50
0 716
1 508
1899 1909
50 1909
8 1909
4 1618
2 1618
0 384
2 384
0 102
0 94
0 585
5 474
267 535
0 261
294 295
0 169
0 148
4 183
10 876
1 733
6 1787
4 1787
1 1787
3 617
0 1553
2 1553
6 504
1 343
1 632
0 127
8 504
5 1083
2 65
11 1144
4 178
5 172
119 240
215 431
8 919
497 498
0 1618
25 1475
183 368
3 26
4 1965
0 1965
1 1965
5 1965
2 1965
7 1965
14 125
0 175
27 55
21 379
1 229
0 229
1 230
1 1042
0 344
320 323
4 746
12 876
9 479
403 406
2 504
3 171
9 575
9 764
16 1913
0 1913
0 1057
1 269
0 173
5 344
0 772
0 242
0 1695
22 1695
0 382
7 764
0 175
0 94
1 811
0 394
0 1287
0 176
10 139
0 310
0 360
2 230
1 811
1 381
0 1129
3 1129
1 1129
0 638
9 1071
25 1410
1400 1410
40 1410
1 811
0 497
18 37
0 285
7 305
1 256
1 360
116 233
622 623
0 1061
258 260
0 452
2 563
586 592
3 144
163 327
0 617
3 337
11 362
367 5976
15 5976
5975 5976
137 5976
101 5976
5933 5976
5965 5976
70 5976
125 5976
1072 1075
378 379
21 661
1 162
0 2517
2 431
0 100
1 1386
9 850
1 511
404 405
1 1102
0 1102
0 370
7 196
1 361
6 841
697 698
0 124
0 290
108 218
24 439
13 229
0 349
2 89
0 360
12 333
11 333
1 526
2 122
0 412
1 196
6 874
0 247
6 896
0 338
2 338
1 142
47 1779
889 1779
59 1779
889 1779
4 1238
13 876
1 1853
0 1853
2 1853
3 592
562 564
2 173
14 1539
0 158
1 812
4 584
0 328
6 262
0 816
93 99
5 796
6 404
5 146
344 345
2 464
226 228
272 274
459 919
0 502
0 1110
120 122
4 446
511 518
0 141
9 585
7 561
3 2808
1 1357
707 1416
1 204
5 100
281 563
0 564
0 473
19 1110
0 339
163 327
1 308
19 295
0 587
0 777
1 558
148 149
5 209
278 279
1 962
0 3095
3 3095
2 3095
5 1617
1 1617
2 1617
0 1617
1 318
326 327
1 1767
4 1767
0 1767
2 1767
239 240
0 1071
0 522
0 1618
1 465
0 465
1 465
