3 384
10 375
6 392
0 576
2 576
21 776
12 776
9 511
20 2287
1 2287
3 745
4 745
4 914
10 338
4 448
0 691
1 691
0 183
55 914
5 1155
54 1155
577 1155
2 1155
9 1155
2 1370
37 1623
328 7389
67 7389
1 7389
4 7389
0 7389
5 7389
10 7389
12 7389
130 7389
9 7389
267 7389
15 2339
3 615
1 1288
174 176
10 1265
11 1265
14 1265
4 150
0 79
0 1983
1 1983
6 1983
5 1983
2 269
16 397
2 1208
13 1208
7 1208
3 1474
11 240
1 448
3 558
1 1113
0 1113
0 79
304 305
396 400
4 388
6 590
3 1483
3 152
1 152
0 796
767 1536
0 805
5 276
10 328
6 1267
53 1267
3 1267
8 1267
13 1267
11 522
3 198
2 1013
2 1013
4 152
0 1303
0 1008
2 1008
3 327
2 562
6 737
5 737
2 264
7 175
0 44
0 89
7 1913
1 1913
1535 1539
970 973
854 855
0 301
75 7645
44 7645
7644 7645
23 7645
56 7645
345 7645
409 7645
478 7645
310 7645
12 7645
2 7645
378 7645
82 7645
221 7645
285 7645
620 7645
34 7645
77 7645
92 7645
548 7645
676 9306
0 9306
157 9306
84 9306
24 9306
103 9306
9301 9306
29 9306
15 9306
360 9306
59 9306
40 9306
131 9306
102 9306
96 9306
68 9306
31 9306
7 9306
76 3760
113 3760
149 3760
146 3760
147 3760
23 3760
44 3760
92 3760
680 689
4 295
7 1454
0 1454
5 1454
4 1454
2 626
0 203
0 405
792 794
1 794
2 844
328 657
1109 1110
4 150
1 1071
0 812
0 812
0 422
4 896
17 395
1 2339
1 135
6 324
1 721
7 79
203 204
3 811
1 368
0 380
0 380
1 384
6 152
4 98
8 68
2 446
0 777
0 777
1 884
12 884
3 1514
24 876
3 348
0 169
2 663
1 663
12 303
11 240
440 441
24 1474
0 733
3 1077
1 404
0 973
2 138
16 1618
0 567
13 876
2 176
0 2150
16 2150
10 876
12 311
3 1597
7 1597
0 1597
1571 1597
11 618
0 98
5 184
7 776
5 776
496 497
4 57
12 392
14 670
1 670
8 392
0 511
5 247
0 876
5 344
0 965
39 1539
1 509
5 215
22 176
4 215
4 215
26 1386
282 283
748 764
12 465
0 792
21 10782
4 10782
106 10782
2 10782
3 10782
28 10782
26 10782
19 10782
14 10782
25 10782
108 10782
219 10782
229 10782
22 10782
7 10782
1 10782
12 10782
5 10782
95 10782
51 10782
11 10782
97 10782
17 10782
10 10782
108 10782
29 10782
0 224
8 767
10 144
49 540
1 2510
0 2510
134 269
5 269
1 1269
0 1269
3 919
0 782
2 448
1 931
0 931
1 247
3 89
2 2038
0 2038
1 2038
0 446
21 737
4 1898
13 1898
17 584
1355 1360
0 2257
1 2257
72 1695
10 2339
1062 1072
1 746
4 746
1 2150
16 2150
7 3410
2 3410
23 3410
4 746
2 2150
31 2150
18 764
4 746
0 456
17 590
7 2449
22 2449
23 191
0 777
2 266
1023 1027
7 976
22 976
8 3000
26 3000
14 3000
127 3000
15 3000
5 3000
4 202
1 456
7 777
14 381
0 295
185 186
220 441
1 94
33 68
5 287
9 240
70 142
13 240
6 655
6 1197
7 2831
5 2831
4 2831
1 2831
1 1331
188 4210
13 4210
54 4210
7 4210
3 4210
35 4210
19 4210
23 4210
2 4210
4 4210
144 4210
1 20
3 209
1 677
0 677
0 1547
1 1547
2 888
0 888
343 344
405 413
2 1012
0 1012
3 1012
31 269
7 467
503 504
554 1110
1 585
1 2128
7 2128
4 2128
7 960
7 1483
1535 1536
1531 1536
1105 1110
4 1069
6 1069
1 1069
1008 1014
800 811
5 1110
2 423
0 93
11 183
2 384
1 724
0 2375
4 2375
8 2375
177 178
7 788
2 788
5 788
4 788
8 788
0 788
1 788
8 788
3 788
0 203
12 226
7 4949
22 4949
1 4949
20 4949
27 4949
14 4949
28 4949
1 120
43 2150
2 2150
11 2150
4 653
25 689
7 2955
4 2955
6 2955
5 2955
17 2955
1 2955
2 2955
6 1695
4 439
21 439
5 225
2 2163
3 2163
100 13875
6 13875
3 13875
10 13875
5 13875
23 13875
0 13875
2 13875
32 13875
1 13875
6937 13875
68 13875
58 13875
8 13875
21 2339
3 222
2 150
1 1164
5 1164
6 1164
0 2347
2 2347
1 2347
4 2347
632 633
0 384
30 3126
2 3126
1 3126
3 3126
0 3126
8 3126
5 3126
1 1078
0 1078
3 1078
0 267
0 1926
262 526
811 812
17 858
7 5657
6 5657
10 5657
2 5657
0 5657
1 5657
23 5657
99 5657
8 1042
2 423
5 218
85 172
17 1307
68 1021
2 384
399 400
14 240
5 247
1 176
1 247
6 124
9 618
5 247
0 1708
3 1708
2 1708
1 1708
5 762
1 762
1 152
367 371
2 264
27 442
441 442
0 389
64 5642
1 5642
27 5642
258 5642
40 5642
60 5642
39 5642
2 416
8 223
2 86
11 543
11 1403
8 1403
10 679
1 2517
0 87
26 689
6 336
2 89
2 153
1400 1403
203 1963
12 1963
0 2002
12 2002
146 2002
17 147
19 147
10 163
131 264
2 1539
131 264
8 590
0 181
120 241
0 465
37 764
38 764
17 764
4 295
45 1652
12 1652
1 1967
1 86
0 1110
2 1183
0 1183
1 1183
0 876
0 389
1 1124
0 1124
8 1014
0 961
4 961
5 961
0 526
0 359
18 1130
2 257
12 1386
11 842
520 1042
0 257
0 2403
60 2403
7 2403
105 106
10 375
4 617
22 270
269 270
8 340
2 327
0 380
2 518
1 587
0 587
0 384
0 424
263 264
13 699
16 1317
14 1317
0 1317
4 120
6 594
0 538
0 603
67 1130
2 344
11 240
1 1241
3 122
12 855
2 1898
8 1898
2 1898
1 1898
13 384
8 17
13 914
0 777
3 163
29 4713
0 4713
57 4713
305 4713
8 4713
2 4713
0 44
0 2150
6 2150
1 2150
2 2150
8 402
132 266
2 781
9 781
1 781
0 781
663 664
51 689
4 874
0 796
795 796
64 1464
31 1464
30 1464
6 548
5 382
116 233
2 663
7 257
252 506
10 1012
3 257
1 626
3 371
390 782
0 3816
8 3816
13 3816
9 3816
10 3816
43 3816
4 3816
10 340
5 1347
2 1347
1 149
4 554
2 364
3 364
147 295
217 435
11 695
3 1247
0 1247
6 423
42 914
0 265
0 631
4 631
4 186
15 518
85 171
255 511
30 431
4 2308
1 2308
8 2303
3 2303
0 145
2 145
3 145
6 467
516 518
403 405
7 318
7 423
6 324
388 389
1 8726
433 8726
40 8726
2 8726
92 8726
8681 8726
183 8726
135 8726
854 8726
170 8726
0 8726
15 8726
8 8726
6 422
7 108
0 456
0 1036
1 1036
20 391
0 344
12 679
2 154
198 397
6 3066
1 3066
36 3066
5 1214
6 1214
10 1595
39 1595
763 764
0 457
0 368
0 376
6 209
205 209
2 1191
0 1191
0 592
377 378
70 141
0 389
1 446
10 264
7 526
5 1110
6366 12734
13 12734
21 12734
64 12734
25 12734
86 12734
6366 12734
23 12734
27 12734
242 12734
36 12734
36 12734
39 12734
50 12734
53 12734
314 12734
88 12734
43 12734
201 203
4 89
9 653
11 295
0 841
0 441
3 384
0 876
32 1264
631 1264
45 1264
0 404
0 1483
0 1110
14 590
4 590
5 264
0 107
6 1386
10 148
3 89
9 842
460 461
0 669
3 669
7 737
24 699
6 423
7 737
0 107
0 107
7 148
7 473
14 2629
28 2629
13 2629
3 2629
3 384
14 1589
4 1589
1 1589
4 113
2675 2696
2692 2696
0 2696
17 774
31 664
493 987
3 987
14 987
10 4344
117 4344
1 4344
6 4344
0 4344
2 4344
38 4344
3 222
11 626
1351 1376
0 1376
9 1376
1375 1376
0 558
2 680
5 680
4 234
4 177
12 177
18 384
15 441
438 441
2 376
0 1511
6 1511
7 522
0 522
0 169
10 737
31 664
13 479
13 2238
1 2238
7 2238
3 2238
12 1074
12 737
1 762
32 2517
393 788
61 2300
14 2300
760 762
9 618
0 183
269 270
10 558
1 252
18 295
19 1913
23 1913
40 656
0 656
12 656
11 240
0 423
381 764
366 373
0 446
2 357
6 423
0 632
4 590
7 562
13 456
0 9
293 587
4 562
3 1014
0 774
0 404
566 567
1 1407
2 594
2 690
4 690
15 250
126 127
294 295
5 2725
3 2725
6 2725
0 2725
4 2725
3 442
0 442
1 518
1 508
0 269
2 269
0 38
1 6094
3 6094
2 6094
0 6094
4 6094
1368 1370
12 2737
8 2737
29 1409
262 526
12 465
3 339
4 960
2 960
24 382
4 295
0 404
0 431
1 1536
3 615
0 844
0 308
4 504
4 560
0 730
1 730
1 764
0 1701
11 240
141 283
7 596
14 392
5 2339
0 2339
0 303
0 461
19 563
10 438
0 122
0 980
1 980
16 845
0 665
5 378
351 352
7 889
4 889
3 189
0 431
8 751
262 526
1954 1955
22 1955
61 1955
1951 1955
33 1955
70 1955
11 9453
37 9453
15 9453
1 9453
5 9453
49 9453
3 9453
7 9453
4 9453
12 9453
22 9453
14 9453
13 9453
18 9453
6 9453
1 3604
12 3604
13 3604
1801 3604
10 3604
4 2982
3 2982
7 2982
5 2982
2 2982
7 1152
498 499
0 181
1 181
124 249
5 613
10 395
7 575
0 122
7 1114
0 1114
141 283
141 283
0 241
27 55
654 655
1 1887
0 1887
2 1887
7494 7512
750 7512
7444 7512
63 7512
3 7512
7480 7512
7492 7512
123 7512
81 7512
591 7512
7486 7512
7476 7512
592 7512
50 7512
7501 7512
4 328
1 623
1 106
1 82
0 305
8 196
75 151
7 439
1 328
27 2031
2 4370
8 4370
4 4370
0 4370
1 4370
6 4370
3 4370
5 4370
5 340
0 360
0 269
0 413
885 887
0 187
1 187
2 534
3 1539
7 726
128 257
201 202
0 764
2 764
0 473
1 729
2 729
4 729
4 174
296 593
0 326
4 282
29 59
22 2849
33 2849
15 2849
14 2849
0 225
217 435
0 435
0 522
6 146
20 479
3 399
0 587
7 562
393 788
3 788
393 788
393 788
393 788
0 788
0 788
393 788
393 788
6 473
4 473
2 1528
0 1528
25 1904
15 1904
2 733
218 219
23 2417
40 2417
48 594
16 594
42 594
0 620
1 620
0 476
3 476
0 405
28 1695
1 91
2 91
2 1223
1 1223
3 1223
478 479
2 328
3 1879
0 1879
132 4834
1 4834
66 4834
150 4834
9 4834
24 4834
4 145
737 739
11 336
8 361
7 177
412 413
379 759
190 191
189 191
7 240
2 233
2 177
0 176
5 318
5 807
3 807
0 761
1 446
1 931
0 931
0 1074
6 812
143 287
13 764
7 1043
0 857
1 922
3 558
6 558
9 279
86 173
129 130
2 617
3 617
1 1707
2 1707
50 4275
31 4275
4 4275
84 4275
109 4275
5 1149
14 1149
26 1149
4 2971
5 2971
8 336
9 318
12 1026
1 92
0 92
0 311
0 161
766 774
6 127
4 379
399 400
426 428
11 381
5 562
3 497
392 393
2 279
322 323
4 395
3 223
0 362
12 509
0 2434
5 716
386 388
26 233
0 484
3 484
6 484
10 1075
16 1075
1073 1075
17 1075
58 118
0 114
9 844
823 844
0 306
0 1742
1 1742
2 1742
7 441
653 655
14 764
6 509
1868 3737
1 3737
2 3737
0 3737
11 562
1090 2181
3 338
3 40
3 379
2 405
1 474
2 98
1141 1143
183 368
27 699
1 343
12 126
1 1644
6 1644
0 767
1 767
383 767
9 20
154 310
1 354
0 61
2 297
363 727
6 395
1615 1618
2 233
190 381
6 473
108 217
5 152
383 768
7 171
0 567
0 301
0 461
393 788
3 788
393 788
393 788
393 788
0 788
0 788
393 788
393 788
1 405
652 653
3 139
0 324
1 973
15 1386
3 633
21 664
30 1618
14 395
0 295
171 344
10 230
1109 2219
0 385
6 527
9 1926
14 1926
3 548
0 919
18 699
1 472
4 327
0 821
1 821
2 821
1 526
3 567
2 1012
2 1012
4 1012
10 562
11 739
0 266
113 227
0 241
16 635
3 391
4 177
2 407
7 435
530 535
13 527
1 371
10 371
1 240
0 57
148 297
2 262
0 361
16 1312
83 84
21 287
4 509
584 585
17 592
5 812
104 2339
286 290
0 948
1 948
0 448
23 973
4 360
4 389
22 1646
2 2101
0 2101
3 2101
4 2101
3 876
12 472
2 265
24 777
2 502
3 137
104 209
9 144
1 183
0 370
18 135
1 120
5 962
12 721
113 114
1 3218
1 1747
0 231
4 1110
0 153
0 290
3 397
10 325
8 319
10 382
12 5267
11 5267
7 5267
14 5267
28 5267
9 5267
26 5267
32 5267
3 5267
8 5267
4 5267
2 5267
17 5267
23 5267
2 1034
0 1034
0 2191
1 2191
6 247
4 247
11 1416
513 1027
0 319
0 1042
0 384
0 163
0 127
0 484
1 900
0 544
13 265
3 368
1 930
5 2416
3 2416
9 2416
13 919
406 407
0 382
0 247
0 233
2 1183
1 1183
0 1183
1 1185
0 382
0 340
0 3763
1 3763
176 177
6 477
140 141
21 242
0 295
1 295
10 395
307 615
1 308
2 1695
6 511
0 227
0 257
6 2339
21 395
0 359
3 761
256 257
0 176
8 336
2 195
363 365
239 240
229 230
0 196
6 338
10 1116
0 1116
2 1124
0 300
1 1623
29 906
0 57
0 188
4 1057
0 233
2 721
7 318
0 735
30 699
1 446
0 310
0 165
232 465
3 1130
339 679
1 392
173 348
10 1898
5 1898
6 472
30 950
949 950
34 950
0 191
4 1695
15 324
1 282
1 861
20 1695
179 360
16 960
382 388
2 1701
452 453
76 453
246 247
2 461
294 295
13 1042
23 549
159 319
9 1110
11 2517
1 866
0 866
4 141
0 387
23 48
0 1791
1 1791
7 511
0 275
142 286
0 423
0 191
11 950
9 509
0 861
4 364
6 364
377 378
13 3651
0 364
6 364
0 298
654 679
16 654
176 177
5 605
4 392
4 392
2 569
0 43
6 414
0 272
2 327
0 2050
1 2050
2 2050
0 617
9 927
2 1268
0 1268
1 1268
11 1413
78 157
314 317
782 790
394 790
2 812
538 1077
8 584
31 562
23 1360
2 1695
202 405
6 587
4 127
2 1592
0 1592
0 1719
1 1719
2 1719
12 548
0 548
194 195
350 352
0 1043
4 2703
1 2703
3 2703
5 2703
27 1165
16 395
0 1323
2 1323
1 1323
5 1323
3 1323
0 118
164 165
2 663
9 451
23 1536
0 1526
1 1526
5 1526
1 116
16 327
2 587
2 139
3 325
24 1288
1 116
8 240
0 217
355 712
11 1386
15 2339
0 2517
3 381
141 284
182 183
1 295
10 2517
12 2339
11 465
1 247
0 2517
0 55
0 281
0 247
1356 1360
2 461
3758 3761
9 590
2 594
377 378
25 1539
10 108
2168 4338
775 1552
3 152
6 646
4 306
6 657
655 657
14 1042
210 421
5 1042
4 222
13 1034
0 270
1 1104
0 486
501 502
2 57
28 816
9 2365
25 1074
0 187
44 2236
10 2236
2 2236
0 2236
17 405
5 1110
13 497
110 222
119 120
0 151
0 1392
0 230
85 86
77 78
1169 2339
8 9
1 1021
317 318
1 308
7 279
2 762
87 88
7 721
1 1027
15 500
0 89
2 86
13 159
2 733
5 725
1 276
3 497
11 1130
0 456
0 654
776 777
52 53
0 340
237 475
2 142
3 694
0 41
0 90
9 588
3 588
3 588
1 214
2 67
3 588
1 327
2 342
1 588
6 193
2 161
44 90
6 588
6 41
6 322
3 718
2 142
12 567
587 588
1 113
0 120
3 588
4 567
19 588
32 588
10 483
18 588
6 218
586 588
8 282
7 282
16 588
108 218
1 327
11 24
1 274
3 274
2 214
1 142
7 90
44 90
1 228
6 567
0 229
31 567
3 343
1 228
1 327
0 43
5 386
33 694
11 228
3 475
3 588
27 475
21 946
0 475
0 567
1 457
6 327
9 483
7 343
4 116
0 475
5 228
0 342
163 327
279 560
6 229
0 99
6 588
7 43
6 43
0 168
9 141
0 483
0 16
2 588
1 386
8 334
4 588
5 588
8 588
6 588
0 90
18 588
0 271
12 588
15 386
2 67
279 560
170 342
9 454
5 588
6 588
5 211
31 694
7 694
7 228
2 327
12 588
14 752
0 53
3 229
21 588
6 41
0 374
3 334
11 588
18 475
9 110
0 229
1 58
7 588
1 142
8 153
3 334
6 116
58 118
12 588
26 386
3 327
2 142
19 228
77 156
3 588
5 588
1 327
11 343
7 153
17 475
0 588
1 99
0 588
2 588
27 574
1 694
1 90
26 694
0 56
279 560
13 342
8 322
1 752
12 588
22 327
1 193
6 454
1 342
3 67
0 327
12 588
2 229
0 342
2 67
48 2673
1 211
6 483
7 327
0 228
4 33
10 962
0 1539
0 125
0 120
5 80
1 816
0 554
3 176
3 406
0 66
1 473
0 977
0 844
1 290
7 502
87 88
1 275
5 147
4 515
0 1205
0 1403
0 1695
4 605
33 605
3 1347
4 1347
36 1516
0 295
0 473
0 59
8 1021
10 788
113 228
5 1110
0 88
0 768
1 476
16 337
339 340
28 1695
4 127
1 308
0 378
0 241
2 452
0 284
2 1900
0 1900
1 3101
0 3101
0 6
6 218
662 664
0 158
0 423
25 951
20 951
0 623
0 399
2 1577
0 278
3 214
4 2150
0 2150
0 145
0 404
0 1074
1 336
0 362
4 594
0 216
438 439
4 527
18 1386
1 639
15 762
0 625
1 625
0 725
0 395
0 1036
14 1042
1 393
9 1539
1 368
1 1539
58 117
4 632
34 1042
12 518
1 567
1 452
1 1071
0 347
1 303
0 120
269 270
0 2237
2230 2237
22 2237
13 2237
5 2237
0 233
775 1552
0 409
0 1230
2 1230
27 853
1 400
0 126
0 446
29 857
0 973
1 274
0 274
0 3390
20 3390
3 3390
1 3390
0 584
14 890
2 626
107 216
0 1346
0 247
143 287
39 79
0 196
16 191
113 7353
75 7353
77 7353
458 7353
14 7353
29 7353
130 7353
17 7353
103 7353
568 7353
0 7353
89 7353
58 7353
190 7353
120 7353
13 7353
5 141
4 2466
2 2466
0 2466
1 2466
83 1456
79 10604
0 10604
416 10604
25 10604
90 10604
176 10604
9 10604
119 10604
2 10604
66 10604
6 10604
19 10604
38 10604
39 10604
78 10604
16 10604
21 1655
17 1655
0 407
2 1162
6 1162
0 1162
1 1162
7 479
21 623
0 87
1 564
195 391
0 295
0 590
0 508
48 1695
23 47
393 788
13 788
21 788
18 788
393 788
0 788
1 788
11 788
393 788
9 230
0 739
6 436
48 1695
0 247
1 626
12 567
114 115
23 48
0 344
3 684
45 764
1 582
5 1072
2 1862
0 1862
2 369
13 876
1 625
16 233
1 937
0 937
4 937
0 230
1 421
1 272
5 218
58 812
825 826
0 919
1 887
1 1072
16 2339
7 958
1 958
17 1623
9 141
4 792
8 811
1 2330
0 2330
8 247
19 974
12 120
0 182
2 423
0 1967
0 30
4 384
2 549
1149 1153
0 497
7 188
3 498
0 157
2 157
2338 2339
1 950
56 57
0 135
4 473
0 962
0 448
0 163
1 414
3 1161
1 1161
2 1161
0 117
0 96
1 1403
0 1346
1 139
22 1110
4 473
11 318
0 318
1 700
0 162
1 1967
7 1539
2 1539
105 106
0 5662
1 5662
4 5662
3 5662
2 5662
1534 1536
24 1536
18 625
39 2565
25 2565
22 2565
6 2565
8 2565
5 2565
1745 1747
18 384
4 183
1 1249
13 1249
0 87
1 812
744 746
1 2128
3 2128
8 2128
0 473
0 67
2 124
176 178
0 764
1 379
1 2396
0 2396
2 2396
10 890
0 890
2 890
0 38
1 2407
3 2407
2 2407
8 2407
1 735
0 581
1 581
1 385
3 385
24 615
0 139
3 641
2 448
3 1064
2 1064
4 2225
3 89
0 941
0 89
0 1419
1 452
0 80
19 554
1 89
8 1294
26 1294
21 381
26 1948
133 1948
156 1948
1926 1948
1 962
4 448
2 352
136 137
1 594
1 1708
0 1708
143 287
0 25
6 816
0 626
0 90
27 2339
0 1536
0 233
2 69
0 319
1 796
0 446
0 527
2 142
1 369
1 153
7 590
0 385
409 413
1 446
0 2395
1 2395
3 404
295 592
18 2163
5 2163
8 2163
0 55
19 191
4 2423
0 2423
7 2423
0 344
2 196
450 452
22 1403
1 1205
2 1205
5 1014
0 294
0 448
85 86
0 395
843 844
0 844
3 303
1358 1360
0 812
106 107
0 562
2 479
4 467
78 1733
6 1733
14 1733
4 80
25 739
0 446
123 247
0 389
0 733
5 215
4 295
16 431
0 175
129 130
186 187
1 135
0 284
18 371
10 330
2 1724
0 1724
1 1724
1 549
4 919
569 1139
0 896
1 896
1 437
51 103
19 264
3 261
0 264
0 648
15 1577
3 1501
12 1501
0 1501
9 617
15 1618
0 285
22 504
5 115
47 48
7 247
1 737
0 223
0 509
1 311
1 594
471 477
0 345
1 733
4 789
0 789
0 605
3 1747
0 347
1487 1511
1500 1511
0 362
145 147
0 307
138 139
137 139
0 382
55 1766
8 788
2 788
5 788
4 788
9 788
0 788
1 788
9 788
3 788
692 694
0 694
4 307
1 174
2 371
0 1077
2 537
88 178
3 103
2 290
3149 3159
3139 3159
59 3159
8 1331
24 50
0 716
1 508
1898 1909
49 1909
8 1909
4 1618
2 1618
0 384
3 384
0 102
0 94
0 585
6 474
267 535
0 261
294 295
0 169
0 148
4 183
10 876
1 733
8 1787
1 1787
6 1787
3 617
0 1553
2 1553
6 504
1 343
1 632
0 127
14 504
5 1083
2 65
11 1144
5 178
5 172
119 240
430 431
8 919
497 498
0 1618
27 1475
183 368
3 26
4 1965
1 1965
3 1965
5 1965
0 1965
7 1965
14 125
0 175
27 55
20 379
1 229
0 229
1 230
1 1042
0 344
321 323
4 746
12 876
11 479
403 406
2 504
3 171
9 575
12 764
22 1913
3 1913
0 1057
1 269
0 173
3 344
0 772
0 242
0 1695
23 1695
0 382
7 764
0 175
0 94
1 811
0 394
0 1287
0 176
10 139
0 310
0 360
2 230
1 811
1 381
0 1129
2 1129
1 1129
0 638
10 1071
25 1410
1397 1410
39 1410
1 811
0 497
18 37
0 285
8 305
1 256
1 360
116 233
622 623
0 1061
258 260
0 452
3 563
585 592
0 144
163 327
0 617
3 337
11 362
372 5976
15 5976
5975 5976
136 5976
102 5976
5928 5976
5964 5976
70 5976
125 5976
1072 1075
378 379
24 661
1 162
0 2517
2 431
0 100
1 1386
9 850
1 511
404 405
1 1102
0 1102
0 370
7 196
1 361
6 841
697 698
0 124
0 290
108 218
24 439
13 229
0 349
2 89
0 360
11 333
11 333
1 526
3 122
0 412
1 196
6 874
0 247
6 896
1 338
2 338
0 142
47 1779
889 1779
60 1779
889 1779
1 1238
13 876
0 1853
1 1853
2 1853
3 592
559 564
2 173
11 1539
0 158
1 812
4 584
0 328
6 262
0 816
94 99
6 796
6 404
5 146
344 345
2 464
6 228
272 274
459 919
0 502
0 1110
119 122
4 446
511 518
0 141
8 585
5 561
3 2808
1 1357
707 1416
1 204
5 100
281 563
0 564
0 473
21 1110
0 339
163 327
1 308
18 295
0 587
0 777
1 558
148 149
5 209
278 279
1 962
0 3095
3 3095
2 3095
5 1617
1 1617
2 1617
0 1617
2 318
326 327
1 1767
7 1767
0 1767
2 1767
239 240
0 1071
0 522
0 1618
1 465
0 465
1 465
