13 384
373 375
0 392
2 576
0 576
8 776
1 776
5 511
2218 2287
2222 2287
12 745
2 745
12 914
0 338
0 448
0 691
28 691
2 183
17 914
1135 1155
1149 1155
59 1155
8 1155
7 1155
1348 1370
14 1623
7387 7389
7375 7389
5 7389
6 7389
116 7389
7380 7389
38 7389
1 7389
26 7389
300 7389
7167 7389
2309 2339
2 615
1252 1288
167 176
1259 1265
8 1265
1206 1265
12 150
0 79
0 1983
1934 1983
6 1983
22 1983
2 269
365 397
5 1208
0 1208
19 1208
1468 1474
236 240
0 448
556 558
6 1113
0 1113
1 79
303 305
399 400
382 388
10 590
1390 1483
2 152
2 152
794 796
27 1536
0 805
16 276
327 328
1264 1267
1263 1267
1259 1267
47 1267
1265 1267
0 522
191 198
3 1013
24 1013
7 152
97 1303
993 1008
996 1008
7 327
556 562
1 737
1 737
1 264
0 175
0 44
1 89
1830 1913
194 1913
1502 1539
972 973
852 855
299 301
27 7645
4 7645
7644 7645
468 7645
61 7645
7639 7645
7643 7645
7634 7645
7641 7645
6 7645
2 7645
7605 7645
686 7645
7528 7645
270 7645
7544 7645
94 7645
428 7645
350 7645
7608 7645
9004 9306
1 9306
9019 9306
9299 9306
9293 9306
20 9306
9305 9306
9304 9306
9082 9306
200 9306
6 9306
9303 9306
9150 9306
9128 9306
9302 9306
9251 9306
9253 9306
22 9306
3729 3760
21 3760
3758 3760
3759 3760
3751 3760
3720 3760
3736 3760
3757 3760
684 689
271 295
14 1454
22 1454
0 1454
4 1454
625 626
201 203
403 405
791 794
780 794
841 844
603 657
1103 1110
147 150
0 1071
0 812
0 812
0 422
888 896
394 395
2 2339
0 135
6 324
2 721
67 79
201 204
2 811
1 368
0 380
0 380
1 384
1 152
0 98
66 68
5 446
0 777
5 777
2 884
24 884
1513 1514
843 876
1 348
0 169
651 663
662 663
300 303
237 240
439 441
1463 1474
0 733
2 1077
368 404
0 973
136 138
3 1618
22 567
869 876
156 176
4 2150
2105 2150
873 876
6 311
1545 1597
1511 1597
1584 1597
1557 1597
611 618
0 98
182 184
15 776
4 776
495 497
6 57
1 392
668 670
5 670
6 392
0 511
2 247
0 876
0 344
930 965
1527 1539
29 509
208 215
172 176
205 215
206 215
1378 1386
279 283
3 764
464 465
786 792
1278 10782
44 10782
10531 10782
4 10782
10473 10782
167 10782
10342 10782
53 10782
12 10782
10 10782
10572 10782
10772 10782
10776 10782
10763 10782
10735 10782
827 10782
19 10782
36 10782
10469 10782
10539 10782
30 10782
580 10782
78 10782
10764 10782
10572 10782
112 10782
1 224
18 767
2 144
14 540
49 2510
12 2510
16 269
5 269
1258 1269
0 1269
4 919
0 782
0 448
0 931
1 931
1 247
84 89
2032 2038
4 2038
13 2038
416 446
41 737
1894 1898
1891 1898
28 584
1342 1360
1 2257
5 2257
1689 1695
27 2339
1069 1072
4 746
22 746
19 2150
2075 2150
3384 3410
2997 3410
3318 3410
725 746
97 2150
2108 2150
750 764
728 746
68 456
584 590
8 2449
2448 2449
183 191
5 777
4 266
1016 1027
3 976
35 976
3 3000
2996 3000
4 3000
34 3000
6 3000
2916 3000
4 202
0 456
724 777
12 381
5 295
185 186
440 441
0 94
12 68
268 287
237 240
12 142
238 240
9 655
1 1197
6 2831
5 2831
4 2831
2 2831
6 1331
4207 4210
4206 4210
4165 4210
4205 4210
4153 4210
4194 4210
79 4210
43 4210
4208 4210
4201 4210
4124 4210
2 20
197 209
0 677
1 677
2 1547
14 1547
887 888
886 888
338 344
391 413
17 1012
0 1012
8 1012
264 269
0 467
485 504
1045 1110
1 585
2112 2128
2044 2128
25 2128
938 960
1376 1483
1495 1536
1506 1536
1106 1110
0 1069
6 1069
1068 1069
1012 1014
766 811
9 1110
422 423
0 93
13 183
8 384
2 724
2340 2375
2317 2375
2336 2375
174 178
778 788
777 788
782 788
774 788
780 788
771 788
767 788
779 788
775 788
0 203
217 226
6 4949
4807 4949
10 4949
1 4949
4897 4949
37 4949
39 4949
115 120
29 2150
2089 2150
2095 2150
641 653
676 689
5 2955
1 2955
233 2955
3 2955
2931 2955
2917 2955
19 2955
3 1695
433 439
433 439
223 225
17 2163
5 2163
335 13875
13538 13875
11 13875
3 13875
5 13875
87 13875
505 13875
13352 13875
311 13875
678 13875
13060 13875
13643 13875
13824 13875
13862 13875
3 2339
215 222
148 150
5 1164
4 1164
20 1164
1 2347
0 2347
2 2347
4 2347
629 633
4 384
3084 3126
2902 3126
3075 3126
3037 3126
14 3126
3027 3126
3053 3126
24 1078
1074 1078
11 1078
0 267
0 1926
498 526
810 812
843 858
1 5657
12 5657
7 5657
2 5657
5436 5657
8 5657
31 5657
5635 5657
1039 1042
422 423
4 218
21 172
42 1307
47 1021
11 384
399 400
237 240
30 247
160 176
0 247
8 124
4 618
1 247
51 1708
18 1708
24 1708
8 1708
34 762
8 762
2 152
364 371
263 264
437 442
441 442
387 389
21 5642
12 5642
53 5642
101 5642
20 5642
8 5642
5628 5642
411 416
0 223
8 86
31 543
0 1403
0 1403
645 679
1 2517
0 87
663 689
5 336
0 89
9 153
2 1403
1961 1963
1953 1963
67 2002
1833 2002
1998 2002
146 147
146 147
159 163
263 264
1 1539
260 264
6 590
0 181
228 241
13 465
12 764
32 764
752 764
17 295
1649 1652
1642 1652
1958 1967
85 86
0 1110
1 1183
0 1183
3 1183
871 876
387 389
0 1124
7 1124
6 1014
1 961
3 961
4 961
0 526
0 359
12 1130
0 257
1377 1386
16 842
989 1042
0 257
2361 2403
2158 2403
2338 2403
104 106
374 375
17 617
265 270
269 270
339 340
21 327
0 380
504 518
586 587
582 587
0 384
409 424
263 264
0 699
1257 1317
1316 1317
1213 1317
3 120
3 594
0 538
0 603
23 1130
2 344
237 240
3 1241
121 122
3 855
56 1898
1874 1898
0 1898
2 1898
5 384
13 17
902 914
2 777
160 163
4693 4713
4593 4713
4704 4713
232 4713
4700 4713
19 4713
0 44
2112 2150
2119 2150
1 2150
4 2150
387 402
7 266
751 781
748 781
2 781
766 781
660 664
686 689
0 874
787 796
794 796
1366 1464
62 1464
43 1464
546 548
381 382
2 233
2 663
255 257
496 506
7 1012
18 257
584 626
0 371
20 782
2 3816
3813 3816
3755 3816
3726 3816
3714 3816
3806 3816
113 3816
339 340
58 1347
1307 1347
142 149
536 554
30 364
48 364
275 295
51 435
22 695
4 1247
9 1247
2 423
890 914
0 265
13 631
630 631
184 186
500 518
155 171
502 511
21 431
9 2308
0 2308
57 2303
0 2303
5 145
2 145
13 145
0 467
512 518
403 405
316 318
398 423
302 324
387 389
8 8726
8704 8726
8028 8726
29 8726
8054 8726
8685 8726
8107 8726
8461 8726
8721 8726
8722 8726
4 8726
2 8726
26 8726
412 422
103 108
432 456
4 1036
6 1036
377 391
328 344
651 679
12 154
23 397
0 3066
1 3066
3061 3066
1158 1214
1175 1214
87 1595
1499 1595
761 764
0 457
0 368
0 376
0 209
204 209
1 1191
0 1191
591 592
376 378
133 141
387 389
444 446
254 264
514 526
6 1110
1067 12734
14 12734
12733 12734
21 12734
12720 12734
135 12734
554 12734
27 12734
52 12734
50 12734
30 12734
26 12734
189 12734
94 12734
295 12734
123 12734
113 12734
430 12734
202 203
1 89
14 653
19 295
0 841
0 441
17 384
875 876
1158 1264
1210 1264
1253 1264
0 404
3 1483
0 1110
0 590
57 590
5 264
106 107
3 1386
143 148
0 89
39 842
460 461
11 669
667 669
3 737
0 699
2 423
1 737
105 107
106 107
140 148
19 473
9 2629
10 2629
3 2629
2618 2629
18 384
1587 1589
1569 1589
1563 1589
2 113
2638 2696
2692 2696
4 2696
764 774
1 664
944 987
983 987
985 987
28 4344
4284 4344
54 4344
4 4344
1 4344
22 4344
4137 4344
211 222
613 626
1315 1376
1313 1376
1135 1376
1346 1376
549 558
679 680
674 680
233 234
174 177
16 177
382 384
0 441
23 441
4 376
16 1511
102 1511
0 522
521 522
0 169
1 737
2 664
468 479
73 2238
2234 2238
9 2238
0 2238
1059 1074
3 737
759 762
2477 2517
11 788
2299 2300
2274 2300
756 762
3 618
6 183
266 270
3 558
251 252
286 295
3 1913
1842 1913
652 656
1 656
653 656
238 240
5 423
39 764
372 373
424 446
1 357
2 423
2 632
567 590
555 562
2 456
0 9
293 587
556 562
35 1014
703 774
0 404
545 567
3 1407
74 594
7 690
641 690
4 250
126 127
294 295
25 2725
41 2725
45 2725
28 2725
32 2725
3 442
419 442
490 518
500 508
2 269
266 269
0 38
25 6094
23 6094
11 6094
16 6094
48 6094
1346 1370
2728 2737
14 2737
82 1409
498 526
26 465
329 339
21 960
19 960
375 382
9 295
0 404
1 431
7 1536
1 615
0 844
0 308
6 504
14 560
1 730
0 730
681 764
1626 1701
239 240
3 283
594 596
2 392
85 2339
1 2339
1 303
2 461
548 563
6 438
100 122
23 980
19 980
819 845
606 665
12 378
337 352
868 889
829 889
9 189
0 431
745 751
11 526
1950 1955
1911 1955
1952 1955
1944 1955
1839 1955
1951 1955
88 9453
195 9453
85 9453
30 9453
144 9453
138 9453
0 9453
60 9453
19 9453
96 9453
63 9453
79 9453
20 9453
38 9453
255 9453
3277 3604
3351 3604
59 3604
3486 3604
40 3604
2962 2982
2948 2982
2979 2982
2958 2982
2911 2982
8 1152
487 499
0 181
1 181
5 249
15 613
394 395
554 575
10 122
1053 1114
1093 1114
3 283
8 283
3 241
3 55
647 655
12 1887
1881 1887
37 1887
7507 7512
7490 7512
7502 7512
7402 7512
9 7512
7453 7512
7506 7512
51 7512
27 7512
7336 7512
7477 7512
7511 7512
7455 7512
7215 7512
7397 7512
308 328
12 623
6 106
67 82
1 305
192 196
144 151
5 439
18 328
2011 2031
87 4370
88 4370
63 4370
71 4370
57 4370
74 4370
56 4370
55 4370
3 340
0 360
0 269
0 413
853 887
2 187
8 187
1 534
9 1539
48 726
255 257
196 202
42 764
20 764
25 473
15 729
10 729
11 729
173 174
5 593
1 326
12 282
58 59
1 2849
87 2849
5 2849
44 2849
1 225
404 435
31 435
1 522
2 146
478 479
11 399
1 587
25 562
778 788
784 788
783 788
781 788
782 788
771 788
772 788
780 788
779 788
22 473
15 473
1487 1528
1 1528
45 1904
85 1904
20 733
212 219
24 2417
2373 2417
30 594
10 594
21 594
1 620
0 620
1 476
13 476
0 405
1598 1695
5 91
3 91
1 1223
0 1223
3 1223
471 479
320 328
12 1879
2 1879
4799 4834
6 4834
4822 4834
4833 4834
18 4834
9 4834
0 145
718 739
5 336
6 361
7 177
396 413
735 759
190 191
189 191
15 240
2 233
176 177
2 176
0 318
6 807
18 807
0 761
5 446
0 931
1 931
0 1074
12 812
4 287
708 764
1042 1043
2 857
3 922
1 558
11 558
18 279
5 173
124 130
1 617
2 617
23 1707
1701 1707
45 4275
105 4275
4251 4275
3989 4275
4114 4275
0 1149
84 1149
1095 1149
2957 2971
2961 2971
2 336
2 318
1025 1026
0 92
87 92
306 311
141 161
770 774
125 127
377 379
387 400
423 428
3 381
557 562
1 497
392 393
3 279
319 323
386 395
21 223
0 362
481 509
3 2434
678 716
2 388
227 233
0 484
478 484
478 484
11 1075
14 1075
1012 1075
1061 1075
6 118
5 114
785 844
791 844
0 306
1705 1742
1651 1742
1684 1742
430 441
648 655
82 764
70 509
3717 3737
1 3737
3 3737
2 3737
2 562
2077 2181
0 338
0 40
332 379
404 405
423 474
1 98
1129 1143
5 368
2 699
0 343
12 126
0 1644
1643 1644
0 767
8 767
11 767
5 20
281 310
0 354
0 61
20 297
661 727
15 395
190 1618
231 233
1 381
15 473
14 217
1 152
671 768
11 171
0 567
1 301
2 461
779 788
784 788
785 788
780 788
783 788
773 788
769 788
781 788
782 788
396 405
649 653
133 139
4 324
29 973
35 1386
625 633
650 664
1587 1618
16 395
0 295
341 344
227 230
1109 2219
1 385
17 527
0 1926
0 1926
545 548
0 919
694 699
465 472
323 327
0 821
3 821
2 821
0 526
7 567
27 1012
2 1012
1 1012
2 562
34 739
1 266
212 227
0 241
622 635
20 391
0 177
4 407
428 435
25 535
18 527
0 371
1 371
2 240
10 57
285 297
0 262
351 361
1272 1312
81 84
276 287
3 509
582 585
550 592
35 812
28 2339
277 290
0 948
1 948
9 448
950 973
6 360
15 389
1629 1646
5 2101
0 2101
2 2101
13 2101
9 876
411 472
8 265
11 777
9 502
6 137
188 209
2 144
174 183
0 370
12 135
113 120
940 962
694 721
111 114
24 3218
5 1747
0 231
1054 1110
1 153
1 290
2 397
11 325
310 319
370 382
53 5267
35 5267
23 5267
21 5267
143 5267
38 5267
67 5267
141 5267
12 5267
10 5267
16 5267
2 5267
31 5267
79 5267
6 1034
1 1034
23 2191
2 2191
13 247
13 247
67 1416
101 1027
4 319
0 1042
9 384
3 163
0 127
0 484
5 900
0 544
12 265
6 368
5 930
2244 2416
72 2416
2279 2416
870 919
404 407
0 382
0 247
4 233
0 1183
1 1183
17 1183
1 1185
1 382
1 340
2 3763
5 3763
176 177
468 477
139 141
9 242
0 295
1 295
3 395
5 615
1 308
1 1695
12 511
1 227
251 257
3 2339
377 395
0 359
0 761
242 257
175 176
6 336
190 195
358 365
238 240
223 230
1 196
3 338
1082 1116
2 1116
6 1124
0 300
23 1623
69 906
0 57
0 188
5 1057
0 233
675 721
312 318
707 735
1 699
2 446
0 310
1 165
457 465
167 1130
664 679
5 392
5 348
0 1898
8 1898
4 472
945 950
949 950
939 950
190 191
14 1695
322 324
3 282
5 861
27 1695
8 360
75 960
362 388
0 1701
452 453
451 453
242 247
1 461
294 295
986 1042
515 549
4 319
8 1110
4 2517
6 866
2 866
124 141
4 387
2 48
1693 1791
4 1791
3 511
6 275
1 286
1 423
1 191
3 950
498 509
0 861
7 364
19 364
373 378
3544 3651
0 364
8 364
285 298
672 679
3 654
176 177
591 605
3 392
7 392
13 569
0 43
409 414
266 272
306 327
174 2050
12 2050
5 2050
41 617
0 927
36 1268
9 1268
14 1268
12 1413
146 157
3 317
771 790
746 790
5 812
1071 1077
574 584
14 562
1344 1360
8 1695
33 405
1 587
126 127
17 1592
1 1592
4 1719
0 1719
2 1719
547 548
2 548
194 195
341 352
2 1043
2594 2703
2672 2703
2620 2703
2650 2703
1115 1165
389 395
1 1323
3 1323
0 1323
14 1323
5 1323
0 118
150 165
2 663
409 451
1 1536
1519 1526
1462 1526
1521 1526
1 116
10 327
1 587
1 139
4 325
1228 1288
3 116
3 240
0 217
72 712
23 1386
2334 2339
9 2517
11 381
7 284
163 183
9 295
1 2517
47 2339
9 465
0 247
1 2517
0 55
3 281
1 247
1346 1360
62 461
3686 3761
60 590
3 594
37 378
1517 1539
8 108
360 4338
126 1552
2 152
24 646
6 306
656 657
655 657
10 1042
416 421
1038 1042
7 222
1023 1034
265 270
4 1104
0 486
496 502
56 57
5 816
21 2365
14 1074
0 187
2232 2236
2230 2236
2195 2236
1 2236
404 405
41 1110
20 497
212 222
119 120
0 151
1 1392
0 230
85 86
75 78
2299 2339
8 9
181 1021
317 318
1 308
32 279
757 762
86 88
6 721
29 1027
493 500
1 89
2 86
154 159
2 733
711 725
1 276
486 497
1122 1130
439 456
0 654
767 777
50 53
4 340
470 475
0 142
24 694
40 41
4 90
587 588
587 588
582 588
212 214
66 67
551 588
1 327
0 342
1 588
191 193
6 161
5 90
573 588
40 41
17 322
3 718
2 142
544 567
14 588
4 113
0 120
579 588
11 567
39 588
587 588
3 483
585 588
198 218
587 588
0 282
0 282
36 588
17 218
324 327
23 24
273 274
0 274
2 214
1 142
0 90
78 90
0 228
546 567
1 229
13 567
335 343
0 228
1 327
1 43
3 386
3 694
8 228
0 475
3 588
26 475
26 946
1 475
8 567
1 457
2 327
0 483
8 343
0 116
0 475
8 228
5 342
1 327
23 560
18 229
98 99
1 588
41 43
7 43
0 168
3 141
7 483
14 16
1 588
0 386
0 334
2 588
1 588
1 588
2 588
0 90
587 588
0 271
4 588
6 386
0 67
22 560
8 342
453 454
587 588
571 588
0 211
673 694
16 694
10 228
24 327
14 588
14 752
3 53
222 229
7 588
0 41
3 374
323 334
17 588
1 475
3 110
228 229
55 58
24 588
0 142
5 153
1 334
113 116
117 118
17 588
6 386
4 327
139 142
11 228
6 156
2 588
1 588
1 327
334 343
6 153
9 475
2 588
98 99
1 588
1 588
30 574
634 694
1 90
7 694
1 56
15 560
2 342
13 322
0 752
0 588
310 327
189 193
2 454
0 342
66 67
0 327
0 588
1 229
0 342
64 67
75 2673
0 211
10 483
323 327
25 228
4 33
6 962
0 1539
0 125
0 120
73 80
1 816
0 554
1 176
395 406
0 66
14 473
0 977
0 844
1 290
477 502
87 88
1 275
144 147
5 515
1 1205
0 1403
4 1695
550 605
601 605
91 1347
18 1347
1499 1516
0 295
470 473
0 59
956 1021
5 788
227 228
1101 1110
86 88
0 768
1 476
336 337
333 340
1663 1695
126 127
0 308
371 378
0 241
8 452
0 284
2 1900
0 1900
2 3101
0 3101
0 6
207 218
646 664
0 158
1 423
932 951
950 951
0 623
0 399
1518 1577
265 278
0 214
2068 2150
46 2150
0 145
1 404
0 1074
321 336
0 362
4 594
0 216
424 439
510 527
1372 1386
0 639
751 762
0 625
1 625
0 725
0 395
0 1036
20 1042
17 393
1489 1539
8 368
1506 1539
4 117
1 632
993 1042
4 518
2 567
438 452
0 1071
337 347
1 303
0 120
266 270
17 2237
2235 2237
2230 2237
2117 2237
0 2237
0 233
82 1552
0 409
0 1230
2 1230
851 853
21 400
0 126
444 446
20 857
0 973
0 274
1 274
2 3390
20 3390
5 3390
4 3390
0 584
52 890
615 626
8 216
0 1346
0 247
4 287
4 79
0 196
188 191
6876 7353
7352 7353
27 7353
6970 7353
7208 7353
2 7353
7097 7353
7312 7353
7347 7353
6819 7353
7320 7353
103 7353
7329 7353
62 7353
7196 7353
3 7353
140 141
2422 2466
2441 2466
2451 2466
2428 2466
1391 1456
10326 10604
10409 10604
10596 10604
7 10604
78 10604
10587 10604
9775 10604
10297 10604
10466 10604
10477 10604
0 10604
10219 10604
10365 10604
10163 10604
264 10604
10323 10604
1636 1655
1630 1655
0 407
1128 1162
1125 1162
1 1162
61 1162
471 479
2 623
0 87
544 564
4 391
0 295
2 590
1 508
1688 1695
1 47
773 788
783 788
784 788
775 788
776 788
786 788
781 788
772 788
779 788
226 230
1 739
423 436
1635 1695
0 247
620 626
566 567
114 115
1 48
47 344
12 684
33 764
559 582
92 1072
11 1862
0 1862
1 369
875 876
0 625
213 233
924 937
933 937
867 937
0 230
1 421
270 272
204 218
801 812
787 826
0 919
4 887
1 1072
43 2339
942 958
15 958
5 1623
140 141
790 792
769 811
0 2330
1 2330
3 247
7 974
118 120
0 182
6 423
0 1967
0 30
4 384
2 549
1137 1153
0 497
178 188
37 498
154 157
149 157
2330 2339
1 950
56 57
1 135
6 473
0 962
1 448
0 163
381 414
7 1161
0 1161
2 1161
1 117
1 96
0 1403
0 1346
1 139
1098 1110
472 473
35 318
0 318
0 700
152 162
8 1967
1473 1539
2 1539
104 106
3 5662
0 5662
7 5662
9 5662
11 5662
1480 1536
2 1536
602 625
2553 2565
2544 2565
2551 2565
6 2565
2545 2565
1 2565
1746 1747
383 384
0 183
1237 1249
1248 1249
0 87
19 812
734 746
2119 2128
2030 2128
2068 2128
472 473
0 67
122 124
167 178
0 764
0 379
2382 2396
0 2396
1 2396
12 890
881 890
14 890
0 38
3 2407
5 2407
23 2407
4 2407
716 735
573 581
538 581
2 385
6 385
1 615
1 139
632 641
0 448
983 1064
1063 1064
5 2225
87 89
0 941
1 89
0 1419
1 452
2 80
518 554
0 89
1293 1294
41 1294
5 381
1916 1948
1947 1948
1945 1948
1944 1948
3 962
423 448
1 352
136 137
1 594
1 1708
0 1708
281 287
0 25
813 816
620 626
87 90
14 2339
0 1536
223 233
58 69
1 319
5 796
444 446
1 527
5 142
5 369
16 153
585 590
0 385
405 413
2 446
2141 2395
2172 2395
387 404
295 592
2112 2163
2113 2163
2151 2163
1 55
185 191
2247 2423
104 2423
2420 2423
336 344
176 196
449 452
33 1403
1 1205
0 1205
4 1014
0 294
0 448
85 86
0 395
842 844
0 844
0 303
1354 1360
0 812
102 107
0 562
477 479
8 467
1730 1733
1701 1733
1722 1733
72 80
685 739
417 446
238 247
0 389
0 733
2 215
2 295
2 431
0 175
129 130
185 187
2 135
0 284
363 371
315 330
1698 1724
0 1724
15 1724
7 549
858 919
1100 1139
1 896
0 896
4 437
0 103
254 264
0 261
1 264
3 648
26 1577
1468 1501
1494 1501
1481 1501
566 617
40 1618
0 285
10 504
114 115
2 48
246 247
719 737
0 223
0 509
307 311
568 594
466 477
0 345
3 733
9 789
3 789
0 605
1726 1747
345 347
1503 1511
1506 1511
0 362
146 147
292 307
138 139
137 139
4 382
56 1766
781 788
776 788
783 788
772 788
782 788
762 788
771 788
779 788
774 788
693 694
675 694
302 307
172 174
35 371
1035 1077
531 537
2 178
102 103
16 290
3129 3159
3088 3159
3096 3159
1298 1331
24 50
1 716
2 508
1905 1909
1900 1909
1897 1909
1588 1618
1577 1618
0 384
0 384
0 102
92 94
1 585
420 474
37 535
0 261
294 295
0 169
0 148
10 183
859 876
2 733
2 1787
1769 1787
1786 1787
553 617
0 1553
2 1553
4 504
1 343
3 632
0 127
502 504
1051 1083
63 65
1083 1144
171 178
8 172
15 240
423 431
916 919
495 498
1 1618
19 1475
357 368
3 26
5 1965
23 1965
6 1965
18 1965
2 1965
37 1965
124 125
172 175
53 55
365 379
0 229
0 229
0 230
0 1042
334 344
322 323
704 746
874 876
470 479
405 406
15 504
159 171
14 575
748 764
1858 1913
1723 1913
9 1057
15 269
0 173
0 344
0 772
0 242
1 1695
1683 1695
379 382
741 764
0 175
93 94
0 811
0 394
0 1287
0 176
136 139
0 310
1 360
222 230
0 811
0 381
1 1129
1109 1129
17 1129
1 638
1068 1071
0 1410
1407 1410
1409 1410
0 811
2 497
0 37
0 285
303 305
3 256
1 360
231 233
604 623
0 1061
250 260
444 452
556 563
589 592
4 144
318 327
0 617
336 337
361 362
5876 5976
5209 5976
5969 5976
5533 5976
53 5976
5975 5976
5628 5976
5826 5976
5879 5976
1056 1075
360 379
625 661
0 162
61 2517
10 431
0 100
0 1386
824 850
7 511
403 405
1094 1102
0 1102
0 370
188 196
1 361
832 841
696 698
0 124
0 290
217 218
437 439
212 229
0 349
1 89
0 360
329 333
328 333
1 526
121 122
0 412
182 196
0 874
1 247
888 896
1 338
2 338
4 142
1777 1779
1603 1779
1747 1779
1701 1779
1185 1238
872 876
52 1853
1832 1853
12 1853
567 592
555 564
0 173
1470 1539
0 158
799 812
582 584
0 328
8 262
0 816
95 99
0 796
378 404
138 146
344 345
5 464
216 228
264 274
853 919
495 502
1102 1110
102 122
2 446
494 518
1 141
14 585
560 561
2794 2808
1346 1357
111 1416
0 204
0 100
26 563
0 564
467 473
12 1110
0 339
163 327
1 308
276 295
0 587
0 777
556 558
148 149
190 209
1 279
878 962
2 3095
7 3095
8 3095
6 1617
2 1617
1 1617
4 1617
317 318
325 327
1665 1767
1743 1767
1762 1767
1702 1767
238 240
0 1071
0 522
0 1618
433 465
0 465
34 465
