24 384
373 375
2 392
4 576
0 576
18 776
1 776
468 511
2216 2287
2227 2287
686 745
0 745
20 914
0 338
1 448
9 691
683 691
179 183
82 914
1126 1155
1146 1155
1047 1155
4 1155
5 1155
1334 1370
21 1623
7387 7389
7380 7389
304 7389
5 7389
173 7389
7379 7389
7181 7389
1 7389
7 7389
7278 7389
7117 7389
2322 2339
2 615
1263 1288
163 176
1258 1265
1209 1265
1232 1265
142 150
70 79
2 1983
1956 1983
10 1983
1942 1983
11 269
346 397
4 1208
2 1208
138 1208
1465 1474
237 240
0 448
556 558
1023 1113
0 1113
1 79
303 305
399 400
378 388
559 590
1391 1483
1 152
7 152
792 796
1484 1536
0 805
272 276
327 328
1264 1267
1263 1267
1257 1267
1179 1267
1265 1267
0 522
192 198
959 1013
10 1013
145 152
1288 1303
985 1008
989 1008
8 327
548 562
5 737
2 737
11 264
1 175
2 44
0 89
1864 1913
1841 1913
1474 1539
972 973
852 855
299 301
64 7645
5 7645
7644 7645
240 7645
95 7645
7635 7645
7643 7645
7632 7645
7640 7645
11 7645
3 7645
7595 7645
7452 7645
7518 7645
7301 7645
7503 7645
154 7645
342 7645
7339 7645
7585 7645
8948 9306
8503 9306
9020 9306
9299 9306
9297 9306
17 9306
9305 9306
9304 9306
9197 9306
269 9306
8 9306
9303 9306
9143 9306
9102 9306
9301 9306
9255 9306
9275 9306
310 9306
3731 3760
30 3760
3758 3760
3759 3760
3754 3760
3732 3760
3719 3760
3757 3760
681 689
272 295
1426 1454
1446 1454
3 1454
1 1454
624 626
200 203
402 405
788 794
791 794
838 844
574 657
1104 1110
146 150
0 1071
0 812
0 812
0 422
891 896
394 395
3 2339
0 135
18 324
2 721
68 79
195 204
3 811
1 368
0 380
0 380
0 384
1 152
0 98
67 68
10 446
0 777
2 777
1 884
874 884
1513 1514
847 876
325 348
0 169
656 663
662 663
301 303
237 240
438 441
1461 1474
0 733
3 1077
375 404
0 973
134 138
9 1618
546 567
874 876
158 176
4 2150
2079 2150
874 876
1 311
1535 1597
1462 1597
1572 1597
1539 1597
613 618
0 98
181 184
761 776
19 776
495 497
56 57
6 392
668 670
36 670
5 392
1 511
2 247
6 876
0 344
909 965
1527 1539
487 509
204 215
172 176
202 215
203 215
1375 1386
277 283
4 764
463 465
785 792
9992 10782
453 10782
10480 10782
4 10782
10506 10782
304 10782
10551 10782
10466 10782
20 10782
9 10782
10479 10782
10757 10782
10769 10782
10770 10782
10733 10782
10534 10782
59 10782
270 10782
10636 10782
10314 10782
693 10782
10303 10782
31 10782
10773 10782
10479 10782
10481 10782
3 224
713 767
2 144
16 540
2459 2510
9 2510
11 269
4 269
1256 1269
0 1269
6 919
1 782
0 448
0 931
3 931
1 247
82 89
2032 2038
5 2038
15 2038
420 446
59 737
1892 1898
1894 1898
23 584
1329 1360
2 2257
5 2257
1688 1695
89 2339
1069 1072
677 746
699 746
1916 2150
2075 2150
3385 3410
3300 3410
3351 3410
728 746
2085 2150
2123 2150
750 764
726 746
424 456
586 590
12 2449
2448 2449
182 191
671 777
5 266
1008 1027
3 976
22 976
4 3000
2996 3000
8 3000
23 3000
10 3000
2875 3000
2 202
0 456
699 777
37 381
1 295
185 186
440 441
0 94
8 68
252 287
237 240
4 142
238 240
3 655
1 1197
6 2831
4 2831
3 2831
2 2831
0 1331
4206 4210
4207 4210
4145 4210
4204 4210
4165 4210
4190 4210
21 4210
66 4210
4208 4210
4205 4210
4147 4210
1 20
201 209
0 677
10 677
2 1547
1476 1547
887 888
886 888
340 344
382 413
909 1012
7 1012
897 1012
262 269
0 467
500 504
1031 1110
518 585
2107 2128
2035 2128
2032 2128
935 960
1412 1483
1495 1536
1504 1536
1106 1110
0 1069
31 1069
1067 1069
1010 1014
769 811
1079 1110
422 423
0 93
172 183
374 384
6 724
2350 2375
2295 2375
2332 2375
171 178
780 788
782 788
785 788
776 788
781 788
784 788
773 788
779 788
778 788
154 203
219 226
4 4949
4833 4949
21 4949
6 4949
4893 4949
39 4949
58 4949
115 120
35 2150
2098 2150
2094 2150
640 653
661 689
4 2955
0 2955
2917 2955
3 2955
2926 2955
2920 2955
2906 2955
22 1695
430 439
431 439
223 225
8 2163
6 2163
381 13875
13455 13875
10 13875
3 13875
19 13875
12737 13875
13610 13875
13549 13875
305 13875
13366 13875
12819 13875
13609 13875
13778 13875
13853 13875
6 2339
214 222
148 150
5 1164
3 1164
29 1164
1 2347
0 2347
2 2347
3 2347
629 633
5 384
3081 3126
2923 3126
3079 3126
3064 3126
37 3126
3036 3126
3054 3126
1070 1078
1077 1078
13 1078
0 267
0 1926
493 526
808 812
836 858
2 5657
17 5657
39 5657
3 5657
5595 5657
9 5657
5283 5657
5621 5657
1040 1042
422 423
204 218
10 172
40 1307
106 1021
21 384
399 400
237 240
227 247
157 176
0 247
105 124
35 618
1 247
1570 1708
31 1708
33 1708
10 1708
35 762
20 762
0 152
363 371
263 264
439 442
441 442
387 389
13 5642
16 5642
37 5642
111 5642
17 5642
6 5642
5626 5642
411 416
12 223
84 86
511 543
0 1403
0 1403
639 679
1 2517
0 87
659 689
2 336
0 89
147 153
2 1403
1960 1963
1954 1963
39 2002
1782 2002
1997 2002
146 147
146 147
156 163
263 264
2 1539
254 264
552 590
176 181
226 241
17 465
7 764
14 764
734 764
271 295
1644 1652
1631 1652
1955 1967
85 86
0 1110
2 1183
0 1183
21 1183
866 876
386 389
54 1124
1085 1124
2 1014
4 961
5 961
2 961
1 526
0 359
8 1130
0 257
1372 1386
8 842
1016 1042
2 257
2305 2403
2169 2403
2316 2403
103 106
372 375
14 617
268 270
269 270
339 340
19 327
7 380
509 518
586 587
584 587
0 384
397 424
263 264
0 699
1274 1317
1314 1317
1288 1317
117 120
1 594
0 538
0 603
24 1130
1 344
237 240
12 1241
121 122
831 855
1893 1898
1896 1898
1844 1898
1881 1898
378 384
14 17
900 914
12 777
158 163
4673 4713
4607 4713
4700 4713
4230 4713
4699 4713
121 4713
5 44
2126 2150
2115 2150
1 2150
4 2150
384 402
245 266
760 781
755 781
6 781
772 781
661 664
686 689
0 874
788 796
795 796
1404 1464
1349 1464
1428 1464
545 548
380 382
2 233
4 663
252 257
495 506
5 1012
242 257
21 626
0 371
11 782
40 3816
3807 3816
3774 3816
3755 3816
3741 3816
3808 3816
180 3816
338 340
1265 1347
1319 1347
147 149
533 554
40 364
26 364
275 295
39 435
670 695
4 1247
5 1247
392 423
903 914
0 265
617 631
630 631
185 186
493 518
153 171
495 511
35 431
10 2308
1 2308
177 2303
1 2303
11 145
2 145
13 145
0 467
508 518
402 405
315 318
402 423
283 324
387 389
10 8726
8693 8726
8288 8726
17 8726
8179 8726
8654 8726
8274 8726
8463 8726
8720 8726
8722 8726
6 8726
7 8726
35 8726
414 422
101 108
442 456
6 1036
2 1036
374 391
335 344
637 679
9 154
12 397
0 3066
2 3066
3058 3066
1180 1214
1183 1214
1492 1595
1473 1595
760 764
0 457
0 368
0 376
3 209
199 209
1 1191
0 1191
591 592
376 378
132 141
387 389
443 446
256 264
518 526
16 1110
815 12734
179 12734
12733 12734
32 12734
12693 12734
930 12734
337 12734
175 12734
834 12734
43 12734
16 12734
13 12734
322 12734
67 12734
867 12734
58 12734
63 12734
12203 12734
202 203
0 89
8 653
13 295
0 841
0 441
381 384
867 876
1192 1264
1239 1264
1258 1264
0 404
2 1483
0 1110
8 590
559 590
260 264
106 107
4 1386
144 148
1 89
17 842
460 461
9 669
667 669
2 737
21 699
6 423
7 737
106 107
106 107
141 148
11 473
17 2629
31 2629
11 2629
2619 2629
7 384
1587 1589
1569 1589
1545 1589
2 113
2662 2696
2688 2696
4 2696
750 774
1 664
936 987
983 987
985 987
36 4344
4266 4344
3843 4344
16 4344
7 4344
30 4344
4141 4344
212 222
599 626
1315 1376
1313 1376
1135 1376
1346 1376
556 558
679 680
671 680
231 234
16 177
16 177
380 384
4 441
434 441
7 376
1480 1511
1452 1511
0 522
521 522
0 169
1 737
2 664
468 479
2064 2238
2230 2238
11 2238
1 2238
1064 1074
2 737
754 762
2468 2517
734 788
2299 2300
2282 2300
755 762
19 618
181 183
268 270
5 558
251 252
274 295
3 1913
1860 1913
652 656
2 656
653 656
238 240
404 423
27 764
371 373
428 446
1 357
385 423
1 632
570 590
547 562
7 456
0 9
293 587
553 562
964 1014
673 774
0 404
530 567
3 1407
547 594
12 690
628 690
228 250
125 127
294 295
14 2725
38 2725
39 2725
24 2725
21 2725
3 442
406 442
494 518
499 508
2 269
267 269
36 38
125 6094
33 6094
13 6094
21 6094
101 6094
1337 1370
2729 2737
2568 2737
1370 1409
496 526
47 465
329 339
917 960
918 960
374 382
24 295
0 404
3 431
1510 1536
2 615
0 844
0 308
2 504
6 560
602 730
0 730
669 764
1608 1701
238 240
2 283
594 596
5 392
57 2339
2 2339
2 303
9 461
549 563
7 438
106 122
34 980
87 980
810 845
615 665
9 378
328 352
872 889
870 889
184 189
0 431
743 751
487 526
1948 1955
1931 1955
1950 1955
1944 1955
1826 1955
1952 1955
84 9453
830 9453
80 9453
42 9453
497 9453
140 9453
1 9453
61 9453
53 9453
88 9453
69 9453
77 9453
19 9453
35 9453
218 9453
3404 3604
3473 3604
49 3604
3438 3604
30 3604
2951 2982
2942 2982
2980 2982
2940 2982
2851 2982
10 1152
488 499
0 181
1 181
5 249
37 613
390 395
520 575
11 122
1052 1114
1094 1114
2 283
4 283
4 241
3 55
647 655
106 1887
1880 1887
43 1887
7507 7512
7482 7512
7503 7512
7414 7512
7 7512
7403 7512
7506 7512
129 7512
34 7512
7321 7512
7470 7512
7508 7512
7452 7512
7260 7512
7364 7512
315 328
12 623
3 106
73 82
5 305
189 196
140 151
3 439
308 328
1994 2031
95 4370
86 4370
65 4370
79 4370
46 4370
105 4370
48 4370
45 4370
326 340
0 360
0 269
0 413
842 887
5 187
4 187
1 534
1441 1539
41 726
252 257
194 202
728 764
732 764
442 473
10 729
7 729
8 729
173 174
3 593
1 326
10 282
58 59
2 2849
86 2849
6 2849
47 2849
3 225
389 435
25 435
1 522
0 146
477 479
11 399
1 587
552 562
777 788
783 788
784 788
778 788
779 788
781 788
773 788
776 788
780 788
21 473
12 473
1494 1528
0 1528
20 1904
45 1904
45 733
214 219
2359 2417
2415 2417
16 594
7 594
12 594
2 620
1 620
2 476
16 476
0 405
1594 1695
6 91
2 91
0 1223
1 1223
3 1223
469 479
318 328
11 1879
3 1879
4788 4834
9 4834
4808 4834
4832 4834
27 4834
5 4834
144 145
712 739
4 336
18 361
163 177
382 413
739 759
190 191
188 191
10 240
6 233
172 177
1 176
0 318
12 807
17 807
4 761
8 446
0 931
1 931
0 1074
6 812
5 287
721 764
1042 1043
3 857
2 922
1 558
13 558
12 279
1 173
122 130
2 617
1 617
56 1707
1703 1707
9 4275
170 4275
4255 4275
4112 4275
4159 4275
0 1149
1064 1149
1093 1149
2951 2971
2954 2971
3 336
2 318
1025 1026
0 92
85 92
297 311
147 161
766 774
125 127
375 379
391 400
421 428
0 381
552 562
4 497
392 393
3 279
319 323
375 395
23 223
0 362
485 509
4 2434
33 716
1 388
223 233
0 484
478 484
475 484
9 1075
13 1075
992 1075
1044 1075
2 118
1 114
799 844
786 844
0 306
1718 1742
1697 1742
1705 1742
433 441
637 655
42 764
45 509
3676 3737
4 3737
3 3737
2 3737
0 562
2072 2181
0 338
0 40
325 379
402 405
417 474
10 98
1119 1143
3 368
3 699
0 343
8 126
2 1644
1643 1644
10 767
8 767
9 767
1 20
277 310
0 354
0 61
20 297
643 727
21 395
78 1618
226 233
1 381
9 473
11 217
2 152
678 768
10 171
1 567
1 301
2 461
777 788
782 788
784 788
778 788
780 788
781 788
773 788
775 788
779 788
398 405
645 653
12 139
6 324
961 973
48 1386
627 633
652 664
1526 1618
379 395
0 295
339 344
227 230
2133 2219
28 385
10 527
0 1926
0 1926
543 548
1 919
693 699
463 472
323 327
0 821
8 821
24 821
0 526
2 567
15 1012
2 1012
0 1012
549 562
29 739
1 266
207 227
0 241
626 635
355 391
0 177
3 407
426 435
499 535
9 527
0 371
356 371
2 240
12 57
274 297
1 262
347 361
1293 1312
73 84
273 287
489 509
582 585
524 592
763 812
2041 2339
273 290
0 948
1 948
13 448
964 973
3 360
387 389
1622 1646
2 2101
1 2101
5 2101
42 2101
7 876
416 472
10 265
21 777
7 502
4 137
188 209
2 144
170 183
0 370
128 135
115 120
76 962
690 721
109 114
49 3218
1693 1747
0 231
1043 1110
1 153
1 290
33 397
314 325
309 319
364 382
51 5267
34 5267
24 5267
25 5267
133 5267
40 5267
71 5267
141 5267
14 5267
12 5267
19 5267
1 5267
27 5267
64 5267
3 1034
960 1034
26 2191
7 2191
11 247
8 247
59 1416
77 1027
6 319
3 1042
10 384
3 163
0 127
1 484
6 900
2 544
10 265
7 368
2 930
2294 2416
2277 2416
2233 2416
38 919
395 407
1 382
0 247
4 233
0 1183
1 1183
26 1183
2 1185
10 382
1 340
0 3763
4 3763
176 177
468 477
138 141
6 242
0 295
2 295
2 395
559 615
1 308
2 1695
452 511
3 227
247 257
10 2339
378 395
0 359
1 761
239 257
175 176
10 336
189 195
356 365
238 240
225 230
1 196
10 338
1092 1116
1075 1116
4 1124
0 300
1544 1623
857 906
0 57
0 188
13 1057
0 233
678 721
313 318
727 735
0 699
0 446
0 310
0 165
445 465
1003 1130
663 679
6 392
3 348
11 1898
93 1898
1 472
946 950
949 950
936 950
190 191
21 1695
321 324
261 282
4 861
21 1695
14 360
932 960
356 388
0 1701
452 453
451 453
243 247
1 461
294 295
968 1042
500 549
3 319
2 1110
14 2517
41 866
2 866
114 141
4 387
1 48
1678 1791
12 1791
10 511
16 275
1 286
399 423
139 191
2 950
505 509
0 861
18 364
15 364
368 378
3464 3651
13 364
49 364
268 298
660 679
4 654
176 177
599 605
2 392
3 392
13 569
0 43
400 414
267 272
312 327
1930 2050
16 2050
3 2050
591 617
2 927
23 1268
7 1268
15 1268
8 1413
148 157
2 317
765 790
762 790
5 812
1056 1077
566 584
12 562
1331 1360
25 1695
27 405
32 587
126 127
24 1592
1 1592
5 1719
2 1719
3 1719
547 548
27 548
193 195
339 352
1 1043
2655 2703
2681 2703
2675 2703
2663 2703
1109 1165
391 395
2 1323
3 1323
1 1323
8 1323
5 1323
0 118
143 165
586 663
414 451
0 1536
1517 1526
1459 1526
1520 1526
0 116
17 327
1 587
123 139
2 325
1190 1288
0 116
6 240
7 217
35 712
64 1386
2324 2339
92 2517
14 381
3 284
164 183
14 295
0 2517
10 2339
22 465
1 247
2 2517
0 55
1 281
5 247
1341 1360
26 461
3609 3761
561 590
5 594
47 378
1505 1539
7 108
191 4338
62 1552
2 152
19 646
3 306
656 657
652 657
14 1042
417 421
1038 1042
210 222
1017 1034
266 270
5 1104
0 486
497 502
56 57
5 816
18 2365
12 1074
0 187
2231 2236
2220 2236
2179 2236
2 2236
404 405
20 1110
483 497
216 222
117 120
0 151
0 1392
0 230
85 86
75 78
2224 2339
8 9
997 1021
316 318
6 308
27 279
754 762
87 88
3 721
20 1027
496 500
1 89
1 86
156 159
36 733
704 725
3 276
481 497
1117 1130
440 456
0 654
761 777
51 53
4 340
471 475
0 142
648 694
40 41
80 90
587 588
586 588
577 588
213 214
66 67
567 588
1 327
1 342
2 588
190 193
6 161
3 90
572 588
40 41
39 322
3 718
130 142
548 567
46 588
3 113
0 120
572 588
7 567
27 588
585 588
441 483
586 588
190 218
586 588
0 282
0 282
561 588
195 218
324 327
23 24
272 274
3 274
5 214
1 142
0 90
1 90
0 228
559 567
1 229
548 567
333 343
1 228
288 327
0 43
5 386
633 694
3 228
0 475
571 588
442 475
20 946
1 475
523 567
412 457
2 327
0 483
13 343
0 116
402 475
4 228
2 342
1 327
43 560
14 229
98 99
48 588
39 43
7 43
0 168
3 141
19 483
1 16
1 588
0 386
2 334
2 588
1 588
4 588
2 588
1 90
580 588
0 271
586 588
7 386
0 67
539 560
5 342
451 454
584 588
562 588
1 211
652 694
10 694
7 228
20 327
586 588
713 752
6 53
220 229
21 588
38 41
22 374
319 334
10 588
1 475
2 110
228 229
55 58
581 588
0 142
6 153
3 334
111 116
117 118
587 588
3 386
8 327
139 142
214 228
6 156
3 588
1 588
1 327
337 343
6 153
15 475
1 588
98 99
1 588
0 588
532 574
642 694
0 90
32 694
0 56
25 560
1 342
29 322
0 752
585 588
294 327
189 193
1 454
0 342
66 67
0 327
3 588
1 229
0 342
66 67
54 2673
183 211
425 483
323 327
222 228
4 33
15 962
1489 1539
0 125
0 120
71 80
1 816
0 554
1 176
398 406
0 66
7 473
0 977
0 844
0 290
470 502
87 88
2 275
144 147
47 515
0 1205
0 1403
31 1695
18 605
602 605
1320 1347
15 1347
1493 1516
0 295
468 473
0 59
948 1021
8 788
225 228
1099 1110
87 88
0 768
2 476
336 337
333 340
1651 1695
126 127
0 308
370 378
0 241
3 452
0 284
1 1900
0 1900
3 3101
0 3101
4 6
206 218
648 664
0 158
403 423
937 951
950 951
0 623
0 399
1525 1577
265 278
3 214
2063 2150
2025 2150
0 145
1 404
0 1074
321 336
0 362
4 594
0 216
418 439
494 527
1370 1386
0 639
751 762
0 625
1 625
0 725
0 395
0 1036
75 1042
374 393
1466 1539
33 368
1484 1539
103 117
566 632
1021 1042
1 518
2 567
432 452
0 1071
331 347
1 303
0 120
269 270
14 2237
2232 2237
2225 2237
2162 2237
0 2237
1 233
45 1552
0 409
0 1230
2 1230
851 853
380 400
0 126
443 446
21 857
0 973
1 274
0 274
2 3390
13 3390
3 3390
7 3390
0 584
841 890
603 626
11 216
0 1346
0 247
3 287
77 79
0 196
186 191
6934 7353
7351 7353
25 7353
7082 7353
7205 7353
1 7353
7076 7353
7299 7353
7349 7353
6735 7353
7321 7353
6546 7353
7332 7353
6580 7353
7167 7353
0 7353
139 141
2404 2466
2418 2466
2441 2466
2390 2466
1372 1456
10333 10604
10499 10604
10596 10604
5 10604
10451 10604
10586 10604
10090 10604
10094 10604
10447 10604
10460 10604
0 10604
10240 10604
10384 10604
9718 10604
9787 10604
10314 10604
1632 1655
1637 1655
0 407
1143 1162
1136 1162
24 1162
1132 1162
468 479
552 623
0 87
535 564
0 391
0 295
1 590
489 508
1685 1695
0 47
775 788
782 788
783 788
776 788
777 788
785 788
780 788
772 788
779 788
225 230
652 739
426 436
1624 1695
0 247
603 626
566 567
114 115
1 48
324 344
12 684
23 764
569 582
998 1072
1735 1862
11 1862
5 369
874 876
0 625
216 233
926 937
933 937
856 937
0 230
1 421
268 272
203 218
799 812
801 826
0 919
5 887
1 1072
56 2339
930 958
866 958
8 1623
140 141
788 792
794 811
0 2330
1 2330
3 247
8 974
118 120
0 182
400 423
0 1967
0 30
4 384
3 549
1133 1153
0 497
180 188
466 498
155 157
147 157
2326 2339
1 950
56 57
2 135
14 473
0 962
429 448
0 163
380 414
7 1161
1 1161
2 1161
0 117
2 96
0 1403
0 1346
1 139
1103 1110
470 473
18 318
0 318
611 700
156 162
8 1967
1482 1539
6 1539
103 106
6 5662
2 5662
10 5662
7 5662
12 5662
1452 1536
4 1536
603 625
2533 2565
2524 2565
2543 2565
4 2565
2544 2565
2373 2565
1746 1747
383 384
1 183
1228 1249
1243 1249
0 87
745 812
728 746
2118 2128
2012 2128
2070 2128
470 473
1 67
120 124
161 178
0 764
0 379
2366 2396
0 2396
1 2396
847 890
884 890
862 890
0 38
2 2407
7 2407
2330 2407
4 2407
698 735
573 581
542 581
2 385
4 385
5 615
2 139
637 641
0 448
1012 1064
1063 1064
2138 2225
84 89
0 941
2 89
0 1419
420 452
75 80
521 554
0 89
1293 1294
1212 1294
6 381
1921 1948
1947 1948
1945 1948
1942 1948
5 962
421 448
1 352
135 137
1 594
3 1708
0 1708
277 287
0 25
812 816
618 626
83 90
26 2339
0 1536
225 233
61 69
310 319
10 796
443 446
485 527
1 142
22 369
23 153
584 590
0 385
405 413
2 446
2092 2395
2203 2395
375 404
295 592
2064 2163
2035 2163
2124 2163
0 55
186 191
2240 2423
2268 2423
2420 2423
336 344
182 196
449 452
1354 1403
0 1205
3 1205
6 1014
287 294
1 448
85 86
0 395
839 844
0 844
0 303
1349 1360
0 812
101 107
0 562
476 479
433 467
1731 1733
1707 1733
1723 1733
72 80
685 739
411 446
229 247
379 389
0 733
198 215
2 295
0 431
162 175
129 130
185 187
2 135
0 284
364 371
300 330
1678 1724
3 1724
60 1724
492 549
908 919
1086 1139
1 896
0 896
3 437
0 103
252 264
0 261
0 264
628 648
1475 1577
1439 1501
1472 1501
1457 1501
565 617
1599 1618
3 285
6 504
114 115
2 48
242 247
728 737
0 223
0 509
304 311
572 594
461 477
3 345
2 733
722 789
6 789
0 605
1704 1747
342 347
1506 1511
1503 1511
0 362
146 147
281 307
138 139
137 139
356 382
1725 1766
779 788
780 788
783 788
773 788
781 788
782 788
772 788
776 788
774 788
690 694
682 694
302 307
170 174
35 371
1020 1077
530 537
7 178
102 103
282 290
3129 3159
3088 3159
3096 3159
1312 1331
24 50
1 716
1 508
1905 1909
1891 1909
1900 1909
1555 1618
1571 1618
0 384
0 384
0 102
92 94
0 585
406 474
520 535
0 261
294 295
0 169
146 148
9 183
857 876
2 733
2 1787
1756 1787
1785 1787
525 617
0 1553
2 1553
3 504
1 343
4 632
0 127
500 504
1071 1083
63 65
1069 1144
166 178
7 172
8 240
415 431
917 919
488 498
1 1618
123 1475
350 368
25 26
4 1965
24 1965
6 1965
20 1965
2 1965
44 1965
124 125
172 175
52 55
359 379
0 229
0 229
212 230
0 1042
336 344
320 323
726 746
874 876
467 479
405 406
473 504
159 171
522 575
728 764
1855 1913
1796 1913
16 1057
5 269
0 173
325 344
0 772
0 242
0 1695
1660 1695
380 382
739 764
0 175
92 94
0 811
0 394
0 1287
0 176
136 139
0 310
1 360
218 230
2 811
0 381
0 1129
1103 1129
1053 1129
1 638
1067 1071
13 1410
1406 1410
1408 1410
0 811
476 497
0 37
270 285
303 305
5 256
1 360
231 233
604 623
879 1061
246 260
442 452
556 563
589 592
2 144
311 327
0 617
336 337
361 362
5931 5976
5458 5976
5961 5976
5485 5976
33 5976
5974 5976
5637 5976
5846 5976
5868 5976
1056 1075
360 379
639 661
153 162
51 2517
12 431
89 100
0 1386
817 850
14 511
401 405
1094 1102
0 1102
1 370
185 196
1 361
832 841
696 698
0 124
0 290
217 218
431 439
211 229
0 349
0 89
0 360
327 333
329 333
3 526
121 122
0 412
189 196
0 874
4 247
890 896
2 338
1 338
1 142
1777 1779
1702 1779
1746 1779
1709 1779
1186 1238
873 876
1800 1853
1810 1853
35 1853
81 592
543 564
0 173
1472 1539
140 158
785 812
582 584
2 328
247 262
2 816
95 99
4 796
374 404
134 146
343 345
4 464
224 228
251 274
849 919
500 502
1096 1110
107 122
439 446
492 518
4 141
10 585
560 561
2771 2808
1338 1357
129 1416
2 204
2 100
17 563
0 564
464 473
4 1110
0 339
275 327
0 308
270 295
0 587
3 777
556 558
148 149
189 209
245 279
889 962
3 3095
5 3095
11 3095
6 1617
3 1617
0 1617
18 1617
317 318
324 327
1701 1767
1731 1767
1753 1767
1687 1767
238 240
984 1071
1 522
0 1618
442 465
427 465
448 465
