9 384
10 375
17 392
0 576
1 576
387 776
387 776
255 511
14 2287
12 2287
4 745
4 745
456 914
168 338
223 448
0 691
1 691
2 183
913 914
18 1155
33 1155
577 1155
10 1155
11 1155
684 1370
811 1623
0 7389
13 7389
76 7389
0 7389
11 7389
2 7389
13 7389
73 7389
186 7389
71 7389
174 7389
72 2339
8 615
26 1288
87 176
11 1265
10 1265
16 1265
74 150
3 79
6 1983
5 1983
4 1983
3 1983
6 269
198 397
1 1208
4 1208
0 1208
736 1474
119 240
223 448
21 558
1 1113
0 1113
2 79
152 305
199 400
4 388
16 590
16 1483
75 152
75 152
8 796
767 1536
8 805
13 276
163 328
5 1267
7 1267
3 1267
11 1267
2 1267
260 522
98 198
0 1013
0 1013
75 152
15 1303
0 1008
0 1008
1 327
5 562
15 737
368 737
131 264
5 175
0 44
0 89
9 1913
11 1913
11 1539
972 973
427 855
150 301
37 7645
293 7645
24 7645
52 7645
9 7645
75 7645
21 7645
6 7645
4 7645
128 7645
162 7645
18 7645
39 7645
24 7645
28 7645
18 7645
129 7645
29 7645
53 7645
24 7645
738 9306
2 9306
36 9306
6 9306
9 9306
318 9306
13 9306
7 9306
3 9306
4652 9306
463 9306
0 9306
19 9306
388 9306
31 9306
228 9306
165 9306
181 9306
2 3760
121 3760
0 3760
16 3760
11 3760
3 3760
19 3760
17 3760
18 689
147 295
1 1454
0 1454
3 1454
1 1454
8 626
5 203
4 405
10 794
9 794
2 844
328 657
12 1110
74 150
12 1071
3 812
405 812
0 422
18 896
197 395
38 2339
1 135
161 324
360 721
39 79
101 204
9 811
10 368
18 380
17 380
1 384
9 152
48 98
33 68
2 446
13 777
388 777
14 884
441 884
756 1514
437 876
173 348
0 169
1 663
0 663
151 303
11 240
33 441
7 1474
6 733
7 1077
3 404
3 973
1 138
808 1618
283 567
437 876
1 176
20 2150
21 2150
437 876
155 311
3 1597
1 1597
0 1597
10 1597
308 618
4 98
4 184
387 776
37 776
248 497
28 57
195 392
0 670
1 670
195 392
12 511
123 247
437 876
171 344
16 965
769 1539
3 509
107 215
13 176
107 215
107 215
30 1386
141 283
763 764
14 465
5 792
0 10782
3 10782
37 10782
61 10782
9 10782
204 10782
18 10782
120 10782
108 10782
109 10782
35 10782
194 10782
4 10782
14 10782
38 10782
115 10782
171 10782
2 10782
7 10782
1 10782
50 10782
6 10782
173 10782
29 10782
35 10782
11 10782
4 224
14 767
71 144
269 540
2 2510
1 2510
134 269
5 269
2 1269
1 1269
5 919
6 782
223 448
0 931
0 931
3 247
44 89
23 2038
1 2038
0 2038
3 446
28 737
0 1898
1 1898
291 584
679 1360
8 2257
7 2257
36 1695
57 2339
535 1072
4 746
372 746
0 2150
1 2150
38 3410
0 3410
1 3410
372 746
0 2150
1 2150
381 764
372 746
5 456
19 590
15 2449
15 2449
95 191
11 777
132 266
14 1027
487 976
487 976
23 3000
51 3000
25 3000
167 3000
29 3000
42 3000
4 202
3 456
10 777
2 381
1 295
92 186
220 441
1 94
33 68
12 287
119 240
70 142
119 240
327 655
6 1197
2 2831
2 2831
5 2831
4 2831
665 1331
0 4210
14 4210
90 4210
1 4210
26 4210
55 4210
149 4210
60 4210
2 4210
25 4210
98 4210
4 20
4 209
1 677
0 677
1 1547
0 1547
6 888
7 888
171 344
0 413
2 1012
2 1012
3 1012
12 269
233 467
10 504
554 1110
9 585
1 2128
1 2128
0 2128
12 960
16 1483
767 1536
26 1536
18 1110
1 1069
4 1069
2 1069
14 1014
405 811
554 1110
13 423
1 93
91 183
3 384
8 724
8 2375
1 2375
1 2375
88 178
393 788
2 788
393 788
393 788
393 788
0 788
0 788
393 788
393 788
0 203
112 226
6 4949
12 4949
5 4949
33 4949
54 4949
32 4949
39 4949
4 120
58 2150
7 2150
7 2150
10 653
344 689
13 2955
4 2955
10 2955
0 2955
25 2955
1 2955
9 2955
16 1695
219 439
219 439
12 225
6 2163
7 2163
185 13875
1 13875
83 13875
23 13875
22 13875
55 13875
51 13875
0 13875
165 13875
52 13875
6937 13875
162 13875
20 13875
14 13875
41 2339
110 222
4 150
7 1164
8 1164
11 1164
3 2347
2 2347
1 2347
0 2347
5 633
9 384
3 3126
15 3126
12 3126
4 3126
11 3126
1 3126
0 3126
1 1078
2 1078
4 1078
3 267
20 1926
262 526
26 812
19 858
16 5657
17 5657
40 5657
19 5657
13 5657
12 5657
37 5657
159 5657
39 1042
211 423
6 218
85 172
653 1307
510 1021
16 384
18 400
119 240
123 247
1 176
123 247
61 124
308 618
123 247
0 1708
3 1708
0 1708
2 1708
1 762
1 762
1 152
185 371
5 264
0 442
0 442
9 389
74 5642
11 5642
12 5642
140 5642
56 5642
66 5642
41 5642
5 416
111 223
4 86
23 543
701 1403
701 1403
339 679
25 2517
1 87
344 689
9 336
44 89
76 153
701 1403
19 1963
20 1963
0 2002
0 2002
62 2002
13 147
13 147
81 163
131 264
10 1539
131 264
294 590
0 181
120 241
2 465
381 764
381 764
15 764
7 295
1 1652
0 1652
8 1967
4 86
5 1110
2 1183
0 1183
1 1183
4 876
9 389
3 1124
2 1124
11 1014
1 961
9 961
0 961
8 526
2 359
564 1130
11 257
30 1386
420 842
520 1042
3 257
17 2403
50 2403
17 2403
52 106
187 375
308 617
29 270
134 270
339 340
163 327
189 380
11 518
1 587
2 587
8 384
211 424
131 264
349 699
3 1317
1 1317
1 1317
59 120
296 594
3 538
0 603
564 1130
171 344
119 240
8 1241
60 122
28 855
0 1898
0 1898
0 1898
0 1898
16 384
8 17
456 914
8 777
81 163
26 4713
32 4713
0 4713
2356 4713
1 4713
34 4713
21 44
2 2150
1 2150
4 2150
3 2150
200 402
132 266
0 781
1 781
2 781
5 781
331 664
17 689
436 874
397 796
15 796
67 1464
49 1464
50 1464
15 548
190 382
116 233
2 663
128 257
252 506
505 1012
4 257
5 626
3 371
390 782
45 3816
4 3816
1 3816
0 3816
8 3816
3 3816
10 3816
14 340
1 1347
0 1347
1 149
9 554
4 364
4 364
147 295
217 435
694 695
1 1247
1 1247
211 423
17 914
5 265
2 631
3 631
6 186
516 518
85 171
255 511
30 431
1 2308
0 2308
7 2303
8 2303
2 145
3 145
7 145
233 467
258 518
5 405
158 318
10 423
161 324
12 389
38 8726
11 8726
67 8726
110 8726
149 8726
11 8726
306 8726
64 8726
43 8726
42 8726
39 8726
82 8726
69 8726
421 422
53 108
7 456
0 1036
1 1036
195 391
3 344
339 679
2 154
198 397
14 3066
13 3066
32 3066
0 1214
1 1214
797 1595
797 1595
381 764
2 457
3 368
2 376
104 209
104 209
1 1191
0 1191
23 592
377 378
70 141
9 389
11 446
131 264
9 526
10 1110
6366 12734
35 12734
34 12734
246 12734
22 12734
96 12734
6366 12734
83 12734
21 12734
237 12734
76 12734
76 12734
27 12734
26 12734
84 12734
313 12734
153 12734
74 12734
6 203
44 89
3 653
10 295
1 841
6 441
191 384
4 876
47 1264
631 1264
631 1264
201 404
14 1483
13 1110
294 590
294 590
131 264
53 107
692 1386
1 148
44 89
10 842
36 461
0 669
1 669
368 737
349 699
7 423
13 737
53 107
0 107
1 148
0 473
32 2629
42 2629
8 2629
9 2629
191 384
0 1589
1 1589
2 1589
56 113
0 2696
1 2696
8 2696
6 774
331 664
493 987
6 987
6 987
12 4344
1 4344
6 4344
44 4344
8 4344
5 4344
0 4344
110 222
312 626
15 1376
2 1376
14 1376
3 1376
22 558
4 680
5 680
4 234
88 177
88 177
16 384
220 441
220 441
187 376
0 1511
1 1511
7 522
7 522
84 169
13 737
331 664
239 479
21 2238
31 2238
29 2238
20 2238
17 1074
368 737
6 762
1258 2517
393 788
28 2300
29 2300
380 762
20 618
2 183
134 270
11 558
2 252
147 295
22 1913
22 1913
29 656
6 656
5 656
119 240
211 423
381 764
186 373
0 446
3 357
211 423
0 632
16 590
280 562
227 456
4 9
293 587
280 562
18 1014
386 774
12 404
283 567
9 1407
296 594
0 690
1 690
7 250
63 127
147 295
2 2725
4 2725
0 2725
2 2725
1 2725
2 442
0 442
11 518
1 508
3 269
2 269
0 38
0 6094
3 6094
1 6094
4 6094
5 6094
684 1370
11 2737
12 2737
704 1409
262 526
232 465
169 339
1 960
0 960
7 382
147 295
201 404
6 431
3 1536
307 615
7 844
153 308
8 504
6 560
1 730
1 730
3 764
1 1701
119 240
141 283
12 596
195 392
6 2339
5 2339
3 303
1 461
281 563
2 438
60 122
0 980
0 980
422 845
1 665
3 378
175 352
8 889
7 889
3 189
1 431
7 751
262 526
0 1955
8 1955
9 1955
5 1955
7 1955
0 1955
12 9453
26 9453
12 9453
8 9453
9 9453
37 9453
1 9453
15 9453
1 9453
3 9453
12 9453
3 9453
5 9453
4 9453
8 9453
2 3604
2 3604
2 3604
1801 3604
2 3604
2 2982
3 2982
0 2982
1 2982
12 2982
11 1152
249 499
1 181
0 181
124 249
306 613
197 395
2 575
3 122
2 1114
3 1114
141 283
141 283
120 241
27 55
327 655
0 1887
1 1887
2 1887
14 7512
6 7512
1 7512
112 7512
130 7512
13 7512
4 7512
362 7512
277 7512
305 7512
100 7512
5 7512
81 7512
309 7512
3755 7512
5 328
311 623
52 106
0 82
10 305
97 196
75 151
219 439
163 328
1015 2031
5 4370
3 4370
2 4370
7 4370
4 4370
1 4370
6 4370
7 4370
0 340
1 360
3 269
1 413
443 887
1 187
1 187
266 534
6 1539
6 726
128 257
100 202
1 764
1 764
9 473
2 729
0 729
1 729
86 174
296 593
4 326
140 282
29 59
9 2849
24 2849
28 2849
8 2849
8 225
217 435
217 435
6 522
72 146
478 479
199 399
293 587
6 562
393 788
2 788
393 788
393 788
393 788
0 788
0 788
393 788
393 788
2 473
2 473
1 1528
0 1528
951 1904
951 1904
366 733
109 219
59 2417
56 2417
296 594
13 594
296 594
1 620
1 620
4 476
4 476
6 405
5 1695
45 91
45 91
2 1223
3 1223
15 1223
239 479
2 328
0 1879
0 1879
51 4834
38 4834
3 4834
0 4834
36 4834
36 4834
72 145
738 739
167 336
180 361
88 177
10 413
379 759
190 191
190 191
119 240
8 233
88 177
0 176
5 318
1 807
0 807
380 761
2 446
0 931
0 931
27 1074
1 812
143 287
381 764
25 1043
7 857
7 922
1 558
1 558
0 279
86 173
64 130
3 617
3 617
1 1707
0 1707
3 4275
1 4275
0 4275
3 4275
4 4275
0 1149
1 1149
2 1149
1 2971
0 2971
167 336
158 318
34 1026
0 92
1 92
3 311
1 161
386 774
11 127
3 379
199 400
427 428
190 381
5 562
248 497
196 393
139 279
12 323
197 395
111 223
8 362
254 509
11 2434
357 716
193 388
19 233
4 484
241 484
241 484
537 1075
537 1075
537 1075
537 1075
58 118
0 114
421 844
421 844
152 306
0 1742
1 1742
2 1742
220 441
327 655
14 764
254 509
1868 3737
2 3737
1 3737
0 3737
7 562
1090 2181
4 338
3 40
189 379
4 405
5 474
2 98
3 1143
183 368
349 699
171 343
11 126
8 1644
7 1644
0 767
1 767
383 767
9 20
154 310
176 354
30 61
2 297
363 727
12 395
808 1618
3 233
190 381
1 473
108 217
151 152
383 768
85 171
4 567
150 301
2 461
393 788
2 788
393 788
393 788
393 788
0 788
0 788
393 788
393 788
4 405
652 653
69 139
161 324
11 973
692 1386
5 633
23 664
808 1618
197 395
4 295
171 344
114 230
1109 2219
1 385
263 527
962 1926
962 1926
9 548
0 919
20 699
4 472
326 327
2 821
3 821
5 821
4 526
1 567
2 1012
2 1012
3 1012
280 562
369 739
1 266
113 227
1 241
317 635
2 391
3 177
203 407
217 435
267 535
263 527
185 371
185 371
119 240
7 57
148 297
130 262
180 361
655 1312
2 84
8 287
14 509
292 585
295 592
405 812
1169 2339
144 290
2 948
3 948
2 448
486 973
179 360
9 389
822 1646
1 2101
3 2101
2 2101
0 2101
7 876
235 472
132 265
10 777
250 502
68 137
104 209
71 144
2 183
1 370
67 135
2 120
7 962
360 721
56 114
5 3218
16 1747
0 231
4 1110
0 153
5 290
198 397
162 325
159 319
190 382
0 5267
18 5267
14 5267
2 5267
12 5267
16 5267
5 5267
9 5267
9 5267
9 5267
10 5267
6 5267
4 5267
14 5267
1 1034
1 1034
1 2191
1 2191
123 247
123 247
707 1416
513 1027
1 319
4 1042
191 384
81 163
8 127
4 484
449 900
5 544
132 265
7 368
0 930
1 2416
1 2416
4 2416
5 919
9 407
6 382
3 247
4 233
1 1183
1 1183
1 1183
4 1185
6 382
5 340
0 3763
1 3763
88 177
238 477
70 141
120 242
0 295
1 295
197 395
307 615
1 308
4 1695
255 511
0 227
3 257
39 2339
197 395
179 359
380 761
15 257
0 176
167 336
3 195
364 365
119 240
3 230
97 196
168 338
20 1116
18 1116
9 1124
2 300
20 1623
452 906
28 57
2 188
528 1057
0 233
360 721
158 318
367 735
349 699
2 446
8 310
82 165
232 465
3 1130
339 679
195 392
173 348
0 1898
0 1898
3 472
2 950
2 950
2 950
95 191
10 1695
6 324
3 282
7 861
847 1695
179 360
479 960
193 388
6 1701
1 453
0 453
5 247
1 461
32 295
26 1042
274 549
159 319
6 1110
9 2517
1 866
0 866
70 141
2 387
23 48
0 1791
1 1791
8 511
2 275
142 286
211 423
2 191
474 950
254 509
430 861
4 364
4 364
377 378
9 3651
4 364
5 364
0 298
339 679
23 654
6 177
10 605
195 392
195 392
7 569
21 43
206 414
3 272
9 327
1 2050
2 2050
3 2050
2 617
20 927
1 1268
0 1268
2 1268
706 1413
78 157
158 317
394 790
394 790
8 812
538 1077
291 584
280 562
679 1360
847 1695
202 405
293 587
63 127
1 1592
0 1592
0 1719
2 1719
0 1719
1 548
2 548
97 195
1 352
1 1043
2 2703
1 2703
2 2703
1 2703
582 1165
13 395
9 1323
6 1323
5 1323
25 1323
12 1323
2 118
3 165
331 663
225 451
27 1536
2 1526
1 1526
1 1526
57 116
163 327
3 587
69 139
5 325
643 1288
57 116
119 240
108 217
355 712
692 1386
81 2339
11 2517
190 381
141 284
91 183
147 295
1258 2517
1169 2339
232 465
123 247
11 2517
4 55
5 281
0 247
679 1360
9 461
1880 3761
17 590
5 594
188 378
30 1539
53 108
2168 4338
775 1552
1 152
3 646
11 306
26 657
27 657
520 1042
210 421
11 1042
110 222
8 1034
134 270
6 1104
2 486
11 502
2 57
407 816
4 2365
536 1074
93 187
3 2236
2 2236
1 2236
0 2236
202 405
3 1110
248 497
110 222
0 120
5 151
5 1392
4 230
42 86
6 78
1169 2339
4 9
25 1021
0 318
1 308
0 279
7 762
3 88
360 721
2 1027
15 500
2 89
42 86
79 159
1 733
9 725
10 276
4 497
27 1130
3 456
2 654
7 777
1 53
169 340
237 475
70 142
346 694
6 41
7 90
293 588
14 588
24 588
6 214
33 67
9 588
163 327
170 342
8 588
96 193
80 161
44 90
293 588
6 41
10 322
13 718
70 142
13 567
10 588
56 113
6 120
24 588
3 567
293 588
587 588
241 483
293 588
108 218
293 588
140 282
140 282
293 588
108 218
11 327
11 24
3 274
4 274
9 214
2 142
44 90
44 90
2 228
283 567
3 229
283 567
12 343
113 228
163 327
21 43
192 386
346 694
113 228
18 475
24 588
237 475
472 946
15 475
1 567
3 457
163 327
241 483
12 343
3 116
25 475
113 228
5 342
163 327
279 560
114 229
8 99
293 588
21 43
21 43
1 168
11 141
5 483
7 16
293 588
192 386
166 334
293 588
293 588
293 588
293 588
7 90
293 588
135 271
293 588
192 386
33 67
279 560
170 342
8 454
587 588
11 588
5 211
346 694
346 694
113 228
163 327
14 588
375 752
4 53
0 229
293 588
20 41
9 374
9 334
7 588
237 475
54 110
114 229
1 58
27 588
70 142
76 153
14 334
3 116
58 118
293 588
192 386
163 327
70 142
113 228
77 156
12 588
10 588
8 327
171 343
76 153
237 475
12 588
8 99
11 588
7 588
286 574
346 694
4 90
346 694
27 56
279 560
7 342
160 322
16 752
293 588
18 327
5 193
12 454
170 342
3 67
163 327
24 588
114 229
170 342
3 67
1336 2673
5 211
241 483
12 327
9 228
4 33
480 962
6 1539
13 125
0 120
39 80
407 816
8 554
87 176
18 406
0 66
4 473
6 977
5 844
1 290
9 502
43 88
137 275
73 147
4 515
3 1205
701 1403
10 1695
5 605
6 605
1 1347
1 1347
30 1516
4 295
5 473
6 59
17 1021
393 788
113 228
18 1110
3 88
4 768
7 476
168 337
1 340
19 1695
5 127
1 308
188 378
120 241
225 452
141 284
0 1900
0 1900
1 3101
0 3101
0 6
108 218
26 664
1 158
0 423
7 951
8 951
6 623
2 399
788 1577
4 278
3 214
7 2150
7 2150
1 145
0 404
536 1074
9 336
180 362
296 594
107 216
4 439
263 527
36 1386
319 639
380 762
6 625
7 625
362 725
197 395
517 1036
520 1042
2 393
12 1539
183 368
13 1539
58 117
12 632
520 1042
258 518
2 567
2 452
12 1071
4 347
151 303
0 120
134 270
20 2237
45 2237
1 2237
1 2237
21 2237
1 233
775 1552
1 409
1 1230
0 1230
30 853
1 400
0 126
10 446
428 857
3 973
1 274
0 274
0 3390
35 3390
0 3390
10 3390
2 584
444 890
7 626
107 216
2 1346
6 247
143 287
39 79
2 196
95 191
160 7353
4 7353
54 7353
437 7353
67 7353
80 7353
205 7353
37 7353
3 7353
3676 7353
36 7353
183 7353
42 7353
213 7353
15 7353
50 7353
5 141
3 2466
1 2466
0 2466
2 2466
8 1456
1 10604
4 10604
0 10604
70 10604
10 10604
1 10604
1 10604
21 10604
26 10604
26 10604
30 10604
96 10604
6 10604
21 10604
110 10604
12 10604
2 1655
1 1655
1 407
1 1162
3 1162
2 1162
0 1162
239 479
311 623
1 87
3 564
195 391
147 295
2 590
1 508
847 1695
23 47
393 788
2 788
393 788
393 788
393 788
0 788
0 788
393 788
393 788
3 230
369 739
5 436
847 1695
123 247
312 626
283 567
57 115
23 48
10 344
2 684
381 764
3 582
4 1072
0 1862
1 1862
184 369
437 876
8 625
1 233
1 937
0 937
5 937
4 230
2 421
2 272
108 218
3 812
412 826
8 919
2 887
535 1072
1169 2339
4 958
3 958
17 1623
70 141
395 792
9 811
1 2330
2 2330
6 247
486 974
59 120
0 182
0 423
5 1967
14 30
191 384
274 549
576 1153
0 497
1 188
248 498
1 157
0 157
22 2339
12 950
56 57
0 135
236 473
1 962
223 448
1 163
5 414
2 1161
1 1161
1 1161
0 117
1 96
701 1403
3 1346
2 139
10 1110
5 473
158 318
158 318
3 700
2 162
7 1967
769 1539
11 1539
52 106
1 5662
1 5662
4 5662
1 5662
4 5662
30 1536
31 1536
13 625
11 2565
6 2565
10 2565
6 2565
8 2565
9 2565
873 1747
12 384
91 183
1 1249
2 1249
43 87
23 812
372 746
1 2128
2 2128
0 2128
5 473
1 67
3 124
88 178
8 764
189 379
16 2396
13 2396
12 2396
11 890
21 890
10 890
7 38
1 2407
3 2407
2 2407
7 2407
4 735
1 581
1 581
0 385
0 385
307 615
1 139
6 641
223 448
3 1064
3 1064
11 2225
44 89
3 941
1 89
6 1419
225 452
39 80
276 554
1 89
15 1294
16 1294
190 381
30 1948
2 1948
2 1948
22 1948
3 962
223 448
1 352
136 137
4 594
1 1708
0 1708
143 287
12 25
2 816
4 626
0 90
8 2339
767 1536
9 233
0 69
8 319
11 796
10 446
5 527
70 142
1 369
2 153
16 590
192 385
206 413
1 446
1 2395
1 2395
3 404
295 592
19 2163
16 2163
17 2163
27 55
22 191
1 2423
2 2423
4 2423
4 344
97 196
0 452
701 1403
0 1205
1 1205
14 1014
5 294
4 448
42 86
197 395
421 844
421 844
151 303
26 1360
1 812
53 107
280 562
239 479
233 467
41 1733
26 1733
25 1733
39 80
369 739
222 446
123 247
9 389
6 733
107 215
4 295
215 431
3 175
129 130
93 187
67 135
141 284
185 371
164 330
2 1724
0 1724
2 1724
274 549
459 919
569 1139
0 896
1 896
218 437
51 103
19 264
130 261
4 264
323 648
788 1577
1 1501
3 1501
0 1501
308 617
34 1618
142 285
251 504
57 115
1 48
5 247
15 737
0 223
7 509
3 311
296 594
238 477
2 345
366 733
9 789
8 789
302 605
3 1747
5 347
1 1511
1 1511
180 362
13 147
153 307
9 139
10 139
6 382
882 1766
393 788
2 788
393 788
393 788
393 788
0 788
0 788
393 788
393 788
1 694
0 694
4 307
86 174
185 371
538 1077
6 537
88 178
0 103
144 290
0 3159
2 3159
0 3159
21 1331
24 50
357 716
1 508
13 1909
24 1909
13 1909
1 1618
808 1618
9 384
9 384
0 102
1 94
9 585
5 474
267 535
130 261
31 295
84 169
7 148
91 183
18 876
366 733
14 1787
4 1787
3 1787
308 617
0 1553
1 1553
251 504
171 343
315 632
7 127
251 504
541 1083
2 65
571 1144
88 178
85 172
119 240
215 431
459 919
0 498
6 1618
737 1475
183 368
12 26
7 1965
6 1965
0 1965
3 1965
0 1965
2 1965
62 125
3 175
27 55
3 379
1 229
1 229
1 230
11 1042
10 344
11 323
372 746
437 876
12 479
202 406
5 504
85 171
3 575
23 764
11 1913
9 1913
528 1057
5 269
1 173
171 344
5 772
23 242
14 1695
847 1695
190 382
19 764
87 175
46 94
405 811
6 394
5 1287
0 176
69 139
154 310
179 360
114 230
405 811
8 381
1 1129
9 1129
1 1129
1 638
14 1071
37 1410
5 1410
4 1410
9 811
248 497
18 37
2 285
8 305
127 256
179 360
116 233
17 623
530 1061
5 260
5 452
6 563
6 592
71 144
163 327
1 617
12 337
10 362
2987 5976
68 5976
32 5976
92 5976
103 5976
0 5976
112 5976
56 5976
1 5976
537 1075
189 379
330 661
80 162
3 2517
28 431
49 100
5 1386
424 850
5 511
202 405
1 1102
0 1102
1 370
97 196
180 361
420 841
697 698
0 124
0 290
108 218
2 439
114 229
5 349
4 89
1 360
166 333
166 333
8 526
60 122
205 412
97 196
436 874
0 247
8 896
1 338
1 338
70 142
889 1779
889 1779
889 1779
889 1779
618 1238
437 876
6 1853
0 1853
0 1853
295 592
6 564
86 173
12 1539
1 158
5 812
6 584
2 328
130 262
11 816
49 99
397 796
201 404
5 146
172 345
231 464
113 228
136 274
459 919
13 502
4 1110
60 122
4 446
258 518
0 141
12 585
20 561
11 2808
12 1357
707 1416
101 204
49 100
281 563
281 564
5 473
554 1110
10 339
163 327
1 308
147 295
293 587
11 777
21 558
74 149
104 209
1 279
2 962
0 3095
0 3095
9 3095
2 1617
3 1617
1 1617
0 1617
8 318
8 327
0 1767
1 1767
3 1767
8 1767
119 240
535 1071
13 522
808 1618
1 465
0 465
1 465
