9 384
10 375
17 392
0 576
1 576
38 776
37 776
22 511
14 2287
12 2287
4 745
4 745
14 914
12 338
4 448
0 691
1 691
2 183
912 914
18 1155
33 1155
577 1155
10 1155
11 1155
4 1370
34 1623
6 7389
13 7389
76 7389
0 7389
10 7389
1 7389
12 7389
73 7389
186 7389
71 7389
174 7389
72 2339
8 615
26 1288
174 176
10 1265
11 1265
16 1265
5 150
3 79
5 1983
6 1983
4 1983
3 1983
5 269
198 397
0 1208
4 1208
1 1208
8 1474
11 240
4 448
21 558
1 1113
0 1113
2 79
19 305
398 400
5 388
16 590
14 1483
75 152
1 152
8 796
767 1536
8 805
12 276
14 328
5 1267
7 1267
2 1267
11 1267
3 1267
13 522
4 198
0 1013
0 1013
4 152
15 1303
0 1008
1 1008
1 327
5 562
14 737
13 737
4 264
7 175
0 44
0 89
11 1913
9 1913
1536 1539
972 973
854 855
7 301
30 7645
293 7645
45 7645
49 7645
5 7645
74 7645
20 7645
22 7645
6 7645
128 7645
162 7645
21 7645
38 7645
18 7645
23 7645
34 7645
129 7645
3 7645
54 7645
28 7645
738 9306
0 9306
36 9306
6 9306
4 9306
318 9306
38 9306
5 9306
2 9306
815 9306
463 9306
1 9306
22 9306
386 9306
25 9306
228 9306
165 9306
181 9306
1 3760
121 3760
17 3760
9 3760
8 3760
0 3760
19 3760
13 3760
35 689
4 295
3 1454
0 1454
2 1454
1 1454
7 626
5 203
4 405
10 794
9 794
2 844
328 657
1109 1110
5 150
10 1071
1 812
1 812
0 422
17 896
10 395
39 2339
1 135
7 324
4 721
7 79
2 204
9 811
10 368
17 380
17 380
1 384
9 152
4 98
9 68
3 446
11 777
12 777
14 884
19 884
19 1514
20 876
5 348
0 169
1 663
0 663
16 303
11 240
438 441
24 1474
6 733
7 1077
3 404
3 973
1 138
18 1618
3 567
17 876
1 176
20 2150
21 2150
17 876
155 311
3 1597
0 1597
1 1597
10 1597
20 618
4 98
5 184
39 776
37 776
496 497
4 57
17 392
0 670
1 670
17 392
11 511
6 247
4 876
171 344
12 965
30 1539
3 509
4 215
18 176
4 215
4 215
33 1386
282 283
763 764
15 465
5 792
7 10782
5 10782
38 10782
61 10782
1 10782
204 10782
9 10782
120 10782
109 10782
108 10782
35 10782
194 10782
15 10782
4 10782
36 10782
115 10782
171 10782
3 10782
14 10782
13 10782
50 10782
16 10782
173 10782
24 10782
35 10782
6 10782
4 224
18 767
10 144
269 540
2 2510
1 2510
134 269
5 269
2 1269
1 1269
5 919
6 782
4 448
1 931
0 931
2 247
4 89
23 2038
0 2038
1 2038
3 446
28 737
0 1898
1 1898
291 584
22 1360
8 2257
7 2257
79 1695
67 2339
1068 1072
4 746
4 746
0 2150
1 2150
38 3410
0 3410
1 3410
4 746
0 2150
1 2150
21 764
4 746
5 456
23 590
14 2449
15 2449
23 191
11 777
2 266
1026 1027
12 976
21 976
23 3000
51 3000
24 3000
126 3000
29 3000
42 3000
6 202
3 456
10 777
9 381
0 295
184 186
220 441
1 94
33 68
9 287
11 240
70 142
13 240
4 655
5 1197
3 2831
2 2831
5 2831
4 2831
7 1331
4 4210
14 4210
90 4210
0 4210
26 4210
55 4210
149 4210
60 4210
1 4210
25 4210
98 4210
4 20
4 209
1 677
0 677
0 1547
1 1547
7 888
6 888
343 344
406 413
2 1012
1 1012
3 1012
10 269
12 467
503 504
554 1110
9 585
1 2128
2 2128
0 2128
12 960
16 1483
1535 1536
41 1536
1104 1110
2 1069
4 1069
1 1069
1010 1014
802 811
9 1110
13 423
1 93
5 183
3 384
7 724
8 2375
1 2375
2 2375
1 178
393 788
2 788
6 788
4 788
393 788
0 788
1 788
393 788
5 788
0 203
10 226
6 4949
12 4949
5 4949
33 4949
54 4949
32 4949
39 4949
4 120
58 2150
5 2150
8 2150
10 653
36 689
13 2955
4 2955
10 2955
1 2955
25 2955
0 2955
9 2955
14 1695
7 439
13 439
12 225
7 2163
6 2163
185 13875
1 13875
83 13875
23 13875
22 13875
55 13875
51 13875
0 13875
165 13875
52 13875
6937 13875
162 13875
20 13875
14 13875
38 2339
4 222
4 150
7 1164
8 1164
11 1164
3 2347
2 2347
0 2347
1 2347
632 633
9 384
4 3126
15 3126
12 3126
3 3126
11 3126
1 3126
0 3126
1 1078
2 1078
4 1078
3 267
20 1926
262 526
42 812
18 858
17 5657
16 5657
40 5657
19 5657
13 5657
12 5657
37 5657
200 5657
39 1042
13 423
7 218
85 172
13 1307
55 1021
16 384
18 400
239 240
6 247
1 176
6 247
9 124
22 618
6 247
0 1708
3 1708
1 1708
2 1708
1 762
0 762
1 152
18 371
5 264
0 442
2 442
9 389
75 5642
11 5642
12 5642
140 5642
56 5642
66 5642
41 5642
5 416
111 223
4 86
23 543
17 1403
17 1403
15 679
24 2517
1 87
344 689
10 336
4 89
3 153
1402 1403
20 1963
19 1963
0 2002
1 2002
47 2002
143 147
14 147
8 163
131 264
8 1539
131 264
24 590
0 181
120 241
1 465
53 764
381 764
19 764
10 295
1 1652
0 1652
7 1967
4 86
4 1110
2 1183
0 1183
1 1183
4 876
9 389
3 1124
2 1124
10 1014
0 961
9 961
1 961
8 526
2 359
31 1130
7 257
29 1386
13 842
520 1042
3 257
17 2403
50 2403
18 2403
105 106
15 375
14 617
29 270
269 270
10 340
4 327
17 380
11 518
2 587
1 587
8 384
1 424
263 264
24 699
3 1317
1 1317
0 1317
6 120
8 594
3 538
0 603
40 1130
3 344
239 240
8 1241
4 122
28 855
0 1898
1 1898
1 1898
0 1898
16 384
8 17
19 914
7 777
81 163
26 4713
32 4713
1 4713
2356 4713
0 4713
34 4713
0 44
1 2150
2 2150
4 2150
3 2150
9 402
132 266
0 781
1 781
2 781
5 781
663 664
19 689
13 874
11 796
795 796
76 1464
49 1464
50 1464
11 548
8 382
116 233
2 663
10 257
252 506
10 1012
4 257
4 626
4 371
390 782
45 3816
2 3816
1 3816
0 3816
8 3816
3 3816
10 3816
10 340
1 1347
0 1347
1 149
8 554
4 364
5 364
147 295
217 435
22 695
1 1247
0 1247
7 423
32 914
5 265
1 631
3 631
5 186
14 518
85 171
255 511
42 431
1 2308
0 2308
9 2303
7 2303
2 145
3 145
7 145
13 467
13 518
6 405
10 318
17 423
9 324
388 389
39 8726
11 8726
67 8726
109 8726
149 8726
12 8726
305 8726
64 8726
43 8726
42 8726
38 8726
82 8726
69 8726
17 422
6 108
7 456
0 1036
1 1036
18 391
3 344
17 679
2 154
198 397
14 3066
13 3066
32 3066
1 1214
0 1214
47 1595
51 1595
763 764
2 457
3 368
2 376
4 209
208 209
1 1191
0 1191
21 592
377 378
70 141
9 389
10 446
10 264
8 526
9 1110
6366 12734
35 12734
34 12734
246 12734
21 12734
96 12734
6366 12734
83 12734
23 12734
237 12734
76 12734
76 12734
26 12734
27 12734
84 12734
314 12734
153 12734
74 12734
201 203
4 89
651 653
11 295
1 841
6 441
8 384
4 876
45 1264
631 1264
49 1264
6 404
14 1483
13 1110
18 590
16 590
5 264
0 107
18 1386
9 148
44 89
10 842
460 461
0 669
1 669
13 737
23 699
7 423
13 737
0 107
0 107
8 148
0 473
32 2629
42 2629
9 2629
8 2629
9 384
2 1589
0 1589
1 1589
4 113
1 2696
0 2696
8 2696
5 774
34 664
493 987
5 987
6 987
12 4344
1 4344
6 4344
44 4344
8 4344
5 4344
0 4344
4 222
27 626
15 1376
2 1376
14 1376
3 1376
21 558
4 680
5 680
5 234
2 177
5 177
18 384
19 441
24 441
2 376
0 1511
1 1511
7 522
6 522
0 169
13 737
34 664
14 479
21 2238
31 2238
29 2238
20 2238
16 1074
12 737
6 762
1258 2517
393 788
29 2300
28 2300
761 762
20 618
2 183
269 270
11 558
3 252
18 295
21 1913
22 1913
29 656
5 656
6 656
13 240
0 423
381 764
28 373
0 446
3 357
7 423
0 632
16 590
561 562
227 456
0 9
293 587
4 562
7 1014
1 774
10 404
5 567
7 1407
5 594
0 690
1 690
249 250
125 127
294 295
2 2725
4 2725
3 2725
0 2725
1 2725
1 442
0 442
11 518
1 508
2 269
3 269
0 38
0 6094
3 6094
1 6094
4 6094
5 6094
1369 1370
12 2737
11 2737
19 1409
262 526
10 465
4 339
1 960
0 960
22 382
6 295
5 404
6 431
3 1536
8 615
7 844
1 308
8 504
7 560
0 730
1 730
3 764
1 1701
11 240
141 283
13 596
17 392
6 2339
5 2339
3 303
1 461
20 563
8 438
0 122
0 980
1 980
422 845
1 665
4 378
3 352
8 889
7 889
3 189
1 431
7 751
262 526
2 1955
7 1955
9 1955
8 1955
6 1955
1 1955
11 9453
26 9453
12 9453
7 9453
9 9453
37 9453
0 9453
15 9453
1 9453
4 9453
13 9453
5 9453
6 9453
2 9453
8 9453
0 3604
2 3604
3 3604
1801 3604
1 3604
6 2982
0 2982
7 2982
2 2982
12 2982
7 1152
498 499
1 181
0 181
124 249
20 613
14 395
6 575
3 122
3 1114
2 1114
141 283
141 283
0 241
27 55
654 655
1 1887
0 1887
2 1887
15 7512
7 7512
6 7512
113 7512
131 7512
14 7512
13 7512
361 7512
277 7512
305 7512
101 7512
9 7512
82 7512
309 7512
7505 7512
4 328
5 623
1 106
1 82
9 305
6 196
75 151
6 439
1 328
21 2031
2 4370
7 4370
4 4370
1 4370
0 4370
5 4370
3 4370
6 4370
3 340
1 360
3 269
1 413
12 887
0 187
1 187
5 534
6 1539
5 726
128 257
201 202
0 764
1 764
9 473
2 729
0 729
1 729
4 174
296 593
4 326
4 282
29 59
9 2849
24 2849
28 2849
8 2849
8 225
217 435
0 435
3 522
72 146
36 479
3 399
3 587
11 562
393 788
2 788
393 788
393 788
393 788
0 788
0 788
393 788
393 788
2 473
1 473
1 1528
0 1528
17 1904
13 1904
2 733
218 219
56 2417
57 2417
33 594
14 594
296 594
0 620
1 620
3 476
4 476
6 405
24 1695
1 91
45 91
3 1223
2 1223
15 1223
478 479
2 328
2 1879
0 1879
51 4834
38 4834
2 4834
0 4834
36 4834
37 4834
3 145
737 739
11 336
6 361
88 177
412 413
379 759
190 191
190 191
3 240
8 233
3 177
0 176
5 318
1 807
0 807
9 761
3 446
1 931
0 931
27 1074
3 812
143 287
14 764
25 1043
7 857
3 922
0 558
1 558
8 279
86 173
129 130
2 617
3 617
1 1707
0 1707
2 4275
1 4275
0 4275
3 4275
4 4275
0 1149
1 1149
2 1149
1 2971
0 2971
11 336
9 318
10 1026
1 92
0 92
3 311
1 161
6 774
11 127
3 379
399 400
425 428
190 381
6 562
4 497
391 393
0 279
322 323
4 395
4 223
8 362
12 509
11 2434
9 716
386 388
20 233
4 484
4 484
5 484
21 1075
21 1075
1074 1075
26 1075
58 118
0 114
421 844
17 844
1 306
0 1742
1 1742
2 1742
7 441
13 655
12 764
3 509
1868 3737
1 3737
2 3737
0 3737
11 562
1090 2181
3 338
3 40
3 379
4 405
5 474
2 98
1136 1143
183 368
349 699
0 343
12 126
7 1644
8 1644
0 767
1 767
383 767
9 20
154 310
2 354
3 61
5 297
363 727
12 395
1617 1618
4 233
190 381
3 473
108 217
2 152
383 768
7 171
3 567
1 301
2 461
393 788
2 788
393 788
393 788
393 788
0 788
0 788
393 788
393 788
4 405
652 653
69 139
2 324
8 973
16 1386
5 633
23 664
24 1618
19 395
4 295
171 344
229 230
1109 2219
1 385
6 527
20 1926
31 1926
9 548
0 919
19 699
4 472
4 327
2 821
3 821
5 821
4 526
3 567
2 1012
2 1012
3 1012
11 562
369 739
1 266
113 227
0 241
17 635
2 391
4 177
1 407
7 435
531 535
10 527
6 371
3 371
2 240
7 57
148 297
7 262
1 361
24 1312
83 84
284 287
14 509
584 585
15 592
21 812
1169 2339
287 290
2 948
3 948
2 448
486 973
4 360
9 389
19 1646
0 2101
3 2101
2 2101
1 2101
6 876
34 472
4 265
16 777
2 502
68 137
104 209
10 144
2 183
1 370
67 135
2 120
8 962
29 721
113 114
5 3218
14 1747
0 231
4 1110
0 153
5 290
8 397
7 325
8 319
190 382
6 5267
18 5267
13 5267
8 5267
12 5267
16 5267
9 5267
10 5267
3 5267
4 5267
5 5267
2 5267
7 5267
14 5267
1 1034
0 1034
0 2191
1 2191
7 247
2 247
9 1416
513 1027
1 319
4 1042
0 384
4 163
8 127
4 484
1 900
5 544
132 265
8 368
1 930
1 2416
0 2416
4 2416
10 919
406 407
6 382
3 247
4 233
2 1183
1 1183
0 1183
4 1185
6 382
5 340
0 3763
1 3763
175 177
16 477
140 141
23 242
0 295
1 295
19 395
307 615
1 308
4 1695
4 511
0 227
3 257
38 2339
394 395
2 359
10 761
256 257
0 176
11 336
3 195
363 365
239 240
6 230
2 196
6 338
19 1116
18 1116
7 1124
2 300
18 1623
29 906
0 57
2 188
6 1057
0 233
2 721
8 318
9 735
25 699
3 446
8 310
1 165
232 465
16 1130
339 679
2 392
173 348
1 1898
0 1898
5 472
2 950
6 950
1 950
3 191
8 1695
6 324
2 282
3 861
26 1695
179 360
949 960
383 388
3 1701
1 453
0 453
246 247
1 461
294 295
26 1042
548 549
159 319
9 1110
19 2517
1 866
0 866
4 141
2 387
23 48
0 1791
1 1791
21 511
3 275
142 286
0 423
8 191
15 950
17 509
2 861
4 364
5 364
377 378
16 3651
4 364
5 364
0 298
672 679
23 654
176 177
10 605
4 392
3 392
8 569
0 43
5 414
3 272
5 327
1 2050
2 2050
3 2050
2 617
14 927
1 1268
0 1268
2 1268
706 1413
78 157
315 317
31 790
394 790
8 812
538 1077
6 584
280 562
24 1360
5 1695
202 405
293 587
5 127
1 1592
0 1592
0 1719
2 1719
1 1719
2 548
1 548
97 195
350 352
1 1043
3 2703
0 2703
2 2703
1 2703
23 1165
14 395
9 1323
6 1323
5 1323
25 1323
12 1323
2 118
164 165
11 663
9 451
24 1536
2 1526
0 1526
1 1526
1 116
11 327
3 587
1 139
5 325
16 1288
1 116
119 240
2 217
355 712
22 1386
72 2339
11 2517
2 381
141 284
3 183
147 295
21 2517
13 2339
12 465
2 247
11 2517
4 55
5 281
0 247
1358 1360
9 461
3760 3761
17 590
6 594
377 378
26 1539
10 108
2168 4338
775 1552
3 152
4 646
11 306
26 657
27 657
22 1042
210 421
11 1042
4 222
15 1034
1 270
6 1104
2 486
501 502
2 57
407 816
7 2365
536 1074
0 187
3 2236
2 2236
1 2236
0 2236
399 405
9 1110
11 497
110 222
0 120
4 151
4 1392
4 230
4 86
77 78
1169 2339
8 9
22 1021
317 318
1 308
4 279
7 762
87 88
5 721
1 1027
15 500
1 89
2 86
12 159
2 733
11 725
10 276
4 497
27 1130
3 456
2 654
776 777
52 53
0 340
237 475
2 142
5 694
6 41
7 90
14 588
14 588
24 588
5 214
3 67
8 588
6 327
2 342
8 588
96 193
3 161
44 90
8 588
6 41
10 322
13 718
2 142
16 567
587 588
56 113
6 120
24 588
4 567
13 588
37 588
17 483
28 588
5 218
586 588
13 282
11 282
293 588
108 218
10 327
11 24
3 274
4 274
9 214
2 142
5 90
44 90
2 228
6 567
3 229
18 567
12 343
4 228
6 327
3 43
15 386
36 694
113 228
15 475
24 588
237 475
23 946
15 475
1 567
3 457
10 327
17 483
12 343
4 116
25 475
113 228
5 342
163 327
279 560
4 229
8 99
8 588
21 43
21 43
1 168
11 141
4 483
7 16
28 588
2 386
12 334
7 588
6 588
7 588
293 588
7 90
28 588
7 271
14 588
14 386
4 67
279 560
170 342
11 454
12 588
10 588
5 211
26 694
10 694
8 228
7 327
14 588
21 752
4 53
0 229
28 588
6 41
9 374
9 334
20 588
32 475
7 110
1 229
1 58
27 588
2 142
8 153
14 334
5 116
58 118
14 588
32 386
6 327
2 142
16 228
77 156
12 588
10 588
8 327
15 343
8 153
14 475
12 588
8 99
11 588
7 588
286 574
5 694
4 90
32 694
0 56
279 560
13 342
14 322
15 752
14 588
19 327
5 193
12 454
4 342
3 67
20 327
24 588
5 229
4 342
3 67
1336 2673
5 211
17 483
10 327
9 228
4 33
480 962
6 1539
13 125
0 120
39 80
3 816
8 554
2 176
18 406
0 66
1 473
6 977
5 844
1 290
7 502
87 88
0 275
9 147
4 515
3 1205
16 1403
10 1695
5 605
6 605
0 1347
1 1347
51 1516
4 295
5 473
6 59
12 1021
18 788
113 228
18 1110
3 88
4 768
7 476
12 337
339 340
18 1695
5 127
1 308
7 378
7 241
451 452
4 284
1 1900
0 1900
1 3101
0 3101
0 6
6 218
662 664
1 158
0 423
7 951
8 951
4 623
2 399
19 1577
4 278
3 214
8 2150
5 2150
1 145
0 404
1 1074
9 336
5 362
4 594
2 216
438 439
5 527
29 1386
6 639
16 762
6 625
7 625
0 725
12 395
2 1036
26 1042
2 393
12 1539
3 368
11 1539
58 117
9 632
1041 1042
258 518
1 567
2 452
10 1071
4 347
5 303
0 120
269 270
20 2237
45 2237
0 2237
1 2237
21 2237
1 233
775 1552
0 409
0 1230
1 1230
36 853
1 400
0 126
10 446
22 857
3 973
1 274
0 274
0 3390
35 3390
1 3390
10 3390
2 584
14 890
7 626
107 216
2 1346
6 247
143 287
39 79
2 196
21 191
159 7353
4 7353
54 7353
438 7353
67 7353
80 7353
205 7353
37 7353
5 7353
556 7353
35 7353
183 7353
43 7353
212 7353
17 7353
50 7353
6 141
3 2466
1 2466
0 2466
2 2466
1446 1456
3 10604
1 10604
16 10604
69 10604
8 10604
0 10604
5 10604
22 10604
24 10604
26 10604
29 10604
97 10604
2 10604
20 10604
110 10604
11 10604
0 1655
1 1655
1 407
2 1162
3 1162
0 1162
1 1162
15 479
22 623
1 87
1 564
195 391
3 295
2 590
1 508
41 1695
23 47
393 788
2 788
19 788
17 788
393 788
0 788
1 788
11 788
393 788
10 230
5 739
5 436
47 1695
1 247
4 626
19 567
5 115
23 48
10 344
3 684
381 764
3 582
5 1072
1 1862
0 1862
9 369
17 876
5 625
232 233
1 937
0 937
5 937
4 230
2 421
3 272
5 218
4 812
825 826
7 919
3 887
3 1072
15 2339
4 958
3 958
18 1623
9 141
7 792
9 811
2 2330
0 2330
8 247
971 974
12 120
0 182
0 423
4 1967
2 30
9 384
2 549
1143 1153
0 497
4 188
6 498
0 157
1 157
2338 2339
10 950
56 57
0 135
13 473
1 962
4 448
1 163
5 414
2 1161
0 1161
1 1161
0 117
1 96
17 1403
3 1346
1 139
42 1110
5 473
9 318
4 318
4 700
2 162
5 1967
11 1539
11 1539
105 106
0 5662
2 5662
4 5662
2 5662
1 5662
1534 1536
34 1536
13 625
11 2565
6 2565
10 2565
7 2565
8 2565
9 2565
1746 1747
13 384
5 183
0 1249
2 1249
1 87
23 812
8 746
0 2128
1 2128
2 2128
5 473
1 67
1 124
177 178
8 764
2 379
16 2396
12 2396
13 2396
11 890
21 890
10 890
7 38
2 2407
3 2407
1 2407
7 2407
4 735
0 581
1 581
0 385
0 385
16 615
1 139
7 641
4 448
3 1064
2 1064
10 2225
4 89
1 941
1 89
6 1419
2 452
3 80
13 554
1 89
15 1294
16 1294
18 381
30 1948
1 1948
0 1948
22 1948
3 962
3 448
2 352
136 137
4 594
1 1708
0 1708
143 287
0 25
13 816
3 626
0 90
16 2339
2 1536
9 233
1 69
8 319
11 796
10 446
5 527
1 142
1 369
2 153
16 590
7 385
411 413
1 446
1 2395
2 2395
3 404
295 592
19 2163
16 2163
17 2163
27 55
18 191
2 2423
1 2423
4 2423
3 344
4 196
13 452
47 1403
0 1205
1 1205
13 1014
5 294
4 448
4 86
12 395
14 844
17 844
7 303
1358 1360
1 812
106 107
1 562
11 479
9 467
41 1733
25 1733
26 1733
4 80
6 739
0 446
123 247
9 389
2 733
5 215
4 295
24 431
3 175
129 130
186 187
1 135
4 284
12 371
8 330
2 1724
0 1724
1 1724
1 549
8 919
569 1139
0 896
1 896
5 437
51 103
19 264
8 261
3 264
7 648
20 1577
0 1501
3 1501
1 1501
12 617
33 1618
2 285
18 504
114 115
1 48
5 247
15 737
0 223
7 509
3 311
4 594
238 477
2 345
2 733
9 789
8 789
15 605
3 1747
4 347
0 1511
1 1511
5 362
145 147
0 307
10 139
9 139
6 382
46 1766
393 788
2 788
6 788
4 788
393 788
0 788
1 788
393 788
5 788
1 694
0 694
4 307
3 174
3 371
7 1077
6 537
88 178
0 103
5 290
1 3159
2 3159
0 3159
20 1331
24 50
2 716
1 508
13 1909
24 1909
12 1909
6 1618
3 1618
9 384
9 384
0 102
1 94
9 585
6 474
267 535
1 261
294 295
0 169
7 148
4 183
18 876
2 733
14 1787
4 1787
3 1787
4 617
0 1553
1 1553
9 504
1 343
1 632
7 127
13 504
7 1083
2 65
6 1144
5 178
5 172
119 240
215 431
19 919
497 498
6 1618
28 1475
183 368
3 26
7 1965
6 1965
0 1965
3 1965
1 1965
2 1965
14 125
3 175
27 55
20 379
1 229
0 229
1 230
11 1042
10 344
11 323
4 746
17 876
12 479
27 406
5 504
3 171
7 575
22 764
11 1913
9 1913
6 1057
5 269
1 173
4 344
5 772
23 242
14 1695
15 1695
6 382
18 764
3 175
0 94
9 811
6 394
5 1287
0 176
10 139
0 310
1 360
4 230
9 811
8 381
0 1129
9 1129
1 1129
1 638
14 1071
37 1410
5 1410
4 1410
9 811
6 497
18 37
2 285
8 305
2 256
1 360
116 233
616 623
2 1061
259 260
5 452
5 563
8 592
4 144
163 327
1 617
12 337
10 362
397 5976
68 5976
33 5976
92 5976
103 5976
9 5976
113 5976
56 5976
7 5976
1073 1075
376 379
22 661
2 162
3 2517
26 431
6 100
4 1386
6 850
5 511
404 405
1 1102
0 1102
1 370
8 196
1 361
15 841
697 698
0 124
0 290
108 218
435 439
11 229
5 349
4 89
1 360
12 333
12 333
8 526
3 122
2 412
97 196
13 874
0 247
8 896
0 338
1 338
2 142
71 1779
889 1779
80 1779
889 1779
11 1238
17 876
6 1853
0 1853
1 1853
3 592
563 564
1 173
1538 1539
1 158
5 812
6 584
2 328
5 262
11 816
1 99
12 796
401 404
5 146
5 345
3 464
113 228
273 274
459 919
12 502
4 1110
120 122
4 446
517 518
0 141
10 585
20 561
10 2808
12 1357
707 1416
2 204
6 100
281 563
5 564
5 473
19 1110
10 339
163 327
2 308
293 295
1 587
11 777
21 558
148 149
5 209
278 279
1 962
0 3095
1 3095
9 3095
2 1617
3 1617
1 1617
0 1617
8 318
8 327
0 1767
1 1767
3 1767
8 1767
239 240
9 1071
13 522
4 1618
1 465
0 465
1 465
