9 384
10 375
17 392
0 576
1 576
37 776
38 776
21 511
14 2287
12 2287
4 745
4 745
14 914
12 338
4 448
0 691
1 691
2 183
913 914
18 1155
33 1155
577 1155
10 1155
11 1155
4 1370
17 1623
3 7389
12 7389
76 7389
0 7389
11 7389
1 7389
13 7389
73 7389
186 7389
71 7389
174 7389
72 2339
8 615
26 1288
173 176
11 1265
10 1265
16 1265
4 150
3 79
5 1983
6 1983
3 1983
4 1983
5 269
198 397
0 1208
4 1208
1 1208
8 1474
11 240
4 448
21 558
1 1113
0 1113
3 79
14 305
399 400
4 388
16 590
14 1483
75 152
1 152
8 796
767 1536
8 805
12 276
14 328
5 1267
7 1267
2 1267
11 1267
3 1267
13 522
4 198
0 1013
0 1013
75 152
15 1303
0 1008
1 1008
1 327
6 562
14 737
13 737
6 264
6 175
0 44
0 89
11 1913
9 1913
13 1539
972 973
854 855
7 301
33 7645
293 7645
38 7645
50 7645
7 7645
75 7645
13 7645
8 7645
3 7645
128 7645
162 7645
20 7645
39 7645
16 7645
25 7645
37 7645
129 7645
5 7645
54 7645
24 7645
738 9306
2 9306
36 9306
5 9306
3 9306
318 9306
28 9306
4 9306
1 9306
817 9306
463 9306
0 9306
19 9306
387 9306
20 9306
228 9306
165 9306
181 9306
4 3760
121 3760
0 3760
15 3760
12 3760
2 3760
19 3760
17 3760
18 689
1 295
2 1454
0 1454
1 1454
3 1454
7 626
5 203
4 405
10 794
9 794
2 844
328 657
1109 1110
5 150
9 1071
1 812
1 812
0 422
17 896
10 395
39 2339
1 135
8 324
4 721
7 79
2 204
9 811
10 368
17 380
17 380
3 384
9 152
48 98
8 68
2 446
12 777
11 777
14 884
22 884
20 1514
437 876
4 348
0 169
0 663
1 663
18 303
11 240
438 441
18 1474
6 733
7 1077
3 404
3 973
1 138
18 1618
5 567
17 876
1 176
20 2150
21 2150
17 876
155 311
3 1597
1 1597
0 1597
10 1597
20 618
4 98
5 184
39 776
37 776
496 497
4 57
18 392
0 670
1 670
17 392
11 511
6 247
4 876
171 344
12 965
769 1539
3 509
4 215
173 176
4 215
4 215
30 1386
281 283
763 764
14 465
5 792
5 10782
9 10782
38 10782
61 10782
2 10782
204 10782
11 10782
120 10782
109 10782
108 10782
35 10782
194 10782
8 10782
3 10782
37 10782
115 10782
171 10782
6 10782
10 10782
7 10782
50 10782
16 10782
173 10782
23 10782
35 10782
15 10782
4 224
22 767
10 144
269 540
2 2510
1 2510
134 269
5 269
2 1269
1 1269
5 919
6 782
4 448
1 931
0 931
2 247
4 89
23 2038
0 2038
1 2038
3 446
28 737
0 1898
1 1898
291 584
25 1360
8 2257
7 2257
33 1695
56 2339
38 1072
4 746
4 746
0 2150
1 2150
38 3410
0 3410
1 3410
4 746
0 2150
1 2150
21 764
4 746
5 456
19 590
14 2449
15 2449
95 191
11 777
2 266
20 1027
487 976
487 976
23 3000
51 3000
24 3000
121 3000
29 3000
42 3000
5 202
3 456
10 777
9 381
0 295
5 186
220 441
1 94
33 68
7 287
11 240
70 142
13 240
9 655
5 1197
3 2831
2 2831
5 2831
4 2831
7 1331
2 4210
14 4210
90 4210
0 4210
26 4210
55 4210
149 4210
60 4210
1 4210
25 4210
98 4210
4 20
4 209
1 677
0 677
0 1547
1 1547
7 888
6 888
343 344
407 413
2 1012
1 1012
3 1012
11 269
12 467
10 504
554 1110
9 585
1 2128
2 2128
0 2128
12 960
16 1483
1535 1536
28 1536
1102 1110
2 1069
4 1069
1 1069
1011 1014
19 811
9 1110
13 423
1 93
4 183
3 384
7 724
8 2375
1 2375
2 2375
10 178
393 788
2 788
6 788
5 788
393 788
0 788
1 788
393 788
4 788
0 203
10 226
5 4949
12 4949
6 4949
33 4949
54 4949
32 4949
39 4949
4 120
58 2150
6 2150
8 2150
10 653
32 689
13 2955
4 2955
10 2955
1 2955
25 2955
0 2955
9 2955
14 1695
3 439
437 439
12 225
7 2163
6 2163
185 13875
1 13875
83 13875
23 13875
22 13875
55 13875
51 13875
0 13875
165 13875
52 13875
6937 13875
162 13875
20 13875
14 13875
38 2339
4 222
4 150
7 1164
8 1164
11 1164
3 2347
2 2347
1 2347
0 2347
7 633
9 384
4 3126
15 3126
12 3126
3 3126
11 3126
1 3126
0 3126
1 1078
2 1078
4 1078
3 267
20 1926
262 526
25 812
18 858
16 5657
17 5657
40 5657
19 5657
12 5657
13 5657
37 5657
217 5657
39 1042
13 423
7 218
85 172
39 1307
510 1021
16 384
7 400
239 240
6 247
1 176
6 247
8 124
22 618
6 247
0 1708
3 1708
1 1708
2 1708
1 762
0 762
1 152
12 371
5 264
0 442
1 442
9 389
74 5642
11 5642
12 5642
140 5642
56 5642
66 5642
42 5642
5 416
111 223
4 86
23 543
17 1403
16 1403
15 679
24 2517
1 87
344 689
9 336
4 89
2 153
701 1403
20 1963
19 1963
0 2002
1 2002
112 2002
13 147
13 147
7 163
131 264
7 1539
131 264
19 590
0 181
120 241
1 465
381 764
381 764
15 764
8 295
1 1652
0 1652
7 1967
4 86
4 1110
2 1183
0 1183
1 1183
4 876
9 389
3 1124
2 1124
10 1014
0 961
9 961
1 961
8 526
2 359
31 1130
7 257
30 1386
14 842
520 1042
3 257
17 2403
50 2403
18 2403
1 106
10 375
14 617
31 270
30 270
10 340
4 327
17 380
11 518
2 587
1 587
8 384
1 424
17 264
349 699
3 1317
1 1317
0 1317
6 120
8 594
3 538
0 603
21 1130
3 344
119 240
8 1241
4 122
28 855
0 1898
2 1898
1 1898
0 1898
16 384
8 17
18 914
7 777
81 163
26 4713
32 4713
0 4713
2356 4713
1 4713
34 4713
0 44
1 2150
2 2150
4 2150
3 2150
9 402
132 266
0 781
1 781
2 781
5 781
663 664
16 689
13 874
11 796
19 796
77 1464
50 1464
49 1464
12 548
8 382
116 233
2 663
9 257
252 506
8 1012
4 257
4 626
4 371
390 782
45 3816
0 3816
2 3816
1 3816
8 3816
3 3816
10 3816
10 340
1 1347
0 1347
1 149
8 554
5 364
4 364
147 295
217 435
29 695
1 1247
0 1247
7 423
913 914
5 265
1 631
3 631
5 186
26 518
85 171
255 511
43 431
1 2308
0 2308
9 2303
7 2303
2 145
3 145
7 145
17 467
258 518
4 405
7 318
10 423
16 324
388 389
39 8726
11 8726
67 8726
109 8726
149 8726
12 8726
305 8726
64 8726
43 8726
42 8726
38 8726
82 8726
69 8726
421 422
107 108
7 456
1 1036
0 1036
16 391
3 344
17 679
2 154
198 397
13 3066
14 3066
32 3066
1 1214
0 1214
47 1595
51 1595
762 764
2 457
3 368
2 376
4 209
206 209
1 1191
0 1191
21 592
377 378
70 141
9 389
11 446
5 264
10 526
9 1110
6366 12734
35 12734
34 12734
246 12734
22 12734
96 12734
6366 12734
83 12734
21 12734
237 12734
76 12734
76 12734
27 12734
26 12734
84 12734
313 12734
153 12734
74 12734
9 203
4 89
3 653
11 295
1 841
6 441
7 384
4 876
47 1264
631 1264
50 1264
6 404
14 1483
13 1110
294 590
21 590
5 264
0 107
13 1386
3 148
44 89
10 842
460 461
0 669
1 669
13 737
349 699
9 423
13 737
0 107
0 107
8 148
0 473
32 2629
42 2629
9 2629
8 2629
9 384
2 1589
0 1589
1 1589
3 113
1 2696
0 2696
8 2696
5 774
34 664
493 987
5 987
6 987
12 4344
2 4344
6 4344
44 4344
8 4344
5 4344
0 4344
4 222
312 626
15 1376
2 1376
14 1376
3 1376
21 558
4 680
5 680
4 234
4 177
3 177
18 384
20 441
21 441
187 376
0 1511
1 1511
7 522
6 522
0 169
13 737
34 664
12 479
21 2238
31 2238
29 2238
20 2238
16 1074
12 737
6 762
1258 2517
393 788
28 2300
29 2300
761 762
20 618
2 183
269 270
11 558
3 252
14 295
21 1913
22 1913
29 656
5 656
6 656
13 240
3 423
381 764
24 373
0 446
3 357
7 423
0 632
16 590
280 562
227 456
0 9
293 587
4 562
7 1014
0 774
10 404
3 567
7 1407
4 594
0 690
1 690
12 250
2 127
294 295
3 2725
4 2725
2 2725
1 2725
0 2725
1 442
0 442
11 518
1 508
2 269
3 269
0 38
1 6094
3 6094
0 6094
4 6094
5 6094
1369 1370
11 2737
12 2737
10 1409
262 526
232 465
4 339
1 960
0 960
21 382
6 295
5 404
6 431
3 1536
8 615
7 844
1 308
8 504
7 560
0 730
1 730
3 764
1 1701
11 240
141 283
12 596
17 392
6 2339
5 2339
3 303
1 461
18 563
7 438
0 122
0 980
1 980
422 845
1 665
4 378
1 352
8 889
7 889
3 189
1 431
7 751
262 526
2 1955
8 1955
9 1955
6 1955
7 1955
0 1955
11 9453
26 9453
12 9453
7 9453
9 9453
37 9453
1 9453
15 9453
0 9453
4 9453
13 9453
5 9453
6 9453
2 9453
8 9453
0 3604
2 3604
2 3604
1801 3604
2 3604
3 2982
1 2982
5 2982
0 2982
12 2982
7 1152
498 499
1 181
0 181
124 249
306 613
14 395
6 575
3 122
3 1114
2 1114
141 283
141 283
0 241
27 55
654 655
0 1887
1 1887
2 1887
10 7512
8 7512
0 7512
111 7512
130 7512
14 7512
6 7512
361 7512
277 7512
305 7512
100 7512
5 7512
81 7512
309 7512
7504 7512
4 328
5 623
1 106
1 82
9 305
97 196
75 151
219 439
1 328
11 2031
2 4370
6 4370
7 4370
1 4370
0 4370
3 4370
4 4370
5 4370
3 340
1 360
3 269
1 413
15 887
1 187
1 187
5 534
6 1539
5 726
128 257
16 202
0 764
1 764
9 473
2 729
0 729
1 729
3 174
296 593
4 326
4 282
29 59
9 2849
24 2849
28 2849
8 2849
8 225
217 435
0 435
3 522
72 146
27 479
199 399
3 587
9 562
393 788
2 788
393 788
393 788
393 788
0 788
0 788
393 788
393 788
2 473
1 473
1 1528
0 1528
24 1904
22 1904
1 733
218 219
56 2417
57 2417
21 594
14 594
296 594
0 620
1 620
3 476
4 476
6 405
16 1695
45 91
45 91
3 1223
2 1223
15 1223
478 479
2 328
1 1879
2 1879
51 4834
38 4834
2 4834
0 4834
36 4834
37 4834
3 145
738 739
11 336
180 361
88 177
412 413
379 759
190 191
190 191
119 240
8 233
3 177
0 176
5 318
1 807
0 807
9 761
2 446
1 931
0 931
27 1074
1 812
143 287
13 764
25 1043
7 857
3 922
0 558
1 558
5 279
86 173
64 130
2 617
3 617
1 1707
0 1707
1 4275
2 4275
0 4275
3 4275
4 4275
1 1149
0 1149
2 1149
1 2971
0 2971
12 336
10 318
10 1026
1 92
0 92
3 311
1 161
7 774
11 127
9 379
399 400
423 428
190 381
6 562
4 497
392 393
0 279
322 323
197 395
2 223
8 362
11 509
11 2434
9 716
386 388
20 233
4 484
4 484
4 484
20 1075
21 1075
33 1075
1074 1075
58 118
0 114
421 844
15 844
4 306
0 1742
1 1742
2 1742
5 441
8 655
10 764
7 509
1868 3737
2 3737
1 3737
0 3737
11 562
1090 2181
3 338
3 40
1 379
5 405
5 474
2 98
2 1143
183 368
349 699
0 343
12 126
7 1644
8 1644
0 767
1 767
383 767
9 20
154 310
2 354
3 61
4 297
363 727
12 395
1617 1618
5 233
190 381
1 473
108 217
4 152
383 768
0 171
3 567
1 301
2 461
393 788
2 788
393 788
393 788
393 788
0 788
0 788
393 788
393 788
4 405
652 653
69 139
2 324
6 973
10 1386
5 633
23 664
808 1618
19 395
4 295
171 344
229 230
1109 2219
1 385
9 527
20 1926
45 1926
9 548
0 919
18 699
4 472
4 327
2 821
3 821
5 821
4 526
4 567
2 1012
2 1012
3 1012
10 562
369 739
1 266
113 227
0 241
13 635
2 391
4 177
1 407
7 435
533 535
7 527
4 371
8 371
2 240
7 57
148 297
8 262
1 361
23 1312
83 84
15 287
14 509
7 585
11 592
405 812
1169 2339
144 290
2 948
3 948
2 448
486 973
2 360
9 389
12 1646
0 2101
2 2101
3 2101
1 2101
6 876
471 472
132 265
11 777
2 502
68 137
104 209
10 144
2 183
1 370
67 135
2 120
7 962
360 721
1 114
5 3218
14 1747
0 231
4 1110
0 153
5 290
8 397
7 325
159 319
190 382
4 5267
18 5267
13 5267
5 5267
12 5267
16 5267
9 5267
10 5267
2 5267
7 5267
6 5267
0 5267
8 5267
14 5267
1 1034
0 1034
0 2191
1 2191
123 247
123 247
12 1416
513 1027
1 319
4 1042
0 384
4 163
8 127
4 484
1 900
5 544
132 265
8 368
0 930
1 2416
0 2416
4 2416
9 919
406 407
6 382
3 247
4 233
2 1183
1 1183
0 1183
4 1185
6 382
5 340
0 3763
1 3763
176 177
20 477
4 141
23 242
0 295
1 295
16 395
307 615
1 308
4 1695
4 511
0 227
3 257
38 2339
13 395
2 359
9 761
255 257
0 176
11 336
3 195
359 365
13 240
5 230
2 196
6 338
19 1116
18 1116
7 1124
2 300
18 1623
452 906
28 57
2 188
6 1057
0 233
2 721
7 318
9 735
349 699
3 446
8 310
1 165
232 465
28 1130
339 679
2 392
173 348
1 1898
0 1898
6 472
2 950
5 950
4 950
3 191
8 1695
6 324
2 282
3 861
42 1695
179 360
950 960
385 388
3 1701
1 453
0 453
246 247
2 461
294 295
26 1042
274 549
159 319
7 1110
19 2517
1 866
0 866
2 141
2 387
23 48
0 1791
1 1791
10 511
3 275
142 286
0 423
4 191
12 950
254 509
2 861
4 364
5 364
377 378
9 3651
4 364
5 364
0 298
3 679
23 654
176 177
10 605
4 392
3 392
6 569
0 43
4 414
3 272
6 327
1 2050
2 2050
3 2050
2 617
14 927
1 1268
0 1268
2 1268
706 1413
78 157
315 317
34 790
394 790
8 812
538 1077
7 584
280 562
21 1360
9 1695
202 405
293 587
5 127
1 1592
0 1592
0 1719
2 1719
1 1719
2 548
1 548
97 195
1 352
1 1043
3 2703
1 2703
2 2703
1 2703
582 1165
14 395
9 1323
6 1323
5 1323
25 1323
12 1323
2 118
164 165
11 663
6 451
20 1536
2 1526
1 1526
1 1526
2 116
163 327
3 587
0 139
5 325
1285 1288
1 116
119 240
2 217
355 712
26 1386
72 2339
11 2517
190 381
141 284
6 183
147 295
19 2517
26 2339
23 465
2 247
11 2517
4 55
5 281
0 247
20 1360
10 461
1880 3761
16 590
6 594
377 378
27 1539
10 108
2168 4338
775 1552
3 152
2 646
11 306
26 657
27 657
30 1042
210 421
11 1042
4 222
13 1034
1 270
6 1104
2 486
501 502
2 57
407 816
3 2365
536 1074
0 187
3 2236
2 2236
1 2236
0 2236
404 405
3 1110
9 497
110 222
0 120
4 151
4 1392
4 230
4 86
7 78
1169 2339
8 9
22 1021
12 318
1 308
3 279
7 762
4 88
5 721
2 1027
15 500
2 89
2 86
12 159
2 733
20 725
10 276
4 497
27 1130
3 456
2 654
776 777
1 53
0 340
237 475
2 142
7 694
6 41
7 90
17 588
14 588
24 588
5 214
3 67
8 588
6 327
1 342
8 588
96 193
3 161
44 90
9 588
6 41
10 322
13 718
2 142
16 567
587 588
56 113
6 120
24 588
3 567
293 588
586 588
17 483
28 588
5 218
587 588
15 282
11 282
293 588
108 218
10 327
11 24
3 274
4 274
9 214
2 142
5 90
44 90
2 228
6 567
3 229
14 567
12 343
5 228
6 327
3 43
17 386
346 694
113 228
15 475
24 588
237 475
25 946
15 475
1 567
3 457
10 327
17 483
12 343
4 116
25 475
113 228
5 342
163 327
279 560
4 229
8 99
8 588
21 43
21 43
1 168
11 141
4 483
7 16
28 588
6 386
12 334
293 588
293 588
6 588
293 588
7 90
28 588
8 271
14 588
14 386
4 67
279 560
170 342
11 454
12 588
13 588
5 211
346 694
9 694
8 228
5 327
14 588
21 752
4 53
0 229
28 588
7 41
9 374
9 334
14 588
35 475
5 110
1 229
1 58
27 588
2 142
8 153
14 334
4 116
58 118
14 588
28 386
7 327
2 142
15 228
77 156
12 588
10 588
8 327
171 343
76 153
14 475
12 588
8 99
11 588
7 588
286 574
5 694
4 90
26 694
0 56
279 560
12 342
160 322
15 752
14 588
19 327
5 193
11 454
4 342
3 67
20 327
24 588
5 229
4 342
3 67
1336 2673
5 211
17 483
10 327
9 228
4 33
480 962
6 1539
13 125
0 120
39 80
3 816
8 554
4 176
18 406
0 66
1 473
6 977
5 844
1 290
7 502
87 88
137 275
9 147
4 515
3 1205
16 1403
10 1695
5 605
6 605
0 1347
1 1347
47 1516
4 295
5 473
6 59
12 1021
15 788
113 228
18 1110
3 88
4 768
7 476
12 337
339 340
21 1695
5 127
1 308
7 378
7 241
451 452
4 284
1 1900
0 1900
1 3101
0 3101
0 6
7 218
31 664
1 158
0 423
8 951
7 951
5 623
2 399
20 1577
4 278
3 214
6 2150
5 2150
1 145
0 404
1 1074
9 336
5 362
4 594
2 216
10 439
5 527
29 1386
6 639
15 762
6 625
7 625
0 725
12 395
2 1036
26 1042
2 393
21 1539
3 368
13 1539
58 117
10 632
46 1042
258 518
1 567
2 452
9 1071
4 347
5 303
0 120
32 270
20 2237
45 2237
0 2237
1 2237
21 2237
1 233
775 1552
0 409
0 1230
1 1230
32 853
1 400
0 126
10 446
428 857
3 973
1 274
0 274
0 3390
35 3390
1 3390
10 3390
2 584
12 890
7 626
107 216
2 1346
6 247
143 287
39 79
2 196
20 191
159 7353
4 7353
54 7353
438 7353
67 7353
80 7353
205 7353
37 7353
5 7353
527 7353
36 7353
183 7353
42 7353
212 7353
17 7353
50 7353
5 141
3 2466
1 2466
0 2466
2 2466
1450 1456
4 10604
3 10604
11 10604
70 10604
9 10604
0 10604
7 10604
21 10604
24 10604
26 10604
29 10604
97 10604
1 10604
20 10604
110 10604
12 10604
2 1655
1 1655
1 407
2 1162
3 1162
0 1162
1 1162
6 479
26 623
1 87
1 564
195 391
3 295
2 590
1 508
847 1695
23 47
393 788
2 788
393 788
13 788
393 788
0 788
1 788
393 788
393 788
5 230
5 739
5 436
38 1695
1 247
4 626
17 567
57 115
23 48
10 344
3 684
381 764
3 582
4 1072
1 1862
0 1862
9 369
17 876
5 625
4 233
1 937
0 937
5 937
4 230
2 421
3 272
7 218
4 812
825 826
7 919
1 887
3 1072
14 2339
4 958
3 958
19 1623
6 141
7 792
8 811
2 2330
1 2330
6 247
973 974
9 120
0 182
0 423
4 1967
2 30
9 384
2 549
1147 1153
0 497
3 188
6 498
0 157
1 157
2338 2339
10 950
2 57
0 135
14 473
1 962
4 448
1 163
5 414
2 1161
0 1161
1 1161
0 117
1 96
19 1403
3 1346
1 139
10 1110
9 473
9 318
4 318
3 700
2 162
5 1967
11 1539
11 1539
105 106
0 5662
2 5662
4 5662
2 5662
1 5662
45 1536
29 1536
13 625
11 2565
6 2565
10 2565
7 2565
8 2565
9 2565
873 1747
19 384
91 183
0 1249
2 1249
1 87
23 812
8 746
0 2128
1 2128
2 2128
5 473
1 67
9 124
177 178
8 764
2 379
16 2396
12 2396
13 2396
11 890
21 890
10 890
7 38
2 2407
3 2407
1 2407
7 2407
4 735
0 581
1 581
0 385
0 385
16 615
1 139
8 641
4 448
3 1064
2 1064
9 2225
4 89
1 941
1 89
6 1419
2 452
3 80
8 554
1 89
15 1294
16 1294
190 381
30 1948
1 1948
0 1948
22 1948
3 962
2 448
1 352
136 137
4 594
1 1708
0 1708
143 287
0 25
2 816
3 626
0 90
10 2339
2 1536
9 233
1 69
8 319
11 796
10 446
5 527
1 142
1 369
2 153
16 590
7 385
206 413
1 446
1 2395
2 2395
1 404
295 592
19 2163
16 2163
17 2163
27 55
22 191
2 2423
1 2423
4 2423
3 344
4 196
0 452
701 1403
0 1205
1 1205
13 1014
5 294
5 448
5 86
12 395
16 844
17 844
151 303
1359 1360
1 812
106 107
1 562
11 479
8 467
41 1733
26 1733
25 1733
4 80
6 739
0 446
123 247
9 389
2 733
6 215
4 295
30 431
3 175
129 130
186 187
1 135
4 284
3 371
8 330
2 1724
0 1724
1 1724
1 549
12 919
569 1139
0 896
1 896
8 437
51 103
19 264
6 261
3 264
7 648
21 1577
0 1501
3 1501
2 1501
308 617
33 1618
2 285
503 504
7 115
1 48
5 247
15 737
0 223
7 509
3 311
5 594
238 477
2 345
2 733
9 789
8 789
15 605
2 1747
4 347
0 1511
1 1511
5 362
13 147
0 307
10 139
9 139
6 382
882 1766
393 788
2 788
6 788
4 788
393 788
0 788
1 788
393 788
5 788
1 694
0 694
4 307
2 174
13 371
538 1077
6 537
88 178
0 103
5 290
0 3159
2 3159
1 3159
19 1331
24 50
2 716
1 508
13 1909
24 1909
13 1909
1 1618
3 1618
9 384
9 384
0 102
1 94
9 585
5 474
267 535
1 261
294 295
0 169
7 148
4 183
18 876
2 733
14 1787
4 1787
3 1787
4 617
0 1553
1 1553
9 504
0 343
1 632
7 127
13 504
8 1083
2 65
4 1144
3 178
5 172
119 240
215 431
24 919
497 498
6 1618
50 1475
183 368
3 26
7 1965
6 1965
0 1965
3 1965
1 1965
2 1965
14 125
3 175
27 55
16 379
1 229
0 229
1 230
11 1042
10 344
11 323
5 746
17 876
12 479
404 406
5 504
3 171
7 575
22 764
11 1913
9 1913
6 1057
5 269
1 173
171 344
5 772
23 242
14 1695
14 1695
6 382
18 764
3 175
0 94
9 811
6 394
5 1287
0 176
138 139
0 310
1 360
4 230
9 811
8 381
0 1129
9 1129
1 1129
1 638
14 1071
37 1410
4 1410
5 1410
9 811
6 497
18 37
2 285
9 305
2 256
1 360
116 233
622 623
2 1061
8 260
5 452
5 563
7 592
5 144
163 327
1 617
12 337
10 362
372 5976
68 5976
32 5976
92 5976
103 5976
5 5976
113 5976
56 5976
11 5976
34 1075
13 379
660 661
2 162
3 2517
26 431
6 100
4 1386
5 850
5 511
404 405
0 1102
1 1102
1 370
9 196
1 361
20 841
697 698
0 124
0 290
108 218
435 439
13 229
5 349
4 89
1 360
12 333
12 333
8 526
3 122
2 412
97 196
13 874
0 247
8 896
0 338
1 338
2 142
71 1779
889 1779
68 1779
889 1779
9 1238
17 876
6 1853
0 1853
0 1853
3 592
563 564
86 173
11 1539
1 158
5 812
6 584
2 328
3 262
11 816
1 99
397 796
12 404
5 146
6 345
3 464
113 228
273 274
459 919
12 502
4 1110
3 122
5 446
517 518
0 141
15 585
30 561
10 2808
12 1357
707 1416
1 204
7 100
281 563
281 564
5 473
15 1110
10 339
163 327
2 308
147 295
1 587
11 777
21 558
74 149
104 209
278 279
1 962
0 3095
1 3095
9 3095
2 1617
3 1617
1 1617
0 1617
8 318
8 327
0 1767
1 1767
3 1767
8 1767
15 240
10 1071
13 522
4 1618
1 465
0 465
1 465
