1 384
0 375
1 392
0 576
1 576
11 776
3 776
0 511
19 2287
9 2287
9 745
4 745
4 914
1 338
2 448
1 691
0 691
0 183
0 914
18 1155
33 1155
147 1155
2 1155
3 1155
4 1370
7 1623
0 7389
35 7389
15 7389
7 7389
20 7389
5 7389
50 7389
8 7389
33 7389
11 7389
138 7389
0 2339
3 615
7 1288
0 176
9 1265
13 1265
6 1265
4 150
0 79
0 1983
1 1983
7 1983
8 1983
2 269
14 397
1 1208
0 1208
3 1208
22 1474
6 240
2 448
0 558
1 1113
0 1113
0 79
5 305
1 400
2 388
4 590
0 1483
3 152
3 152
0 796
31 1536
0 805
0 276
0 328
1 1267
2 1267
7 1267
14 1267
0 1267
2 522
5 198
2 1013
1 1013
3 152
0 1303
2 1008
0 1008
4 327
0 562
7 737
5 737
4 264
2 175
0 44
0 89
4 1913
1 1913
0 1539
0 973
1 855
0 301
35 7645
71 7645
0 7645
21 7645
99 7645
5 7645
3 7645
4 7645
6 7645
31 7645
44 7645
7 7645
20 7645
14 7645
24 7645
15 7645
38 7645
23 7645
127 7645
26 7645
528 9306
7 9306
41 9306
9 9306
4 9306
66 9306
0 9306
2 9306
5 9306
228 9306
29 9306
3 9306
40 9306
123 9306
1 9306
82 9306
53 9306
23 9306
5 3760
88 3760
1 3760
0 3760
6 3760
9 3760
8 3760
2 3760
2 689
4 295
10 1454
0 1454
1 1454
12 1454
1 626
0 203
0 405
1 794
0 794
0 844
102 657
0 1110
3 150
0 1071
0 812
0 812
0 422
2 896
0 395
3 2339
0 135
2 324
1 721
3 79
2 204
1 811
1 368
0 380
0 380
4 384
3 152
0 98
9 68
2 446
1 777
6 777
1 884
7 884
0 1514
26 876
8 348
0 169
2 663
0 663
1 303
0 240
0 441
8 1474
0 733
8 1077
0 404
0 973
0 138
3 1618
4 567
13 876
0 176
0 2150
31 2150
13 876
5 311
8 1597
3 1597
5 1597
0 1597
1 618
0 98
0 184
4 776
0 776
0 497
5 57
3 392
0 670
5 670
7 392
0 511
1 247
0 876
1 344
2 965
10 1539
0 509
4 215
6 176
4 215
4 215
4 1386
1 283
1 764
0 465
0 792
15 10782
4 10782
9 10782
19 10782
21 10782
31 10782
11 10782
40 10782
24 10782
33 10782
27 10782
87 10782
1 10782
8 10782
13 10782
14 10782
63 10782
23 10782
43 10782
17 10782
7 10782
12 10782
32 10782
0 10782
27 10782
22 10782
0 224
17 767
8 144
43 540
0 2510
3 2510
45 269
5 269
0 1269
1 1269
2 919
0 782
2 448
1 931
0 931
2 247
4 89
4 2038
2 2038
3 2038
0 446
2 737
0 1898
1 1898
15 584
11 1360
3 2257
5 2257
1 1695
0 2339
3 1072
1 746
1 746
1 2150
3 2150
12 3410
1 3410
3 3410
2 746
1 2150
7 2150
5 764
2 746
0 456
10 590
4 2449
0 2449
21 191
1 777
6 266
1 1027
2 976
23 976
21 3000
5 3000
12 3000
124 3000
16 3000
10 3000
2 202
1 456
5 777
7 381
0 295
1 186
28 441
0 94
33 68
0 287
0 240
70 142
1 240
4 655
3 1197
7 2831
6 2831
4 2831
0 2831
1 1331
0 4210
1 4210
72 4210
2 4210
10 4210
38 4210
35 4210
6 4210
4 4210
9 4210
111 4210
3 20
2 209
0 677
1 677
3 1547
0 1547
0 888
1 888
0 344
5 413
14 1012
2 1012
18 1012
0 269
0 467
1 504
43 1110
0 585
0 2128
6 2128
4 2128
3 960
0 1483
14 1536
4 1536
1 1110
3 1069
1 1069
0 1069
1 1014
56 811
0 1110
0 423
0 93
3 183
0 384
0 724
4 2375
1 2375
5 2375
0 178
10 788
3 788
6 788
5 788
20 788
0 788
1 788
12 788
4 788
1 203
4 226
0 4949
7 4949
1 4949
19 4949
41 4949
24 4949
10 4949
0 120
58 2150
0 2150
5 2150
0 653
3 689
14 2955
12 2955
11 2955
15 2955
8 2955
0 2955
10 2955
4 1695
0 439
0 439
0 225
1 2163
2 2163
63 13875
4 13875
12 13875
32 13875
31 13875
46 13875
3 13875
0 13875
54 13875
18 13875
1678 13875
93 13875
55 13875
11 13875
4 2339
3 222
1 150
4 1164
8 1164
5 1164
0 2347
1 2347
2 2347
3 2347
0 633
0 384
20 3126
29 3126
5 3126
6 3126
10 3126
24 3126
16 3126
3 1078
0 1078
6 1078
2 267
0 1926
29 526
1 812
12 858
7 5657
21 5657
4 5657
8 5657
0 5657
3 5657
23 5657
59 5657
4 1042
0 423
0 218
7 172
52 1307
94 1021
1 384
0 400
8 240
5 247
1 176
0 247
1 124
1 618
0 247
1 1708
14 1708
8 1708
3 1708
0 762
1 762
2 152
6 371
1 264
1 442
0 442
0 389
74 5642
7 5642
65 5642
232 5642
15 5642
16 5642
3 5642
1 416
4 223
0 86
16 543
8 1403
2 1403
1 679
1 2517
0 87
15 689
10 336
0 89
1 153
16 1403
0 1963
7 1963
6 2002
10 2002
2 2002
4 147
0 147
11 163
6 264
2 1539
9 264
3 590
0 181
24 241
2 465
82 764
100 764
11 764
9 295
0 1652
2 1652
0 1967
0 86
0 1110
3 1183
1 1183
0 1183
0 876
0 389
0 1124
1 1124
6 1014
0 961
3 961
6 961
0 526
0 359
28 1130
0 257
2 1386
21 842
33 1042
0 257
7 2403
55 2403
5 2403
0 106
1 375
12 617
0 270
0 270
1 340
6 327
0 380
1 518
0 587
1 587
0 384
0 424
2 264
8 699
5 1317
0 1317
3 1317
1 120
10 594
0 538
0 603
8 1130
1 344
0 240
1 1241
0 122
1 855
0 1898
1 1898
1 1898
0 1898
3 384
0 17
17 914
0 777
7 163
5 4713
9 4713
2 4713
414 4713
0 4713
11 4713
0 44
0 2150
11 2150
2 2150
6 2150
3 402
23 266
0 781
2 781
3 781
1 781
20 664
1 689
0 874
0 796
0 796
77 1464
1 1464
4 1464
0 548
0 382
19 233
2 663
8 257
7 506
3 1012
2 257
2 626
1 371
50 782
6 3816
0 3816
3 3816
4 3816
1 3816
9 3816
35 3816
0 340
0 1347
1 1347
1 149
0 554
1 364
9 364
15 295
55 435
0 695
4 1247
6 1247
3 423
0 914
0 265
2 631
1 631
1 186
0 518
12 171
30 511
1 431
1 2308
0 2308
5 2303
4 2303
3 145
1 145
6 145
1 467
5 518
1 405
7 318
1 423
1 324
1 389
26 8726
3 8726
188 8726
31 8726
194 8726
11 8726
197 8726
50 8726
5 8726
0 8726
15 8726
38 8726
23 8726
1 422
1 108
0 456
0 1036
1 1036
21 391
0 344
0 679
2 154
198 397
13 3066
7 3066
15 3066
3 1214
8 1214
18 1595
83 1595
18 764
0 457
0 368
0 376
3 209
2 209
1 1191
0 1191
0 592
7 378
9 141
0 389
0 446
1 264
0 526
0 1110
6366 12734
52 12734
0 12734
60 12734
73 12734
78 12734
6366 12734
37 12734
11 12734
381 12734
181 12734
181 12734
178 12734
186 12734
158 12734
535 12734
190 12734
301 12734
0 203
1 89
0 653
18 295
0 841
0 441
5 384
0 876
41 1264
120 1264
39 1264
0 404
0 1483
0 1110
4 590
4 590
6 264
0 107
10 1386
0 148
0 89
22 842
28 461
1 669
0 669
6 737
3 699
3 423
6 737
0 107
0 107
1 148
0 473
5 2629
3 2629
8 2629
2 2629
0 384
1 1589
2 1589
0 1589
3 113
0 2696
1 2696
3 2696
0 774
29 664
112 987
1 987
0 987
33 4344
10 4344
17 4344
16 4344
6 4344
11 4344
19 4344
3 222
4 626
18 1376
0 1376
7 1376
11 1376
0 558
0 680
6 680
4 234
6 177
7 177
1 384
2 441
32 441
3 376
0 1511
1 1511
3 522
1 522
0 169
1 737
32 664
3 479
0 2238
2 2238
6 2238
8 2238
18 1074
10 737
0 762
2 2517
35 788
0 2300
3 2300
1 762
0 618
0 183
3 270
5 558
0 252
21 295
11 1913
65 1913
4 656
9 656
1 656
1 240
0 423
115 764
1 373
4 446
1 357
3 423
4 632
3 590
0 562
15 456
0 9
293 587
0 562
15 1014
1 774
0 404
1 567
1 1407
1 594
1 690
0 690
0 250
1 127
0 295
2 2725
5 2725
3 2725
4 2725
0 2725
2 442
0 442
1 518
0 508
0 269
1 269
0 38
1 6094
11 6094
7 6094
6 6094
12 6094
3 1370
5 2737
6 2737
15 1409
18 526
4 465
1 339
2 960
0 960
26 382
0 295
0 404
0 431
1 1536
2 615
0 844
0 308
1 504
0 560
1 730
3 730
0 764
2 1701
11 240
15 283
2 596
4 392
1 2339
3 2339
0 303
0 461
20 563
25 438
0 122
10 980
4 980
9 845
1 665
5 378
1 352
3 889
4 889
0 189
0 431
0 751
4 526
1 1955
5 1955
0 1955
9 1955
3 1955
2 1955
65 9453
62 9453
64 9453
14 9453
15 9453
117 9453
5 9453
38 9453
13 9453
55 9453
37 9453
48 9453
45 9453
46 9453
34 9453
6 3604
52 3604
54 3604
1801 3604
24 3604
4 2982
10 2982
2 2982
7 2982
12 2982
2 1152
9 499
0 181
1 181
14 249
6 613
11 395
2 575
0 122
2 1114
0 1114
141 283
141 283
0 241
4 55
12 655
2 1887
1 1887
10 1887
3 7512
9 7512
7 7512
10 7512
56 7512
12 7512
2 7512
141 7512
30 7512
328 7512
40 7512
5 7512
18 7512
20 7512
169 7512
5 328
1 623
1 106
7 82
1 305
2 196
18 151
22 439
4 328
4 2031
2 4370
3 4370
5 4370
4 4370
0 4370
7 4370
6 4370
1 4370
2 340
0 360
1 269
0 413
18 887
2 187
3 187
4 534
2 1539
5 726
12 257
6 202
2 764
1 764
0 473
1 729
3 729
2 729
3 174
11 593
1 326
4 282
2 59
3 2849
38 2849
4 2849
24 2849
0 225
14 435
1 435
0 522
7 146
1 479
12 399
0 587
0 562
25 788
8 788
35 788
29 788
54 788
0 788
1 788
54 788
22 788
11 473
9 473
4 1528
1 1528
17 1904
12 1904
7 733
0 219
18 2417
4 2417
42 594
28 594
21 594
1 620
0 620
1 476
4 476
0 405
42 1695
1 91
3 91
0 1223
1 1223
3 1223
4 479
1 328
9 1879
1 1879
21 4834
20 4834
15 4834
0 4834
30 4834
19 4834
1 145
12 739
7 336
10 361
8 177
0 413
46 759
1 191
6 191
11 240
2 233
4 177
0 176
2 318
0 807
1 807
0 761
2 446
1 931
0 931
0 1074
42 812
12 287
10 764
2 1043
0 857
1 922
2 558
9 558
13 279
86 173
8 130
10 617
1 617
3 1707
2 1707
7 4275
6 4275
2 4275
5 4275
10 4275
1 1149
0 1149
3 1149
3 2971
2 2971
0 336
3 318
0 1026
0 92
1 92
0 311
0 161
1 774
6 127
0 379
1 400
1 428
2 381
1 562
1 497
2 393
0 279
0 323
10 395
8 223
0 362
18 509
0 2434
4 716
17 388
18 233
0 484
0 484
0 484
0 1075
3 1075
2 1075
13 1075
4 118
2 114
31 844
36 844
1 306
1 1742
2 1742
0 1742
2 441
0 655
27 764
0 509
1868 3737
0 3737
2 3737
1 3737
15 562
1090 2181
0 338
0 40
3 379
1 405
1 474
0 98
0 1143
12 368
9 699
1 343
9 126
0 1644
5 1644
0 767
4 767
105 767
9 20
31 310
3 354
1 61
3 297
87 727
12 395
0 1618
0 233
15 381
5 473
10 217
3 152
87 768
2 171
0 567
0 301
0 461
32 788
4 788
30 788
20 788
47 788
0 788
1 788
48 788
16 788
1 405
0 653
2 139
3 324
0 973
1 1386
0 633
21 664
5 1618
1 395
0 295
7 344
3 230
1109 2219
0 385
16 527
1 1926
2 1926
3 548
0 919
0 699
5 472
3 327
0 821
3 821
2 821
0 526
3 567
12 1012
9 1012
2 1012
2 562
48 739
4 266
10 227
0 241
5 635
2 391
5 177
5 407
7 435
26 535
20 527
1 371
2 371
1 240
0 57
36 297
1 262
1 361
24 1312
0 84
3 287
0 509
1 585
6 592
20 812
125 2339
12 290
0 948
1 948
0 448
38 973
6 360
1 389
74 1646
2 2101
1 2101
3 2101
4 2101
7 876
10 472
1 265
2 777
17 502
6 137
13 209
2 144
0 183
0 370
18 135
1 120
13 962
27 721
0 114
1 3218
2 1747
0 231
3 1110
0 153
0 290
2 397
6 325
11 319
11 382
21 5267
13 5267
9 5267
14 5267
65 5267
11 5267
55 5267
77 5267
3 5267
6 5267
8 5267
0 5267
20 5267
45 5267
7 1034
0 1034
3 2191
1 2191
10 247
10 247
26 1416
137 1027
1 319
0 1042
0 384
0 163
0 127
2 484
1 900
0 544
26 265
7 368
0 930
7 2416
5 2416
17 2416
29 919
2 407
0 382
0 247
0 233
2 1183
1 1183
0 1183
1 1185
0 382
0 340
0 3763
4 3763
0 177
1 477
0 141
0 242
0 295
1 295
2 395
32 615
2 308
1 1695
29 511
0 227
0 257
3 2339
1 395
0 359
0 761
4 257
0 176
4 336
0 195
1 365
1 240
1 230
5 196
7 338
5 1116
2 1116
3 1124
0 300
6 1623
39 906
1 57
0 188
0 1057
0 233
3 721
5 318
0 735
3 699
2 446
0 310
0 165
8 465
6 1130
121 679
0 392
13 348
0 1898
1 1898
2 472
1 950
0 950
5 950
0 191
2 1695
0 324
1 282
0 861
2 1695
21 360
0 960
5 388
2 1701
0 453
1 453
0 247
2 461
0 295
1 1042
10 549
12 319
3 1110
7 2517
0 866
1 866
7 141
1 387
5 48
0 1791
3 1791
3 511
4 275
6 286
0 423
1 191
7 950
4 509
0 861
0 364
7 364
0 378
0 3651
0 364
4 364
0 298
9 679
2 654
1 177
8 605
11 392
10 392
0 569
0 43
3 414
0 272
1 327
1 2050
0 2050
2 2050
0 617
2 927
13 1268
8 1268
10 1268
33 1413
5 157
9 317
14 790
87 790
0 812
24 1077
22 584
19 562
16 1360
2 1695
30 405
2 587
1 127
2 1592
0 1592
2 1719
0 1719
1 1719
0 548
1 548
1 195
4 352
0 1043
5 2703
4 2703
3 2703
1 2703
15 1165
10 395
1 1323
0 1323
2 1323
5 1323
3 1323
0 118
2 165
5 663
16 451
11 1536
2 1526
1 1526
4 1526
1 116
2 327
1 587
2 139
0 325
5 1288
2 116
7 240
0 217
355 712
7 1386
12 2339
1 2517
4 381
18 284
0 183
6 295
2 2517
17 2339
2 465
0 247
0 2517
0 55
2 281
1 247
15 1360
0 461
30 3761
0 590
2 594
16 378
11 1539
3 108
172 4338
139 1552
2 152
1 646
1 306
1 657
0 657
14 1042
40 421
1 1042
5 222
0 1034
0 270
0 1104
0 486
0 502
1 57
26 816
2 2365
16 1074
0 187
1 2236
2 2236
3 2236
4 2236
3 405
15 1110
8 497
10 222
0 120
0 151
1 1392
0 230
1 86
4 78
149 2339
0 9
0 1021
3 318
3 308
21 279
0 762
0 88
4 721
9 1027
0 500
0 89
3 86
12 159
9 733
23 725
0 276
1 497
3 1130
0 456
0 654
1 777
0 53
0 340
69 475
2 142
2 694
0 41
0 90
12 588
1 588
3 588
1 214
0 67
0 588
1 327
1 342
0 588
5 193
1 161
7 90
1 588
0 41
7 322
3 718
2 142
14 567
6 588
7 113
0 120
3 588
14 567
40 588
2 588
3 483
2 588
6 218
13 588
0 282
2 282
29 588
13 218
0 327
0 24
0 274
1 274
2 214
1 142
5 90
44 90
1 228
6 567
0 229
14 567
2 343
1 228
1 327
0 43
5 386
5 694
13 228
1 475
1 588
23 475
29 946
0 475
0 567
1 457
2 327
1 483
1 343
0 116
0 475
9 228
0 342
11 327
40 560
15 229
0 99
4 588
7 43
6 43
0 168
5 141
2 483
0 16
0 588
2 386
0 334
3 588
4 588
6 588
3 588
0 90
6 588
0 271
6 588
16 386
0 67
42 560
8 342
0 454
0 588
7 588
0 211
20 694
51 694
5 228
13 327
11 588
7 752
0 53
2 229
2 588
2 41
0 374
0 334
22 588
3 475
6 110
0 229
0 58
0 588
1 142
7 153
0 334
4 116
3 118
6 588
8 386
3 327
2 142
11 228
9 156
3 588
2 588
1 327
5 343
4 153
26 475
1 588
0 99
0 588
1 588
34 574
1 694
1 90
16 694
1 56
27 560
8 342
0 322
0 752
4 588
30 327
0 193
10 454
0 342
0 67
0 327
1 588
1 229
0 342
0 67
141 2673
0 211
2 483
0 327
3 228
4 33
8 962
1 1539
0 125
0 120
6 80
1 816
0 554
0 176
0 406
0 66
0 473
0 977
0 844
0 290
10 502
0 88
4 275
2 147
5 515
0 1205
0 1403
0 1695
19 605
4 605
3 1347
2 1347
6 1516
0 295
0 473
0 59
4 1021
7 788
113 228
0 1110
0 88
0 768
1 476
0 337
0 340
49 1695
4 127
0 308
1 378
0 241
1 452
0 284
2 1900
0 1900
1 3101
0 3101
0 6
4 218
17 664
0 158
0 423
1 951
3 951
0 623
0 399
3 1577
0 278
3 214
5 2150
0 2150
0 145
0 404
0 1074
4 336
0 362
4 594
0 216
0 439
2 527
1 1386
0 639
30 762
0 625
1 625
0 725
0 395
0 1036
2 1042
1 393
1 1539
1 368
3 1539
17 117
2 632
1 1042
1 518
3 567
0 452
0 1071
0 347
1 303
0 120
11 270
7 2237
3 2237
1 2237
0 2237
11 2237
0 233
196 1552
0 409
0 1230
2 1230
1 853
0 400
0 126
0 446
8 857
0 973
1 274
0 274
2 3390
29 3390
5 3390
3 3390
0 584
24 890
0 626
12 216
0 1346
0 247
13 287
8 79
0 196
16 191
94 7353
2 7353
78 7353
358 7353
166 7353
36 7353
264 7353
14 7353
4 7353
694 7353
7 7353
24 7353
1 7353
284 7353
6 7353
41 7353
0 141
1 2466
2 2466
0 2466
3 2466
1 1456
47 10604
42 10604
1 10604
12 10604
17 10604
2 10604
48 10604
129 10604
28 10604
73 10604
5 10604
21 10604
33 10604
18 10604
66 10604
105 10604
5 1655
2 1655
0 407
3 1162
9 1162
0 1162
6 1162
5 479
16 623
0 87
1 564
7 391
0 295
1 590
0 508
74 1695
0 47
29 788
25 788
30 788
32 788
27 788
2 788
3 788
24 788
33 788
1 230
0 739
0 436
2 1695
0 247
2 626
1 567
3 115
3 48
0 344
10 684
82 764
0 582
79 1072
3 1862
0 1862
2 369
13 876
1 625
0 233
1 937
0 937
17 937
0 230
1 421
0 272
0 218
2 812
17 826
0 919
2 887
1 1072
54 2339
3 958
2 958
3 1623
5 141
1 792
1 811
1 2330
0 2330
1 247
6 974
9 120
0 182
2 423
0 1967
0 30
2 384
0 549
18 1153
1 497
2 188
3 498
0 157
2 157
2 2339
2 950
1 57
0 135
0 473
0 962
0 448
0 163
0 414
6 1161
1 1161
2 1161
1 117
2 96
0 1403
0 1346
1 139
14 1110
0 473
3 318
0 318
1 700
0 162
3 1967
2 1539
0 1539
0 106
1 5662
2 5662
5 5662
10 5662
3 5662
8 1536
22 1536
5 625
18 2565
12 2565
11 2565
2 2565
13 2565
3 2565
13 1747
2 384
2 183
2 1249
0 1249
0 87
0 812
3 746
1 2128
0 2128
2 2128
0 473
0 67
2 124
15 178
0 764
2 379
1 2396
0 2396
2 2396
17 890
2 890
3 890
0 38
1 2407
3 2407
2 2407
8 2407
1 735
0 581
2 581
2 385
3 385
5 615
0 139
0 641
2 448
4 1064
0 1064
4 2225
2 89
0 941
0 89
0 1419
7 452
0 80
9 554
1 89
0 1294
17 1294
6 381
6 1948
2 1948
0 1948
1 1948
4 962
9 448
0 352
0 137
0 594
5 1708
0 1708
6 287
0 25
0 816
0 626
0 90
29 2339
0 1536
0 233
5 69
0 319
0 796
0 446
0 527
1 142
0 369
0 153
0 590
1 385
19 413
0 446
2 2395
0 2395
5 404
295 592
18 2163
25 2163
29 2163
4 55
18 191
1 2423
2 2423
0 2423
0 344
0 196
0 452
21 1403
1 1205
2 1205
3 1014
0 294
2 448
3 86
0 395
2 844
0 844
1 303
1 1360
0 812
0 107
0 562
0 479
5 467
1 1733
28 1733
7 1733
0 80
1 739
0 446
123 247
0 389
0 733
3 215
2 295
1 431
0 175
0 130
1 187
4 135
0 284
6 371
12 330
2 1724
0 1724
1 1724
3 549
0 919
42 1139
1 896
0 896
0 437
0 103
0 264
2 261
0 264
0 648
7 1577
1 1501
3 1501
2 1501
26 617
2 1618
0 285
3 504
0 115
1 48
0 247
0 737
0 223
0 509
0 311
2 594
2 477
0 345
1 733
2 789
1 789
0 605
5 1747
0 347
0 1511
1 1511
0 362
1 147
0 307
2 139
1 139
0 382
15 1766
22 788
2 788
6 788
4 788
9 788
0 788
1 788
17 788
3 788
2 694
0 694
5 307
1 174
2 371
2 1077
0 537
5 178
0 103
1 290
1 3159
2 3159
0 3159
1 1331
24 50
0 716
0 508
18 1909
21 1909
17 1909
0 1618
0 1618
0 384
0 384
0 102
0 94
0 585
0 474
40 535
0 261
0 295
0 169
0 148
6 183
4 876
1 733
10 1787
3 1787
0 1787
10 617
0 1553
2 1553
0 504
2 343
1 632
0 127
3 504
1 1083
2 65
21 1144
0 178
8 172
12 240
32 431
4 919
1 498
0 1618
4 1475
13 368
3 26
1 1965
7 1965
6 1965
4 1965
0 1965
18 1965
1 125
0 175
4 55
3 379
0 229
0 229
0 230
1 1042
0 344
1 323
1 746
12 876
2 479
11 406
2 504
4 171
15 575
6 764
5 1913
1 1913
1 1057
2 269
0 173
1 344
0 772
0 242
1 1695
3 1695
0 382
3 764
0 175
0 94
1 811
0 394
0 1287
0 176
8 139
0 310
0 360
4 230
1 811
0 381
1 1129
3 1129
2 1129
2 638
0 1071
7 1410
1 1410
0 1410
1 811
0 497
4 37
0 285
0 305
2 256
0 360
12 233
7 623
2 1061
2 260
0 452
0 563
3 592
5 144
3 327
0 617
0 337
0 362
394 5976
61 5976
2 5976
125 5976
147 5976
0 5976
122 5976
52 5976
16 5976
12 1075
1 379
11 661
0 162
0 2517
8 431
0 100
1 1386
9 850
1 511
1 405
0 1102
1 1102
0 370
0 196
1 361
7 841
0 698
0 124
0 290
6 218
2 439
10 229
0 349
1 89
0 360
7 333
9 333
0 526
0 122
0 412
0 196
1 874
0 247
0 896
1 338
2 338
1 142
23 1779
153 1779
6 1779
155 1779
1 1238
13 876
4 1853
8 1853
6 1853
6 592
1 564
0 173
0 1539
0 158
0 812
4 584
0 328
4 262
0 816
0 99
6 796
3 404
3 146
0 345
5 464
3 228
8 274
459 919
0 502
0 1110
2 122
4 446
10 518
0 141
2 585
0 561
1 2808
0 1357
158 1416
0 204
1 100
281 563
0 564
0 473
36 1110
0 339
163 327
4 308
7 295
0 587
0 777
0 558
1 149
13 209
1 279
1 962
2 3095
5 3095
3 3095
13 1617
1 1617
2 1617
0 1617
0 318
0 327
3 1767
14 1767
0 1767
2 1767
1 240
0 1071
0 522
0 1618
1 465
0 465
1 465
