0 384
0 375
0 392
0 576
1 576
3 776
1 776
0 511
23 2287
10 2287
9 745
2 745
7 914
1 338
0 448
1 691
0 691
0 183
0 914
20 1155
41 1155
149 1155
4 1155
6 1155
4 1370
8 1623
0 7389
18 7389
14 7389
10 7389
35 7389
9 7389
43 7389
7 7389
34 7389
8 7389
519 7389
0 2339
2 615
3 1288
0 176
6 1265
14 1265
9 1265
1 150
0 79
0 1983
1 1983
7 1983
11 1983
3 269
12 397
1 1208
0 1208
9 1208
23 1474
3 240
0 448
0 558
1 1113
0 1113
0 79
4 305
0 400
2 388
4 590
0 1483
4 152
3 152
0 796
38 1536
0 805
0 276
0 328
1 1267
2 1267
6 1267
15 1267
0 1267
3 522
3 198
5 1013
4 1013
3 152
0 1303
2 1008
0 1008
3 327
0 562
5 737
5 737
4 264
1 175
0 44
0 89
5 1913
2 1913
1 1539
0 973
0 855
0 301
30 7645
76 7645
0 7645
21 7645
121 7645
5 7645
2 7645
4 7645
6 7645
31 7645
37 7645
12 7645
16 7645
14 7645
28 7645
15 7645
33 7645
27 7645
130 7645
39 7645
463 9306
9 9306
50 9306
6 9306
4 9306
66 9306
0 9306
2 9306
5 9306
242 9306
31 9306
3 9306
45 9306
134 9306
1 9306
68 9306
46 9306
30 9306
6 3760
81 3760
1 3760
0 3760
5 3760
9 3760
7 3760
2 3760
4 689
5 295
4 1454
0 1454
1 1454
10 1454
1 626
0 203
0 405
1 794
0 794
0 844
85 657
0 1110
1 150
0 1071
0 812
0 812
0 422
4 896
0 395
3 2339
0 135
2 324
5 721
3 79
3 204
1 811
1 368
0 380
0 380
4 384
3 152
0 98
9 68
7 446
1 777
6 777
2 884
18 884
0 1514
38 876
8 348
0 169
2 663
0 663
1 303
0 240
0 441
14 1474
0 733
6 1077
0 404
0 973
0 138
4 1618
8 567
12 876
0 176
0 2150
23 2150
10 876
6 311
8 1597
3 1597
6 1597
0 1597
1 618
0 98
0 184
1 776
0 776
0 497
6 57
0 392
0 670
5 670
2 392
0 511
1 247
0 876
1 344
2 965
8 1539
0 509
4 215
6 176
4 215
4 215
4 1386
1 283
1 764
0 465
0 792
17 10782
6 10782
8 10782
21 10782
23 10782
38 10782
12 10782
45 10782
27 10782
39 10782
31 10782
89 10782
3 10782
9 10782
14 10782
16 10782
73 10782
20 10782
33 10782
19 10782
10 10782
11 10782
40 10782
0 10782
31 10782
30 10782
0 224
18 767
2 144
49 540
0 2510
5 2510
41 269
6 269
0 1269
1 1269
1 919
1 782
0 448
1 931
0 931
2 247
1 89
2 2038
4 2038
3 2038
0 446
1 737
0 1898
1 1898
12 584
10 1360
4 2257
8 2257
1 1695
0 2339
3 1072
1 746
1 746
1 2150
3 2150
14 3410
1 3410
3 3410
2 746
1 2150
5 2150
3 764
1 746
0 456
8 590
6 2449
0 2449
21 191
1 777
7 266
1 1027
4 976
54 976
17 3000
4 3000
33 3000
95 3000
26 3000
10 3000
2 202
1 456
1 777
1 381
2 295
1 186
8 441
0 94
11 68
0 287
0 240
70 142
1 240
6 655
1 1197
7 2831
5 2831
3 2831
0 2831
1 1331
0 4210
1 4210
93 4210
4 4210
9 4210
32 4210
46 4210
6 4210
3 4210
7 4210
87 4210
3 20
2 209
0 677
1 677
2 1547
0 1547
0 888
1 888
0 344
4 413
6 1012
3 1012
15 1012
0 269
0 467
1 504
13 1110
1 585
0 2128
6 2128
4 2128
2 960
0 1483
8 1536
3 1536
1 1110
4 1069
2 1069
0 1069
1 1014
59 811
0 1110
0 423
0 93
4 183
0 384
0 724
4 2375
3 2375
6 2375
0 178
18 788
2 788
6 788
5 788
23 788
0 788
1 788
16 788
3 788
1 203
5 226
0 4949
7 4949
2 4949
23 4949
45 4949
31 4949
12 4949
0 120
84 2150
0 2150
5 2150
0 653
3 689
14 2955
11 2955
8 2955
13 2955
12 2955
0 2955
9 2955
2 1695
1 439
1 439
0 225
1 2163
2 2163
78 13875
3 13875
30 13875
45 13875
58 13875
55 13875
5 13875
1 13875
95 13875
20 13875
1948 13875
106 13875
40 13875
8 13875
4 2339
3 222
0 150
4 1164
8 1164
5 1164
1 2347
0 2347
4 2347
2 2347
0 633
0 384
19 3126
32 3126
5 3126
8 3126
14 3126
28 3126
16 3126
4 1078
0 1078
5 1078
0 267
0 1926
25 526
1 812
11 858
14 5657
23 5657
6 5657
13 5657
0 5657
9 5657
61 5657
43 5657
1 1042
0 423
0 218
11 172
46 1307
74 1021
1 384
0 400
2 240
1 247
1 176
0 247
1 124
0 618
0 247
6 1708
14 1708
16 1708
10 1708
0 762
1 762
3 152
7 371
0 264
1 442
0 442
0 389
90 5642
10 5642
82 5642
282 5642
50 5642
22 5642
2 5642
1 416
0 223
0 86
17 543
2 1403
1 1403
0 679
1 2517
0 87
22 689
9 336
0 89
1 153
14 1403
0 1963
8 1963
6 2002
9 2002
2 2002
2 147
0 147
13 163
3 264
1 1539
8 264
3 590
0 181
22 241
2 465
73 764
112 764
13 764
9 295
0 1652
2 1652
0 1967
0 86
0 1110
2 1183
1 1183
0 1183
0 876
0 389
0 1124
1 1124
7 1014
0 961
3 961
6 961
0 526
0 359
31 1130
0 257
2 1386
13 842
23 1042
0 257
6 2403
53 2403
7 2403
0 106
0 375
18 617
0 270
0 270
1 340
7 327
0 380
1 518
0 587
1 587
0 384
0 424
0 264
8 699
5 1317
0 1317
1 1317
2 120
6 594
0 538
0 603
7 1130
1 344
0 240
1 1241
0 122
0 855
0 1898
1 1898
1 1898
0 1898
1 384
1 17
4 914
0 777
6 163
7 4713
14 4713
1 4713
354 4713
0 4713
10 4713
0 44
1 2150
10 2150
3 2150
9 2150
1 402
19 266
0 781
3 781
4 781
1 781
16 664
0 689
0 874
0 796
0 796
79 1464
1 1464
4 1464
0 548
0 382
4 233
2 663
9 257
7 506
2 1012
1 257
2 626
0 371
58 782
8 3816
0 3816
3 3816
5 3816
2 3816
6 3816
39 3816
0 340
0 1347
1 1347
1 149
0 554
2 364
11 364
17 295
38 435
0 695
4 1247
6 1247
3 423
0 914
0 265
3 631
1 631
0 186
0 518
7 171
29 511
1 431
1 2308
0 2308
4 2303
0 2303
3 145
1 145
7 145
1 467
6 518
1 405
7 318
1 423
1 324
1 389
30 8726
5 8726
177 8726
25 8726
199 8726
11 8726
227 8726
45 8726
3 8726
1 8726
23 8726
37 8726
26 8726
3 422
2 108
0 456
0 1036
1 1036
20 391
0 344
0 679
3 154
198 397
14 3066
8 3066
13 3066
2 1214
13 1214
13 1595
82 1595
13 764
0 457
0 368
0 376
3 209
2 209
2 1191
0 1191
0 592
6 378
8 141
0 389
0 446
1 264
0 526
2 1110
1413 12734
51 12734
0 12734
70 12734
83 12734
85 12734
1638 12734
32 12734
12 12734
400 12734
150 12734
150 12734
166 12734
168 12734
126 12734
333 12734
199 12734
289 12734
0 203
0 89
0 653
16 295
0 841
0 441
3 384
0 876
37 1264
143 1264
67 1264
0 404
0 1483
0 1110
4 590
4 590
4 264
0 107
8 1386
0 148
0 89
16 842
27 461
1 669
0 669
8 737
4 699
3 423
4 737
0 107
0 107
1 148
0 473
4 2629
29 2629
8 2629
1 2629
0 384
1 1589
2 1589
0 1589
4 113
0 2696
1 2696
4 2696
0 774
15 664
107 987
1 987
0 987
37 4344
9 4344
28 4344
23 4344
8 4344
12 4344
19 4344
3 222
3 626
17 1376
0 1376
4 1376
8 1376
0 558
0 680
6 680
2 234
4 177
7 177
1 384
1 441
27 441
4 376
0 1511
3 1511
2 522
1 522
0 169
0 737
14 664
3 479
0 2238
1 2238
13 2238
9 2238
16 1074
7 737
0 762
1 2517
36 788
0 2300
3 2300
2 762
0 618
0 183
0 270
5 558
0 252
19 295
26 1913
72 1913
5 656
9 656
1 656
1 240
0 423
107 764
0 373
5 446
1 357
3 423
5 632
2 590
0 562
17 456
0 9
293 587
0 562
11 1014
2 774
0 404
1 567
1 1407
2 594
1 690
0 690
0 250
1 127
0 295
2 2725
5 2725
3 2725
4 2725
1 2725
2 442
0 442
1 518
0 508
0 269
1 269
0 38
2 6094
16 6094
15 6094
14 6094
37 6094
3 1370
2 2737
37 2737
23 1409
17 526
4 465
1 339
2 960
0 960
23 382
0 295
0 404
0 431
3 1536
2 615
0 844
1 308
1 504
0 560
1 730
3 730
1 764
2 1701
2 240
17 283
0 596
1 392
1 2339
4 2339
0 303
0 461
13 563
26 438
0 122
10 980
5 980
9 845
0 665
5 378
2 352
1 889
8 889
0 189
0 431
0 751
5 526
1 1955
6 1955
0 1955
10 1955
4 1955
2 1955
95 9453
94 9453
77 9453
24 9453
21 9453
138 9453
6 9453
42 9453
22 9453
81 9453
65 9453
62 9453
45 9453
74 9453
40 9453
10 3604
60 3604
63 3604
1801 3604
28 3604
4 2982
10 2982
1 2982
6 2982
18 2982
2 1152
5 499
0 181
1 181
13 249
4 613
11 395
4 575
0 122
3 1114
0 1114
38 283
141 283
0 241
4 55
11 655
5 1887
6 1887
26 1887
3 7512
9 7512
8 7512
12 7512
60 7512
13 7512
2 7512
129 7512
114 7512
229 7512
37 7512
4 7512
15 7512
172 7512
157 7512
5 328
3 623
3 106
7 82
2 305
1 196
17 151
23 439
4 328
6 2031
6 4370
5 4370
10 4370
7 4370
2 4370
9 4370
11 4370
3 4370
2 340
0 360
1 269
0 413
16 887
2 187
3 187
3 534
2 1539
9 726
14 257
5 202
1 764
2 764
0 473
1 729
3 729
2 729
2 174
8 593
1 326
6 282
3 59
1 2849
47 2849
6 2849
33 2849
0 225
12 435
3 435
0 522
6 146
0 479
10 399
0 587
0 562
30 788
12 788
42 788
34 788
41 788
0 788
2 788
61 788
27 788
11 473
14 473
7 1528
1 1528
27 1904
20 1904
8 733
0 219
11 2417
2 2417
45 594
28 594
27 594
1 620
0 620
0 476
6 476
0 405
29 1695
0 91
6 91
0 1223
1 1223
3 1223
4 479
1 328
14 1879
2 1879
12 4834
26 4834
14 4834
0 4834
31 4834
15 4834
1 145
18 739
6 336
8 361
10 177
0 413
36 759
1 191
5 191
16 240
2 233
5 177
0 176
2 318
1 807
6 807
0 761
2 446
1 931
0 931
0 1074
34 812
12 287
11 764
1 1043
0 857
1 922
2 558
10 558
19 279
34 173
7 130
12 617
3 617
3 1707
2 1707
11 4275
6 4275
2 4275
5 4275
15 4275
1 1149
0 1149
4 1149
2 2971
1 2971
1 336
2 318
0 1026
0 92
1 92
0 311
0 161
2 774
5 127
0 379
1 400
1 428
4 381
0 562
0 497
1 393
3 279
0 323
12 395
14 223
0 362
19 509
0 2434
4 716
8 388
17 233
0 484
0 484
0 484
0 1075
1 1075
3 1075
2 1075
5 118
2 114
30 844
37 844
2 306
1 1742
3 1742
0 1742
2 441
0 655
45 764
2 509
1868 3737
0 3737
2 3737
1 3737
14 562
1090 2181
0 338
0 40
4 379
1 405
1 474
0 98
1 1143
12 368
10 699
1 343
13 126
0 1644
2 1644
1 767
4 767
65 767
7 20
16 310
4 354
0 61
4 297
78 727
8 395
0 1618
1 233
6 381
8 473
8 217
3 152
84 768
6 171
0 567
0 301
0 461
40 788
4 788
29 788
19 788
42 788
0 788
1 788
36 788
18 788
1 405
0 653
3 139
3 324
0 973
2 1386
0 633
20 664
5 1618
0 395
0 295
6 344
3 230
1109 2219
0 385
17 527
2 1926
1 1926
2 548
0 919
0 699
3 472
3 327
0 821
2 821
3 821
0 526
3 567
13 1012
8 1012
3 1012
3 562
53 739
2 266
11 227
0 241
7 635
2 391
6 177
6 407
7 435
23 535
21 527
1 371
1 371
1 240
0 57
32 297
0 262
1 361
20 1312
0 84
1 287
0 509
1 585
12 592
39 812
93 2339
13 290
0 948
1 948
0 448
38 973
5 360
1 389
70 1646
2 2101
0 2101
3 2101
5 2101
6 876
9 472
2 265
3 777
20 502
9 137
18 209
2 144
0 183
0 370
18 135
1 120
16 962
11 721
0 114
2 3218
2 1747
0 231
1 1110
0 153
0 290
0 397
9 325
18 319
10 382
24 5267
15 5267
10 5267
11 5267
71 5267
18 5267
61 5267
82 5267
5 5267
7 5267
8 5267
1 5267
21 5267
49 5267
9 1034
0 1034
6 2191
1 2191
9 247
10 247
34 1416
165 1027
1 319
0 1042
3 384
0 163
0 127
1 484
1 900
0 544
17 265
3 368
0 930
12 2416
9 2416
15 2416
36 919
1 407
0 382
0 247
0 233
2 1183
1 1183
0 1183
1 1185
0 382
0 340
0 3763
9 3763
0 177
1 477
0 141
0 242
1 295
2 295
3 395
23 615
3 308
0 1695
22 511
1 227
0 257
2 2339
1 395
0 359
0 761
4 257
0 176
4 336
0 195
1 365
0 240
1 230
7 196
7 338
4 1116
3 1116
5 1124
0 300
5 1623
45 906
0 57
0 188
0 1057
0 233
2 721
4 318
0 735
3 699
2 446
0 310
0 165
12 465
10 1130
71 679
1 392
11 348
0 1898
1 1898
2 472
1 950
0 950
5 950
0 191
3 1695
0 324
0 282
0 861
2 1695
22 360
0 960
6 388
1 1701
0 453
1 453
0 247
3 461
0 295
0 1042
12 549
16 319
5 1110
6 2517
1 866
4 866
12 141
2 387
5 48
0 1791
3 1791
3 511
4 275
6 286
0 423
0 191
9 950
0 509
0 861
0 364
10 364
0 378
1 3651
0 364
5 364
0 298
9 679
2 654
0 177
8 605
11 392
10 392
0 569
0 43
7 414
0 272
4 327
1 2050
2 2050
0 2050
0 617
2 927
18 1268
11 1268
16 1268
31 1413
5 157
10 317
14 790
81 790
0 812
20 1077
23 584
27 562
10 1360
3 1695
26 405
1 587
0 127
2 1592
0 1592
2 1719
0 1719
1 1719
0 548
2 548
1 195
5 352
0 1043
6 2703
4 2703
3 2703
2 2703
11 1165
11 395
1 1323
0 1323
2 1323
5 1323
3 1323
0 118
4 165
8 663
9 451
10 1536
0 1526
1 1526
4 1526
2 116
14 327
1 587
2 139
1 325
14 1288
1 116
4 240
0 217
355 712
7 1386
4 2339
3 2517
5 381
18 284
0 183
10 295
1 2517
26 2339
1 465
0 247
0 2517
0 55
0 281
1 247
13 1360
0 461
41 3761
0 590
2 594
19 378
10 1539
3 108
197 4338
158 1552
2 152
5 646
2 306
0 657
1 657
11 1042
42 421
1 1042
5 222
0 1034
0 270
0 1104
1 486
0 502
0 57
15 816
4 2365
17 1074
0 187
1 2236
2 2236
3 2236
4 2236
1 405
24 1110
3 497
11 222
0 120
0 151
1 1392
0 230
1 86
3 78
148 2339
0 9
1 1021
3 318
3 308
28 279
0 762
0 88
5 721
18 1027
0 500
0 89
3 86
11 159
7 733
21 725
0 276
1 497
3 1130
0 456
0 654
1 777
0 53
0 340
55 475
2 142
1 694
0 41
0 90
7 588
1 588
3 588
0 214
0 67
0 588
1 327
1 342
0 588
3 193
1 161
6 90
1 588
0 41
1 322
3 718
1 142
13 567
4 588
3 113
0 120
3 588
20 567
47 588
1 588
3 483
1 588
3 218
11 588
0 282
0 282
12 588
11 218
0 327
1 24
0 274
2 274
2 214
1 142
1 90
44 90
1 228
6 567
0 229
12 567
2 343
1 228
1 327
0 43
4 386
4 694
10 228
1 475
0 588
19 475
29 946
0 475
0 567
2 457
1 327
2 483
3 343
0 116
0 475
10 228
0 342
4 327
39 560
20 229
0 99
2 588
7 43
6 43
0 168
6 141
2 483
0 16
3 588
1 386
0 334
2 588
3 588
7 588
3 588
0 90
7 588
0 271
5 588
8 386
0 67
44 560
9 342
0 454
1 588
7 588
1 211
16 694
39 694
9 228
14 327
3 588
5 752
0 53
2 229
2 588
2 41
0 374
0 334
23 588
2 475
7 110
0 229
0 58
0 588
0 142
6 153
0 334
5 116
5 118
5 588
5 386
3 327
1 142
15 228
10 156
3 588
1 588
1 327
2 343
2 153
24 475
2 588
0 99
0 588
3 588
34 574
0 694
1 90
13 694
2 56
30 560
3 342
0 322
0 752
3 588
33 327
0 193
10 454
0 342
0 67
0 327
0 588
1 229
0 342
0 67
162 2673
0 211
3 483
0 327
1 228
4 33
6 962
1 1539
0 125
0 120
6 80
1 816
0 554
1 176
0 406
0 66
1 473
0 977
0 844
0 290
12 502
0 88
2 275
1 147
6 515
0 1205
0 1403
0 1695
18 605
5 605
3 1347
2 1347
3 1516
0 295
0 473
0 59
3 1021
9 788
113 228
0 1110
0 88
0 768
1 476
0 337
0 340
50 1695
0 127
0 308
1 378
0 241
4 452
0 284
2 1900
0 1900
1 3101
0 3101
0 6
4 218
11 664
0 158
0 423
1 951
2 951
0 623
0 399
3 1577
0 278
1 214
4 2150
0 2150
0 145
0 404
0 1074
4 336
0 362
4 594
0 216
0 439
2 527
1 1386
0 639
28 762
0 625
1 625
0 725
0 395
0 1036
0 1042
0 393
2 1539
1 368
2 1539
16 117
1 632
1 1042
1 518
3 567
0 452
0 1071
0 347
1 303
0 120
3 270
8 2237
3 2237
1 2237
0 2237
10 2237
0 233
235 1552
0 409
0 1230
2 1230
0 853
1 400
0 126
0 446
12 857
0 973
0 274
1 274
2 3390
32 3390
6 3390
3 3390
0 584
33 890
0 626
7 216
0 1346
0 247
10 287
5 79
0 196
16 191
253 7353
2 7353
89 7353
631 7353
145 7353
35 7353
285 7353
11 7353
3 7353
735 7353
7 7353
24 7353
1 7353
266 7353
5 7353
40 7353
0 141
1 2466
3 2466
0 2466
5 2466
1 1456
38 10604
78 10604
0 10604
19 10604
32 10604
2 10604
65 10604
134 10604
22 10604
62 10604
6 10604
85 10604
45 10604
37 10604
67 10604
105 10604
6 1655
4 1655
0 407
4 1162
11 1162
2 1162
7 1162
4 479
15 623
0 87
1 564
7 391
0 295
1 590
0 508
55 1695
1 47
36 788
23 788
32 788
30 788
33 788
1 788
3 788
25 788
26 788
1 230
0 739
0 436
2 1695
0 247
3 626
1 567
3 115
3 48
0 344
18 684
79 764
1 582
78 1072
4 1862
0 1862
0 369
11 876
1 625
0 233
2 937
0 937
17 937
0 230
2 421
0 272
0 218
2 812
17 826
0 919
4 887
1 1072
63 2339
3 958
1 958
3 1623
1 141
0 792
1 811
1 2330
0 2330
1 247
4 974
8 120
0 182
3 423
0 1967
0 30
1 384
1 549
14 1153
1 497
2 188
2 498
0 157
2 157
2 2339
2 950
1 57
0 135
0 473
0 962
0 448
0 163
0 414
8 1161
1 1161
2 1161
1 117
2 96
0 1403
0 1346
1 139
13 1110
0 473
4 318
0 318
1 700
0 162
5 1967
2 1539
0 1539
0 106
2 5662
8 5662
10 5662
9 5662
11 5662
8 1536
18 1536
5 625
17 2565
8 2565
5 2565
0 2565
11 2565
1 2565
12 1747
1 384
2 183
2 1249
0 1249
0 87
0 812
3 746
1 2128
0 2128
2 2128
0 473
0 67
2 124
21 178
0 764
2 379
2 2396
0 2396
1 2396
16 890
1 890
3 890
0 38
0 2407
3 2407
2 2407
7 2407
1 735
0 581
3 581
2 385
3 385
3 615
0 139
0 641
0 448
5 1064
0 1064
4 2225
0 89
0 941
0 89
0 1419
6 452
0 80
12 554
1 89
0 1294
17 1294
7 381
7 1948
1 1948
2 1948
0 1948
3 962
7 448
0 352
0 137
0 594
6 1708
0 1708
7 287
0 25
0 816
0 626
0 90
25 2339
0 1536
0 233
4 69
0 319
0 796
0 446
0 527
1 142
0 369
0 153
2 590
1 385
19 413
3 446
2 2395
0 2395
4 404
295 592
13 2163
20 2163
27 2163
4 55
22 191
1 2423
2 2423
0 2423
0 344
0 196
0 452
26 1403
1 1205
2 1205
3 1014
0 294
0 448
2 86
0 395
2 844
0 844
1 303
1 1360
0 812
0 107
0 562
2 479
5 467
2 1733
26 1733
7 1733
0 80
0 739
0 446
123 247
0 389
0 733
2 215
2 295
1 431
0 175
0 130
1 187
5 135
0 284
6 371
6 330
2 1724
0 1724
1 1724
2 549
0 919
58 1139
1 896
0 896
1 437
0 103
0 264
2 261
0 264
0 648
6 1577
1 1501
3 1501
2 1501
23 617
2 1618
0 285
2 504
0 115
1 48
0 247
0 737
0 223
0 509
0 311
7 594
2 477
0 345
1 733
2 789
1 789
0 605
5 1747
0 347
0 1511
1 1511
0 362
1 147
0 307
2 139
1 139
0 382
7 1766
25 788
2 788
6 788
5 788
15 788
0 788
1 788
16 788
4 788
2 694
0 694
4 307
1 174
2 371
1 1077
0 537
8 178
0 103
1 290
1 3159
2 3159
0 3159
0 1331
24 50
0 716
0 508
13 1909
16 1909
10 1909
0 1618
0 1618
0 384
0 384
0 102
0 94
1 585
0 474
41 535
0 261
0 295
0 169
0 148
5 183
4 876
1 733
10 1787
3 1787
0 1787
11 617
0 1553
2 1553
1 504
2 343
1 632
0 127
2 504
1 1083
1 65
33 1144
0 178
3 172
16 240
29 431
1 919
2 498
0 1618
12 1475
12 368
3 26
3 1965
11 1965
8 1965
10 1965
2 1965
34 1965
1 125
0 175
4 55
4 379
0 229
0 229
0 230
1 1042
0 344
1 323
1 746
11 876
3 479
7 406
2 504
5 171
23 575
3 764
4 1913
2 1913
1 1057
2 269
0 173
0 344
0 772
0 242
1 1695
2 1695
0 382
2 764
0 175
0 94
1 811
0 394
0 1287
0 176
4 139
0 310
0 360
5 230
1 811
1 381
1 1129
4 1129
2 1129
3 638
0 1071
5 1410
0 1410
1 1410
1 811
0 497
4 37
0 285
0 305
3 256
0 360
7 233
4 623
1 1061
1 260
0 452
0 563
2 592
7 144
6 327
0 617
0 337
0 362
586 5976
46 5976
2 5976
118 5976
161 5976
0 5976
112 5976
43 5976
15 5976
10 1075
1 379
13 661
0 162
0 2517
10 431
0 100
1 1386
11 850
2 511
1 405
0 1102
1 1102
0 370
3 196
1 361
7 841
0 698
0 124
0 290
5 218
1 439
8 229
0 349
0 89
0 360
6 333
6 333
0 526
0 122
0 412
0 196
0 874
0 247
0 896
1 338
2 338
2 142
20 1779
148 1779
7 1779
156 1779
1 1238
12 876
6 1853
10 1853
7 1853
4 592
0 564
1 173
0 1539
0 158
0 812
5 584
1 328
5 262
0 816
0 99
8 796
1 404
1 146
0 345
5 464
2 228
13 274
459 919
0 502
0 1110
2 122
2 446
9 518
0 141
2 585
0 561
1 2808
0 1357
132 1416
0 204
1 100
66 563
0 564
0 473
38 1110
0 339
163 327
4 308
7 295
0 587
0 777
0 558
0 149
12 209
1 279
2 962
2 3095
6 3095
5 3095
13 1617
3 1617
1 1617
0 1617
0 318
0 327
3 1767
15 1767
1 1767
2 1767
1 240
0 1071
0 522
0 1618
1 465
0 465
1 465
