0 384
0 375
1 392
1 576
0 576
7 776
2 776
0 511
22 2287
9 2287
9 745
4 745
8 914
1 338
2 448
1 691
0 691
0 183
0 914
17 1155
35 1155
143 1155
4 1155
6 1155
4 1370
7 1623
0 7389
31 7389
16 7389
9 7389
20 7389
6 7389
49 7389
5 7389
30 7389
13 7389
151 7389
0 2339
2 615
3 1288
0 176
8 1265
16 1265
6 1265
2 150
0 79
0 1983
1 1983
5 1983
8 1983
2 269
15 397
1 1208
0 1208
6 1208
20 1474
3 240
1 448
0 558
1 1113
0 1113
0 79
5 305
1 400
2 388
4 590
0 1483
4 152
3 152
0 796
22 1536
0 805
0 276
0 328
1 1267
2 1267
7 1267
15 1267
0 1267
3 522
4 198
5 1013
4 1013
3 152
0 1303
2 1008
0 1008
4 327
0 562
6 737
5 737
4 264
1 175
0 44
0 89
4 1913
1 1913
0 1539
0 973
1 855
0 301
31 7645
63 7645
0 7645
20 7645
111 7645
5 7645
2 7645
4 7645
6 7645
30 7645
33 7645
8 7645
18 7645
14 7645
25 7645
15 7645
32 7645
23 7645
113 7645
29 7645
470 9306
7 9306
49 9306
8 9306
4 9306
65 9306
0 9306
2 9306
5 9306
231 9306
29 9306
3 9306
40 9306
132 9306
1 9306
78 9306
52 9306
25 9306
6 3760
86 3760
1 3760
0 3760
3 3760
9 3760
8 3760
2 3760
3 689
5 295
13 1454
0 1454
1 1454
12 1454
1 626
0 203
0 405
1 794
0 794
0 844
104 657
0 1110
2 150
0 1071
0 812
0 812
0 422
3 896
0 395
3 2339
0 135
2 324
2 721
4 79
3 204
1 811
1 368
0 380
0 380
4 384
3 152
0 98
9 68
3 446
1 777
5 777
1 884
8 884
0 1514
39 876
8 348
0 169
2 663
0 663
1 303
0 240
0 441
9 1474
0 733
8 1077
0 404
0 973
0 138
4 1618
7 567
13 876
0 176
0 2150
24 2150
11 876
5 311
8 1597
2 1597
6 1597
0 1597
1 618
0 98
0 184
3 776
0 776
0 497
6 57
1 392
0 670
4 670
5 392
0 511
1 247
0 876
1 344
2 965
9 1539
0 509
4 215
6 176
4 215
4 215
4 1386
1 283
1 764
0 465
0 792
17 10782
4 10782
9 10782
20 10782
19 10782
35 10782
11 10782
42 10782
25 10782
39 10782
31 10782
96 10782
2 10782
10 10782
14 10782
15 10782
72 10782
21 10782
34 10782
18 10782
8 10782
12 10782
32 10782
0 10782
31 10782
26 10782
0 224
17 767
2 144
47 540
1 2510
3 2510
46 269
5 269
0 1269
1 1269
2 919
1 782
1 448
1 931
0 931
2 247
3 89
3 2038
2 2038
4 2038
0 446
2 737
0 1898
1 1898
15 584
10 1360
4 2257
5 2257
1 1695
0 2339
3 1072
1 746
1 746
1 2150
3 2150
17 3410
1 3410
3 3410
2 746
1 2150
7 2150
4 764
1 746
0 456
9 590
8 2449
0 2449
22 191
1 777
8 266
1 1027
3 976
27 976
19 3000
5 3000
25 3000
116 3000
14 3000
10 3000
2 202
1 456
1 777
3 381
0 295
1 186
15 441
0 94
11 68
0 287
0 240
70 142
1 240
6 655
1 1197
7 2831
6 2831
4 2831
0 2831
1 1331
0 4210
1 4210
75 4210
3 4210
10 4210
35 4210
39 4210
6 4210
4 4210
8 4210
91 4210
3 20
2 209
0 677
1 677
4 1547
1 1547
0 888
1 888
0 344
4 413
14 1012
2 1012
17 1012
0 269
0 467
1 504
21 1110
0 585
0 2128
6 2128
4 2128
2 960
0 1483
14 1536
3 1536
1 1110
3 1069
2 1069
0 1069
1 1014
59 811
0 1110
0 423
0 93
3 183
0 384
0 724
4 2375
1 2375
5 2375
0 178
19 788
3 788
7 788
5 788
34 788
0 788
1 788
16 788
4 788
1 203
4 226
0 4949
7 4949
2 4949
24 4949
43 4949
28 4949
9 4949
0 120
67 2150
0 2150
5 2150
0 653
3 689
13 2955
10 2955
9 2955
14 2955
12 2955
0 2955
8 2955
2 1695
0 439
1 439
0 225
1 2163
2 2163
74 13875
3 13875
24 13875
42 13875
53 13875
49 13875
5 13875
1 13875
79 13875
22 13875
1787 13875
115 13875
57 13875
8 13875
4 2339
3 222
0 150
4 1164
8 1164
5 1164
1 2347
0 2347
3 2347
2 2347
0 633
0 384
22 3126
31 3126
5 3126
7 3126
11 3126
24 3126
17 3126
3 1078
0 1078
6 1078
1 267
0 1926
42 526
1 812
12 858
8 5657
21 5657
7 5657
12 5657
0 5657
3 5657
57 5657
56 5657
3 1042
0 423
0 218
7 172
57 1307
90 1021
1 384
0 400
6 240
2 247
1 176
0 247
1 124
0 618
0 247
1 1708
14 1708
11 1708
4 1708
0 762
1 762
4 152
6 371
0 264
1 442
0 442
0 389
78 5642
8 5642
71 5642
228 5642
23 5642
20 5642
3 5642
1 416
3 223
0 86
17 543
6 1403
2 1403
1 679
1 2517
0 87
21 689
9 336
0 89
1 153
15 1403
0 1963
7 1963
6 2002
11 2002
2 2002
3 147
0 147
10 163
5 264
2 1539
7 264
3 590
0 181
21 241
2 465
69 764
104 764
11 764
9 295
0 1652
2 1652
0 1967
0 86
0 1110
3 1183
1 1183
0 1183
0 876
0 389
0 1124
1 1124
6 1014
0 961
3 961
6 961
0 526
0 359
28 1130
0 257
2 1386
13 842
19 1042
0 257
8 2403
59 2403
6 2403
0 106
0 375
14 617
0 270
0 270
1 340
6 327
0 380
1 518
0 587
1 587
0 384
0 424
1 264
10 699
4 1317
0 1317
2 1317
2 120
7 594
0 538
0 603
8 1130
1 344
0 240
1 1241
0 122
1 855
0 1898
1 1898
1 1898
0 1898
1 384
1 17
18 914
0 777
7 163
6 4713
11 4713
1 4713
402 4713
0 4713
9 4713
0 44
0 2150
13 2150
3 2150
10 2150
2 402
24 266
0 781
2 781
3 781
1 781
18 664
1 689
0 874
0 796
0 796
78 1464
1 1464
4 1464
0 548
0 382
8 233
2 663
9 257
7 506
2 1012
1 257
2 626
1 371
53 782
6 3816
0 3816
3 3816
4 3816
1 3816
8 3816
35 3816
0 340
0 1347
1 1347
1 149
0 554
2 364
8 364
16 295
36 435
0 695
4 1247
5 1247
3 423
0 914
0 265
2 631
1 631
0 186
0 518
9 171
28 511
1 431
1 2308
0 2308
8 2303
0 2303
3 145
1 145
6 145
1 467
5 518
1 405
7 318
1 423
1 324
1 389
26 8726
3 8726
182 8726
27 8726
183 8726
10 8726
193 8726
46 8726
4 8726
0 8726
18 8726
33 8726
24 8726
1 422
2 108
0 456
0 1036
1 1036
20 391
0 344
0 679
2 154
198 397
13 3066
8 3066
12 3066
2 1214
11 1214
18 1595
97 1595
17 764
0 457
0 368
0 376
3 209
2 209
2 1191
0 1191
0 592
7 378
8 141
0 389
0 446
2 264
0 526
2 1110
6366 12734
51 12734
0 12734
65 12734
83 12734
89 12734
6366 12734
40 12734
13 12734
394 12734
175 12734
175 12734
226 12734
196 12734
163 12734
522 12734
201 12734
321 12734
0 203
1 89
0 653
16 295
0 841
0 441
5 384
0 876
42 1264
127 1264
38 1264
0 404
0 1483
0 1110
4 590
4 590
5 264
0 107
8 1386
0 148
0 89
19 842
28 461
1 669
0 669
6 737
4 699
3 423
5 737
0 107
0 107
1 148
0 473
6 2629
3 2629
8 2629
2 2629
1 384
1 1589
2 1589
0 1589
3 113
0 2696
1 2696
3 2696
0 774
24 664
113 987
1 987
0 987
33 4344
9 4344
14 4344
21 4344
6 4344
10 4344
16 4344
3 222
3 626
17 1376
0 1376
5 1376
9 1376
0 558
0 680
6 680
4 234
4 177
6 177
1 384
1 441
31 441
3 376
0 1511
2 1511
3 522
1 522
0 169
1 737
31 664
3 479
0 2238
2 2238
13 2238
7 2238
18 1074
9 737
0 762
1 2517
35 788
0 2300
3 2300
2 762
0 618
0 183
3 270
5 558
0 252
19 295
27 1913
71 1913
5 656
9 656
1 656
1 240
1 423
118 764
0 373
7 446
1 357
3 423
5 632
4 590
0 562
14 456
0 9
293 587
0 562
14 1014
2 774
0 404
1 567
1 1407
1 594
1 690
0 690
0 250
1 127
0 295
2 2725
5 2725
3 2725
4 2725
0 2725
2 442
0 442
1 518
0 508
0 269
1 269
0 38
1 6094
12 6094
10 6094
9 6094
14 6094
3 1370
4 2737
7 2737
20 1409
22 526
3 465
1 339
1 960
0 960
29 382
0 295
0 404
0 431
2 1536
2 615
0 844
0 308
1 504
0 560
1 730
3 730
1 764
2 1701
8 240
17 283
1 596
3 392
2 2339
3 2339
0 303
0 461
19 563
25 438
0 122
11 980
5 980
10 845
0 665
5 378
1 352
1 889
4 889
0 189
0 431
0 751
2 526
1 1955
6 1955
0 1955
10 1955
3 1955
2 1955
91 9453
86 9453
90 9453
21 9453
18 9453
152 9453
6 9453
46 9453
23 9453
79 9453
44 9453
73 9453
60 9453
63 9453
43 9453
7 3604
60 3604
61 3604
1801 3604
27 3604
4 2982
10 2982
1 2982
7 2982
14 2982
2 1152
7 499
0 181
1 181
12 249
2 613
10 395
3 575
0 122
2 1114
0 1114
141 283
141 283
0 241
4 55
12 655
2 1887
3 1887
10 1887
3 7512
8 7512
7 7512
11 7512
58 7512
12 7512
2 7512
124 7512
131 7512
278 7512
39 7512
4 7512
16 7512
20 7512
158 7512
6 328
1 623
3 106
8 82
1 305
1 196
18 151
24 439
3 328
4 2031
3 4370
2 4370
5 4370
4 4370
0 4370
7 4370
6 4370
1 4370
2 340
0 360
1 269
1 413
19 887
2 187
3 187
4 534
3 1539
6 726
13 257
5 202
1 764
2 764
0 473
1 729
3 729
2 729
2 174
6 593
1 326
6 282
3 59
1 2849
42 2849
5 2849
25 2849
0 225
15 435
2 435
0 522
8 146
1 479
9 399
0 587
0 562
25 788
12 788
39 788
31 788
54 788
0 788
1 788
54 788
23 788
12 473
11 473
5 1528
1 1528
25 1904
14 1904
9 733
0 219
9 2417
2 2417
49 594
21 594
22 594
1 620
0 620
1 476
5 476
0 405
33 1695
0 91
4 91
0 1223
1 1223
3 1223
3 479
1 328
11 1879
2 1879
15 4834
33 4834
13 4834
0 4834
32 4834
12 4834
1 145
13 739
6 336
7 361
9 177
0 413
37 759
1 191
5 191
14 240
2 233
3 177
0 176
2 318
0 807
2 807
0 761
2 446
1 931
0 931
0 1074
37 812
11 287
11 764
1 1043
0 857
1 922
2 558
10 558
15 279
33 173
5 130
12 617
3 617
3 1707
2 1707
8 4275
6 4275
2 4275
5 4275
11 4275
1 1149
0 1149
3 1149
2 2971
1 2971
0 336
3 318
0 1026
0 92
1 92
0 311
0 161
1 774
5 127
0 379
1 400
1 428
3 381
0 562
1 497
2 393
3 279
0 323
11 395
9 223
0 362
20 509
0 2434
4 716
16 388
17 233
0 484
0 484
0 484
0 1075
1 1075
3 1075
8 1075
5 118
2 114
29 844
37 844
1 306
1 1742
2 1742
0 1742
3 441
0 655
39 764
1 509
1868 3737
0 3737
2 3737
1 3737
13 562
1090 2181
0 338
0 40
3 379
1 405
1 474
0 98
0 1143
12 368
7 699
1 343
12 126
0 1644
3 1644
2 767
4 767
69 767
9 20
32 310
3 354
1 61
3 297
80 727
7 395
0 1618
1 233
11 381
5 473
9 217
3 152
74 768
4 171
0 567
0 301
0 461
38 788
4 788
31 788
22 788
50 788
0 788
1 788
52 788
18 788
1 405
0 653
2 139
3 324
0 973
2 1386
0 633
21 664
4 1618
1 395
0 295
6 344
3 230
1109 2219
0 385
16 527
3 1926
2 1926
4 548
0 919
0 699
4 472
3 327
0 821
3 821
2 821
0 526
3 567
11 1012
8 1012
1 1012
2 562
50 739
4 266
11 227
0 241
7 635
2 391
5 177
6 407
7 435
30 535
14 527
1 371
1 371
1 240
0 57
31 297
0 262
1 361
22 1312
0 84
3 287
0 509
1 585
7 592
28 812
130 2339
10 290
0 948
1 948
0 448
36 973
7 360
1 389
74 1646
2 2101
1 2101
3 2101
4 2101
5 876
9 472
1 265
2 777
20 502
8 137
15 209
2 144
0 183
0 370
18 135
1 120
12 962
18 721
0 114
1 3218
1 1747
0 231
1 1110
0 153
0 290
1 397
8 325
14 319
12 382
23 5267
15 5267
9 5267
16 5267
67 5267
13 5267
60 5267
79 5267
5 5267
6 5267
8 5267
0 5267
22 5267
46 5267
7 1034
0 1034
5 2191
1 2191
11 247
10 247
31 1416
155 1027
1 319
0 1042
0 384
0 163
0 127
1 484
1 900
0 544
24 265
5 368
0 930
8 2416
5 2416
15 2416
28 919
2 407
0 382
0 247
0 233
2 1183
1 1183
0 1183
1 1185
0 382
0 340
0 3763
4 3763
0 177
1 477
0 141
0 242
1 295
2 295
2 395
36 615
2 308
0 1695
26 511
2 227
0 257
2 2339
1 395
0 359
0 761
3 257
0 176
4 336
0 195
1 365
1 240
1 230
4 196
7 338
5 1116
3 1116
3 1124
0 300
6 1623
40 906
1 57
0 188
0 1057
0 233
3 721
3 318
0 735
3 699
2 446
0 310
0 165
11 465
7 1130
80 679
0 392
13 348
0 1898
1 1898
2 472
1 950
0 950
5 950
0 191
2 1695
0 324
1 282
0 861
2 1695
22 360
0 960
4 388
1 1701
0 453
1 453
0 247
3 461
0 295
0 1042
12 549
14 319
3 1110
6 2517
0 866
2 866
10 141
2 387
5 48
0 1791
4 1791
3 511
4 275
5 286
0 423
0 191
9 950
1 509
0 861
0 364
7 364
0 378
0 3651
0 364
4 364
0 298
9 679
2 654
1 177
6 605
11 392
10 392
0 569
0 43
5 414
0 272
2 327
1 2050
2 2050
0 2050
0 617
3 927
14 1268
7 1268
11 1268
38 1413
5 157
9 317
13 790
80 790
0 812
21 1077
24 584
21 562
13 1360
2 1695
30 405
2 587
0 127
2 1592
0 1592
2 1719
0 1719
1 1719
0 548
1 548
1 195
5 352
0 1043
6 2703
4 2703
3 2703
2 2703
13 1165
10 395
1 1323
0 1323
2 1323
5 1323
3 1323
0 118
2 165
7 663
9 451
11 1536
1 1526
0 1526
2 1526
1 116
3 327
1 587
2 139
0 325
8 1288
3 116
7 240
0 217
355 712
8 1386
5 2339
1 2517
5 381
17 284
0 183
7 295
1 2517
26 2339
2 465
0 247
0 2517
0 55
1 281
1 247
14 1360
0 461
33 3761
0 590
2 594
17 378
11 1539
3 108
145 4338
145 1552
2 152
2 646
1 306
0 657
1 657
14 1042
41 421
1 1042
5 222
0 1034
0 270
0 1104
1 486
0 502
1 57
20 816
3 2365
18 1074
0 187
1 2236
2 2236
3 2236
4 2236
2 405
15 1110
5 497
10 222
0 120
0 151
2 1392
0 230
1 86
4 78
160 2339
0 9
0 1021
3 318
2 308
24 279
0 762
0 88
6 721
14 1027
0 500
0 89
3 86
11 159
7 733
22 725
0 276
1 497
3 1130
0 456
0 654
1 777
0 53
0 340
58 475
2 142
2 694
0 41
0 90
11 588
1 588
3 588
1 214
0 67
0 588
1 327
0 342
0 588
5 193
1 161
5 90
1 588
0 41
8 322
3 718
1 142
14 567
6 588
3 113
0 120
3 588
16 567
43 588
2 588
3 483
1 588
6 218
12 588
0 282
1 282
12 588
12 218
0 327
0 24
0 274
2 274
2 214
1 142
3 90
44 90
1 228
6 567
0 229
14 567
2 343
1 228
1 327
0 43
5 386
4 694
14 228
1 475
1 588
23 475
28 946
0 475
0 567
1 457
2 327
1 483
1 343
0 116
0 475
11 228
0 342
6 327
43 560
18 229
0 99
2 588
7 43
6 43
0 168
5 141
0 483
0 16
1 588
1 386
0 334
3 588
4 588
8 588
3 588
0 90
7 588
0 271
6 588
10 386
0 67
42 560
9 342
0 454
1 588
7 588
1 211
21 694
43 694
9 228
13 327
7 588
6 752
0 53
2 229
2 588
2 41
0 374
0 334
24 588
3 475
6 110
0 229
0 58
0 588
1 142
8 153
0 334
4 116
4 118
4 588
8 386
3 327
2 142
10 228
10 156
3 588
1 588
1 327
5 343
4 153
23 475
1 588
0 99
0 588
3 588
36 574
0 694
1 90
13 694
1 56
20 560
8 342
1 322
0 752
4 588
32 327
0 193
11 454
0 342
0 67
0 327
1 588
1 229
0 342
0 67
158 2673
0 211
3 483
0 327
1 228
4 33
6 962
1 1539
0 125
0 120
6 80
1 816
0 554
0 176
0 406
0 66
0 473
0 977
0 844
0 290
10 502
0 88
4 275
2 147
5 515
0 1205
0 1403
0 1695
16 605
4 605
3 1347
2 1347
2 1516
0 295
0 473
0 59
4 1021
17 788
113 228
0 1110
0 88
0 768
1 476
0 337
0 340
50 1695
1 127
0 308
1 378
0 241
1 452
0 284
2 1900
0 1900
1 3101
0 3101
0 6
4 218
17 664
0 158
0 423
1 951
2 951
0 623
0 399
3 1577
0 278
1 214
5 2150
0 2150
0 145
0 404
0 1074
4 336
0 362
4 594
0 216
0 439
2 527
1 1386
0 639
30 762
0 625
1 625
0 725
0 395
0 1036
2 1042
2 393
1 1539
1 368
3 1539
16 117
1 632
1 1042
1 518
3 567
0 452
0 1071
0 347
1 303
0 120
7 270
6 2237
3 2237
2 2237
0 2237
9 2237
0 233
212 1552
0 409
0 1230
2 1230
0 853
0 400
0 126
0 446
11 857
0 973
0 274
1 274
2 3390
31 3390
6 3390
3 3390
0 584
24 890
0 626
10 216
0 1346
0 247
12 287
4 79
0 196
17 191
232 7353
3 7353
74 7353
410 7353
154 7353
32 7353
241 7353
12 7353
4 7353
875 7353
6 7353
25 7353
1 7353
277 7353
5 7353
39 7353
0 141
1 2466
3 2466
0 2466
4 2466
1 1456
37 10604
46 10604
1 10604
11 10604
19 10604
2 10604
59 10604
122 10604
26 10604
62 10604
5 10604
30 10604
42 10604
16 10604
65 10604
103 10604
5 1655
3 1655
0 407
4 1162
11 1162
0 1162
6 1162
5 479
16 623
0 87
1 564
5 391
0 295
1 590
0 508
73 1695
0 47
35 788
26 788
30 788
28 788
33 788
2 788
4 788
29 788
24 788
1 230
0 739
0 436
2 1695
0 247
2 626
1 567
3 115
3 48
0 344
11 684
88 764
0 582
70 1072
4 1862
0 1862
1 369
13 876
1 625
0 233
1 937
0 937
18 937
0 230
1 421
0 272
0 218
2 812
18 826
0 919
2 887
1 1072
52 2339
3 958
1 958
3 1623
4 141
1 792
1 811
1 2330
0 2330
1 247
6 974
9 120
0 182
2 423
0 1967
0 30
1 384
0 549
15 1153
1 497
2 188
3 498
0 157
2 157
2 2339
2 950
1 57
0 135
0 473
0 962
0 448
0 163
0 414
6 1161
1 1161
2 1161
1 117
3 96
0 1403
0 1346
1 139
14 1110
0 473
3 318
0 318
1 700
0 162
4 1967
2 1539
0 1539
0 106
1 5662
5 5662
4 5662
7 5662
6 5662
7 1536
23 1536
5 625
16 2565
10 2565
11 2565
1 2565
12 2565
0 2565
13 1747
2 384
2 183
2 1249
0 1249
0 87
0 812
3 746
1 2128
0 2128
2 2128
0 473
0 67
2 124
19 178
0 764
2 379
2 2396
0 2396
1 2396
18 890
2 890
3 890
0 38
0 2407
3 2407
2 2407
7 2407
1 735
0 581
2 581
2 385
3 385
3 615
0 139
0 641
0 448
4 1064
0 1064
4 2225
1 89
0 941
0 89
0 1419
7 452
0 80
10 554
1 89
0 1294
15 1294
9 381
6 1948
2 1948
1 1948
0 1948
4 962
7 448
0 352
0 137
0 594
5 1708
0 1708
7 287
0 25
0 816
0 626
0 90
26 2339
0 1536
0 233
5 69
0 319
0 796
0 446
0 527
1 142
0 369
0 153
2 590
1 385
19 413
0 446
1 2395
0 2395
4 404
295 592
15 2163
20 2163
25 2163
4 55
24 191
1 2423
2 2423
0 2423
0 344
0 196
0 452
19 1403
1 1205
2 1205
3 1014
0 294
1 448
3 86
0 395
2 844
0 844
1 303
1 1360
0 812
0 107
0 562
0 479
5 467
1 1733
24 1733
7 1733
0 80
1 739
0 446
123 247
0 389
0 733
3 215
2 295
1 431
0 175
0 130
1 187
4 135
0 284
6 371
7 330
2 1724
0 1724
1 1724
2 549
0 919
39 1139
1 896
0 896
0 437
0 103
0 264
2 261
0 264
0 648
7 1577
1 1501
3 1501
2 1501
18 617
2 1618
0 285
4 504
0 115
1 48
0 247
0 737
0 223
0 509
0 311
9 594
2 477
0 345
1 733
2 789
1 789
0 605
4 1747
0 347
1 1511
0 1511
0 362
1 147
0 307
1 139
2 139
0 382
17 1766
26 788
2 788
6 788
4 788
13 788
0 788
1 788
19 788
3 788
2 694
0 694
4 307
1 174
3 371
2 1077
0 537
6 178
0 103
1 290
1 3159
2 3159
0 3159
1 1331
24 50
0 716
0 508
16 1909
19 1909
15 1909
0 1618
0 1618
0 384
0 384
0 102
0 94
1 585
0 474
41 535
0 261
0 295
0 169
0 148
6 183
4 876
1 733
10 1787
3 1787
0 1787
9 617
0 1553
2 1553
1 504
2 343
1 632
0 127
3 504
1 1083
2 65
23 1144
0 178
9 172
13 240
34 431
2 919
1 498
0 1618
12 1475
14 368
3 26
1 1965
8 1965
7 1965
4 1965
0 1965
23 1965
1 125
0 175
4 55
5 379
0 229
0 229
0 230
1 1042
0 344
1 323
1 746
11 876
3 479
9 406
2 504
3 171
18 575
5 764
5 1913
1 1913
1 1057
2 269
0 173
1 344
0 772
0 242
1 1695
3 1695
0 382
3 764
0 175
0 94
1 811
0 394
0 1287
0 176
4 139
0 310
0 360
6 230
1 811
1 381
1 1129
5 1129
2 1129
3 638
0 1071
6 1410
1 1410
0 1410
1 811
0 497
2 37
0 285
0 305
3 256
0 360
10 233
6 623
1 1061
2 260
0 452
0 563
3 592
7 144
5 327
0 617
0 337
0 362
416 5976
50 5976
2 5976
122 5976
143 5976
0 5976
125 5976
41 5976
14 5976
12 1075
1 379
11 661
0 162
0 2517
7 431
0 100
1 1386
9 850
1 511
1 405
0 1102
1 1102
0 370
3 196
1 361
8 841
0 698
0 124
0 290
5 218
1 439
9 229
0 349
1 89
0 360
6 333
7 333
0 526
0 122
0 412
0 196
0 874
0 247
0 896
1 338
3 338
2 142
22 1779
150 1779
7 1779
156 1779
1 1238
12 876
6 1853
8 1853
7 1853
5 592
1 564
0 173
0 1539
0 158
0 812
5 584
0 328
4 262
0 816
0 99
6 796
2 404
2 146
0 345
4 464
3 228
9 274
459 919
0 502
0 1110
2 122
2 446
10 518
0 141
2 585
0 561
1 2808
0 1357
169 1416
0 204
1 100
281 563
0 564
0 473
39 1110
0 339
163 327
4 308
7 295
0 587
0 777
0 558
1 149
11 209
1 279
1 962
2 3095
5 3095
3 3095
14 1617
2 1617
1 1617
0 1617
0 318
0 327
3 1767
14 1767
1 1767
2 1767
1 240
0 1071
0 522
0 1618
1 465
0 465
1 465
