1 384
0 375
4 392
0 576
1 576
19 776
9 776
0 511
22 2287
5 2287
9 745
4 745
4 914
3 338
3 448
1 691
0 691
0 183
1 914
18 1155
32 1155
145 1155
1 1155
3 1155
3 1370
7 1623
0 7389
32 7389
10 7389
7 7389
18 7389
5 7389
48 7389
8 7389
31 7389
9 7389
129 7389
0 2339
3 615
9 1288
0 176
11 1265
12 1265
6 1265
4 150
0 79
0 1983
1 1983
7 1983
6 1983
2 269
17 397
1 1208
0 1208
3 1208
28 1474
8 240
4 448
0 558
1 1113
0 1113
0 79
5 305
1 400
3 388
4 590
0 1483
3 152
3 152
0 796
55 1536
0 805
0 276
0 328
1 1267
2 1267
9 1267
15 1267
0 1267
3 522
4 198
2 1013
1 1013
3 152
0 1303
2 1008
1 1008
5 327
0 562
8 737
6 737
4 264
3 175
0 44
0 89
3 1913
1 1913
4 1539
0 973
2 855
0 301
32 7645
69 7645
0 7645
18 7645
97 7645
5 7645
3 7645
4 7645
6 7645
30 7645
46 7645
7 7645
23 7645
14 7645
26 7645
16 7645
38 7645
22 7645
119 7645
27 7645
577 9306
6 9306
44 9306
9 9306
4 9306
65 9306
0 9306
2 9306
5 9306
221 9306
27 9306
3 9306
35 9306
115 9306
1 9306
87 9306
57 9306
26 9306
6 3760
88 3760
1 3760
0 3760
5 3760
13 3760
11 3760
2 3760
3 689
4 295
9 1454
0 1454
2 1454
10 1454
1 626
0 203
0 405
1 794
0 794
0 844
328 657
0 1110
2 150
0 1071
0 812
0 812
0 422
4 896
0 395
4 2339
0 135
1 324
0 721
3 79
3 204
1 811
1 368
0 380
0 380
4 384
2 152
0 98
10 68
2 446
0 777
2 777
1 884
8 884
0 1514
23 876
9 348
0 169
2 663
0 663
1 303
4 240
0 441
10 1474
0 733
8 1077
0 404
0 973
1 138
3 1618
2 567
15 876
0 176
0 2150
31 2150
13 876
5 311
8 1597
3 1597
6 1597
0 1597
1 618
0 98
0 184
5 776
0 776
0 497
6 57
6 392
0 670
5 670
12 392
0 511
1 247
0 876
1 344
3 965
9 1539
0 509
4 215
7 176
4 215
4 215
5 1386
1 283
1 764
0 465
0 792
16 10782
4 10782
9 10782
18 10782
15 10782
36 10782
12 10782
42 10782
25 10782
35 10782
27 10782
116 10782
1 10782
7 10782
13 10782
11 10782
32 10782
19 10782
40 10782
17 10782
8 10782
14 10782
33 10782
0 10782
27 10782
20 10782
0 224
16 767
7 144
47 540
0 2510
2 2510
44 269
5 269
0 1269
1 1269
3 919
0 782
4 448
1 931
0 931
1 247
4 89
5 2038
0 2038
2 2038
0 446
2 737
0 1898
1 1898
14 584
12 1360
4 2257
3 2257
1 1695
2 2339
4 1072
1 746
1 746
1 2150
3 2150
13 3410
1 3410
4 3410
2 746
1 2150
9 2150
5 764
3 746
0 456
16 590
6 2449
0 2449
21 191
1 777
7 266
1 1027
2 976
23 976
20 3000
4 3000
13 3000
129 3000
12 3000
10 3000
1 202
1 456
7 777
7 381
0 295
1 186
25 441
1 94
33 68
0 287
0 240
70 142
1 240
5 655
1 1197
7 2831
6 2831
4 2831
0 2831
1 1331
0 4210
1 4210
70 4210
2 4210
9 4210
37 4210
32 4210
6 4210
4 4210
10 4210
137 4210
3 20
2 209
0 677
1 677
1 1547
0 1547
0 888
1 888
0 344
4 413
14 1012
0 1012
6 1012
0 269
0 467
1 504
43 1110
0 585
0 2128
6 2128
4 2128
3 960
1 1483
14 1536
4 1536
0 1110
3 1069
1 1069
0 1069
1 1014
58 811
1 1110
0 423
0 93
3 183
0 384
0 724
3 2375
1 2375
5 2375
0 178
16 788
3 788
6 788
5 788
11 788
0 788
1 788
13 788
4 788
1 203
3 226
0 4949
7 4949
1 4949
19 4949
41 4949
23 4949
10 4949
0 120
51 2150
0 2150
5 2150
0 653
3 689
11 2955
7 2955
13 2955
10 2955
9 2955
0 2955
12 2955
4 1695
0 439
0 439
0 225
1 2163
2 2163
82 13875
5 13875
22 13875
33 13875
36 13875
65 13875
3 13875
2 13875
73 13875
14 13875
1624 13875
86 13875
67 13875
11 13875
5 2339
3 222
2 150
4 1164
8 1164
5 1164
0 2347
1 2347
2 2347
3 2347
0 633
0 384
17 3126
26 3126
7 3126
5 3126
8 3126
23 3126
15 3126
2 1078
0 1078
5 1078
2 267
0 1926
30 526
1 812
12 858
5 5657
14 5657
8 5657
6 5657
0 5657
3 5657
19 5657
79 5657
4 1042
0 423
0 218
8 172
42 1307
84 1021
1 384
0 400
11 240
5 247
1 176
0 247
1 124
1 618
1 247
0 1708
13 1708
6 1708
3 1708
0 762
2 762
3 152
7 371
1 264
1 442
0 442
0 389
99 5642
13 5642
50 5642
190 5642
9 5642
27 5642
5 5642
2 416
4 223
0 86
13 543
9 1403
2 1403
1 679
1 2517
0 87
8 689
10 336
1 89
5 153
16 1403
0 1963
8 1963
7 2002
11 2002
1 2002
6 147
1 147
10 163
6 264
2 1539
9 264
3 590
0 181
19 241
3 465
73 764
86 764
12 764
9 295
0 1652
2 1652
0 1967
0 86
0 1110
2 1183
1 1183
0 1183
0 876
0 389
0 1124
1 1124
6 1014
0 961
3 961
6 961
0 526
0 359
26 1130
0 257
4 1386
23 842
16 1042
0 257
7 2403
53 2403
5 2403
0 106
1 375
11 617
0 270
1 270
1 340
6 327
0 380
1 518
0 587
1 587
0 384
0 424
4 264
8 699
7 1317
0 1317
3 1317
5 120
8 594
0 538
0 603
7 1130
1 344
1 240
1 1241
0 122
2 855
0 1898
1 1898
1 1898
0 1898
4 384
0 17
16 914
0 777
5 163
5 4713
10 4713
2 4713
415 4713
0 4713
11 4713
0 44
0 2150
9 2150
2 2150
6 2150
6 402
21 266
0 781
2 781
1 781
3 781
20 664
3 689
1 874
0 796
0 796
74 1464
2 1464
5 1464
0 548
1 382
19 233
2 663
7 257
7 506
3 1012
2 257
1 626
1 371
46 782
6 3816
0 3816
2 3816
3 3816
1 3816
10 3816
33 3816
0 340
1 1347
0 1347
1 149
0 554
0 364
9 364
11 295
54 435
0 695
3 1247
6 1247
3 423
0 914
0 265
2 631
1 631
1 186
0 518
13 171
36 511
3 431
0 2308
1 2308
3 2303
9 2303
3 145
1 145
9 145
3 467
7 518
1 405
7 318
2 423
1 324
1 389
22 8726
3 8726
194 8726
24 8726
199 8726
11 8726
138 8726
50 8726
4 8726
0 8726
12 8726
33 8726
19 8726
1 422
1 108
0 456
0 1036
1 1036
22 391
0 344
0 679
2 154
198 397
14 3066
4 3066
17 3066
3 1214
7 1214
16 1595
86 1595
19 764
0 457
0 368
0 376
3 209
2 209
1 1191
0 1191
0 592
7 378
9 141
0 389
0 446
3 264
0 526
3 1110
6366 12734
47 12734
0 12734
57 12734
69 12734
87 12734
6366 12734
50 12734
15 12734
375 12734
153 12734
153 12734
193 12734
162 12734
149 12734
538 12734
171 12734
348 12734
0 203
1 89
0 653
18 295
0 841
0 441
10 384
0 876
55 1264
107 1264
49 1264
0 404
0 1483
0 1110
4 590
4 590
6 264
0 107
11 1386
0 148
2 89
24 842
31 461
1 669
0 669
6 737
5 699
3 423
6 737
0 107
0 107
1 148
0 473
4 2629
3 2629
8 2629
2 2629
2 384
1 1589
2 1589
0 1589
3 113
0 2696
1 2696
4 2696
0 774
31 664
114 987
1 987
0 987
30 4344
8 4344
12 4344
13 4344
5 4344
11 4344
14 4344
3 222
4 626
20 1376
0 1376
7 1376
14 1376
0 558
0 680
7 680
6 234
5 177
4 177
4 384
5 441
30 441
2 376
0 1511
1 1511
10 522
1 522
0 169
0 737
30 664
3 479
0 2238
2 2238
3 2238
7 2238
18 1074
11 737
0 762
7 2517
37 788
0 2300
3 2300
1 762
0 618
0 183
3 270
5 558
0 252
22 295
8 1913
72 1913
4 656
9 656
1 656
1 240
1 423
103 764
1 373
1 446
1 357
3 423
3 632
4 590
0 562
13 456
0 9
293 587
0 562
12 1014
0 774
0 404
1 567
1 1407
1 594
1 690
0 690
0 250
1 127
0 295
1 2725
4 2725
2 2725
3 2725
0 2725
1 442
0 442
1 518
0 508
0 269
1 269
0 38
0 6094
5 6094
4 6094
3 6094
9 6094
3 1370
5 2737
3 2737
13 1409
23 526
3 465
1 339
3 960
0 960
23 382
1 295
0 404
0 431
1 1536
2 615
0 844
0 308
1 504
0 560
0 730
2 730
0 764
2 1701
11 240
21 283
2 596
11 392
1 2339
3 2339
0 303
0 461
15 563
22 438
0 122
7 980
2 980
10 845
0 665
5 378
1 352
3 889
5 889
0 189
0 431
0 751
4 526
1 1955
4 1955
0 1955
8 1955
2 1955
3 1955
51 9453
48 9453
49 9453
7 9453
8 9453
95 9453
4 9453
31 9453
9 9453
45 9453
38 9453
40 9453
34 9453
36 9453
24 9453
5 3604
46 3604
49 3604
1801 3604
21 3604
4 2982
11 2982
2 2982
7 2982
13 2982
2 1152
7 499
0 181
1 181
14 249
4 613
11 395
2 575
0 122
2 1114
0 1114
141 283
141 283
0 241
27 55
12 655
0 1887
2 1887
7 1887
3 7512
8 7512
6 7512
10 7512
40 7512
11 7512
2 7512
152 7512
35 7512
384 7512
50 7512
4 7512
22 7512
18 7512
191 7512
5 328
2 623
1 106
6 82
1 305
2 196
17 151
21 439
4 328
4 2031
2 4370
3 4370
5 4370
4 4370
0 4370
7 4370
6 4370
1 4370
1 340
0 360
1 269
0 413
19 887
0 187
3 187
3 534
2 1539
5 726
11 257
6 202
2 764
0 764
0 473
1 729
2 729
3 729
2 174
13 593
1 326
3 282
2 59
3 2849
36 2849
4 2849
22 2849
0 225
15 435
1 435
0 522
11 146
1 479
10 399
0 587
0 562
20 788
8 788
29 788
24 788
49 788
0 788
1 788
49 788
16 788
10 473
9 473
6 1528
1 1528
17 1904
13 1904
7 733
0 219
27 2417
5 2417
37 594
29 594
25 594
1 620
0 620
1 476
3 476
0 405
56 1695
0 91
5 91
0 1223
1 1223
3 1223
10 479
1 328
5 1879
1 1879
26 4834
13 4834
19 4834
0 4834
28 4834
16 4834
1 145
14 739
10 336
9 361
8 177
0 413
29 759
1 191
5 191
10 240
2 233
4 177
0 176
2 318
0 807
1 807
0 761
2 446
1 931
0 931
0 1074
45 812
13 287
14 764
1 1043
0 857
1 922
1 558
8 558
12 279
86 173
7 130
0 617
4 617
3 1707
2 1707
8 4275
6 4275
0 4275
4 4275
10 4275
1 1149
0 1149
2 1149
2 2971
3 2971
0 336
3 318
0 1026
0 92
1 92
0 311
1 161
2 774
6 127
0 379
0 400
1 428
4 381
2 562
2 497
2 393
0 279
0 323
6 395
7 223
0 362
17 509
0 2434
6 716
14 388
19 233
0 484
1 484
1 484
0 1075
3 1075
2 1075
17 1075
5 118
2 114
32 844
29 844
1 306
1 1742
2 1742
0 1742
3 441
0 655
19 764
0 509
1868 3737
0 3737
2 3737
1 3737
14 562
1090 2181
0 338
0 40
3 379
1 405
0 474
0 98
0 1143
28 368
19 699
1 343
10 126
0 1644
8 1644
0 767
2 767
105 767
9 20
15 310
3 354
0 61
3 297
87 727
12 395
0 1618
0 233
14 381
3 473
12 217
3 152
85 768
1 171
0 567
0 301
0 461
34 788
4 788
28 788
20 788
45 788
0 788
1 788
46 788
15 788
1 405
0 653
2 139
2 324
0 973
2 1386
0 633
21 664
3 1618
2 395
0 295
5 344
3 230
1109 2219
0 385
13 527
2 1926
3 1926
2 548
0 919
0 699
5 472
3 327
0 821
2 821
1 821
0 526
4 567
12 1012
7 1012
4 1012
2 562
47 739
3 266
12 227
0 241
4 635
2 391
5 177
2 407
7 435
32 535
19 527
1 371
4 371
2 240
0 57
36 297
1 262
1 361
22 1312
0 84
5 287
0 509
1 585
6 592
30 812
117 2339
12 290
0 948
1 948
0 448
31 973
6 360
1 389
66 1646
2 2101
1 2101
3 2101
4 2101
6 876
9 472
1 265
2 777
9 502
5 137
7 209
2 144
0 183
0 370
18 135
1 120
18 962
29 721
0 114
1 3218
1 1747
0 231
3 1110
0 153
0 290
2 397
6 325
14 319
14 382
18 5267
12 5267
9 5267
16 5267
60 5267
10 5267
50 5267
67 5267
4 5267
6 5267
8 5267
0 5267
17 5267
43 5267
7 1034
0 1034
3 2191
1 2191
14 247
9 247
20 1416
106 1027
1 319
0 1042
0 384
0 163
0 127
0 484
1 900
0 544
22 265
7 368
0 930
7 2416
3 2416
14 2416
26 919
1 407
0 382
0 247
0 233
2 1183
1 1183
0 1183
1 1185
0 382
0 340
0 3763
2 3763
0 177
3 477
0 141
0 242
0 295
1 295
2 395
27 615
2 308
1 1695
29 511
0 227
0 257
3 2339
1 395
0 359
0 761
5 257
0 176
7 336
0 195
1 365
1 240
1 230
6 196
7 338
5 1116
1 1116
2 1124
0 300
3 1623
36 906
1 57
0 188
0 1057
0 233
1 721
5 318
0 735
12 699
2 446
0 310
0 165
15 465
5 1130
81 679
0 392
11 348
0 1898
1 1898
2 472
1 950
0 950
5 950
0 191
2 1695
0 324
1 282
0 861
3 1695
21 360
0 960
3 388
2 1701
0 453
1 453
0 247
1 461
0 295
1 1042
11 549
16 319
4 1110
7 2517
0 866
1 866
7 141
0 387
5 48
0 1791
3 1791
3 511
4 275
8 286
0 423
1 191
6 950
4 509
0 861
0 364
6 364
0 378
0 3651
0 364
4 364
0 298
8 679
3 654
2 177
10 605
11 392
11 392
0 569
0 43
5 414
0 272
1 327
2 2050
0 2050
1 2050
0 617
3 927
10 1268
6 1268
9 1268
31 1413
6 157
9 317
13 790
86 790
0 812
22 1077
22 584
21 562
17 1360
2 1695
28 405
6 587
1 127
2 1592
0 1592
2 1719
0 1719
1 1719
0 548
1 548
2 195
5 352
0 1043
2 2703
7 2703
12 2703
0 2703
15 1165
10 395
1 1323
0 1323
2 1323
5 1323
3 1323
0 118
2 165
6 663
13 451
13 1536
2 1526
1 1526
8 1526
1 116
2 327
0 587
2 139
0 325
4 1288
3 116
8 240
0 217
355 712
8 1386
16 2339
2 2517
3 381
21 284
1 183
7 295
2 2517
18 2339
2 465
0 247
0 2517
0 55
0 281
1 247
17 1360
0 461
39 3761
0 590
1 594
16 378
14 1539
2 108
172 4338
181 1552
3 152
2 646
1 306
1 657
0 657
13 1042
210 421
1 1042
5 222
1 1034
0 270
0 1104
0 486
0 502
1 57
7 816
2 2365
21 1074
0 187
0 2236
2 2236
3 2236
4 2236
3 405
12 1110
8 497
8 222
0 120
0 151
0 1392
0 230
1 86
4 78
147 2339
0 9
0 1021
3 318
3 308
17 279
0 762
0 88
3 721
7 1027
0 500
0 89
4 86
13 159
7 733
9 725
0 276
1 497
3 1130
0 456
0 654
1 777
0 53
0 340
70 475
3 142
3 694
0 41
0 90
12 588
1 588
3 588
1 214
0 67
0 588
1 327
0 342
0 588
5 193
1 161
7 90
1 588
0 41
5 322
3 718
2 142
13 567
7 588
6 113
0 120
3 588
13 567
39 588
5 588
3 483
1 588
6 218
14 588
0 282
2 282
36 588
12 218
0 327
0 24
0 274
1 274
2 214
1 142
5 90
44 90
1 228
6 567
0 229
17 567
2 343
1 228
1 327
0 43
5 386
2 694
17 228
2 475
1 588
27 475
26 946
0 475
0 567
1 457
2 327
1 483
3 343
0 116
0 475
7 228
0 342
21 327
44 560
12 229
0 99
4 588
7 43
6 43
0 168
7 141
1 483
0 16
1 588
3 386
1 334
3 588
4 588
5 588
3 588
0 90
6 588
0 271
7 588
17 386
0 67
41 560
8 342
0 454
2 588
8 588
0 211
25 694
45 694
5 228
11 327
11 588
11 752
0 53
2 229
5 588
2 41
0 374
0 334
22 588
6 475
6 110
0 229
0 58
0 588
1 142
8 153
0 334
4 116
3 118
10 588
8 386
3 327
2 142
24 228
10 156
3 588
2 588
1 327
5 343
6 153
22 475
1 588
0 99
0 588
1 588
38 574
1 694
1 90
18 694
1 56
27 560
8 342
4 322
0 752
5 588
27 327
0 193
9 454
0 342
0 67
0 327
1 588
2 229
0 342
0 67
119 2673
0 211
3 483
0 327
4 228
4 33
8 962
1 1539
0 125
0 120
6 80
1 816
0 554
0 176
0 406
0 66
0 473
0 977
0 844
0 290
9 502
0 88
4 275
1 147
5 515
0 1205
0 1403
0 1695
21 605
7 605
3 1347
2 1347
12 1516
0 295
0 473
0 59
6 1021
12 788
113 228
0 1110
0 88
0 768
1 476
0 337
0 340
51 1695
4 127
0 308
1 378
0 241
1 452
0 284
2 1900
0 1900
1 3101
0 3101
0 6
4 218
19 664
0 158
0 423
2 951
5 951
0 623
0 399
3 1577
0 278
3 214
3 2150
0 2150
0 145
0 404
0 1074
5 336
0 362
4 594
0 216
0 439
2 527
1 1386
0 639
31 762
0 625
1 625
0 725
0 395
0 1036
2 1042
2 393
1 1539
1 368
3 1539
16 117
2 632
1 1042
1 518
1 567
0 452
0 1071
0 347
1 303
0 120
15 270
7 2237
3 2237
2 2237
0 2237
13 2237
0 233
186 1552
0 409
0 1230
2 1230
1 853
0 400
0 126
0 446
10 857
0 973
1 274
0 274
1 3390
30 3390
5 3390
3 3390
0 584
18 890
0 626
17 216
0 1346
0 247
17 287
5 79
0 196
17 191
91 7353
2 7353
84 7353
356 7353
110 7353
38 7353
69 7353
10 7353
7 7353
656 7353
6 7353
8 7353
1 7353
284 7353
5 7353
42 7353
0 141
1 2466
2 2466
0 2466
3 2466
1 1456
41 10604
29 10604
2 10604
13 10604
15 10604
0 10604
17 10604
126 10604
18 10604
70 10604
5 10604
24 10604
35 10604
19 10604
60 10604
88 10604
4 1655
2 1655
0 407
1 1162
8 1162
0 1162
3 1162
5 479
16 623
0 87
1 564
5 391
0 295
0 590
0 508
48 1695
0 47
27 788
24 788
28 788
29 788
25 788
2 788
3 788
23 788
30 788
1 230
0 739
0 436
4 1695
0 247
2 626
2 567
3 115
3 48
0 344
7 684
94 764
0 582
59 1072
3 1862
0 1862
2 369
14 876
1 625
0 233
1 937
0 937
15 937
0 230
1 421
0 272
0 218
2 812
17 826
0 919
1 887
1 1072
71 2339
3 958
2 958
6 1623
5 141
1 792
1 811
1 2330
0 2330
1 247
11 974
8 120
0 182
2 423
0 1967
0 30
3 384
0 549
20 1153
1 497
1 188
1 498
0 157
2 157
2 2339
1 950
1 57
0 135
1 473
0 962
1 448
0 163
0 414
6 1161
1 1161
2 1161
1 117
1 96
0 1403
0 1346
1 139
15 1110
0 473
3 318
0 318
1 700
0 162
4 1967
2 1539
0 1539
0 106
1 5662
2 5662
7 5662
6 5662
4 5662
7 1536
24 1536
6 625
19 2565
11 2565
12 2565
2 2565
14 2565
4 2565
15 1747
2 384
2 183
2 1249
1 1249
0 87
0 812
3 746
1 2128
0 2128
2 2128
0 473
0 67
2 124
14 178
0 764
2 379
1 2396
0 2396
2 2396
17 890
0 890
4 890
0 38
0 2407
3 2407
2 2407
8 2407
1 735
0 581
1 581
1 385
3 385
6 615
0 139
0 641
2 448
3 1064
0 1064
4 2225
3 89
0 941
0 89
0 1419
0 452
0 80
9 554
1 89
0 1294
17 1294
6 381
8 1948
2 1948
0 1948
1 1948
4 962
8 448
0 352
0 137
0 594
5 1708
0 1708
7 287
0 25
0 816
0 626
0 90
25 2339
0 1536
0 233
5 69
0 319
0 796
0 446
0 527
0 142
0 369
0 153
0 590
0 385
19 413
0 446
2 2395
0 2395
4 404
295 592
18 2163
25 2163
33 2163
3 55
18 191
1 2423
2 2423
0 2423
0 344
0 196
0 452
20 1403
1 1205
2 1205
3 1014
0 294
2 448
3 86
0 395
11 844
0 844
1 303
1 1360
0 812
0 107
0 562
0 479
4 467
1 1733
25 1733
9 1733
0 80
1 739
0 446
123 247
0 389
0 733
3 215
4 295
1 431
0 175
0 130
1 187
3 135
0 284
6 371
11 330
2 1724
0 1724
1 1724
2 549
0 919
43 1139
1 896
0 896
0 437
0 103
0 264
2 261
0 264
0 648
6 1577
2 1501
3 1501
1 1501
45 617
2 1618
0 285
5 504
0 115
1 48
0 247
0 737
0 223
0 509
0 311
3 594
2 477
0 345
1 733
2 789
0 789
0 605
5 1747
0 347
0 1511
1 1511
0 362
1 147
0 307
3 139
2 139
0 382
44 1766
18 788
3 788
6 788
5 788
9 788
0 788
1 788
15 788
4 788
2 694
0 694
5 307
1 174
2 371
0 1077
0 537
4 178
0 103
1 290
1 3159
2 3159
0 3159
1 1331
24 50
0 716
0 508
20 1909
23 1909
22 1909
0 1618
0 1618
0 384
0 384
0 102
0 94
0 585
0 474
46 535
0 261
0 295
0 169
0 148
6 183
4 876
1 733
10 1787
3 1787
0 1787
10 617
0 1553
2 1553
0 504
3 343
1 632
0 127
4 504
2 1083
2 65
15 1144
0 178
7 172
8 240
20 431
10 919
0 498
0 1618
3 1475
13 368
3 26
3 1965
6 1965
7 1965
5 1965
0 1965
21 1965
1 125
0 175
4 55
3 379
0 229
0 229
0 230
1 1042
0 344
1 323
3 746
14 876
2 479
12 406
2 504
2 171
14 575
6 764
5 1913
1 1913
1 1057
2 269
0 173
3 344
0 772
0 242
1 1695
9 1695
0 382
3 764
0 175
0 94
1 811
0 394
0 1287
0 176
9 139
0 310
0 360
4 230
1 811
1 381
1 1129
5 1129
2 1129
3 638
0 1071
7 1410
3 1410
0 1410
1 811
0 497
4 37
0 285
0 305
2 256
0 360
15 233
8 623
2 1061
2 260
0 452
0 563
3 592
7 144
6 327
0 617
0 337
0 362
528 5976
57 5976
2 5976
126 5976
146 5976
0 5976
127 5976
58 5976
24 5976
17 1075
1 379
11 661
0 162
0 2517
16 431
0 100
1 1386
8 850
0 511
1 405
0 1102
1 1102
0 370
2 196
1 361
5 841
0 698
0 124
0 290
10 218
2 439
11 229
0 349
1 89
0 360
7 333
9 333
0 526
0 122
0 412
0 196
1 874
0 247
0 896
1 338
2 338
1 142
27 1779
154 1779
8 1779
127 1779
1 1238
14 876
4 1853
8 1853
5 1853
7 592
1 564
0 173
0 1539
0 158
0 812
5 584
0 328
4 262
0 816
0 99
6 796
4 404
5 146
0 345
2 464
3 228
8 274
459 919
0 502
0 1110
2 122
3 446
8 518
0 141
3 585
0 561
1 2808
0 1357
158 1416
0 204
1 100
281 563
0 564
0 473
27 1110
0 339
163 327
3 308
7 295
0 587
0 777
0 558
1 149
12 209
1 279
1 962
2 3095
4 3095
3 3095
13 1617
1 1617
2 1617
0 1617
0 318
0 327
3 1767
13 1767
0 1767
2 1767
1 240
0 1071
0 522
0 1618
1 465
0 465
1 465
