0 384
0 375
0 392
1 576
0 576
2 776
1 776
0 511
29 2287
10 2287
8 745
2 745
9 914
1 338
0 448
1 691
0 691
0 183
0 914
17 1155
43 1155
149 1155
5 1155
6 1155
5 1370
3 1623
0 7389
18 7389
12 7389
10 7389
38 7389
7 7389
40 7389
8 7389
29 7389
5 7389
539 7389
0 2339
2 615
0 1288
0 176
5 1265
13 1265
8 1265
0 150
0 79
0 1983
1 1983
9 1983
14 1983
4 269
10 397
1 1208
0 1208
11 1208
21 1474
3 240
0 448
0 558
1 1113
0 1113
0 79
4 305
0 400
2 388
4 590
0 1483
3 152
3 152
0 796
37 1536
0 805
0 276
0 328
1 1267
2 1267
5 1267
16 1267
0 1267
2 522
3 198
8 1013
5 1013
4 152
0 1303
1 1008
0 1008
3 327
0 562
5 737
2 737
4 264
1 175
0 44
0 89
5 1913
2 1913
3 1539
0 973
0 855
0 301
27 7645
82 7645
0 7645
23 7645
118 7645
5 7645
2 7645
4 7645
7 7645
34 7645
43 7645
12 7645
16 7645
14 7645
30 7645
15 7645
37 7645
32 7645
138 7645
33 7645
416 9306
7 9306
50 9306
6 9306
4 9306
68 9306
0 9306
2 9306
5 9306
251 9306
32 9306
3 9306
47 9306
133 9306
1 9306
63 9306
34 9306
33 9306
6 3760
68 3760
1 3760
0 3760
5 3760
10 3760
7 3760
2 3760
4 689
6 295
5 1454
0 1454
1 1454
13 1454
1 626
0 203
0 405
1 794
0 794
0 844
90 657
0 1110
1 150
1 1071
0 812
0 812
0 422
4 896
0 395
3 2339
0 135
2 324
6 721
3 79
3 204
1 811
0 368
0 380
0 380
2 384
2 152
0 98
8 68
7 446
0 777
6 777
2 884
12 884
0 1514
34 876
9 348
0 169
2 663
0 663
1 303
0 240
0 441
14 1474
0 733
5 1077
0 404
0 973
0 138
5 1618
9 567
11 876
1 176
0 2150
25 2150
10 876
6 311
7 1597
4 1597
6 1597
0 1597
1 618
0 98
0 184
1 776
0 776
0 497
5 57
0 392
0 670
5 670
1 392
0 511
1 247
0 876
1 344
4 965
9 1539
0 509
4 215
6 176
4 215
4 215
3 1386
0 283
1 764
0 465
0 792
21 10782
6 10782
9 10782
23 10782
24 10782
41 10782
11 10782
48 10782
31 10782
43 10782
35 10782
74 10782
3 10782
8 10782
15 10782
16 10782
77 10782
22 10782
30 10782
20 10782
10 10782
13 10782
46 10782
0 10782
35 10782
29 10782
0 224
16 767
2 144
48 540
0 2510
8 2510
45 269
6 269
0 1269
1 1269
1 919
1 782
0 448
1 931
0 931
1 247
1 89
0 2038
5 2038
4 2038
0 446
1 737
0 1898
1 1898
29 584
7 1360
3 2257
9 2257
1 1695
0 2339
3 1072
1 746
1 746
1 2150
3 2150
17 3410
1 3410
3 3410
2 746
1 2150
4 2150
1 764
1 746
0 456
7 590
8 2449
0 2449
21 191
1 777
6 266
1 1027
4 976
60 976
20 3000
4 3000
32 3000
92 3000
27 3000
9 3000
2 202
1 456
1 777
1 381
2 295
1 186
6 441
0 94
9 68
0 287
0 240
32 142
0 240
6 655
1 1197
7 2831
5 2831
3 2831
0 2831
1 1331
0 4210
1 4210
88 4210
4 4210
9 4210
31 4210
63 4210
7 4210
3 4210
6 4210
81 4210
2 20
2 209
0 677
1 677
1 1547
3 1547
0 888
1 888
0 344
6 413
14 1012
2 1012
17 1012
0 269
0 467
1 504
17 1110
1 585
0 2128
6 2128
4 2128
1 960
0 1483
8 1536
2 1536
1 1110
3 1069
2 1069
0 1069
1 1014
67 811
0 1110
0 423
0 93
7 183
0 384
0 724
4 2375
3 2375
6 2375
0 178
17 788
2 788
7 788
6 788
20 788
0 788
1 788
16 788
3 788
2 203
4 226
0 4949
9 4949
3 4949
23 4949
47 4949
40 4949
38 4949
0 120
79 2150
0 2150
5 2150
0 653
3 689
20 2955
11 2955
9 2955
15 2955
12 2955
1 2955
8 2955
2 1695
1 439
1 439
0 225
6 2163
3 2163
107 13875
6 13875
43 13875
54 13875
82 13875
64 13875
8 13875
3 13875
121 13875
25 13875
2006 13875
113 13875
46 13875
5 13875
4 2339
3 222
0 150
4 1164
8 1164
5 1164
1 2347
0 2347
4 2347
3 2347
0 633
0 384
25 3126
37 3126
6 3126
8 3126
21 3126
30 3126
24 3126
4 1078
0 1078
6 1078
0 267
0 1926
20 526
1 812
11 858
17 5657
29 5657
10 5657
16 5657
1 5657
15 5657
64 5657
40 5657
1 1042
0 423
0 218
8 172
48 1307
70 1021
1 384
0 400
2 240
1 247
3 176
0 247
1 124
0 618
0 247
6 1708
14 1708
17 1708
11 1708
0 762
1 762
3 152
7 371
0 264
1 442
0 442
0 389
74 5642
13 5642
92 5642
221 5642
43 5642
21 5642
2 5642
3 416
0 223
0 86
17 543
1 1403
1 1403
0 679
1 2517
0 87
26 689
9 336
0 89
0 153
9 1403
0 1963
10 1963
5 2002
12 2002
2 2002
2 147
0 147
12 163
2 264
1 1539
6 264
2 590
0 181
23 241
2 465
80 764
121 764
13 764
9 295
1 1652
2 1652
0 1967
0 86
0 1110
2 1183
1 1183
0 1183
0 876
0 389
0 1124
1 1124
8 1014
0 961
3 961
6 961
0 526
0 359
27 1130
1 257
2 1386
10 842
20 1042
0 257
7 2403
42 2403
11 2403
0 106
0 375
21 617
0 270
0 270
1 340
8 327
0 380
1 518
0 587
1 587
0 384
0 424
0 264
7 699
5 1317
0 1317
1 1317
1 120
6 594
0 538
0 603
9 1130
1 344
0 240
1 1241
0 122
0 855
0 1898
1 1898
0 1898
1 1898
1 384
2 17
3 914
0 777
6 163
7 4713
14 4713
1 4713
362 4713
0 4713
11 4713
0 44
1 2150
13 2150
4 2150
10 2150
4 402
18 266
0 781
3 781
6 781
1 781
10 664
1 689
0 874
0 796
0 796
70 1464
1 1464
4 1464
0 548
0 382
6 233
2 663
12 257
7 506
3 1012
2 257
2 626
0 371
57 782
8 3816
0 3816
3 3816
5 3816
2 3816
7 3816
40 3816
0 340
0 1347
1 1347
0 149
0 554
2 364
12 364
15 295
41 435
0 695
7 1247
10 1247
3 423
0 914
0 265
3 631
1 631
0 186
0 518
6 171
39 511
1 431
1 2308
0 2308
6 2303
1 2303
3 145
1 145
7 145
1 467
4 518
1 405
6 318
1 423
1 324
1 389
35 8726
5 8726
149 8726
24 8726
194 8726
10 8726
200 8726
42 8726
4 8726
1 8726
28 8726
33 8726
30 8726
3 422
2 108
0 456
0 1036
1 1036
19 391
0 344
0 679
3 154
38 397
15 3066
9 3066
10 3066
4 1214
16 1214
8 1595
92 1595
14 764
0 457
0 368
0 376
2 209
2 209
1 1191
0 1191
0 592
6 378
8 141
0 389
0 446
1 264
0 526
2 1110
1437 12734
42 12734
0 12734
86 12734
87 12734
85 12734
1371 12734
36 12734
11 12734
378 12734
165 12734
165 12734
194 12734
198 12734
119 12734
323 12734
217 12734
254 12734
0 203
0 89
0 653
14 295
0 841
0 441
3 384
0 876
36 1264
129 1264
68 1264
0 404
0 1483
0 1110
4 590
1 590
5 264
0 107
10 1386
0 148
0 89
17 842
3 461
1 669
0 669
6 737
2 699
3 423
5 737
0 107
0 107
1 148
0 473
5 2629
32 2629
8 2629
1 2629
0 384
1 1589
2 1589
0 1589
4 113
0 2696
1 2696
3 2696
0 774
14 664
105 987
2 987
0 987
36 4344
10 4344
31 4344
20 4344
7 4344
14 4344
21 4344
3 222
3 626
14 1376
0 1376
3 1376
5 1376
0 558
0 680
5 680
2 234
4 177
4 177
1 384
1 441
27 441
4 376
1 1511
3 1511
2 522
1 522
0 169
1 737
9 664
3 479
0 2238
1 2238
12 2238
9 2238
15 1074
11 737
0 762
1 2517
36 788
0 2300
3 2300
2 762
0 618
0 183
0 270
5 558
0 252
19 295
25 1913
81 1913
4 656
9 656
1 656
1 240
0 423
113 764
0 373
7 446
1 357
3 423
6 632
1 590
0 562
12 456
0 9
293 587
0 562
15 1014
2 774
0 404
1 567
1 1407
2 594
1 690
0 690
0 250
1 127
0 295
2 2725
6 2725
4 2725
5 2725
1 2725
2 442
0 442
1 518
0 508
0 269
1 269
0 38
2 6094
21 6094
15 6094
18 6094
47 6094
4 1370
1 2737
29 2737
29 1409
18 526
3 465
1 339
2 960
1 960
28 382
1 295
0 404
0 431
3 1536
2 615
0 844
1 308
1 504
0 560
1 730
3 730
1 764
2 1701
2 240
13 283
0 596
0 392
1 2339
5 2339
0 303
0 461
23 563
27 438
0 122
10 980
5 980
11 845
0 665
9 378
3 352
1 889
8 889
0 189
0 431
0 751
5 526
1 1955
6 1955
0 1955
11 1955
5 1955
2 1955
108 9453
96 9453
95 9453
30 9453
19 9453
156 9453
7 9453
60 9453
20 9453
101 9453
87 9453
86 9453
58 9453
81 9453
43 9453
8 3604
64 3604
69 3604
1801 3604
37 3604
4 2982
10 2982
1 2982
7 2982
22 2982
2 1152
6 499
0 181
1 181
10 249
7 613
12 395
4 575
0 122
3 1114
0 1114
30 283
141 283
0 241
4 55
13 655
4 1887
7 1887
34 1887
2 7512
9 7512
7 7512
12 7512
61 7512
13 7512
3 7512
124 7512
111 7512
202 7512
37 7512
4 7512
14 7512
178 7512
153 7512
5 328
2 623
5 106
6 82
1 305
1 196
17 151
19 439
3 328
11 2031
12 4370
11 4370
16 4370
13 4370
2 4370
15 4370
17 4370
8 4370
2 340
0 360
1 269
0 413
17 887
1 187
3 187
3 534
2 1539
11 726
16 257
5 202
1 764
2 764
0 473
4 729
2 729
3 729
3 174
6 593
1 326
6 282
1 59
1 2849
58 2849
7 2849
39 2849
0 225
13 435
3 435
1 522
6 146
0 479
11 399
0 587
0 562
28 788
10 788
37 788
29 788
38 788
0 788
2 788
40 788
26 788
13 473
15 473
9 1528
1 1528
28 1904
22 1904
9 733
0 219
9 2417
2 2417
45 594
38 594
28 594
1 620
0 620
0 476
7 476
0 405
36 1695
0 91
4 91
0 1223
1 1223
3 1223
4 479
1 328
16 1879
6 1879
12 4834
24 4834
16 4834
0 4834
34 4834
15 4834
1 145
16 739
4 336
10 361
8 177
0 413
35 759
1 191
5 191
22 240
2 233
3 177
0 176
2 318
5 807
6 807
0 761
2 446
1 931
0 931
0 1074
40 812
13 287
10 764
0 1043
1 857
1 922
2 558
11 558
21 279
32 173
8 130
13 617
5 617
4 1707
2 1707
14 4275
6 4275
4 4275
5 4275
15 4275
1 1149
0 1149
3 1149
1 2971
2 2971
1 336
2 318
0 1026
0 92
1 92
0 311
0 161
2 774
4 127
0 379
4 400
0 428
5 381
0 562
0 497
0 393
4 279
0 323
10 395
15 223
0 362
15 509
0 2434
5 716
10 388
17 233
0 484
0 484
0 484
0 1075
1 1075
0 1075
4 1075
6 118
2 114
27 844
37 844
3 306
2 1742
3 1742
0 1742
1 441
0 655
52 764
6 509
489 3737
0 3737
2 3737
1 3737
13 562
1090 2181
0 338
0 40
4 379
1 405
1 474
0 98
1 1143
15 368
5 699
1 343
13 126
0 1644
1 1644
2 767
6 767
69 767
7 20
14 310
4 354
0 61
4 297
68 727
6 395
0 1618
1 233
5 381
4 473
9 217
3 152
68 768
7 171
0 567
0 301
0 461
32 788
3 788
30 788
21 788
41 788
0 788
1 788
37 788
17 788
1 405
0 653
3 139
3 324
0 973
4 1386
0 633
20 664
8 1618
0 395
0 295
6 344
3 230
1109 2219
0 385
19 527
0 1926
1 1926
2 548
0 919
0 699
3 472
2 327
0 821
2 821
3 821
0 526
4 567
23 1012
9 1012
4 1012
3 562
59 739
2 266
11 227
0 241
8 635
2 391
6 177
5 407
7 435
24 535
23 527
0 371
1 371
1 240
0 57
32 297
0 262
1 361
19 1312
0 84
1 287
0 509
1 585
17 592
35 812
97 2339
13 290
0 948
1 948
1 448
37 973
6 360
1 389
72 1646
2 2101
0 2101
3 2101
4 2101
6 876
8 472
2 265
3 777
21 502
9 137
18 209
2 144
0 183
0 370
18 135
1 120
21 962
14 721
0 114
2 3218
2 1747
0 231
0 1110
0 153
1 290
0 397
8 325
17 319
10 382
26 5267
19 5267
10 5267
13 5267
80 5267
22 5267
73 5267
91 5267
6 5267
7 5267
8 5267
1 5267
20 5267
46 5267
8 1034
0 1034
5 2191
1 2191
15 247
15 247
39 1416
171 1027
2 319
0 1042
5 384
0 163
1 127
1 484
5 900
0 544
23 265
4 368
0 930
14 2416
13 2416
19 2416
37 919
1 407
0 382
0 247
0 233
2 1183
1 1183
0 1183
1 1185
0 382
0 340
0 3763
10 3763
0 177
1 477
0 141
0 242
1 295
2 295
3 395
30 615
3 308
0 1695
23 511
0 227
0 257
2 2339
1 395
0 359
0 761
3 257
0 176
3 336
0 195
1 365
0 240
1 230
7 196
7 338
5 1116
3 1116
5 1124
0 300
6 1623
36 906
0 57
0 188
0 1057
0 233
2 721
3 318
0 735
3 699
2 446
0 310
0 165
12 465
14 1130
70 679
1 392
9 348
0 1898
1 1898
3 472
1 950
0 950
5 950
0 191
3 1695
0 324
0 282
0 861
4 1695
23 360
0 960
7 388
1 1701
0 453
1 453
0 247
3 461
0 295
0 1042
13 549
19 319
5 1110
6 2517
1 866
4 866
12 141
3 387
3 48
0 1791
3 1791
2 511
2 275
7 286
0 423
0 191
13 950
0 509
0 861
0 364
9 364
0 378
2 3651
0 364
6 364
0 298
8 679
2 654
0 177
9 605
13 392
11 392
0 569
0 43
5 414
0 272
4 327
1 2050
2 2050
0 2050
1 617
2 927
17 1268
12 1268
19 1268
23 1413
4 157
10 317
13 790
86 790
0 812
18 1077
26 584
28 562
9 1360
2 1695
24 405
2 587
0 127
3 1592
0 1592
2 1719
0 1719
1 1719
0 548
2 548
1 195
6 352
0 1043
10 2703
11 2703
2 2703
3 2703
11 1165
11 395
1 1323
0 1323
2 1323
5 1323
3 1323
0 118
4 165
10 663
12 451
10 1536
0 1526
2 1526
4 1526
2 116
11 327
1 587
2 139
1 325
7 1288
2 116
6 240
0 217
355 712
8 1386
4 2339
6 2517
4 381
12 284
0 183
9 295
2 2517
28 2339
1 465
0 247
0 2517
0 55
3 281
2 247
10 1360
0 461
46 3761
0 590
2 594
27 378
7 1539
3 108
188 4338
167 1552
3 152
7 646
2 306
0 657
1 657
12 1042
44 421
1 1042
4 222
4 1034
0 270
0 1104
1 486
0 502
0 57
9 816
4 2365
18 1074
0 187
1 2236
2 2236
3 2236
4 2236
1 405
22 1110
5 497
10 222
0 120
0 151
1 1392
0 230
1 86
3 78
143 2339
0 9
1 1021
4 318
3 308
30 279
0 762
0 88
5 721
22 1027
0 500
0 89
4 86
12 159
7 733
21 725
0 276
1 497
3 1130
0 456
1 654
0 777
0 53
0 340
72 475
2 142
0 694
0 41
0 90
3 588
1 588
3 588
0 214
0 67
0 588
1 327
0 342
0 588
3 193
1 161
7 90
1 588
0 41
8 322
3 718
1 142
9 567
7 588
3 113
0 120
2 588
25 567
43 588
1 588
3 483
1 588
4 218
11 588
0 282
0 282
12 588
11 218
0 327
1 24
0 274
2 274
2 214
1 142
2 90
12 90
1 228
7 567
0 229
10 567
1 343
1 228
1 327
0 43
4 386
4 694
10 228
2 475
0 588
21 475
32 946
0 475
0 567
3 457
1 327
2 483
4 343
0 116
0 475
9 228
0 342
3 327
41 560
21 229
0 99
1 588
7 43
6 43
0 168
6 141
3 483
0 16
1 588
2 386
1 334
2 588
3 588
11 588
3 588
0 90
8 588
0 271
4 588
10 386
0 67
44 560
13 342
0 454
1 588
10 588
1 211
15 694
31 694
10 228
15 327
3 588
5 752
0 53
2 229
2 588
2 41
0 374
0 334
20 588
2 475
7 110
0 229
0 58
0 588
0 142
7 153
0 334
3 116
8 118
5 588
6 386
3 327
1 142
13 228
13 156
3 588
1 588
1 327
2 343
11 153
23 475
4 588
0 99
0 588
2 588
31 574
0 694
1 90
15 694
2 56
22 560
5 342
0 322
0 752
3 588
36 327
0 193
10 454
0 342
0 67
0 327
0 588
1 229
0 342
0 67
159 2673
0 211
3 483
0 327
2 228
4 33
5 962
1 1539
0 125
0 120
6 80
1 816
0 554
1 176
0 406
0 66
1 473
0 977
0 844
0 290
13 502
0 88
2 275
1 147
5 515
0 1205
0 1403
0 1695
18 605
4 605
3 1347
0 1347
1 1516
0 295
0 473
0 59
5 1021
11 788
15 228
0 1110
0 88
0 768
1 476
0 337
0 340
50 1695
0 127
0 308
1 378
0 241
3 452
0 284
2 1900
0 1900
1 3101
0 3101
0 6
3 218
12 664
0 158
0 423
1 951
2 951
0 623
0 399
3 1577
0 278
1 214
5 2150
0 2150
0 145
1 404
0 1074
4 336
0 362
4 594
0 216
0 439
2 527
1 1386
0 639
28 762
0 625
1 625
0 725
0 395
0 1036
0 1042
1 393
2 1539
1 368
3 1539
15 117
1 632
1 1042
1 518
3 567
0 452
1 1071
0 347
1 303
0 120
2 270
8 2237
3 2237
2 2237
0 2237
10 2237
0 233
258 1552
0 409
0 1230
2 1230
0 853
1 400
0 126
0 446
7 857
0 973
0 274
1 274
3 3390
33 3390
8 3390
4 3390
0 584
30 890
0 626
6 216
0 1346
0 247
11 287
4 79
0 196
16 191
233 7353
1 7353
83 7353
599 7353
131 7353
34 7353
258 7353
11 7353
2 7353
617 7353
8 7353
27 7353
3 7353
263 7353
5 7353
41 7353
0 141
2 2466
3 2466
0 2466
4 2466
1 1456
49 10604
63 10604
0 10604
21 10604
35 10604
2 10604
93 10604
139 10604
31 10604
74 10604
7 10604
98 10604
55 10604
36 10604
69 10604
119 10604
7 1655
6 1655
0 407
4 1162
8 1162
3 1162
5 1162
3 479
20 623
0 87
1 564
8 391
0 295
1 590
0 508
42 1695
1 47
31 788
25 788
34 788
28 788
33 788
0 788
3 788
22 788
24 788
1 230
0 739
0 436
2 1695
0 247
3 626
1 567
3 115
3 48
0 344
13 684
82 764
1 582
89 1072
6 1862
0 1862
1 369
9 876
1 625
0 233
2 937
0 937
17 937
0 230
2 421
0 272
0 218
2 812
21 826
0 919
3 887
1 1072
44 2339
4 958
0 958
3 1623
1 141
0 792
1 811
1 2330
0 2330
1 247
4 974
6 120
0 182
3 423
0 1967
0 30
0 384
0 549
13 1153
2 497
2 188
3 498
0 157
2 157
2 2339
3 950
1 57
0 135
0 473
0 962
0 448
0 163
0 414
9 1161
0 1161
3 1161
1 117
2 96
0 1403
0 1346
1 139
9 1110
0 473
3 318
0 318
1 700
0 162
6 1967
2 1539
0 1539
0 106
7 5662
12 5662
20 5662
18 5662
16 5662
6 1536
9 1536
5 625
15 2565
9 2565
4 2565
1 2565
6 2565
0 2565
10 1747
1 384
2 183
2 1249
0 1249
0 87
0 812
3 746
1 2128
0 2128
2 2128
0 473
0 67
2 124
23 178
0 764
2 379
2 2396
0 2396
1 2396
15 890
1 890
4 890
0 38
0 2407
2 2407
3 2407
7 2407
1 735
0 581
3 581
2 385
3 385
2 615
0 139
0 641
0 448
5 1064
0 1064
4 2225
0 89
0 941
0 89
0 1419
2 452
0 80
12 554
1 89
0 1294
17 1294
4 381
6 1948
0 1948
2 1948
1 1948
5 962
9 448
0 352
0 137
0 594
7 1708
0 1708
8 287
0 25
0 816
0 626
1 90
29 2339
0 1536
0 233
3 69
0 319
0 796
0 446
0 527
2 142
0 369
0 153
0 590
1 385
19 413
2 446
2 2395
0 2395
5 404
295 592
15 2163
17 2163
23 2163
4 55
21 191
1 2423
2 2423
0 2423
0 344
0 196
0 452
27 1403
1 1205
2 1205
3 1014
0 294
0 448
0 86
0 395
1 844
0 844
0 303
1 1360
0 812
3 107
0 562
2 479
5 467
2 1733
23 1733
8 1733
0 80
0 739
0 446
30 247
0 389
0 733
3 215
2 295
1 431
0 175
0 130
1 187
5 135
0 284
6 371
8 330
3 1724
0 1724
2 1724
1 549
0 919
60 1139
1 896
0 896
1 437
1 103
0 264
2 261
0 264
0 648
5 1577
2 1501
3 1501
1 1501
22 617
2 1618
0 285
2 504
0 115
1 48
0 247
0 737
0 223
0 509
0 311
7 594
2 477
0 345
1 733
2 789
1 789
0 605
5 1747
0 347
0 1511
1 1511
0 362
0 147
0 307
2 139
1 139
0 382
5 1766
32 788
2 788
5 788
4 788
21 788
0 788
1 788
22 788
3 788
2 694
0 694
5 307
1 174
3 371
0 1077
0 537
9 178
0 103
1 290
1 3159
2 3159
0 3159
0 1331
24 50
0 716
0 508
13 1909
14 1909
10 1909
0 1618
0 1618
0 384
1 384
0 102
0 94
1 585
0 474
45 535
0 261
0 295
0 169
0 148
4 183
4 876
1 733
9 1787
3 1787
0 1787
27 617
0 1553
2 1553
1 504
2 343
1 632
0 127
2 504
1 1083
2 65
28 1144
0 178
3 172
17 240
35 431
0 919
2 498
0 1618
8 1475
10 368
3 26
2 1965
13 1965
11 1965
8 1965
1 1965
36 1965
0 125
0 175
4 55
4 379
0 229
0 229
0 230
1 1042
0 344
1 323
1 746
11 876
3 479
7 406
2 504
3 171
23 575
4 764
4 1913
2 1913
0 1057
2 269
0 173
0 344
0 772
0 242
1 1695
2 1695
0 382
3 764
0 175
0 94
1 811
0 394
0 1287
0 176
4 139
0 310
0 360
5 230
1 811
1 381
2 1129
4 1129
5 1129
4 638
0 1071
5 1410
0 1410
1 1410
1 811
0 497
2 37
0 285
0 305
2 256
0 360
7 233
3 623
1 1061
1 260
0 452
0 563
2 592
5 144
4 327
0 617
0 337
0 362
609 5976
46 5976
3 5976
107 5976
169 5976
0 5976
106 5976
40 5976
17 5976
9 1075
1 379
14 661
0 162
2 2517
10 431
0 100
1 1386
12 850
2 511
1 405
0 1102
1 1102
0 370
3 196
1 361
8 841
0 698
0 124
0 290
2 218
2 439
8 229
0 349
0 89
0 360
5 333
3 333
0 526
0 122
0 412
0 196
0 874
0 247
0 896
1 338
2 338
2 142
18 1779
187 1779
7 1779
139 1779
1 1238
12 876
8 1853
10 1853
9 1853
6 592
1 564
1 173
0 1539
0 158
0 812
6 584
1 328
4 262
0 816
0 99
10 796
1 404
1 146
0 345
5 464
1 228
15 274
459 919
0 502
0 1110
2 122
2 446
9 518
0 141
2 585
0 561
1 2808
0 1357
149 1416
0 204
2 100
66 563
0 564
0 473
39 1110
0 339
163 327
4 308
7 295
0 587
0 777
0 558
0 149
11 209
1 279
4 962
3 3095
8 3095
6 3095
11 1617
4 1617
1 1617
2 1617
0 318
0 327
4 1767
15 1767
1 1767
2 1767
1 240
0 1071
0 522
0 1618
1 465
0 465
1 465
