0 384
1 375
0 392
1 576
0 576
1 776
0 776
4 511
29 2287
10 2287
11 745
1 745
12 914
0 338
0 448
1 691
0 691
0 183
1 914
19 1155
39 1155
158 1155
12 1155
16 1155
7 1370
2 1623
0 7389
8 7389
21 7389
34 7389
63 7389
16 7389
45 7389
25 7389
30 7389
1 7389
577 7389
0 2339
1 615
2 1288
0 176
5 1265
37 1265
8 1265
0 150
1 79
0 1983
3 1983
14 1983
16 1983
4 269
13 397
2 1208
0 1208
22 1208
40 1474
3 240
0 448
0 558
1 1113
0 1113
0 79
4 305
0 400
1 388
2 590
0 1483
4 152
4 152
0 796
28 1536
0 805
0 276
0 328
1 1267
2 1267
5 1267
13 1267
0 1267
1 522
3 198
12 1013
17 1013
4 152
0 1303
2 1008
1 1008
4 327
1 562
3 737
2 737
3 264
1 175
0 44
0 89
8 1913
3 1913
3 1539
0 973
0 855
0 301
33 7645
93 7645
0 7645
39 7645
134 7645
7 7645
2 7645
6 7645
10 7645
46 7645
49 7645
12 7645
18 7645
14 7645
42 7645
20 7645
45 7645
51 7645
142 7645
34 7645
366 9306
8 9306
55 9306
6 9306
4 9306
86 9306
0 9306
2 9306
5 9306
247 9306
36 9306
3 9306
46 9306
162 9306
1 9306
52 9306
30 9306
50 9306
5 3760
68 3760
1 3760
0 3760
8 3760
13 3760
9 3760
2 3760
2 689
7 295
4 1454
0 1454
2 1454
11 1454
1 626
0 203
0 405
2 794
0 794
0 844
105 657
0 1110
0 150
1 1071
0 812
0 812
0 422
6 896
0 395
4 2339
0 135
7 324
6 721
0 79
3 204
1 811
0 368
0 380
0 380
3 384
2 152
0 98
3 68
9 446
2 777
10 777
3 884
19 884
0 1514
26 876
7 348
0 169
2 663
0 663
1 303
0 240
0 441
20 1474
0 733
4 1077
1 404
0 973
0 138
13 1618
10 567
9 876
1 176
0 2150
22 2150
10 876
5 311
4 1597
15 1597
5 1597
1 1597
2 618
0 98
0 184
1 776
0 776
0 497
4 57
0 392
0 670
6 670
0 392
1 511
0 247
0 876
1 344
5 965
7 1539
0 509
4 215
5 176
4 215
4 215
2 1386
0 283
1 764
0 465
0 792
29 10782
6 10782
12 10782
33 10782
37 10782
54 10782
9 10782
84 10782
53 10782
61 10782
47 10782
76 10782
4 10782
10 10782
18 10782
26 10782
97 10782
24 10782
28 10782
30 10782
17 10782
13 10782
74 10782
0 10782
47 10782
43 10782
0 224
14 767
3 144
43 540
1 2510
21 2510
58 269
10 269
0 1269
1 1269
2 919
1 782
0 448
1 931
0 931
1 247
0 89
0 2038
11 2038
6 2038
0 446
1 737
0 1898
1 1898
28 584
6 1360
4 2257
18 2257
1 1695
0 2339
3 1072
1 746
1 746
1 2150
3 2150
18 3410
1 3410
3 3410
1 746
1 2150
5 2150
0 764
1 746
0 456
5 590
8 2449
0 2449
18 191
4 777
8 266
2 1027
3 976
87 976
21 3000
5 3000
31 3000
100 3000
28 3000
10 3000
2 202
1 456
3 777
3 381
2 295
1 186
2 441
0 94
11 68
0 287
0 240
37 142
0 240
8 655
1 1197
7 2831
5 2831
3 2831
0 2831
1 1331
0 4210
1 4210
75 4210
4 4210
9 4210
34 4210
50 4210
7 4210
3 4210
6 4210
80 4210
2 20
2 209
0 677
1 677
2 1547
3 1547
0 888
1 888
0 344
12 413
21 1012
1 1012
5 1012
0 269
1 467
1 504
26 1110
1 585
2 2128
6 2128
4 2128
2 960
1 1483
7 1536
3 1536
0 1110
4 1069
2 1069
0 1069
1 1014
61 811
0 1110
0 423
0 93
6 183
0 384
0 724
7 2375
4 2375
6 2375
1 178
18 788
3 788
10 788
11 788
24 788
0 788
1 788
17 788
7 788
2 203
5 226
1 4949
11 4949
2 4949
18 4949
36 4949
95 4949
80 4949
0 120
109 2150
1 2150
9 2150
0 653
3 689
19 2955
12 2955
9 2955
14 2955
13 2955
3 2955
8 2955
3 1695
2 439
3 439
0 225
9 2163
7 2163
269 13875
7 13875
117 13875
105 13875
127 13875
52 13875
28 13875
6 13875
189 13875
53 13875
2334 13875
123 13875
39 13875
1 13875
3 2339
2 222
0 150
4 1164
15 1164
26 1164
1 2347
0 2347
2 2347
3 2347
0 633
0 384
35 3126
43 3126
6 3126
13 3126
24 3126
30 3126
39 3126
4 1078
0 1078
13 1078
0 267
0 1926
19 526
1 812
12 858
20 5657
49 5657
15 5657
25 5657
5 5657
30 5657
106 5657
33 5657
1 1042
0 423
0 218
3 172
52 1307
63 1021
0 384
0 400
1 240
1 247
2 176
0 247
1 124
1 618
0 247
7 1708
28 1708
39 1708
27 1708
0 762
1 762
3 152
7 371
0 264
1 442
0 442
0 389
58 5642
20 5642
113 5642
228 5642
66 5642
37 5642
3 5642
3 416
0 223
0 86
14 543
2 1403
0 1403
1 679
1 2517
0 87
32 689
9 336
0 89
0 153
6 1403
0 1963
9 1963
8 2002
21 2002
2 2002
1 147
0 147
9 163
0 264
1 1539
4 264
1 590
0 181
22 241
2 465
77 764
127 764
12 764
11 295
1 1652
2 1652
0 1967
0 86
0 1110
2 1183
1 1183
0 1183
0 876
0 389
0 1124
2 1124
7 1014
0 961
3 961
8 961
0 526
0 359
24 1130
3 257
2 1386
8 842
13 1042
0 257
10 2403
59 2403
12 2403
0 106
0 375
20 617
0 270
0 270
1 340
11 327
0 380
1 518
0 587
2 587
0 384
0 424
0 264
2 699
5 1317
0 1317
4 1317
1 120
8 594
0 538
0 603
9 1130
0 344
0 240
3 1241
0 122
0 855
0 1898
2 1898
0 1898
1 1898
0 384
2 17
2 914
0 777
6 163
8 4713
15 4713
1 4713
299 4713
0 4713
10 4713
0 44
4 2150
23 2150
11 2150
25 2150
2 402
20 266
2 781
5 781
9 781
0 781
7 664
2 689
0 874
0 796
0 796
81 1464
1 1464
4 1464
0 548
0 382
2 233
2 663
12 257
7 506
8 1012
4 257
2 626
0 371
68 782
12 3816
0 3816
4 3816
8 3816
3 3816
6 3816
54 3816
0 340
0 1347
1 1347
0 149
1 554
4 364
16 364
15 295
47 435
0 695
17 1247
27 1247
4 423
1 914
0 265
4 631
2 631
0 186
0 518
3 171
38 511
0 431
4 2308
0 2308
21 2303
1 2303
3 145
1 145
14 145
0 467
5 518
1 405
2 318
1 423
3 324
1 389
46 8726
5 8726
157 8726
33 8726
218 8726
10 8726
172 8726
48 8726
4 8726
3 8726
41 8726
35 8726
63 8726
3 422
1 108
0 456
0 1036
1 1036
20 391
0 344
1 679
2 154
36 397
13 3066
11 3066
10 3066
9 1214
23 1214
6 1595
83 1595
8 764
0 457
0 368
0 376
2 209
2 209
2 1191
0 1191
0 592
2 378
5 141
0 389
0 446
3 264
0 526
4 1110
1483 12734
25 12734
0 12734
148 12734
69 12734
83 12734
1059 12734
56 12734
9 12734
216 12734
139 12734
144 12734
212 12734
176 12734
118 12734
231 12734
269 12734
187 12734
0 203
0 89
1 653
17 295
0 841
0 441
3 384
0 876
44 1264
97 1264
43 1264
0 404
1 1483
0 1110
1 590
1 590
2 264
0 107
13 1386
0 148
0 89
26 842
1 461
1 669
0 669
6 737
2 699
3 423
4 737
0 107
0 107
1 148
0 473
11 2629
17 2629
6 2629
2 2629
0 384
1 1589
3 1589
0 1589
4 113
0 2696
1 2696
10 2696
0 774
6 664
108 987
3 987
0 987
42 4344
16 4344
47 4344
21 4344
10 4344
20 4344
24 4344
2 222
5 626
10 1376
2 1376
4 1376
3 1376
0 558
0 680
2 680
2 234
6 177
3 177
0 384
0 441
18 441
4 376
1 1511
4 1511
3 522
1 522
0 169
1 737
5 664
3 479
0 2238
1 2238
14 2238
10 2238
13 1074
12 737
1 762
2 2517
21 788
0 2300
3 2300
5 762
0 618
0 183
0 270
5 558
0 252
16 295
36 1913
112 1913
4 656
8 656
1 656
0 240
1 423
133 764
0 373
10 446
3 357
3 423
5 632
1 590
1 562
14 456
0 9
293 587
0 562
22 1014
4 774
0 404
3 567
2 1407
3 594
1 690
0 690
0 250
1 127
0 295
5 2725
11 2725
8 2725
9 2725
3 2725
2 442
0 442
1 518
0 508
0 269
1 269
0 38
10 6094
40 6094
31 6094
42 6094
78 6094
3 1370
2 2737
34 2737
67 1409
19 526
5 465
1 339
2 960
1 960
33 382
1 295
0 404
1 431
5 1536
1 615
0 844
1 308
2 504
0 560
2 730
3 730
2 764
8 1701
2 240
11 283
0 596
0 392
4 2339
6 2339
0 303
0 461
20 563
24 438
0 122
18 980
7 980
10 845
0 665
16 378
6 352
4 889
11 889
0 189
0 431
0 751
13 526
2 1955
9 1955
1 1955
15 1955
8 1955
3 1955
162 9453
159 9453
146 9453
58 9453
35 9453
217 9453
16 9453
108 9453
57 9453
167 9453
165 9453
144 9453
76 9453
117 9453
79 9453
15 3604
80 3604
100 3604
743 3604
53 3604
4 2982
18 2982
1 2982
8 2982
27 2982
2 1152
11 499
0 181
1 181
16 249
9 613
9 395
1 575
0 122
2 1114
0 1114
23 283
34 283
3 241
4 55
13 655
5 1887
8 1887
45 1887
2 7512
11 7512
7 7512
12 7512
74 7512
14 7512
3 7512
114 7512
93 7512
247 7512
37 7512
4 7512
15 7512
262 7512
147 7512
7 328
9 623
6 106
6 82
2 305
1 196
20 151
16 439
5 328
9 2031
44 4370
41 4370
34 4370
42 4370
18 4370
30 4370
37 4370
29 4370
3 340
0 360
0 269
1 413
19 887
1 187
7 187
3 534
1 1539
12 726
14 257
5 202
2 764
1 764
0 473
7 729
3 729
5 729
2 174
8 593
1 326
10 282
1 59
3 2849
111 2849
10 2849
81 2849
0 225
14 435
5 435
1 522
4 146
0 479
11 399
1 587
1 562
22 788
9 788
14 788
23 788
21 788
0 788
2 788
32 788
15 788
32 473
17 473
16 1528
2 1528
42 1904
25 1904
6 733
0 219
8 2417
0 2417
66 594
33 594
37 594
1 620
0 620
2 476
9 476
0 405
59 1695
0 91
5 91
0 1223
1 1223
3 1223
4 479
1 328
27 1879
8 1879
12 4834
33 4834
14 4834
0 4834
52 4834
19 4834
0 145
17 739
4 336
17 361
5 177
4 413
23 759
1 191
5 191
27 240
2 233
3 177
1 176
1 318
6 807
10 807
0 761
4 446
1 931
0 931
0 1074
29 812
9 287
10 764
0 1043
2 857
2 922
2 558
13 558
24 279
24 173
11 130
16 617
5 617
8 1707
3 1707
13 4275
14 4275
7 4275
6 4275
23 4275
1 1149
0 1149
4 1149
1 2971
2 2971
1 336
3 318
0 1026
0 92
1 92
0 311
1 161
2 774
5 127
0 379
6 400
0 428
4 381
0 562
1 497
0 393
7 279
0 323
13 395
14 223
0 362
17 509
5 2434
3 716
9 388
16 233
1 484
0 484
1 484
3 1075
2 1075
0 1075
4 1075
6 118
4 114
26 844
35 844
2 306
1 1742
6 1742
2 1742
0 441
0 655
97 764
14 509
327 3737
0 3737
2 3737
1 3737
11 562
269 2181
0 338
0 40
6 379
1 405
1 474
0 98
1 1143
14 368
6 699
2 343
12 126
3 1644
1 1644
5 767
10 767
56 767
7 20
20 310
4 354
0 61
4 297
70 727
1 395
0 1618
1 233
8 381
7 473
18 217
3 152
50 768
7 171
1 567
0 301
0 461
18 788
9 788
14 788
16 788
26 788
0 788
1 788
24 788
11 788
1 405
0 653
4 139
8 324
1 973
4 1386
0 633
12 664
10 1618
0 395
0 295
6 344
3 230
1109 2219
0 385
30 527
0 1926
1 1926
5 548
0 919
0 699
3 472
1 327
1 821
2 821
4 821
0 526
13 567
30 1012
11 1012
6 1012
3 562
57 739
4 266
14 227
0 241
8 635
4 391
7 177
5 407
6 435
27 535
18 527
0 371
1 371
1 240
0 57
18 297
0 262
1 361
12 1312
0 84
3 287
0 509
1 585
23 592
43 812
72 2339
13 290
0 948
1 948
1 448
33 973
7 360
1 389
73 1646
5 2101
0 2101
7 2101
8 2101
5 876
8 472
4 265
6 777
32 502
9 137
21 209
3 144
0 183
0 370
18 135
3 120
28 962
20 721
1 114
6 3218
3 1747
0 231
3 1110
0 153
1 290
0 397
5 325
22 319
11 382
61 5267
43 5267
30 5267
36 5267
185 5267
47 5267
84 5267
136 5267
9 5267
7 5267
21 5267
2 5267
38 5267
102 5267
15 1034
0 1034
24 2191
5 2191
15 247
15 247
50 1416
165 1027
4 319
2 1042
11 384
2 163
0 127
1 484
7 900
1 544
22 265
5 368
0 930
29 2416
28 2416
25 2416
40 919
0 407
0 382
0 247
0 233
0 1183
2 1183
1 1183
1 1185
0 382
0 340
1 3763
11 3763
0 177
3 477
0 141
0 242
2 295
3 295
4 395
49 615
3 308
0 1695
20 511
1 227
0 257
2 2339
1 395
0 359
0 761
2 257
0 176
4 336
0 195
0 365
0 240
2 230
6 196
4 338
7 1116
5 1116
6 1124
0 300
5 1623
41 906
0 57
0 188
0 1057
0 233
4 721
3 318
0 735
3 699
3 446
0 310
1 165
7 465
22 1130
62 679
0 392
9 348
0 1898
1 1898
5 472
1 950
0 950
6 950
0 191
10 1695
0 324
1 282
0 861
3 1695
15 360
3 960
8 388
1 1701
0 453
1 453
0 247
3 461
0 295
0 1042
12 549
21 319
6 1110
15 2517
5 866
12 866
10 141
5 387
2 48
1 1791
5 1791
3 511
2 275
8 286
0 423
4 191
13 950
0 509
0 861
0 364
13 364
0 378
5 3651
1 364
7 364
0 298
13 679
3 654
0 177
3 605
14 392
15 392
2 569
0 43
6 414
0 272
5 327
4 2050
3 2050
2 2050
3 617
2 927
24 1268
19 1268
26 1268
20 1413
5 157
5 317
13 790
79 790
0 812
17 1077
22 584
28 562
5 1360
2 1695
33 405
2 587
0 127
7 1592
1 1592
3 1719
1 1719
2 1719
0 548
2 548
4 195
9 352
1 1043
11 2703
20 2703
3 2703
4 2703
7 1165
5 395
2 1323
0 1323
1 1323
7 1323
4 1323
0 118
4 165
7 663
14 451
10 1536
1 1526
3 1526
4 1526
3 116
13 327
2 587
3 139
1 325
26 1288
3 116
7 240
1 217
355 712
7 1386
1 2339
8 2517
10 381
10 284
4 183
12 295
3 2517
56 2339
0 465
0 247
0 2517
0 55
2 281
5 247
8 1360
0 461
44 3761
1 590
3 594
28 378
7 1539
3 108
223 4338
170 1552
3 152
12 646
2 306
0 657
1 657
16 1042
41 421
3 1042
4 222
1 1034
0 270
0 1104
4 486
0 502
0 57
4 816
10 2365
34 1074
1 187
1 2236
2 2236
3 2236
4 2236
1 405
25 1110
1 497
14 222
0 120
0 151
1 1392
0 230
0 86
3 78
120 2339
0 9
1 1021
6 318
3 308
28 279
1 762
0 88
7 721
47 1027
0 500
0 89
4 86
12 159
8 733
19 725
1 276
1 497
3 1130
0 456
2 654
1 777
0 53
2 340
60 475
1 142
0 694
0 41
0 90
3 588
1 588
3 588
0 214
0 67
0 588
1 327
3 342
0 588
2 193
2 161
5 90
2 588
0 41
3 322
3 718
1 142
9 567
8 588
5 113
0 120
1 588
30 567
52 588
0 588
3 483
0 588
4 218
8 588
0 282
0 282
12 588
13 218
0 327
3 24
0 274
1 274
2 214
1 142
1 90
11 90
1 228
9 567
0 229
9 567
2 343
1 228
1 327
1 43
4 386
2 694
14 228
1 475
0 588
22 475
34 946
0 475
0 567
3 457
1 327
3 483
3 343
0 116
0 475
14 228
0 342
2 327
30 560
18 229
0 99
3 588
7 43
7 43
0 168
4 141
5 483
0 16
1 588
2 386
1 334
6 588
5 588
14 588
4 588
0 90
4 588
1 271
2 588
7 386
0 67
38 560
15 342
0 454
0 588
10 588
1 211
24 694
28 694
11 228
19 327
3 588
6 752
0 53
3 229
3 588
2 41
0 374
0 334
24 588
1 475
8 110
0 229
0 58
1 588
0 142
8 153
1 334
3 116
7 118
3 588
7 386
3 327
1 142
17 228
11 156
3 588
1 588
1 327
3 343
6 153
23 475
6 588
0 99
0 588
1 588
36 574
0 694
1 90
13 694
2 56
27 560
4 342
8 322
0 752
2 588
44 327
0 193
10 454
0 342
0 67
0 327
0 588
1 229
0 342
0 67
154 2673
0 211
3 483
0 327
1 228
4 33
5 962
1 1539
0 125
0 120
6 80
1 816
0 554
1 176
0 406
0 66
8 473
0 977
0 844
0 290
15 502
0 88
3 275
1 147
6 515
0 1205
0 1403
0 1695
18 605
3 605
2 1347
0 1347
1 1516
0 295
0 473
0 59
7 1021
4 788
17 228
0 1110
0 88
1 768
1 476
0 337
1 340
57 1695
0 127
0 308
0 378
0 241
9 452
0 284
2 1900
0 1900
1 3101
0 3101
0 6
0 218
9 664
0 158
0 423
3 951
1 951
0 623
0 399
2 1577
0 278
1 214
5 2150
0 2150
0 145
1 404
0 1074
3 336
0 362
4 594
0 216
0 439
2 527
1 1386
0 639
22 762
0 625
1 625
0 725
0 395
0 1036
0 1042
5 393
1 1539
1 368
3 1539
16 117
1 632
1 1042
1 518
4 567
0 452
1 1071
0 347
1 303
0 120
0 270
15 2237
0 2237
2 2237
3 2237
10 2237
0 233
151 1552
0 409
0 1230
2 1230
0 853
1 400
0 126
0 446
13 857
0 973
2 274
1 274
5 3390
37 3390
14 3390
10 3390
0 584
39 890
0 626
3 216
0 1346
0 247
7 287
4 79
0 196
20 191
200 7353
4 7353
72 7353
616 7353
177 7353
36 7353
282 7353
10 7353
1 7353
597 7353
11 7353
79 7353
2 7353
246 7353
5 7353
43 7353
0 141
5 2466
6 2466
0 2466
12 2466
1 1456
57 10604
72 10604
0 10604
50 10604
46 10604
3 10604
106 10604
125 10604
35 10604
75 10604
14 10604
177 10604
86 10604
44 10604
89 10604
171 10604
6 1655
8 1655
0 407
4 1162
10 1162
3 1162
7 1162
3 479
14 623
0 87
1 564
7 391
0 295
1 590
0 508
25 1695
2 47
32 788
21 788
28 788
26 788
36 788
0 788
4 788
25 788
17 788
1 230
0 739
0 436
2 1695
0 247
3 626
1 567
3 115
3 48
0 344
19 684
109 764
1 582
86 1072
17 1862
0 1862
1 369
9 876
1 625
0 233
3 937
0 937
21 937
0 230
1 421
0 272
0 218
3 812
23 826
0 919
8 887
1 1072
53 2339
6 958
0 958
1 1623
0 141
0 792
1 811
2 2330
1 2330
0 247
4 974
1 120
1 182
3 423
0 1967
0 30
0 384
1 549
7 1153
2 497
2 188
8 498
0 157
2 157
1 2339
3 950
1 57
3 135
0 473
0 962
0 448
0 163
0 414
12 1161
1 1161
3 1161
1 117
2 96
0 1403
0 1346
1 139
9 1110
0 473
2 318
0 318
1 700
0 162
11 1967
1 1539
0 1539
0 106
32 5662
23 5662
51 5662
48 5662
58 5662
4 1536
8 1536
6 625
11 2565
8 2565
4 2565
6 2565
5 2565
1 2565
7 1747
0 384
1 183
0 1249
1 1249
0 87
0 812
3 746
2 2128
0 2128
1 2128
0 473
1 67
2 124
27 178
0 764
2 379
2 2396
0 2396
1 2396
11 890
1 890
3 890
0 38
0 2407
1 2407
3 2407
7 2407
1 735
2 581
6 581
5 385
7 385
4 615
0 139
0 641
0 448
5 1064
0 1064
3 2225
0 89
0 941
0 89
0 1419
1 452
0 80
13 554
0 89
0 1294
19 1294
7 381
5 1948
0 1948
2 1948
1 1948
10 962
9 448
0 352
0 137
0 594
6 1708
1 1708
11 287
0 25
0 816
0 626
1 90
30 2339
0 1536
0 233
4 69
0 319
0 796
0 446
0 527
2 142
0 369
0 153
0 590
0 385
19 413
3 446
3 2395
0 2395
6 404
295 592
19 2163
23 2163
21 2163
3 55
29 191
1 2423
7 2423
0 2423
0 344
0 196
0 452
23 1403
1 1205
2 1205
3 1014
0 294
0 448
0 86
0 395
1 844
0 844
0 303
0 1360
0 812
3 107
0 562
2 479
5 467
0 1733
14 1733
7 1733
0 80
0 739
0 446
30 247
0 389
0 733
3 215
2 295
2 431
0 175
0 130
1 187
6 135
0 284
5 371
12 330
7 1724
0 1724
5 1724
2 549
0 919
44 1139
1 896
2 896
5 437
1 103
0 264
2 261
0 264
0 648
6 1577
2 1501
3 1501
1 1501
16 617
1 1618
0 285
3 504
0 115
1 48
0 247
0 737
0 223
0 509
0 311
8 594
2 477
0 345
3 733
3 789
2 789
0 605
14 1747
0 347
1 1511
2 1511
0 362
0 147
0 307
0 139
1 139
0 382
2 1766
35 788
3 788
9 788
11 788
37 788
0 788
1 788
32 788
5 788
1 694
0 694
3 307
1 174
4 371
0 1077
0 537
3 178
0 103
1 290
1 3159
2 3159
0 3159
0 1331
24 50
0 716
0 508
13 1909
15 1909
12 1909
0 1618
0 1618
0 384
1 384
0 102
0 94
1 585
0 474
29 535
0 261
0 295
0 169
0 148
5 183
4 876
3 733
11 1787
3 1787
0 1787
19 617
0 1553
3 1553
3 504
2 343
2 632
0 127
2 504
8 1083
2 65
50 1144
0 178
2 172
23 240
38 431
1 919
5 498
0 1618
7 1475
10 368
3 26
9 1965
28 1965
13 1965
26 1965
8 1965
50 1965
1 125
0 175
5 55
7 379
0 229
0 229
0 230
1 1042
0 344
0 323
1 746
11 876
3 479
5 406
4 504
2 171
25 575
5 764
7 1913
2 1913
1 1057
4 269
0 173
2 344
0 772
0 242
1 1695
2 1695
0 382
4 764
0 175
0 94
1 811
0 394
0 1287
0 176
2 139
0 310
0 360
2 230
1 811
1 381
3 1129
4 1129
6 1129
6 638
0 1071
9 1410
0 1410
1 1410
0 811
0 497
3 37
0 285
0 305
4 256
0 360
6 233
3 623
1 1061
1 260
1 452
0 563
1 592
6 144
8 327
0 617
0 337
0 362
440 5976
52 5976
4 5976
93 5976
177 5976
0 5976
82 5976
44 5976
15 5976
9 1075
1 379
19 661
0 162
5 2517
11 431
0 100
1 1386
22 850
2 511
1 405
0 1102
1 1102
0 370
3 196
1 361
10 841
0 698
0 124
0 290
1 218
3 439
8 229
0 349
0 89
0 360
1 333
1 333
0 526
0 122
0 412
0 196
1 874
0 247
0 896
1 338
3 338
3 142
7 1779
165 1779
4 1779
116 1779
1 1238
9 876
18 1853
19 1853
29 1853
13 592
2 564
1 173
0 1539
0 158
0 812
7 584
1 328
6 262
0 816
0 99
9 796
0 404
0 146
0 345
5 464
2 228
14 274
77 919
0 502
0 1110
2 122
4 446
5 518
0 141
1 585
0 561
1 2808
0 1357
186 1416
0 204
1 100
61 563
1 564
0 473
42 1110
0 339
163 327
4 308
8 295
0 587
0 777
0 558
0 149
10 209
1 279
5 962
8 3095
20 3095
12 3095
10 1617
5 1617
1 1617
4 1617
0 318
0 327
6 1767
17 1767
1 1767
2 1767
0 240
0 1071
0 522
0 1618
1 465
0 465
2 465
