0 384
1 375
0 392
1 576
0 576
1 776
0 776
3 511
33 2287
16 2287
8 745
0 745
19 914
1 338
0 448
1 691
0 691
0 183
2 914
22 1155
26 1155
159 1155
28 1155
29 1155
9 1370
4 1623
0 7389
3 7389
23 7389
68 7389
112 7389
27 7389
51 7389
46 7389
34 7389
6 7389
600 7389
0 2339
1 615
1 1288
0 176
7 1265
52 1265
20 1265
1 150
5 79
1 1983
3 1983
22 1983
28 1983
4 269
11 397
2 1208
0 1208
30 1208
42 1474
3 240
0 448
0 558
3 1113
0 1113
0 79
2 305
0 400
0 388
1 590
1 1483
2 152
3 152
0 796
50 1536
1 805
0 276
0 328
1 1267
3 1267
5 1267
15 1267
0 1267
2 522
4 198
31 1013
21 1013
3 152
0 1303
2 1008
1 1008
4 327
1 562
7 737
6 737
3 264
1 175
0 44
0 89
11 1913
6 1913
4 1539
0 973
0 855
0 301
50 7645
90 7645
0 7645
46 7645
178 7645
7 7645
2 7645
9 7645
11 7645
51 7645
65 7645
14 7645
19 7645
16 7645
58 7645
23 7645
53 7645
70 7645
141 7645
41 7645
314 9306
11 9306
54 9306
5 9306
4 9306
87 9306
0 9306
2 9306
6 9306
200 9306
38 9306
3 9306
52 9306
151 9306
1 9306
46 9306
26 9306
51 9306
5 3760
58 3760
1 3760
0 3760
10 3760
16 3760
9 3760
3 3760
2 689
8 295
4 1454
0 1454
2 1454
11 1454
0 626
0 203
0 405
2 794
0 794
0 844
98 657
0 1110
2 150
1 1071
0 812
0 812
1 422
7 896
0 395
5 2339
0 135
10 324
8 721
0 79
2 204
1 811
0 368
0 380
0 380
4 384
2 152
0 98
1 68
13 446
2 777
10 777
3 884
11 884
0 1514
23 876
12 348
0 169
2 663
0 663
1 303
0 240
0 441
25 1474
0 733
7 1077
0 404
1 973
0 138
27 1618
11 567
7 876
1 176
2 2150
29 2150
7 876
8 311
5 1597
16 1597
8 1597
1 1597
2 618
0 98
0 184
1 776
0 776
0 497
3 57
0 392
0 670
4 670
0 392
2 511
0 247
0 876
0 344
9 965
9 1539
0 509
4 215
3 176
4 215
4 215
2 1386
0 283
1 764
0 465
1 792
43 10782
4 10782
22 10782
54 10782
51 10782
68 10782
11 10782
112 10782
76 10782
95 10782
63 10782
79 10782
6 10782
13 10782
26 10782
46 10782
128 10782
38 10782
30 10782
33 10782
25 10782
16 10782
98 10782
0 10782
63 10782
55 10782
0 224
17 767
4 144
43 540
3 2510
46 2510
60 269
11 269
0 1269
1 1269
6 919
2 782
0 448
1 931
0 931
0 247
0 89
0 2038
14 2038
10 2038
1 446
1 737
0 1898
1 1898
33 584
5 1360
5 2257
24 2257
1 1695
0 2339
3 1072
1 746
2 746
1 2150
5 2150
19 3410
1 3410
3 3410
1 746
2 2150
4 2150
0 764
1 746
0 456
2 590
13 2449
0 2449
16 191
2 777
10 266
3 1027
10 976
90 976
27 3000
5 3000
40 3000
105 3000
37 3000
10 3000
2 202
1 456
9 777
3 381
3 295
0 186
1 441
0 94
11 68
1 287
0 240
38 142
0 240
10 655
0 1197
9 2831
5 2831
4 2831
0 2831
1 1331
0 4210
1 4210
66 4210
5 4210
11 4210
31 4210
39 4210
7 4210
3 4210
6 4210
71 4210
3 20
2 209
0 677
2 677
5 1547
4 1547
1 888
0 888
0 344
18 413
18 1012
3 1012
8 1012
0 269
1 467
3 504
32 1110
1 585
2 2128
6 2128
3 2128
2 960
1 1483
7 1536
2 1536
0 1110
3 1069
4 1069
0 1069
1 1014
58 811
0 1110
0 423
0 93
21 183
0 384
0 724
9 2375
4 2375
6 2375
1 178
24 788
8 788
12 788
16 788
32 788
0 788
1 788
26 788
9 788
3 203
6 226
1 4949
17 4949
3 4949
22 4949
44 4949
150 4949
133 4949
0 120
113 2150
4 2150
13 2150
0 653
3 689
19 2955
16 2955
10 2955
12 2955
15 2955
3 2955
8 2955
4 1695
3 439
3 439
0 225
31 2163
25 2163
371 13875
9 13875
197 13875
132 13875
151 13875
70 13875
85 13875
19 13875
342 13875
107 13875
2210 13875
147 13875
46 13875
3 13875
8 2339
2 222
0 150
4 1164
31 1164
36 1164
4 2347
0 2347
1 2347
3 2347
1 633
0 384
49 3126
67 3126
9 3126
28 3126
47 3126
36 3126
61 3126
4 1078
0 1078
19 1078
0 267
0 1926
19 526
1 812
12 858
29 5657
60 5657
51 5657
31 5657
15 5657
57 5657
133 5657
40 5657
1 1042
0 423
1 218
2 172
60 1307
112 1021
0 384
0 400
1 240
1 247
5 176
0 247
1 124
1 618
0 247
16 1708
51 1708
69 1708
41 1708
0 762
1 762
2 152
7 371
0 264
1 442
0 442
0 389
90 5642
36 5642
160 5642
273 5642
87 5642
39 5642
7 5642
3 416
0 223
0 86
12 543
3 1403
1 1403
1 679
1 2517
0 87
43 689
6 336
0 89
0 153
6 1403
0 1963
8 1963
9 2002
22 2002
2 2002
0 147
0 147
11 163
0 264
1 1539
4 264
1 590
0 181
20 241
4 465
70 764
127 764
15 764
12 295
1 1652
2 1652
0 1967
0 86
0 1110
2 1183
0 1183
1 1183
0 876
0 389
0 1124
4 1124
13 1014
0 961
5 961
11 961
0 526
0 359
18 1130
3 257
2 1386
4 842
14 1042
0 257
10 2403
83 2403
12 2403
0 106
1 375
21 617
0 270
0 270
1 340
15 327
0 380
1 518
0 587
1 587
0 384
0 424
0 264
0 699
3 1317
0 1317
9 1317
1 120
5 594
0 538
0 603
18 1130
0 344
0 240
4 1241
0 122
0 855
0 1898
1 1898
0 1898
1 1898
0 384
3 17
2 914
4 777
6 163
8 4713
17 4713
2 4713
570 4713
0 4713
15 4713
0 44
10 2150
34 2150
17 2150
41 2150
0 402
18 266
6 781
8 781
13 781
1 781
3 664
2 689
0 874
0 796
0 796
75 1464
1 1464
4 1464
0 548
0 382
3 233
2 663
14 257
9 506
28 1012
4 257
3 626
0 371
64 782
14 3816
1 3816
7 3816
9 3816
3 3816
5 3816
84 3816
0 340
0 1347
1 1347
0 149
1 554
4 364
23 364
11 295
45 435
1 695
24 1247
43 1247
4 423
2 914
0 265
4 631
2 631
0 186
0 518
3 171
36 511
2 431
9 2308
1 2308
42 2303
6 2303
4 145
2 145
17 145
2 467
5 518
1 405
3 318
1 423
4 324
1 389
54 8726
7 8726
147 8726
37 8726
216 8726
12 8726
187 8726
58 8726
4 8726
3 8726
60 8726
35 8726
91 8726
3 422
2 108
0 456
0 1036
1 1036
20 391
0 344
1 679
2 154
37 397
12 3066
15 3066
10 3066
9 1214
25 1214
8 1595
91 1595
6 764
0 457
0 368
0 376
2 209
2 209
1 1191
0 1191
0 592
1 378
5 141
0 389
0 446
3 264
0 526
4 1110
1341 12734
36 12734
0 12734
206 12734
72 12734
90 12734
903 12734
60 12734
14 12734
198 12734
162 12734
148 12734
291 12734
246 12734
140 12734
270 12734
348 12734
202 12734
0 203
0 89
2 653
17 295
0 841
0 441
3 384
0 876
61 1264
84 1264
27 1264
0 404
2 1483
0 1110
1 590
1 590
3 264
0 107
20 1386
0 148
0 89
19 842
1 461
2 669
0 669
7 737
1 699
4 423
5 737
0 107
0 107
1 148
0 473
18 2629
20 2629
11 2629
2 2629
0 384
1 1589
3 1589
0 1589
6 113
0 2696
1 2696
30 2696
0 774
4 664
105 987
3 987
0 987
43 4344
17 4344
56 4344
19 4344
20 4344
24 4344
25 4344
3 222
6 626
7 1376
5 1376
1 1376
6 1376
0 558
0 680
5 680
4 234
5 177
5 177
0 384
0 441
17 441
5 376
1 1511
4 1511
4 522
1 522
0 169
5 737
6 664
3 479
0 2238
2 2238
16 2238
11 2238
13 1074
12 737
1 762
2 2517
32 788
0 2300
4 2300
7 762
0 618
0 183
0 270
3 558
0 252
14 295
60 1913
136 1913
3 656
8 656
1 656
0 240
1 423
147 764
0 373
13 446
5 357
4 423
8 632
1 590
1 562
15 456
0 9
293 587
1 562
29 1014
8 774
0 404
5 567
9 1407
3 594
1 690
0 690
0 250
0 127
0 295
29 2725
42 2725
37 2725
38 2725
17 2725
2 442
0 442
1 518
0 508
1 269
0 269
0 38
24 6094
95 6094
80 6094
99 6094
117 6094
3 1370
2 2737
54 2737
61 1409
21 526
11 465
4 339
2 960
1 960
35 382
1 295
0 404
3 431
13 1536
1 615
0 844
1 308
2 504
0 560
2 730
3 730
5 764
10 1701
0 240
14 283
0 596
0 392
5 2339
15 2339
0 303
0 461
20 563
31 438
2 122
21 980
11 980
11 845
2 665
16 378
5 352
6 889
15 889
0 189
2 431
0 751
18 526
2 1955
10 1955
1 1955
17 1955
12 1955
3 1955
247 9453
223 9453
246 9453
81 9453
72 9453
354 9453
21 9453
178 9453
104 9453
248 9453
180 9453
224 9453
105 9453
160 9453
148 9453
24 3604
110 3604
129 3604
638 3604
78 3604
5 2982
17 2982
1 2982
8 2982
28 2982
13 1152
11 499
0 181
1 181
16 249
9 613
12 395
0 575
0 122
3 1114
0 1114
22 283
23 283
6 241
3 55
10 655
5 1887
13 1887
59 1887
2 7512
12 7512
10 7512
13 7512
92 7512
15 7512
3 7512
123 7512
105 7512
245 7512
42 7512
5 7512
21 7512
311 7512
142 7512
4 328
12 623
7 106
7 82
8 305
1 196
21 151
13 439
11 328
18 2031
105 4370
92 4370
82 4370
103 4370
46 4370
74 4370
80 4370
68 4370
5 340
0 360
1 269
2 413
16 887
2 187
11 187
2 534
3 1539
20 726
14 257
3 202
2 764
1 764
0 473
9 729
5 729
7 729
3 174
11 593
1 326
18 282
1 59
7 2849
144 2849
16 2849
100 2849
0 225
17 435
7 435
2 522
4 146
0 479
19 399
2 587
1 562
31 788
16 788
22 788
30 788
27 788
0 788
7 788
35 788
21 788
33 473
20 473
22 1528
1 1528
53 1904
26 1904
9 733
1 219
8 2417
0 2417
74 594
45 594
53 594
2 620
0 620
3 476
16 476
0 405
54 1695
1 91
5 91
0 1223
1 1223
3 1223
4 479
1 328
34 1879
11 1879
10 4834
48 4834
17 4834
0 4834
89 4834
28 4834
0 145
16 739
5 336
23 361
4 177
9 413
29 759
1 191
5 191
30 240
5 233
2 177
3 176
2 318
10 807
23 807
0 761
4 446
1 931
0 931
0 1074
41 812
10 287
13 764
0 1043
2 857
2 922
3 558
16 558
30 279
23 173
10 130
28 617
9 617
15 1707
3 1707
14 4275
26 4275
12 4275
13 4275
35 4275
0 1149
1 1149
4 1149
7 2971
5 2971
2 336
3 318
0 1026
0 92
1 92
0 311
2 161
4 774
4 127
2 379
14 400
0 428
8 381
1 562
1 497
0 393
11 279
0 323
17 395
19 223
0 362
15 509
13 2434
8 716
12 388
11 233
1 484
0 484
1 484
6 1075
4 1075
0 1075
5 1075
7 118
4 114
26 844
34 844
2 306
4 1742
12 1742
5 1742
0 441
0 655
111 764
20 509
332 3737
1 3737
9 3737
6 3737
10 562
250 2181
0 338
0 40
13 379
1 405
1 474
0 98
3 1143
15 368
4 699
3 343
14 126
3 1644
0 1644
6 767
12 767
65 767
7 20
19 310
1 354
0 61
7 297
71 727
0 395
0 1618
2 233
10 381
7 473
16 217
3 152
94 768
9 171
2 567
4 301
4 461
31 788
10 788
19 788
27 788
33 788
0 788
5 788
34 788
14 788
1 405
0 653
12 139
9 324
2 973
3 1386
1 633
11 664
26 1618
0 395
0 295
3 344
4 230
1109 2219
0 385
22 527
1 1926
2 1926
6 548
2 919
0 699
2 472
1 327
1 821
4 821
6 821
0 526
19 567
42 1012
12 1012
9 1012
3 562
62 739
9 266
14 227
0 241
9 635
9 391
7 177
7 407
9 435
29 535
18 527
1 371
2 371
1 240
0 57
13 297
0 262
4 361
16 1312
0 84
3 287
0 509
0 585
29 592
32 812
62 2339
15 290
0 948
1 948
5 448
23 973
8 360
1 389
61 1646
10 2101
1 2101
15 2101
17 2101
6 876
11 472
3 265
11 777
41 502
11 137
25 209
3 144
0 183
0 370
18 135
3 120
34 962
18 721
1 114
34 3218
7 1747
0 231
8 1110
0 153
1 290
1 397
4 325
22 319
13 382
117 5267
81 5267
53 5267
45 5267
278 5267
98 5267
173 5267
279 5267
22 5267
21 5267
39 5267
8 5267
65 5267
181 5267
21 1034
0 1034
44 2191
14 2191
18 247
16 247
91 1416
150 1027
9 319
10 1042
17 384
3 163
0 127
1 484
13 900
2 544
27 265
9 368
0 930
37 2416
38 2416
21 2416
35 919
0 407
0 382
0 247
0 233
1 1183
2 1183
0 1183
1 1185
0 382
2 340
2 3763
17 3763
0 177
4 477
0 141
0 242
3 295
4 295
5 395
25 615
3 308
2 1695
26 511
0 227
0 257
5 2339
1 395
0 359
0 761
2 257
0 176
4 336
3 195
1 365
0 240
2 230
6 196
5 338
11 1116
12 1116
9 1124
1 300
6 1623
41 906
0 57
0 188
2 1057
2 233
6 721
4 318
0 735
0 699
3 446
0 310
2 165
9 465
44 1130
40 679
1 392
9 348
0 1898
1 1898
7 472
1 950
0 950
6 950
0 191
13 1695
1 324
3 282
4 861
4 1695
30 360
6 960
9 388
2 1701
0 453
1 453
0 247
4 461
0 295
0 1042
15 549
25 319
6 1110
36 2517
10 866
19 866
9 141
6 387
2 48
1 1791
12 1791
4 511
2 275
9 286
1 423
16 191
13 950
1 509
0 861
1 364
16 364
0 378
12 3651
2 364
13 364
1 298
22 679
6 654
0 177
4 605
18 392
19 392
6 569
0 43
5 414
0 272
8 327
13 2050
10 2050
6 2050
6 617
8 927
22 1268
29 1268
44 1268
12 1413
4 157
5 317
15 790
80 790
0 812
18 1077
25 584
33 562
5 1360
3 1695
39 405
4 587
0 127
24 1592
5 1592
15 1719
3 1719
11 1719
0 548
3 548
4 195
11 352
2 1043
14 2703
18 2703
5 2703
4 2703
6 1165
6 395
3 1323
0 1323
2 1323
10 1323
5 1323
0 118
7 165
21 663
24 451
8 1536
2 1526
7 1526
3 1526
3 116
12 327
2 587
10 139
3 325
38 1288
3 116
9 240
1 217
100 712
8 1386
0 2339
19 2517
13 381
10 284
5 183
13 295
4 2517
53 2339
1 465
1 247
0 2517
0 55
1 281
5 247
5 1360
2 461
38 3761
1 590
7 594
37 378
6 1539
2 108
324 4338
186 1552
2 152
19 646
2 306
0 657
2 657
20 1042
27 421
3 1042
4 222
6 1034
0 270
0 1104
5 486
0 502
0 57
4 816
14 2365
40 1074
1 187
1 2236
2 2236
3 2236
6 2236
1 405
28 1110
2 497
17 222
0 120
0 151
1 1392
0 230
0 86
2 78
98 2339
0 9
1 1021
8 318
3 308
35 279
1 762
0 88
9 721
58 1027
1 500
1 89
4 86
11 159
11 733
13 725
1 276
2 497
5 1130
0 456
2 654
2 777
0 53
2 340
46 475
1 142
0 694
0 41
0 90
3 588
1 588
3 588
0 214
0 67
1 588
1 327
5 342
0 588
2 193
2 161
8 90
4 588
0 41
10 322
2 718
2 142
9 567
10 588
5 113
0 120
0 588
35 567
60 588
0 588
2 483
0 588
2 218
8 588
0 282
0 282
14 588
13 218
0 327
1 24
0 274
2 274
2 214
1 142
0 90
12 90
1 228
14 567
0 229
14 567
2 343
1 228
1 327
1 43
4 386
2 694
13 228
1 475
0 588
16 475
46 946
0 475
0 567
3 457
2 327
3 483
3 343
0 116
0 475
14 228
0 342
6 327
27 560
16 229
0 99
5 588
8 43
7 43
0 168
3 141
7 483
0 16
3 588
5 386
1 334
12 588
10 588
27 588
12 588
0 90
3 588
1 271
3 588
9 386
0 67
42 560
13 342
0 454
1 588
11 588
1 211
16 694
24 694
12 228
21 327
3 588
6 752
0 53
3 229
3 588
3 41
0 374
0 334
22 588
1 475
8 110
0 229
0 58
1 588
0 142
5 153
1 334
1 116
7 118
3 588
8 386
4 327
2 142
17 228
13 156
3 588
1 588
0 327
3 343
6 153
29 475
10 588
0 99
0 588
2 588
35 574
0 694
1 90
21 694
2 56
23 560
5 342
8 322
1 752
2 588
44 327
0 193
8 454
0 342
0 67
0 327
0 588
1 229
0 342
0 67
182 2673
0 211
4 483
0 327
3 228
4 33
11 962
1 1539
0 125
0 120
7 80
1 816
0 554
0 176
0 406
0 66
14 473
0 977
0 844
2 290
15 502
0 88
4 275
2 147
9 515
0 1205
0 1403
0 1695
17 605
3 605
1 1347
0 1347
1 1516
0 295
0 473
0 59
14 1021
4 788
18 228
0 1110
0 88
1 768
2 476
0 337
2 340
52 1695
0 127
2 308
1 378
0 241
16 452
0 284
1 1900
0 1900
2 3101
0 3101
0 6
1 218
7 664
0 158
0 423
3 951
1 951
0 623
0 399
4 1577
0 278
1 214
5 2150
0 2150
0 145
1 404
0 1074
4 336
0 362
6 594
1 216
0 439
2 527
1 1386
1 639
18 762
0 625
1 625
0 725
0 395
0 1036
0 1042
12 393
2 1539
1 368
2 1539
13 117
1 632
2 1042
4 518
9 567
0 452
1 1071
0 347
2 303
0 120
0 270
29 2237
0 2237
7 2237
6 2237
19 2237
0 233
227 1552
0 409
0 1230
2 1230
0 853
2 400
0 126
0 446
18 857
1 973
2 274
1 274
9 3390
46 3390
20 3390
21 3390
0 584
45 890
0 626
3 216
0 1346
0 247
8 287
3 79
0 196
11 191
263 7353
4 7353
88 7353
521 7353
185 7353
60 7353
295 7353
10 7353
2 7353
674 7353
13 7353
127 7353
3 7353
403 7353
5 7353
37 7353
0 141
9 2466
5 2466
0 2466
27 2466
3 1456
68 10604
79 10604
0 10604
78 10604
143 10604
3 10604
137 10604
172 10604
34 10604
89 10604
27 10604
156 10604
109 10604
60 10604
124 10604
259 10604
10 1655
14 1655
0 407
6 1162
15 1162
4 1162
8 1162
3 479
18 623
0 87
2 564
7 391
0 295
5 590
0 508
14 1695
3 47
34 788
19 788
23 788
26 788
31 788
0 788
9 788
28 788
17 788
1 230
0 739
1 436
2 1695
0 247
3 626
0 567
1 115
3 48
0 344
31 684
174 764
5 582
86 1072
29 1862
1 1862
1 369
5 876
1 625
3 233
3 937
0 937
21 937
0 230
1 421
0 272
0 218
4 812
26 826
0 919
9 887
1 1072
84 2339
6 958
1 958
1 1623
0 141
1 792
1 811
3 2330
1 2330
1 247
11 974
1 120
1 182
5 423
0 1967
0 30
0 384
5 549
4 1153
4 497
2 188
17 498
0 157
4 157
1 2339
4 950
1 57
8 135
0 473
0 962
0 448
0 163
0 414
14 1161
2 1161
1 1161
1 117
2 96
0 1403
0 1346
1 139
11 1110
0 473
2 318
0 318
2 700
0 162
16 1967
2 1539
0 1539
0 106
89 5662
56 5662
109 5662
108 5662
114 5662
4 1536
6 1536
6 625
12 2565
7 2565
4 2565
6 2565
5 2565
3 2565
4 1747
0 384
5 183
1 1249
0 1249
0 87
0 812
2 746
3 2128
0 2128
1 2128
0 473
2 67
3 124
30 178
0 764
6 379
2 2396
0 2396
1 2396
9 890
1 890
3 890
0 38
0 2407
2 2407
4 2407
7 2407
2 735
5 581
9 581
10 385
15 385
10 615
0 139
0 641
0 448
7 1064
0 1064
2 2225
0 89
1 941
1 89
0 1419
0 452
0 80
21 554
0 89
0 1294
21 1294
12 381
4 1948
0 1948
3 1948
1 1948
10 962
12 448
0 352
0 137
0 594
7 1708
0 1708
11 287
0 25
0 816
0 626
1 90
30 2339
0 1536
0 233
5 69
0 319
0 796
0 446
0 527
1 142
1 369
0 153
0 590
0 385
19 413
5 446
4 2395
1 2395
7 404
295 592
20 2163
18 2163
14 2163
3 55
28 191
1 2423
8 2423
0 2423
0 344
0 196
0 452
18 1403
1 1205
2 1205
3 1014
0 294
0 448
0 86
0 395
2 844
0 844
1 303
0 1360
0 812
3 107
0 562
2 479
7 467
1 1733
14 1733
7 1733
0 80
0 739
0 446
24 247
0 389
0 733
4 215
2 295
1 431
0 175
0 130
1 187
9 135
0 284
4 371
16 330
11 1724
4 1724
13 1724
3 549
1 919
46 1139
3 896
2 896
6 437
1 103
0 264
2 261
1 264
0 648
6 1577
2 1501
3 1501
1 1501
20 617
1 1618
0 285
4 504
0 115
1 48
0 247
0 737
0 223
0 509
0 311
16 594
4 477
0 345
3 733
2 789
4 789
0 605
22 1747
0 347
1 1511
2 1511
0 362
1 147
0 307
0 139
1 139
0 382
2 1766
32 788
8 788
11 788
17 788
36 788
0 788
1 788
31 788
9 788
0 694
2 694
2 307
1 174
4 371
4 1077
0 537
5 178
0 103
3 290
3 3159
2 3159
0 3159
0 1331
24 50
0 716
0 508
11 1909
8 1909
10 1909
0 1618
0 1618
1 384
1 384
0 102
0 94
1 585
1 474
34 535
0 261
0 295
0 169
0 148
8 183
6 876
3 733
9 1787
3 1787
0 1787
31 617
0 1553
2 1553
3 504
4 343
3 632
0 127
2 504
35 1083
2 65
64 1144
0 178
2 172
28 240
42 431
1 919
6 498
1 1618
5 1475
11 368
2 26
14 1965
53 1965
20 1965
47 1965
15 1965
90 1965
1 125
0 175
6 55
8 379
0 229
1 229
0 230
1 1042
0 344
0 323
1 746
7 876
3 479
4 406
4 504
0 171
31 575
8 764
8 1913
3 1913
3 1057
4 269
1 173
2 344
0 772
0 242
1 1695
2 1695
0 382
4 764
0 175
0 94
0 811
0 394
0 1287
0 176
1 139
0 310
0 360
2 230
1 811
1 381
5 1129
2 1129
11 1129
16 638
0 1071
46 1410
0 1410
1 1410
0 811
0 497
3 37
0 285
0 305
5 256
0 360
5 233
1 623
1 1061
0 260
1 452
0 563
1 592
7 144
15 327
0 617
0 337
0 362
364 5976
61 5976
4 5976
82 5976
175 5976
0 5976
73 5976
41 5976
16 5976
3 1075
1 379
19 661
0 162
15 2517
15 431
1 100
1 1386
32 850
2 511
1 405
0 1102
1 1102
0 370
3 196
1 361
9 841
0 698
0 124
0 290
1 218
4 439
6 229
0 349
0 89
0 360
1 333
1 333
0 526
0 122
0 412
0 196
1 874
0 247
0 896
1 338
4 338
3 142
6 1779
229 1779
5 1779
112 1779
1 1238
10 876
27 1853
24 1853
37 1853
26 592
2 564
1 173
0 1539
0 158
0 812
8 584
2 328
8 262
0 816
0 99
18 796
0 404
0 146
0 345
9 464
3 228
13 274
77 919
0 502
0 1110
2 122
4 446
4 518
0 141
1 585
0 561
1 2808
0 1357
211 1416
3 204
1 100
62 563
5 564
0 473
39 1110
0 339
64 327
4 308
11 295
1 587
0 777
0 558
0 149
8 209
2 279
6 962
13 3095
20 3095
24 3095
13 1617
8 1617
1 1617
4 1617
0 318
1 327
10 1767
19 1767
1 1767
3 1767
1 240
1 1071
0 522
0 1618
1 465
0 465
2 465
