6 384
16 375
0 392
2 576
0 576
3 776
0 776
4 511
20 2287
1 2287
4 745
4 745
3 914
0 338
0 448
0 691
3 691
0 183
9 914
5 1155
54 1155
577 1155
2 1155
9 1155
41 1370
31 1623
7388 7389
7331 7389
0 7389
1 7389
29 7389
322 7389
67 7389
2 7389
26 7389
7 7389
438 7389
24 2339
3 615
2 1288
175 176
92 1265
7 1265
16 1265
27 150
0 79
0 1983
1 1983
3 1983
10 1983
2 269
8 397
4 1208
0 1208
10 1208
1472 1474
239 240
0 448
2 558
1 1113
0 1113
1 79
304 305
397 400
3 388
2 590
16 1483
3 152
3 152
3 796
767 1536
0 805
1 276
10 328
95 1267
1263 1267
7 1267
8 1267
99 1267
0 522
3 198
2 1013
1 1013
2 152
0 1303
12 1008
1 1008
4 327
7 562
2 737
1 737
1 264
0 175
0 44
0 89
39 1913
7 1913
11 1539
972 973
852 855
4 301
26 7645
15 7645
7644 7645
46 7645
67 7645
880 7645
7643 7645
7637 7645
7638 7645
14 7645
0 7645
584 7645
28 7645
7605 7645
276 7645
7625 7645
220 7645
68 7645
339 7645
7628 7645
9265 9306
4 9306
729 9306
9289 9306
9296 9306
16 9306
9305 9306
9303 9306
376 9306
197 9306
8 9306
9302 9306
9260 9306
109 9306
9304 9306
111 9306
167 9306
3 9306
102 3760
26 3760
3758 3760
3759 3760
3750 3760
52 3760
109 3760
3756 3760
685 689
4 295
16 1454
11 1454
0 1454
5 1454
14 626
0 203
404 405
793 794
0 794
843 844
74 657
1109 1110
2 150
0 1071
0 812
0 812
0 422
87 896
393 395
1 2339
0 135
3 324
2 721
7 79
203 204
3 811
1 368
0 380
0 380
2 384
0 152
0 98
6 68
3 446
0 777
10 777
3 884
12 884
1513 1514
25 876
173 348
0 169
6 663
662 663
4 303
11 240
440 441
22 1474
0 733
2 1077
1 404
0 973
137 138
2 1618
0 567
12 876
2 176
0 2150
21 2150
11 876
6 311
5 1597
2 1597
3 1597
18 1597
21 618
0 98
183 184
15 776
5 776
496 497
6 57
2 392
22 670
3 670
1 392
0 511
1 247
0 876
1 344
1 965
36 1539
3 509
4 215
22 176
5 215
4 215
30 1386
281 283
28 764
464 465
0 792
315 10782
44 10782
506 10782
3 10782
7 10782
15 10782
522 10782
14 10782
5 10782
11 10782
47 10782
373 10782
10781 10782
375 10782
156 10782
21 10782
4 10782
64 10782
189 10782
648 10782
2 10782
195 10782
6 10782
268 10782
47 10782
10 10782
0 224
6 767
3 144
37 540
1 2510
7 2510
134 269
5 269
2 1269
0 1269
0 919
1 782
0 448
0 931
1 931
1 247
3 89
44 2038
0 2038
3 2038
1 446
21 737
8 1898
57 1898
26 584
1359 1360
1 2257
7 2257
1689 1695
5 2339
1052 1072
0 746
1 746
2 2150
13 2150
2 3410
8 3410
100 3410
4 746
16 2150
2121 2150
29 764
5 746
3 456
58 590
2 2449
2417 2449
22 191
1 777
8 266
48 1027
1 976
28 976
8 3000
20 3000
14 3000
129 3000
10 3000
4 3000
7 202
1 456
7 777
7 381
3 295
185 186
440 441
1 94
8 68
5 287
9 240
70 142
239 240
8 655
5 1197
7 2831
5 2831
4 2831
2 2831
0 1331
4200 4210
66 4210
63 4210
33 4210
10 4210
99 4210
9 4210
28 4210
26 4210
38 4210
202 4210
4 20
1 209
0 677
1 677
1 1547
0 1547
886 888
97 888
343 344
405 413
2 1012
0 1012
3 1012
11 269
0 467
501 504
25 1110
0 585
30 2128
25 2128
23 2128
8 960
185 1483
1535 1536
1532 1536
1102 1110
5 1069
2 1069
1066 1069
1012 1014
405 811
8 1110
36 423
0 93
7 183
2 384
2 724
0 2375
4 2375
8 2375
177 178
9 788
2 788
5 788
4 788
18 788
0 788
1 788
8 788
3 788
0 203
12 226
7 4949
301 4949
4 4949
6 4949
85 4949
36 4949
35 4949
4 120
28 2150
15 2150
25 2150
5 653
688 689
5 2955
1 2955
9 2955
3 2955
80 2955
90 2955
2 2955
1 1695
432 439
432 439
4 225
6 2163
3 2163
39 13875
7 13875
3 13875
9 13875
19 13875
42 13875
14 13875
115 13875
30 13875
50 13875
1869 13875
378 13875
1362 13875
938 13875
1 2339
3 222
2 150
6 1164
2 1164
4 1164
1 2347
2 2347
3 2347
4 2347
627 633
0 384
159 3126
9 3126
13 3126
4 3126
1 3126
94 3126
51 3126
14 1078
69 1078
12 1078
0 267
0 1926
25 526
811 812
24 858
3 5657
7 5657
4 5657
5 5657
0 5657
2 5657
20 5657
5607 5657
64 1042
422 423
1 218
14 172
44 1307
79 1021
2 384
399 400
239 240
9 247
1 176
0 247
4 124
2 618
1 247
0 1708
7 1708
3 1708
1 1708
19 762
0 762
2 152
366 371
263 264
439 442
441 442
1 389
36 5642
8 5642
67 5642
145 5642
18 5642
13 5642
263 5642
3 416
14 223
2 86
7 543
1 1403
2 1403
10 679
1 2517
0 87
670 689
5 336
0 89
8 153
16 1403
1962 1963
65 1963
0 2002
5 2002
1993 2002
144 147
19 147
11 163
263 264
1 1539
6 264
2 590
0 181
240 241
6 465
44 764
48 764
763 764
7 295
1648 1652
1636 1652
1957 1967
9 86
0 1110
2 1183
1 1183
0 1183
1 876
0 389
0 1124
1 1124
4 1014
0 961
2 961
6 961
0 526
0 359
14 1130
0 257
41 1386
19 842
14 1042
0 257
17 2403
23 2403
5 2403
105 106
374 375
19 617
38 270
269 270
339 340
6 327
1 380
5 518
1 587
0 587
0 384
0 424
263 264
0 699
1302 1317
47 1317
3 1317
0 120
7 594
0 538
0 603
27 1130
2 344
17 240
1 1241
121 122
0 855
1 1898
12 1898
0 1898
3 1898
1 384
0 17
37 914
1 777
16 163
21 4713
5 4713
254 4713
376 4713
155 4713
0 4713
0 44
1 2150
37 2150
0 2150
2 2150
2 402
264 266
2 781
9 781
1 781
0 781
331 664
686 689
0 874
7 796
794 796
64 1464
45 1464
16 1464
55 548
7 382
2 233
2 663
37 257
252 506
9 1012
2 257
1 626
4 371
31 782
0 3816
3813 3816
34 3816
19 3816
85 3816
3759 3816
37 3816
339 340
2 1347
5 1347
1 149
2 554
6 364
32 364
291 295
52 435
3 695
2 1247
3 1247
2 423
14 914
0 265
1 631
630 631
7 186
501 518
8 171
35 511
26 431
9 2308
0 2308
31 2303
0 2303
5 145
2 145
14 145
1 467
516 518
404 405
299 318
7 423
4 324
387 389
3 8726
8692 8726
89 8726
10 8726
134 8726
8723 8726
76 8726
304 8726
8715 8726
565 8726
0 8726
18 8726
2 8726
417 422
10 108
12 456
0 1036
1 1036
15 391
0 344
669 679
8 154
198 397
6 3066
3 3066
98 3066
4 1214
12 1214
7 1595
57 1595
762 764
0 457
0 368
0 376
0 209
205 209
2 1191
1 1191
6 592
377 378
70 141
1 389
8 446
3 264
2 526
2 1110
1281 12734
45 12734
35 12734
96 12734
794 12734
539 12734
1070 12734
26 12734
4 12734
335 12734
82 12734
82 12734
134 12734
112 12734
89 12734
199 12734
157 12734
217 12734
201 203
1 89
9 653
23 295
0 841
0 441
15 384
2 876
30 1264
631 1264
40 1264
0 404
0 1483
0 1110
2 590
2 590
2 264
4 107
6 1386
146 148
0 89
7 842
460 461
0 669
11 669
4 737
1 699
3 423
2 737
1 107
106 107
146 148
1 473
2 2629
17 2629
4 2629
7 2629
8 384
0 1589
13 1589
1 1589
3 113
2675 2696
2676 2696
0 2696
769 774
1 664
493 987
21 987
25 987
28 4344
4334 4344
1 4344
2 4344
0 4344
10 4344
339 4344
3 222
4 626
15 1376
1 1376
12 1376
3 1376
0 558
2 680
5 680
2 234
11 177
19 177
24 384
0 441
45 441
3 376
5 1511
89 1511
1 522
5 522
0 169
0 737
1 664
14 479
5 2238
11 2238
2 2238
1 2238
9 1074
5 737
2 762
12 2517
17 788
2299 2300
35 2300
760 762
0 618
0 183
35 270
3 558
0 252
27 295
19 1913
23 1913
655 656
1 656
16 656
239 240
0 423
54 764
372 373
5 446
1 357
2 423
0 632
0 590
11 562
9 456
0 9
293 587
561 562
9 1014
4 774
0 404
51 567
2 1407
2 594
2 690
5 690
12 250
126 127
294 295
12 2725
20 2725
23 2725
11 2725
32 2725
3 442
0 442
20 518
1 508
0 269
2 269
0 38
5 6094
17 6094
6 6094
8 6094
29 6094
1369 1370
17 2737
5 2737
24 1409
16 526
24 465
7 339
1 960
2 960
50 382
3 295
0 404
1 431
2 1536
3 615
0 844
0 308
6 504
2 560
0 730
1 730
0 764
0 1701
9 240
4 283
595 596
1 392
127 2339
0 2339
0 303
1 461
19 563
10 438
0 122
24 980
25 980
837 845
5 665
12 378
351 352
887 889
3 889
2 189
0 431
750 751
1 526
1953 1955
17 1955
1946 1955
1954 1955
60 1955
1947 1955
86 9453
119 9453
79 9453
43 9453
109 9453
135 9453
3 9453
69 9453
19 9453
95 9453
92 9453
85 9453
29 9453
49 9453
201 9453
1 3604
24 3604
29 3604
1801 3604
7 3604
89 2982
25 2982
34 2982
112 2982
3 2982
8 1152
497 499
0 181
1 181
13 249
7 613
392 395
7 575
5 122
3 1114
2 1114
141 283
141 283
1 241
3 55
654 655
6 1887
16 1887
24 1887
7494 7512
750 7512
7444 7512
63 7512
3 7512
7480 7512
7492 7512
123 7512
81 7512
591 7512
7486 7512
7476 7512
592 7512
50 7512
7501 7512
325 328
8 623
6 106
1 82
0 305
195 196
148 151
17 439
22 328
114 2031
90 4370
91 4370
61 4370
73 4370
53 4370
76 4370
52 4370
51 4370
7 340
0 360
0 269
0 413
886 887
1 187
6 187
2 534
0 1539
48 726
255 257
201 202
0 764
1 764
0 473
7 729
14 729
8 729
173 174
5 593
1 326
5 282
57 59
1 2849
60 2849
4 2849
30 2849
0 225
12 435
4 435
0 522
3 146
471 479
7 399
0 587
6 562
44 788
8 788
774 788
776 788
775 788
0 788
2 788
781 788
56 788
25 473
14 473
7 1528
0 1528
151 1904
85 1904
12 733
218 219
29 2417
19 2417
25 594
12 594
17 594
1 620
0 620
1 476
10 476
0 405
53 1695
0 91
4 91
2 1223
0 1223
3 1223
476 479
2 328
6 1879
0 1879
147 4834
2 4834
494 4834
4832 4834
10 4834
19 4834
1 145
735 739
8 336
10 361
6 177
406 413
379 759
190 191
190 191
18 240
1 233
9 177
0 176
4 318
6 807
8 807
0 761
0 446
0 931
1 931
0 1074
31 812
11 287
9 764
25 1043
3 857
1 922
2 558
12 558
16 279
86 173
129 130
2 617
3 617
26 1707
15 1707
165 4275
44 4275
1 4275
4261 4275
4260 4275
3 1149
35 1149
44 1149
10 2971
25 2971
2 336
2 318
1024 1026
0 92
5 92
0 311
0 161
33 774
21 127
376 379
21 400
423 428
3 381
558 562
1 497
392 393
0 279
322 323
2 395
18 223
0 362
14 509
3 2434
8 716
5 388
27 233
0 484
483 484
483 484
12 1075
30 1075
1072 1075
1073 1075
4 118
3 114
421 844
421 844
1 306
3 1742
0 1742
2 1742
14 441
12 655
105 764
49 509
3733 3737
0 3737
2 3737
1 3737
19 562
1090 2181
0 338
0 40
3 379
24 405
1 474
1 98
1141 1143
7 368
2 699
0 343
11 126
1 1644
99 1644
0 767
1 767
80 767
6 20
18 310
1 354
0 61
8 297
363 727
19 395
1597 1618
231 233
9 381
18 473
16 217
2 152
383 768
13 171
0 567
0 301
0 461
781 788
4 788
778 788
779 788
786 788
0 788
1 788
784 788
56 788
2 405
652 653
6 139
3 324
76 973
29 1386
632 633
26 664
1608 1618
11 395
0 295
5 344
229 230
1109 2219
0 385
18 527
0 1926
0 1926
14 548
0 919
17 699
47 472
4 327
0 821
2 821
1 821
0 526
2 567
20 1012
5 1012
0 1012
1 562
37 739
1 266
113 227
0 241
31 635
6 391
2 177
4 407
432 435
41 535
17 527
1 371
4 371
1 240
10 57
34 297
1 262
0 361
153 1312
83 84
36 287
5 509
582 585
591 592
19 812
43 2339
144 290
0 948
1 948
1 448
29 973
6 360
1 389
44 1646
4 2101
0 2101
1 2101
3 2101
4 876
10 472
6 265
9 777
7 502
8 137
206 209
2 144
1 183
0 370
67 135
1 120
942 962
16 721
113 114
1 3218
5 1747
0 231
4 1110
0 153
2 290
2 397
2 325
38 319
376 382
24 5267
21 5267
12 5267
13 5267
64 5267
20 5267
54 5267
69 5267
5 5267
6 5267
9 5267
2 5267
15 5267
44 5267
3 1034
0 1034
7 2191
2 2191
12 247
14 247
67 1416
114 1027
3 319
0 1042
10 384
1 163
0 127
0 484
3 900
0 544
14 265
3 368
4 930
5 2416
4 2416
10 2416
39 919
406 407
0 382
0 247
0 233
2 1183
1 1183
0 1183
1 1185
0 382
0 340
0 3763
6 3763
176 177
468 477
140 141
19 242
0 295
1 295
4 395
14 615
3 308
1 1695
35 511
0 227
1 257
3 2339
6 395
0 359
0 761
256 257
3 176
2 336
192 195
362 365
239 240
229 230
4 196
1 338
38 1116
0 1116
5 1124
0 300
4 1623
885 906
0 57
0 188
1 1057
0 233
720 721
316 318
0 735
2 699
0 446
0 310
0 165
461 465
4 1130
93 679
4 392
10 348
0 1898
1 1898
6 472
937 950
949 950
33 950
0 191
11 1695
323 324
1 282
3 861
9 1695
14 360
945 960
383 388
2 1701
452 453
451 453
246 247
1 461
294 295
8 1042
23 549
10 319
19 1110
9 2517
0 866
1 866
3 141
3 387
2 48
23 1791
0 1791
1 511
4 275
4 286
0 423
0 191
19 950
37 509
0 861
9 364
7 364
30 378
25 3651
1 364
7 364
0 298
646 679
2 654
175 177
1 605
8 392
7 392
26 569
0 43
413 414
1 272
3 327
18 2050
4 2050
0 2050
18 617
0 927
10 1268
5 1268
7 1268
18 1413
78 157
309 317
394 790
394 790
1 812
75 1077
9 584
31 562
70 1360
3 1695
23 405
1 587
126 127
16 1592
0 1592
3 1719
0 1719
1 1719
547 548
8 548
194 195
350 352
0 1043
5 2703
4 2703
1 2703
0 2703
10 1165
12 395
0 1323
2 1323
1 1323
34 1323
4 1323
0 118
164 165
1 663
9 451
2 1536
2 1526
1 1526
1 1526
2 116
11 327
1 587
3 139
3 325
9 1288
2 116
6 240
0 217
355 712
19 1386
2338 2339
7 2517
11 381
8 284
3 183
6 295
2 2517
25 2339
7 465
0 247
0 2517
0 55
0 281
0 247
1358 1360
56 461
54 3761
19 590
2 594
49 378
26 1539
8 108
184 4338
166 1552
2 152
32 646
6 306
18 657
656 657
6 1042
22 421
1037 1042
5 222
1032 1034
5 270
2 1104
0 486
501 502
55 57
3 816
7 2365
21 1074
0 187
2232 2236
28 2236
11 2236
0 2236
403 405
7 1110
3 497
221 222
119 120
0 151
1 1392
0 230
3 86
77 78
2318 2339
0 9
12 1021
317 318
3 308
32 279
3 762
86 88
5 721
22 1027
496 500
0 89
1 86
158 159
4 733
4 725
4 276
4 497
17 1130
0 456
0 654
776 777
52 53
0 340
56 475
2 142
4 694
7 41
0 90
293 588
3 588
2 588
3 214
65 67
3 588
1 327
1 342
0 588
3 193
2 161
5 90
2 588
40 41
6 322
3 718
2 142
10 567
12 588
4 113
0 120
10 588
11 567
38 588
587 588
0 483
587 588
5 218
587 588
0 282
0 282
16 588
10 218
5 327
3 24
273 274
0 274
2 214
1 142
0 90
44 90
1 228
6 567
0 229
9 567
4 343
1 228
1 327
1 43
4 386
4 694
9 228
0 475
1 588
18 475
27 946
0 475
1 567
1 457
3 327
0 483
6 343
2 116
0 475
9 228
4 342
2 327
552 560
15 229
3 99
1 588
7 43
6 43
0 168
3 141
7 483
0 16
0 588
0 386
0 334
2 588
4 588
5 588
2 588
0 90
25 588
0 271
2 588
5 386
0 67
36 560
11 342
453 454
587 588
32 588
2 211
33 694
19 694
10 228
22 327
2 588
4 752
0 53
226 229
6 588
1 41
0 374
50 334
19 588
2 475
3 110
6 229
0 58
11 588
1 142
8 153
0 334
7 116
117 118
2 588
5 386
3 327
1 142
17 228
8 156
3 588
1 588
1 327
8 343
6 153
12 475
2 588
13 99
1 588
2 588
34 574
1 694
1 90
13 694
1 56
19 560
4 342
10 322
0 752
1 588
33 327
1 193
7 454
0 342
5 67
0 327
0 588
1 229
0 342
0 67
114 2673
0 211
1 483
326 327
6 228
4 33
5 962
0 1539
0 125
0 120
4 80
1 816
0 554
1 176
2 406
0 66
1 473
0 977
0 844
1 290
7 502
87 88
2 275
2 147
4 515
0 1205
0 1403
0 1695
4 605
598 605
7 1347
3 1347
38 1516
0 295
1 473
0 59
12 1021
6 788
113 228
2 1110
1 88
0 768
1 476
336 337
339 340
1665 1695
12 127
0 308
0 378
0 241
3 452
0 284
1 1900
0 1900
1 3101
0 3101
0 6
6 218
26 664
0 158
0 423
942 951
42 951
0 623
0 399
3 1577
0 278
1 214
9 2150
1 2150
0 145
0 404
0 1074
5 336
0 362
4 594
0 216
438 439
2 527
25 1386
0 639
36 762
0 625
1 625
0 725
0 395
0 1036
10 1042
18 393
29 1539
3 368
0 1539
58 117
7 632
24 1042
1 518
4 567
1 452
0 1071
27 347
1 303
0 120
269 270
0 2237
2234 2237
2232 2237
27 2237
2 2237
0 233
173 1552
0 409
0 1230
2 1230
851 853
0 400
0 126
445 446
29 857
0 973
0 274
2 274
1 3390
19 3390
4 3390
2 3390
0 584
77 890
2 626
13 216
0 1346
0 247
3 287
4 79
0 196
29 191
113 7353
75 7353
77 7353
458 7353
14 7353
29 7353
130 7353
17 7353
103 7353
568 7353
0 7353
89 7353
58 7353
190 7353
120 7353
13 7353
9 141
6 2466
2 2466
0 2466
1 2466
1449 1456
21 10604
8 10604
129 10604
39 10604
40 10604
0 10604
37 10604
31 10604
14 10604
45 10604
30 10604
51 10604
2 10604
3 10604
98 10604
42 10604
181 1655
1617 1655
0 407
10 1162
22 1162
1 1162
13 1162
478 479
5 623
0 87
1 564
6 391
0 295
1 590
1 508
117 1695
1 47
785 788
779 788
783 788
782 788
781 788
0 788
1 788
778 788
784 788
229 230
0 739
6 436
15 1695
0 247
1 626
566 567
114 115
2 48
0 344
4 684
93 764
0 582
120 1072
1 1862
0 1862
1 369
10 876
0 625
15 233
1 937
0 937
5 937
0 230
2 421
270 272
4 218
809 812
60 826
0 919
1 887
1 1072
28 2339
15 958
1 958
7 1623
6 141
8 792
15 811
0 2330
1 2330
1 247
17 974
4 120
0 182
2 423
0 1967
0 30
4 384
1 549
1141 1153
0 497
12 188
37 498
12 157
1 157
2338 2339
2 950
56 57
0 135
3 473
0 962
0 448
0 163
2 414
7 1161
0 1161
2 1161
1 117
2 96
0 1403
0 1346
1 139
7 1110
472 473
42 318
0 318
1 700
0 162
3 1967
7 1539
3 1539
105 106
1 5662
3 5662
6 5662
5 5662
4 5662
1532 1536
9 1536
9 625
9 2565
7 2565
10 2565
0 2565
8 2565
6 2565
1744 1747
381 384
3 183
1 1249
76 1249
0 87
8 812
744 746
1 2128
3 2128
8 2128
0 473
0 67
2 124
174 178
0 764
0 379
1 2396
0 2396
2 2396
13 890
3 890
5 890
0 38
1 2407
2 2407
3 2407
8 2407
4 735
0 581
1 581
2 385
3 385
5 615
0 139
25 641
0 448
0 1064
1063 1064
4 2225
3 89
0 941
0 89
0 1419
1 452
0 80
13 554
1 89
6 1294
22 1294
5 381
26 1948
133 1948
156 1948
1926 1948
0 962
7 448
1 352
136 137
1 594
1 1708
0 1708
286 287
0 25
50 816
8 626
0 90
13 2339
0 1536
0 233
1 69
0 319
0 796
1 446
0 527
4 142
1 369
1 153
5 590
0 385
206 413
0 446
0 2395
1 2395
2 404
295 592
19 2163
5 2163
8 2163
1 55
19 191
9 2423
0 2423
19 2423
336 344
0 196
0 452
1386 1403
1 1205
2 1205
3 1014
0 294
0 448
4 86
0 395
843 844
0 844
1 303
26 1360
0 812
53 107
0 562
3 479
3 467
78 1733
6 1733
14 1733
79 80
737 739
7 446
123 247
0 389
0 733
1 215
1 295
3 431
0 175
129 130
186 187
2 135
0 284
364 371
12 330
22 1724
0 1724
7 1724
5 549
0 919
569 1139
0 896
1 896
5 437
1 103
20 264
2 261
0 264
0 648
18 1577
8 1501
15 1501
2 1501
308 617
10 1618
0 285
6 504
114 115
1 48
8 247
1 737
0 223
0 509
1 311
5 594
238 477
0 345
3 733
3 789
0 789
0 605
14 1747
0 347
1505 1511
1496 1511
0 362
146 147
294 307
138 139
136 139
0 382
10 1766
10 788
2 788
5 788
4 788
14 788
0 788
1 788
14 788
3 788
9 694
0 694
6 307
0 174
8 371
0 1077
23 537
3 178
0 103
5 290
24 3159
33 3159
8 3159
26 1331
24 50
2 716
1 508
13 1909
25 1909
13 1909
1617 1618
23 1618
0 384
1 384
0 102
0 94
0 585
19 474
30 535
0 261
294 295
0 169
0 148
10 183
10 876
1 733
1 1787
169 1787
1786 1787
3 617
0 1553
2 1553
5 504
1 343
0 632
0 127
503 504
6 1083
2 65
79 1144
12 178
3 172
11 240
425 431
906 919
497 498
0 1618
6 1475
19 368
3 26
3 1965
18 1965
5 1965
14 1965
2 1965
33 1965
123 125
0 175
4 55
20 379
0 229
0 229
0 230
0 1042
0 344
7 323
3 746
11 876
27 479
202 406
1 504
1 171
31 575
20 764
15 1913
4 1913
1 1057
3 269
0 173
0 344
0 772
0 242
0 1695
1687 1695
0 382
11 764
0 175
1 94
1 811
0 394
0 1287
0 176
8 139
0 310
1 360
228 230
1 811
0 381
0 1129
3 1129
1 1129
1 638
1068 1071
29 1410
58 1410
16 1410
1 811
0 497
2 37
0 285
6 305
1 256
1 360
116 233
16 623
1 1061
258 260
0 452
559 563
7 592
3 144
326 327
0 617
336 337
13 362
366 5976
32 5976
204 5976
88 5976
109 5976
150 5976
94 5976
84 5976
148 5976
23 1075
189 379
21 661
0 162
11 2517
10 431
0 100
1 1386
13 850
1 511
404 405
1 1102
0 1102
0 370
7 196
1 361
1 841
697 698
0 124
0 290
6 218
437 439
3 229
0 349
0 89
0 360
11 333
11 333
0 526
121 122
0 412
0 196
1 874
0 247
11 896
1 338
3 338
1 142
42 1779
889 1779
59 1779
889 1779
3 1238
11 876
1 1853
4 1853
2 1853
576 592
281 564
0 173
13 1539
0 158
1 812
4 584
1 328
8 262
0 816
94 99
8 796
10 404
5 146
2 345
5 464
225 228
272 274
459 919
0 502
0 1110
3 122
5 446
49 518
0 141
10 585
560 561
17 2808
21 1357
120 1416
0 204
0 100
281 563
0 564
0 473
18 1110
0 339
163 327
1 308
287 295
0 587
0 777
1 558
148 149
5 209
277 279
1 962
2 3095
7 3095
5 3095
5 1617
1 1617
0 1617
4 1617
317 318
11 327
3 1767
25 1767
9 1767
5 1767
239 240
0 1071
0 522
0 1618
1 465
0 465
17 465
