6 384
26 375
0 392
2 576
0 576
3 776
0 776
4 511
28 2287
8 2287
3 745
4 745
2 914
1 338
0 448
0 691
12 691
0 183
5 914
6 1155
66 1155
577 1155
3 1155
10 1155
1367 1370
23 1623
7388 7389
7363 7389
0 7389
3 7389
31 7389
547 7389
51 7389
1 7389
29 7389
8 7389
519 7389
24 2339
3 615
15 1288
174 176
1261 1265
6 1265
56 1265
14 150
0 79
0 1983
3 1983
7 1983
11 1983
3 269
7 397
5 1208
0 1208
18 1208
1464 1474
239 240
0 448
2 558
1 1113
0 1113
1 79
304 305
396 400
7 388
2 590
26 1483
3 152
3 152
7 796
767 1536
0 805
1 276
6 328
1264 1267
1263 1267
16 1267
7 1267
1261 1267
0 522
2 198
2 1013
1 1013
2 152
2 1303
19 1008
8 1008
4 327
16 562
2 737
1 737
1 264
0 175
0 44
0 89
36 1913
7 1913
8 1539
972 973
851 855
13 301
18 7645
7 7645
7644 7645
87 7645
65 7645
7620 7645
7643 7645
7639 7645
7641 7645
5 7645
0 7645
7579 7645
13 7645
7599 7645
305 7645
7600 7645
149 7645
152 7645
261 7645
7633 7645
9264 9306
2 9306
1170 9306
9292 9306
9297 9306
15 9306
9305 9306
9303 9306
483 9306
169 9306
8 9306
9302 9306
9275 9306
114 9306
9304 9306
86 9306
136 9306
3 9306
3716 3760
24 3760
3756 3760
3759 3760
3752 3760
138 3760
369 3760
3757 3760
685 689
4 295
20 1454
19 1454
0 1454
4 1454
14 626
0 203
404 405
793 794
1 794
843 844
51 657
1109 1110
2 150
0 1071
0 812
0 812
0 422
881 896
394 395
1 2339
0 135
3 324
1 721
8 79
203 204
3 811
1 368
0 380
0 380
2 384
0 152
0 98
6 68
4 446
0 777
8 777
3 884
12 884
1513 1514
26 876
2 348
0 169
8 663
662 663
3 303
11 240
440 441
1473 1474
0 733
2 1077
1 404
0 973
137 138
3 1618
5 567
11 876
2 176
0 2150
20 2150
10 876
6 311
5 1597
2 1597
3 1597
1589 1597
28 618
0 98
183 184
16 776
5 776
496 497
5 57
1 392
56 670
2 670
6 392
0 511
2 247
0 876
1 344
3 965
39 1539
3 509
5 215
22 176
3 215
4 215
1385 1386
277 283
21 764
464 465
783 792
461 10782
13 10782
571 10782
2 10782
29 10782
34 10782
288 10782
8 10782
4 10782
5 10782
185 10782
10766 10782
10778 10782
10737 10782
655 10782
11 10782
32 10782
35 10782
383 10782
680 10782
1 10782
74 10782
3 10782
1403 10782
185 10782
46 10782
0 224
7 767
3 144
35 540
1 2510
8 2510
134 269
5 269
2 1269
0 1269
3 919
2 782
0 448
0 931
1 931
2 247
4 89
2019 2038
0 2038
3 2038
1 446
7 737
181 1898
1866 1898
28 584
1359 1360
1 2257
6 2257
1683 1695
11 2339
73 1072
0 746
4 746
3 2150
15 2150
1 3410
11 3410
152 3410
7 746
13 2150
2105 2150
34 764
6 746
8 456
575 590
2 2449
2448 2449
186 191
1 777
8 266
31 1027
2 976
33 976
4 3000
18 3000
6 3000
115 3000
7 3000
25 3000
5 202
1 456
7 777
9 381
4 295
185 186
440 441
1 94
7 68
5 287
9 240
70 142
239 240
8 655
5 1197
7 2831
5 2831
4 2831
2 2831
0 1331
4192 4210
77 4210
48 4210
22 4210
12 4210
95 4210
8 4210
25 4210
49 4210
86 4210
185 4210
4 20
5 209
0 677
1 677
1 1547
0 1547
885 888
865 888
343 344
17 413
2 1012
0 1012
3 1012
7 269
0 467
498 504
17 1110
0 585
19 2128
25 2128
22 2128
8 960
242 1483
1535 1536
1531 1536
1109 1110
8 1069
6 1069
1065 1069
1011 1014
21 811
8 1110
422 423
0 93
8 183
3 384
2 724
0 2375
4 2375
8 2375
177 178
7 788
2 788
5 788
4 788
12 788
0 788
1 788
8 788
3 788
0 203
4 226
6 4949
367 4949
4 4949
7 4949
39 4949
45 4949
38 4949
119 120
28 2150
20 2150
34 2150
11 653
688 689
5 2955
1 2955
8 2955
4 2955
40 2955
156 2955
3 2955
2 1695
427 439
434 439
11 225
9 2163
6 2163
39 13875
36 13875
6 13875
3 13875
20 13875
29 13875
34 13875
187 13875
25 13875
79 13875
1913 13875
904 13875
13842 13875
13861 13875
2 2339
3 222
2 150
6 1164
3 1164
4 1164
0 2347
1 2347
3 2347
4 2347
632 633
4 384
3092 3126
29 3126
6 3126
21 3126
2 3126
3052 3126
235 3126
63 1078
1075 1078
11 1078
0 267
0 1926
24 526
811 812
29 858
3 5657
6 5657
2 5657
5 5657
0 5657
1 5657
22 5657
5647 5657
1036 1042
422 423
1 218
14 172
54 1307
80 1021
4 384
399 400
239 240
5 247
1 176
0 247
4 124
3 618
1 247
6 1708
11 1708
15 1708
7 1708
24 762
3 762
2 152
368 371
263 264
439 442
441 442
1 389
28 5642
10 5642
66 5642
130 5642
16 5642
14 5642
437 5642
2 416
9 223
6 86
7 543
1 1403
1 1403
16 679
1 2517
0 87
38 689
5 336
0 89
12 153
23 1403
1962 1963
1930 1963
1 2002
4 2002
2000 2002
144 147
143 147
158 163
262 264
1 1539
6 264
2 590
0 181
236 241
10 465
47 764
57 764
763 764
16 295
1648 1652
1647 1652
1966 1967
84 86
0 1110
2 1183
1 1183
0 1183
2 876
0 389
0 1124
1 1124
5 1014
0 961
2 961
6 961
0 526
0 359
12 1130
0 257
1380 1386
18 842
1011 1042
0 257
36 2403
22 2403
4 2403
105 106
374 375
14 617
22 270
269 270
339 340
8 327
0 380
0 518
4 587
0 587
0 384
0 424
263 264
0 699
1310 1317
1316 1317
2 1317
3 120
6 594
0 538
0 603
24 1130
1 344
11 240
3 1241
121 122
0 855
14 1898
70 1898
0 1898
1 1898
2 384
0 17
906 914
1 777
15 163
93 4713
29 4713
251 4713
361 4713
91 4713
0 4713
0 44
8 2150
126 2150
0 2150
1 2150
2 402
264 266
1 781
7 781
0 781
8 781
663 664
685 689
0 874
19 796
792 796
69 1464
46 1464
16 1464
29 548
376 382
2 233
2 663
255 257
24 506
6 1012
2 257
3 626
7 371
35 782
0 3816
3814 3816
210 3816
116 3816
195 3816
3795 3816
54 3816
339 340
7 1347
2 1347
0 149
39 554
4 364
25 364
22 295
49 435
0 695
2 1247
4 1247
2 423
887 914
0 265
8 631
630 631
11 186
502 518
167 171
36 511
36 431
8 2308
0 2308
43 2303
0 2303
5 145
2 145
13 145
1 467
516 518
404 405
313 318
5 423
9 324
387 389
3 8726
8713 8726
77 8726
9 8726
226 8726
8725 8726
73 8726
541 8726
8711 8726
8680 8726
0 8726
13 8726
1 8726
416 422
10 108
61 456
0 1036
1 1036
15 391
0 344
668 679
11 154
198 397
5 3066
3 3066
3049 3066
4 1214
12 1214
13 1595
58 1595
763 764
0 457
0 368
0 376
0 209
208 209
2 1191
0 1191
27 592
377 378
70 141
1 389
16 446
6 264
2 526
2 1110
1294 12734
34 12734
136 12734
90 12734
12535 12734
322 12734
891 12734
44 12734
1 12734
229 12734
74 12734
79 12734
118 12734
98 12734
175 12734
121 12734
171 12734
285 12734
202 203
1 89
6 653
19 295
0 841
0 441
18 384
5 876
33 1264
631 1264
48 1264
0 404
1 1483
0 1110
1 590
1 590
3 264
9 107
5 1386
147 148
0 89
7 842
460 461
1 669
26 669
5 737
1 699
3 423
3 737
0 107
106 107
143 148
1 473
2 2629
17 2629
3 2629
6 2629
8 384
18 1589
12 1589
3 1589
3 113
2665 2696
2695 2696
1 2696
772 774
2 664
95 987
983 987
986 987
21 4344
4316 4344
1 4344
2 4344
0 4344
10 4344
416 4344
3 222
26 626
15 1376
1 1376
12 1376
3 1376
0 558
4 680
14 680
11 234
172 177
17 177
382 384
0 441
24 441
4 376
12 1511
79 1511
1 522
35 522
0 169
0 737
2 664
17 479
3 2238
19 2238
4 2238
1 2238
9 1074
5 737
9 762
52 2517
18 788
2299 2300
25 2300
759 762
2 618
1 183
22 270
3 558
251 252
59 295
12 1913
39 1913
654 656
1 656
46 656
239 240
0 423
67 764
372 373
4 446
2 357
2 423
0 632
0 590
56 562
6 456
0 9
293 587
560 562
10 1014
12 774
0 404
44 567
2 1407
7 594
3 690
5 690
6 250
126 127
294 295
19 2725
32 2725
37 2725
17 2725
38 2725
3 442
1 442
22 518
2 508
0 269
2 269
0 38
10 6094
21 6094
5 6094
11 6094
31 6094
1369 1370
2711 2737
18 2737
24 1409
47 526
19 465
334 339
1 960
2 960
378 382
8 295
0 404
1 431
4 1536
3 615
0 844
0 308
8 504
7 560
0 730
1 730
0 764
0 1701
10 240
3 283
595 596
2 392
115 2339
1 2339
0 303
1 461
19 563
11 438
0 122
24 980
22 980
838 845
15 665
11 378
351 352
73 889
4 889
9 189
0 431
750 751
1 526
1953 1955
90 1955
1952 1955
1954 1955
1935 1955
1948 1955
80 9453
168 9453
79 9453
35 9453
117 9453
128 9453
1 9453
60 9453
16 9453
95 9453
77 9453
86 9453
20 9453
39 9453
209 9453
1 3604
29 3604
39 3604
1801 3604
8 3604
2970 2982
175 2982
2975 2982
2967 2982
3 2982
9 1152
495 499
0 181
1 181
13 249
8 613
389 395
7 575
4 122
3 1114
2 1114
141 283
141 283
1 241
3 55
654 655
29 1887
1870 1887
27 1887
7503 7512
7480 7512
7485 7512
63 7512
2 7512
7497 7512
7496 7512
115 7512
70 7512
515 7512
7479 7512
7495 7512
520 7512
47 7512
7498 7512
23 328
13 623
6 106
5 82
1 305
195 196
147 151
15 439
23 328
184 2031
100 4370
96 4370
66 4370
78 4370
52 4370
94 4370
57 4370
55 4370
5 340
0 360
0 269
0 413
886 887
1 187
8 187
2 534
1 1539
47 726
253 257
201 202
0 764
1 764
4 473
8 729
15 729
9 729
173 174
6 593
1 326
5 282
0 59
1 2849
71 2849
4 2849
39 2849
0 225
12 435
4 435
0 522
3 146
474 479
8 399
0 587
5 562
775 788
56 788
782 788
779 788
778 788
1 788
2 788
781 788
776 788
26 473
15 473
6 1528
0 1528
142 1904
167 1904
4 733
215 219
14 2417
37 2417
26 594
10 594
14 594
1 620
0 620
1 476
11 476
0 405
83 1695
2 91
4 91
2 1223
0 1223
3 1223
477 479
2 328
7 1879
1 1879
131 4834
9 4834
4826 4834
4832 4834
7 4834
23 4834
1 145
732 739
6 336
8 361
7 177
41 413
379 759
190 191
190 191
19 240
1 233
8 177
0 176
2 318
8 807
11 807
0 761
0 446
0 931
1 931
0 1074
26 812
3 287
10 764
53 1043
2 857
1 922
2 558
11 558
16 279
86 173
129 130
2 617
3 617
41 1707
29 1707
98 4275
107 4275
4 4275
4256 4275
4260 4275
3 1149
77 1149
1140 1149
99 2971
108 2971
1 336
2 318
1025 1026
0 92
6 92
1 311
0 161
27 774
126 127
378 379
393 400
420 428
3 381
561 562
1 497
392 393
1 279
322 323
26 395
20 223
0 362
11 509
3 2434
16 716
3 388
31 233
0 484
483 484
483 484
24 1075
26 1075
1068 1075
1074 1075
5 118
2 114
421 844
421 844
0 306
3 1742
0 1742
2 1742
23 441
653 655
86 764
37 509
3724 3737
0 3737
3 3737
2 3737
17 562
1090 2181
0 338
0 40
2 379
36 405
1 474
0 98
1142 1143
8 368
2 699
0 343
11 126
1 1644
1642 1644
0 767
1 767
60 767
6 20
18 310
2 354
0 61
29 297
363 727
18 395
151 1618
231 233
5 381
20 473
15 217
3 152
383 768
20 171
1 567
0 301
0 461
771 788
3 788
772 788
55 788
780 788
0 788
1 788
777 788
38 788
2 405
652 653
8 139
2 324
959 973
59 1386
632 633
650 664
1604 1618
7 395
0 295
32 344
229 230
1109 2219
0 385
16 527
0 1926
0 1926
10 548
0 919
15 699
32 472
6 327
0 821
2 821
1 821
0 526
6 567
22 1012
3 1012
1 1012
1 562
36 739
1 266
14 227
0 241
24 635
4 391
2 177
4 407
428 435
26 535
16 527
1 371
4 371
1 240
11 57
295 297
2 262
0 361
145 1312
83 84
284 287
3 509
36 585
591 592
19 812
60 2339
144 290
0 948
1 948
1 448
21 973
4 360
1 389
49 1646
6 2101
0 2101
1 2101
2 2101
6 876
11 472
5 265
8 777
6 502
8 137
205 209
2 144
17 183
0 370
67 135
1 120
946 962
59 721
113 114
1 3218
5 1747
0 231
4 1110
0 153
2 290
2 397
4 325
40 319
49 382
39 5267
23 5267
15 5267
19 5267
126 5267
27 5267
53 5267
77 5267
7 5267
6 5267
11 5267
2 5267
22 5267
55 5267
4 1034
0 1034
17 2191
4 2191
11 247
13 247
72 1416
109 1027
5 319
0 1042
10 384
3 163
0 127
0 484
3 900
0 544
14 265
4 368
4 930
4 2416
1 2416
9 2416
38 919
406 407
0 382
0 247
0 233
2 1183
0 1183
1 1183
1 1185
0 382
0 340
0 3763
7 3763
176 177
466 477
140 141
21 242
0 295
1 295
2 395
17 615
1 308
1 1695
30 511
2 227
1 257
3 2339
6 395
0 359
0 761
251 257
3 176
5 336
191 195
361 365
239 240
228 230
3 196
3 338
93 1116
0 1116
6 1124
0 300
17 1623
878 906
0 57
0 188
2 1057
0 233
720 721
314 318
0 735
2 699
0 446
0 310
0 165
459 465
6 1130
93 679
5 392
6 348
0 1898
1 1898
7 472
948 950
949 950
943 950
0 191
15 1695
321 324
1 282
5 861
31 1695
14 360
59 960
383 388
1 1701
452 453
451 453
246 247
1 461
294 295
7 1042
28 549
10 319
11 1110
9 2517
1 866
2 866
4 141
3 387
2 48
1782 1791
0 1791
4 511
2 275
4 286
0 423
0 191
12 950
52 509
0 861
20 364
9 364
25 378
3615 3651
1 364
5 364
0 298
645 679
3 654
176 177
6 605
8 392
6 392
24 569
0 43
413 414
1 272
8 327
30 2050
6 2050
0 2050
12 617
0 927
17 1268
7 1268
10 1268
16 1413
78 157
308 317
394 790
394 790
2 812
71 1077
9 584
21 562
55 1360
4 1695
33 405
1 587
126 127
18 1592
2 1592
3 1719
0 1719
2 1719
547 548
3 548
194 195
350 352
0 1043
2 2703
3 2703
1 2703
0 2703
12 1165
11 395
0 1323
2 1323
1 1323
30 1323
4 1323
0 118
164 165
1 663
8 451
1 1536
3 1526
1 1526
1 1526
1 116
11 327
1 587
3 139
4 325
108 1288
2 116
5 240
0 217
355 712
20 1386
2337 2339
8 2517
9 381
8 284
182 183
13 295
1 2517
12 2339
12 465
0 247
0 2517
0 55
0 281
0 247
1358 1360
46 461
90 3761
43 590
3 594
46 378
25 1539
9 108
179 4338
171 1552
2 152
25 646
6 306
641 657
656 657
8 1042
24 421
1037 1042
4 222
1032 1034
5 270
2 1104
0 486
501 502
55 57
1 816
4 2365
14 1074
0 187
2234 2236
97 2236
18 2236
0 2236
403 405
9 1110
2 497
221 222
119 120
0 151
1 1392
0 230
2 86
77 78
2322 2339
8 9
78 1021
317 318
3 308
30 279
10 762
85 88
7 721
25 1027
29 500
1 89
1 86
157 159
4 733
5 725
2 276
4 497
43 1130
448 456
0 654
776 777
52 53
0 340
55 475
1 142
4 694
7 41
0 90
19 588
4 588
3 588
4 214
65 67
3 588
1 327
1 342
0 588
3 193
2 161
5 90
2 588
40 41
10 322
3 718
1 142
10 567
13 588
4 113
0 120
4 588
11 567
37 588
587 588
0 483
587 588
5 218
587 588
0 282
0 282
19 588
10 218
5 327
3 24
273 274
0 274
2 214
1 142
0 90
44 90
0 228
6 567
0 229
7 567
10 343
1 228
1 327
1 43
4 386
4 694
9 228
0 475
3 588
20 475
30 946
0 475
2 567
1 457
3 327
0 483
4 343
1 116
0 475
8 228
4 342
2 327
55 560
15 229
9 99
0 588
7 43
6 43
0 168
3 141
7 483
0 16
0 588
0 386
0 334
2 588
3 588
5 588
3 588
0 90
28 588
0 271
2 588
4 386
0 67
38 560
11 342
453 454
586 588
580 588
0 211
35 694
17 694
10 228
23 327
1 588
4 752
7 53
228 229
3 588
1 41
0 374
22 334
17 588
1 475
5 110
18 229
1 58
15 588
1 142
8 153
0 334
5 116
117 118
2 588
6 386
3 327
2 142
16 228
11 156
3 588
1 588
1 327
7 343
6 153
14 475
2 588
98 99
0 588
1 588
21 574
1 694
1 90
15 694
1 56
20 560
5 342
10 322
0 752
0 588
34 327
1 193
7 454
0 342
2 67
0 327
0 588
1 229
0 342
1 67
122 2673
0 211
0 483
326 327
5 228
4 33
3 962
0 1539
0 125
0 120
6 80
1 816
0 554
1 176
1 406
0 66
0 473
0 977
0 844
1 290
7 502
87 88
2 275
1 147
4 515
0 1205
0 1403
0 1695
4 605
596 605
7 1347
6 1347
48 1516
0 295
7 473
0 59
78 1021
5 788
113 228
2 1110
1 88
0 768
1 476
336 337
339 340
1668 1695
125 127
0 308
0 378
0 241
3 452
0 284
1 1900
0 1900
1 3101
0 3101
0 6
6 218
31 664
0 158
0 423
950 951
33 951
0 623
0 399
4 1577
0 278
2 214
9 2150
1 2150
0 145
1 404
0 1074
12 336
0 362
4 594
0 216
434 439
0 527
23 1386
0 639
38 762
0 625
1 625
0 725
0 395
0 1036
7 1042
19 393
16 1539
3 368
0 1539
58 117
6 632
14 1042
1 518
3 567
1 452
0 1071
31 347
1 303
0 120
269 270
0 2237
2234 2237
2236 2237
20 2237
2 2237
0 233
198 1552
0 409
0 1230
2 1230
845 853
0 400
0 126
444 446
32 857
0 973
0 274
2 274
1 3390
19 3390
5 3390
3 3390
0 584
63 890
2 626
10 216
0 1346
0 247
10 287
8 79
0 196
32 191
75 7353
7343 7353
67 7353
446 7353
36 7353
18 7353
94 7353
82 7353
7329 7353
593 7353
33 7353
41 7353
484 7353
178 7353
281 7353
12 7353
10 141
6 2466
10 2466
0 2466
1 2466
1443 1456
82 10604
0 10604
391 10604
26 10604
92 10604
431 10604
9 10604
119 10604
2 10604
67 10604
6 10604
19 10604
39 10604
40 10604
80 10604
16 10604
1638 1655
1641 1655
0 407
8 1162
24 1162
1 1162
11 1162
477 479
6 623
0 87
38 564
5 391
0 295
1 590
0 508
47 1695
1 47
786 788
782 788
785 788
784 788
783 788
6 788
8 788
781 788
787 788
229 230
0 739
32 436
14 1695
0 247
1 626
566 567
114 115
2 48
0 344
8 684
88 764
0 582
118 1072
1 1862
0 1862
1 369
10 876
0 625
7 233
1 937
0 937
5 937
0 230
2 421
270 272
1 218
799 812
51 826
0 919
3 887
1 1072
34 2339
23 958
1 958
10 1623
140 141
10 792
20 811
0 2330
1 2330
1 247
31 974
6 120
0 182
3 423
0 1967
0 30
3 384
2 549
1142 1153
0 497
9 188
37 498
156 157
7 157
2338 2339
2 950
56 57
0 135
3 473
0 962
0 448
0 163
3 414
6 1161
0 1161
2 1161
1 117
2 96
0 1403
0 1346
1 139
40 1110
472 473
44 318
0 318
1 700
0 162
3 1967
7 1539
2 1539
105 106
4 5662
3 5662
8 5662
6 5662
7 5662
1529 1536
7 1536
9 625
8 2565
0 2565
16 2565
1 2565
9 2565
7 2565
1742 1747
382 384
0 183
3 1249
1248 1249
0 87
11 812
744 746
1 2128
3 2128
8 2128
1 473
1 67
3 124
172 178
0 764
1 379
1 2396
0 2396
2 2396
13 890
6 890
3 890
0 38
1 2407
2 2407
4 2407
8 2407
720 735
0 581
1 581
1 385
2 385
1 615
0 139
44 641
0 448
1 1064
1063 1064
4 2225
3 89
0 941
0 89
0 1419
1 452
0 80
19 554
1 89
14 1294
16 1294
5 381
82 1948
1936 1948
1921 1948
1947 1948
2 962
7 448
1 352
136 137
2 594
1 1708
0 1708
286 287
0 25
811 816
624 626
1 90
15 2339
0 1536
0 233
1 69
0 319
2 796
2 446
0 527
3 142
1 369
3 153
9 590
0 385
206 413
0 446
0 2395
1 2395
3 404
295 592
18 2163
4 2163
9 2163
2 55
19 191
9 2423
0 2423
2384 2423
12 344
0 196
13 452
86 1403
1 1205
2 1205
2 1014
0 294
0 448
85 86
0 395
843 844
0 844
1 303
24 1360
0 812
106 107
0 562
2 479
3 467
78 1733
6 1733
14 1733
79 80
737 739
5 446
123 247
0 389
0 733
2 215
2 295
3 431
0 175
129 130
185 187
2 135
0 284
363 371
326 330
22 1724
0 1724
8 1724
5 549
0 919
35 1139
0 896
1 896
4 437
1 103
20 264
2 261
0 264
0 648
10 1577
19 1501
48 1501
12 1501
15 617
8 1618
0 285
6 504
114 115
1 48
243 247
1 737
0 223
0 509
1 311
3 594
24 477
0 345
3 733
2 789
1 789
0 605
75 1747
0 347
1509 1511
1505 1511
0 362
146 147
296 307
138 139
137 139
0 382
14 1766
10 788
2 788
5 788
4 788
12 788
0 788
1 788
9 788
3 788
9 694
0 694
5 307
0 174
29 371
0 1077
536 537
2 178
0 103
8 290
3149 3159
3139 3159
59 3159
125 1331
24 50
2 716
1 508
13 1909
25 1909
13 1909
1617 1618
25 1618
0 384
1 384
0 102
0 94
0 585
19 474
37 535
0 261
294 295
0 169
0 148
8 183
9 876
2 733
1 1787
1759 1787
1786 1787
3 617
1 1553
2 1553
4 504
1 343
0 632
0 127
503 504
6 1083
2 65
91 1144
177 178
4 172
12 240
424 431
70 919
497 498
0 1618
6 1475
21 368
3 26
7 1965
22 1965
6 1965
19 1965
2 1965
36 1965
124 125
0 175
4 55
375 379
0 229
0 229
0 230
0 1042
0 344
11 323
3 746
13 876
29 479
202 406
1 504
1 171
28 575
748 764
16 1913
4 1913
3 1057
6 269
0 173
0 344
0 772
0 242
0 1695
1685 1695
0 382
9 764
0 175
93 94
1 811
0 394
0 1287
0 176
11 139
0 310
1 360
229 230
1 811
0 381
0 1129
2 1129
1 1129
2 638
1070 1071
25 1410
1400 1410
40 1410
1 811
0 497
2 37
0 285
6 305
2 256
0 360
116 233
622 623
1 1061
17 260
0 452
556 563
7 592
5 144
326 327
0 617
336 337
361 362
366 5976
15 5976
5970 5976
80 5976
110 5976
5948 5976
205 5976
83 5976
131 5976
1074 1075
378 379
24 661
0 162
12 2517
11 431
0 100
1 1386
10 850
1 511
404 405
1 1102
0 1102
0 370
7 196
1 361
17 841
697 698
0 124
0 290
7 218
437 439
3 229
0 349
1 89
0 360
11 333
11 333
0 526
121 122
0 412
1 196
0 874
0 247
8 896
1 338
3 338
2 142
127 1779
889 1779
54 1779
101 1779
3 1238
11 876
2 1853
8 1853
3 1853
574 592
281 564
0 173
1525 1539
0 158
1 812
4 584
0 328
8 262
0 816
93 99
4 796
6 404
5 146
344 345
5 464
227 228
272 274
459 919
0 502
1 1110
3 122
5 446
34 518
0 141
10 585
560 561
83 2808
18 1357
99 1416
0 204
1 100
281 563
0 564
0 473
21 1110
0 339
163 327
1 308
288 295
0 587
0 777
3 558
148 149
5 209
4 279
2 962
2 3095
8 3095
9 3095
5 1617
2 1617
0 1617
4 1617
317 318
326 327
4 1767
28 1767
14 1767
3 1767
239 240
0 1071
0 522
0 1618
1 465
0 465
452 465
