3 384
10 375
1 392
1 576
0 576
3 776
1 776
15 511
12 2287
9 2287
4 745
4 745
3 914
5 338
1 448
0 691
2 691
0 183
912 914
15 1155
1154 1155
577 1155
2 1155
12 1155
4 1370
18 1623
7388 7389
34 7389
1 7389
4 7389
3 7389
38 7389
16 7389
13 7389
101 7389
9 7389
259 7389
28 2339
3 615
20 1288
12 176
13 1265
11 1265
10 1265
5 150
0 79
0 1983
1 1983
4 1983
5 1983
2 269
198 397
3 1208
0 1208
2 1208
2 1474
11 240
0 448
1 558
1 1113
0 1113
0 79
22 305
199 400
8 388
3 590
3 1483
2 152
2 152
0 796
767 1536
0 805
0 276
11 328
1 1267
8 1267
7 1267
10 1267
9 1267
0 522
3 198
0 1013
0 1013
4 152
0 1303
6 1008
0 1008
5 327
2 562
5 737
2 737
3 264
1 175
0 44
0 89
7 1913
1 1913
9 1539
972 973
852 855
0 301
76 7645
32 7645
7644 7645
26 7645
58 7645
276 7645
558 7645
423 7645
265 7645
31 7645
2 7645
328 7645
83 7645
222 7645
287 7645
582 7645
36 7645
78 7645
95 7645
549 7645
692 9306
0 9306
187 9306
343 9306
17 9306
79 9306
9305 9306
55 9306
30 9306
299 9306
34 9306
61 9306
256 9306
104 9306
395 9306
41 9306
21 9306
5 9306
20 3760
124 3760
0 3760
4 3760
29 3760
17 3760
7 3760
22 3760
19 689
4 295
42 1454
0 1454
2 1454
10 1454
2 626
0 203
0 405
792 794
1 794
843 844
328 657
9 1110
4 150
1 1071
0 812
0 812
0 422
4 896
28 395
1 2339
0 135
0 324
1 721
39 79
2 204
3 811
1 368
0 380
0 380
1 384
8 152
4 98
9 68
2 446
0 777
2 777
1 884
13 884
5 1514
437 876
173 348
0 169
2 663
1 663
15 303
11 240
440 441
7 1474
0 733
4 1077
1 404
0 973
2 138
13 1618
0 567
12 876
1 176
0 2150
13 2150
10 876
4 311
4 1597
5 1597
2 1597
10 1597
0 618
0 98
9 184
5 776
1 776
496 497
5 57
5 392
0 670
3 670
4 392
0 511
1 247
0 876
1 344
2 965
769 1539
1 509
4 215
12 176
4 215
4 215
24 1386
281 283
763 764
8 465
0 792
36 10782
5 10782
75 10782
1 10782
3 10782
24 10782
20 10782
15 10782
12 10782
18 10782
121 10782
223 10782
429 10782
42 10782
47 10782
2 10782
9 10782
6 10782
191 10782
73 10782
4 10782
150 10782
16 10782
10 10782
121 10782
44 10782
1 224
11 767
10 144
269 540
1 2510
0 2510
134 269
5 269
1 1269
0 1269
1 919
0 782
0 448
1 931
0 931
2 247
3 89
2 2038
0 2038
1 2038
1 446
19 737
3 1898
9 1898
27 584
20 1360
2 2257
1 2257
72 1695
10 2339
32 1072
1 746
3 746
1 2150
8 2150
5 3410
4 3410
49 3410
4 746
2 2150
34 2150
22 764
4 746
0 456
18 590
15 2449
15 2449
95 191
0 777
3 266
1026 1027
4 976
28 976
7 3000
31 3000
13 3000
121 3000
14 3000
6 3000
4 202
1 456
7 777
9 381
0 295
4 186
220 441
1 94
33 68
5 287
10 240
70 142
5 240
4 655
5 1197
6 2831
5 2831
4 2831
2 2831
0 1331
152 4210
15 4210
63 4210
10 4210
3 4210
37 4210
24 4210
21 4210
2 4210
4 4210
146 4210
4 20
3 209
0 677
1 677
0 1547
1 1547
2 888
0 888
171 344
0 413
2 1012
0 1012
3 1012
9 269
7 467
7 504
554 1110
1 585
3 2128
5 2128
1 2128
6 960
7 1483
1535 1536
23 1536
554 1110
4 1069
8 1069
0 1069
21 1014
405 811
4 1110
3 423
0 93
11 183
1 384
1 724
0 2375
3 2375
7 2375
1 178
7 788
2 788
5 788
4 788
8 788
0 788
1 788
8 788
3 788
0 203
112 226
8 4949
38 4949
1 4949
22 4949
21 4949
20 4949
28 4949
1 120
42 2150
3 2150
11 2150
3 653
33 689
6 2955
4 2955
7 2955
5 2955
20 2955
0 2955
3 2955
5 1695
2 439
430 439
9 225
2 2163
3 2163
115 13875
7 13875
3 13875
9 13875
6 13875
29 13875
0 13875
1 13875
38 13875
2 13875
6937 13875
104 13875
53 13875
8 13875
16 2339
3 222
0 150
0 1164
4 1164
6 1164
1 2347
3 2347
2 2347
4 2347
630 633
0 384
26 3126
2 3126
6 3126
1 3126
0 3126
9 3126
4 3126
2 1078
0 1078
4 1078
0 267
0 1926
262 526
23 812
18 858
7 5657
3 5657
14 5657
2 5657
1 5657
0 5657
22 5657
180 5657
8 1042
4 423
5 218
85 172
37 1307
104 1021
1 384
9 400
15 240
8 247
1 176
1 247
5 124
5 618
1 247
2 1708
3 1708
2 1708
0 1708
5 762
2 762
2 152
12 371
2 264
27 442
441 442
0 389
60 5642
1 5642
25 5642
239 5642
38 5642
55 5642
46 5642
2 416
3 223
1 86
9 543
7 1403
4 1403
9 679
1 2517
0 87
344 689
4 336
0 89
2 153
1402 1403
20 1963
8 1963
0 2002
8 2002
45 2002
13 147
9 147
81 163
131 264
1 1539
131 264
7 590
0 181
120 241
2 465
44 764
45 764
32 764
6 295
50 1652
15 1652
3 1967
8 86
0 1110
2 1183
1 1183
0 1183
0 876
0 389
0 1124
1 1124
4 1014
0 961
2 961
5 961
0 526
0 359
15 1130
0 257
12 1386
30 842
520 1042
0 257
2 2403
52 2403
9 2403
1 106
10 375
6 617
22 270
269 270
10 340
1 327
0 380
0 518
1 587
0 587
0 384
0 424
8 264
5 699
11 1317
2 1317
0 1317
3 120
5 594
0 538
0 603
38 1130
2 344
9 240
1 1241
121 122
3 855
0 1898
3 1898
0 1898
2 1898
0 384
8 17
23 914
0 777
81 163
39 4713
0 4713
45 4713
302 4713
5 4713
1 4713
2 44
0 2150
6 2150
3 2150
2 2150
8 402
132 266
3 781
4 781
2 781
0 781
331 664
13 689
4 874
0 796
795 796
76 1464
23 1464
22 1464
6 548
5 382
4 233
2 663
7 257
252 506
10 1012
3 257
1 626
3 371
390 782
2 3816
9 3816
12 3816
6 3816
3 3816
24 3816
4 3816
10 340
5 1347
2 1347
1 149
6 554
2 364
3 364
147 295
217 435
27 695
3 1247
0 1247
6 423
46 914
0 265
0 631
10 631
3 186
15 518
85 171
255 511
30 431
2 2308
0 2308
10 2303
0 2303
3 145
2 145
6 145
5 467
258 518
2 405
8 318
6 423
8 324
388 389
1 8726
61 8726
55 8726
2 8726
57 8726
193 8726
174 8726
103 8726
155 8726
10 8726
0 8726
16 8726
3 8726
5 422
7 108
0 456
0 1036
1 1036
19 391
0 344
8 679
2 154
198 397
14 3066
12 3066
38 3066
0 1214
1 1214
6 1595
41 1595
381 764
0 457
0 368
0 376
3 209
205 209
2 1191
1 1191
1 592
377 378
70 141
0 389
1 446
4 264
2 526
2 1110
6366 12734
7 12734
33 12734
58 12734
79 12734
152 12734
6366 12734
27 12734
2 12734
212 12734
46 12734
46 12734
55 12734
49 12734
57 12734
290 12734
124 12734
66 12734
9 203
0 89
1 653
11 295
0 841
0 441
5 384
0 876
33 1264
631 1264
631 1264
0 404
0 1483
0 1110
5 590
1 590
5 264
0 107
15 1386
11 148
44 89
10 842
230 461
0 669
3 669
9 737
8 699
3 423
3 737
0 107
0 107
7 148
0 473
14 2629
28 2629
13 2629
3 2629
2 384
10 1589
1 1589
4 1589
4 113
17 2696
14 2696
0 2696
0 774
24 664
493 987
4 987
12 987
10 4344
114 4344
1 4344
6 4344
0 4344
2 4344
37 4344
3 222
312 626
14 1376
2 1376
14 1376
2 1376
0 558
3 680
5 680
4 234
5 177
10 177
18 384
6 441
33 441
5 376
6 1511
48 1511
7 522
0 522
0 169
0 737
27 664
14 479
8 2238
0 2238
5 2238
2 2238
12 1074
8 737
1 762
1258 2517
393 788
22 2300
21 2300
761 762
4 618
0 183
269 270
8 558
1 252
36 295
19 1913
24 1913
653 656
2 656
19 656
11 240
0 423
381 764
15 373
0 446
3 357
6 423
0 632
1 590
7 562
16 456
0 9
293 587
6 562
3 1014
0 774
0 404
566 567
1 1407
3 594
1 690
2 690
249 250
125 127
29 295
4 2725
3 2725
7 2725
0 2725
6 2725
1 442
0 442
1 518
1 508
0 269
2 269
0 38
1 6094
3 6094
2 6094
0 6094
4 6094
684 1370
11 2737
11 2737
9 1409
262 526
12 465
2 339
4 960
3 960
20 382
2 295
0 404
0 431
1 1536
3 615
0 844
0 308
0 504
5 560
0 730
1 730
1 764
0 1701
11 240
141 283
7 596
7 392
5 2339
0 2339
0 303
0 461
19 563
10 438
0 122
14 980
6 980
27 845
0 665
4 378
3 352
5 889
4 889
0 189
0 431
4 751
2 526
2 1955
9 1955
3 1955
7 1955
0 1955
1 1955
22 9453
25 9453
23 9453
4 9453
14 9453
46 9453
2 9453
16 9453
5 9453
30 9453
19 9453
29 9453
26 9453
18 9453
24 9453
1 3604
11 3604
12 3604
1801 3604
5 3604
7 2982
2 2982
11 2982
1 2982
4 2982
4 1152
498 499
0 181
1 181
124 249
6 613
10 395
7 575
1 122
3 1114
3 1114
141 283
141 283
0 241
2 55
327 655
1 1887
0 1887
2 1887
178 7512
115 7512
33 7512
22 7512
6 7512
18 7512
30 7512
293 7512
234 7512
467 7512
226 7512
78 7512
17 7512
247 7512
7503 7512
163 328
8 623
1 106
1 82
0 305
12 196
75 151
14 439
4 328
35 2031
14 4370
20 4370
12 4370
10 4370
5 4370
13 4370
16 4370
9 4370
17 340
0 360
0 269
0 413
15 887
0 187
6 187
2 534
3 1539
40 726
128 257
15 202
0 764
2 764
0 473
1 729
2 729
4 729
16 174
7 593
1 326
5 282
29 59
13 2849
35 2849
1 2849
18 2849
0 225
6 435
1 435
0 522
9 146
19 479
5 399
0 587
11 562
393 788
4 788
393 788
393 788
393 788
0 788
0 788
393 788
393 788
33 473
25 473
2 1528
0 1528
24 1904
15 1904
2 733
218 219
26 2417
27 2417
48 594
19 594
18 594
0 620
1 620
1 476
4 476
0 405
15 1695
1 91
3 91
1 1223
0 1223
3 1223
478 479
2 328
1 1879
3 1879
88 4834
4 4834
43 4834
31 4834
8 4834
9 4834
5 145
737 739
4 336
3 361
7 177
412 413
379 759
190 191
190 191
5 240
2 233
2 177
0 176
5 318
5 807
2 807
0 761
1 446
1 931
0 931
0 1074
6 812
21 287
12 764
6 1043
0 857
1 922
1 558
10 558
9 279
86 173
64 130
3 617
3 617
2 1707
1 1707
29 4275
48 4275
20 4275
47 4275
58 4275
4 1149
11 1149
18 1149
4 2971
0 2971
1 336
3 318
5 1026
0 92
1 92
0 311
0 161
7 774
3 127
14 379
399 400
213 428
190 381
18 562
1 497
196 393
0 279
14 323
4 395
8 223
0 362
12 509
0 2434
6 716
385 388
26 233
0 484
14 484
12 484
13 1075
15 1075
1074 1075
1074 1075
8 118
0 114
421 844
421 844
152 306
0 1742
3 1742
1 1742
5 441
7 655
14 764
507 509
1868 3737
0 3737
2 3737
1 3737
11 562
1090 2181
0 338
0 40
189 379
2 405
1 474
0 98
1 1143
183 368
5 699
0 343
10 126
0 1644
7 1644
0 767
1 767
383 767
6 20
154 310
1 354
0 61
3 297
363 727
7 395
1617 1618
5 233
190 381
23 473
16 217
5 152
383 768
8 171
1 567
0 301
0 461
393 788
2 788
6 788
11 788
393 788
0 788
1 788
393 788
10 788
1 405
652 653
4 139
0 324
0 973
11 1386
3 633
21 664
106 1618
18 395
0 295
4 344
229 230
1109 2219
0 385
16 527
2 1926
11 1926
3 548
0 919
11 699
2 472
4 327
0 821
1 821
2 821
1 526
3 567
7 1012
2 1012
1 1012
6 562
32 739
0 266
113 227
0 241
21 635
4 391
4 177
2 407
15 435
531 535
14 527
3 371
8 371
2 240
6 57
148 297
0 262
0 361
16 1312
83 84
284 287
3 509
5 585
17 592
405 812
102 2339
144 290
0 948
1 948
0 448
37 973
4 360
1 389
13 1646
4 2101
1 2101
0 2101
3 2101
4 876
471 472
4 265
7 777
250 502
6 137
104 209
6 144
1 183
0 370
67 135
1 120
10 962
14 721
113 114
1 3218
1 1747
0 231
0 1110
0 153
0 290
3 397
8 325
7 319
11 382
16 5267
12 5267
9 5267
11 5267
40 5267
10 5267
37 5267
44 5267
3 5267
6 5267
8 5267
0 5267
18 5267
33 5267
2 1034
0 1034
2 2191
0 2191
9 247
8 247
35 1416
73 1027
1 319
0 1042
1 384
0 163
0 127
0 484
1 900
0 544
16 265
6 368
1 930
1 2416
1 2416
4 2416
14 919
406 407
0 382
0 247
0 233
5 1183
1 1183
0 1183
1 1185
0 382
0 340
0 3763
2 3763
88 177
238 477
140 141
21 242
0 295
1 295
6 395
307 615
3 308
1 1695
9 511
0 227
3 257
2 2339
19 395
0 359
0 761
128 257
0 176
2 336
2 195
359 365
239 240
5 230
0 196
168 338
9 1116
0 1116
5 1124
0 300
1 1623
452 906
0 57
0 188
0 1057
0 233
4 721
7 318
0 735
12 699
1 446
0 310
0 165
232 465
29 1130
339 679
0 392
7 348
0 1898
1 1898
6 472
38 950
54 950
49 950
0 191
3 1695
4 324
1 282
1 861
13 1695
13 360
16 960
387 388
2 1701
451 453
65 453
246 247
0 461
26 295
8 1042
274 549
159 319
8 1110
17 2517
1 866
0 866
4 141
0 387
2 48
0 1791
3 1791
0 511
4 275
8 286
0 423
3 191
21 950
254 509
0 861
2 364
3 364
377 378
6 3651
0 364
5 364
0 298
1 679
16 654
6 177
6 605
5 392
5 392
7 569
0 43
5 414
2 272
4 327
0 2050
1 2050
2 2050
0 617
7 927
2 1268
0 1268
1 1268
20 1413
78 157
315 317
394 790
394 790
2 812
45 1077
7 584
24 562
24 1360
2 1695
15 405
5 587
4 127
2 1592
0 1592
0 1719
1 1719
2 1719
11 548
2 548
193 195
2 352
0 1043
2 2703
1 2703
2 2703
1 2703
22 1165
197 395
0 1323
2 1323
1 1323
5 1323
3 1323
0 118
3 165
2 663
9 451
26 1536
2 1526
1 1526
1 1526
1 116
12 327
0 587
4 139
3 325
1287 1288
3 116
10 240
0 217
355 712
7 1386
15 2339
0 2517
5 381
10 284
1 183
4 295
2 2517
1169 2339
2 465
0 247
0 2517
0 55
0 281
0 247
24 1360
3 461
84 3761
6 590
1 594
376 378
30 1539
107 108
106 4338
775 1552
2 152
9 646
4 306
21 657
652 657
18 1042
210 421
4 1042
5 222
33 1034
0 270
0 1104
0 486
501 502
2 57
10 816
14 2365
16 1074
0 187
23 2236
7 2236
9 2236
0 2236
202 405
5 1110
20 497
110 222
119 120
0 151
0 1392
0 230
4 86
4 78
96 2339
8 9
4 1021
7 318
0 308
20 279
2 762
87 88
4 721
4 1027
12 500
0 89
2 86
158 159
6 733
17 725
2 276
2 497
11 1130
0 456
0 654
776 777
52 53
0 340
64 475
2 142
7 694
2 41
0 90
293 588
4 588
3 588
3 214
2 67
3 588
1 327
2 342
0 588
5 193
2 161
6 90
10 588
6 41
3 322
3 718
2 142
12 567
587 588
3 113
0 120
5 588
6 567
29 588
39 588
9 483
28 588
5 218
293 588
1 282
7 282
19 588
108 218
1 327
0 24
1 274
0 274
2 214
1 142
3 90
44 90
1 228
6 567
0 229
11 567
4 343
1 228
1 327
0 43
4 386
5 694
9 228
1 475
1 588
23 475
21 946
0 475
0 567
1 457
5 327
0 483
3 343
5 116
0 475
9 228
0 342
26 327
279 560
11 229
0 99
5 588
7 43
21 43
0 168
6 141
1 483
0 16
0 588
1 386
0 334
3 588
4 588
5 588
3 588
0 90
12 588
0 271
5 588
9 386
0 67
47 560
11 342
10 454
5 588
7 588
5 211
25 694
44 694
8 228
15 327
3 588
13 752
0 53
0 229
22 588
7 41
0 374
3 334
31 588
7 475
9 110
1 229
0 58
2 588
1 142
10 153
5 334
5 116
5 118
3 588
3 386
3 327
2 142
22 228
8 156
3 588
6 588
1 327
29 343
6 153
18 475
1 588
0 99
0 588
4 588
286 574
1 694
1 90
27 694
0 56
23 560
14 342
0 322
0 752
3 588
27 327
1 193
226 454
0 342
3 67
0 327
1 588
1 229
0 342
1 67
71 2673
1 211
6 483
4 327
1 228
4 33
9 962
0 1539
0 125
0 120
3 80
0 816
0 554
4 176
3 406
0 66
2 473
0 977
0 844
1 290
10 502
87 88
3 275
73 147
4 515
0 1205
0 1403
0 1695
2 605
6 605
2 1347
6 1347
25 1516
0 295
0 473
0 59
8 1021
12 788
113 228
5 1110
0 88
0 768
1 476
5 337
339 340
41 1695
4 127
0 308
0 378
0 241
2 452
0 284
2 1900
0 1900
1 3101
0 3101
0 6
5 218
662 664
0 158
0 423
21 951
5 951
0 623
0 399
3 1577
0 278
3 214
4 2150
0 2150
0 145
0 404
0 1074
1 336
0 362
4 594
0 216
9 439
4 527
14 1386
0 639
18 762
0 625
1 625
0 725
0 395
0 1036
9 1042
2 393
12 1539
1 368
1 1539
58 117
7 632
1040 1042
1 518
1 567
1 452
1 1071
0 347
1 303
0 120
31 270
1 2237
2232 2237
15 2237
19 2237
5 2237
0 233
775 1552
0 409
0 1230
2 1230
27 853
1 400
0 126
1 446
10 857
0 973
1 274
0 274
1 3390
20 3390
3 3390
2 3390
0 584
25 890
1 626
107 216
0 1346
0 247
20 287
4 79
0 196
21 191
121 7353
118 7353
70 7353
488 7353
7 7353
23 7353
153 7353
15 7353
133 7353
3676 7353
3 7353
134 7353
43 7353
239 7353
88 7353
16 7353
11 141
3 2466
4 2466
0 2466
1 2466
16 1456
4 10604
6 10604
1 10604
70 10604
10 10604
4 10604
4 10604
21 10604
26 10604
26 10604
30 10604
96 10604
7 10604
21 10604
110 10604
12 10604
22 1655
20 1655
0 407
3 1162
4 1162
0 1162
2 1162
4 479
18 623
0 87
1 564
8 391
0 295
0 590
0 508
51 1695
0 47
393 788
13 788
21 788
18 788
393 788
0 788
1 788
11 788
393 788
10 230
0 739
4 436
46 1695
0 247
3 626
13 567
5 115
2 48
0 344
3 684
61 764
1 582
5 1072
2 1862
0 1862
4 369
13 876
1 625
232 233
1 937
0 937
5 937
0 230
1 421
3 272
5 218
3 812
58 826
0 919
2 887
1 1072
36 2339
4 958
2 958
18 1623
9 141
11 792
6 811
1 2330
0 2330
1 247
13 974
12 120
0 182
1 423
0 1967
0 30
3 384
0 549
576 1153
0 497
5 188
4 498
0 157
3 157
2336 2339
4 950
2 57
0 135
3 473
0 962
0 448
0 163
3 414
5 1161
1 1161
0 1161
0 117
0 96
0 1403
0 1346
1 139
9 1110
3 473
35 318
0 318
2 700
0 162
2 1967
8 1539
1 1539
1 106
0 5662
1 5662
4 5662
3 5662
2 5662
44 1536
24 1536
17 625
11 2565
6 2565
10 2565
6 2565
8 2565
9 2565
873 1747
19 384
4 183
2 1249
6 1249
0 87
6 812
372 746
1 2128
2 2128
4 2128
0 473
0 67
5 124
177 178
0 764
1 379
1 2396
0 2396
2 2396
14 890
0 890
5 890
0 38
2 2407
3 2407
0 2407
8 2407
1 735
0 581
1 581
1 385
3 385
8 615
0 139
1 641
0 448
3 1064
0 1064
4 2225
3 89
0 941
0 89
0 1419
225 452
0 80
276 554
1 89
2 1294
24 1294
5 381
12 1948
8 1948
1 1948
57 1948
1 962
8 448
2 352
68 137
0 594
1 1708
0 1708
143 287
0 25
12 816
3 626
0 90
32 2339
0 1536
0 233
0 69
0 319
2 796
0 446
0 527
2 142
1 369
1 153
3 590
1 385
206 413
2 446
2 2395
0 2395
3 404
295 592
19 2163
5 2163
15 2163
0 55
21 191
0 2423
3 2423
1 2423
1 344
0 196
0 452
30 1403
1 1205
2 1205
1 1014
0 294
0 448
42 86
0 395
35 844
0 844
2 303
27 1360
0 812
53 107
0 562
1 479
4 467
24 1733
13 1733
21 1733
4 80
5 739
0 446
123 247
0 389
0 733
0 215
4 295
2 431
0 175
6 130
186 187
2 135
0 284
2 371
11 330
3 1724
0 1724
1 1724
1 549
0 919
569 1139
0 896
1 896
0 437
1 103
10 264
1 261
0 264
0 648
18 1577
0 1501
4 1501
1 1501
308 617
15 1618
0 285
503 504
7 115
1 48
0 247
1 737
0 223
0 509
1 311
4 594
238 477
0 345
1 733
9 789
0 789
0 605
3 1747
0 347
19 1511
19 1511
0 362
19 147
0 307
135 139
137 139
0 382
17 1766
8 788
2 788
5 788
4 788
9 788
0 788
1 788
9 788
3 788
2 694
0 694
4 307
2 174
2 371
538 1077
1 537
1 178
0 103
1 290
4 3159
5 3159
2 3159
8 1331
24 50
1 716
1 508
13 1909
24 1909
13 1909
6 1618
7 1618
0 384
0 384
0 102
0 94
0 585
4 474
267 535
0 261
294 295
0 169
0 148
5 183
8 876
1 733
6 1787
4 1787
1 1787
2 617
0 1553
2 1553
6 504
1 343
1 632
0 127
18 504
5 1083
2 65
4 1144
5 178
5 172
7 240
430 431
7 919
497 498
0 1618
7 1475
6 368
3 26
2 1965
4 1965
5 1965
3 1965
0 1965
12 1965
14 125
0 175
2 55
3 379
0 229
0 229
0 230
0 1042
0 344
5 323
4 746
12 876
10 479
202 406
1 504
3 171
15 575
12 764
23 1913
4 1913
0 1057
2 269
0 173
5 344
0 772
0 242
0 1695
14 1695
0 382
10 764
0 175
0 94
1 811
0 394
0 1287
0 176
10 139
0 310
1 360
3 230
1 811
0 381
0 1129
2 1129
1 1129
0 638
10 1071
34 1410
14 1410
16 1410
1 811
0 497
18 37
0 285
11 305
3 256
0 360
116 233
16 623
1 1061
4 260
0 452
5 563
295 592
0 144
163 327
0 617
4 337
4 362
2987 5976
68 5976
32 5976
92 5976
103 5976
1 5976
112 5976
56 5976
1 5976
537 1075
189 379
17 661
1 162
0 2517
5 431
0 100
1 1386
4 850
1 511
3 405
0 1102
1 1102
0 370
7 196
1 361
6 841
697 698
0 124
0 290
4 218
4 439
11 229
0 349
0 89
0 360
12 333
13 333
0 526
5 122
0 412
0 196
5 874
0 247
5 896
1 338
2 338
0 142
64 1779
889 1779
42 1779
889 1779
1 1238
13 876
1 1853
0 1853
2 1853
11 592
281 564
0 173
8 1539
0 158
1 812
4 584
0 328
2 262
0 816
0 99
5 796
9 404
5 146
172 345
6 464
113 228
273 274
459 919
0 502
0 1110
3 122
0 446
10 518
0 141
9 585
559 561
3 2808
1 1357
707 1416
1 204
1 100
281 563
2 564
0 473
554 1110
0 339
163 327
4 308
147 295
0 587
0 777
3 558
74 149
4 209
2 279
1 962
1 3095
5 3095
2 3095
7 1617
0 1617
2 1617
1 1617
1 318
7 327
2 1767
9 1767
0 1767
1 1767
119 240
0 1071
0 522
0 1618
1 465
0 465
9 465
