2 384
16 375
0 392
1 576
0 576
3 776
1 776
10 511
16 2287
4 2287
4 745
4 745
3 914
3 338
1 448
0 691
1 691
0 183
25 914
15 1155
1154 1155
577 1155
2 1155
12 1155
3 1370
14 1623
7388 7389
57 7389
0 7389
2 7389
4 7389
22 7389
54 7389
8 7389
55 7389
10 7389
267 7389
23 2339
3 615
10 1288
175 176
10 1265
11 1265
15 1265
147 150
0 79
0 1983
1 1983
3 1983
6 1983
2 269
198 397
2 1208
0 1208
8 1208
6 1474
11 240
0 448
1 558
1 1113
0 1113
1 79
17 305
9 400
8 388
1 590
5 1483
3 152
3 152
0 796
767 1536
0 805
1 276
10 328
8 1267
55 1267
3 1267
7 1267
11 1267
0 522
1 198
0 1013
0 1013
4 152
0 1303
9 1008
0 1008
3 327
6 562
4 737
3 737
2 264
1 175
0 44
0 89
17 1913
6 1913
1536 1539
972 973
854 855
0 301
135 7645
46 7645
7644 7645
7 7645
47 7645
270 7645
556 7645
760 7645
459 7645
29 7645
2 7645
395 7645
115 7645
429 7645
328 7645
580 7645
49 7645
99 7645
182 7645
7633 7645
688 9306
0 9306
232 9306
408 9306
44 9306
49 9306
9305 9306
73 9306
102 9306
302 9306
17 9306
115 9306
645 9306
113 9306
511 9306
22 9306
35 9306
3 9306
89 3760
114 3760
164 3760
111 3760
147 3760
23 3760
45 3760
93 3760
45 689
4 295
37 1454
1 1454
2 1454
5 1454
2 626
0 203
3 405
793 794
1 794
843 844
328 657
9 1110
5 150
1 1071
0 812
0 812
0 422
3 896
32 395
1 2339
0 135
0 324
2 721
39 79
2 204
3 811
1 368
0 380
0 380
3 384
2 152
4 98
9 68
3 446
0 777
3 777
1 884
12 884
10 1514
437 876
173 348
0 169
1 663
3 663
15 303
11 240
440 441
11 1474
0 733
2 1077
1 404
0 973
137 138
2 1618
0 567
11 876
1 176
0 2150
15 2150
10 876
4 311
4 1597
5 1597
2 1597
10 1597
0 618
0 98
183 184
9 776
1 776
496 497
5 57
4 392
0 670
2 670
4 392
0 511
1 247
0 876
1 344
0 965
769 1539
1 509
4 215
12 176
4 215
4 215
26 1386
282 283
750 764
9 465
0 792
28 10782
5 10782
51 10782
4 10782
7 10782
21 10782
22 10782
25 10782
11 10782
15 10782
122 10782
307 10782
458 10782
26 10782
33 10782
2 10782
6 10782
8 10782
150 10782
64 10782
1 10782
224 10782
13 10782
9 10782
122 10782
32 10782
0 224
8 767
9 144
49 540
1 2510
2 2510
134 269
5 269
1 1269
0 1269
1 919
0 782
0 448
0 931
1 931
3 247
3 89
2 2038
0 2038
1 2038
0 446
18 737
2 1898
16 1898
29 584
17 1360
3 2257
2 2257
118 1695
7 2339
32 1072
1 746
3 746
2 2150
10 2150
3 3410
10 3410
72 3410
4 746
2 2150
31 2150
23 764
4 746
1 456
19 590
6 2449
31 2449
95 191
0 777
4 266
1020 1027
3 976
32 976
8 3000
26 3000
14 3000
126 3000
15 3000
5 3000
4 202
1 456
7 777
5 381
0 295
4 186
220 441
1 94
33 68
4 287
8 240
70 142
6 240
6 655
6 1197
6 2831
5 2831
4 2831
2 2831
0 1331
197 4210
12 4210
53 4210
7 4210
3 4210
33 4210
19 4210
24 4210
2 4210
4 4210
145 4210
2 20
3 209
0 677
1 677
0 1547
1 1547
3 888
0 888
343 344
0 413
2 1012
0 1012
3 1012
4 269
4 467
7 504
554 1110
0 585
2 2128
9 2128
0 2128
7 960
5 1483
1535 1536
38 1536
1101 1110
14 1069
13 1069
7 1069
1010 1014
405 811
7 1110
4 423
0 93
7 183
1 384
1 724
0 2375
3 2375
7 2375
177 178
9 788
2 788
5 788
4 788
11 788
0 788
1 788
11 788
3 788
0 203
8 226
4 4949
56 4949
5 4949
12 4949
31 4949
22 4949
18 4949
1 120
39 2150
8 2150
18 2150
4 653
26 689
9 2955
4 2955
7 2955
5 2955
24 2955
0 2955
2 2955
5 1695
3 439
4 439
5 225
4 2163
2 2163
43 13875
23 13875
0 13875
7 13875
4 13875
19 13875
3 13875
2 13875
27 13875
6 13875
1532 13875
20 13875
155 13875
30 13875
7 2339
3 222
0 150
0 1164
4 1164
6 1164
1 2347
3 2347
2 2347
4 2347
632 633
0 384
29 3126
2 3126
7 3126
1 3126
0 3126
9 3126
5 3126
3 1078
2 1078
6 1078
0 267
0 1926
262 526
811 812
18 858
6 5657
5 5657
12 5657
2 5657
0 5657
1 5657
22 5657
112 5657
11 1042
20 423
5 218
13 172
28 1307
100 1021
3 384
9 400
17 240
7 247
1 176
0 247
5 124
4 618
1 247
0 1708
3 1708
2 1708
1 1708
9 762
2 762
2 152
369 371
2 264
31 442
441 442
2 389
62 5642
1 5642
24 5642
211 5642
34 5642
23 5642
77 5642
2 416
7 223
1 86
10 543
3 1403
2 1403
14 679
1 2517
0 87
344 689
4 336
0 89
5 153
1399 1403
15 1963
9 1963
0 2002
12 2002
146 2002
13 147
12 147
81 163
13 264
1 1539
131 264
4 590
0 181
120 241
2 465
47 764
48 764
761 764
7 295
46 1652
15 1652
2 1967
4 86
0 1110
3 1183
1 1183
0 1183
0 876
0 389
0 1124
1 1124
3 1014
0 961
1 961
5 961
0 526
0 359
23 1130
1 257
15 1386
16 842
520 1042
0 257
1 2403
61 2403
17 2403
1 106
15 375
9 617
31 270
269 270
339 340
3 327
0 380
2 518
1 587
0 587
0 384
0 424
15 264
3 699
17 1317
14 1317
0 1317
2 120
7 594
0 538
0 603
26 1130
2 344
11 240
1 1241
121 122
1 855
1 1898
10 1898
0 1898
1 1898
0 384
8 17
13 914
0 777
3 163
46 4713
1 4713
125 4713
310 4713
47 4713
0 4713
2 44
0 2150
12 2150
0 2150
2 2150
8 402
132 266
3 781
4 781
1 781
0 781
331 664
51 689
1 874
9 796
795 796
118 1464
23 1464
20 1464
547 548
3 382
6 233
2 663
7 257
252 506
11 1012
4 257
1 626
3 371
390 782
1 3816
21 3816
11 3816
9 3816
8 3816
71 3816
3 3816
10 340
5 1347
3 1347
1 149
4 554
2 364
5 364
147 295
37 435
9 695
3 1247
0 1247
6 423
33 914
0 265
0 631
49 631
3 186
100 518
85 171
255 511
40 431
4 2308
1 2308
23 2303
1 2303
3 145
2 145
7 145
1 467
258 518
5 405
16 318
6 423
6 324
388 389
1 8726
426 8726
37 8726
2 8726
88 8726
8687 8726
177 8726
134 8726
891 8726
117 8726
0 8726
15 8726
7 8726
1 422
107 108
0 456
0 1036
1 1036
19 391
0 344
12 679
2 154
198 397
14 3066
12 3066
38 3066
4 1214
0 1214
12 1595
48 1595
381 764
0 457
0 368
0 376
3 209
208 209
2 1191
1 1191
0 592
377 378
70 141
0 389
1 446
10 264
0 526
0 1110
6366 12734
16 12734
22 12734
78 12734
186 12734
99 12734
6366 12734
32 12734
6 12734
185 12734
64 12734
64 12734
75 12734
66 12734
77 12734
283 12734
159 12734
93 12734
201 203
0 89
650 653
17 295
0 841
0 441
8 384
0 876
33 1264
631 1264
631 1264
0 404
0 1483
0 1110
5 590
3 590
2 264
0 107
14 1386
10 148
2 89
9 842
32 461
0 669
2 669
5 737
4 699
3 423
2 737
0 107
0 107
7 148
14 473
9 2629
16 2629
2 2629
15 2629
4 384
12 1589
5 1589
1 1589
4 113
50 2696
10 2696
0 2696
3 774
11 664
493 987
3 987
11 987
12 4344
467 4344
3 4344
4 4344
0 4344
1 4344
67 4344
3 222
9 626
14 1376
2 1376
14 1376
2 1376
0 558
3 680
5 680
3 234
5 177
12 177
21 384
0 441
38 441
2 376
10 1511
69 1511
6 522
0 522
0 169
0 737
13 664
477 479
6 2238
0 2238
5 2238
1 2238
12 1074
10 737
1 762
1258 2517
20 788
80 2300
14 2300
760 762
3 618
0 183
269 270
5 558
0 252
33 295
19 1913
24 1913
655 656
1 656
14 656
13 240
0 423
34 764
14 373
0 446
2 357
6 423
0 632
0 590
10 562
12 456
0 9
293 587
24 562
4 1014
0 774
0 404
566 567
2 1407
3 594
1 690
4 690
249 250
126 127
294 295
7 2725
6 2725
9 2725
1 2725
5 2725
1 442
0 442
4 518
1 508
1 269
2 269
0 38
7 6094
5 6094
2 6094
1 6094
3 6094
684 1370
8 2737
11 2737
20 1409
262 526
9 465
3 339
3 960
1 960
17 382
1 295
0 404
0 431
1 1536
3 615
0 844
0 308
6 504
5 560
0 730
1 730
1 764
0 1701
10 240
141 283
13 596
5 392
11 2339
0 2339
0 303
0 461
19 563
7 438
0 122
15 980
8 980
19 845
0 665
10 378
2 352
5 889
4 889
0 189
0 431
8 751
2 526
44 1955
12 1955
9 1955
41 1955
16 1955
31 1955
41 9453
50 9453
44 9453
35 9453
55 9453
76 9453
1 9453
14 9453
9 9453
43 9453
27 9453
38 9453
21 9453
33 9453
184 9453
1 3604
15 3604
17 3604
1801 3604
9 3604
17 2982
3 2982
20 2982
7 2982
0 2982
4 1152
498 499
0 181
1 181
124 249
4 613
10 395
7 575
1 122
2 1114
4 1114
141 283
141 283
0 241
2 55
327 655
0 1887
1 1887
2 1887
257 7512
208 7512
94 7512
20 7512
5 7512
204 7512
261 7512
207 7512
180 7512
456 7512
332 7512
174 7512
106 7512
140 7512
7506 7512
5 328
8 623
5 106
1 82
0 305
195 196
75 151
18 439
4 328
22 2031
40 4370
43 4370
34 4370
33 4370
17 4370
30 4370
36 4370
22 4370
9 340
0 360
0 269
0 413
12 887
1 187
5 187
2 534
3 1539
45 726
128 257
16 202
0 764
1 764
0 473
3 729
1 729
4 729
173 174
5 593
1 326
5 282
29 59
1 2849
32 2849
2 2849
17 2849
0 225
10 435
1 435
0 522
6 146
15 479
3 399
0 587
6 562
16 788
3 788
20 788
23 788
393 788
0 788
1 788
393 788
8 788
27 473
13 473
2 1528
0 1528
25 1904
18 1904
3 733
4 219
33 2417
37 2417
17 594
17 594
17 594
0 620
1 620
1 476
4 476
0 405
15 1695
0 91
4 91
1 1223
0 1223
3 1223
478 479
2 328
3 1879
0 1879
130 4834
1 4834
26 4834
37 4834
13 4834
7 4834
3 145
24 739
3 336
6 361
6 177
412 413
379 759
190 191
190 191
8 240
2 233
1 177
0 176
5 318
5 807
3 807
0 761
1 446
0 931
1 931
0 1074
14 812
12 287
11 764
5 1043
0 857
1 922
2 558
10 558
10 279
86 173
64 130
2 617
3 617
5 1707
2 1707
47 4275
32 4275
3 4275
82 4275
102 4275
3 1149
14 1149
21 1149
4 2971
5 2971
1 336
2 318
12 1026
0 92
1 92
0 311
0 161
6 774
4 127
10 379
23 400
427 428
11 381
561 562
3 497
392 393
2 279
322 323
4 395
9 223
0 362
12 509
1 2434
6 716
21 388
28 233
0 484
5 484
8 484
9 1075
16 1075
1074 1075
17 1075
5 118
0 114
421 844
421 844
4 306
0 1742
2 1742
1 1742
5 441
7 655
26 764
49 509
1868 3737
0 3737
2 3737
1 3737
11 562
1090 2181
0 338
0 40
2 379
2 405
0 474
0 98
1 1143
183 368
3 699
0 343
11 126
0 1644
3 1644
0 767
1 767
383 767
6 20
154 310
1 354
0 61
3 297
363 727
3 395
70 1618
232 233
190 381
26 473
14 217
2 152
383 768
4 171
1 567
0 301
0 461
393 788
2 788
13 788
16 788
393 788
0 788
1 788
393 788
8 788
1 405
652 653
6 139
1 324
0 973
12 1386
3 633
19 664
74 1618
17 395
0 295
6 344
10 230
1109 2219
0 385
20 527
1 1926
6 1926
3 548
0 919
11 699
1 472
4 327
0 821
2 821
1 821
1 526
4 567
8 1012
5 1012
1 1012
7 562
24 739
1 266
113 227
0 241
15 635
7 391
4 177
4 407
16 435
532 535
14 527
1 371
8 371
0 240
12 57
148 297
1 262
0 361
23 1312
83 84
21 287
2 509
3 585
22 592
5 812
129 2339
144 290
0 948
1 948
0 448
20 973
5 360
0 389
21 1646
5 2101
0 2101
1 2101
2 2101
3 876
16 472
2 265
10 777
2 502
8 137
104 209
2 144
1 183
0 370
67 135
1 120
30 962
6 721
113 114
1 3218
1 1747
0 231
0 1110
0 153
1 290
2 397
4 325
17 319
17 382
14 5267
13 5267
9 5267
10 5267
40 5267
11 5267
35 5267
44 5267
3 5267
6 5267
8 5267
0 5267
15 5267
30 5267
2 1034
0 1034
4 2191
1 2191
13 247
10 247
41 1416
118 1027
2 319
0 1042
4 384
0 163
0 127
1 484
1 900
0 544
10 265
6 368
0 930
1 2416
1 2416
4 2416
23 919
406 407
0 382
0 247
0 233
2 1183
1 1183
0 1183
1 1185
0 382
0 340
0 3763
1 3763
7 177
17 477
140 141
21 242
0 295
1 295
7 395
12 615
5 308
0 1695
34 511
0 227
4 257
1 2339
11 395
0 359
0 761
16 257
0 176
3 336
2 195
363 365
239 240
6 230
0 196
334 338
9 1116
0 1116
5 1124
0 300
1 1623
33 906
0 57
0 188
0 1057
0 233
2 721
8 318
0 735
2 699
1 446
0 310
0 165
19 465
3 1130
339 679
1 392
7 348
0 1898
2 1898
6 472
36 950
948 950
34 950
0 191
3 1695
14 324
1 282
0 861
9 1695
17 360
3 960
385 388
2 1701
452 453
451 453
246 247
0 461
26 295
8 1042
274 549
159 319
14 1110
14 2517
1 866
0 866
5 141
0 387
3 48
0 1791
1 1791
0 511
4 275
8 286
0 423
7 191
25 950
10 509
0 861
0 364
4 364
372 378
13 3651
2 364
6 364
0 298
1 679
3 654
6 177
6 605
7 392
6 392
2 569
0 43
413 414
0 272
2 327
0 2050
1 2050
2 2050
0 617
6 927
1 1268
0 1268
2 1268
16 1413
78 157
315 317
394 790
394 790
2 812
46 1077
9 584
25 562
33 1360
2 1695
16 405
4 587
4 127
2 1592
0 1592
1 1719
0 1719
2 1719
543 548
2 548
194 195
351 352
0 1043
4 2703
2 2703
4 2703
2 2703
25 1165
13 395
0 1323
3 1323
1 1323
8 1323
2 1323
0 118
4 165
1 663
9 451
23 1536
2 1526
1 1526
1 1526
2 116
10 327
1 587
4 139
4 325
16 1288
1 116
9 240
0 217
355 712
5 1386
72 2339
1 2517
3 381
9 284
5 183
7 295
2 2517
14 2339
9 465
0 247
0 2517
0 55
0 281
0 247
36 1360
5 461
50 3761
7 590
1 594
21 378
31 1539
9 108
234 4338
173 1552
2 152
6 646
4 306
17 657
654 657
10 1042
210 421
7 1042
6 222
12 1034
0 270
0 1104
0 486
501 502
2 57
2 816
14 2365
9 1074
0 187
42 2236
12 2236
3 2236
0 2236
202 405
5 1110
5 497
110 222
119 120
0 151
1 1392
0 230
4 86
4 78
94 2339
8 9
5 1021
317 318
3 308
20 279
2 762
87 88
4 721
7 1027
37 500
0 89
3 86
15 159
6 733
10 725
2 276
2 497
11 1130
0 456
0 654
776 777
52 53
0 340
78 475
1 142
5 694
2 41
0 90
293 588
0 588
3 588
3 214
4 67
2 588
1 327
0 342
0 588
5 193
2 161
5 90
6 588
40 41
8 322
3 718
2 142
12 567
584 588
3 113
0 120
5 588
6 567
31 588
27 588
9 483
26 588
5 218
293 588
0 282
6 282
28 588
108 218
0 327
1 24
4 274
0 274
2 214
1 142
0 90
44 90
1 228
6 567
0 229
14 567
3 343
1 228
1 327
0 43
4 386
5 694
11 228
1 475
1 588
25 475
21 946
0 475
0 567
1 457
3 327
0 483
3 343
5 116
0 475
6 228
0 342
15 327
36 560
13 229
0 99
4 588
7 43
7 43
0 168
5 141
3 483
0 16
0 588
1 386
0 334
3 588
4 588
4 588
2 588
0 90
3 588
0 271
3 588
6 386
0 67
52 560
17 342
18 454
5 588
8 588
3 211
18 694
35 694
6 228
14 327
4 588
4 752
0 53
0 229
12 588
6 41
0 374
6 334
25 588
5 475
9 110
1 229
1 58
6 588
1 142
10 153
4 334
5 116
117 118
6 588
3 386
3 327
2 142
21 228
8 156
3 588
4 588
1 327
25 343
10 153
15 475
1 588
5 99
0 588
7 588
43 574
1 694
1 90
20 694
0 56
22 560
8 342
1 322
0 752
3 588
27 327
1 193
10 454
0 342
3 67
0 327
1 588
1 229
0 342
0 67
85 2673
1 211
6 483
7 327
5 228
4 33
2 962
0 1539
0 125
0 120
5 80
1 816
0 554
2 176
2 406
0 66
1 473
0 977
0 844
1 290
10 502
87 88
3 275
3 147
4 515
0 1205
0 1403
0 1695
2 605
17 605
5 1347
6 1347
42 1516
0 295
0 473
0 59
4 1021
10 788
113 228
13 1110
0 88
0 768
1 476
16 337
339 340
15 1695
4 127
0 308
0 378
0 241
1 452
0 284
2 1900
0 1900
1 3101
0 3101
0 6
5 218
662 664
0 158
0 423
19 951
16 951
0 623
0 399
3 1577
0 278
3 214
7 2150
0 2150
0 145
0 404
0 1074
2 336
0 362
4 594
0 216
10 439
4 527
11 1386
0 639
20 762
0 625
1 625
0 725
0 395
0 1036
18 1042
6 393
12 1539
1 368
1 1539
58 117
7 632
38 1042
1 518
1 567
1 452
1 1071
4 347
1 303
0 120
269 270
1 2237
2232 2237
15 2237
19 2237
5 2237
0 233
775 1552
0 409
0 1230
2 1230
26 853
1 400
0 126
1 446
15 857
0 973
1 274
0 274
1 3390
26 3390
4 3390
2 3390
0 584
885 890
1 626
107 216
0 1346
0 247
16 287
4 79
0 196
15 191
121 7353
118 7353
70 7353
488 7353
7 7353
23 7353
153 7353
15 7353
133 7353
3676 7353
3 7353
134 7353
43 7353
239 7353
88 7353
16 7353
140 141
3 2466
4 2466
0 2466
1 2466
16 1456
4 10604
6 10604
1 10604
70 10604
10 10604
4 10604
4 10604
21 10604
26 10604
26 10604
30 10604
96 10604
7 10604
21 10604
110 10604
12 10604
13 1655
8 1655
0 407
2 1162
10 1162
0 1162
3 1162
4 479
21 623
0 87
1 564
5 391
0 295
0 590
0 508
57 1695
1 47
393 788
15 788
27 788
21 788
393 788
0 788
1 788
13 788
393 788
9 230
0 739
6 436
33 1695
0 247
3 626
12 567
5 115
2 48
0 344
3 684
71 764
1 582
13 1072
2 1862
0 1862
0 369
11 876
1 625
232 233
1 937
0 937
5 937
0 230
1 421
270 272
5 218
3 812
39 826
0 919
2 887
1 1072
35 2339
6 958
0 958
16 1623
9 141
5 792
7 811
1 2330
0 2330
1 247
14 974
5 120
0 182
1 423
0 1967
0 30
4 384
0 549
576 1153
0 497
4 188
10 498
0 157
2 157
2336 2339
2 950
2 57
0 135
1 473
0 962
0 448
0 163
3 414
4 1161
2 1161
0 1161
0 117
1 96
0 1403
0 1346
1 139
9 1110
3 473
37 318
0 318
2 700
0 162
1 1967
7 1539
0 1539
105 106
0 5662
1 5662
4 5662
3 5662
2 5662
1534 1536
60 1536
17 625
11 2565
6 2565
10 2565
6 2565
8 2565
9 2565
873 1747
13 384
5 183
3 1249
6 1249
0 87
6 812
8 746
1 2128
2 2128
4 2128
0 473
0 67
7 124
177 178
0 764
1 379
1 2396
0 2396
2 2396
11 890
0 890
4 890
0 38
1 2407
3 2407
2 2407
8 2407
1 735
0 581
1 581
2 385
3 385
11 615
0 139
23 641
0 448
3 1064
1 1064
4 2225
3 89
0 941
0 89
0 1419
2 452
0 80
276 554
1 89
5 1294
26 1294
5 381
8 1948
29 1948
0 1948
85 1948
0 962
9 448
2 352
68 137
0 594
1 1708
0 1708
143 287
0 25
6 816
4 626
0 90
19 2339
0 1536
0 233
0 69
0 319
3 796
0 446
0 527
2 142
1 369
3 153
4 590
0 385
206 413
2 446
2 2395
0 2395
3 404
295 592
27 2163
4 2163
15 2163
1 55
21 191
0 2423
1 2423
5 2423
1 344
0 196
0 452
47 1403
1 1205
2 1205
4 1014
0 294
0 448
42 86
0 395
36 844
0 844
4 303
27 1360
0 812
53 107
0 562
3 479
3 467
24 1733
13 1733
21 1733
4 80
5 739
0 446
123 247
0 389
0 733
0 215
4 295
2 431
0 175
129 130
186 187
9 135
0 284
2 371
15 330
3 1724
0 1724
2 1724
1 549
0 919
569 1139
0 896
1 896
1 437
1 103
20 264
2 261
0 264
0 648
8 1577
0 1501
5 1501
1 1501
308 617
7 1618
0 285
22 504
114 115
1 48
0 247
1 737
0 223
0 509
1 311
4 594
238 477
0 345
1 733
5 789
0 789
0 605
6 1747
0 347
12 1511
24 1511
0 362
145 147
2 307
135 139
137 139
0 382
13 1766
8 788
2 788
5 788
4 788
9 788
0 788
1 788
9 788
3 788
9 694
0 694
4 307
3 174
5 371
538 1077
1 537
1 178
0 103
5 290
2 3159
5 3159
3 3159
32 1331
24 50
1 716
1 508
13 1909
24 1909
13 1909
4 1618
33 1618
0 384
1 384
0 102
0 94
0 585
4 474
36 535
0 261
294 295
1 169
0 148
5 183
8 876
1 733
3 1787
11 1787
18 1787
2 617
0 1553
2 1553
6 504
1 343
0 632
0 127
25 504
5 1083
2 65
5 1144
5 178
2 172
7 240
428 431
8 919
497 498
0 1618
7 1475
8 368
3 26
1 1965
6 1965
5 1965
4 1965
0 1965
16 1965
13 125
0 175
2 55
13 379
0 229
0 229
1 230
0 1042
0 344
5 323
4 746
12 876
7 479
202 406
1 504
3 171
20 575
10 764
10 1913
1 1913
1 1057
2 269
0 173
2 344
0 772
0 242
0 1695
22 1695
0 382
14 764
0 175
0 94
1 811
0 394
0 1287
0 176
138 139
0 310
1 360
2 230
1 811
0 381
0 1129
2 1129
1 1129
0 638
10 1071
34 1410
14 1410
16 1410
1 811
0 497
2 37
0 285
11 305
4 256
0 360
116 233
16 623
1 1061
8 260
0 452
4 563
6 592
0 144
163 327
0 617
3 337
4 362
2987 5976
68 5976
51 5976
94 5976
103 5976
7 5976
115 5976
1 5976
13 5976
1074 1075
189 379
22 661
0 162
5 2517
12 431
0 100
1 1386
4 850
1 511
3 405
0 1102
1 1102
0 370
9 196
1 361
3 841
697 698
0 124
0 290
4 218
4 439
15 229
0 349
0 89
0 360
12 333
13 333
0 526
3 122
0 412
0 196
2 874
0 247
5 896
1 338
2 338
0 142
64 1779
889 1779
42 1779
889 1779
1 1238
13 876
0 1853
1 1853
2 1853
23 592
281 564
0 173
8 1539
0 158
1 812
4 584
0 328
3 262
0 816
0 99
6 796
401 404
5 146
6 345
6 464
6 228
273 274
459 919
0 502
0 1110
3 122
2 446
517 518
0 141
11 585
557 561
4 2808
1 1357
96 1416
0 204
2 100
281 563
1 564
0 473
15 1110
0 339
163 327
4 308
147 295
0 587
0 777
3 558
74 149
5 209
278 279
1 962
1 3095
4 3095
3 3095
8 1617
1 1617
2 1617
0 1617
5 318
7 327
1 1767
7 1767
0 1767
2 1767
119 240
0 1071
0 522
0 1618
1 465
0 465
4 465
