6 384
25 375
0 392
2 576
0 576
3 776
0 776
4 511
24 2287
9 2287
3 745
4 745
2 914
1 338
0 448
0 691
4 691
0 183
3 914
6 1155
58 1155
577 1155
2 1155
9 1155
1361 1370
22 1623
7388 7389
7371 7389
0 7389
3 7389
34 7389
563 7389
45 7389
1 7389
15 7389
6 7389
547 7389
24 2339
3 615
16 1288
174 176
1256 1265
7 1265
22 1265
11 150
0 79
0 1983
1 1983
3 1983
12 1983
2 269
7 397
5 1208
0 1208
19 1208
1471 1474
239 240
0 448
3 558
1 1113
0 1113
2 79
304 305
397 400
3 388
2 590
26 1483
3 152
3 152
6 796
767 1536
0 805
1 276
6 328
1255 1267
1263 1267
7 1267
8 1267
1256 1267
0 522
2 198
2 1013
1 1013
2 152
1 1303
12 1008
1 1008
4 327
7 562
2 737
1 737
1 264
0 175
0 44
0 89
34 1913
7 1913
13 1539
972 973
852 855
5 301
23 7645
7 7645
7644 7645
82 7645
70 7645
7605 7645
7643 7645
7640 7645
7641 7645
6 7645
0 7645
7508 7645
15 7645
7564 7645
362 7645
7623 7645
159 7645
122 7645
289 7645
7628 7645
9262 9306
4 9306
709 9306
9289 9306
9294 9306
17 9306
9305 9306
9304 9306
346 9306
181 9306
8 9306
9302 9306
9247 9306
121 9306
9303 9306
100 9306
174 9306
2 9306
127 3760
23 3760
3756 3760
3759 3760
3752 3760
189 3760
180 3760
3758 3760
685 689
4 295
24 1454
11 1454
0 1454
5 1454
14 626
0 203
404 405
793 794
1 794
843 844
48 657
1109 1110
2 150
0 1071
0 812
0 812
0 422
73 896
394 395
1 2339
0 135
4 324
1 721
8 79
203 204
3 811
1 368
0 380
0 380
2 384
0 152
0 98
6 68
3 446
0 777
7 777
3 884
12 884
1513 1514
26 876
173 348
0 169
9 663
662 663
4 303
11 240
440 441
24 1474
0 733
2 1077
1 404
0 973
137 138
4 1618
4 567
12 876
2 176
0 2150
20 2150
10 876
6 311
5 1597
2 1597
3 1597
18 1597
29 618
0 98
183 184
13 776
4 776
496 497
6 57
1 392
23 670
3 670
4 392
0 511
1 247
0 876
1 344
2 965
36 1539
2 509
4 215
22 176
4 215
4 215
1379 1386
279 283
29 764
464 465
2 792
447 10782
12 10782
444 10782
2 10782
26 10782
14 10782
254 10782
8 10782
3 10782
5 10782
168 10782
10756 10782
10778 10782
10749 10782
526 10782
11 10782
29 10782
39 10782
329 10782
677 10782
1 10782
98 10782
4 10782
10647 10782
168 10782
45 10782
0 224
8 767
2 144
36 540
1 2510
8 2510
134 269
5 269
2 1269
0 1269
1 919
2 782
0 448
0 931
1 931
1 247
3 89
2030 2038
0 2038
2 2038
1 446
9 737
23 1898
236 1898
27 584
1359 1360
1 2257
7 2257
1686 1695
7 2339
1053 1072
0 746
2 746
3 2150
15 2150
3 3410
10 3410
98 3410
5 746
12 2150
2114 2150
42 764
5 746
3 456
49 590
2 2449
2448 2449
18 191
1 777
7 266
35 1027
2 976
33 976
5 3000
21 3000
11 3000
116 3000
8 3000
15 3000
8 202
1 456
7 777
7 381
3 295
185 186
438 441
1 94
8 68
5 287
9 240
70 142
239 240
9 655
5 1197
7 2831
5 2831
4 2831
2 2831
0 1331
4196 4210
69 4210
47 4210
28 4210
10 4210
95 4210
9 4210
27 4210
23 4210
104 4210
201 4210
4 20
2 209
0 677
1 677
1 1547
0 1547
886 888
870 888
343 344
403 413
2 1012
0 1012
3 1012
23 269
0 467
500 504
28 1110
0 585
24 2128
25 2128
23 2128
8 960
117 1483
1535 1536
1532 1536
1109 1110
9 1069
5 1069
1065 1069
1012 1014
405 811
9 1110
421 423
0 93
8 183
2 384
2 724
0 2375
4 2375
8 2375
177 178
9 788
2 788
5 788
4 788
18 788
0 788
1 788
8 788
3 788
0 203
7 226
7 4949
447 4949
4 4949
6 4949
50 4949
38 4949
35 4949
118 120
29 2150
10 2150
25 2150
11 653
688 689
5 2955
1 2955
19 2955
2 2955
67 2955
77 2955
3 2955
2 1695
429 439
431 439
11 225
9 2163
2 2163
45 13875
18 13875
6 13875
4 13875
15 13875
33 13875
9 13875
213 13875
31 13875
95 13875
1901 13875
961 13875
13849 13875
13846 13875
1 2339
3 222
2 150
6 1164
2 1164
4 1164
0 2347
2 2347
3 2347
4 2347
632 633
1 384
3094 3126
28 3126
6 3126
29 3126
1 3126
3057 3126
248 3126
50 1078
1074 1078
11 1078
0 267
0 1926
25 526
811 812
24 858
3 5657
6 5657
4 5657
5 5657
0 5657
1 5657
21 5657
5617 5657
1029 1042
422 423
1 218
16 172
60 1307
80 1021
2 384
399 400
239 240
9 247
1 176
0 247
4 124
2 618
1 247
0 1708
7 1708
6 1708
1 1708
18 762
1 762
2 152
368 371
263 264
439 442
441 442
1 389
29 5642
9 5642
73 5642
132 5642
18 5642
11 5642
421 5642
3 416
15 223
2 86
7 543
1 1403
1 1403
10 679
1 2517
0 87
36 689
5 336
0 89
11 153
23 1403
1962 1963
90 1963
0 2002
5 2002
2000 2002
144 147
18 147
12 163
263 264
1 1539
6 264
2 590
0 181
240 241
4 465
47 764
52 764
763 764
10 295
1647 1652
1636 1652
1966 1967
13 86
0 1110
2 1183
1 1183
0 1183
1 876
0 389
0 1124
1 1124
4 1014
0 961
2 961
6 961
0 526
0 359
13 1130
0 257
1373 1386
21 842
58 1042
0 257
10 2403
23 2403
4 2403
105 106
374 375
13 617
18 270
269 270
339 340
7 327
0 380
4 518
4 587
0 587
0 384
0 424
263 264
0 699
1307 1317
1312 1317
2 1317
4 120
6 594
0 538
0 603
25 1130
1 344
11 240
1 1241
121 122
0 855
6 1898
30 1898
0 1898
1 1898
2 384
0 17
895 914
1 777
12 163
74 4713
26 4713
520 4713
370 4713
111 4713
0 4713
0 44
5 2150
79 2150
0 2150
1 2150
2 402
264 266
1 781
8 781
0 781
9 781
331 664
685 689
0 874
17 796
794 796
68 1464
52 1464
16 1464
30 548
7 382
2 233
2 663
253 257
13 506
7 1012
3 257
1 626
4 371
32 782
0 3816
3814 3816
166 3816
115 3816
179 3816
3796 3816
33 3816
339 340
7 1347
2 1347
1 149
15 554
6 364
29 364
291 295
51 435
0 695
2 1247
4 1247
2 423
20 914
0 265
2 631
630 631
8 186
500 518
7 171
36 511
30 431
5 2308
0 2308
52 2303
0 2303
6 145
2 145
14 145
1 467
516 518
404 405
303 318
6 423
5 324
387 389
2 8726
8675 8726
74 8726
9 8726
107 8726
8725 8726
79 8726
263 8726
8713 8726
1080 8726
0 8726
14 8726
1 8726
416 422
11 108
65 456
0 1036
1 1036
15 391
0 344
668 679
8 154
198 397
5 3066
2 3066
3056 3066
4 1214
12 1214
7 1595
56 1595
763 764
0 457
0 368
0 376
0 209
208 209
2 1191
0 1191
22 592
377 378
70 141
1 389
16 446
3 264
1 526
2 1110
1290 12734
39 12734
53 12734
98 12734
603 12734
347 12734
1001 12734
26 12734
1 12734
272 12734
79 12734
86 12734
131 12734
121 12734
149 12734
142 12734
164 12734
150 12734
202 203
1 89
7 653
21 295
0 841
0 441
24 384
5 876
32 1264
631 1264
45 1264
0 404
0 1483
0 1110
2 590
1 590
2 264
4 107
4 1386
146 148
0 89
7 842
460 461
0 669
16 669
6 737
1 699
3 423
3 737
1 107
106 107
143 148
1 473
2 2629
21 2629
3 2629
8 2629
7 384
0 1589
13 1589
1 1589
3 113
2673 2696
2674 2696
0 2696
770 774
1 664
493 987
968 987
969 987
29 4344
4322 4344
2 4344
1 4344
0 4344
10 4344
535 4344
3 222
15 626
15 1376
1 1376
12 1376
3 1376
0 558
4 680
14 680
10 234
16 177
17 177
19 384
0 441
27 441
4 376
11 1511
107 1511
1 522
22 522
0 169
0 737
1 664
13 479
4 2238
17 2238
2 2238
1 2238
9 1074
5 737
3 762
19 2517
17 788
2299 2300
29 2300
760 762
0 618
1 183
25 270
4 558
14 252
63 295
12 1913
40 1913
654 656
2 656
72 656
239 240
0 423
59 764
372 373
4 446
2 357
2 423
1 632
0 590
9 562
6 456
0 9
293 587
559 562
9 1014
9 774
0 404
51 567
2 1407
7 594
2 690
6 690
10 250
126 127
294 295
17 2725
31 2725
35 2725
14 2725
41 2725
3 442
0 442
29 518
1 508
0 269
2 269
0 38
7 6094
19 6094
6 6094
9 6094
30 6094
1369 1370
2675 2737
5 2737
25 1409
47 526
23 465
25 339
1 960
2 960
50 382
8 295
0 404
1 431
3 1536
3 615
0 844
0 308
8 504
6 560
0 730
1 730
0 764
0 1701
10 240
4 283
595 596
2 392
134 2339
1 2339
0 303
1 461
19 563
10 438
0 122
25 980
24 980
836 845
9 665
12 378
351 352
887 889
3 889
5 189
0 431
750 751
1 526
1953 1955
41 1955
1950 1955
1954 1955
1945 1955
1951 1955
82 9453
176 9453
79 9453
46 9453
119 9453
138 9453
3 9453
65 9453
17 9453
100 9453
92 9453
89 9453
27 9453
45 9453
215 9453
1 3604
27 3604
33 3604
1801 3604
7 3604
172 2982
66 2982
157 2982
2935 2982
4 2982
10 1152
495 499
0 181
1 181
13 249
7 613
391 395
7 575
3 122
3 1114
2 1114
141 283
141 283
1 241
3 55
654 655
11 1887
114 1887
22 1887
7494 7512
684 7512
753 7512
63 7512
3 7512
7480 7512
7487 7512
124 7512
82 7512
592 7512
7485 7512
7476 7512
593 7512
51 7512
7501 7512
324 328
9 623
7 106
1 82
1 305
195 196
147 151
14 439
24 328
192 2031
93 4370
91 4370
62 4370
80 4370
51 4370
75 4370
54 4370
53 4370
6 340
0 360
0 269
0 413
886 887
1 187
8 187
2 534
0 1539
49 726
256 257
201 202
0 764
1 764
4 473
7 729
17 729
13 729
173 174
5 593
1 326
5 282
2 59
1 2849
56 2849
4 2849
38 2849
0 225
11 435
4 435
0 522
3 146
472 479
9 399
0 587
5 562
775 788
54 788
783 788
781 788
780 788
1 788
3 788
782 788
778 788
26 473
14 473
7 1528
0 1528
152 1904
73 1904
6 733
217 219
24 2417
40 2417
23 594
11 594
14 594
1 620
0 620
0 476
9 476
0 405
63 1695
1 91
4 91
2 1223
0 1223
3 1223
476 479
2 328
6 1879
2 1879
138 4834
10 4834
4829 4834
4832 4834
9 4834
20 4834
1 145
734 739
7 336
10 361
7 177
43 413
379 759
190 191
190 191
20 240
0 233
9 177
0 176
2 318
5 807
8 807
0 761
0 446
0 931
1 931
0 1074
33 812
5 287
10 764
52 1043
3 857
2 922
2 558
12 558
15 279
86 173
129 130
2 617
3 617
62 1707
31 1707
133 4275
42 4275
2 4275
4240 4275
4244 4275
4 1149
33 1149
45 1149
36 2971
71 2971
2 336
2 318
1024 1026
0 92
7 92
0 311
0 161
27 774
23 127
378 379
30 400
423 428
3 381
559 562
1 497
392 393
1 279
322 323
3 395
19 223
0 362
14 509
3 2434
15 716
5 388
28 233
0 484
483 484
483 484
23 1075
27 1075
1072 1075
1074 1075
5 118
2 114
421 844
421 844
0 306
2 1742
0 1742
3 1742
30 441
645 655
98 764
40 509
3730 3737
0 3737
2 3737
1 3737
19 562
1090 2181
0 338
0 40
2 379
37 405
1 474
1 98
1141 1143
6 368
1 699
0 343
10 126
1 1644
189 1644
0 767
1 767
59 767
6 20
18 310
2 354
0 61
15 297
363 727
17 395
1586 1618
231 233
9 381
14 473
14 217
3 152
383 768
6 171
1 567
0 301
0 461
779 788
4 788
776 788
773 788
781 788
0 788
1 788
780 788
51 788
3 405
652 653
7 139
3 324
36 973
33 1386
632 633
35 664
1608 1618
9 395
0 295
6 344
229 230
1109 2219
0 385
17 527
0 1926
0 1926
12 548
0 919
17 699
49 472
6 327
0 821
2 821
1 821
0 526
5 567
23 1012
4 1012
0 1012
2 562
37 739
1 266
113 227
0 241
28 635
6 391
2 177
4 407
429 435
29 535
15 527
1 371
4 371
1 240
9 57
34 297
2 262
0 361
164 1312
83 84
280 287
4 509
581 585
591 592
18 812
53 2339
144 290
0 948
1 948
1 448
27 973
5 360
1 389
47 1646
6 2101
0 2101
1 2101
2 2101
2 876
10 472
5 265
8 777
8 502
8 137
205 209
2 144
4 183
0 370
67 135
1 120
111 962
19 721
113 114
1 3218
5 1747
0 231
4 1110
0 153
2 290
2 397
2 325
38 319
49 382
24 5267
21 5267
15 5267
12 5267
65 5267
19 5267
57 5267
76 5267
7 5267
5 5267
9 5267
2 5267
13 5267
46 5267
3 1034
0 1034
7 2191
1 2191
12 247
12 247
70 1416
118 1027
4 319
0 1042
9 384
2 163
0 127
0 484
4 900
0 544
13 265
4 368
5 930
4 2416
1 2416
9 2416
41 919
406 407
0 382
0 247
0 233
2 1183
1 1183
0 1183
1 1185
0 382
1 340
0 3763
7 3763
176 177
468 477
140 141
21 242
0 295
1 295
4 395
14 615
1 308
1 1695
28 511
2 227
1 257
3 2339
6 395
0 359
0 761
255 257
3 176
2 336
191 195
361 365
239 240
229 230
3 196
3 338
37 1116
0 1116
5 1124
0 300
7 1623
886 906
0 57
0 188
1 1057
0 233
720 721
312 318
0 735
2 699
0 446
0 310
0 165
460 465
6 1130
92 679
5 392
7 348
0 1898
1 1898
7 472
940 950
949 950
60 950
0 191
14 1695
321 324
1 282
5 861
7 1695
15 360
79 960
383 388
2 1701
452 453
451 453
246 247
1 461
294 295
7 1042
24 549
10 319
17 1110
9 2517
0 866
1 866
4 141
3 387
2 48
1784 1791
0 1791
1 511
2 275
5 286
0 423
0 191
18 950
493 509
0 861
10 364
9 364
26 378
54 3651
1 364
6 364
0 298
646 679
2 654
175 177
0 605
8 392
7 392
27 569
0 43
413 414
1 272
9 327
19 2050
4 2050
1 2050
16 617
2 927
11 1268
7 1268
8 1268
18 1413
78 157
312 317
394 790
394 790
1 812
75 1077
9 584
32 562
57 1360
3 1695
30 405
1 587
126 127
16 1592
0 1592
3 1719
0 1719
2 1719
547 548
11 548
194 195
350 352
0 1043
7 2703
4 2703
1 2703
0 2703
11 1165
11 395
0 1323
3 1323
1 1323
25 1323
4 1323
0 118
164 165
1 663
7 451
3 1536
2 1526
1 1526
1 1526
2 116
11 327
1 587
3 139
5 325
12 1288
2 116
6 240
0 217
355 712
23 1386
2338 2339
6 2517
10 381
8 284
181 183
8 295
2 2517
26 2339
13 465
0 247
0 2517
0 55
0 281
0 247
1358 1360
46 461
59 3761
30 590
2 594
45 378
26 1539
8 108
167 4338
168 1552
2 152
30 646
6 306
645 657
656 657
5 1042
24 421
1037 1042
5 222
1033 1034
5 270
2 1104
0 486
501 502
9 57
1 816
5 2365
21 1074
0 187
2233 2236
43 2236
20 2236
0 2236
403 405
8 1110
3 497
221 222
119 120
0 151
1 1392
0 230
1 86
77 78
2316 2339
8 9
24 1021
317 318
3 308
31 279
8 762
86 88
4 721
22 1027
50 500
0 89
1 86
157 159
4 733
5 725
3 276
4 497
18 1130
0 456
0 654
776 777
52 53
0 340
46 475
0 142
4 694
7 41
0 90
293 588
4 588
2 588
3 214
65 67
3 588
1 327
1 342
0 588
3 193
2 161
5 90
1 588
40 41
2 322
3 718
2 142
11 567
14 588
4 113
0 120
5 588
11 567
37 588
587 588
0 483
587 588
5 218
587 588
0 282
0 282
18 588
11 218
6 327
3 24
273 274
0 274
2 214
1 142
1 90
44 90
0 228
6 567
0 229
7 567
4 343
1 228
1 327
1 43
4 386
4 694
9 228
0 475
2 588
18 475
28 946
0 475
1 567
1 457
3 327
0 483
4 343
1 116
0 475
8 228
3 342
3 327
55 560
15 229
3 99
1 588
7 43
6 43
0 168
3 141
6 483
0 16
0 588
0 386
0 334
2 588
4 588
4 588
2 588
0 90
28 588
0 271
2 588
6 386
0 67
37 560
13 342
453 454
586 588
583 588
1 211
34 694
17 694
10 228
23 327
2 588
4 752
4 53
226 229
4 588
1 41
0 374
27 334
17 588
1 475
5 110
9 229
1 58
11 588
1 142
8 153
0 334
5 116
117 118
2 588
3 386
3 327
2 142
16 228
10 156
3 588
1 588
1 327
7 343
6 153
14 475
2 588
98 99
0 588
2 588
27 574
1 694
1 90
11 694
1 56
20 560
4 342
11 322
0 752
0 588
33 327
1 193
7 454
0 342
2 67
0 327
0 588
1 229
0 342
1 67
114 2673
0 211
1 483
326 327
5 228
4 33
3 962
0 1539
0 125
0 120
5 80
1 816
0 554
1 176
1 406
0 66
1 473
0 977
0 844
1 290
7 502
87 88
2 275
3 147
4 515
0 1205
0 1403
0 1695
4 605
596 605
3 1347
4 1347
37 1516
0 295
3 473
0 59
14 1021
6 788
113 228
2 1110
2 88
0 768
1 476
336 337
339 340
98 1695
125 127
0 308
0 378
0 241
5 452
0 284
1 1900
0 1900
1 3101
0 3101
0 6
6 218
26 664
0 158
0 423
937 951
49 951
0 623
0 399
4 1577
0 278
2 214
9 2150
2 2150
0 145
0 404
0 1074
5 336
0 362
4 594
0 216
438 439
1 527
23 1386
0 639
33 762
0 625
1 625
0 725
0 395
0 1036
7 1042
18 393
21 1539
3 368
0 1539
58 117
6 632
19 1042
1 518
3 567
1 452
0 1071
342 347
1 303
0 120
269 270
1 2237
2234 2237
2230 2237
21 2237
2 2237
0 233
190 1552
0 409
0 1230
2 1230
845 853
0 400
0 126
445 446
37 857
0 973
0 274
2 274
1 3390
17 3390
4 3390
3 3390
0 584
78 890
2 626
9 216
0 1346
0 247
11 287
8 79
0 196
32 191
110 7353
227 7353
74 7353
458 7353
16 7353
28 7353
126 7353
36 7353
174 7353
567 7353
0 7353
89 7353
163 7353
187 7353
106 7353
15 7353
12 141
7 2466
2 2466
0 2466
1 2466
1446 1456
93 10604
0 10604
481 10604
29 10604
31 10604
79 10604
6 10604
121 10604
12 10604
69 10604
5 10604
18 10604
1 10604
41 10604
76 10604
14 10604
1613 1655
1634 1655
0 407
8 1162
21 1162
1 1162
13 1162
478 479
6 623
0 87
13 564
5 391
0 295
1 590
0 508
59 1695
1 47
785 788
779 788
783 788
782 788
781 788
0 788
1 788
778 788
784 788
229 230
0 739
5 436
15 1695
0 247
1 626
566 567
114 115
2 48
0 344
5 684
98 764
0 582
120 1072
3 1862
0 1862
0 369
10 876
0 625
5 233
1 937
0 937
5 937
0 230
2 421
270 272
1 218
808 812
58 826
0 919
1 887
1 1072
31 2339
14 958
1 958
12 1623
140 141
9 792
13 811
0 2330
1 2330
1 247
31 974
3 120
0 182
2 423
0 1967
0 30
4 384
1 549
1142 1153
0 497
13 188
37 498
154 157
1 157
2338 2339
2 950
56 57
0 135
3 473
0 962
0 448
0 163
4 414
6 1161
0 1161
2 1161
1 117
2 96
0 1403
0 1346
1 139
40 1110
472 473
42 318
0 318
1 700
0 162
2 1967
7 1539
3 1539
105 106
2 5662
4 5662
8 5662
6 5662
7 5662
1529 1536
6 1536
12 625
8 2565
0 2565
16 2565
1 2565
9 2565
7 2565
1743 1747
381 384
0 183
2 1249
1247 1249
0 87
11 812
744 746
1 2128
3 2128
8 2128
0 473
0 67
3 124
174 178
0 764
0 379
1 2396
0 2396
2 2396
14 890
3 890
5 890
0 38
1 2407
2 2407
4 2407
8 2407
4 735
0 581
1 581
1 385
4 385
3 615
0 139
43 641
0 448
0 1064
1063 1064
4 2225
3 89
0 941
0 89
0 1419
1 452
0 80
19 554
1 89
31 1294
19 1294
6 381
33 1948
1921 1948
1928 1948
1947 1948
2 962
7 448
1 352
136 137
2 594
1 1708
0 1708
286 287
0 25
811 816
8 626
0 90
14 2339
0 1536
0 233
1 69
0 319
0 796
1 446
0 527
4 142
1 369
1 153
5 590
0 385
206 413
0 446
0 2395
1 2395
3 404
295 592
18 2163
4 2163
9 2163
1 55
20 191
8 2423
0 2423
2372 2423
336 344
0 196
0 452
1382 1403
1 1205
2 1205
3 1014
0 294
0 448
85 86
0 395
843 844
0 844
1 303
26 1360
0 812
106 107
0 562
1 479
4 467
78 1733
6 1733
14 1733
79 80
737 739
5 446
123 247
0 389
0 733
4 215
1 295
3 431
0 175
129 130
186 187
2 135
0 284
364 371
13 330
23 1724
0 1724
6 1724
4 549
0 919
569 1139
0 896
1 896
5 437
1 103
20 264
2 261
0 264
0 648
9 1577
12 1501
31 1501
7 1501
308 617
10 1618
0 285
6 504
114 115
1 48
7 247
1 737
0 223
0 509
1 311
3 594
238 477
0 345
3 733
3 789
1 789
0 605
16 1747
0 347
1505 1511
1489 1511
0 362
146 147
24 307
138 139
137 139
0 382
11 1766
10 788
2 788
5 788
4 788
14 788
0 788
1 788
14 788
3 788
9 694
0 694
5 307
0 174
7 371
0 1077
534 537
2 178
0 103
5 290
24 3159
33 3159
8 3159
48 1331
24 50
2 716
1 508
13 1909
25 1909
13 1909
1617 1618
23 1618
0 384
1 384
0 102
0 94
0 585
23 474
32 535
0 261
294 295
0 169
0 148
9 183
9 876
2 733
1 1787
1762 1787
1786 1787
3 617
1 1553
2 1553
4 504
1 343
0 632
0 127
503 504
6 1083
2 65
85 1144
13 178
3 172
11 240
425 431
70 919
497 498
0 1618
9 1475
20 368
3 26
3 1965
20 1965
5 1965
16 1965
2 1965
37 1965
122 125
0 175
4 55
370 379
0 229
0 229
0 230
0 1042
0 344
7 323
3 746
11 876
27 479
202 406
1 504
1 171
27 575
46 764
15 1913
3 1913
2 1057
7 269
0 173
0 344
0 772
0 242
0 1695
1686 1695
0 382
10 764
0 175
93 94
1 811
0 394
0 1287
0 176
10 139
0 310
1 360
228 230
1 811
0 381
0 1129
2 1129
1 1129
2 638
1070 1071
29 1410
58 1410
16 1410
1 811
0 497
3 37
0 285
7 305
2 256
1 360
116 233
16 623
1 1061
16 260
0 452
551 563
7 592
5 144
325 327
0 617
336 337
11 362
366 5976
32 5976
204 5976
88 5976
109 5976
150 5976
94 5976
84 5976
148 5976
1072 1075
378 379
26 661
0 162
12 2517
13 431
0 100
1 1386
9 850
1 511
404 405
1 1102
0 1102
0 370
7 196
1 361
1 841
697 698
0 124
0 290
7 218
438 439
3 229
0 349
1 89
0 360
11 333
11 333
0 526
121 122
0 412
0 196
1 874
0 247
10 896
1 338
3 338
2 142
40 1779
889 1779
57 1779
889 1779
3 1238
11 876
1 1853
4 1853
3 1853
576 592
281 564
0 173
1526 1539
0 158
1 812
4 584
1 328
8 262
0 816
93 99
3 796
6 404
5 146
2 345
5 464
226 228
272 274
459 919
0 502
0 1110
3 122
4 446
59 518
0 141
10 585
560 561
19 2808
20 1357
97 1416
0 204
0 100
281 563
0 564
0 473
19 1110
0 339
163 327
1 308
289 295
0 587
0 777
3 558
148 149
5 209
4 279
1 962
2 3095
9 3095
7 3095
5 1617
1 1617
0 1617
3 1617
317 318
326 327
5 1767
28 1767
11 1767
3 1767
239 240
0 1071
0 522
0 1618
1 465
0 465
459 465
