4 384
12 375
0 392
2 576
0 576
2 776
0 776
4 511
24 2287
0 2287
4 745
4 745
4 914
1 338
0 448
0 691
3 691
0 183
31 914
10 1155
50 1155
577 1155
2 1155
6 1155
1 1370
14 1623
7388 7389
7323 7389
3 7389
1 7389
25 7389
83 7389
72 7389
2 7389
18 7389
15 7389
414 7389
16 2339
3 615
1 1288
175 176
96 1265
8 1265
12 1265
20 150
0 79
0 1983
1 1983
3 1983
7 1983
2 269
8 397
1 1208
0 1208
12 1208
1461 1474
239 240
0 448
0 558
1 1113
0 1113
1 79
304 305
398 400
6 388
2 590
20 1483
3 152
3 152
3 796
767 1536
0 805
1 276
15 328
122 1267
1263 1267
8 1267
6 1267
1255 1267
0 522
2 198
2 1013
2 1013
3 152
0 1303
7 1008
0 1008
4 327
6 562
3 737
1 737
2 264
0 175
0 44
0 89
29 1913
7 1913
19 1539
972 973
853 855
4 301
39 7645
10 7645
7644 7645
49 7645
69 7645
810 7645
7641 7645
7638 7645
7639 7645
18 7645
2 7645
535 7645
31 7645
7612 7645
351 7645
7578 7645
179 7645
72 7645
279 7645
7626 7645
9236 9306
3 9306
809 9306
9293 9306
9294 9306
15 9306
9305 9306
9303 9306
252 9306
191 9306
8 9306
9302 9306
9268 9306
112 9306
9304 9306
132 9306
126 9306
4 9306
61 3760
33 3760
3758 3760
3759 3760
3743 3760
19 3760
32 3760
3755 3760
684 689
4 295
20 1454
12 1454
0 1454
5 1454
3 626
0 203
404 405
793 794
1 794
843 844
72 657
1109 1110
2 150
0 1071
0 812
0 812
0 422
18 896
391 395
1 2339
0 135
4 324
1 721
7 79
203 204
3 811
1 368
0 380
0 380
1 384
0 152
0 98
7 68
3 446
0 777
7 777
2 884
15 884
1513 1514
22 876
173 348
0 169
4 663
36 663
4 303
11 240
440 441
22 1474
0 733
2 1077
1 404
0 973
137 138
3 1618
1 567
11 876
2 176
0 2150
13 2150
10 876
6 311
4 1597
5 1597
2 1597
10 1597
7 618
0 98
183 184
11 776
3 776
496 497
6 57
3 392
14 670
1 670
1 392
0 511
1 247
0 876
1 344
3 965
36 1539
2 509
4 215
21 176
5 215
4 215
30 1386
281 283
22 764
464 465
0 792
369 10782
65 10782
503 10782
3 10782
13 10782
15 10782
506 10782
5 10782
7 10782
9 10782
46 10782
409 10782
10781 10782
407 10782
222 10782
6 10782
4 10782
61 10782
205 10782
639 10782
1 10782
188 10782
8 10782
356 10782
46 10782
10 10782
0 224
6 767
3 144
30 540
1 2510
4 2510
134 269
5 269
2 1269
0 1269
0 919
0 782
0 448
0 931
1 931
1 247
3 89
7 2038
0 2038
3 2038
1 446
10 737
1 1898
45 1898
28 584
1359 1360
1 2257
8 2257
1688 1695
13 2339
1054 1072
0 746
2 746
2 2150
13 2150
2 3410
9 3410
111 3410
4 746
5 2150
65 2150
29 764
5 746
2 456
67 590
2 2449
103 2449
24 191
1 777
7 266
82 1027
2 976
30 976
9 3000
27 3000
14 3000
128 3000
16 3000
6 3000
8 202
1 456
7 777
6 381
3 295
185 186
439 441
1 94
8 68
5 287
9 240
70 142
239 240
7 655
6 1197
7 2831
5 2831
4 2831
2 2831
0 1331
408 4210
23 4210
22 4210
13 4210
5 4210
41 4210
11 4210
28 4210
8 4210
29 4210
206 4210
3 20
2 209
0 677
1 677
1 1547
0 1547
884 888
54 888
343 344
406 413
2 1012
0 1012
3 1012
16 269
0 467
501 504
43 1110
0 585
28 2128
25 2128
13 2128
8 960
35 1483
1535 1536
1532 1536
1105 1110
9 1069
2 1069
44 1069
1013 1014
405 811
11 1110
19 423
0 93
6 183
2 384
2 724
0 2375
4 2375
8 2375
177 178
10 788
2 788
5 788
4 788
20 788
0 788
1 788
9 788
3 788
0 203
12 226
13 4949
386 4949
5 4949
9 4949
55 4949
33 4949
29 4949
6 120
39 2150
9 2150
20 2150
5 653
688 689
5 2955
2 2955
11 2955
3 2955
55 2955
32 2955
1 2955
1 1695
7 439
431 439
1 225
4 2163
3 2163
39 13875
6 13875
1 13875
12 13875
17 13875
47 13875
2 13875
66 13875
33 13875
41 13875
1856 13875
346 13875
1877 13875
1080 13875
2 2339
3 222
2 150
6 1164
1 1164
3 1164
1 2347
2 2347
3 2347
4 2347
630 633
0 384
62 3126
6 3126
2 3126
4 3126
1 3126
33 3126
22 3126
8 1078
45 1078
11 1078
0 267
0 1926
24 526
811 812
23 858
3 5657
6 5657
5 5657
4 5657
0 5657
2 5657
23 5657
460 5657
27 1042
421 423
1 218
15 172
32 1307
90 1021
2 384
399 400
21 240
6 247
1 176
0 247
4 124
2 618
1 247
0 1708
6 1708
3 1708
1 1708
8 762
1 762
2 152
367 371
15 264
439 442
441 442
1 389
51 5642
9 5642
61 5642
191 5642
30 5642
14 5642
603 5642
2 416
25 223
2 86
7 543
1 1403
2 1403
10 679
1 2517
0 87
673 689
5 336
0 89
9 153
15 1403
1943 1963
17 1963
0 2002
6 2002
1999 2002
143 147
20 147
9 163
263 264
1 1539
6 264
2 590
0 181
240 241
5 465
48 764
55 764
763 764
8 295
1649 1652
98 1652
13 1967
11 86
0 1110
2 1183
1 1183
0 1183
0 876
0 389
0 1124
1 1124
4 1014
0 961
2 961
6 961
0 526
0 359
14 1130
0 257
47 1386
16 842
28 1042
0 257
3 2403
29 2403
10 2403
1 106
374 375
17 617
263 270
269 270
339 340
5 327
1 380
1 518
1 587
0 587
0 384
0 424
263 264
1 699
76 1317
51 1317
6 1317
1 120
8 594
0 538
0 603
23 1130
2 344
15 240
1 1241
121 122
1 855
1 1898
15 1898
0 1898
3 1898
0 384
0 17
12 914
1 777
158 163
15 4713
3 4713
236 4713
375 4713
139 4713
0 4713
0 44
2 2150
26 2150
0 2150
2 2150
2 402
132 266
3 781
9 781
1 781
0 781
331 664
687 689
0 874
7 796
20 796
60 1464
24 1464
15 1464
540 548
5 382
2 233
2 663
37 257
252 506
9 1012
0 257
1 626
4 371
390 782
0 3816
3807 3816
45 3816
23 3816
84 3816
67 3816
37 3816
339 340
4 1347
5 1347
1 149
2 554
8 364
26 364
16 295
53 435
3 695
4 1247
3 1247
4 423
4 914
0 265
1 631
630 631
5 186
85 518
8 171
33 511
28 431
9 2308
0 2308
31 2303
0 2303
3 145
1 145
13 145
1 467
13 518
12 405
303 318
11 423
4 324
386 389
1 8726
8709 8726
82 8726
9 8726
147 8726
8725 8726
83 8726
339 8726
8720 8726
354 8726
0 8726
12 8726
2 8726
416 422
4 108
5 456
0 1036
1 1036
15 391
0 344
30 679
3 154
198 397
6 3066
1 3066
36 3066
4 1214
12 1214
7 1595
56 1595
381 764
0 457
0 368
0 376
0 209
207 209
2 1191
1 1191
7 592
377 378
70 141
1 389
6 446
3 264
1 526
1 1110
1282 12734
49 12734
25 12734
93 12734
825 12734
571 12734
1052 12734
28 12734
5 12734
367 12734
82 12734
82 12734
129 12734
105 12734
109 12734
198 12734
160 12734
252 12734
201 203
1 89
4 653
23 295
0 841
0 441
22 384
2 876
34 1264
631 1264
47 1264
0 404
0 1483
0 1110
2 590
2 590
2 264
2 107
5 1386
146 148
0 89
8 842
32 461
0 669
8 669
5 737
3 699
3 423
2 737
0 107
106 107
143 148
2 473
2 2629
8 2629
3 2629
6 2629
4 384
0 1589
13 1589
2 1589
3 113
2675 2696
2657 2696
0 2696
769 774
1 664
493 987
23 987
44 987
27 4344
4335 4344
1 4344
3 4344
0 4344
10 4344
337 4344
3 222
6 626
15 1376
1 1376
12 1376
3 1376
0 558
2 680
5 680
2 234
9 177
20 177
17 384
0 441
30 441
1 376
7 1511
113 1511
2 522
1 522
0 169
1 737
2 664
15 479
5 2238
4 2238
2 2238
1 2238
9 1074
4 737
1 762
12 2517
17 788
2297 2300
16 2300
760 762
0 618
0 183
269 270
4 558
0 252
29 295
19 1913
23 1913
655 656
2 656
15 656
239 240
0 423
53 764
372 373
6 446
1 357
2 423
0 632
0 590
8 562
9 456
0 9
293 587
560 562
7 1014
3 774
0 404
558 567
2 1407
3 594
1 690
4 690
24 250
126 127
294 295
12 2725
18 2725
22 2725
8 2725
29 2725
3 442
1 442
24 518
1 508
0 269
2 269
0 38
5 6094
17 6094
4 6094
7 6094
23 6094
1369 1370
25 2737
8 2737
16 1409
16 526
22 465
3 339
2 960
1 960
51 382
2 295
0 404
2 431
3 1536
3 615
0 844
0 308
6 504
2 560
0 730
1 730
0 764
0 1701
9 240
141 283
595 596
1 392
63 2339
0 2339
0 303
1 461
21 563
11 438
0 122
23 980
25 980
35 845
5 665
12 378
351 352
887 889
3 889
2 189
0 431
750 751
1 526
1954 1955
23 1955
62 1955
1951 1955
33 1955
70 1955
89 9453
98 9453
77 9453
39 9453
87 9453
129 9453
3 9453
66 9453
21 9453
93 9453
112 9453
83 9453
25 9453
45 9453
164 9453
1 3604
17 3604
21 3604
1801 3604
8 3604
60 2982
19 2982
49 2982
69 2982
5 2982
7 1152
498 499
0 181
1 181
124 249
6 613
393 395
7 575
7 122
3 1114
2 1114
141 283
141 283
1 241
3 55
654 655
11 1887
7 1887
17 1887
7494 7512
746 7512
7445 7512
65 7512
3 7512
7480 7512
7492 7512
125 7512
83 7512
592 7512
7486 7512
7476 7512
593 7512
50 7512
7501 7512
4 328
14 623
6 106
1 82
1 305
195 196
149 151
17 439
22 328
61 2031
83 4370
84 4370
61 4370
68 4370
53 4370
71 4370
58 4370
49 4370
10 340
0 360
0 269
0 413
886 887
1 187
6 187
2 534
1 1539
48 726
15 257
201 202
1 764
0 764
0 473
7 729
13 729
10 729
173 174
5 593
1 326
3 282
58 59
1 2849
40 2849
4 2849
27 2849
0 225
12 435
5 435
0 522
3 146
24 479
9 399
0 587
17 562
49 788
16 788
776 788
777 788
775 788
1 788
2 788
781 788
57 788
25 473
15 473
7 1528
0 1528
42 1904
28 1904
10 733
218 219
15 2417
22 2417
25 594
10 594
18 594
1 620
0 620
1 476
8 476
0 405
51 1695
0 91
4 91
2 1223
0 1223
3 1223
476 479
2 328
5 1879
0 1879
55 4834
1 4834
4813 4834
4832 4834
10 4834
14 4834
1 145
731 739
8 336
8 361
7 177
408 413
379 759
190 191
190 191
18 240
0 233
5 177
0 176
4 318
6 807
7 807
0 761
0 446
0 931
1 931
0 1074
30 812
11 287
10 764
35 1043
2 857
2 922
2 558
12 558
17 279
86 173
129 130
2 617
3 617
13 1707
7 1707
153 4275
25 4275
3 4275
4269 4275
4266 4275
3 1149
24 1149
30 1149
0 2971
3 2971
1 336
2 318
36 1026
0 92
2 92
0 311
0 161
75 774
19 127
370 379
21 400
426 428
3 381
559 562
1 497
392 393
0 279
322 323
4 395
16 223
0 362
15 509
3 2434
10 716
8 388
28 233
0 484
483 484
483 484
3 1075
31 1075
1071 1075
1073 1075
4 118
3 114
421 844
421 844
0 306
3 1742
0 1742
2 1742
14 441
12 655
109 764
44 509
3735 3737
0 3737
2 3737
1 3737
17 562
1090 2181
0 338
0 40
2 379
13 405
1 474
0 98
1141 1143
16 368
2 699
0 343
15 126
0 1644
1628 1644
0 767
1 767
383 767
7 20
18 310
1 354
0 61
10 297
363 727
20 395
60 1618
229 233
190 381
19 473
16 217
2 152
383 768
4 171
0 567
0 301
0 461
785 788
8 788
782 788
781 788
786 788
0 788
1 788
783 788
778 788
1 405
652 653
6 139
2 324
79 973
25 1386
627 633
25 664
1608 1618
12 395
0 295
8 344
229 230
1109 2219
0 385
22 527
0 1926
0 1926
3 548
0 919
18 699
1 472
4 327
0 821
2 821
1 821
0 526
3 567
20 1012
6 1012
1 1012
2 562
38 739
1 266
113 227
0 241
31 635
6 391
2 177
2 407
25 435
47 535
18 527
1 371
4 371
1 240
11 57
35 297
1 262
0 361
45 1312
83 84
278 287
7 509
581 585
585 592
16 812
81 2339
144 290
0 948
1 948
1 448
28 973
5 360
1 389
42 1646
4 2101
0 2101
1 2101
3 2101
5 876
9 472
7 265
2 777
8 502
8 137
206 209
2 144
1 183
0 370
67 135
1 120
940 962
28 721
113 114
1 3218
4 1747
0 231
4 1110
0 153
2 290
1 397
4 325
30 319
377 382
24 5267
19 5267
11 5267
13 5267
55 5267
18 5267
49 5267
59 5267
5 5267
7 5267
9 5267
2 5267
17 5267
39 5267
3 1034
0 1034
7 2191
1 2191
12 247
12 247
64 1416
110 1027
4 319
0 1042
11 384
1 163
0 127
0 484
3 900
0 544
11 265
3 368
6 930
5 2416
3 2416
9 2416
35 919
406 407
0 382
0 247
0 233
2 1183
1 1183
0 1183
1 1185
0 382
0 340
0 3763
6 3763
176 177
35 477
140 141
20 242
0 295
1 295
5 395
13 615
4 308
1 1695
41 511
0 227
5 257
1 2339
6 395
1 359
0 761
256 257
3 176
3 336
192 195
362 365
239 240
228 230
4 196
11 338
26 1116
0 1116
4 1124
0 300
3 1623
890 906
0 57
0 188
0 1057
0 233
720 721
317 318
0 735
2 699
1 446
0 310
0 165
461 465
6 1130
88 679
3 392
12 348
0 1898
1 1898
6 472
941 950
949 950
34 950
0 191
12 1695
323 324
1 282
4 861
14 1695
14 360
948 960
385 388
2 1701
452 453
451 453
246 247
0 461
294 295
8 1042
21 549
11 319
18 1110
10 2517
0 866
1 866
5 141
3 387
2 48
9 1791
0 1791
1 511
2 275
6 286
0 423
0 191
24 950
7 509
0 861
7 364
8 364
48 378
24 3651
1 364
7 364
0 298
646 679
3 654
176 177
1 605
7 392
7 392
49 569
0 43
413 414
0 272
3 327
8 2050
1 2050
0 2050
13 617
1 927
6 1268
3 1268
5 1268
18 1413
78 157
313 317
394 790
394 790
1 812
74 1077
9 584
32 562
69 1360
2 1695
22 405
1 587
126 127
18 1592
0 1592
2 1719
0 1719
1 1719
547 548
10 548
194 195
350 352
0 1043
5 2703
4 2703
1 2703
2 2703
9 1165
11 395
0 1323
2 1323
1 1323
38 1323
3 1323
0 118
164 165
1 663
8 451
2 1536
2 1526
1 1526
1 1526
3 116
11 327
1 587
3 139
4 325
4 1288
1 116
7 240
0 217
355 712
18 1386
2338 2339
5 2517
7 381
8 284
3 183
9 295
1 2517
21 2339
5 465
0 247
0 2517
0 55
0 281
0 247
1358 1360
41 461
54 3761
15 590
2 594
48 378
34 1539
8 108
205 4338
152 1552
2 152
29 646
6 306
12 657
656 657
5 1042
210 421
1026 1042
5 222
1032 1034
5 270
1 1104
0 486
501 502
2 57
2 816
10 2365
22 1074
0 187
2233 2236
26 2236
10 2236
0 2236
403 405
6 1110
2 497
221 222
119 120
0 151
1 1392
0 230
4 86
77 78
213 2339
0 9
7 1021
317 318
0 308
34 279
2 762
8 88
5 721
20 1027
496 500
0 89
2 86
158 159
4 733
6 725
4 276
2 497
26 1130
0 456
0 654
776 777
52 53
0 340
63 475
3 142
4 694
7 41
0 90
293 588
2 588
2 588
3 214
7 67
1 588
1 327
0 342
0 588
3 193
2 161
6 90
1 588
40 41
5 322
3 718
2 142
10 567
16 588
4 113
0 120
9 588
11 567
37 588
587 588
0 483
587 588
5 218
587 588
0 282
0 282
16 588
21 218
4 327
0 24
273 274
0 274
2 214
1 142
0 90
44 90
1 228
6 567
0 229
9 567
4 343
1 228
2 327
1 43
4 386
4 694
12 228
0 475
2 588
19 475
25 946
0 475
0 567
1 457
3 327
0 483
6 343
2 116
0 475
7 228
3 342
2 327
555 560
14 229
1 99
1 588
7 43
7 43
0 168
3 141
8 483
0 16
1 588
0 386
0 334
2 588
4 588
6 588
3 588
0 90
16 588
0 271
1 588
6 386
0 67
35 560
18 342
453 454
582 588
15 588
1 211
33 694
20 694
8 228
21 327
2 588
4 752
0 53
8 229
9 588
1 41
0 374
323 334
20 588
2 475
2 110
1 229
0 58
10 588
1 142
8 153
0 334
6 116
117 118
1 588
3 386
3 327
1 142
17 228
8 156
3 588
1 588
1 327
11 343
6 153
19 475
1 588
6 99
1 588
1 588
38 574
2 694
1 90
13 694
0 56
19 560
4 342
10 322
0 752
1 588
33 327
1 193
6 454
0 342
65 67
0 327
2 588
1 229
0 342
0 67
121 2673
0 211
1 483
326 327
5 228
4 33
5 962
0 1539
0 125
0 120
4 80
1 816
0 554
1 176
2 406
0 66
1 473
0 977
0 844
1 290
7 502
87 88
2 275
2 147
4 515
0 1205
0 1403
0 1695
4 605
33 605
4 1347
3 1347
38 1516
0 295
0 473
0 59
7 1021
5 788
113 228
3 1110
0 88
0 768
1 476
336 337
339 340
1669 1695
4 127
0 308
0 378
0 241
2 452
0 284
1 1900
0 1900
1 3101
0 3101
0 6
6 218
28 664
0 158
0 423
54 951
20 951
0 623
0 399
5 1577
0 278
2 214
9 2150
1 2150
0 145
0 404
0 1074
5 336
0 362
4 594
0 216
436 439
2 527
24 1386
0 639
36 762
0 625
1 625
0 725
0 395
0 1036
10 1042
21 393
7 1539
3 368
0 1539
58 117
7 632
23 1042
1 518
3 567
1 452
0 1071
344 347
1 303
0 120
269 270
0 2237
2232 2237
2224 2237
26 2237
2 2237
0 233
168 1552
0 409
0 1230
2 1230
851 853
0 400
0 126
444 446
32 857
0 973
0 274
2 274
1 3390
19 3390
5 3390
2 3390
0 584
75 890
1 626
12 216
0 1346
0 247
6 287
9 79
0 196
13 191
113 7353
75 7353
77 7353
458 7353
14 7353
27 7353
130 7353
18 7353
103 7353
565 7353
2 7353
89 7353
69 7353
191 7353
120 7353
13 7353
8 141
6 2466
2 2466
0 2466
1 2466
1450 1456
37 10604
8 10604
104 10604
67 10604
38 10604
1 10604
34 10604
26 10604
6 10604
43 10604
24 10604
50 10604
4 10604
9 10604
98 10604
40 10604
87 1655
134 1655
0 407
10 1162
21 1162
1 1162
13 1162
15 479
5 623
0 87
1 564
8 391
0 295
1 590
0 508
116 1695
1 47
784 788
779 788
783 788
782 788
781 788
0 788
1 788
778 788
784 788
228 230
0 739
4 436
15 1695
0 247
3 626
566 567
114 115
2 48
0 344
4 684
88 764
0 582
1037 1072
1 1862
0 1862
1 369
10 876
0 625
13 233
1 937
0 937
5 937
0 230
2 421
270 272
4 218
810 812
30 826
0 919
1 887
1 1072
41 2339
7 958
1 958
11 1623
6 141
7 792
15 811
1 2330
0 2330
1 247
22 974
3 120
0 182
0 423
0 1967
0 30
4 384
0 549
1146 1153
1 497
13 188
37 498
12 157
1 157
2338 2339
2 950
56 57
0 135
3 473
0 962
0 448
0 163
3 414
5 1161
0 1161
2 1161
1 117
2 96
0 1403
0 1346
1 139
7 1110
472 473
41 318
0 318
1 700
0 162
2 1967
7 1539
0 1539
105 106
0 5662
1 5662
3 5662
2 5662
4 5662
1534 1536
10 1536
16 625
11 2565
6 2565
10 2565
6 2565
8 2565
9 2565
1745 1747
382 384
3 183
1 1249
21 1249
0 87
8 812
744 746
1 2128
2 2128
7 2128
0 473
0 67
2 124
174 178
0 764
0 379
1 2396
0 2396
2 2396
13 890
3 890
5 890
0 38
1 2407
3 2407
2 2407
8 2407
4 735
0 581
1 581
2 385
3 385
4 615
0 139
30 641
0 448
0 1064
1063 1064
4 2225
3 89
0 941
0 89
0 1419
1 452
0 80
8 554
1 89
6 1294
19 1294
5 381
29 1948
157 1948
88 1948
1929 1948
0 962
8 448
1 352
136 137
0 594
1 1708
0 1708
143 287
0 25
802 816
10 626
0 90
15 2339
0 1536
0 233
1 69
0 319
0 796
1 446
0 527
4 142
1 369
1 153
5 590
0 385
206 413
1 446
0 2395
1 2395
0 404
295 592
19 2163
5 2163
8 2163
1 55
18 191
9 2423
0 2423
19 2423
4 344
0 196
0 452
1393 1403
1 1205
2 1205
3 1014
0 294
0 448
4 86
0 395
843 844
0 844
1 303
27 1360
0 812
53 107
0 562
2 479
3 467
92 1733
7 1733
14 1733
79 80
738 739
7 446
123 247
0 389
0 733
1 215
2 295
3 431
0 175
129 130
186 187
3 135
0 284
367 371
21 330
27 1724
0 1724
5 1724
2 549
2 919
569 1139
0 896
1 896
5 437
1 103
20 264
2 261
0 264
0 648
7 1577
8 1501
15 1501
2 1501
308 617
12 1618
0 285
10 504
114 115
1 48
8 247
1 737
0 223
0 509
1 311
5 594
238 477
0 345
3 733
3 789
0 789
0 605
18 1747
0 347
1503 1511
1501 1511
0 362
146 147
12 307
138 139
136 139
0 382
14 1766
9 788
2 788
5 788
4 788
14 788
0 788
1 788
14 788
3 788
9 694
0 694
6 307
0 174
6 371
0 1077
31 537
3 178
0 103
5 290
9 3159
15 3159
3 3159
31 1331
24 50
2 716
1 508
13 1909
25 1909
13 1909
1617 1618
23 1618
0 384
1 384
0 102
0 94
0 585
18 474
31 535
0 261
294 295
0 169
0 148
9 183
10 876
1 733
1 1787
174 1787
1786 1787
4 617
0 1553
2 1553
5 504
1 343
0 632
0 127
503 504
6 1083
2 65
76 1144
12 178
3 172
10 240
428 431
907 919
497 498
0 1618
5 1475
25 368
3 26
3 1965
15 1965
5 1965
13 1965
2 1965
31 1965
124 125
0 175
4 55
21 379
0 229
0 229
0 230
0 1042
0 344
7 323
3 746
12 876
14 479
202 406
1 504
1 171
32 575
28 764
15 1913
5 1913
1 1057
4 269
0 173
0 344
0 772
0 242
0 1695
1689 1695
0 382
11 764
0 175
1 94
1 811
0 394
0 1287
0 176
9 139
0 310
1 360
229 230
1 811
0 381
0 1129
2 1129
1 1129
1 638
1066 1071
32 1410
21 1410
18 1410
1 811
0 497
2 37
0 285
8 305
2 256
0 360
116 233
16 623
1 1061
258 260
0 452
34 563
7 592
3 144
326 327
0 617
4 337
13 362
366 5976
32 5976
204 5976
88 5976
109 5976
150 5976
94 5976
84 5976
148 5976
52 1075
189 379
21 661
0 162
14 2517
11 431
0 100
1 1386
14 850
1 511
404 405
1 1102
0 1102
0 370
8 196
1 361
3 841
697 698
0 124
0 290
5 218
29 439
3 229
0 349
0 89
0 360
11 333
11 333
0 526
3 122
0 412
0 196
1 874
0 247
8 896
1 338
3 338
1 142
42 1779
889 1779
59 1779
889 1779
3 1238
13 876
2 1853
4 1853
1 1853
580 592
281 564
0 173
11 1539
0 158
1 812
4 584
0 328
8 262
0 816
1 99
5 796
10 404
5 146
5 345
5 464
10 228
272 274
459 919
0 502
0 1110
5 122
2 446
67 518
0 141
11 585
560 561
17 2808
7 1357
117 1416
0 204
0 100
281 563
0 564
0 473
18 1110
0 339
163 327
1 308
288 295
0 587
0 777
1 558
74 149
5 209
277 279
2 962
2 3095
8 3095
6 3095
7 1617
1 1617
0 1617
3 1617
317 318
19 327
5 1767
16 1767
6 1767
3 1767
239 240
0 1071
0 522
0 1618
1 465
0 465
14 465
