2 384
13 375
0 392
1 576
0 576
2 776
1 776
5 511
16 2287
4 2287
4 745
4 745
1 914
1 338
0 448
0 691
2 691
0 183
78 914
15 1155
1154 1155
577 1155
2 1155
12 1155
2 1370
15 1623
7388 7389
118 7389
3 7389
1 7389
8 7389
15 7389
59 7389
4 7389
16 7389
5 7389
261 7389
21 2339
3 615
1 1288
174 176
10 1265
12 1265
13 1265
148 150
0 79
0 1983
1 1983
3 1983
4 1983
2 269
198 397
1 1208
0 1208
17 1208
14 1474
15 240
0 448
1 558
1 1113
0 1113
2 79
17 305
399 400
7 388
1 590
11 1483
3 152
3 152
0 796
767 1536
0 805
1 276
6 328
8 1267
55 1267
3 1267
7 1267
11 1267
0 522
2 198
0 1013
0 1013
4 152
0 1303
9 1008
0 1008
3 327
7 562
4 737
3 737
2 264
0 175
0 44
0 89
27 1913
10 1913
1536 1539
972 973
854 855
0 301
76 7645
32 7645
7644 7645
15 7645
68 7645
469 7645
7636 7645
7639 7645
974 7645
43 7645
4 7645
326 7645
55 7645
532 7645
344 7645
884 7645
38 7645
114 7645
210 7645
792 7645
615 9306
0 9306
293 9306
9287 9306
301 9306
22 9306
9305 9306
9270 9306
92 9306
240 9306
8 9306
776 9306
809 9306
83 9306
9303 9306
44 9306
160 9306
3 9306
33 3760
115 3760
285 3760
3750 3760
142 3760
7 3760
13 3760
100 3760
36 689
4 295
31 1454
2 1454
1 1454
5 1454
2 626
0 203
403 405
793 794
1 794
843 844
328 657
1109 1110
5 150
0 1071
0 812
0 812
0 422
2 896
392 395
1 2339
0 135
0 324
2 721
39 79
2 204
3 811
1 368
0 380
0 380
3 384
1 152
1 98
8 68
2 446
0 777
3 777
1 884
17 884
41 1514
437 876
173 348
0 169
2 663
4 663
8 303
10 240
440 441
17 1474
0 733
2 1077
1 404
0 973
137 138
1 1618
0 567
11 876
1 176
0 2150
11 2150
10 876
5 311
4 1597
5 1597
2 1597
10 1597
0 618
0 98
183 184
7 776
1 776
496 497
4 57
4 392
0 670
2 670
3 392
0 511
1 247
0 876
1 344
0 965
769 1539
1 509
4 215
173 176
4 215
4 215
39 1386
282 283
748 764
28 465
0 792
16 10782
1 10782
44 10782
3 10782
17 10782
33 10782
9 10782
18 10782
11 10782
14 10782
149 10782
277 10782
1018 10782
396 10782
83 10782
10 10782
4 10782
6 10782
233 10782
57 10782
2 10782
89 10782
8 10782
49 10782
149 10782
40 10782
0 224
8 767
8 144
55 540
1 2510
2 2510
134 269
5 269
2 1269
0 1269
1 919
0 782
0 448
0 931
1 931
3 247
2 89
2 2038
0 2038
1 2038
1 446
13 737
0 1898
17 1898
30 584
1355 1360
1 2257
5 2257
109 1695
3 2339
1066 1072
0 746
2 746
2 2150
8 2150
2 3410
8 3410
88 3410
4 746
2 2150
28 2150
31 764
4 746
1 456
28 590
7 2449
22 2449
95 191
0 777
5 266
1015 1027
3 976
33 976
8 3000
26 3000
14 3000
127 3000
15 3000
5 3000
7 202
1 456
7 777
5 381
1 295
185 186
220 441
1 94
9 68
5 287
8 240
70 142
18 240
5 655
6 1197
6 2831
5 2831
4 2831
2 2831
0 1331
277 4210
11 4210
48 4210
6 4210
3 4210
30 4210
14 4210
41 4210
2 4210
4 4210
146 4210
4 20
4 209
0 677
1 677
1 1547
0 1547
2 888
0 888
343 344
411 413
2 1012
0 1012
3 1012
267 269
3 467
503 504
47 1110
0 585
17 2128
18 2128
14 2128
8 960
5 1483
1535 1536
1534 1536
1101 1110
19 1069
10 1069
47 1069
1010 1014
405 811
7 1110
12 423
0 93
5 183
2 384
1 724
0 2375
4 2375
8 2375
177 178
11 788
2 788
5 788
4 788
12 788
0 788
1 788
12 788
3 788
0 203
10 226
10 4949
54 4949
4 4949
15 4949
47 4949
24 4949
22 4949
1 120
41 2150
8 2150
16 2150
5 653
687 689
7 2955
2 2955
24 2955
4 2955
26 2955
5 2955
1 2955
4 1695
4 439
36 439
1 225
3 2163
2 2163
64 13875
22 13875
1 13875
7 13875
9 13875
27 13875
4 13875
23 13875
30 13875
29 13875
1694 13875
46 13875
152 13875
11 13875
2 2339
3 222
0 150
1 1164
3 1164
4 1164
0 2347
3 2347
2 2347
4 2347
632 633
0 384
30 3126
5 3126
9 3126
1 3126
0 3126
10 3126
6 3126
2 1078
4 1078
6 1078
0 267
0 1926
22 526
811 812
22 858
6 5657
4 5657
5 5657
2 5657
1 5657
0 5657
21 5657
130 5657
13 1042
16 423
5 218
7 172
30 1307
115 1021
2 384
3 400
17 240
8 247
1 176
0 247
4 124
2 618
1 247
0 1708
3 1708
2 1708
1 1708
7 762
0 762
2 152
367 371
13 264
58 442
441 442
0 389
63 5642
12 5642
22 5642
267 5642
30 5642
28 5642
114 5642
2 416
2 223
1 86
10 543
2 1403
2 1403
13 679
1 2517
0 87
344 689
6 336
0 89
5 153
39 1403
59 1963
12 1963
0 2002
9 2002
2000 2002
143 147
14 147
3 163
263 264
0 1539
8 264
4 590
0 181
120 241
2 465
52 764
50 764
763 764
8 295
46 1652
15 1652
2 1967
4 86
0 1110
3 1183
1 1183
0 1183
0 876
0 389
0 1124
1 1124
4 1014
0 961
1 961
5 961
0 526
0 359
16 1130
0 257
31 1386
19 842
520 1042
0 257
0 2403
60 2403
7 2403
1 106
10 375
17 617
266 270
269 270
339 340
3 327
1 380
2 518
1 587
0 587
0 384
0 424
26 264
2 699
31 1317
12 1317
2 1317
2 120
7 594
0 538
0 603
35 1130
2 344
11 240
1 1241
121 122
1 855
1 1898
13 1898
0 1898
1 1898
0 384
8 17
16 914
0 777
4 163
39 4713
0 4713
4711 4713
334 4713
182 4713
1 4713
0 44
1 2150
13 2150
1 2150
2 2150
3 402
132 266
1 781
4 781
2 781
0 781
331 664
684 689
1 874
8 796
795 796
125 1464
26 1464
25 1464
546 548
4 382
4 233
2 663
7 257
252 506
11 1012
1 257
1 626
3 371
390 782
0 3816
68 3816
6 3816
17 3816
42 3816
75 3816
10 3816
24 340
5 1347
2 1347
1 149
5 554
2 364
6 364
11 295
45 435
3 695
3 1247
0 1247
6 423
17 914
0 265
0 631
52 631
5 186
506 518
85 171
255 511
29 431
4 2308
0 2308
31 2303
0 2303
3 145
1 145
7 145
4 467
258 518
403 405
42 318
6 423
5 324
388 389
1 8726
376 8726
40 8726
2 8726
98 8726
8675 8726
148 8726
122 8726
686 8726
135 8726
0 8726
9 8726
10 8726
421 422
17 108
1 456
0 1036
1 1036
20 391
0 344
16 679
2 154
198 397
9 3066
10 3066
36 3066
6 1214
5 1214
12 1595
51 1595
381 764
0 457
0 368
0 376
3 209
206 209
2 1191
1 1191
3 592
377 378
70 141
1 389
1 446
10 264
1 526
0 1110
6366 12734
41 12734
18 12734
99 12734
220 12734
187 12734
6366 12734
40 12734
5 12734
199 12734
85 12734
85 12734
102 12734
89 12734
105 12734
247 12734
140 12734
116 12734
201 203
0 89
9 653
20 295
0 841
0 441
7 384
0 876
33 1264
631 1264
44 1264
0 404
0 1483
0 1110
3 590
1 590
2 264
0 107
6 1386
11 148
1 89
9 842
32 461
0 669
8 669
4 737
2 699
3 423
2 737
0 107
0 107
7 148
6 473
3 2629
16 2629
14 2629
18 2629
3 384
7 1589
12 1589
3 1589
3 113
18 2696
15 2696
0 2696
37 774
5 664
493 987
1 987
7 987
22 4344
4333 4344
1 4344
2 4344
0 4344
4 4344
233 4344
3 222
11 626
14 1376
2 1376
14 1376
2 1376
0 558
3 680
5 680
2 234
10 177
19 177
19 384
1 441
59 441
1 376
9 1511
90 1511
7 522
0 522
0 169
0 737
6 664
19 479
6 2238
2 2238
5 2238
0 2238
12 1074
11 737
1 762
1258 2517
20 788
2298 2300
11 2300
761 762
2 618
0 183
269 270
4 558
0 252
24 295
19 1913
25 1913
654 656
3 656
14 656
13 240
0 423
33 764
28 373
1 446
1 357
2 423
0 632
0 590
8 562
12 456
0 9
293 587
561 562
5 1014
0 774
0 404
566 567
2 1407
3 594
1 690
5 690
25 250
126 127
294 295
5 2725
9 2725
11 2725
2 2725
6 2725
1 442
0 442
4 518
1 508
0 269
2 269
0 38
5 6094
12 6094
3 6094
2 6094
6 6094
684 1370
9 2737
8 2737
14 1409
37 526
2 465
1 339
3 960
1 960
25 382
1 295
0 404
0 431
2 1536
3 615
0 844
0 308
6 504
5 560
0 730
1 730
0 764
0 1701
8 240
141 283
13 596
3 392
14 2339
0 2339
0 303
0 461
20 563
7 438
0 122
18 980
14 980
34 845
0 665
9 378
1 352
5 889
4 889
0 189
0 431
750 751
2 526
44 1955
12 1955
9 1955
41 1955
16 1955
31 1955
57 9453
54 9453
47 9453
40 9453
84 9453
93 9453
1 9453
30 9453
9 9453
58 9453
44 9453
62 9453
36 9453
41 9453
168 9453
2 3604
18 3604
21 3604
1801 3604
8 3604
5 2982
4 2982
7 2982
6 2982
2 2982
4 1152
498 499
0 181
1 181
124 249
6 613
9 395
7 575
1 122
2 1114
4 1114
141 283
141 283
0 241
2 55
327 655
1 1887
0 1887
3 1887
7470 7512
568 7512
413 7512
63 7512
2 7512
7453 7512
7483 7512
144 7512
96 7512
747 7512
7469 7512
660 7512
356 7512
62 7512
7501 7512
5 328
9 623
5 106
1 82
0 305
195 196
75 151
19 439
5 328
45 2031
51 4370
54 4370
40 4370
43 4370
47 4370
42 4370
41 4370
28 4370
6 340
0 360
0 269
0 413
885 887
1 187
5 187
2 534
0 1539
44 726
8 257
201 202
0 764
1 764
0 473
3 729
2 729
5 729
173 174
3 593
1 326
3 282
29 59
2 2849
37 2849
3 2849
24 2849
0 225
11 435
1 435
0 522
4 146
8 479
5 399
0 587
15 562
44 788
7 788
780 788
782 788
784 788
0 788
1 788
784 788
779 788
28 473
13 473
2 1528
0 1528
32 1904
19 1904
4 733
4 219
48 2417
29 2417
20 594
17 594
17 594
0 620
1 620
0 476
4 476
0 405
22 1695
0 91
2 91
1 1223
0 1223
3 1223
478 479
2 328
4 1879
0 1879
138 4834
0 4834
64 4834
266 4834
9 4834
26 4834
1 145
737 739
3 336
5 361
6 177
412 413
379 759
190 191
190 191
10 240
2 233
3 177
0 176
5 318
2 807
4 807
0 761
2 446
0 931
1 931
0 1074
15 812
10 287
11 764
7 1043
0 857
1 922
2 558
11 558
14 279
86 173
64 130
2 617
3 617
5 1707
2 1707
64 4275
29 4275
4 4275
150 4275
177 4275
2 1149
13 1149
18 1149
3 2971
5 2971
1 336
2 318
12 1026
0 92
1 92
0 311
0 161
4 774
6 127
6 379
24 400
427 428
2 381
561 562
2 497
392 393
1 279
322 323
5 395
10 223
0 362
17 509
1 2434
6 716
6 388
29 233
0 484
483 484
481 484
5 1075
22 1075
1074 1075
20 1075
5 118
1 114
421 844
421 844
2 306
0 1742
1 1742
2 1742
3 441
12 655
64 764
19 509
3731 3737
0 3737
2 3737
1 3737
11 562
1090 2181
0 338
0 40
1 379
2 405
0 474
0 98
1136 1143
183 368
3 699
0 343
11 126
0 1644
21 1644
0 767
1 767
383 767
6 20
14 310
1 354
0 61
8 297
363 727
15 395
1610 1618
232 233
190 381
19 473
14 217
2 152
383 768
6 171
1 567
1 301
0 461
393 788
2 788
17 788
21 788
393 788
0 788
1 788
393 788
10 788
1 405
652 653
6 139
2 324
0 973
39 1386
3 633
21 664
153 1618
14 395
0 295
5 344
229 230
1109 2219
0 385
35 527
1 1926
2 1926
3 548
0 919
14 699
1 472
4 327
0 821
2 821
1 821
0 526
2 567
8 1012
3 1012
1 1012
9 562
34 739
1 266
113 227
0 241
16 635
8 391
2 177
1 407
35 435
46 535
22 527
1 371
2 371
1 240
55 57
148 297
1 262
0 361
44 1312
83 84
11 287
8 509
584 585
589 592
9 812
143 2339
144 290
0 948
1 948
1 448
22 973
5 360
0 389
24 1646
5 2101
0 2101
1 2101
3 2101
5 876
8 472
5 265
11 777
2 502
8 137
104 209
2 144
3 183
0 370
67 135
1 120
71 962
31 721
113 114
1 3218
3 1747
0 231
4 1110
0 153
1 290
1 397
2 325
22 319
22 382
20 5267
13 5267
9 5267
12 5267
45 5267
11 5267
40 5267
50 5267
5 5267
6 5267
8 5267
0 5267
17 5267
32 5267
2 1034
0 1034
4 2191
1 2191
12 247
9 247
51 1416
131 1027
3 319
0 1042
5 384
1 163
0 127
1 484
1 900
0 544
14 265
4 368
2 930
7 2416
3 2416
9 2416
20 919
406 407
0 382
0 247
0 233
2 1183
1 1183
0 1183
1 1185
0 382
0 340
0 3763
1 3763
7 177
15 477
140 141
21 242
0 295
1 295
5 395
13 615
5 308
0 1695
36 511
0 227
6 257
1 2339
7 395
0 359
0 761
254 257
2 176
2 336
2 195
363 365
239 240
229 230
0 196
16 338
24 1116
0 1116
6 1124
0 300
3 1623
897 906
0 57
0 188
0 1057
0 233
2 721
7 318
0 735
2 699
1 446
0 310
0 165
7 465
4 1130
339 679
0 392
9 348
0 1898
2 1898
4 472
35 950
948 950
34 950
0 191
4 1695
323 324
1 282
1 861
3 1695
17 360
11 960
385 388
2 1701
452 453
451 453
246 247
0 461
294 295
8 1042
274 549
17 319
12 1110
11 2517
1 866
0 866
5 141
2 387
3 48
0 1791
1 1791
0 511
3 275
7 286
0 423
0 191
25 950
19 509
0 861
4 364
6 364
377 378
17 3651
1 364
6 364
0 298
672 679
4 654
176 177
6 605
6 392
7 392
3 569
0 43
413 414
0 272
4 327
7 2050
5 2050
8 2050
0 617
6 927
10 1268
2 1268
3 1268
14 1413
78 157
314 317
394 790
394 790
3 812
55 1077
9 584
32 562
65 1360
2 1695
16 405
3 587
7 127
7 1592
0 1592
1 1719
0 1719
2 1719
547 548
4 548
194 195
350 352
0 1043
4 2703
2 2703
3 2703
5 2703
31 1165
13 395
0 1323
2 1323
1 1323
16 1323
3 1323
0 118
7 165
2 663
9 451
17 1536
2 1526
1 1526
1 1526
2 116
8 327
1 587
4 139
4 325
11 1288
1 116
12 240
0 217
355 712
5 1386
117 2339
2 2517
4 381
8 284
5 183
7 295
2 2517
15 2339
4 465
0 247
0 2517
0 55
0 281
0 247
1358 1360
5 461
55 3761
5 590
1 594
18 378
31 1539
9 108
200 4338
133 1552
2 152
11 646
4 306
7 657
655 657
7 1042
210 421
8 1042
5 222
13 1034
0 270
0 1104
0 486
501 502
2 57
1 816
12 2365
9 1074
0 187
2233 2236
21 2236
17 2236
0 2236
202 405
2 1110
4 497
221 222
118 120
0 151
1 1392
0 230
7 86
6 78
2314 2339
8 9
9 1021
317 318
3 308
23 279
2 762
4 88
5 721
11 1027
496 500
0 89
2 86
15 159
6 733
4 725
2 276
3 497
8 1130
0 456
0 654
776 777
52 53
0 340
77 475
2 142
4 694
2 41
0 90
293 588
1 588
3 588
3 214
3 67
1 588
1 327
0 342
0 588
4 193
2 161
6 90
2 588
40 41
10 322
3 718
2 142
12 567
47 588
3 113
0 120
5 588
8 567
34 588
586 588
3 483
18 588
5 218
293 588
0 282
3 282
27 588
108 218
3 327
1 24
11 274
0 274
2 214
1 142
0 90
44 90
1 228
6 567
0 229
12 567
3 343
1 228
2 327
1 43
4 386
5 694
13 228
1 475
0 588
24 475
22 946
0 475
1 567
1 457
2 327
0 483
4 343
6 116
0 475
6 228
1 342
4 327
559 560
15 229
0 99
6 588
7 43
7 43
0 168
4 141
6 483
0 16
2 588
1 386
0 334
2 588
4 588
4 588
2 588
0 90
4 588
0 271
1 588
3 386
0 67
36 560
15 342
453 454
585 588
4 588
2 211
29 694
33 694
7 228
17 327
3 588
4 752
1 53
1 229
12 588
3 41
0 374
9 334
20 588
2 475
8 110
1 229
0 58
6 588
1 142
11 153
0 334
3 116
16 118
3 588
4 386
3 327
2 142
10 228
10 156
3 588
4 588
1 327
12 343
5 153
16 475
1 588
2 99
0 588
4 588
43 574
1 694
1 90
16 694
0 56
31 560
7 342
1 322
0 752
2 588
28 327
1 193
11 454
0 342
3 67
0 327
0 588
1 229
0 342
0 67
88 2673
0 211
6 483
7 327
5 228
4 33
2 962
0 1539
0 125
0 120
5 80
1 816
0 554
4 176
3 406
0 66
1 473
0 977
0 844
1 290
7 502
87 88
3 275
7 147
4 515
0 1205
0 1403
0 1695
2 605
597 605
3 1347
4 1347
47 1516
0 295
0 473
0 59
6 1021
10 788
113 228
5 1110
0 88
0 768
1 476
13 337
339 340
12 1695
4 127
0 308
0 378
0 241
0 452
0 284
1 1900
0 1900
1 3101
0 3101
0 6
5 218
48 664
0 158
0 423
19 951
12 951
0 623
0 399
4 1577
0 278
3 214
7 2150
0 2150
0 145
0 404
0 1074
2 336
0 362
4 594
0 216
438 439
4 527
18 1386
0 639
20 762
0 625
1 625
0 725
0 395
0 1036
13 1042
11 393
9 1539
1 368
1 1539
58 117
7 632
26 1042
1 518
1 567
1 452
0 1071
5 347
1 303
0 120
269 270
0 2237
2231 2237
50 2237
24 2237
6 2237
0 233
775 1552
0 409
0 1230
2 1230
33 853
1 400
0 126
5 446
24 857
0 973
2 274
0 274
1 3390
26 3390
4 3390
2 3390
0 584
886 890
1 626
107 216
0 1346
0 247
12 287
8 79
0 196
17 191
122 7353
118 7353
70 7353
509 7353
12 7353
25 7353
152 7353
17 7353
121 7353
522 7353
1 7353
103 7353
26 7353
214 7353
155 7353
11 7353
9 141
3 2466
4 2466
0 2466
1 2466
16 1456
4 10604
6 10604
1 10604
70 10604
10 10604
4 10604
4 10604
21 10604
26 10604
26 10604
30 10604
96 10604
7 10604
21 10604
110 10604
12 10604
34 1655
28 1655
0 407
3 1162
11 1162
1 1162
4 1162
3 479
17 623
0 87
1 564
6 391
0 295
1 590
0 508
1687 1695
1 47
393 788
17 788
22 788
24 788
21 788
0 788
1 788
14 788
393 788
9 230
0 739
6 436
17 1695
0 247
4 626
566 567
114 115
2 48
0 344
3 684
74 764
1 582
21 1072
2 1862
0 1862
0 369
11 876
0 625
19 233
1 937
0 937
5 937
0 230
1 421
270 272
4 218
58 812
32 826
0 919
1 887
1 1072
22 2339
6 958
0 958
15 1623
10 141
4 792
8 811
1 2330
0 2330
1 247
8 974
4 120
0 182
2 423
0 1967
0 30
4 384
2 549
1147 1153
0 497
7 188
25 498
2 157
1 157
2336 2339
2 950
2 57
0 135
1 473
0 962
0 448
0 163
1 414
4 1161
2 1161
0 1161
0 117
1 96
0 1403
0 1346
1 139
9 1110
4 473
39 318
0 318
2 700
0 162
2 1967
7 1539
5 1539
105 106
0 5662
3 5662
4 5662
1 5662
2 5662
1534 1536
48 1536
16 625
11 2565
6 2565
10 2565
6 2565
8 2565
9 2565
1745 1747
13 384
5 183
1 1249
13 1249
0 87
7 812
8 746
1 2128
2 2128
7 2128
0 473
0 67
9 124
173 178
0 764
1 379
1 2396
0 2396
2 2396
12 890
2 890
5 890
0 38
1 2407
3 2407
2 2407
8 2407
1 735
0 581
1 581
2 385
3 385
6 615
0 139
635 641
0 448
3 1064
2 1064
4 2225
3 89
0 941
0 89
0 1419
3 452
0 80
8 554
1 89
5 1294
24 1294
4 381
11 1948
58 1948
32 1948
216 1948
1 962
9 448
2 352
68 137
0 594
1 1708
0 1708
143 287
0 25
10 816
6 626
0 90
24 2339
0 1536
0 233
0 69
0 319
0 796
1 446
0 527
3 142
1 369
1 153
3 590
0 385
206 413
0 446
1 2395
0 2395
3 404
295 592
20 2163
5 2163
7 2163
1 55
22 191
3 2423
0 2423
2 2423
0 344
0 196
0 452
47 1403
1 1205
2 1205
9 1014
0 294
0 448
42 86
0 395
34 844
0 844
2 303
27 1360
0 812
53 107
0 562
2 479
4 467
24 1733
13 1733
21 1733
4 80
5 739
0 446
123 247
0 389
0 733
0 215
4 295
2 431
0 175
129 130
186 187
8 135
0 284
12 371
17 330
4 1724
0 1724
1 1724
2 549
0 919
569 1139
0 896
1 896
1 437
1 103
16 264
2 261
0 264
0 648
11 1577
0 1501
5 1501
2 1501
308 617
5 1618
0 285
17 504
5 115
2 48
0 247
1 737
0 223
0 509
1 311
4 594
238 477
0 345
1 733
4 789
0 789
0 605
4 1747
0 347
34 1511
122 1511
0 362
145 147
6 307
135 139
136 139
0 382
26 1766
8 788
2 788
5 788
4 788
9 788
0 788
1 788
9 788
3 788
9 694
0 694
7 307
3 174
5 371
538 1077
4 537
2 178
0 103
4 290
2 3159
5 3159
3 3159
28 1331
24 50
2 716
1 508
13 1909
24 1909
13 1909
5 1618
23 1618
0 384
1 384
0 102
1 94
0 585
5 474
27 535
0 261
294 295
0 169
0 148
5 183
8 876
1 733
2 1787
26 1787
116 1787
3 617
0 1553
2 1553
6 504
1 343
0 632
0 127
503 504
5 1083
2 65
10 1144
5 178
1 172
7 240
428 431
6 919
497 498
0 1618
5 1475
365 368
3 26
1 1965
10 1965
7 1965
6 1965
0 1965
22 1965
16 125
0 175
3 55
15 379
0 229
0 229
1 230
0 1042
0 344
7 323
3 746
12 876
13 479
202 406
1 504
3 171
23 575
10 764
14 1913
5 1913
1 1057
3 269
0 173
1 344
0 772
0 242
1 1695
23 1695
0 382
9 764
0 175
0 94
1 811
0 394
0 1287
0 176
14 139
0 310
1 360
2 230
1 811
0 381
0 1129
3 1129
1 1129
0 638
12 1071
33 1410
11 1410
16 1410
1 811
0 497
1 37
0 285
12 305
3 256
0 360
116 233
16 623
1 1061
8 260
0 452
7 563
6 592
3 144
326 327
0 617
3 337
11 362
2987 5976
68 5976
51 5976
94 5976
103 5976
7 5976
115 5976
1 5976
13 5976
1073 1075
189 379
27 661
0 162
6 2517
10 431
0 100
1 1386
6 850
1 511
6 405
0 1102
1 1102
0 370
8 196
1 361
4 841
697 698
0 124
0 290
4 218
435 439
15 229
0 349
0 89
0 360
12 333
12 333
0 526
3 122
0 412
0 196
1 874
0 247
6 896
1 338
2 338
0 142
60 1779
889 1779
75 1779
889 1779
1 1238
13 876
0 1853
1 1853
2 1853
589 592
281 564
0 173
15 1539
0 158
1 812
4 584
0 328
22 262
0 816
1 99
7 796
6 404
5 146
6 345
6 464
7 228
273 274
459 919
0 502
0 1110
120 122
2 446
509 518
0 141
11 585
560 561
5 2808
3 1357
109 1416
0 204
2 100
281 563
0 564
0 473
15 1110
0 339
163 327
2 308
19 295
0 587
0 777
3 558
74 149
5 209
278 279
1 962
1 3095
6 3095
2 3095
8 1617
1 1617
2 1617
0 1617
20 318
7 327
8 1767
15 1767
2 1767
6 1767
15 240
0 1071
0 522
0 1618
1 465
0 465
4 465
