2 384
18 375
0 392
2 576
0 576
2 776
0 776
5 511
20 2287
1 2287
4 745
4 745
1 914
0 338
0 448
0 691
2 691
0 183
46 914
15 1155
1154 1155
577 1155
2 1155
12 1155
2 1370
13 1623
7388 7389
135 7389
6 7389
0 7389
10 7389
16 7389
87 7389
4 7389
13 7389
8 7389
284 7389
21 2339
3 615
0 1288
174 176
2 1265
12 1265
16 1265
148 150
0 79
0 1983
1 1983
3 1983
7 1983
2 269
14 397
1 1208
0 1208
17 1208
21 1474
239 240
0 448
0 558
1 1113
0 1113
2 79
16 305
399 400
7 388
2 590
21 1483
3 152
3 152
0 796
767 1536
0 805
1 276
6 328
6 1267
53 1267
3 1267
8 1267
13 1267
0 522
2 198
0 1013
0 1013
4 152
0 1303
8 1008
1 1008
3 327
6 562
3 737
3 737
2 264
0 175
0 44
0 89
27 1913
9 1913
1535 1539
970 973
851 855
0 301
41 7645
17 7645
7644 7645
14 7645
66 7645
364 7645
7642 7645
7640 7645
7641 7645
19 7645
3 7645
272 7645
27 7645
407 7645
239 7645
617 7645
23 7645
67 7645
205 7645
824 7645
887 9306
0 9306
320 9306
9268 9306
710 9306
20 9306
9305 9306
9300 9306
48 9306
187 9306
8 9306
9297 9306
791 9306
66 9306
9304 9306
41 9306
99 9306
3 9306
24 3760
109 3760
226 3760
3758 3760
140 3760
5 3760
6 3760
141 3760
680 689
5 295
27 1454
2 1454
0 1454
8 1454
3 626
0 203
404 405
793 794
1 794
843 844
328 657
1109 1110
5 150
0 1071
0 812
0 812
0 422
8 896
40 395
1 2339
0 135
1 324
3 721
6 79
2 204
3 811
1 368
0 380
0 380
1 384
0 152
0 98
7 68
2 446
0 777
5 777
1 884
18 884
1513 1514
20 876
173 348
0 169
2 663
12 663
6 303
6 240
440 441
21 1474
0 733
3 1077
1 404
0 973
137 138
3 1618
0 567
11 876
1 176
0 2150
11 2150
10 876
5 311
4 1597
5 1597
2 1597
10 1597
1 618
0 98
183 184
7 776
0 776
496 497
5 57
4 392
5 670
1 670
3 392
0 511
1 247
0 876
1 344
1 965
30 1539
1 509
4 215
17 176
4 215
4 215
35 1386
282 283
44 764
463 465
0 792
35 10782
9 10782
104 10782
1 10782
15 10782
21 10782
24 10782
14 10782
8 10782
10 10782
129 10782
246 10782
10778 10782
293 10782
128 10782
7 10782
3 10782
17 10782
192 10782
138 10782
2 10782
68 10782
5 10782
31 10782
129 10782
33 10782
0 224
6 767
8 144
44 540
1 2510
2 2510
134 269
5 269
2 1269
0 1269
1 919
1 782
0 448
0 931
1 931
2 247
2 89
4 2038
0 2038
2 2038
1 446
7 737
2 1898
24 1898
28 584
1355 1360
0 2257
5 2257
1681 1695
14 2339
1062 1072
0 746
3 746
1 2150
11 2150
3 3410
6 3410
92 3410
4 746
1 2150
31 2150
28 764
6 746
1 456
81 590
5 2449
11 2449
23 191
0 777
5 266
112 1027
2 976
33 976
8 3000
26 3000
13 3000
128 3000
14 3000
5 3000
8 202
1 456
7 777
7 381
1 295
185 186
220 441
1 94
9 68
5 287
7 240
70 142
239 240
5 655
6 1197
7 2831
5 2831
3 2831
1 2831
0 1331
225 4210
11 4210
48 4210
4 4210
3 4210
30 4210
15 4210
41 4210
2 4210
5 4210
145 4210
2 20
3 209
0 677
1 677
1 1547
0 1547
8 888
0 888
343 344
407 413
2 1012
0 1012
3 1012
267 269
3 467
503 504
60 1110
0 585
27 2128
26 2128
14 2128
8 960
5 1483
1535 1536
1533 1536
1103 1110
11 1069
3 1069
46 1069
1012 1014
405 811
9 1110
17 423
0 93
7 183
2 384
1 724
0 2375
4 2375
8 2375
177 178
15 788
2 788
5 788
4 788
17 788
0 788
1 788
17 788
3 788
0 203
10 226
9 4949
125 4949
5 4949
12 4949
87 4949
31 4949
23 4949
1 120
41 2150
6 2150
16 2150
5 653
687 689
7 2955
2 2955
23 2955
4 2955
22 2955
5 2955
1 2955
4 1695
20 439
35 439
1 225
4 2163
1 2163
43 13875
6 13875
1 13875
7 13875
4 13875
15 13875
5 13875
20 13875
23 13875
65 13875
1763 13875
136 13875
260 13875
31 13875
4 2339
3 222
0 150
2 1164
1 1164
4 1164
1 2347
3 2347
2 2347
4 2347
631 633
0 384
28 3126
5 3126
7 3126
0 3126
1 3126
11 3126
6 3126
3 1078
14 1078
8 1078
0 267
0 1926
23 526
811 812
22 858
2 5657
6 5657
5 5657
4 5657
1 5657
0 5657
25 5657
111 5657
7 1042
422 423
5 218
170 172
34 1307
110 1021
3 384
3 400
239 240
7 247
1 176
0 247
4 124
2 618
1 247
0 1708
3 1708
2 1708
1 1708
6 762
0 762
2 152
367 371
7 264
47 442
441 442
1 389
41 5642
5 5642
36 5642
156 5642
28 5642
15 5642
124 5642
2 416
9 223
1 86
7 543
2 1403
2 1403
12 679
1 2517
0 87
681 689
6 336
0 89
9 153
32 1403
203 1963
12 1963
0 2002
8 2002
1998 2002
143 147
144 147
5 163
263 264
1 1539
8 264
4 590
0 181
120 241
2 465
52 764
50 764
763 764
9 295
30 1652
9 1652
2 1967
2 86
0 1110
2 1183
1 1183
0 1183
0 876
0 389
0 1124
1 1124
3 1014
0 961
1 961
5 961
0 526
0 359
13 1130
0 257
89 1386
18 842
520 1042
0 257
1 2403
53 2403
9 2403
1 106
10 375
20 617
39 270
269 270
339 340
4 327
1 380
2 518
1 587
0 587
0 384
0 424
263 264
0 699
29 1317
8 1317
1 1317
2 120
7 594
0 538
0 603
25 1130
2 344
239 240
1 1241
121 122
0 855
1 1898
5 1898
0 1898
1 1898
0 384
8 17
9 914
1 777
16 163
29 4713
2 4713
4701 4713
366 4713
155 4713
0 4713
0 44
2 2150
16 2150
1 2150
2 2150
2 402
132 266
1 781
4 781
2 781
0 781
331 664
686 689
1 874
9 796
795 796
72 1464
16 1464
21 1464
542 548
4 382
2 233
2 663
15 257
252 506
11 1012
2 257
1 626
2 371
390 782
0 3816
3792 3816
16 3816
8 3816
100 3816
122 3816
17 3816
337 340
4 1347
2 1347
2 149
2 554
1 364
7 364
12 295
46 435
3 695
3 1247
1 1247
6 423
14 914
0 265
0 631
630 631
3 186
502 518
85 171
255 511
20 431
4 2308
0 2308
28 2303
0 2303
3 145
1 145
8 145
2 467
258 518
15 405
308 318
7 423
4 324
387 389
2 8726
773 8726
49 8726
6 8726
75 8726
8705 8726
129 8726
234 8726
8700 8726
171 8726
0 8726
9 8726
10 8726
420 422
6 108
4 456
0 1036
1 1036
20 391
0 344
15 679
2 154
198 397
9 3066
10 3066
36 3066
6 1214
5 1214
6 1595
50 1595
381 764
0 457
0 368
0 376
2 209
206 209
2 1191
1 1191
6 592
377 378
70 141
1 389
6 446
11 264
0 526
0 1110
6366 12734
40 12734
13 12734
113 12734
228 12734
159 12734
6366 12734
21 12734
1 12734
218 12734
99 12734
99 12734
97 12734
106 12734
103 12734
260 12734
152 12734
217 12734
201 203
0 89
14 653
21 295
0 841
0 441
2 384
0 876
33 1264
631 1264
44 1264
0 404
0 1483
0 1110
3 590
3 590
2 264
0 107
6 1386
11 148
1 89
9 842
32 461
0 669
8 669
5 737
3 699
3 423
2 737
0 107
6 107
1 148
2 473
2 2629
8 2629
4 2629
3 2629
4 384
5 1589
27 1589
4 1589
3 113
2675 2696
2692 2696
0 2696
14 774
1 664
493 987
4 987
15 987
32 4344
4339 4344
1 4344
3 4344
0 4344
8 4344
411 4344
3 222
12 626
14 1376
2 1376
14 1376
2 1376
0 558
3 680
5 680
2 234
10 177
173 177
23 384
1 441
43 441
1 376
4 1511
102 1511
6 522
1 522
0 169
0 737
4 664
17 479
3 2238
4 2238
5 2238
1 2238
12 1074
7 737
1 762
28 2517
22 788
2298 2300
12 2300
761 762
1 618
0 183
269 270
4 558
0 252
29 295
18 1913
26 1913
653 656
3 656
11 656
13 240
0 423
38 764
369 373
1 446
1 357
2 423
0 632
0 590
7 562
13 456
0 9
293 587
561 562
7 1014
0 774
0 404
566 567
2 1407
4 594
1 690
4 690
244 250
126 127
294 295
7 2725
8 2725
11 2725
4 2725
14 2725
1 442
0 442
12 518
1 508
0 269
2 269
0 38
7 6094
12 6094
4 6094
3 6094
9 6094
1369 1370
9 2737
8 2737
9 1409
29 526
3 465
1 339
2 960
1 960
378 382
2 295
0 404
0 431
2 1536
3 615
0 844
0 308
6 504
0 560
0 730
1 730
0 764
0 1701
9 240
141 283
40 596
3 392
15 2339
0 2339
0 303
0 461
21 563
10 438
0 122
27 980
20 980
836 845
0 665
10 378
351 352
7 889
4 889
0 189
0 431
750 751
1 526
1951 1955
25 1955
30 1955
88 1955
22 1955
50 1955
66 9453
61 9453
55 9453
30 9453
73 9453
109 9453
2 9453
29 9453
10 9453
62 9453
88 9453
57 9453
22 9453
38 9453
166 9453
2 3604
18 3604
21 3604
1801 3604
7 3604
2 2982
4 2982
6 2982
5 2982
3 2982
5 1152
498 499
0 181
1 181
124 249
6 613
25 395
7 575
2 122
2 1114
4 1114
141 283
141 283
0 241
3 55
654 655
0 1887
1 1887
3 1887
7494 7512
746 7512
7445 7512
83 7512
3 7512
7480 7512
7492 7512
125 7512
81 7512
589 7512
7487 7512
7476 7512
590 7512
50 7512
7501 7512
4 328
14 623
6 106
1 82
0 305
195 196
149 151
16 439
4 328
38 2031
70 4370
71 4370
50 4370
57 4370
49 4370
62 4370
45 4370
40 4370
18 340
0 360
0 269
0 413
886 887
1 187
6 187
2 534
0 1539
48 726
16 257
201 202
0 764
1 764
0 473
5 729
7 729
6 729
173 174
3 593
1 326
3 282
29 59
1 2849
37 2849
3 2849
27 2849
0 225
11 435
1 435
0 522
3 146
9 479
6 399
0 587
9 562
41 788
8 788
780 788
779 788
782 788
1 788
2 788
782 788
777 788
27 473
14 473
2 1528
0 1528
45 1904
15 1904
6 733
2 219
17 2417
60 2417
29 594
21 594
14 594
1 620
0 620
0 476
7 476
0 405
27 1695
0 91
2 91
2 1223
0 1223
3 1223
477 479
2 328
4 1879
0 1879
64 4834
1 4834
62 4834
4833 4834
6 4834
16 4834
1 145
735 739
2 336
5 361
7 177
412 413
379 759
190 191
190 191
11 240
0 233
1 177
0 176
5 318
2 807
6 807
0 761
1 446
0 931
1 931
0 1074
14 812
9 287
11 764
8 1043
0 857
1 922
2 558
12 558
16 279
86 173
64 130
2 617
3 617
9 1707
4 1707
172 4275
26 4275
3 4275
4274 4275
4273 4275
3 1149
22 1149
33 1149
1 2971
10 2971
1 336
2 318
8 1026
0 92
1 92
0 311
0 161
63 774
13 127
8 379
20 400
427 428
2 381
559 562
2 497
392 393
0 279
322 323
4 395
13 223
0 362
14 509
1 2434
5 716
5 388
29 233
0 484
482 484
32 484
3 1075
19 1075
1074 1075
1073 1075
4 118
1 114
421 844
421 844
1 306
2 1742
1 1742
3 1742
23 441
12 655
50 764
41 509
3735 3737
0 3737
2 3737
1 3737
11 562
1090 2181
0 338
0 40
3 379
2 405
1 474
0 98
1140 1143
183 368
1 699
0 343
11 126
0 1644
91 1644
0 767
1 767
383 767
7 20
15 310
1 354
0 61
11 297
363 727
14 395
1601 1618
232 233
190 381
20 473
16 217
2 152
383 768
3 171
0 567
0 301
0 461
786 788
16 788
782 788
783 788
787 788
0 788
1 788
785 788
780 788
1 405
652 653
4 139
2 324
7 973
35 1386
3 633
31 664
1611 1618
12 395
0 295
6 344
229 230
1109 2219
0 385
27 527
1 1926
0 1926
3 548
0 919
10 699
1 472
4 327
0 821
2 821
1 821
0 526
3 567
10 1012
5 1012
2 1012
4 562
45 739
2 266
113 227
0 241
10 635
6 391
2 177
2 407
35 435
52 535
22 527
1 371
10 371
1 240
12 57
148 297
3 262
0 361
57 1312
83 84
12 287
7 509
584 585
589 592
14 812
154 2339
144 290
0 948
1 948
0 448
23 973
5 360
0 389
30 1646
4 2101
0 2101
1 2101
2 2101
6 876
7 472
5 265
2 777
3 502
8 137
206 209
2 144
2 183
0 370
67 135
1 120
74 962
29 721
113 114
1 3218
4 1747
0 231
4 1110
0 153
1 290
1 397
4 325
27 319
20 382
21 5267
15 5267
10 5267
11 5267
50 5267
12 5267
42 5267
57 5267
6 5267
7 5267
8 5267
1 5267
19 5267
36 5267
2 1034
0 1034
4 2191
1 2191
10 247
10 247
52 1416
109 1027
3 319
0 1042
8 384
0 163
0 127
1 484
2 900
0 544
16 265
5 368
27 930
5 2416
2 2416
9 2416
37 919
406 407
0 382
0 247
0 233
2 1183
1 1183
0 1183
1 1185
0 382
0 340
0 3763
4 3763
176 177
6 477
140 141
21 242
0 295
1 295
5 395
26 615
4 308
0 1695
41 511
0 227
8 257
1 2339
6 395
0 359
0 761
256 257
3 176
2 336
4 195
364 365
239 240
229 230
0 196
14 338
37 1116
0 1116
6 1124
0 300
4 1623
895 906
0 57
0 188
1 1057
0 233
2 721
7 318
0 735
2 699
2 446
0 310
0 165
464 465
3 1130
339 679
1 392
9 348
0 1898
2 1898
6 472
35 950
949 950
32 950
0 191
5 1695
323 324
1 282
1 861
4 1695
16 360
14 960
385 388
2 1701
452 453
451 453
246 247
0 461
294 295
8 1042
548 549
13 319
13 1110
13 2517
0 866
1 866
6 141
2 387
2 48
2 1791
0 1791
0 511
2 275
6 286
0 423
0 191
27 950
47 509
0 861
7 364
6 364
376 378
15 3651
1 364
7 364
0 298
672 679
1 654
176 177
5 605
7 392
6 392
5 569
0 43
413 414
0 272
3 327
7 2050
2 2050
1 2050
1 617
4 927
8 1268
2 1268
3 1268
15 1413
78 157
314 317
394 790
394 790
4 812
65 1077
9 584
30 562
68 1360
2 1695
16 405
1 587
126 127
12 1592
0 1592
1 1719
0 1719
2 1719
547 548
2 548
194 195
350 352
0 1043
4 2703
1 2703
3 2703
5 2703
24 1165
16 395
0 1323
2 1323
1 1323
15 1323
3 1323
0 118
164 165
2 663
10 451
16 1536
2 1526
1 1526
1 1526
2 116
9 327
1 587
5 139
4 325
0 1288
1 116
13 240
0 217
355 712
8 1386
2327 2339
4 2517
6 381
5 284
6 183
9 295
1 2517
18 2339
3 465
0 247
0 2517
0 55
0 281
0 247
1358 1360
12 461
58 3761
9 590
1 594
18 378
31 1539
9 108
162 4338
151 1552
2 152
10 646
5 306
5 657
652 657
6 1042
210 421
10 1042
5 222
14 1034
0 270
0 1104
0 486
501 502
2 57
2 816
26 2365
11 1074
0 187
2233 2236
22 2236
12 2236
0 2236
4 405
3 1110
2 497
221 222
3 120
0 151
1 1392
0 230
5 86
77 78
253 2339
8 9
12 1021
317 318
2 308
26 279
2 762
86 88
5 721
12 1027
26 500
0 89
3 86
158 159
5 733
5 725
2 276
2 497
8 1130
0 456
0 654
776 777
52 53
0 340
73 475
2 142
5 694
2 41
0 90
293 588
2 588
3 588
3 214
3 67
1 588
1 327
0 342
1 588
4 193
2 161
6 90
2 588
40 41
7 322
3 718
2 142
12 567
26 588
5 113
0 120
6 588
8 567
35 588
587 588
2 483
586 588
5 218
587 588
0 282
1 282
13 588
21 218
8 327
0 24
273 274
0 274
2 214
1 142
0 90
44 90
1 228
6 567
0 229
13 567
4 343
1 228
2 327
1 43
4 386
4 694
11 228
1 475
0 588
18 475
23 946
0 475
0 567
1 457
1 327
0 483
6 343
3 116
0 475
6 228
1 342
4 327
558 560
18 229
0 99
1 588
7 43
7 43
0 168
4 141
6 483
0 16
0 588
1 386
0 334
2 588
4 588
5 588
2 588
0 90
5 588
0 271
1 588
4 386
0 67
33 560
9 342
453 454
585 588
24 588
3 211
30 694
27 694
8 228
18 327
2 588
2 752
0 53
3 229
7 588
1 41
0 374
34 334
20 588
2 475
6 110
1 229
0 58
2 588
1 142
11 153
1 334
5 116
117 118
4 588
5 386
3 327
2 142
20 228
8 156
3 588
1 588
1 327
9 343
5 153
14 475
1 588
3 99
0 588
3 588
33 574
1 694
1 90
12 694
0 56
24 560
8 342
6 322
0 752
2 588
33 327
1 193
5 454
0 342
3 67
0 327
0 588
1 229
0 342
0 67
89 2673
0 211
4 483
10 327
5 228
4 33
4 962
0 1539
0 125
0 120
5 80
1 816
0 554
2 176
3 406
0 66
1 473
0 977
0 844
1 290
7 502
87 88
3 275
9 147
4 515
0 1205
0 1403
0 1695
2 605
595 605
9 1347
3 1347
51 1516
0 295
0 473
0 59
7 1021
13 788
113 228
5 1110
0 88
0 768
1 476
336 337
339 340
27 1695
4 127
0 308
0 378
0 241
0 452
0 284
1 1900
0 1900
1 3101
0 3101
0 6
6 218
38 664
0 158
0 423
12 951
21 951
0 623
0 399
3 1577
0 278
2 214
7 2150
0 2150
0 145
0 404
0 1074
6 336
0 362
4 594
0 216
438 439
4 527
18 1386
0 639
42 762
0 625
1 625
0 725
0 395
0 1036
17 1042
28 393
7 1539
2 368
1 1539
58 117
8 632
62 1042
1 518
2 567
1 452
0 1071
345 347
1 303
0 120
269 270
0 2237
2229 2237
40 2237
64 2237
7 2237
0 233
775 1552
0 409
0 1230
2 1230
29 853
1 400
0 126
18 446
26 857
0 973
2 274
0 274
1 3390
19 3390
3 3390
2 3390
0 584
881 890
1 626
10 216
0 1346
0 247
7 287
8 79
0 196
12 191
123 7353
96 7353
71 7353
516 7353
13 7353
26 7353
147 7353
17 7353
121 7353
545 7353
0 7353
86 7353
65 7353
185 7353
118 7353
12 7353
11 141
4 2466
2 2466
1 2466
0 2466
17 1456
4 10604
6 10604
1 10604
70 10604
10 10604
4 10604
4 10604
21 10604
26 10604
26 10604
30 10604
96 10604
7 10604
21 10604
110 10604
12 10604
34 1655
46 1655
0 407
6 1162
15 1162
2 1162
7 1162
3 479
11 623
0 87
3 564
6 391
0 295
1 590
0 508
1682 1695
1 47
393 788
18 788
25 788
27 788
22 788
0 788
1 788
14 788
393 788
229 230
0 739
6 436
10 1695
0 247
3 626
36 567
114 115
3 48
0 344
4 684
76 764
1 582
1056 1072
1 1862
0 1862
0 369
11 876
0 625
10 233
1 937
0 937
5 937
0 230
1 421
270 272
4 218
60 812
27 826
0 919
1 887
1 1072
30 2339
7 958
1 958
16 1623
7 141
4 792
13 811
1 2330
0 2330
1 247
8 974
3 120
0 182
0 423
0 1967
0 30
4 384
0 549
1147 1153
0 497
186 188
43 498
8 157
2 157
2338 2339
2 950
2 57
0 135
1 473
0 962
0 448
0 163
1 414
4 1161
0 1161
2 1161
0 117
3 96
0 1403
0 1346
1 139
7 1110
16 473
39 318
0 318
2 700
0 162
3 1967
7 1539
4 1539
105 106
0 5662
1 5662
4 5662
3 5662
2 5662
1534 1536
35 1536
16 625
11 2565
6 2565
10 2565
6 2565
8 2565
9 2565
1746 1747
18 384
3 183
3 1249
13 1249
0 87
7 812
742 746
1 2128
2 2128
7 2128
0 473
0 67
9 124
173 178
0 764
1 379
1 2396
0 2396
2 2396
12 890
2 890
5 890
0 38
1 2407
3 2407
2 2407
8 2407
1 735
0 581
1 581
2 385
3 385
10 615
0 139
64 641
0 448
3 1064
4 1064
4 2225
3 89
0 941
0 89
0 1419
3 452
0 80
8 554
1 89
14 1294
34 1294
4 381
11 1948
58 1948
32 1948
216 1948
2 962
9 448
2 352
136 137
0 594
1 1708
0 1708
143 287
0 25
31 816
18 626
0 90
18 2339
0 1536
0 233
0 69
0 319
1 796
1 446
0 527
4 142
1 369
1 153
5 590
0 385
206 413
1 446
0 2395
1 2395
0 404
295 592
19 2163
5 2163
8 2163
1 55
18 191
6 2423
0 2423
5 2423
0 344
0 196
0 452
22 1403
1 1205
2 1205
9 1014
0 294
0 448
5 86
0 395
843 844
0 844
1 303
27 1360
0 812
53 107
0 562
2 479
3 467
27 1733
14 1733
18 1733
79 80
5 739
0 446
123 247
0 389
0 733
0 215
4 295
3 431
0 175
129 130
185 187
2 135
0 284
12 371
19 330
6 1724
0 1724
3 1724
3 549
0 919
569 1139
0 896
1 896
4 437
1 103
23 264
2 261
0 264
0 648
11 1577
3 1501
12 1501
0 1501
308 617
4 1618
0 285
11 504
114 115
2 48
0 247
1 737
0 223
0 509
1 311
4 594
238 477
0 345
2 733
4 789
1 789
0 605
10 1747
0 347
1487 1511
1500 1511
0 362
145 147
35 307
138 139
137 139
0 382
15 1766
8 788
2 788
5 788
4 788
11 788
0 788
1 788
11 788
3 788
9 694
0 694
7 307
5 174
6 371
6 1077
14 537
2 178
0 103
6 290
3 3159
5 3159
4 3159
29 1331
24 50
2 716
1 508
13 1909
25 1909
13 1909
1615 1618
23 1618
0 384
1 384
0 102
1 94
0 585
6 474
30 535
0 261
294 295
0 169
0 148
9 183
8 876
1 733
2 1787
101 1787
1776 1787
3 617
1 1553
2 1553
6 504
1 343
0 632
0 127
503 504
5 1083
2 65
12 1144
9 178
2 172
10 240
428 431
912 919
497 498
0 1618
5 1475
20 368
3 26
0 1965
12 1965
10 1965
7 1965
1 1965
28 1965
123 125
0 175
4 55
15 379
0 229
0 229
1 230
0 1042
0 344
7 323
3 746
13 876
14 479
202 406
1 504
3 171
23 575
4 764
14 1913
5 1913
2 1057
3 269
0 173
2 344
0 772
0 242
1 1695
1693 1695
1 382
8 764
0 175
0 94
1 811
0 394
0 1287
0 176
14 139
0 310
1 360
2 230
1 811
0 381
0 1129
3 1129
1 1129
0 638
1066 1071
32 1410
10 1410
21 1410
1 811
0 497
1 37
0 285
10 305
2 256
0 360
116 233
16 623
1 1061
259 260
0 452
561 563
7 592
6 144
326 327
0 617
3 337
11 362
2987 5976
67 5976
50 5976
93 5976
103 5976
7 5976
115 5976
1 5976
13 5976
1072 1075
189 379
35 661
0 162
5 2517
11 431
0 100
1 1386
11 850
1 511
5 405
0 1102
1 1102
0 370
8 196
1 361
3 841
697 698
0 124
0 290
4 218
24 439
9 229
0 349
0 89
0 360
11 333
12 333
0 526
2 122
0 412
0 196
1 874
0 247
6 896
1 338
2 338
0 142
61 1779
889 1779
63 1779
889 1779
1 1238
13 876
0 1853
4 1853
3 1853
580 592
281 564
0 173
19 1539
0 158
1 812
4 584
0 328
14 262
0 816
1 99
3 796
6 404
5 146
6 345
6 464
226 228
273 274
459 919
0 502
0 1110
5 122
3 446
509 518
0 141
11 585
560 561
5 2808
5 1357
115 1416
0 204
0 100
281 563
0 564
0 473
15 1110
0 339
163 327
2 308
291 295
0 587
0 777
3 558
74 149
5 209
278 279
1 962
1 3095
5 3095
3 3095
9 1617
1 1617
0 1617
2 1617
9 318
7 327
6 1767
18 1767
3 1767
8 1767
14 240
0 1071
0 522
0 1618
1 465
0 465
4 465
