5 384
15 375
0 392
2 576
0 576
2 776
0 776
5 511
20 2287
0 2287
4 745
4 745
1 914
1 338
0 448
0 691
3 691
0 183
24 914
11 1155
1154 1155
577 1155
2 1155
7 1155
2 1370
14 1623
7388 7389
446 7389
6 7389
1 7389
24 7389
39 7389
76 7389
2 7389
12 7389
4 7389
412 7389
20 2339
3 615
2 1288
174 176
14 1265
7 1265
12 1265
148 150
0 79
0 1983
1 1983
3 1983
8 1983
2 269
15 397
3 1208
0 1208
16 1208
48 1474
239 240
0 448
0 558
1 1113
0 1113
2 79
304 305
399 400
5 388
2 590
33 1483
3 152
3 152
0 796
767 1536
0 805
1 276
10 328
1254 1267
1263 1267
9 1267
6 1267
1259 1267
0 522
2 198
2 1013
2 1013
3 152
0 1303
9 1008
0 1008
4 327
5 562
3 737
2 737
2 264
0 175
0 44
0 89
26 1913
6 1913
20 1539
972 973
850 855
0 301
73 7645
13 7645
7644 7645
38 7645
74 7645
527 7645
7642 7645
7640 7645
7638 7645
36 7645
11 7645
736 7645
71 7645
7617 7645
263 7645
956 7645
182 7645
49 7645
306 7645
7608 7645
839 9306
0 9306
521 9306
9284 9306
9274 9306
17 9306
9305 9306
9302 9306
210 9306
203 9306
10 9306
9303 9306
1134 9306
83 9306
9304 9306
105 9306
111 9306
3 9306
22 3760
89 3760
3750 3760
3759 3760
234 3760
12 3760
18 3760
347 3760
684 689
4 295
17 1454
6 1454
0 1454
5 1454
3 626
0 203
404 405
793 794
1 794
843 844
328 657
1109 1110
2 150
0 1071
0 812
0 812
0 422
1 896
391 395
1 2339
0 135
2 324
2 721
6 79
2 204
3 811
1 368
0 380
0 380
1 384
0 152
0 98
7 68
2 446
0 777
7 777
1 884
15 884
1513 1514
21 876
173 348
0 169
3 663
18 663
8 303
6 240
440 441
23 1474
0 733
2 1077
1 404
0 973
137 138
3 1618
0 567
11 876
2 176
0 2150
8 2150
10 876
5 311
4 1597
5 1597
2 1597
10 1597
2 618
0 98
183 184
7 776
1 776
496 497
6 57
3 392
18 670
1 670
1 392
0 511
1 247
0 876
1 344
4 965
33 1539
1 509
4 215
18 176
4 215
4 215
30 1386
281 283
23 764
464 465
0 792
174 10782
23 10782
354 10782
3 10782
16 10782
14 10782
134 10782
10 10782
5 10782
6 10782
93 10782
195 10782
10781 10782
430 10782
145 10782
15 10782
8 10782
55 10782
210 10782
509 10782
0 10782
106 10782
9 10782
74 10782
93 10782
18 10782
0 224
5 767
3 144
37 540
1 2510
3 2510
134 269
5 269
2 1269
0 1269
0 919
1 782
0 448
0 931
1 931
1 247
3 89
5 2038
0 2038
2 2038
1 446
7 737
2 1898
38 1898
28 584
1359 1360
0 2257
7 2257
1688 1695
17 2339
1061 1072
0 746
3 746
2 2150
15 2150
4 3410
6 3410
77 3410
4 746
1 2150
25 2150
30 764
5 746
2 456
116 590
2 2449
16 2449
22 191
0 777
5 266
115 1027
1 976
28 976
9 3000
27 3000
14 3000
128 3000
16 3000
6 3000
9 202
1 456
7 777
7 381
2 295
185 186
220 441
1 94
9 68
5 287
9 240
70 142
239 240
8 655
6 1197
7 2831
5 2831
3 2831
2 2831
0 1331
194 4210
9 4210
31 4210
4 4210
2 4210
48 4210
15 4210
34 4210
1 4210
14 4210
204 4210
5 20
2 209
0 677
1 677
1 1547
0 1547
48 888
34 888
343 344
406 413
2 1012
0 1012
3 1012
36 269
0 467
501 504
64 1110
0 585
30 2128
26 2128
13 2128
8 960
14 1483
1535 1536
1533 1536
1105 1110
10 1069
2 1069
69 1069
1012 1014
405 811
6 1110
13 423
0 93
5 183
2 384
1 724
0 2375
4 2375
8 2375
177 178
22 788
2 788
5 788
4 788
27 788
0 788
1 788
27 788
3 788
0 203
10 226
18 4949
407 4949
5 4949
10 4949
65 4949
29 4949
27 4949
1 120
38 2150
9 2150
19 2150
5 653
688 689
5 2955
2 2955
10 2955
3 2955
55 2955
22 2955
1 2955
1 1695
18 439
431 439
1 225
5 2163
3 2163
44 13875
1 13875
2 13875
10 13875
12 13875
22 13875
8 13875
34 13875
24 13875
49 13875
1864 13875
348 13875
880 13875
228 13875
3 2339
3 222
0 150
5 1164
0 1164
3 1164
1 2347
3 2347
2 2347
4 2347
632 633
1 384
28 3126
7 3126
4 3126
0 3126
1 3126
11 3126
8 3126
8 1078
66 1078
9 1078
0 267
0 1926
24 526
811 812
22 858
3 5657
6 5657
5 5657
4 5657
0 5657
1 5657
24 5657
91 5657
22 1042
28 423
5 218
17 172
36 1307
86 1021
2 384
21 400
239 240
6 247
1 176
0 247
4 124
2 618
1 247
0 1708
5 1708
2 1708
1 1708
7 762
1 762
2 152
367 371
15 264
53 442
441 442
1 389
44 5642
6 5642
35 5642
178 5642
31 5642
16 5642
108 5642
2 416
9 223
2 86
7 543
2 1403
2 1403
12 679
1 2517
0 87
676 689
6 336
0 89
10 153
23 1403
1938 1963
17 1963
0 2002
6 2002
1997 2002
17 147
144 147
8 163
263 264
1 1539
6 264
3 590
0 181
240 241
2 465
55 764
52 764
763 764
8 295
1642 1652
37 1652
2 1967
9 86
0 1110
2 1183
1 1183
0 1183
0 876
0 389
0 1124
1 1124
3 1014
0 961
2 961
5 961
0 526
0 359
13 1130
0 257
76 1386
16 842
58 1042
0 257
4 2403
40 2403
20 2403
1 106
374 375
18 617
51 270
269 270
339 340
6 327
3 380
1 518
1 587
0 587
0 384
0 424
263 264
0 699
34 1317
19 1317
7 1317
1 120
8 594
0 538
0 603
20 1130
2 344
14 240
1 1241
121 122
0 855
1 1898
20 1898
0 1898
2 1898
0 384
0 17
15 914
1 777
160 163
21 4713
2 4713
302 4713
371 4713
156 4713
0 4713
0 44
1 2150
16 2150
0 2150
2 2150
2 402
132 266
1 781
4 781
2 781
0 781
331 664
686 689
0 874
8 796
794 796
59 1464
22 1464
19 1464
542 548
0 382
1 233
2 663
254 257
252 506
12 1012
2 257
1 626
4 371
390 782
0 3816
3801 3816
40 3816
19 3816
110 3816
98 3816
25 3816
337 340
3 1347
2 1347
1 149
2 554
4 364
10 364
15 295
48 435
3 695
3 1247
2 1247
6 423
4 914
0 265
2 631
630 631
3 186
112 518
9 171
255 511
15 431
5 2308
0 2308
28 2303
0 2303
3 145
1 145
13 145
2 467
13 518
11 405
311 318
14 423
4 324
386 389
1 8726
8712 8726
80 8726
7 8726
142 8726
8725 8726
92 8726
344 8726
8724 8726
438 8726
0 8726
14 8726
3 8726
417 422
4 108
4 456
0 1036
1 1036
15 391
0 344
14 679
3 154
198 397
10 3066
3 3066
35 3066
5 1214
12 1214
7 1595
53 1595
381 764
0 457
0 368
0 376
0 209
208 209
2 1191
1 1191
7 592
377 378
70 141
1 389
6 446
3 264
1 526
0 1110
1264 12734
49 12734
32 12734
82 12734
1041 12734
565 12734
1266 12734
30 12734
5 12734
359 12734
73 12734
73 12734
160 12734
95 12734
168 12734
201 12734
147 12734
246 12734
201 203
0 89
11 653
21 295
0 841
0 441
12 384
0 876
33 1264
631 1264
44 1264
0 404
0 1483
0 1110
2 590
4 590
2 264
0 107
5 1386
146 148
1 89
9 842
32 461
0 669
6 669
4 737
4 699
3 423
3 737
0 107
14 107
14 148
3 473
2 2629
7 2629
3 2629
4 2629
4 384
2 1589
17 1589
4 1589
3 113
2680 2696
2658 2696
0 2696
19 774
1 664
493 987
18 987
31 987
34 4344
4338 4344
1 4344
3 4344
0 4344
8 4344
415 4344
3 222
6 626
15 1376
1 1376
12 1376
3 1376
1 558
2 680
5 680
2 234
10 177
174 177
19 384
1 441
34 441
1 376
9 1511
176 1511
3 522
0 522
0 169
0 737
3 664
14 479
3 2238
2 2238
4 2238
1 2238
11 1074
6 737
1 762
14 2517
22 788
2298 2300
15 2300
760 762
1 618
0 183
269 270
4 558
0 252
30 295
19 1913
26 1913
653 656
2 656
10 656
13 240
0 423
46 764
366 373
7 446
2 357
2 423
0 632
0 590
7 562
10 456
0 9
293 587
561 562
11 1014
0 774
0 404
562 567
2 1407
5 594
1 690
2 690
246 250
126 127
294 295
5 2725
9 2725
13 2725
4 2725
17 2725
3 442
0 442
9 518
1 508
0 269
2 269
0 38
8 6094
13 6094
5 6094
6 6094
17 6094
1369 1370
11 2737
9 2737
13 1409
13 526
4 465
1 339
2 960
1 960
380 382
3 295
0 404
0 431
2 1536
3 615
0 844
0 308
6 504
1 560
0 730
1 730
0 764
0 1701
9 240
141 283
595 596
1 392
28 2339
0 2339
0 303
1 461
21 563
11 438
0 122
23 980
24 980
834 845
4 665
12 378
351 352
8 889
4 889
0 189
0 431
750 751
0 526
89 1955
17 1955
48 1955
72 1955
4 1955
45 1955
90 9453
65 9453
74 9453
42 9453
76 9453
125 9453
4 9453
46 9453
21 9453
80 9453
111 9453
70 9453
29 9453
54 9453
171 9453
2 3604
17 3604
19 3604
1801 3604
9 3604
12 2982
8 2982
21 2982
17 2982
1 2982
5 1152
498 499
0 181
1 181
124 249
7 613
394 395
7 575
3 122
2 1114
4 1114
141 283
141 283
0 241
2 55
654 655
0 1887
4 1887
5 1887
7494 7512
746 7512
7445 7512
83 7512
3 7512
7480 7512
7492 7512
125 7512
81 7512
589 7512
7487 7512
7476 7512
590 7512
50 7512
7501 7512
4 328
14 623
7 106
1 82
1 305
195 196
149 151
17 439
21 328
46 2031
75 4370
79 4370
56 4370
68 4370
49 4370
70 4370
52 4370
43 4370
11 340
0 360
0 269
0 413
886 887
1 187
6 187
2 534
0 1539
47 726
17 257
201 202
0 764
1 764
0 473
5 729
9 729
7 729
173 174
3 593
1 326
3 282
29 59
1 2849
41 2849
3 2849
28 2849
0 225
11 435
4 435
0 522
3 146
13 479
7 399
0 587
16 562
47 788
14 788
779 788
778 788
782 788
1 788
2 788
782 788
54 788
29 473
12 473
7 1528
0 1528
51 1904
23 1904
7 733
214 219
9 2417
47 2417
30 594
19 594
18 594
1 620
0 620
0 476
8 476
0 405
47 1695
0 91
3 91
1 1223
0 1223
3 1223
477 479
2 328
3 1879
0 1879
52 4834
1 4834
503 4834
4832 4834
5 4834
12 4834
1 145
731 739
5 336
7 361
7 177
409 413
379 759
190 191
190 191
13 240
0 233
3 177
0 176
5 318
4 807
10 807
0 761
0 446
0 931
1 931
0 1074
25 812
10 287
10 764
25 1043
2 857
1 922
2 558
12 558
16 279
86 173
64 130
2 617
3 617
16 1707
11 1707
188 4275
28 4275
3 4275
4274 4275
4273 4275
3 1149
23 1149
30 1149
1 2971
5 2971
1 336
2 318
26 1026
0 92
3 92
0 311
0 161
74 774
13 127
374 379
15 400
427 428
2 381
559 562
3 497
392 393
0 279
322 323
4 395
17 223
0 362
14 509
2 2434
8 716
6 388
28 233
0 484
483 484
482 484
4 1075
20 1075
1074 1075
1072 1075
4 118
2 114
421 844
421 844
0 306
2 1742
1 1742
3 1742
22 441
12 655
67 764
46 509
3735 3737
0 3737
2 3737
1 3737
16 562
1090 2181
0 338
0 40
3 379
3 405
1 474
1 98
1140 1143
183 368
3 699
0 343
15 126
0 1644
191 1644
0 767
1 767
383 767
7 20
17 310
1 354
0 61
9 297
363 727
32 395
1593 1618
229 233
190 381
25 473
14 217
2 152
383 768
4 171
0 567
1 301
0 461
785 788
6 788
783 788
782 788
787 788
0 788
1 788
786 788
781 788
1 405
652 653
5 139
2 324
29 973
25 1386
3 633
31 664
1599 1618
12 395
0 295
7 344
229 230
1109 2219
0 385
28 527
0 1926
1 1926
3 548
0 919
10 699
1 472
4 327
0 821
2 821
1 821
0 526
3 567
22 1012
5 1012
1 1012
3 562
39 739
2 266
113 227
0 241
23 635
5 391
2 177
2 407
36 435
523 535
19 527
1 371
6 371
1 240
12 57
148 297
2 262
0 361
48 1312
83 84
24 287
7 509
584 585
587 592
12 812
77 2339
144 290
0 948
1 948
1 448
23 973
5 360
0 389
36 1646
4 2101
0 2101
1 2101
2 2101
5 876
6 472
8 265
5 777
5 502
8 137
205 209
2 144
2 183
0 370
67 135
1 120
948 962
27 721
113 114
1 3218
5 1747
0 231
4 1110
0 153
2 290
1 397
4 325
30 319
376 382
23 5267
18 5267
10 5267
11 5267
54 5267
16 5267
49 5267
59 5267
5 5267
7 5267
9 5267
1 5267
15 5267
36 5267
3 1034
0 1034
5 2191
1 2191
11 247
11 247
58 1416
123 1027
4 319
0 1042
11 384
0 163
0 127
0 484
2 900
0 544
20 265
4 368
19 930
5 2416
2 2416
9 2416
39 919
406 407
0 382
0 247
0 233
2 1183
1 1183
0 1183
1 1185
0 382
0 340
0 3763
6 3763
176 177
2 477
140 141
20 242
0 295
1 295
5 395
10 615
4 308
0 1695
41 511
0 227
6 257
1 2339
6 395
0 359
0 761
256 257
2 176
2 336
4 195
362 365
239 240
227 230
1 196
11 338
40 1116
0 1116
4 1124
0 300
5 1623
893 906
0 57
0 188
0 1057
0 233
720 721
313 318
0 735
2 699
1 446
0 310
0 165
464 465
6 1130
72 679
1 392
13 348
0 1898
1 1898
5 472
150 950
949 950
23 950
0 191
7 1695
323 324
1 282
3 861
5 1695
17 360
43 960
385 388
2 1701
452 453
451 453
246 247
0 461
294 295
10 1042
18 549
15 319
18 1110
9 2517
0 866
1 866
6 141
2 387
2 48
8 1791
0 1791
0 511
2 275
5 286
0 423
0 191
29 950
12 509
0 861
3 364
7 364
41 378
18 3651
1 364
7 364
0 298
672 679
2 654
176 177
1 605
7 392
7 392
9 569
0 43
413 414
0 272
3 327
8 2050
2 2050
1 2050
6 617
2 927
7 1268
3 1268
6 1268
18 1413
78 157
314 317
394 790
394 790
2 812
71 1077
9 584
30 562
68 1360
2 1695
19 405
1 587
126 127
16 1592
0 1592
2 1719
0 1719
1 1719
547 548
18 548
194 195
350 352
0 1043
5 2703
2 2703
0 2703
3 2703
10 1165
10 395
0 1323
2 1323
1 1323
21 1323
3 1323
0 118
164 165
1 663
12 451
15 1536
2 1526
1 1526
1 1526
3 116
10 327
1 587
5 139
5 325
3 1288
1 116
8 240
0 217
355 712
13 1386
2337 2339
11 2517
8 381
7 284
3 183
9 295
1 2517
18 2339
6 465
0 247
0 2517
0 55
0 281
0 247
1358 1360
10 461
65 3761
7 590
1 594
15 378
34 1539
10 108
180 4338
162 1552
2 152
12 646
5 306
32 657
656 657
7 1042
210 421
79 1042
5 222
1024 1034
0 270
0 1104
0 486
501 502
2 57
5 816
16 2365
16 1074
0 187
2233 2236
20 2236
12 2236
0 2236
4 405
5 1110
2 497
221 222
4 120
0 151
1 1392
0 230
3 86
77 78
199 2339
8 9
12 1021
317 318
2 308
29 279
2 762
7 88
5 721
17 1027
18 500
0 89
2 86
158 159
4 733
5 725
3 276
2 497
23 1130
0 456
0 654
776 777
52 53
0 340
65 475
3 142
5 694
4 41
0 90
293 588
2 588
2 588
3 214
4 67
1 588
1 327
1 342
1 588
4 193
2 161
6 90
2 588
40 41
6 322
3 718
2 142
10 567
25 588
4 113
0 120
7 588
10 567
33 588
587 588
1 483
586 588
5 218
587 588
0 282
0 282
14 588
21 218
5 327
0 24
273 274
0 274
2 214
1 142
0 90
44 90
1 228
6 567
0 229
10 567
5 343
1 228
2 327
1 43
4 386
4 694
12 228
1 475
0 588
19 475
23 946
0 475
0 567
1 457
2 327
0 483
6 343
3 116
0 475
6 228
3 342
3 327
558 560
15 229
1 99
1 588
7 43
7 43
0 168
4 141
14 483
0 16
1 588
0 386
0 334
2 588
4 588
4 588
2 588
0 90
11 588
0 271
1 588
5 386
0 67
34 560
12 342
453 454
582 588
16 588
2 211
32 694
25 694
8 228
23 327
2 588
4 752
0 53
7 229
1 588
1 41
0 374
37 334
19 588
2 475
3 110
1 229
0 58
8 588
1 142
11 153
1 334
5 116
117 118
2 588
4 386
3 327
2 142
21 228
8 156
3 588
1 588
1 327
16 343
6 153
16 475
1 588
6 99
0 588
3 588
36 574
1 694
1 90
12 694
0 56
22 560
5 342
10 322
0 752
3 588
33 327
1 193
5 454
0 342
66 67
0 327
2 588
1 229
0 342
0 67
110 2673
0 211
2 483
12 327
5 228
4 33
4 962
0 1539
0 125
0 120
5 80
1 816
0 554
1 176
3 406
0 66
1 473
0 977
0 844
1 290
7 502
87 88
2 275
5 147
4 515
0 1205
0 1403
0 1695
2 605
595 605
5 1347
3 1347
39 1516
0 295
0 473
0 59
7 1021
9 788
113 228
5 1110
0 88
0 768
1 476
336 337
339 340
28 1695
4 127
0 308
0 378
0 241
1 452
0 284
1 1900
0 1900
1 3101
0 3101
0 6
6 218
36 664
0 158
0 423
24 951
20 951
0 623
0 399
3 1577
0 278
2 214
7 2150
0 2150
0 145
0 404
0 1074
3 336
0 362
4 594
0 216
436 439
2 527
20 1386
0 639
30 762
0 625
1 625
0 725
0 395
0 1036
10 1042
22 393
7 1539
3 368
1 1539
58 117
7 632
37 1042
1 518
3 567
1 452
0 1071
345 347
1 303
0 120
269 270
0 2237
2235 2237
82 2237
57 2237
2 2237
0 233
151 1552
0 409
0 1230
2 1230
27 853
0 400
0 126
443 446
31 857
0 973
1 274
0 274
1 3390
22 3390
3 3390
2 3390
0 584
74 890
1 626
18 216
0 1346
0 247
7 287
11 79
0 196
13 191
125 7353
98 7353
72 7353
519 7353
13 7353
27 7353
131 7353
18 7353
123 7353
548 7353
2 7353
86 7353
66 7353
188 7353
119 7353
12 7353
9 141
6 2466
2 2466
0 2466
1 2466
17 1456
4 10604
6 10604
1 10604
70 10604
10 10604
4 10604
4 10604
21 10604
26 10604
26 10604
30 10604
96 10604
7 10604
21 10604
110 10604
12 10604
104 1655
164 1655
0 407
5 1162
13 1162
2 1162
8 1162
2 479
12 623
0 87
3 564
8 391
0 295
1 590
0 508
111 1695
1 47
784 788
779 788
782 788
781 788
780 788
0 788
1 788
778 788
784 788
229 230
0 739
3 436
15 1695
0 247
3 626
19 567
114 115
3 48
0 344
4 684
83 764
1 582
1052 1072
1 1862
0 1862
1 369
11 876
0 625
13 233
1 937
0 937
5 937
0 230
1 421
270 272
4 218
810 812
26 826
0 919
0 887
1 1072
36 2339
7 958
1 958
15 1623
7 141
4 792
31 811
0 2330
1 2330
1 247
8 974
3 120
0 182
0 423
0 1967
0 30
4 384
0 549
1146 1153
0 497
185 188
42 498
8 157
2 157
2338 2339
2 950
56 57
0 135
3 473
0 962
0 448
0 163
0 414
5 1161
0 1161
2 1161
1 117
2 96
0 1403
0 1346
1 139
7 1110
472 473
40 318
0 318
1 700
0 162
2 1967
7 1539
3 1539
105 106
0 5662
2 5662
1 5662
4 5662
3 5662
1534 1536
18 1536
14 625
11 2565
6 2565
10 2565
6 2565
8 2565
9 2565
1745 1747
382 384
3 183
1 1249
13 1249
0 87
8 812
744 746
1 2128
2 2128
7 2128
0 473
0 67
1 124
173 178
0 764
1 379
1 2396
0 2396
2 2396
13 890
3 890
5 890
0 38
1 2407
3 2407
2 2407
8 2407
1 735
0 581
1 581
2 385
3 385
7 615
0 139
47 641
0 448
1 1064
1058 1064
4 2225
3 89
0 941
0 89
0 1419
1 452
0 80
8 554
1 89
2 1294
26 1294
4 381
11 1948
74 1948
33 1948
157 1948
0 962
8 448
1 352
136 137
0 594
1 1708
0 1708
143 287
0 25
30 816
10 626
0 90
16 2339
0 1536
0 233
0 69
0 319
1 796
0 446
0 527
4 142
1 369
1 153
5 590
0 385
206 413
1 446
0 2395
1 2395
0 404
295 592
19 2163
5 2163
8 2163
1 55
18 191
6 2423
0 2423
5 2423
4 344
0 196
0 452
1397 1403
1 1205
2 1205
3 1014
0 294
0 448
5 86
0 395
843 844
0 844
1 303
27 1360
0 812
53 107
0 562
3 479
3 467
27 1733
14 1733
18 1733
79 80
738 739
7 446
123 247
0 389
0 733
0 215
2 295
3 431
0 175
129 130
186 187
3 135
0 284
368 371
19 330
27 1724
0 1724
6 1724
3 549
0 919
569 1139
0 896
1 896
4 437
1 103
23 264
2 261
0 264
0 648
9 1577
3 1501
12 1501
0 1501
308 617
13 1618
0 285
10 504
114 115
2 48
8 247
1 737
0 223
0 509
1 311
4 594
238 477
0 345
2 733
4 789
1 789
0 605
19 1747
0 347
1487 1511
1500 1511
0 362
145 147
296 307
138 139
136 139
0 382
15 1766
8 788
2 788
5 788
4 788
12 788
0 788
1 788
12 788
3 788
9 694
0 694
7 307
0 174
4 371
2 1077
534 537
3 178
0 103
6 290
3 3159
5 3159
4 3159
31 1331
24 50
2 716
1 508
13 1909
25 1909
13 1909
1617 1618
23 1618
0 384
1 384
0 102
0 94
0 585
5 474
28 535
0 261
294 295
0 169
0 148
6 183
10 876
1 733
1 1787
127 1787
1784 1787
3 617
1 1553
2 1553
6 504
1 343
0 632
0 127
503 504
5 1083
2 65
73 1144
12 178
2 172
12 240
428 431
907 919
497 498
0 1618
6 1475
21 368
3 26
1 1965
13 1965
6 1965
9 1965
2 1965
29 1965
124 125
0 175
4 55
20 379
0 229
0 229
1 230
0 1042
0 344
7 323
3 746
13 876
14 479
202 406
1 504
3 171
29 575
52 764
18 1913
6 1913
1 1057
3 269
0 173
1 344
0 772
0 242
1 1695
1692 1695
0 382
9 764
0 175
0 94
1 811
0 394
0 1287
0 176
9 139
0 310
1 360
229 230
1 811
0 381
0 1129
3 1129
1 1129
1 638
1067 1071
32 1410
5 1410
21 1410
1 811
0 497
1 37
0 285
9 305
2 256
0 360
116 233
16 623
1 1061
258 260
0 452
557 563
7 592
7 144
326 327
0 617
3 337
11 362
2987 5976
67 5976
50 5976
93 5976
103 5976
7 5976
115 5976
1 5976
13 5976
50 1075
189 379
19 661
0 162
14 2517
11 431
0 100
1 1386
19 850
1 511
5 405
0 1102
1 1102
0 370
8 196
1 361
3 841
697 698
0 124
0 290
5 218
29 439
3 229
0 349
0 89
0 360
11 333
12 333
0 526
4 122
0 412
0 196
1 874
0 247
8 896
1 338
2 338
0 142
47 1779
889 1779
59 1779
889 1779
3 1238
13 876
0 1853
4 1853
3 1853
578 592
281 564
0 173
19 1539
0 158
1 812
4 584
0 328
11 262
0 816
0 99
3 796
9 404
5 146
5 345
6 464
225 228
272 274
459 919
0 502
0 1110
6 122
5 446
503 518
0 141
11 585
560 561
21 2808
7 1357
104 1416
0 204
0 100
281 563
0 564
0 473
15 1110
0 339
163 327
1 308
291 295
0 587
0 777
1 558
74 149
5 209
278 279
2 962
2 3095
6 3095
3 3095
10 1617
1 1617
0 1617
2 1617
315 318
7 327
5 1767
16 1767
7 1767
3 1767
239 240
0 1071
0 522
0 1618
1 465
0 465
4 465
