0 384
1 375
0 392
1 576
0 576
1 776
0 776
3 511
36 2287
15 2287
10 745
2 745
16 914
1 338
0 448
1 691
0 691
0 183
3 914
25 1155
22 1155
169 1155
48 1155
29 1155
8 1370
4 1623
0 7389
4 7389
39 7389
87 7389
142 7389
30 7389
59 7389
55 7389
26 7389
10 7389
564 7389
0 2339
1 615
4 1288
1 176
9 1265
63 1265
22 1265
1 150
6 79
1 1983
3 1983
33 1983
27 1983
5 269
10 397
2 1208
1 1208
32 1208
44 1474
2 240
0 448
0 558
3 1113
1 1113
0 79
2 305
0 400
0 388
1 590
1 1483
2 152
3 152
0 796
47 1536
1 805
0 276
0 328
1 1267
2 1267
5 1267
13 1267
0 1267
2 522
4 198
31 1013
19 1013
3 152
0 1303
2 1008
1 1008
4 327
1 562
7 737
5 737
4 264
1 175
0 44
0 89
12 1913
8 1913
4 1539
0 973
0 855
0 301
48 7645
142 7645
0 7645
54 7645
198 7645
6 7645
2 7645
10 7645
11 7645
60 7645
77 7645
18 7645
19 7645
16 7645
69 7645
23 7645
51 7645
72 7645
160 7645
58 7645
311 9306
11 9306
52 9306
5 9306
4 9306
84 9306
0 9306
2 9306
6 9306
191 9306
38 9306
3 9306
50 9306
153 9306
1 9306
44 9306
26 9306
48 9306
6 3760
55 3760
1 3760
0 3760
12 3760
16 3760
8 3760
3 3760
2 689
6 295
4 1454
0 1454
2 1454
16 1454
1 626
0 203
0 405
2 794
0 794
0 844
91 657
0 1110
1 150
1 1071
0 812
0 812
1 422
9 896
0 395
4 2339
0 135
11 324
9 721
0 79
3 204
1 811
0 368
0 380
0 380
5 384
2 152
0 98
1 68
19 446
2 777
9 777
3 884
11 884
0 1514
26 876
8 348
0 169
2 663
0 663
1 303
0 240
0 441
20 1474
0 733
11 1077
0 404
1 973
0 138
36 1618
13 567
7 876
1 176
2 2150
26 2150
7 876
11 311
4 1597
7 1597
6 1597
1 1597
2 618
0 98
0 184
1 776
0 776
0 497
4 57
0 392
0 670
4 670
0 392
3 511
0 247
0 876
0 344
11 965
9 1539
1 509
4 215
3 176
4 215
4 215
2 1386
0 283
1 764
0 465
1 792
50 10782
5 10782
31 10782
53 10782
55 10782
83 10782
11 10782
153 10782
88 10782
121 10782
71 10782
84 10782
6 10782
15 10782
34 10782
52 10782
151 10782
44 10782
38 10782
35 10782
28 10782
17 10782
91 10782
0 10782
71 10782
75 10782
0 224
14 767
4 144
48 540
4 2510
62 2510
55 269
11 269
0 1269
1 1269
9 919
2 782
0 448
1 931
0 931
2 247
0 89
0 2038
17 2038
12 2038
2 446
0 737
0 1898
1 1898
33 584
5 1360
5 2257
22 2257
1 1695
1 2339
3 1072
2 746
2 746
2 2150
5 2150
18 3410
1 3410
3 3410
1 746
2 2150
7 2150
0 764
1 746
0 456
2 590
14 2449
0 2449
16 191
4 777
15 266
4 1027
10 976
92 976
26 3000
5 3000
35 3000
102 3000
28 3000
10 3000
2 202
1 456
11 777
3 381
3 295
1 186
1 441
0 94
11 68
1 287
0 240
38 142
0 240
11 655
0 1197
9 2831
5 2831
4 2831
0 2831
1 1331
0 4210
1 4210
65 4210
5 4210
11 4210
31 4210
38 4210
8 4210
3 4210
6 4210
68 4210
2 20
2 209
0 677
2 677
6 1547
5 1547
1 888
0 888
0 344
24 413
22 1012
1 1012
6 1012
0 269
1 467
3 504
33 1110
1 585
2 2128
6 2128
3 2128
2 960
2 1483
8 1536
2 1536
0 1110
2 1069
4 1069
0 1069
1 1014
66 811
0 1110
0 423
0 93
21 183
1 384
0 724
7 2375
4 2375
6 2375
1 178
30 788
8 788
12 788
20 788
33 788
0 788
2 788
32 788
10 788
2 203
6 226
1 4949
21 4949
3 4949
40 4949
43 4949
209 4949
157 4949
0 120
117 2150
8 2150
16 2150
0 653
3 689
21 2955
16 2955
11 2955
15 2955
13 2955
3 2955
8 2955
4 1695
3 439
3 439
0 225
40 2163
39 2163
398 13875
13 13875
235 13875
181 13875
211 13875
110 13875
136 13875
29 13875
383 13875
145 13875
2180 13875
171 13875
57 13875
3 13875
8 2339
2 222
1 150
4 1164
35 1164
43 1164
3 2347
0 2347
1 2347
2 2347
1 633
0 384
56 3126
73 3126
10 3126
37 3126
54 3126
47 3126
69 3126
4 1078
0 1078
26 1078
0 267
0 1926
18 526
1 812
12 858
35 5657
90 5657
59 5657
38 5657
18 5657
79 5657
154 5657
43 5657
1 1042
0 423
1 218
2 172
63 1307
109 1021
0 384
0 400
1 240
1 247
5 176
0 247
1 124
2 618
0 247
17 1708
61 1708
86 1708
53 1708
1 762
0 762
2 152
7 371
0 264
1 442
0 442
0 389
105 5642
28 5642
192 5642
305 5642
97 5642
54 5642
8 5642
3 416
0 223
0 86
12 543
4 1403
1 1403
1 679
1 2517
0 87
42 689
6 336
0 89
0 153
6 1403
0 1963
8 1963
10 2002
22 2002
2 2002
1 147
0 147
10 163
0 264
3 1539
4 264
1 590
0 181
20 241
6 465
70 764
127 764
15 764
12 295
1 1652
2 1652
0 1967
0 86
0 1110
0 1183
2 1183
1 1183
0 876
0 389
0 1124
4 1124
14 1014
0 961
4 961
16 961
0 526
0 359
19 1130
3 257
2 1386
5 842
14 1042
0 257
10 2403
85 2403
12 2403
0 106
1 375
21 617
0 270
0 270
1 340
16 327
0 380
1 518
0 587
1 587
0 384
0 424
0 264
0 699
4 1317
0 1317
10 1317
1 120
6 594
0 538
0 603
21 1130
0 344
0 240
4 1241
0 122
0 855
0 1898
1 1898
0 1898
1 1898
0 384
2 17
3 914
4 777
7 163
8 4713
18 4713
2 4713
549 4713
0 4713
16 4713
0 44
11 2150
39 2150
22 2150
45 2150
0 402
20 266
6 781
7 781
13 781
0 781
5 664
3 689
3 874
0 796
0 796
74 1464
1 1464
4 1464
0 548
0 382
3 233
2 663
14 257
11 506
38 1012
5 257
3 626
0 371
61 782
19 3816
1 3816
7 3816
10 3816
6 3816
5 3816
99 3816
1 340
0 1347
1 1347
0 149
1 554
5 364
23 364
12 295
50 435
2 695
23 1247
44 1247
3 423
2 914
0 265
5 631
2 631
0 186
0 518
3 171
37 511
3 431
11 2308
1 2308
47 2303
7 2303
5 145
3 145
21 145
1 467
5 518
1 405
3 318
1 423
5 324
1 389
59 8726
8 8726
144 8726
34 8726
257 8726
11 8726
187 8726
57 8726
4 8726
3 8726
63 8726
46 8726
107 8726
4 422
2 108
1 456
0 1036
1 1036
20 391
2 344
1 679
1 154
35 397
13 3066
11 3066
10 3066
11 1214
29 1214
8 1595
100 1595
6 764
0 457
0 368
0 376
2 209
2 209
1 1191
0 1191
0 592
1 378
7 141
0 389
0 446
3 264
0 526
4 1110
1346 12734
45 12734
0 12734
265 12734
73 12734
151 12734
1060 12734
129 12734
18 12734
234 12734
222 12734
175 12734
350 12734
289 12734
163 12734
305 12734
384 12734
232 12734
0 203
0 89
4 653
20 295
1 841
0 441
2 384
0 876
61 1264
65 1264
13 1264
0 404
2 1483
0 1110
1 590
1 590
3 264
0 107
19 1386
0 148
0 89
19 842
0 461
2 669
0 669
7 737
1 699
4 423
6 737
0 107
0 107
1 148
0 473
25 2629
19 2629
23 2629
3 2629
0 384
1 1589
3 1589
0 1589
7 113
0 2696
2 2696
49 2696
0 774
5 664
103 987
3 987
0 987
44 4344
17 4344
58 4344
21 4344
19 4344
25 4344
24 4344
3 222
7 626
31 1376
21 1376
25 1376
32 1376
0 558
0 680
4 680
5 234
4 177
3 177
0 384
1 441
16 441
5 376
2 1511
4 1511
7 522
1 522
0 169
6 737
6 664
3 479
0 2238
1 2238
22 2238
16 2238
13 1074
11 737
2 762
2 2517
22 788
0 2300
4 2300
9 762
1 618
0 183
0 270
3 558
0 252
15 295
59 1913
136 1913
4 656
8 656
2 656
0 240
4 423
152 764
0 373
15 446
5 357
4 423
10 632
1 590
1 562
17 456
0 9
293 587
1 562
33 1014
8 774
0 404
6 567
10 1407
3 594
1 690
0 690
0 250
0 127
0 295
39 2725
62 2725
57 2725
58 2725
30 2725
2 442
0 442
1 518
0 508
0 269
1 269
0 38
30 6094
119 6094
95 6094
140 6094
143 6094
3 1370
1 2737
66 2737
55 1409
23 526
16 465
3 339
2 960
1 960
34 382
1 295
0 404
3 431
16 1536
1 615
0 844
1 308
2 504
0 560
1 730
3 730
5 764
11 1701
0 240
13 283
0 596
0 392
7 2339
18 2339
0 303
0 461
14 563
32 438
4 122
29 980
11 980
15 845
2 665
17 378
5 352
7 889
18 889
0 189
4 431
0 751
19 526
2 1955
12 1955
1 1955
18 1955
10 1955
3 1955
323 9453
221 9453
306 9453
115 9453
114 9453
442 9453
35 9453
270 9453
162 9453
342 9453
193 9453
376 9453
146 9453
250 9453
204 9453
28 3604
139 3604
120 3604
634 3604
75 3604
4 2982
16 2982
1 2982
9 2982
29 2982
18 1152
13 499
0 181
1 181
16 249
8 613
12 395
2 575
1 122
3 1114
0 1114
22 283
23 283
7 241
3 55
13 655
5 1887
21 1887
71 1887
2 7512
11 7512
8 7512
13 7512
97 7512
14 7512
3 7512
126 7512
92 7512
246 7512
36 7512
4 7512
17 7512
313 7512
146 7512
4 328
13 623
7 106
7 82
10 305
1 196
20 151
11 439
14 328
23 2031
147 4370
131 4370
106 4370
143 4370
75 4370
97 4370
99 4370
91 4370
6 340
0 360
1 269
3 413
14 887
4 187
11 187
3 534
3 1539
25 726
16 257
4 202
4 764
1 764
0 473
10 729
6 729
8 729
5 174
13 593
1 326
19 282
1 59
16 2849
162 2849
22 2849
121 2849
0 225
17 435
7 435
5 522
4 146
0 479
21 399
2 587
1 562
32 788
20 788
24 788
31 788
29 788
0 788
7 788
36 788
25 788
32 473
23 473
17 1528
2 1528
45 1904
27 1904
10 733
1 219
6 2417
1 2417
73 594
46 594
56 594
5 620
2 620
4 476
25 476
1 405
51 1695
1 91
5 91
0 1223
1 1223
3 1223
3 479
1 328
38 1879
16 1879
11 4834
53 4834
18 4834
0 4834
81 4834
28 4834
0 145
16 739
4 336
27 361
4 177
9 413
29 759
1 191
5 191
30 240
7 233
2 177
3 176
2 318
14 807
29 807
0 761
4 446
1 931
0 931
1 1074
40 812
12 287
10 764
0 1043
5 857
4 922
3 558
16 558
30 279
23 173
11 130
16 617
5 617
23 1707
4 1707
11 4275
30 4275
16 4275
15 4275
39 4275
0 1149
2 1149
6 1149
11 2971
8 2971
2 336
3 318
0 1026
0 92
1 92
0 311
1 161
4 774
4 127
2 379
18 400
1 428
9 381
1 562
1 497
0 393
15 279
0 323
17 395
20 223
0 362
17 509
20 2434
7 716
17 388
10 233
1 484
0 484
1 484
5 1075
3 1075
0 1075
4 1075
9 118
6 114
27 844
37 844
2 306
4 1742
14 1742
6 1742
1 441
0 655
126 764
23 509
315 3737
3 3737
17 3737
12 3737
11 562
258 2181
0 338
0 40
9 379
1 405
1 474
1 98
5 1143
17 368
1 699
4 343
12 126
4 1644
0 1644
6 767
13 767
61 767
7 20
19 310
1 354
1 61
8 297
72 727
0 395
1 1618
2 233
12 381
10 473
16 217
4 152
54 768
14 171
2 567
5 301
5 461
31 788
16 788
25 788
30 788
33 788
0 788
6 788
36 788
22 788
1 405
0 653
13 139
11 324
2 973
4 1386
1 633
12 664
29 1618
1 395
0 295
4 344
5 230
297 2219
0 385
24 527
1 1926
1 1926
3 548
4 919
0 699
2 472
1 327
1 821
8 821
10 821
0 526
22 567
50 1012
17 1012
16 1012
3 562
58 739
9 266
14 227
0 241
10 635
9 391
6 177
10 407
9 435
32 535
19 527
1 371
2 371
1 240
0 57
13 297
0 262
4 361
15 1312
0 84
3 287
1 509
1 585
27 592
19 812
61 2339
15 290
0 948
1 948
10 448
21 973
13 360
1 389
55 1646
11 2101
2 2101
18 2101
28 2101
8 876
11 472
6 265
14 777
42 502
12 137
26 209
3 144
0 183
0 370
18 135
3 120
41 962
20 721
0 114
46 3218
7 1747
0 231
5 1110
0 153
4 290
1 397
5 325
24 319
13 382
144 5267
122 5267
98 5267
78 5267
327 5267
136 5267
208 5267
339 5267
31 5267
33 5267
68 5267
13 5267
93 5267
214 5267
20 1034
0 1034
58 2191
20 2191
21 247
17 247
120 1416
141 1027
11 319
13 1042
18 384
3 163
0 127
1 484
17 900
4 544
26 265
11 368
1 930
36 2416
41 2416
21 2416
37 919
0 407
0 382
0 247
0 233
1 1183
2 1183
0 1183
1 1185
0 382
2 340
2 3763
24 3763
0 177
6 477
0 141
0 242
4 295
6 295
8 395
40 615
4 308
5 1695
29 511
0 227
0 257
5 2339
1 395
0 359
0 761
2 257
0 176
4 336
3 195
1 365
0 240
3 230
6 196
6 338
15 1116
13 1116
10 1124
3 300
6 1623
39 906
1 57
0 188
4 1057
2 233
6 721
4 318
0 735
1 699
3 446
0 310
3 165
13 465
47 1130
32 679
4 392
8 348
0 1898
1 1898
5 472
1 950
0 950
6 950
0 191
16 1695
0 324
3 282
5 861
4 1695
23 360
13 960
8 388
2 1701
0 453
1 453
0 247
5 461
0 295
0 1042
12 549
25 319
10 1110
38 2517
14 866
25 866
10 141
7 387
4 48
1 1791
17 1791
6 511
3 275
9 286
1 423
19 191
21 950
1 509
0 861
3 364
21 364
2 378
18 3651
2 364
14 364
1 298
22 679
6 654
0 177
3 605
19 392
19 392
7 569
0 43
6 414
0 272
9 327
16 2050
15 2050
10 2050
10 617
9 927
20 1268
41 1268
63 1268
10 1413
5 157
6 317
12 790
80 790
0 812
18 1077
26 584
31 562
5 1360
10 1695
40 405
4 587
0 127
33 1592
11 1592
26 1719
13 1719
18 1719
0 548
3 548
4 195
11 352
3 1043
15 2703
19 2703
7 2703
4 2703
6 1165
6 395
6 1323
1 1323
3 1323
13 1323
9 1323
0 118
7 165
23 663
24 451
8 1536
2 1526
7 1526
3 1526
3 116
12 327
3 587
11 139
2 325
36 1288
2 116
21 240
1 217
103 712
8 1386
1 2339
21 2517
19 381
11 284
5 183
18 295
3 2517
56 2339
0 465
1 247
0 2517
0 55
0 281
5 247
11 1360
2 461
39 3761
1 590
10 594
40 378
7 1539
2 108
358 4338
177 1552
2 152
24 646
4 306
0 657
2 657
19 1042
19 421
4 1042
4 222
6 1034
0 270
0 1104
6 486
0 502
0 57
4 816
17 2365
43 1074
1 187
1 2236
2 2236
3 2236
6 2236
1 405
32 1110
2 497
19 222
0 120
0 151
1 1392
0 230
0 86
2 78
90 2339
0 9
1 1021
10 318
5 308
37 279
1 762
0 88
8 721
67 1027
1 500
1 89
4 86
12 159
10 733
12 725
1 276
2 497
6 1130
0 456
3 654
2 777
0 53
3 340
41 475
2 142
0 694
0 41
0 90
3 588
1 588
3 588
0 214
0 67
1 588
1 327
7 342
6 588
2 193
2 161
7 90
4 588
0 41
9 322
2 718
2 142
9 567
11 588
5 113
0 120
0 588
36 567
62 588
0 588
2 483
0 588
6 218
12 588
0 282
0 282
14 588
14 218
0 327
1 24
0 274
5 274
2 214
1 142
0 90
12 90
2 228
13 567
1 229
16 567
2 343
1 228
1 327
1 43
7 386
2 694
11 228
1 475
0 588
20 475
58 946
0 475
0 567
3 457
5 327
4 483
3 343
0 116
0 475
14 228
0 342
7 327
24 560
21 229
0 99
5 588
8 43
7 43
0 168
4 141
14 483
0 16
7 588
5 386
1 334
12 588
11 588
29 588
15 588
0 90
3 588
1 271
3 588
11 386
1 67
44 560
11 342
0 454
3 588
10 588
3 211
17 694
32 694
14 228
20 327
4 588
6 752
0 53
3 229
5 588
3 41
0 374
0 334
20 588
1 475
8 110
0 229
0 58
1 588
0 142
4 153
1 334
1 116
8 118
3 588
7 386
5 327
2 142
15 228
12 156
3 588
1 588
0 327
2 343
5 153
27 475
11 588
0 99
0 588
3 588
38 574
0 694
1 90
23 694
2 56
24 560
5 342
6 322
1 752
3 588
44 327
1 193
8 454
0 342
0 67
0 327
2 588
1 229
0 342
0 67
203 2673
0 211
4 483
0 327
5 228
4 33
11 962
1 1539
0 125
0 120
6 80
1 816
0 554
0 176
0 406
0 66
14 473
0 977
0 844
2 290
15 502
0 88
4 275
2 147
6 515
0 1205
0 1403
0 1695
17 605
3 605
1 1347
0 1347
1 1516
0 295
0 473
0 59
17 1021
3 788
18 228
0 1110
0 88
1 768
2 476
0 337
2 340
50 1695
0 127
2 308
1 378
0 241
17 452
0 284
1 1900
0 1900
3 3101
0 3101
0 6
0 218
7 664
0 158
0 423
3 951
1 951
0 623
0 399
3 1577
0 278
1 214
5 2150
0 2150
0 145
1 404
0 1074
4 336
0 362
6 594
1 216
0 439
2 527
1 1386
1 639
18 762
0 625
1 625
0 725
0 395
0 1036
0 1042
14 393
2 1539
1 368
3 1539
18 117
1 632
2 1042
4 518
9 567
0 452
1 1071
0 347
2 303
0 120
0 270
37 2237
0 2237
8 2237
10 2237
18 2237
0 233
182 1552
0 409
0 1230
2 1230
0 853
2 400
0 126
0 446
17 857
1 973
2 274
1 274
15 3390
65 3390
27 3390
32 3390
0 584
44 890
0 626
3 216
0 1346
0 247
8 287
3 79
0 196
11 191
221 7353
3 7353
78 7353
597 7353
145 7353
32 7353
301 7353
10 7353
2 7353
612 7353
11 7353
29 7353
1 7353
256 7353
5 7353
46 7353
0 141
11 2466
7 2466
0 2466
25 2466
1 1456
84 10604
77 10604
0 10604
80 10604
139 10604
4 10604
164 10604
191 10604
35 10604
112 10604
26 10604
181 10604
135 10604
60 10604
148 10604
282 10604
11 1655
16 1655
0 407
8 1162
21 1162
5 1162
10 1162
3 479
14 623
0 87
2 564
5 391
0 295
8 590
0 508
14 1695
3 47
34 788
20 788
24 788
27 788
31 788
1 788
7 788
28 788
18 788
1 230
0 739
1 436
2 1695
0 247
3 626
0 567
3 115
3 48
0 344
34 684
145 764
5 582
86 1072
30 1862
2 1862
1 369
6 876
1 625
3 233
2 937
0 937
17 937
0 230
1 421
0 272
0 218
4 812
31 826
0 919
9 887
1 1072
106 2339
6 958
1 958
1 1623
0 141
1 792
1 811
7 2330
3 2330
0 247
12 974
1 120
1 182
5 423
4 1967
0 30
0 384
11 549
8 1153
5 497
1 188
22 498
0 157
4 157
2 2339
4 950
1 57
10 135
0 473
0 962
0 448
0 163
0 414
15 1161
3 1161
1 1161
1 117
2 96
0 1403
0 1346
1 139
11 1110
0 473
2 318
0 318
2 700
0 162
19 1967
2 1539
0 1539
0 106
124 5662
91 5662
145 5662
134 5662
162 5662
4 1536
5 1536
6 625
12 2565
8 2565
4 2565
6 2565
5 2565
1 2565
9 1747
0 384
5 183
0 1249
1 1249
0 87
0 812
3 746
1 2128
0 2128
2 2128
0 473
2 67
3 124
32 178
1 764
4 379
2 2396
0 2396
1 2396
9 890
1 890
3 890
0 38
0 2407
2 2407
3 2407
7 2407
2 735
0 581
6 581
15 385
18 385
8 615
0 139
0 641
0 448
7 1064
0 1064
3 2225
0 89
1 941
1 89
0 1419
1 452
0 80
14 554
0 89
0 1294
22 1294
19 381
5 1948
0 1948
2 1948
1 1948
20 962
12 448
0 352
0 137
0 594
7 1708
0 1708
14 287
0 25
0 816
0 626
1 90
30 2339
0 1536
0 233
4 69
0 319
0 796
0 446
0 527
1 142
4 369
0 153
0 590
1 385
24 413
5 446
3 2395
0 2395
6 404
295 592
13 2163
19 2163
26 2163
3 55
30 191
1 2423
5 2423
0 2423
0 344
0 196
0 452
19 1403
1 1205
2 1205
3 1014
0 294
0 448
0 86
0 395
2 844
0 844
0 303
1 1360
0 812
3 107
0 562
2 479
8 467
0 1733
11 1733
6 1733
0 80
2 739
0 446
29 247
0 389
0 733
3 215
2 295
2 431
0 175
0 130
1 187
11 135
0 284
6 371
16 330
17 1724
7 1724
21 1724
4 549
1 919
45 1139
2 896
3 896
9 437
1 103
0 264
2 261
1 264
0 648
6 1577
2 1501
3 1501
1 1501
16 617
1 1618
0 285
4 504
0 115
1 48
0 247
0 737
0 223
0 509
0 311
7 594
2 477
0 345
4 733
3 789
5 789
0 605
24 1747
0 347
1 1511
3 1511
0 362
0 147
0 307
0 139
1 139
0 382
2 1766
33 788
8 788
13 788
19 788
35 788
0 788
2 788
32 788
10 788
2 694
0 694
2 307
1 174
5 371
4 1077
0 537
5 178
0 103
3 290
1 3159
2 3159
0 3159
0 1331
10 50
0 716
0 508
25 1909
30 1909
24 1909
0 1618
0 1618
1 384
1 384
0 102
0 94
1 585
0 474
29 535
0 261
0 295
0 169
0 148
8 183
6 876
3 733
14 1787
3 1787
0 1787
31 617
0 1553
1 1553
4 504
4 343
3 632
0 127
2 504
9 1083
2 65
62 1144
0 178
2 172
30 240
43 431
1 919
6 498
6 1618
3 1475
11 368
1 26
28 1965
68 1965
22 1965
67 1965
23 1965
110 1965
1 125
0 175
6 55
7 379
0 229
1 229
0 230
1 1042
0 344
1 323
1 746
8 876
3 479
10 406
5 504
0 171
38 575
13 764
8 1913
3 1913
5 1057
4 269
1 173
2 344
0 772
0 242
1 1695
2 1695
0 382
4 764
0 175
0 94
0 811
0 394
0 1287
0 176
2 139
0 310
0 360
2 230
0 811
2 381
5 1129
2 1129
11 1129
16 638
0 1071
10 1410
0 1410
1 1410
0 811
0 497
3 37
0 285
0 305
5 256
0 360
12 233
13 623
1 1061
1 260
1 452
0 563
1 592
6 144
17 327
0 617
0 337
0 362
412 5976
48 5976
5 5976
92 5976
174 5976
0 5976
82 5976
38 5976
15 5976
5 1075
4 379
18 661
0 162
19 2517
15 431
1 100
1 1386
35 850
2 511
1 405
0 1102
1 1102
0 370
3 196
1 361
8 841
1 698
0 124
0 290
1 218
4 439
8 229
0 349
0 89
0 360
1 333
1 333
0 526
0 122
0 412
0 196
3 874
1 247
0 896
1 338
4 338
4 142
23 1779
151 1779
6 1779
154 1779
1 1238
10 876
28 1853
24 1853
37 1853
33 592
1 564
1 173
0 1539
0 158
0 812
8 584
3 328
8 262
0 816
0 99
18 796
0 404
1 146
0 345
9 464
5 228
12 274
70 919
0 502
0 1110
2 122
4 446
7 518
0 141
2 585
0 561
1 2808
0 1357
240 1416
3 204
1 100
64 563
5 564
0 473
42 1110
0 339
163 327
4 308
14 295
4 587
0 777
0 558
0 149
11 209
2 279
6 962
17 3095
32 3095
38 3095
23 1617
14 1617
3 1617
5 1617
0 318
0 327
10 1767
19 1767
1 1767
4 1767
0 240
0 1071
0 522
0 1618
2 465
0 465
3 465
