0 384
1 375
0 392
1 576
0 576
1 776
0 776
3 511
33 2287
15 2287
8 745
0 745
17 914
1 338
0 448
1 691
0 691
0 183
3 914
22 1155
23 1155
162 1155
52 1155
29 1155
8 1370
4 1623
0 7389
5 7389
42 7389
95 7389
138 7389
33 7389
54 7389
53 7389
24 7389
9 7389
535 7389
0 2339
1 615
4 1288
1 176
6 1265
61 1265
21 1265
1 150
6 79
2 1983
3 1983
27 1983
29 1983
7 269
7 397
2 1208
1 1208
29 1208
42 1474
2 240
0 448
0 558
3 1113
2 1113
0 79
2 305
0 400
1 388
1 590
1 1483
4 152
4 152
0 796
43 1536
1 805
0 276
0 328
1 1267
3 1267
5 1267
16 1267
0 1267
0 522
4 198
33 1013
20 1013
3 152
0 1303
2 1008
1 1008
4 327
1 562
7 737
5 737
3 264
1 175
0 44
0 89
12 1913
8 1913
4 1539
0 973
0 855
0 301
41 7645
147 7645
1 7645
47 7645
195 7645
6 7645
2 7645
9 7645
11 7645
52 7645
77 7645
18 7645
17 7645
16 7645
71 7645
22 7645
48 7645
63 7645
151 7645
58 7645
301 9306
12 9306
72 9306
5 9306
4 9306
86 9306
0 9306
1 9306
8 9306
157 9306
33 9306
3 9306
49 9306
211 9306
2 9306
47 9306
25 9306
63 9306
5 3760
53 3760
1 3760
0 3760
12 3760
16 3760
6 3760
3 3760
1 689
12 295
3 1454
0 1454
2 1454
18 1454
0 626
0 203
0 405
2 794
0 794
0 844
88 657
0 1110
1 150
1 1071
0 812
0 812
1 422
9 896
0 395
5 2339
0 135
9 324
8 721
0 79
2 204
1 811
0 368
0 380
0 380
5 384
2 152
0 98
1 68
20 446
2 777
8 777
2 884
11 884
0 1514
22 876
11 348
0 169
2 663
0 663
1 303
0 240
0 441
25 1474
0 733
7 1077
0 404
1 973
0 138
33 1618
12 567
6 876
1 176
1 2150
37 2150
7 876
11 311
3 1597
17 1597
8 1597
1 1597
2 618
0 98
0 184
1 776
0 776
0 497
4 57
0 392
0 670
4 670
0 392
3 511
0 247
0 876
1 344
11 965
5 1539
0 509
4 215
4 176
4 215
4 215
2 1386
0 283
1 764
0 465
1 792
44 10782
5 10782
28 10782
40 10782
68 10782
73 10782
11 10782
153 10782
99 10782
146 10782
74 10782
84 10782
6 10782
14 10782
35 10782
50 10782
287 10782
59 10782
47 10782
32 10782
46 10782
20 10782
86 10782
0 10782
74 10782
96 10782
0 224
19 767
4 144
46 540
5 2510
58 2510
58 269
10 269
0 1269
1 1269
5 919
2 782
0 448
1 931
0 931
1 247
0 89
0 2038
17 2038
11 2038
2 446
0 737
0 1898
1 1898
33 584
7 1360
5 2257
19 2257
1 1695
1 2339
3 1072
1 746
2 746
1 2150
5 2150
21 3410
1 3410
5 3410
1 746
2 2150
7 2150
1 764
1 746
0 456
2 590
11 2449
0 2449
13 191
8 777
13 266
5 1027
13 976
100 976
44 3000
3 3000
58 3000
97 3000
70 3000
9 3000
2 202
1 456
15 777
3 381
3 295
0 186
1 441
0 94
11 68
1 287
0 240
39 142
0 240
9 655
0 1197
9 2831
6 2831
3 2831
0 2831
3 1331
0 4210
2 4210
57 4210
5 4210
10 4210
31 4210
36 4210
9 4210
4 4210
6 4210
68 4210
2 20
2 209
0 677
3 677
6 1547
7 1547
1 888
0 888
0 344
27 413
27 1012
7 1012
12 1012
0 269
1 467
3 504
33 1110
1 585
2 2128
6 2128
3 2128
2 960
1 1483
7 1536
3 1536
0 1110
2 1069
4 1069
0 1069
1 1014
58 811
0 1110
0 423
0 93
22 183
1 384
0 724
10 2375
4 2375
5 2375
1 178
31 788
10 788
16 788
24 788
34 788
0 788
5 788
32 788
12 788
3 203
6 226
1 4949
20 4949
3 4949
32 4949
50 4949
199 4949
154 4949
0 120
110 2150
8 2150
17 2150
0 653
3 689
18 2955
19 2955
12 2955
14 2955
11 2955
3 2955
8 2955
3 1695
3 439
3 439
0 225
32 2163
33 2163
371 13875
18 13875
294 13875
176 13875
318 13875
107 13875
133 13875
30 13875
385 13875
147 13875
2194 13875
164 13875
54 13875
4 13875
8 2339
2 222
0 150
4 1164
33 1164
55 1164
3 2347
0 2347
1 2347
2 2347
1 633
0 384
58 3126
68 3126
10 3126
41 3126
45 3126
53 3126
73 3126
4 1078
0 1078
24 1078
0 267
0 1926
19 526
1 812
11 858
29 5657
88 5657
65 5657
57 5657
18 5657
98 5657
141 5657
38 5657
1 1042
0 423
1 218
2 172
53 1307
108 1021
0 384
0 400
1 240
1 247
5 176
0 247
1 124
2 618
0 247
11 1708
54 1708
66 1708
43 1708
1 762
0 762
3 152
4 371
0 264
1 442
0 442
0 389
97 5642
32 5642
236 5642
292 5642
112 5642
46 5642
8 5642
3 416
0 223
0 86
10 543
5 1403
1 1403
1 679
1 2517
0 87
44 689
5 336
0 89
0 153
7 1403
0 1963
7 1963
13 2002
23 2002
2 2002
0 147
0 147
10 163
0 264
4 1539
4 264
1 590
0 181
17 241
4 465
76 764
192 764
14 764
12 295
1 1652
2 1652
0 1967
0 86
0 1110
2 1183
1 1183
0 1183
0 876
0 389
0 1124
4 1124
12 1014
0 961
5 961
11 961
0 526
0 359
21 1130
3 257
2 1386
5 842
17 1042
0 257
8 2403
68 2403
13 2403
0 106
1 375
22 617
0 270
0 270
0 340
14 327
0 380
1 518
0 587
2 587
0 384
0 424
0 264
2 699
4 1317
0 1317
13 1317
1 120
6 594
0 538
0 603
18 1130
0 344
0 240
3 1241
0 122
0 855
0 1898
1 1898
0 1898
1 1898
0 384
2 17
3 914
4 777
7 163
8 4713
20 4713
3 4713
526 4713
0 4713
12 4713
0 44
10 2150
34 2150
23 2150
40 2150
1 402
20 266
6 781
8 781
11 781
3 781
3 664
2 689
3 874
0 796
0 796
70 1464
1 1464
4 1464
0 548
0 382
3 233
2 663
13 257
12 506
40 1012
5 257
4 626
0 371
66 782
40 3816
1 3816
7 3816
9 3816
6 3816
5 3816
98 3816
0 340
0 1347
1 1347
0 149
1 554
4 364
22 364
12 295
47 435
3 695
20 1247
43 1247
7 423
2 914
0 265
4 631
2 631
0 186
0 518
3 171
30 511
4 431
12 2308
1 2308
44 2303
6 2303
5 145
3 145
21 145
1 467
7 518
1 405
3 318
1 423
6 324
1 389
51 8726
7 8726
139 8726
23 8726
369 8726
11 8726
161 8726
48 8726
3 8726
4 8726
58 8726
53 8726
225 8726
5 422
2 108
0 456
0 1036
1 1036
17 391
2 344
1 679
1 154
36 397
14 3066
12 3066
9 3066
17 1214
26 1214
6 1595
95 1595
3 764
0 457
0 368
0 376
2 209
2 209
1 1191
0 1191
0 592
1 378
4 141
0 389
0 446
3 264
0 526
4 1110
1332 12734
47 12734
0 12734
252 12734
62 12734
164 12734
1085 12734
185 12734
18 12734
294 12734
290 12734
238 12734
345 12734
306 12734
178 12734
296 12734
370 12734
235 12734
0 203
0 89
3 653
20 295
1 841
0 441
2 384
0 876
57 1264
71 1264
15 1264
0 404
2 1483
0 1110
1 590
1 590
2 264
0 107
18 1386
0 148
0 89
18 842
0 461
1 669
0 669
7 737
4 699
4 423
5 737
0 107
0 107
1 148
0 473
22 2629
15 2629
30 2629
3 2629
0 384
1 1589
3 1589
0 1589
7 113
0 2696
2 2696
54 2696
0 774
3 664
106 987
3 987
0 987
35 4344
12 4344
62 4344
27 4344
18 4344
22 4344
21 4344
3 222
10 626
10 1376
2 1376
3 1376
4 1376
0 558
0 680
5 680
5 234
4 177
2 177
0 384
1 441
15 441
5 376
2 1511
4 1511
4 522
1 522
0 169
6 737
4 664
3 479
0 2238
2 2238
21 2238
14 2238
19 1074
18 737
2 762
2 2517
39 788
0 2300
4 2300
9 762
0 618
0 183
0 270
3 558
0 252
17 295
57 1913
140 1913
3 656
8 656
2 656
0 240
4 423
149 764
0 373
13 446
5 357
4 423
9 632
1 590
1 562
22 456
0 9
293 587
0 562
31 1014
12 774
0 404
5 567
10 1407
3 594
1 690
0 690
0 250
0 127
0 295
37 2725
60 2725
56 2725
59 2725
28 2725
2 442
0 442
1 518
0 508
0 269
2 269
0 38
28 6094
111 6094
89 6094
134 6094
170 6094
4 1370
2 2737
64 2737
54 1409
21 526
12 465
4 339
2 960
1 960
32 382
1 295
0 404
3 431
13 1536
1 615
0 844
1 308
1 504
0 560
2 730
3 730
5 764
10 1701
0 240
11 283
0 596
0 392
4 2339
18 2339
0 303
0 461
20 563
29 438
4 122
25 980
10 980
12 845
1 665
16 378
5 352
6 889
19 889
0 189
4 431
0 751
20 526
3 1955
10 1955
1 1955
20 1955
9 1955
2 1955
358 9453
221 9453
332 9453
119 9453
101 9453
451 9453
35 9453
298 9453
147 9453
359 9453
178 9453
349 9453
137 9453
263 9453
191 9453
31 3604
152 3604
123 3604
599 3604
72 3604
4 2982
21 2982
3 2982
8 2982
25 2982
15 1152
14 499
0 181
1 181
12 249
9 613
10 395
1 575
0 122
2 1114
0 1114
17 283
21 283
7 241
3 55
15 655
4 1887
20 1887
66 1887
1 7512
12 7512
10 7512
14 7512
112 7512
11 7512
3 7512
142 7512
94 7512
212 7512
38 7512
6 7512
19 7512
287 7512
122 7512
4 328
12 623
7 106
6 82
10 305
1 196
21 151
13 439
19 328
22 2031
136 4370
123 4370
101 4370
135 4370
66 4370
113 4370
92 4370
86 4370
5 340
0 360
1 269
2 413
14 887
3 187
12 187
2 534
4 1539
25 726
16 257
3 202
6 764
2 764
0 473
9 729
6 729
8 729
5 174
12 593
1 326
20 282
1 59
11 2849
160 2849
28 2849
121 2849
0 225
15 435
7 435
3 522
3 146
0 479
20 399
2 587
1 562
34 788
21 788
25 788
31 788
30 788
0 788
10 788
38 788
26 788
34 473
26 473
26 1528
1 1528
48 1904
30 1904
9 733
1 219
6 2417
1 2417
75 594
49 594
55 594
7 620
4 620
3 476
23 476
1 405
52 1695
0 91
5 91
0 1223
1 1223
3 1223
3 479
1 328
35 1879
18 1879
9 4834
49 4834
19 4834
0 4834
86 4834
26 4834
0 145
21 739
4 336
26 361
3 177
8 413
24 759
0 191
5 191
27 240
7 233
2 177
3 176
8 318
15 807
26 807
0 761
4 446
1 931
0 931
1 1074
35 812
11 287
14 764
0 1043
6 857
2 922
3 558
13 558
29 279
27 173
10 130
42 617
14 617
20 1707
4 1707
11 4275
27 4275
19 4275
14 4275
35 4275
0 1149
1 1149
6 1149
11 2971
7 2971
1 336
4 318
0 1026
0 92
1 92
0 311
2 161
4 774
4 127
2 379
20 400
0 428
9 381
1 562
1 497
0 393
11 279
0 323
16 395
16 223
0 362
16 509
17 2434
6 716
15 388
7 233
1 484
1 484
1 484
7 1075
3 1075
1 1075
4 1075
9 118
6 114
21 844
29 844
9 306
4 1742
16 1742
6 1742
0 441
0 655
122 764
23 509
296 3737
4 3737
15 3737
12 3737
10 562
255 2181
0 338
0 40
12 379
1 405
1 474
1 98
8 1143
15 368
3 699
4 343
12 126
3 1644
0 1644
8 767
16 767
68 767
7 20
16 310
1 354
0 61
7 297
65 727
0 395
0 1618
2 233
10 381
9 473
18 217
3 152
95 768
13 171
2 567
5 301
5 461
34 788
20 788
28 788
32 788
33 788
0 788
6 788
38 788
27 788
1 405
0 653
13 139
11 324
2 973
2 1386
1 633
9 664
27 1618
0 395
0 295
4 344
3 230
298 2219
0 385
24 527
1 1926
1 1926
4 548
3 919
0 699
2 472
1 327
1 821
13 821
12 821
1 526
22 567
54 1012
23 1012
26 1012
3 562
57 739
10 266
14 227
0 241
10 635
10 391
6 177
9 407
11 435
32 535
16 527
1 371
1 371
1 240
0 57
13 297
0 262
3 361
15 1312
0 84
2 287
1 509
1 585
26 592
21 812
59 2339
15 290
0 948
1 948
10 448
18 973
9 360
1 389
49 1646
11 2101
2 2101
17 2101
28 2101
7 876
9 472
5 265
18 777
46 502
13 137
26 209
3 144
0 183
0 370
18 135
3 120
42 962
20 721
0 114
46 3218
7 1747
0 231
8 1110
0 153
3 290
1 397
4 325
23 319
15 382
145 5267
112 5267
93 5267
87 5267
326 5267
182 5267
195 5267
320 5267
42 5267
45 5267
56 5267
20 5267
101 5267
208 5267
90 1034
3 1034
56 2191
20 2191
20 247
16 247
114 1416
141 1027
11 319
12 1042
17 384
3 163
0 127
1 484
15 900
4 544
24 265
11 368
1 930
27 2416
37 2416
21 2416
31 919
0 407
0 382
0 247
0 233
1 1183
2 1183
0 1183
1 1185
0 382
2 340
2 3763
23 3763
0 177
6 477
0 141
0 242
5 295
6 295
6 395
34 615
3 308
4 1695
30 511
0 227
0 257
5 2339
1 395
0 359
0 761
3 257
0 176
3 336
2 195
1 365
0 240
3 230
5 196
6 338
15 1116
13 1116
12 1124
2 300
9 1623
37 906
2 57
0 188
5 1057
2 233
5 721
5 318
0 735
3 699
3 446
0 310
3 165
9 465
41 1130
28 679
3 392
11 348
0 1898
1 1898
4 472
1 950
0 950
6 950
0 191
17 1695
0 324
3 282
5 861
4 1695
22 360
12 960
9 388
5 1701
0 453
1 453
0 247
5 461
0 295
0 1042
16 549
38 319
10 1110
45 2517
14 866
23 866
10 141
7 387
3 48
1 1791
32 1791
5 511
3 275
8 286
2 423
24 191
16 950
3 509
0 861
3 364
18 364
2 378
16 3651
3 364
14 364
1 298
24 679
6 654
0 177
3 605
23 392
23 392
7 569
0 43
3 414
0 272
9 327
15 2050
12 2050
7 2050
9 617
9 927
17 1268
36 1268
58 1268
9 1413
4 157
5 317
14 790
67 790
0 812
14 1077
26 584
29 562
6 1360
10 1695
39 405
4 587
0 127
31 1592
9 1592
25 1719
13 1719
16 1719
0 548
3 548
4 195
13 352
2 1043
17 2703
19 2703
7 2703
3 2703
6 1165
7 395
5 1323
1 1323
3 1323
10 1323
8 1323
0 118
8 165
19 663
28 451
22 1536
2 1526
8 1526
5 1526
3 116
11 327
3 587
10 139
2 325
26 1288
2 116
25 240
1 217
114 712
5 1386
1 2339
19 2517
14 381
11 284
6 183
17 295
2 2517
64 2339
2 465
1 247
0 2517
0 55
4 281
9 247
5 1360
2 461
29 3761
1 590
10 594
43 378
5 1539
2 108
329 4338
153 1552
3 152
24 646
4 306
0 657
2 657
18 1042
17 421
4 1042
3 222
6 1034
0 270
0 1104
8 486
0 502
0 57
1 816
15 2365
40 1074
1 187
1 2236
2 2236
3 2236
6 2236
1 405
32 1110
2 497
19 222
0 120
0 151
1 1392
0 230
0 86
2 78
80 2339
0 9
1 1021
11 318
5 308
34 279
1 762
0 88
6 721
55 1027
1 500
1 89
4 86
11 159
10 733
16 725
1 276
2 497
6 1130
0 456
2 654
2 777
0 53
3 340
39 475
2 142
0 694
0 41
0 90
2 588
1 588
2 588
0 214
0 67
1 588
1 327
7 342
5 588
2 193
2 161
7 90
3 588
0 41
10 322
3 718
2 142
10 567
11 588
5 113
0 120
0 588
47 567
60 588
0 588
3 483
0 588
5 218
6 588
0 282
0 282
12 588
15 218
0 327
1 24
0 274
5 274
2 214
1 142
1 90
12 90
2 228
13 567
1 229
16 567
2 343
1 228
1 327
1 43
5 386
2 694
10 228
1 475
0 588
18 475
53 946
0 475
0 567
4 457
4 327
4 483
2 343
0 116
0 475
13 228
0 342
7 327
24 560
22 229
0 99
5 588
7 43
6 43
0 168
4 141
13 483
0 16
7 588
6 386
1 334
18 588
13 588
30 588
18 588
0 90
3 588
1 271
2 588
11 386
1 67
35 560
10 342
1 454
3 588
9 588
1 211
12 694
29 694
13 228
21 327
3 588
6 752
0 53
4 229
6 588
3 41
1 374
0 334
19 588
1 475
8 110
0 229
0 58
1 588
0 142
4 153
3 334
1 116
7 118
3 588
7 386
5 327
1 142
14 228
12 156
3 588
1 588
1 327
2 343
4 153
24 475
11 588
0 99
0 588
3 588
35 574
0 694
1 90
22 694
2 56
20 560
8 342
9 322
1 752
3 588
44 327
1 193
8 454
0 342
0 67
0 327
1 588
1 229
0 342
0 67
225 2673
0 211
4 483
0 327
5 228
4 33
12 962
2 1539
0 125
0 120
5 80
0 816
0 554
0 176
0 406
0 66
15 473
0 977
0 844
2 290
16 502
0 88
4 275
3 147
10 515
0 1205
1 1403
0 1695
23 605
6 605
1 1347
0 1347
1 1516
0 295
0 473
0 59
17 1021
3 788
18 228
0 1110
0 88
1 768
2 476
0 337
2 340
50 1695
0 127
2 308
1 378
0 241
17 452
0 284
1 1900
0 1900
1 3101
0 3101
0 6
0 218
9 664
0 158
0 423
4 951
1 951
0 623
0 399
3 1577
0 278
1 214
6 2150
0 2150
0 145
1 404
0 1074
4 336
0 362
6 594
1 216
0 439
1 527
1 1386
1 639
18 762
0 625
1 625
0 725
0 395
0 1036
0 1042
14 393
2 1539
1 368
2 1539
18 117
5 632
4 1042
2 518
8 567
0 452
1 1071
0 347
0 303
0 120
0 270
40 2237
0 2237
7 2237
8 2237
22 2237
0 233
166 1552
0 409
0 1230
2 1230
0 853
2 400
0 126
0 446
18 857
1 973
2 274
1 274
13 3390
71 3390
25 3390
29 3390
0 584
40 890
0 626
3 216
0 1346
0 247
8 287
2 79
0 196
10 191
233 7353
1 7353
97 7353
517 7353
205 7353
60 7353
302 7353
10 7353
3 7353
634 7353
11 7353
111 7353
5 7353
481 7353
4 7353
32 7353
0 141
8 2466
6 2466
0 2466
23 2466
3 1456
130 10604
86 10604
1 10604
93 10604
131 10604
6 10604
195 10604
169 10604
52 10604
148 10604
34 10604
151 10604
129 10604
35 10604
145 10604
266 10604
11 1655
16 1655
0 407
9 1162
20 1162
5 1162
11 1162
3 479
28 623
0 87
3 564
5 391
0 295
6 590
0 508
11 1695
4 47
32 788
18 788
22 788
27 788
31 788
0 788
8 788
28 788
16 788
0 230
0 739
1 436
1 1695
0 247
4 626
0 567
1 115
3 48
0 344
35 684
170 764
5 582
91 1072
30 1862
2 1862
1 369
2 876
1 625
6 233
4 937
0 937
19 937
0 230
1 421
0 272
0 218
7 812
32 826
0 919
10 887
1 1072
108 2339
6 958
1 958
3 1623
0 141
1 792
2 811
7 2330
1 2330
0 247
11 974
2 120
1 182
5 423
2 1967
0 30
0 384
11 549
3 1153
4 497
2 188
22 498
0 157
5 157
1 2339
8 950
1 57
10 135
0 473
0 962
0 448
0 163
0 414
14 1161
4 1161
1 1161
1 117
3 96
0 1403
0 1346
1 139
9 1110
0 473
1 318
0 318
2 700
0 162
22 1967
2 1539
0 1539
0 106
116 5662
80 5662
145 5662
127 5662
144 5662
3 1536
5 1536
6 625
11 2565
4 2565
3 2565
9 2565
5 2565
7 2565
4 1747
0 384
8 183
1 1249
0 1249
0 87
0 812
1 746
2 2128
0 2128
1 2128
0 473
2 67
3 124
31 178
1 764
6 379
2 2396
0 2396
1 2396
14 890
1 890
4 890
0 38
0 2407
1 2407
5 2407
7 2407
2 735
5 581
9 581
16 385
13 385
8 615
0 139
0 641
0 448
11 1064
0 1064
4 2225
0 89
2 941
0 89
0 1419
1 452
0 80
20 554
0 89
0 1294
20 1294
19 381
5 1948
0 1948
3 1948
1 1948
25 962
12 448
0 352
0 137
0 594
9 1708
0 1708
10 287
0 25
0 816
0 626
1 90
40 2339
0 1536
0 233
6 69
0 319
0 796
0 446
0 527
1 142
2 369
0 153
0 590
0 385
22 413
7 446
4 2395
0 2395
7 404
295 592
19 2163
18 2163
16 2163
3 55
28 191
1 2423
8 2423
0 2423
0 344
0 196
0 452
16 1403
0 1205
2 1205
3 1014
0 294
0 448
0 86
0 395
2 844
0 844
1 303
0 1360
0 812
3 107
0 562
2 479
8 467
0 1733
10 1733
7 1733
0 80
0 739
0 446
21 247
0 389
0 733
3 215
2 295
4 431
0 175
0 130
1 187
12 135
0 284
3 371
13 330
17 1724
8 1724
22 1724
4 549
1 919
49 1139
2 896
3 896
9 437
1 103
0 264
2 261
1 264
0 648
6 1577
2 1501
3 1501
1 1501
17 617
1 1618
0 285
2 504
0 115
1 48
0 247
0 737
0 223
0 509
0 311
9 594
4 477
0 345
4 733
2 789
5 789
0 605
23 1747
0 347
2 1511
3 1511
0 362
1 147
0 307
0 139
1 139
0 382
2 1766
30 788
9 788
13 788
20 788
31 788
0 788
2 788
33 788
11 788
0 694
2 694
3 307
1 174
6 371
2 1077
0 537
5 178
0 103
3 290
1 3159
2 3159
0 3159
0 1331
10 50
0 716
0 508
11 1909
13 1909
10 1909
0 1618
0 1618
1 384
1 384
0 102
0 94
1 585
1 474
28 535
0 261
0 295
0 169
0 148
8 183
5 876
3 733
16 1787
3 1787
0 1787
30 617
0 1553
2 1553
2 504
4 343
3 632
0 127
0 504
17 1083
2 65
50 1144
0 178
2 172
26 240
43 431
1 919
6 498
4 1618
4 1475
11 368
2 26
28 1965
59 1965
23 1965
62 1965
24 1965
104 1965
1 125
0 175
5 55
12 379
0 229
1 229
0 230
1 1042
0 344
0 323
1 746
4 876
2 479
4 406
5 504
0 171
49 575
13 764
9 1913
3 1913
6 1057
5 269
1 173
3 344
0 772
0 242
1 1695
1 1695
1 382
4 764
0 175
0 94
0 811
0 394
0 1287
0 176
1 139
0 310
0 360
5 230
0 811
2 381
5 1129
3 1129
16 1129
13 638
0 1071
49 1410
0 1410
2 1410
0 811
0 497
3 37
0 285
0 305
5 256
0 360
6 233
3 623
6 1061
0 260
1 452
0 563
1 592
6 144
16 327
0 617
0 337
0 362
274 5976
48 5976
4 5976
104 5976
166 5976
0 5976
57 5976
56 5976
28 5976
5 1075
2 379
17 661
0 162
19 2517
14 431
1 100
1 1386
34 850
2 511
1 405
0 1102
1 1102
0 370
4 196
1 361
11 841
1 698
0 124
0 290
1 218
5 439
6 229
0 349
0 89
0 360
2 333
2 333
0 526
0 122
0 412
0 196
3 874
0 247
0 896
2 338
4 338
4 142
5 1779
178 1779
6 1779
96 1779
1 1238
8 876
22 1853
29 1853
36 1853
31 592
2 564
2 173
0 1539
0 158
0 812
8 584
2 328
9 262
0 816
0 99
17 796
0 404
1 146
0 345
11 464
4 228
14 274
64 919
0 502
0 1110
2 122
5 446
5 518
2 141
1 585
0 561
1 2808
0 1357
238 1416
2 204
1 100
62 563
5 564
0 473
36 1110
0 339
64 327
4 308
14 295
3 587
0 777
0 558
0 149
11 209
2 279
6 962
17 3095
27 3095
34 3095
28 1617
9 1617
3 1617
4 1617
0 318
1 327
11 1767
23 1767
1 1767
4 1767
1 240
0 1071
0 522
0 1618
2 465
0 465
3 465
