0 384
0 375
0 392
1 576
0 576
1 776
0 776
0 511
22 2287
4 2287
2 745
4 745
8 914
0 338
0 448
1 691
0 691
0 183
2 914
9 1155
39 1155
577 1155
6 1155
10 1155
3 1370
3 1623
0 7389
16 7389
10 7389
22 7389
56 7389
11 7389
49 7389
18 7389
36 7389
1 7389
554 7389
0 2339
3 615
5 1288
0 176
5 1265
13 1265
8 1265
0 150
0 79
0 1983
3 1983
12 1983
17 1983
4 269
9 397
2 1208
0 1208
25 1208
26 1474
3 240
0 448
0 558
1 1113
0 1113
0 79
6 305
8 400
1 388
2 590
0 1483
4 152
3 152
0 796
767 1536
0 805
0 276
9 328
1 1267
2 1267
12 1267
21 1267
0 1267
1 522
3 198
3 1013
2 1013
3 152
0 1303
2 1008
0 1008
4 327
0 562
5 737
2 737
2 264
1 175
0 44
0 89
4 1913
1 1913
3 1539
2 973
0 855
0 301
26 7645
81 7645
0 7645
22 7645
119 7645
5 7645
2 7645
4 7645
7 7645
32 7645
41 7645
12 7645
15 7645
14 7645
31 7645
16 7645
37 7645
30 7645
136 7645
33 7645
529 9306
7 9306
41 9306
9 9306
4 9306
66 9306
0 9306
2 9306
5 9306
229 9306
29 9306
3 9306
40 9306
123 9306
1 9306
82 9306
53 9306
23 9306
4 3760
88 3760
1 3760
0 3760
6 3760
11 3760
12 3760
2 3760
5 689
5 295
4 1454
0 1454
2 1454
13 1454
1 626
0 203
0 405
1 794
0 794
0 844
85 657
3 1110
2 150
0 1071
0 812
0 812
0 422
8 896
0 395
3 2339
0 135
4 324
6 721
6 79
2 204
1 811
1 368
0 380
0 380
3 384
2 152
0 98
9 68
3 446
0 777
10 777
2 884
14 884
0 1514
26 876
4 348
0 169
2 663
0 663
1 303
0 240
0 441
38 1474
0 733
4 1077
0 404
0 973
0 138
11 1618
8 567
13 876
1 176
0 2150
34 2150
12 876
7 311
7 1597
3 1597
6 1597
28 1597
2 618
0 98
0 184
1 776
0 776
0 497
4 57
0 392
0 670
5 670
0 392
0 511
0 247
0 876
1 344
3 965
39 1539
0 509
4 215
12 176
4 215
4 215
10 1386
1 283
1 764
0 465
0 792
17 10782
4 10782
9 10782
21 10782
19 10782
35 10782
11 10782
43 10782
25 10782
39 10782
31 10782
89 10782
2 10782
10 10782
14 10782
15 10782
72 10782
22 10782
34 10782
18 10782
8 10782
12 10782
32 10782
0 10782
31 10782
26 10782
0 224
14 767
2 144
48 540
0 2510
15 2510
134 269
5 269
0 1269
1 1269
3 919
1 782
0 448
1 931
0 931
1 247
4 89
0 2038
10 2038
6 2038
0 446
1 737
0 1898
1 1898
32 584
17 1360
4 2257
18 2257
1 1695
0 2339
3 1072
1 746
1 746
1 2150
3 2150
13 3410
1 3410
3 3410
3 746
1 2150
5 2150
5 764
3 746
0 456
6 590
8 2449
0 2449
21 191
2 777
9 266
1 1027
4 976
53 976
14 3000
5 3000
8 3000
146 3000
10 3000
11 3000
2 202
1 456
8 777
3 381
0 295
1 186
16 441
0 94
9 68
0 287
0 240
70 142
1 240
8 655
3 1197
7 2831
6 2831
4 2831
0 2831
1 1331
0 4210
1 4210
58 4210
3 4210
10 4210
33 4210
36 4210
6 4210
2 4210
14 4210
199 4210
3 20
2 209
0 677
1 677
3 1547
0 1547
0 888
1 888
0 344
2 413
14 1012
2 1012
14 1012
0 269
0 467
1 504
28 1110
0 585
0 2128
6 2128
5 2128
3 960
0 1483
24 1536
9 1536
1 1110
4 1069
2 1069
0 1069
1 1014
36 811
0 1110
0 423
0 93
3 183
0 384
0 724
2 2375
0 2375
7 2375
0 178
9 788
3 788
6 788
5 788
18 788
0 788
1 788
10 788
4 788
1 203
6 226
1 4949
10 4949
2 4949
17 4949
36 4949
85 4949
79 4949
0 120
53 2150
0 2150
4 2150
0 653
3 689
13 2955
9 2955
8 2955
15 2955
10 2955
0 2955
11 2955
2 1695
0 439
0 439
0 225
6 2163
3 2163
145 13875
5 13875
74 13875
59 13875
109 13875
65 13875
16 13875
2 13875
106 13875
26 13875
2095 13875
125 13875
50 13875
3 13875
3 2339
3 222
4 150
4 1164
8 1164
5 1164
1 2347
0 2347
3 2347
2 2347
0 633
0 384
17 3126
26 3126
6 3126
5 3126
8 3126
23 3126
15 3126
4 1078
0 1078
19 1078
0 267
0 1926
29 526
1 812
12 858
7 5657
21 5657
5 5657
8 5657
0 5657
3 5657
57 5657
60 5657
1 1042
0 423
0 218
8 172
54 1307
63 1021
0 384
4 400
2 240
1 247
1 176
0 247
1 124
1 618
0 247
5 1708
11 1708
14 1708
10 1708
0 762
1 762
3 152
5 371
0 264
1 442
0 442
0 389
74 5642
19 5642
101 5642
224 5642
44 5642
27 5642
3 5642
2 416
0 223
0 86
11 543
1 1403
2 1403
1 679
1 2517
0 87
15 689
9 336
0 89
0 153
15 1403
0 1963
14 1963
4 2002
11 2002
2 2002
11 147
1 147
10 163
6 264
1 1539
6 264
1 590
0 181
19 241
2 465
82 764
98 764
11 764
9 295
0 1652
2 1652
0 1967
0 86
0 1110
2 1183
1 1183
0 1183
0 876
0 389
0 1124
2 1124
10 1014
0 961
3 961
6 961
0 526
0 359
23 1130
2 257
2 1386
4 842
28 1042
0 257
8 2403
52 2403
6 2403
0 106
1 375
18 617
0 270
0 270
1 340
11 327
0 380
1 518
1 587
2 587
0 384
0 424
0 264
1 699
5 1317
0 1317
3 1317
1 120
6 594
0 538
0 603
7 1130
1 344
1 240
1 1241
0 122
0 855
0 1898
2 1898
0 1898
1 1898
0 384
1 17
3 914
0 777
7 163
6 4713
11 4713
1 4713
402 4713
0 4713
9 4713
0 44
1 2150
11 2150
3 2150
8 2150
3 402
19 266
0 781
3 781
1 781
2 781
22 664
1 689
0 874
0 796
0 796
79 1464
1 1464
4 1464
0 548
0 382
2 233
2 663
13 257
19 506
3 1012
3 257
2 626
2 371
32 782
6 3816
0 3816
3 3816
4 3816
1 3816
8 3816
36 3816
0 340
0 1347
1 1347
0 149
0 554
2 364
13 364
16 295
45 435
0 695
3 1247
10 1247
3 423
1 914
0 265
4 631
2 631
0 186
0 518
12 171
44 511
0 431
2 2308
0 2308
15 2303
1 2303
4 145
1 145
16 145
1 467
17 518
1 405
2 318
8 423
1 324
1 389
21 8726
1 8726
180 8726
26 8726
195 8726
18 8726
185 8726
54 8726
7 8726
0 8726
10 8726
44 8726
24 8726
3 422
2 108
0 456
0 1036
1 1036
21 391
0 344
0 679
3 154
198 397
27 3066
3 3066
49 3066
2 1214
5 1214
19 1595
99 1595
26 764
0 457
0 368
0 376
2 209
1 209
1 1191
0 1191
0 592
10 378
70 141
0 389
0 446
4 264
0 526
2 1110
1495 12734
30 12734
0 12734
120 12734
66 12734
77 12734
1189 12734
46 12734
7 12734
288 12734
152 12734
164 12734
183 12734
165 12734
114 12734
226 12734
280 12734
201 12734
1 203
0 89
0 653
14 295
0 841
0 441
3 384
0 876
30 1264
631 1264
49 1264
0 404
1 1483
0 1110
1 590
0 590
5 264
0 107
8 1386
0 148
0 89
7 842
34 461
1 669
0 669
6 737
2 699
3 423
5 737
0 107
0 107
1 148
0 473
6 2629
31 2629
8 2629
1 2629
0 384
1 1589
2 1589
0 1589
3 113
0 2696
1 2696
4 2696
0 774
7 664
141 987
1 987
0 987
31 4344
9 4344
13 4344
12 4344
5 4344
10 4344
14 4344
3 222
4 626
37 1376
2 1376
35 1376
4 1376
0 558
7 680
11 680
5 234
6 177
3 177
1 384
0 441
16 441
5 376
1 1511
4 1511
2 522
1 522
0 169
1 737
8 664
3 479
0 2238
2 2238
13 2238
7 2238
16 1074
9 737
0 762
27 2517
35 788
0 2300
3 2300
2 762
0 618
0 183
0 270
5 558
0 252
16 295
10 1913
56 1913
5 656
9 656
1 656
1 240
0 423
113 764
8 373
8 446
2 357
3 423
6 632
1 590
0 562
12 456
0 9
293 587
0 562
22 1014
0 774
0 404
1 567
3 1407
2 594
1 690
0 690
0 250
1 127
23 295
5 2725
12 2725
9 2725
10 2725
3 2725
1 442
0 442
1 518
0 508
0 269
1 269
0 38
9 6094
41 6094
30 6094
37 6094
66 6094
4 1370
3 2737
40 2737
44 1409
22 526
6 465
1 339
2 960
1 960
30 382
1 295
0 404
2 431
4 1536
2 615
0 844
0 308
1 504
0 560
0 730
1 730
0 764
1 1701
2 240
15 283
2 596
0 392
4 2339
6 2339
0 303
0 461
24 563
23 438
0 122
18 980
6 980
11 845
0 665
16 378
1 352
3 889
4 889
0 189
0 431
0 751
5 526
3 1955
6 1955
0 1955
7 1955
2 1955
4 1955
193 9453
213 9453
181 9453
70 9453
42 9453
263 9453
15 9453
129 9453
62 9453
208 9453
164 9453
175 9453
78 9453
128 9453
99 9453
7 3604
60 3604
61 3604
1801 3604
28 3604
4 2982
12 2982
2 2982
7 2982
14 2982
2 1152
5 499
0 181
1 181
14 249
10 613
9 395
2 575
0 122
7 1114
2 1114
141 283
141 283
0 241
4 55
10 655
4 1887
11 1887
44 1887
7 7512
11 7512
15 7512
8 7512
3 7512
19 7512
6 7512
325 7512
65 7512
458 7512
90 7512
22 7512
45 7512
5 7512
418 7512
5 328
10 623
7 106
3 82
2 305
1 196
17 151
19 439
4 328
11 2031
98 4370
90 4370
79 4370
97 4370
42 4370
63 4370
73 4370
64 4370
4 340
0 360
0 269
2 413
20 887
1 187
7 187
3 534
2 1539
19 726
15 257
6 202
2 764
1 764
0 473
4 729
2 729
3 729
3 174
9 593
1 326
6 282
2 59
1 2849
95 2849
9 2849
64 2849
0 225
13 435
1 435
0 522
4 146
0 479
11 399
1 587
0 562
31 788
7 788
18 788
34 788
29 788
0 788
2 788
41 788
22 788
31 473
16 473
7 1528
1 1528
32 1904
24 1904
8 733
0 219
7 2417
0 2417
58 594
33 594
27 594
1 620
0 620
2 476
14 476
0 405
11 1695
0 91
5 91
0 1223
1 1223
3 1223
5 479
1 328
18 1879
6 1879
12 4834
27 4834
14 4834
0 4834
31 4834
15 4834
0 145
15 739
5 336
16 361
8 177
0 413
379 759
2 191
2 191
25 240
2 233
3 177
0 176
2 318
5 807
7 807
0 761
2 446
1 931
0 931
0 1074
44 812
9 287
12 764
0 1043
2 857
2 922
2 558
14 558
10 279
86 173
8 130
0 617
1 617
6 1707
3 1707
7 4275
6 4275
0 4275
4 4275
10 4275
1 1149
0 1149
2 1149
3 2971
1 2971
1 336
2 318
0 1026
0 92
1 92
0 311
1 161
2 774
5 127
0 379
6 400
3 428
5 381
0 562
0 497
2 393
3 279
2 323
10 395
14 223
0 362
17 509
12 2434
5 716
8 388
17 233
1 484
0 484
0 484
3 1075
2 1075
3 1075
13 1075
6 118
4 114
421 844
421 844
2 306
1 1742
2 1742
0 1742
1 441
2 655
98 764
12 509
349 3737
0 3737
5 3737
2 3737
13 562
1090 2181
0 338
0 40
1 379
1 405
1 474
0 98
0 1143
16 368
5 699
1 343
12 126
3 1644
1 1644
2 767
4 767
71 767
7 20
14 310
4 354
0 61
4 297
363 727
2 395
0 1618
1 233
8 381
5 473
18 217
3 152
383 768
7 171
0 567
0 301
0 461
30 788
3 788
29 788
21 788
41 788
0 788
1 788
35 788
16 788
1 405
0 653
4 139
8 324
0 973
4 1386
0 633
12 664
9 1618
0 395
0 295
6 344
3 230
1109 2219
0 385
21 527
1 1926
1 1926
3 548
0 919
0 699
9 472
3 327
0 821
3 821
2 821
0 526
4 567
26 1012
9 1012
5 1012
3 562
58 739
4 266
14 227
0 241
4 635
3 391
6 177
6 407
7 435
26 535
19 527
1 371
5 371
1 240
0 57
31 297
0 262
1 361
22 1312
0 84
1 287
0 509
1 585
7 592
40 812
138 2339
144 290
0 948
1 948
0 448
37 973
6 360
1 389
73 1646
3 2101
0 2101
5 2101
7 2101
5 876
8 472
4 265
3 777
15 502
9 137
13 209
2 144
0 183
0 370
67 135
1 120
30 962
17 721
0 114
2 3218
2 1747
0 231
3 1110
0 153
2 290
0 397
7 325
19 319
8 382
56 5267
39 5267
25 5267
28 5267
162 5267
42 5267
76 5267
120 5267
8 5267
9 5267
16 5267
2 5267
32 5267
81 5267
7 1034
0 1034
18 2191
5 2191
18 247
17 247
80 1416
157 1027
6 319
8 1042
16 384
2 163
0 127
1 484
8 900
2 544
24 265
5 368
0 930
12 2416
2 2416
15 2416
37 919
1 407
0 382
0 247
0 233
2 1183
1 1183
0 1183
1 1185
0 382
0 340
0 3763
10 3763
7 177
3 477
0 141
0 242
1 295
3 295
2 395
30 615
3 308
0 1695
26 511
2 227
0 257
2 2339
1 395
0 359
0 761
8 257
0 176
3 336
0 195
1 365
5 240
1 230
5 196
4 338
8 1116
5 1116
7 1124
0 300
7 1623
39 906
1 57
0 188
0 1057
0 233
1 721
4 318
0 735
3 699
2 446
0 310
0 165
13 465
8 1130
85 679
0 392
9 348
0 1898
1 1898
5 472
1 950
0 950
5 950
0 191
12 1695
0 324
1 282
0 861
4 1695
20 360
3 960
3 388
1 1701
0 453
1 453
0 247
3 461
27 295
0 1042
9 549
14 319
5 1110
7 2517
1 866
4 866
6 141
4 387
2 48
0 1791
3 1791
4 511
2 275
7 286
0 423
1 191
14 950
0 509
0 861
0 364
7 364
0 378
1 3651
0 364
4 364
0 298
6 679
4 654
4 177
10 605
13 392
12 392
0 569
0 43
5 414
2 272
3 327
1 2050
2 2050
0 2050
3 617
2 927
21 1268
18 1268
20 1268
19 1413
78 157
10 317
394 790
394 790
0 812
21 1077
10 584
29 562
18 1360
2 1695
38 405
2 587
0 127
16 1592
4 1592
3 1719
1 1719
2 1719
0 548
2 548
2 195
3 352
0 1043
4 2703
5 2703
1 2703
0 2703
14 1165
10 395
1 1323
0 1323
2 1323
5 1323
4 1323
0 118
2 165
5 663
13 451
13 1536
22 1526
22 1526
22 1526
2 116
12 327
2 587
2 139
3 325
10 1288
2 116
7 240
0 217
355 712
8 1386
4 2339
10 2517
13 381
11 284
0 183
13 295
4 2517
11 2339
1 465
0 247
0 2517
0 55
1 281
0 247
20 1360
0 461
41 3761
0 590
4 594
25 378
15 1539
3 108
241 4338
170 1552
3 152
12 646
2 306
1 657
0 657
14 1042
42 421
1 1042
4 222
0 1034
0 270
0 1104
0 486
0 502
0 57
4 816
8 2365
32 1074
0 187
0 2236
2 2236
3 2236
4 2236
5 405
15 1110
2 497
10 222
0 120
0 151
1 1392
0 230
1 86
5 78
138 2339
0 9
1 1021
4 318
3 308
32 279
0 762
0 88
6 721
47 1027
0 500
0 89
3 86
13 159
7 733
10 725
1 276
1 497
4 1130
0 456
0 654
0 777
0 53
1 340
47 475
1 142
3 694
0 41
0 90
30 588
1 588
3 588
0 214
0 67
0 588
1 327
1 342
0 588
5 193
1 161
5 90
1 588
0 41
7 322
3 718
1 142
14 567
7 588
5 113
0 120
1 588
20 567
50 588
1 588
3 483
6 588
6 218
21 588
0 282
0 282
14 588
12 218
0 327
3 24
0 274
3 274
2 214
1 142
0 90
44 90
1 228
6 567
0 229
7 567
2 343
1 228
1 327
1 43
4 386
4 694
10 228
1 475
0 588
21 475
32 946
0 475
0 567
1 457
2 327
3 483
3 343
0 116
0 475
10 228
0 342
3 327
37 560
18 229
0 99
1 588
7 43
6 43
0 168
3 141
4 483
0 16
1 588
2 386
1 334
3 588
4 588
8 588
3 588
0 90
8 588
1 271
2 588
8 386
0 67
46 560
15 342
0 454
0 588
10 588
1 211
25 694
27 694
11 228
20 327
3 588
5 752
0 53
2 229
2 588
2 41
0 374
0 334
25 588
1 475
7 110
0 229
0 58
1 588
0 142
8 153
0 334
5 116
7 118
3 588
8 386
3 327
2 142
13 228
13 156
3 588
1 588
1 327
2 343
6 153
21 475
9 588
0 99
0 588
3 588
34 574
3 694
1 90
14 694
1 56
22 560
7 342
7 322
0 752
2 588
33 327
0 193
11 454
0 342
0 67
0 327
1 588
1 229
0 342
0 67
165 2673
0 211
2 483
0 327
2 228
4 33
6 962
1 1539
0 125
0 120
6 80
1 816
0 554
0 176
0 406
0 66
0 473
0 977
0 844
0 290
13 502
3 88
2 275
2 147
5 515
0 1205
0 1403
0 1695
16 605
7 605
3 1347
1 1347
21 1516
0 295
0 473
0 59
4 1021
6 788
113 228
0 1110
0 88
0 768
1 476
0 337
0 340
29 1695
1 127
2 308
0 378
0 241
3 452
0 284
2 1900
0 1900
1 3101
0 3101
0 6
5 218
17 664
0 158
0 423
5 951
14 951
0 623
0 399
3 1577
0 278
3 214
3 2150
0 2150
0 145
1 404
0 1074
4 336
0 362
4 594
0 216
1 439
2 527
1 1386
0 639
23 762
0 625
1 625
0 725
0 395
0 1036
0 1042
5 393
5 1539
1 368
2 1539
58 117
8 632
1 1042
1 518
1 567
0 452
0 1071
0 347
1 303
0 120
3 270
6 2237
3 2237
1 2237
0 2237
8 2237
0 233
196 1552
0 409
0 1230
2 1230
2 853
0 400
0 126
0 446
13 857
0 973
0 274
1 274
5 3390
37 3390
12 3390
8 3390
0 584
38 890
1 626
6 216
0 1346
0 247
10 287
4 79
0 196
19 191
29 7353
7 7353
228 7353
435 7353
127 7353
37 7353
153 7353
14 7353
18 7353
549 7353
4 7353
9 7353
16 7353
277 7353
5 7353
49 7353
0 141
2 2466
8 2466
0 2466
4 2466
3 1456
103 10604
1 10604
27 10604
67 10604
118 10604
28 10604
24 10604
244 10604
9 10604
208 10604
13 10604
10 10604
40 10604
57 10604
225 10604
37 10604
6 1655
8 1655
0 407
4 1162
11 1162
3 1162
5 1162
4 479
17 623
0 87
1 564
5 391
0 295
1 590
0 508
43 1695
2 47
30 788
24 788
26 788
27 788
25 788
1 788
2 788
23 788
29 788
1 230
0 739
0 436
2 1695
0 247
3 626
2 567
4 115
3 48
0 344
7 684
82 764
0 582
96 1072
6 1862
0 1862
0 369
13 876
1 625
0 233
6 937
0 937
6 937
0 230
2 421
0 272
1 218
2 812
23 826
0 919
3 887
1 1072
64 2339
6 958
2 958
3 1623
6 141
1 792
1 811
1 2330
0 2330
1 247
4 974
8 120
0 182
3 423
0 1967
0 30
0 384
2 549
24 1153
2 497
2 188
6 498
0 157
2 157
13 2339
2 950
2 57
0 135
0 473
0 962
1 448
0 163
0 414
9 1161
0 1161
3 1161
1 117
2 96
0 1403
0 1346
1 139
26 1110
0 473
4 318
0 318
1 700
0 162
6 1967
6 1539
0 1539
0 106
19 5662
16 5662
32 5662
27 5662
30 5662
9 1536
10 1536
5 625
2 2565
1 2565
28 2565
5 2565
6 2565
4 2565
33 1747
6 384
2 183
2 1249
1 1249
0 87
0 812
4 746
0 2128
1 2128
4 2128
0 473
2 67
3 124
19 178
0 764
2 379
1 2396
0 2396
2 2396
18 890
2 890
3 890
0 38
0 2407
3 2407
1 2407
8 2407
1 735
0 581
1 581
5 385
7 385
5 615
0 139
0 641
0 448
3 1064
0 1064
5 2225
3 89
0 941
0 89
0 1419
0 452
0 80
10 554
1 89
0 1294
16 1294
8 381
10 1948
3 1948
0 1948
1 1948
6 962
7 448
0 352
1 137
0 594
4 1708
0 1708
21 287
0 25
0 816
0 626
0 90
26 2339
0 1536
0 233
0 69
0 319
0 796
0 446
0 527
0 142
0 369
0 153
1 590
0 385
206 413
0 446
1 2395
0 2395
3 404
295 592
26 2163
2 2163
3 2163
4 55
20 191
1 2423
2 2423
0 2423
0 344
0 196
0 452
21 1403
1 1205
2 1205
3 1014
0 294
0 448
4 86
0 395
2 844
0 844
1 303
12 1360
0 812
0 107
0 562
2 479
5 467
12 1733
16 1733
19 1733
0 80
5 739
0 446
123 247
0 389
0 733
2 215
2 295
1 431
0 175
3 130
1 187
5 135
0 284
4 371
7 330
3 1724
0 1724
2 1724
2 549
0 919
72 1139
2 896
1 896
4 437
0 103
0 264
2 261
0 264
0 648
6 1577
2 1501
3 1501
1 1501
24 617
2 1618
0 285
3 504
0 115
1 48
0 247
0 737
0 223
0 509
0 311
5 594
31 477
0 345
3 733
2 789
0 789
0 605
5 1747
0 347
0 1511
1 1511
0 362
7 147
0 307
10 139
9 139
0 382
3 1766
16 788
3 788
6 788
4 788
9 788
0 788
1 788
13 788
5 788
17 694
1 694
4 307
1 174
3 371
1 1077
0 537
4 178
0 103
1 290
3 3159
5 3159
0 3159
1 1331
24 50
0 716
0 508
28 1909
28 1909
28 1909
0 1618
0 1618
0 384
1 384
0 102
0 94
1 585
0 474
43 535
0 261
5 295
0 169
0 148
4 183
8 876
2 733
6 1787
2 1787
0 1787
11 617
0 1553
2 1553
0 504
2 343
1 632
0 127
3 504
8 1083
2 65
24 1144
0 178
2 172
18 240
43 431
10 919
0 498
0 1618
7 1475
14 368
3 26
13 1965
34 1965
16 1965
32 1965
10 1965
60 1965
1 125
3 175
4 55
3 379
0 229
0 229
0 230
1 1042
0 344
9 323
3 746
14 876
3 479
202 406
2 504
2 171
25 575
4 764
5 1913
1 1913
1 1057
2 269
0 173
0 344
0 772
0 242
1 1695
12 1695
0 382
3 764
0 175
0 94
1 811
0 394
0 1287
0 176
4 139
0 310
0 360
3 230
1 811
1 381
1 1129
4 1129
2 1129
3 638
0 1071
21 1410
35 1410
2 1410
1 811
0 497
4 37
0 285
0 305
3 256
0 360
116 233
13 623
1 1061
3 260
0 452
0 563
10 592
7 144
6 327
0 617
0 337
2 362
406 5976
66 5976
23 5976
220 5976
231 5976
8 5976
237 5976
167 5976
71 5976
19 1075
6 379
15 661
0 162
3 2517
15 431
0 100
1 1386
10 850
1 511
4 405
0 1102
1 1102
0 370
1 196
1 361
7 841
0 698
0 124
0 290
3 218
1 439
4 229
0 349
0 89
0 360
13 333
12 333
0 526
2 122
0 412
0 196
0 874
0 247
0 896
1 338
3 338
2 142
52 1779
889 1779
12 1779
140 1779
0 1238
15 876
6 1853
8 1853
7 1853
17 592
281 564
1 173
2 1539
0 158
1 812
5 584
1 328
6 262
0 816
0 99
7 796
5 404
5 146
4 345
5 464
1 228
6 274
459 919
0 502
0 1110
2 122
3 446
11 518
0 141
2 585
0 561
1 2808
0 1357
167 1416
0 204
1 100
281 563
0 564
0 473
33 1110
0 339
163 327
4 308
7 295
0 587
0 777
0 558
1 149
8 209
1 279
1 962
8 3095
18 3095
20 3095
9 1617
5 1617
1 1617
3 1617
0 318
6 327
3 1767
13 1767
0 1767
2 1767
12 240
0 1071
0 522
0 1618
1 465
0 465
1 465
