1 384
2 375
0 392
1 576
0 576
2 776
1 776
11 511
24 2287
8 2287
10 745
10 745
4 914
3 338
2 448
1 691
0 691
0 183
0 914
7 1155
34 1155
577 1155
1 1155
17 1155
4 1370
11 1623
0 7389
56 7389
7 7389
10 7389
15 7389
5 7389
30 7389
17 7389
85 7389
14 7389
133 7389
1 2339
4 615
22 1288
5 176
18 1265
2 1265
21 1265
4 150
3 79
0 1983
1 1983
7 1983
6 1983
2 269
198 397
1 1208
0 1208
10 1208
19 1474
10 240
0 448
0 558
1 1113
0 1113
0 79
5 305
10 400
2 388
4 590
1 1483
3 152
3 152
3 796
767 1536
0 805
0 276
14 328
1 1267
2 1267
15 1267
24 1267
0 1267
3 522
2 198
2 1013
2 1013
4 152
0 1303
2 1008
1 1008
3 327
0 562
6 737
6 737
4 264
1 175
0 44
0 89
6 1913
2 1913
10 1539
23 973
3 855
0 301
30 7645
142 7645
0 7645
11 7645
68 7645
6 7645
7 7645
3 7645
4 7645
36 7645
35 7645
5 7645
28 7645
8 7645
22 7645
12 7645
29 7645
21 7645
75 7645
18 7645
533 9306
3 9306
36 9306
22 9306
4 9306
110 9306
0 9306
6 9306
5 9306
534 9306
31 9306
2 9306
38 9306
201 9306
1 9306
59 9306
54 9306
20 9306
43 3760
80 3760
7 3760
2 3760
181 3760
20 3760
26 3760
55 3760
17 689
4 295
4 1454
0 1454
1 1454
9 1454
2 626
0 203
0 405
2 794
0 794
0 844
328 657
10 1110
4 150
1 1071
0 812
0 812
0 422
13 896
1 395
3 2339
0 135
2 324
5 721
39 79
3 204
1 811
1 368
0 380
0 380
4 384
4 152
4 98
9 68
5 446
0 777
6 777
1 884
8 884
0 1514
437 876
173 348
0 169
2 663
0 663
2 303
9 240
0 441
6 1474
0 733
4 1077
1 404
0 973
1 138
4 1618
2 567
16 876
1 176
0 2150
54 2150
15 876
6 311
4 1597
11 1597
3 1597
23 1597
1 618
0 98
0 184
3 776
0 776
1 497
6 57
0 392
0 670
2 670
1 392
0 511
1 247
0 876
1 344
8 965
769 1539
0 509
4 215
12 176
4 215
4 215
27 1386
3 283
4 764
0 465
0 792
16 10782
3 10782
6 10782
17 10782
13 10782
54 10782
12 10782
51 10782
32 10782
44 10782
46 10782
268 10782
2 10782
15 10782
20 10782
10 10782
11 10782
18 10782
56 10782
21 10782
5 10782
14 10782
42 10782
0 10782
46 10782
37 10782
4 224
15 767
10 144
49 540
0 2510
2 2510
134 269
5 269
0 1269
1 1269
2 919
0 782
0 448
1 931
0 931
2 247
4 89
5 2038
0 2038
1 2038
0 446
2 737
1 1898
0 1898
29 584
20 1360
4 2257
7 2257
1 1695
2 2339
18 1072
1 746
3 746
1 2150
6 2150
18 3410
1 3410
12 3410
4 746
1 2150
12 2150
10 764
4 746
0 456
9 590
43 2449
48 2449
95 191
3 777
6 266
5 1027
4 976
21 976
20 3000
5 3000
7 3000
145 3000
9 3000
12 3000
3 202
1 456
10 777
1 381
0 295
3 186
220 441
1 94
33 68
0 287
2 240
70 142
11 240
6 655
11 1197
7 2831
6 2831
5 2831
0 2831
2 1331
0 4210
1 4210
83 4210
3 4210
11 4210
33 4210
32 4210
6 4210
2 4210
12 4210
247 4210
3 20
3 209
0 677
1 677
0 1547
2 1547
0 888
2 888
1 344
3 413
14 1012
0 1012
14 1012
1 269
11 467
10 504
554 1110
1 585
1 2128
8 2128
2 2128
6 960
2 1483
35 1536
11 1536
16 1110
2 1069
1 1069
0 1069
4 1014
405 811
2 1110
0 423
0 93
4 183
0 384
0 724
2 2375
1 2375
6 2375
1 178
11 788
3 788
6 788
4 788
12 788
0 788
1 788
12 788
5 788
1 203
9 226
0 4949
7 4949
1 4949
19 4949
37 4949
23 4949
10 4949
0 120
64 2150
0 2150
3 2150
0 653
12 689
14 2955
7 2955
12 2955
10 2955
16 2955
0 2955
4 2955
3 1695
0 439
0 439
11 225
1 2163
3 2163
49 13875
13 13875
5 13875
20 13875
16 13875
34 13875
0 13875
1 13875
67 13875
9 13875
1516 13875
51 13875
82 13875
32 13875
7 2339
3 222
4 150
3 1164
6 1164
5 1164
0 2347
1 2347
2 2347
3 2347
0 633
0 384
15 3126
12 3126
9 3126
5 3126
6 3126
16 3126
7 3126
4 1078
0 1078
8 1078
3 267
0 1926
262 526
3 812
12 858
15 5657
14 5657
29 5657
3 5657
0 5657
1 5657
20 5657
154 5657
4 1042
0 423
5 218
13 172
51 1307
62 1021
1 384
8 400
9 240
6 247
1 176
0 247
3 124
0 618
1 247
3 1708
12 1708
12 1708
2 1708
0 762
1 762
3 152
5 371
0 264
1 442
0 442
0 389
114 5642
6 5642
59 5642
187 5642
9 5642
17 5642
8 5642
5 416
4 223
0 86
23 543
10 1403
8 1403
1 679
1 2517
0 87
344 689
9 336
0 89
1 153
35 1403
13 1963
18 1963
2 2002
16 2002
3 2002
13 147
4 147
81 163
15 264
1 1539
131 264
3 590
0 181
120 241
3 465
64 764
70 764
11 764
9 295
0 1652
1 1652
5 1967
0 86
0 1110
3 1183
1 1183
0 1183
0 876
0 389
0 1124
1 1124
5 1014
0 961
3 961
6 961
0 526
1 359
31 1130
2 257
10 1386
9 842
520 1042
0 257
2 2403
78 2403
49 2403
0 106
10 375
14 617
0 270
26 270
1 340
7 327
0 380
0 518
2 587
0 587
0 384
0 424
1 264
5 699
15 1317
8 1317
0 1317
5 120
8 594
0 538
0 603
6 1130
3 344
10 240
1 1241
1 122
0 855
0 1898
1 1898
1 1898
0 1898
1 384
8 17
17 914
0 777
8 163
4 4713
6 4713
1 4713
421 4713
0 4713
10 4713
0 44
1 2150
9 2150
1 2150
3 2150
9 402
132 266
0 781
12 781
1 781
2 781
331 664
17 689
1 874
0 796
9 796
96 1464
2 1464
10 1464
0 548
6 382
6 233
2 663
6 257
252 506
6 1012
4 257
1 626
2 371
390 782
7 3816
3 3816
0 3816
1 3816
2 3816
13 3816
12 3816
1 340
1 1347
0 1347
1 149
5 554
0 364
5 364
147 295
54 435
3 695
2 1247
0 1247
3 423
5 914
0 265
2 631
1 631
1 186
0 518
85 171
255 511
6 431
0 2308
1 2308
5 2303
4 2303
3 145
1 145
7 145
5 467
258 518
1 405
7 318
10 423
7 324
3 389
10 8726
5 8726
89 8726
22 8726
241 8726
46 8726
368 8726
77 8726
43 8726
0 8726
2 8726
52 8726
39 8726
1 422
1 108
0 456
0 1036
1 1036
18 391
0 344
1 679
2 154
198 397
42 3066
43 3066
54 3066
3 1214
8 1214
33 1595
73 1595
381 764
0 457
0 368
0 376
3 209
3 209
1 1191
0 1191
0 592
9 378
70 141
0 389
0 446
4 264
0 526
2 1110
6366 12734
41 12734
1 12734
45 12734
104 12734
122 12734
6366 12734
55 12734
13 12734
363 12734
131 12734
131 12734
146 12734
142 12734
153 12734
582 12734
181 12734
185 12734
3 203
0 89
1 653
16 295
0 841
0 441
6 384
0 876
43 1264
631 1264
631 1264
0 404
0 1483
0 1110
3 590
4 590
5 264
0 107
21 1386
0 148
4 89
10 842
34 461
1 669
0 669
7 737
13 699
3 423
6 737
0 107
0 107
0 148
0 473
12 2629
2 2629
8 2629
5 2629
2 384
2 1589
1 1589
0 1589
5 113
0 2696
1 2696
6 2696
0 774
16 664
493 987
2 987
3 987
28 4344
6 4344
11 4344
12 4344
5 4344
3 4344
10 4344
4 222
18 626
20 1376
20 1376
20 1376
20 1376
0 558
10 680
0 680
6 234
4 177
6 177
15 384
1 441
27 441
3 376
0 1511
2 1511
10 522
0 522
0 169
1 737
21 664
10 479
1 2238
3 2238
2 2238
9 2238
19 1074
16 737
1 762
1258 2517
35 788
3 2300
6 2300
4 762
0 618
0 183
24 270
5 558
5 252
22 295
12 1913
28 1913
7 656
8 656
3 656
12 240
1 423
68 764
12 373
0 446
1 357
3 423
3 632
3 590
0 562
18 456
0 9
293 587
0 562
10 1014
0 774
0 404
0 567
1 1407
1 594
1 690
0 690
0 250
1 127
29 295
1 2725
4 2725
2 2725
3 2725
0 2725
1 442
0 442
1 518
0 508
0 269
1 269
0 38
0 6094
5 6094
4 6094
3 6094
7 6094
684 1370
0 2737
3 2737
9 1409
262 526
5 465
1 339
3 960
0 960
22 382
0 295
0 404
0 431
1 1536
3 615
0 844
0 308
1 504
0 560
0 730
1 730
0 764
0 1701
11 240
141 283
9 596
0 392
1 2339
3 2339
0 303
0 461
21 563
18 438
0 122
10 980
5 980
12 845
1 665
9 378
1 352
8 889
5 889
0 189
0 431
0 751
5 526
22 1955
23 1955
14 1955
58 1955
2 1955
3 1955
77 9453
76 9453
79 9453
23 9453
19 9453
125 9453
7 9453
38 9453
22 9453
66 9453
54 9453
58 9453
39 9453
60 9453
36 9453
3 3604
31 3604
32 3604
1801 3604
18 3604
1 2982
10 2982
4 2982
5 2982
8 2982
2 1152
2 499
0 181
1 181
124 249
6 613
12 395
2 575
0 122
16 1114
5 1114
141 283
141 283
0 241
2 55
327 655
1 1887
2 1887
3 1887
3 7512
22 7512
16 7512
27 7512
4 7512
25 7512
10 7512
404 7512
109 7512
516 7512
165 7512
24 7512
58 7512
29 7512
506 7512
6 328
5 623
3 106
0 82
1 305
6 196
75 151
23 439
4 328
4 2031
24 4370
22 4370
21 4370
23 4370
6 4370
18 4370
26 4370
16 4370
2 340
0 360
1 269
0 413
15 887
2 187
4 187
3 534
4 1539
11 726
128 257
8 202
0 764
1 764
0 473
2 729
1 729
3 729
1 174
8 593
1 326
6 282
29 59
3 2849
36 2849
4 2849
22 2849
1 225
14 435
6 435
0 522
7 146
1 479
8 399
0 587
2 562
11 788
5 788
35 788
35 788
393 788
0 788
2 788
393 788
18 788
11 473
15 473
7 1528
1 1528
17 1904
12 1904
5 733
2 219
39 2417
4 2417
22 594
21 594
22 594
1 620
0 620
1 476
6 476
0 405
3 1695
0 91
5 91
0 1223
1 1223
3 1223
11 479
2 328
6 1879
3 1879
82 4834
17 4834
34 4834
0 4834
13 4834
32 4834
1 145
9 739
4 336
10 361
7 177
5 413
379 759
2 191
2 191
11 240
4 233
3 177
1 176
5 318
1 807
0 807
0 761
3 446
1 931
0 931
0 1074
38 812
16 287
16 764
1 1043
0 857
2 922
2 558
11 558
5 279
86 173
64 130
0 617
3 617
5 1707
2 1707
7 4275
2 4275
1 4275
0 4275
5 4275
1 1149
0 1149
2 1149
3 2971
2 2971
0 336
2 318
0 1026
1 92
0 92
0 311
1 161
4 774
5 127
2 379
1 400
5 428
13 381
2 562
0 497
8 393
5 279
12 323
6 395
14 223
0 362
16 509
4 2434
10 716
15 388
20 233
0 484
2 484
2 484
0 1075
3 1075
20 1075
20 1075
5 118
1 114
421 844
421 844
1 306
1 1742
2 1742
0 1742
3 441
6 655
13 764
0 509
1868 3737
0 3737
2 3737
1 3737
11 562
1090 2181
0 338
0 40
8 379
4 405
1 474
0 98
2 1143
183 368
5 699
1 343
9 126
0 1644
7 1644
1 767
5 767
383 767
7 20
154 310
7 354
0 61
4 297
363 727
7 395
4 1618
0 233
190 381
5 473
8 217
2 152
383 768
0 171
0 567
0 301
0 461
393 788
4 788
24 788
24 788
393 788
1 788
2 788
393 788
20 788
1 405
2 653
2 139
3 324
0 973
2 1386
3 633
20 664
5 1618
17 395
0 295
6 344
6 230
1109 2219
0 385
19 527
2 1926
2 1926
3 548
0 919
14 699
4 472
4 327
0 821
2 821
3 821
0 526
4 567
12 1012
9 1012
2 1012
4 562
47 739
4 266
113 227
0 241
8 635
2 391
5 177
5 407
10 435
18 535
15 527
2 371
3 371
0 240
0 57
148 297
1 262
1 361
24 1312
0 84
6 287
0 509
2 585
8 592
12 812
145 2339
144 290
0 948
1 948
0 448
30 973
6 360
1 389
38 1646
2 2101
1 2101
3 2101
4 2101
6 876
13 472
2 265
1 777
3 502
9 137
104 209
2 144
0 183
0 370
67 135
2 120
14 962
25 721
0 114
2 3218
2 1747
0 231
1 1110
0 153
0 290
1 397
6 325
14 319
13 382
22 5267
13 5267
9 5267
14 5267
66 5267
11 5267
54 5267
77 5267
4 5267
6 5267
8 5267
0 5267
20 5267
44 5267
2 1034
0 1034
3 2191
1 2191
17 247
15 247
35 1416
162 1027
2 319
0 1042
7 384
0 163
1 127
2 484
3 900
0 544
16 265
7 368
0 930
8 2416
8 2416
8 2416
23 919
2 407
0 382
0 247
0 233
2 1183
1 1183
0 1183
1 1185
0 382
0 340
0 3763
2 3763
7 177
28 477
1 141
23 242
0 295
1 295
2 395
27 615
2 308
0 1695
27 511
0 227
0 257
4 2339
7 395
2 359
0 761
15 257
0 176
3 336
0 195
2 365
11 240
2 230
3 196
4 338
5 1116
1 1116
4 1124
0 300
5 1623
26 906
0 57
2 188
0 1057
0 233
2 721
7 318
0 735
3 699
3 446
0 310
0 165
13 465
2 1130
339 679
1 392
7 348
0 1898
1 1898
3 472
3 950
1 950
2 950
0 191
2 1695
0 324
2 282
0 861
3 1695
22 360
2 960
3 388
2 1701
0 453
1 453
1 247
3 461
30 295
1 1042
274 549
159 319
3 1110
7 2517
1 866
0 866
8 141
1 387
4 48
0 1791
3 1791
3 511
4 275
11 286
0 423
2 191
7 950
15 509
0 861
0 364
4 364
0 378
0 3651
0 364
11 364
0 298
5 679
1 654
6 177
11 605
11 392
9 392
2 569
0 43
7 414
4 272
2 327
1 2050
2 2050
3 2050
0 617
4 927
6 1268
4 1268
7 1268
22 1413
78 157
8 317
394 790
394 790
0 812
15 1077
8 584
21 562
20 1360
2 1695
27 405
2 587
5 127
2 1592
0 1592
2 1719
0 1719
1 1719
0 548
2 548
3 195
1 352
0 1043
41 2703
41 2703
41 2703
41 2703
39 1165
13 395
1 1323
0 1323
2 1323
5 1323
3 1323
0 118
3 165
8 663
9 451
29 1536
10 1526
10 1526
10 1526
2 116
11 327
1 587
2 139
0 325
6 1288
1 116
4 240
0 217
355 712
7 1386
50 2339
2 2517
5 381
13 284
0 183
9 295
2 2517
17 2339
1 465
0 247
0 2517
0 55
0 281
0 247
21 1360
0 461
33 3761
0 590
2 594
15 378
23 1539
2 108
169 4338
181 1552
3 152
2 646
2 306
7 657
10 657
15 1042
210 421
1 1042
6 222
2 1034
0 270
0 1104
1 486
0 502
1 57
8 816
0 2365
15 1074
0 187
0 2236
1 2236
4 2236
3 2236
202 405
13 1110
8 497
110 222
0 120
0 151
1 1392
0 230
6 86
5 78
82 2339
0 9
0 1021
1 318
2 308
15 279
2 762
0 88
5 721
14 1027
1 500
0 89
3 86
14 159
7 733
20 725
0 276
1 497
3 1130
0 456
0 654
0 777
0 53
0 340
68 475
2 142
5 694
0 41
0 90
293 588
1 588
3 588
2 214
0 67
6 588
1 327
0 342
0 588
6 193
1 161
5 90
8 588
0 41
10 322
3 718
2 142
17 567
9 588
4 113
0 120
4 588
11 567
43 588
27 588
12 483
27 588
5 218
293 588
0 282
8 282
35 588
108 218
0 327
1 24
0 274
1 274
2 214
1 142
2 90
44 90
1 228
6 567
0 229
17 567
5 343
1 228
1 327
0 43
5 386
2 694
16 228
1 475
1 588
30 475
23 946
0 475
1 567
3 457
2 327
1 483
3 343
0 116
0 475
7 228
0 342
21 327
40 560
18 229
0 99
4 588
7 43
7 43
0 168
6 141
3 483
0 16
0 588
3 386
1 334
3 588
4 588
7 588
3 588
0 90
2 588
0 271
3 588
7 386
0 67
43 560
14 342
6 454
10 588
8 588
1 211
20 694
31 694
8 228
15 327
4 588
11 752
2 53
0 229
22 588
2 41
0 374
0 334
25 588
5 475
7 110
0 229
0 58
0 588
1 142
8 153
0 334
3 116
8 118
6 588
7 386
3 327
2 142
24 228
10 156
3 588
4 588
1 327
10 343
10 153
22 475
4 588
0 99
0 588
4 588
32 574
3 694
1 90
17 694
1 56
21 560
8 342
1 322
0 752
3 588
27 327
0 193
20 454
0 342
0 67
0 327
0 588
1 229
0 342
0 67
108 2673
1 211
14 483
0 327
4 228
4 33
7 962
1 1539
0 125
0 120
6 80
1 816
0 554
1 176
0 406
0 66
0 473
0 977
0 844
0 290
10 502
3 88
4 275
3 147
5 515
0 1205
0 1403
0 1695
2 605
6 605
1 1347
2 1347
27 1516
0 295
0 473
0 59
7 1021
12 788
113 228
0 1110
0 88
0 768
1 476
4 337
0 340
23 1695
5 127
0 308
1 378
0 241
1 452
0 284
2 1900
0 1900
1 3101
0 3101
0 6
6 218
26 664
0 158
0 423
21 951
22 951
0 623
0 399
3 1577
0 278
3 214
3 2150
0 2150
0 145
0 404
0 1074
7 336
0 362
4 594
0 216
2 439
4 527
3 1386
0 639
30 762
0 625
1 625
0 725
0 395
0 1036
1 1042
2 393
6 1539
1 368
2 1539
58 117
14 632
2 1042
1 518
1 567
2 452
1 1071
0 347
1 303
0 120
27 270
3 2237
40 2237
2 2237
1 2237
25 2237
0 233
775 1552
0 409
0 1230
2 1230
3 853
1 400
0 126
0 446
9 857
0 973
1 274
0 274
2 3390
31 3390
6 3390
3 3390
0 584
22 890
1 626
107 216
0 1346
0 247
20 287
6 79
0 196
20 191
18 7353
23 7353
228 7353
228 7353
21 7353
31 7353
417 7353
7 7353
29 7353
3676 7353
6 7353
39 7353
70 7353
228 7353
22 7353
38 7353
1 141
37 2466
36 2466
0 2466
2 2466
4 1456
330 10604
330 10604
1 10604
330 10604
453 10604
330 10604
330 10604
330 10604
330 10604
330 10604
330 10604
453 10604
330 10604
330 10604
330 10604
330 10604
3 1655
2 1655
0 407
3 1162
9 1162
0 1162
6 1162
6 479
14 623
0 87
2 564
6 391
0 295
0 590
0 508
56 1695
1 47
393 788
2 788
21 788
11 788
393 788
1 788
2 788
21 788
393 788
1 230
0 739
1 436
12 1695
0 247
5 626
9 567
5 115
3 48
0 344
3 684
76 764
3 582
32 1072
6 1862
0 1862
3 369
16 876
1 625
1 233
6 937
0 937
2 937
0 230
1 421
0 272
5 218
3 812
19 826
0 919
2 887
1 1072
60 2339
15 958
0 958
16 1623
6 141
1 792
1 811
1 2330
0 2330
1 247
12 974
10 120
0 182
2 423
0 1967
0 30
1 384
0 549
576 1153
1 497
1 188
3 498
0 157
2 157
19 2339
6 950
2 57
0 135
2 473
0 962
2 448
0 163
5 414
7 1161
2 1161
1 1161
1 117
1 96
0 1403
0 1346
1 139
26 1110
0 473
3 318
0 318
2 700
0 162
4 1967
6 1539
0 1539
0 106
1 5662
2 5662
7 5662
6 5662
5 5662
25 1536
24 1536
6 625
19 2565
29 2565
19 2565
29 2565
29 2565
19 2565
873 1747
7 384
4 183
3 1249
5 1249
0 87
0 812
4 746
1 2128
0 2128
4 2128
0 473
0 67
3 124
4 178
0 764
2 379
1 2396
0 2396
2 2396
16 890
0 890
3 890
0 38
0 2407
3 2407
1 2407
8 2407
1 735
0 581
2 581
2 385
3 385
10 615
0 139
0 641
0 448
15 1064
0 1064
4 2225
4 89
0 941
0 89
0 1419
2 452
0 80
276 554
1 89
0 1294
33 1294
5 381
20 1948
8 1948
0 1948
4 1948
2 962
7 448
0 352
68 137
0 594
4 1708
0 1708
143 287
0 25
2 816
0 626
0 90
33 2339
0 1536
0 233
0 69
0 319
0 796
0 446
0 527
1 142
0 369
0 153
15 590
1 385
206 413
1 446
8 2395
1 2395
2 404
295 592
31 2163
3 2163
0 2163
2 55
17 191
2 2423
3 2423
1 2423
3 344
0 196
0 452
26 1403
1 1205
2 1205
3 1014
0 294
0 448
42 86
0 395
12 844
0 844
2 303
14 1360
0 812
53 107
0 562
1 479
6 467
31 1733
38 1733
32 1733
0 80
5 739
0 446
123 247
0 389
0 733
3 215
4 295
1 431
0 175
4 130
7 187
4 135
0 284
3 371
8 330
3 1724
0 1724
2 1724
1 549
0 919
569 1139
1 896
0 896
1 437
0 103
0 264
4 261
0 264
0 648
4 1577
2 1501
3 1501
1 1501
308 617
2 1618
0 285
7 504
3 115
1 48
0 247
0 737
0 223
0 509
0 311
8 594
238 477
0 345
1 733
11 789
3 789
0 605
5 1747
0 347
1 1511
11 1511
0 362
11 147
0 307
9 139
10 139
0 382
22 1766
10 788
1 788
6 788
4 788
11 788
0 788
2 788
11 788
5 788
17 694
1 694
4 307
1 174
2 371
538 1077
0 537
6 178
0 103
1 290
3 3159
5 3159
0 3159
2 1331
24 50
0 716
0 508
28 1909
28 1909
28 1909
1 1618
0 1618
0 384
0 384
0 102
0 94
0 585
5 474
44 535
0 261
23 295
0 169
0 148
4 183
14 876
1 733
8 1787
3 1787
0 1787
7 617
0 1553
2 1553
1 504
3 343
1 632
0 127
6 504
7 1083
2 65
8 1144
0 178
6 172
10 240
31 431
17 919
0 498
1 1618
11 1475
13 368
3 26
3 1965
9 1965
7 1965
4 1965
2 1965
26 1965
1 125
3 175
4 55
2 379
0 229
0 229
0 230
1 1042
0 344
11 323
3 746
15 876
10 479
202 406
2 504
2 171
11 575
14 764
3 1913
2 1913
1 1057
3 269
0 173
4 344
0 772
0 242
0 1695
14 1695
0 382
4 764
0 175
0 94
1 811
0 394
0 1287
0 176
9 139
0 310
0 360
5 230
1 811
1 381
0 1129
7 1129
1 1129
2 638
2 1071
15 1410
48 1410
4 1410
1 811
0 497
3 37
0 285
0 305
3 256
0 360
116 233
14 623
2 1061
4 260
0 452
0 563
6 592
5 144
163 327
0 617
4 337
9 362
2987 5976
34 5976
275 5976
185 5976
185 5976
18 5976
92 5976
5 5976
185 5976
22 1075
189 379
8 661
0 162
0 2517
10 431
0 100
1 1386
8 850
1 511
4 405
0 1102
1 1102
0 370
5 196
1 361
13 841
21 698
0 124
0 290
5 218
3 439
4 229
0 349
0 89
0 360
19 333
17 333
0 526
2 122
0 412
0 196
1 874
0 247
3 896
1 338
2 338
0 142
77 1779
889 1779
60 1779
889 1779
0 1238
17 876
0 1853
7 1853
27 1853
6 592
281 564
0 173
9 1539
0 158
1 812
5 584
0 328
4 262
0 816
1 99
11 796
6 404
5 146
6 345
5 464
3 228
6 274
459 919
0 502
0 1110
4 122
2 446
10 518
0 141
5 585
0 561
0 2808
0 1357
154 1416
0 204
2 100
281 563
0 564
0 473
30 1110
0 339
163 327
4 308
147 295
0 587
0 777
2 558
74 149
7 209
0 279
1 962
2 3095
8 3095
5 3095
15 1617
1 1617
2 1617
0 1617
0 318
6 327
1 1767
9 1767
0 1767
3 1767
119 240
0 1071
0 522
0 1618
1 465
0 465
1 465
