0 384
0 375
0 392
1 576
0 576
2 776
0 776
12 511
18 2287
3 2287
4 745
4 745
4 914
1 338
0 448
1 691
0 691
0 183
0 914
6 1155
34 1155
577 1155
1 1155
17 1155
3 1370
7 1623
0 7389
31 7389
16 7389
9 7389
20 7389
6 7389
49 7389
5 7389
30 7389
13 7389
151 7389
0 2339
4 615
17 1288
4 176
6 1265
12 1265
9 1265
4 150
3 79
0 1983
1 1983
8 1983
10 1983
2 269
14 397
2 1208
0 1208
21 1208
29 1474
8 240
0 448
0 558
1 1113
0 1113
0 79
5 305
10 400
2 388
4 590
0 1483
4 152
3 152
0 796
767 1536
0 805
0 276
14 328
1 1267
2 1267
16 1267
23 1267
0 1267
1 522
2 198
2 1013
2 1013
3 152
0 1303
2 1008
1 1008
3 327
0 562
5 737
5 737
4 264
1 175
0 44
0 89
5 1913
1 1913
8 1539
23 973
2 855
0 301
33 7645
81 7645
0 7645
17 7645
102 7645
6 7645
3 7645
4 7645
5 7645
32 7645
36 7645
7 7645
26 7645
15 7645
27 7645
16 7645
35 7645
20 7645
118 7645
28 7645
759 9306
6 9306
31 9306
10 9306
4 9306
72 9306
0 9306
3 9306
5 9306
250 9306
24 9306
2 9306
36 9306
123 9306
1 9306
76 9306
56 9306
25 9306
6 3760
52 3760
3 3760
0 3760
53 3760
11 3760
7 3760
10 3760
10 689
6 295
3 1454
0 1454
2 1454
11 1454
2 626
0 203
0 405
1 794
0 794
0 844
328 657
8 1110
4 150
0 1071
0 812
0 812
0 422
3 896
0 395
3 2339
0 135
2 324
6 721
4 79
3 204
1 811
1 368
0 380
0 380
4 384
2 152
0 98
10 68
2 446
1 777
7 777
1 884
8 884
0 1514
26 876
173 348
0 169
2 663
0 663
1 303
4 240
0 441
5 1474
0 733
4 1077
0 404
0 973
1 138
4 1618
2 567
15 876
1 176
0 2150
47 2150
14 876
5 311
5 1597
11 1597
4 1597
23 1597
1 618
0 98
0 184
1 776
0 776
0 497
5 57
0 392
0 670
2 670
0 392
0 511
1 247
0 876
1 344
1 965
37 1539
0 509
4 215
12 176
4 215
4 215
23 1386
1 283
2 764
0 465
0 792
18 10782
4 10782
6 10782
15 10782
19 10782
49 10782
12 10782
43 10782
31 10782
38 10782
37 10782
157 10782
2 10782
8 10782
17 10782
10 10782
20 10782
16 10782
44 10782
21 10782
7 10782
11 10782
30 10782
0 10782
37 10782
22 10782
4 224
14 767
7 144
55 540
0 2510
3 2510
134 269
5 269
0 1269
1 1269
1 919
0 782
0 448
1 931
0 931
2 247
4 89
4 2038
2 2038
3 2038
1 446
0 737
0 1898
1 1898
27 584
21 1360
3 2257
10 2257
1 1695
0 2339
8 1072
1 746
2 746
1 2150
4 2150
17 3410
1 3410
5 3410
3 746
1 2150
10 2150
10 764
3 746
0 456
6 590
8 2449
2 2449
26 191
0 777
7 266
2 1027
4 976
25 976
20 3000
5 3000
7 3000
147 3000
10 3000
11 3000
1 202
1 456
9 777
3 381
0 295
2 186
220 441
1 94
11 68
0 287
1 240
70 142
8 240
6 655
3 1197
7 2831
6 2831
4 2831
0 2831
1 1331
0 4210
1 4210
81 4210
2 4210
9 4210
28 4210
27 4210
6 4210
3 4210
12 4210
243 4210
3 20
2 209
0 677
1 677
1 1547
0 1547
0 888
1 888
0 344
0 413
14 1012
1 1012
22 1012
0 269
7 467
1 504
54 1110
1 585
0 2128
6 2128
4 2128
4 960
2 1483
25 1536
9 1536
12 1110
3 1069
2 1069
0 1069
0 1014
405 811
0 1110
0 423
0 93
3 183
0 384
0 724
2 2375
0 2375
6 2375
1 178
15 788
3 788
6 788
5 788
17 788
0 788
1 788
17 788
4 788
1 203
9 226
0 4949
7 4949
2 4949
23 4949
45 4949
31 4949
12 4949
0 120
57 2150
0 2150
2 2150
0 653
7 689
12 2955
8 2955
15 2955
10 2955
13 2955
0 2955
6 2955
2 1695
0 439
0 439
5 225
1 2163
2 2163
61 13875
4 13875
12 13875
30 13875
28 13875
43 13875
3 13875
1 13875
57 13875
16 13875
1678 13875
86 13875
56 13875
10 13875
3 2339
4 222
4 150
3 1164
7 1164
5 1164
1 2347
0 2347
3 2347
2 2347
0 633
0 384
16 3126
15 3126
7 3126
5 3126
6 3126
18 3126
11 3126
4 1078
0 1078
13 1078
1 267
0 1926
29 526
3 812
12 858
7 5657
11 5657
10 5657
6 5657
0 5657
2 5657
13 5657
160 5657
1 1042
0 423
5 218
12 172
47 1307
77 1021
1 384
8 400
8 240
2 247
1 176
0 247
1 124
1 618
0 247
0 1708
16 1708
8 1708
2 1708
0 762
1 762
3 152
6 371
0 264
1 442
0 442
0 389
75 5642
7 5642
67 5642
225 5642
20 5642
21 5642
2 5642
2 416
0 223
0 86
17 543
6 1403
7 1403
1 679
1 2517
0 87
38 689
9 336
0 89
0 153
28 1403
5 1963
17 1963
4 2002
11 2002
1 2002
11 147
3 147
3 163
11 264
1 1539
11 264
3 590
0 181
120 241
2 465
74 764
71 764
11 764
9 295
0 1652
1 1652
4 1967
0 86
0 1110
2 1183
1 1183
0 1183
0 876
0 389
0 1124
1 1124
7 1014
0 961
3 961
6 961
0 526
1 359
19 1130
0 257
9 1386
6 842
520 1042
0 257
2 2403
75 2403
22 2403
1 106
5 375
19 617
0 270
1 270
1 340
4 327
0 380
1 518
3 587
0 587
0 384
0 424
0 264
4 699
10 1317
5 1317
1 1317
2 120
8 594
0 538
0 603
8 1130
1 344
7 240
1 1241
0 122
0 855
0 1898
2 1898
0 1898
1 1898
1 384
8 17
17 914
0 777
7 163
4 4713
9 4713
2 4713
449 4713
0 4713
10 4713
0 44
0 2150
11 2150
2 2150
5 2150
8 402
132 266
0 781
5 781
1 781
2 781
331 664
5 689
0 874
0 796
1 796
81 1464
2 1464
5 1464
0 548
2 382
2 233
2 663
9 257
252 506
6 1012
1 257
1 626
1 371
390 782
4 3816
0 3816
2 3816
3 3816
1 3816
10 3816
24 3816
0 340
1 1347
0 1347
1 149
1 554
1 364
9 364
15 295
36 435
1 695
2 1247
3 1247
3 423
0 914
0 265
2 631
1 631
0 186
0 518
85 171
255 511
1 431
0 2308
1 2308
5 2303
1 2303
3 145
1 145
8 145
5 467
258 518
1 405
6 318
9 423
1 324
1 389
22 8726
2 8726
102 8726
24 8726
196 8726
45 8726
278 8726
68 8726
25 8726
0 8726
6 8726
39 8726
46 8726
3 422
1 108
0 456
0 1036
1 1036
20 391
0 344
0 679
2 154
198 397
37 3066
39 3066
52 3066
2 1214
11 1214
16 1595
76 1595
381 764
0 457
0 368
0 376
2 209
3 209
2 1191
0 1191
0 592
10 378
70 141
0 389
0 446
4 264
0 526
3 1110
6366 12734
54 12734
0 12734
63 12734
78 12734
82 12734
6366 12734
34 12734
11 12734
383 12734
179 12734
179 12734
177 12734
189 12734
158 12734
513 12734
193 12734
316 12734
3 203
0 89
0 653
16 295
0 841
0 441
3 384
0 876
38 1264
631 1264
50 1264
0 404
0 1483
0 1110
1 590
1 590
5 264
0 107
13 1386
0 148
2 89
10 842
34 461
1 669
0 669
6 737
4 699
3 423
6 737
0 107
0 107
0 148
0 473
4 2629
3 2629
8 2629
2 2629
0 384
2 1589
1 1589
0 1589
3 113
0 2696
1 2696
2 2696
0 774
6 664
493 987
1 987
2 987
29 4344
6 4344
10 4344
15 4344
5 4344
8 4344
11 4344
3 222
11 626
20 1376
20 1376
20 1376
20 1376
0 558
10 680
0 680
4 234
4 177
5 177
5 384
0 441
25 441
2 376
1 1511
4 1511
10 522
1 522
0 169
0 737
8 664
4 479
1 2238
2 2238
3 2238
7 2238
18 1074
10 737
0 762
43 2517
37 788
0 2300
3 2300
0 762
0 618
0 183
3 270
5 558
0 252
20 295
12 1913
28 1913
4 656
8 656
1 656
6 240
0 423
73 764
14 373
0 446
1 357
3 423
3 632
0 590
0 562
18 456
0 9
293 587
0 562
13 1014
0 774
0 404
1 567
1 1407
2 594
1 690
0 690
0 250
1 127
29 295
2 2725
5 2725
3 2725
4 2725
1 2725
1 442
0 442
1 518
0 508
0 269
1 269
0 38
1 6094
15 6094
12 6094
11 6094
17 6094
15 1370
33 2737
4 2737
15 1409
21 526
3 465
1 339
3 960
0 960
23 382
1 295
0 404
1 431
3 1536
3 615
0 844
0 308
1 504
0 560
0 730
1 730
0 764
0 1701
11 240
141 283
3 596
0 392
1 2339
3 2339
0 303
0 461
25 563
17 438
0 122
14 980
5 980
8 845
0 665
12 378
1 352
7 889
4 889
0 189
0 431
0 751
4 526
7 1955
16 1955
3 1955
51 1955
2 1955
4 1955
123 9453
119 9453
107 9453
37 9453
21 9453
170 9453
9 9453
74 9453
29 9453
112 9453
130 9453
93 9453
59 9453
92 9453
48 9453
5 3604
44 3604
47 3604
1801 3604
21 3604
1 2982
10 2982
2 2982
5 2982
11 2982
2 1152
2 499
0 181
1 181
124 249
7 613
11 395
2 575
0 122
16 1114
5 1114
141 283
141 283
0 241
4 55
6 655
1 1887
2 1887
8 1887
5 7512
12 7512
17 7512
11 7512
3 7512
19 7512
8 7512
352 7512
77 7512
503 7512
90 7512
21 7512
49 7512
6 7512
422 7512
4 328
9 623
6 106
0 82
2 305
3 196
18 151
18 439
3 328
11 2031
58 4370
50 4370
42 4370
56 4370
23 4370
33 4370
43 4370
37 4370
3 340
0 360
1 269
0 413
13 887
2 187
4 187
3 534
2 1539
12 726
13 257
5 202
0 764
1 764
0 473
1 729
3 729
2 729
3 174
6 593
1 326
3 282
29 59
1 2849
47 2849
6 2849
33 2849
2 225
15 435
6 435
0 522
5 146
0 479
11 399
0 587
0 562
26 788
11 788
38 788
31 788
54 788
0 788
1 788
54 788
23 788
23 473
17 473
7 1528
1 1528
16 1904
13 1904
7 733
2 219
11 2417
2 2417
50 594
35 594
22 594
1 620
0 620
0 476
9 476
0 405
3 1695
0 91
4 91
0 1223
1 1223
3 1223
10 479
2 328
6 1879
2 1879
34 4834
10 4834
19 4834
0 4834
31 4834
28 4834
0 145
12 739
3 336
9 361
8 177
0 413
379 759
2 191
2 191
15 240
2 233
2 177
1 176
5 318
0 807
1 807
0 761
3 446
1 931
0 931
0 1074
32 812
11 287
15 764
2 1043
1 857
1 922
2 558
13 558
7 279
86 173
64 130
0 617
3 617
3 1707
2 1707
8 4275
6 4275
3 4275
0 4275
7 4275
1 1149
0 1149
2 1149
1 2971
3 2971
1 336
2 318
0 1026
1 92
0 92
0 311
1 161
2 774
4 127
0 379
3 400
5 428
4 381
2 562
0 497
6 393
1 279
12 323
5 395
13 223
0 362
17 509
5 2434
5 716
10 388
18 233
0 484
1 484
0 484
0 1075
1 1075
4 1075
18 1075
6 118
2 114
421 844
421 844
2 306
1 1742
2 1742
0 1742
2 441
5 655
45 764
1 509
320 3737
0 3737
2 3737
1 3737
10 562
1090 2181
0 338
0 40
3 379
2 405
1 474
0 98
2 1143
183 368
4 699
1 343
13 126
0 1644
2 1644
0 767
3 767
383 767
7 20
11 310
4 354
0 61
4 297
363 727
6 395
0 1618
1 233
190 381
3 473
10 217
3 152
383 768
4 171
0 567
0 301
0 461
34 788
4 788
28 788
20 788
46 788
0 788
1 788
46 788
15 788
1 405
0 653
3 139
3 324
0 973
2 1386
0 633
21 664
6 1618
14 395
0 295
6 344
2 230
1109 2219
0 385
23 527
0 1926
1 1926
3 548
0 919
12 699
4 472
4 327
0 821
2 821
1 821
0 526
4 567
13 1012
8 1012
3 1012
3 562
59 739
5 266
113 227
0 241
11 635
2 391
6 177
4 407
7 435
31 535
22 527
2 371
3 371
1 240
0 57
148 297
0 262
0 361
26 1312
0 84
5 287
0 509
1 585
7 592
32 812
154 2339
144 290
0 948
1 948
0 448
35 973
6 360
1 389
50 1646
2 2101
0 2101
3 2101
5 2101
6 876
8 472
2 265
2 777
5 502
9 137
10 209
2 144
0 183
0 370
67 135
3 120
21 962
11 721
0 114
1 3218
2 1747
0 231
4 1110
0 153
0 290
0 397
8 325
14 319
12 382
26 5267
16 5267
10 5267
13 5267
73 5267
18 5267
63 5267
84 5267
6 5267
7 5267
8 5267
1 5267
22 5267
51 5267
3 1034
0 1034
7 2191
1 2191
15 247
15 247
46 1416
152 1027
3 319
2 1042
11 384
1 163
0 127
1 484
6 900
2 544
25 265
3 368
0 930
12 2416
11 2416
14 2416
22 919
1 407
0 382
0 247
0 233
2 1183
1 1183
0 1183
1 1185
0 382
1 340
0 3763
5 3763
7 177
10 477
1 141
3 242
1 295
2 295
3 395
29 615
3 308
0 1695
29 511
0 227
0 257
2 2339
1 395
0 359
0 761
8 257
0 176
3 336
0 195
1 365
10 240
2 230
2 196
7 338
5 1116
3 1116
6 1124
0 300
3 1623
36 906
1 57
2 188
0 1057
0 233
2 721
6 318
0 735
3 699
2 446
0 310
0 165
13 465
3 1130
339 679
0 392
11 348
0 1898
1 1898
3 472
0 950
1 950
3 950
0 191
5 1695
0 324
1 282
0 861
2 1695
23 360
0 960
3 388
2 1701
0 453
1 453
0 247
3 461
32 295
1 1042
16 549
14 319
4 1110
7 2517
0 866
1 866
8 141
5 387
2 48
0 1791
2 1791
1 511
2 275
8 286
0 423
2 191
9 950
4 509
0 861
0 364
10 364
0 378
0 3651
0 364
5 364
0 298
6 679
2 654
6 177
9 605
11 392
10 392
0 569
0 43
3 414
4 272
4 327
1 2050
0 2050
2 2050
0 617
2 927
14 1268
7 1268
13 1268
18 1413
78 157
12 317
394 790
394 790
0 812
21 1077
8 584
28 562
19 1360
2 1695
29 405
1 587
4 127
4 1592
0 1592
2 1719
0 1719
1 1719
0 548
2 548
1 195
1 352
0 1043
6 2703
2 2703
4 2703
8 2703
30 1165
11 395
1 1323
0 1323
2 1323
5 1323
3 1323
0 118
1 165
10 663
11 451
24 1536
22 1526
22 1526
22 1526
2 116
12 327
2 587
2 139
1 325
3 1288
2 116
7 240
0 217
355 712
8 1386
14 2339
3 2517
10 381
9 284
1 183
12 295
2 2517
17 2339
1 465
0 247
0 2517
0 55
0 281
0 247
20 1360
0 461
40 3761
0 590
2 594
17 378
23 1539
3 108
184 4338
161 1552
3 152
4 646
2 306
1 657
3 657
11 1042
210 421
1 1042
5 222
1 1034
0 270
0 1104
1 486
0 502
1 57
4 816
3 2365
17 1074
0 187
0 2236
1 2236
3 2236
4 2236
5 405
8 1110
6 497
9 222
0 120
0 151
1 1392
0 230
4 86
5 78
152 2339
0 9
0 1021
1 318
2 308
23 279
0 762
0 88
7 721
23 1027
0 500
0 89
3 86
13 159
8 733
9 725
0 276
1 497
3 1130
0 456
0 654
0 777
0 53
0 340
73 475
2 142
3 694
0 41
0 90
293 588
1 588
3 588
1 214
0 67
2 588
1 327
0 342
0 588
5 193
1 161
7 90
4 588
0 41
8 322
3 718
2 142
14 567
6 588
4 113
0 120
3 588
13 567
47 588
22 588
4 483
26 588
5 218
28 588
0 282
2 282
12 588
22 218
0 327
0 24
0 274
1 274
2 214
1 142
1 90
44 90
1 228
6 567
0 229
12 567
7 343
1 228
1 327
0 43
5 386
4 694
13 228
1 475
0 588
23 475
27 946
0 475
0 567
3 457
1 327
1 483
4 343
0 116
0 475
6 228
0 342
5 327
40 560
22 229
0 99
2 588
7 43
6 43
0 168
4 141
5 483
0 16
1 588
2 386
1 334
3 588
4 588
6 588
3 588
0 90
6 588
0 271
2 588
7 386
0 67
35 560
8 342
0 454
3 588
7 588
1 211
23 694
30 694
10 228
18 327
3 588
11 752
0 53
0 229
4 588
2 41
0 374
0 334
23 588
2 475
8 110
0 229
0 58
1 588
1 142
9 153
0 334
4 116
6 118
4 588
7 386
3 327
2 142
13 228
10 156
3 588
2 588
1 327
5 343
7 153
22 475
6 588
0 99
0 588
1 588
38 574
3 694
1 90
16 694
0 56
29 560
8 342
4 322
0 752
2 588
30 327
0 193
11 454
0 342
0 67
0 327
0 588
1 229
0 342
0 67
109 2673
0 211
11 483
0 327
1 228
4 33
7 962
1 1539
0 125
0 120
6 80
1 816
0 554
1 176
0 406
0 66
0 473
0 977
0 844
0 290
14 502
3 88
4 275
3 147
5 515
0 1205
0 1403
0 1695
8 605
6 605
3 1347
2 1347
25 1516
0 295
0 473
0 59
6 1021
16 788
113 228
0 1110
0 88
0 768
1 476
0 337
0 340
31 1695
5 127
0 308
1 378
0 241
0 452
0 284
2 1900
0 1900
1 3101
0 3101
0 6
6 218
19 664
0 158
0 423
13 951
16 951
0 623
0 399
2 1577
0 278
3 214
3 2150
0 2150
0 145
0 404
0 1074
8 336
0 362
4 594
0 216
2 439
4 527
2 1386
0 639
29 762
0 625
1 625
0 725
0 395
0 1036
2 1042
0 393
5 1539
1 368
2 1539
58 117
14 632
2 1042
1 518
1 567
0 452
0 1071
0 347
1 303
0 120
24 270
4 2237
6 2237
2 2237
0 2237
24 2237
0 233
775 1552
0 409
0 1230
2 1230
0 853
0 400
0 126
0 446
12 857
0 973
1 274
0 274
2 3390
31 3390
7 3390
4 3390
0 584
32 890
1 626
17 216
0 1346
0 247
12 287
5 79
0 196
17 191
27 7353
6 7353
228 7353
414 7353
29 7353
41 7353
373 7353
15 7353
31 7353
525 7353
2 7353
13 7353
30 7353
370 7353
8 7353
44 7353
0 141
5 2466
2 2466
0 2466
1 2466
4 1456
330 10604
330 10604
1 10604
330 10604
453 10604
330 10604
330 10604
330 10604
330 10604
330 10604
330 10604
453 10604
330 10604
330 10604
330 10604
330 10604
7 1655
5 1655
0 407
4 1162
11 1162
2 1162
6 1162
5 479
19 623
0 87
2 564
8 391
0 295
1 590
0 508
72 1695
1 47
393 788
2 788
28 788
12 788
35 788
1 788
2 788
25 788
393 788
1 230
0 739
1 436
9 1695
0 247
3 626
5 567
5 115
4 48
0 344
3 684
85 764
2 582
56 1072
4 1862
0 1862
1 369
15 876
1 625
0 233
6 937
0 937
4 937
0 230
1 421
0 272
5 218
3 812
24 826
0 919
2 887
1 1072
50 2339
13 958
0 958
11 1623
5 141
1 792
1 811
1 2330
0 2330
1 247
10 974
8 120
0 182
2 423
0 1967
0 30
0 384
0 549
35 1153
1 497
1 188
2 498
0 157
2 157
17 2339
4 950
2 57
0 135
0 473
0 962
3 448
0 163
2 414
6 1161
1 1161
2 1161
1 117
1 96
0 1403
0 1346
1 139
15 1110
0 473
4 318
0 318
1 700
0 162
4 1967
6 1539
0 1539
0 106
1 5662
2 5662
7 5662
6 5662
3 5662
23 1536
23 1536
6 625
19 2565
29 2565
19 2565
29 2565
29 2565
19 2565
42 1747
6 384
3 183
3 1249
1 1249
0 87
0 812
5 746
0 2128
1 2128
4 2128
0 473
1 67
6 124
10 178
0 764
1 379
1 2396
0 2396
2 2396
17 890
0 890
3 890
0 38
0 2407
3 2407
1 2407
8 2407
1 735
0 581
2 581
2 385
3 385
5 615
0 139
0 641
0 448
7 1064
0 1064
4 2225
4 89
0 941
0 89
0 1419
2 452
0 80
7 554
1 89
0 1294
25 1294
7 381
17 1948
6 1948
0 1948
3 1948
4 962
8 448
0 352
1 137
0 594
4 1708
0 1708
143 287
0 25
0 816
0 626
0 90
32 2339
0 1536
0 233
0 69
0 319
0 796
0 446
0 527
1 142
0 369
0 153
2 590
1 385
206 413
0 446
3 2395
1 2395
5 404
295 592
29 2163
3 2163
4 2163
3 55
19 191
1 2423
2 2423
0 2423
2 344
0 196
0 452
30 1403
1 1205
2 1205
3 1014
0 294
0 448
5 86
0 395
2 844
0 844
1 303
14 1360
0 812
53 107
0 562
0 479
6 467
25 1733
40 1733
24 1733
0 80
5 739
0 446
123 247
0 389
0 733
3 215
4 295
1 431
0 175
4 130
2 187
3 135
0 284
2 371
10 330
2 1724
0 1724
1 1724
3 549
0 919
569 1139
1 896
0 896
3 437
0 103
0 264
2 261
0 264
0 648
7 1577
2 1501
3 1501
1 1501
308 617
2 1618
0 285
7 504
1 115
1 48
0 247
0 737
0 223
0 509
0 311
8 594
238 477
0 345
2 733
9 789
3 789
0 605
5 1747
0 347
4 1511
3 1511
0 362
11 147
0 307
11 139
10 139
0 382
6 1766
10 788
1 788
6 788
4 788
11 788
0 788
2 788
11 788
5 788
17 694
1 694
5 307
3 174
3 371
5 1077
0 537
7 178
0 103
1 290
3 3159
5 3159
0 3159
1 1331
24 50
0 716
0 508
28 1909
28 1909
28 1909
0 1618
0 1618
0 384
1 384
0 102
0 94
0 585
2 474
41 535
0 261
9 295
0 169
0 148
6 183
14 876
1 733
8 1787
2 1787
0 1787
6 617
0 1553
2 1553
1 504
2 343
1 632
0 127
4 504
7 1083
2 65
15 1144
0 178
3 172
14 240
32 431
14 919
0 498
0 1618
9 1475
14 368
3 26
1 1965
21 1965
14 1965
11 1965
2 1965
39 1965
1 125
3 175
4 55
2 379
0 229
0 229
0 230
1 1042
0 344
11 323
3 746
15 876
4 479
202 406
2 504
2 171
14 575
12 764
4 1913
1 1913
0 1057
2 269
0 173
3 344
0 772
0 242
0 1695
13 1695
0 382
3 764
0 175
0 94
1 811
0 394
0 1287
0 176
9 139
0 310
0 360
5 230
1 811
1 381
1 1129
4 1129
2 1129
4 638
0 1071
32 1410
47 1410
3 1410
1 811
0 497
2 37
0 285
0 305
2 256
0 360
116 233
14 623
2 1061
4 260
0 452
0 563
6 592
7 144
6 327
0 617
1 337
3 362
2987 5976
35 5976
265 5976
185 5976
185 5976
16 5976
92 5976
5 5976
185 5976
20 1075
189 379
13 661
0 162
1 2517
10 431
0 100
1 1386
5 850
1 511
4 405
0 1102
1 1102
0 370
5 196
1 361
13 841
1 698
0 124
0 290
5 218
2 439
4 229
0 349
0 89
0 360
12 333
15 333
0 526
2 122
0 412
0 196
1 874
0 247
1 896
1 338
2 338
1 142
69 1779
889 1779
53 1779
889 1779
0 1238
17 876
0 1853
6 1853
7 1853
8 592
281 564
0 173
7 1539
0 158
1 812
5 584
0 328
6 262
0 816
1 99
4 796
6 404
5 146
6 345
5 464
3 228
6 274
459 919
0 502
0 1110
2 122
3 446
9 518
0 141
3 585
0 561
0 2808
0 1357
167 1416
0 204
1 100
281 563
0 564
0 473
31 1110
0 339
163 327
4 308
6 295
0 587
0 777
2 558
74 149
7 209
0 279
0 962
4 3095
13 3095
8 3095
14 1617
2 1617
1 1617
0 1617
0 318
6 327
3 1767
10 1767
0 1767
2 1767
13 240
0 1071
0 522
0 1618
1 465
0 465
1 465
