0 384
1 375
0 392
1 576
0 576
2 776
0 776
12 511
24 2287
8 2287
10 745
10 745
4 914
1 338
1 448
1 691
0 691
0 183
0 914
6 1155
34 1155
577 1155
1 1155
17 1155
3 1370
7 1623
0 7389
32 7389
14 7389
7 7389
19 7389
5 7389
47 7389
8 7389
31 7389
9 7389
129 7389
0 2339
4 615
22 1288
4 176
16 1265
4 1265
20 1265
4 150
3 79
0 1983
1 1983
5 1983
8 1983
2 269
198 397
1 1208
0 1208
19 1208
19 1474
10 240
0 448
0 558
1 1113
0 1113
0 79
5 305
10 400
2 388
4 590
0 1483
4 152
3 152
3 796
767 1536
0 805
0 276
14 328
1 1267
2 1267
16 1267
24 1267
0 1267
2 522
1 198
2 1013
2 1013
3 152
0 1303
2 1008
1 1008
3 327
0 562
5 737
5 737
4 264
1 175
0 44
0 89
4 1913
1 1913
10 1539
23 973
1 855
0 301
34 7645
116 7645
0 7645
14 7645
104 7645
5 7645
3 7645
4 7645
6 7645
41 7645
36 7645
7 7645
27 7645
13 7645
26 7645
15 7645
35 7645
20 7645
108 7645
23 7645
815 9306
6 9306
32 9306
15 9306
5 9306
82 9306
0 9306
3 9306
4 9306
397 9306
25 9306
2 9306
33 9306
139 9306
1 9306
69 9306
62 9306
26 9306
9 3760
85 3760
3 3760
0 3760
51 3760
12 3760
10 3760
22 3760
16 689
4 295
3 1454
0 1454
2 1454
9 1454
2 626
0 203
0 405
2 794
0 794
0 844
328 657
8 1110
4 150
0 1071
0 812
0 812
0 422
5 896
0 395
3 2339
0 135
2 324
6 721
39 79
3 204
1 811
1 368
0 380
0 380
4 384
3 152
4 98
9 68
2 446
1 777
6 777
2 884
8 884
0 1514
437 876
173 348
0 169
2 663
0 663
1 303
9 240
0 441
6 1474
0 733
4 1077
1 404
0 973
1 138
3 1618
2 567
15 876
1 176
0 2150
47 2150
14 876
5 311
4 1597
23 1597
3 1597
23 1597
1 618
0 98
0 184
1 776
0 776
0 497
6 57
0 392
0 670
2 670
0 392
0 511
1 247
0 876
1 344
0 965
769 1539
0 509
4 215
12 176
4 215
4 215
24 1386
1 283
3 764
0 465
0 792
14 10782
4 10782
6 10782
20 10782
16 10782
56 10782
12 10782
44 10782
34 10782
40 10782
37 10782
176 10782
1 10782
10 10782
17 10782
8 10782
19 10782
15 10782
45 10782
21 10782
7 10782
11 10782
35 10782
0 10782
37 10782
24 10782
4 224
17 767
9 144
57 540
0 2510
2 2510
134 269
5 269
0 1269
1 1269
1 919
0 782
0 448
1 931
0 931
2 247
4 89
5 2038
0 2038
2 2038
0 446
2 737
0 1898
1 1898
30 584
21 1360
3 2257
9 2257
1 1695
0 2339
10 1072
1 746
1 746
1 2150
5 2150
17 3410
1 3410
6 3410
4 746
1 2150
10 2150
10 764
4 746
0 456
7 590
40 2449
43 2449
95 191
3 777
7 266
2 1027
4 976
25 976
20 3000
5 3000
7 3000
146 3000
9 3000
12 3000
1 202
1 456
10 777
3 381
0 295
2 186
220 441
1 94
11 68
0 287
1 240
70 142
9 240
6 655
3 1197
7 2831
6 2831
5 2831
0 2831
1 1331
0 4210
1 4210
80 4210
3 4210
9 4210
29 4210
27 4210
6 4210
2 4210
12 4210
246 4210
4 20
3 209
0 677
1 677
1 1547
0 1547
0 888
1 888
0 344
0 413
14 1012
1 1012
22 1012
0 269
9 467
4 504
50 1110
1 585
1 2128
7 2128
3 2128
5 960
2 1483
25 1536
9 1536
16 1110
3 1069
1 1069
0 1069
1 1014
405 811
0 1110
0 423
0 93
3 183
0 384
0 724
2 2375
0 2375
6 2375
1 178
11 788
3 788
6 788
4 788
11 788
0 788
1 788
11 788
5 788
1 203
9 226
0 4949
7 4949
2 4949
26 4949
44 4949
27 4949
9 4949
0 120
63 2150
0 2150
3 2150
0 653
7 689
12 2955
8 2955
15 2955
10 2955
14 2955
0 2955
6 2955
3 1695
0 439
0 439
6 225
1 2163
2 2163
76 13875
7 13875
11 13875
33 13875
35 13875
54 13875
0 13875
1 13875
68 13875
14 13875
1570 13875
73 13875
55 13875
18 13875
3 2339
3 222
4 150
3 1164
7 1164
5 1164
0 2347
1 2347
3 2347
2 2347
0 633
0 384
17 3126
15 3126
8 3126
5 3126
6 3126
18 3126
9 3126
4 1078
0 1078
9 1078
2 267
0 1926
30 526
3 812
12 858
12 5657
10 5657
13 5657
4 5657
0 5657
1 5657
14 5657
177 5657
1 1042
0 423
5 218
10 172
50 1307
78 1021
1 384
8 400
11 240
4 247
1 176
0 247
2 124
1 618
0 247
0 1708
17 1708
12 1708
1 1708
0 762
1 762
3 152
5 371
0 264
1 442
0 442
0 389
108 5642
12 5642
49 5642
232 5642
8 5642
22 5642
4 5642
5 416
4 223
0 86
23 543
9 1403
7 1403
1 679
1 2517
0 87
344 689
9 336
0 89
0 153
26 1403
5 1963
17 1963
4 2002
12 2002
2 2002
11 147
3 147
3 163
11 264
1 1539
11 264
3 590
0 181
120 241
2 465
70 764
68 764
11 764
10 295
0 1652
1 1652
4 1967
0 86
0 1110
3 1183
1 1183
0 1183
0 876
0 389
0 1124
1 1124
6 1014
0 961
3 961
6 961
0 526
1 359
19 1130
0 257
10 1386
6 842
520 1042
0 257
1 2403
80 2403
18 2403
0 106
7 375
17 617
0 270
11 270
1 340
6 327
0 380
1 518
2 587
0 587
0 384
0 424
0 264
3 699
14 1317
15 1317
0 1317
3 120
7 594
0 538
0 603
7 1130
3 344
10 240
1 1241
0 122
0 855
0 1898
1 1898
0 1898
1 1898
1 384
8 17
18 914
0 777
5 163
4 4713
7 4713
1 4713
440 4713
0 4713
9 4713
0 44
0 2150
11 2150
1 2150
6 2150
8 402
132 266
0 781
5 781
1 781
2 781
331 664
4 689
1 874
0 796
7 796
99 1464
2 1464
7 1464
0 548
2 382
5 233
2 663
8 257
252 506
5 1012
2 257
1 626
2 371
390 782
6 3816
1 3816
2 3816
3 3816
0 3816
11 3816
25 3816
0 340
1 1347
0 1347
1 149
4 554
0 364
10 364
15 295
54 435
2 695
3 1247
1 1247
3 423
3 914
0 265
2 631
1 631
1 186
0 518
85 171
255 511
3 431
0 2308
1 2308
6 2303
0 2303
2 145
1 145
7 145
8 467
258 518
1 405
7 318
10 423
6 324
2 389
18 8726
5 8726
89 8726
22 8726
238 8726
50 8726
308 8726
66 8726
36 8726
0 8726
3 8726
38 8726
41 8726
1 422
2 108
0 456
0 1036
1 1036
18 391
0 344
0 679
2 154
198 397
39 3066
40 3066
52 3066
2 1214
11 1214
33 1595
79 1595
381 764
0 457
0 368
0 376
3 209
3 209
2 1191
0 1191
0 592
10 378
70 141
0 389
0 446
4 264
0 526
1 1110
6366 12734
56 12734
0 12734
54 12734
71 12734
86 12734
6366 12734
51 12734
14 12734
372 12734
148 12734
148 12734
181 12734
156 12734
146 12734
550 12734
163 12734
205 12734
3 203
0 89
0 653
18 295
0 841
0 441
5 384
0 876
38 1264
631 1264
50 1264
0 404
0 1483
0 1110
1 590
3 590
6 264
0 107
17 1386
0 148
4 89
10 842
34 461
1 669
0 669
4 737
3 699
3 423
6 737
0 107
0 107
0 148
0 473
6 2629
1 2629
9 2629
4 2629
0 384
2 1589
1 1589
0 1589
3 113
0 2696
1 2696
2 2696
0 774
11 664
493 987
1 987
3 987
30 4344
3 4344
10 4344
9 4344
4 4344
8 4344
11 4344
3 222
19 626
20 1376
20 1376
20 1376
20 1376
0 558
10 680
0 680
4 234
4 177
5 177
13 384
0 441
28 441
1 376
1 1511
3 1511
10 522
1 522
0 169
0 737
11 664
5 479
1 2238
3 2238
2 2238
7 2238
18 1074
11 737
0 762
1258 2517
37 788
1 2300
4 2300
2 762
0 618
0 183
6 270
5 558
0 252
16 295
12 1913
28 1913
6 656
9 656
2 656
11 240
1 423
70 764
21 373
0 446
1 357
3 423
3 632
3 590
0 562
18 456
0 9
293 587
0 562
12 1014
0 774
0 404
1 567
1 1407
1 594
1 690
0 690
0 250
1 127
29 295
2 2725
5 2725
3 2725
4 2725
0 2725
1 442
0 442
1 518
0 508
0 269
1 269
0 38
1 6094
11 6094
9 6094
8 6094
12 6094
684 1370
41 2737
1 2737
22 1409
41 526
3 465
1 339
3 960
0 960
29 382
1 295
0 404
0 431
1 1536
3 615
0 844
0 308
0 504
0 560
0 730
1 730
0 764
0 1701
11 240
141 283
4 596
0 392
1 2339
3 2339
0 303
0 461
21 563
17 438
0 122
12 980
5 980
9 845
1 665
12 378
1 352
7 889
4 889
0 189
0 431
0 751
4 526
22 1955
23 1955
14 1955
58 1955
2 1955
3 1955
103 9453
93 9453
92 9453
26 9453
19 9453
146 9453
6 9453
58 9453
20 9453
100 9453
83 9453
82 9453
55 9453
75 9453
38 9453
5 3604
43 3604
46 3604
1801 3604
20 3604
1 2982
11 2982
2 2982
5 2982
10 2982
2 1152
2 499
0 181
1 181
124 249
5 613
12 395
2 575
0 122
16 1114
5 1114
141 283
141 283
0 241
4 55
327 655
1 1887
0 1887
5 1887
4 7512
13 7512
15 7512
16 7512
2 7512
18 7512
7 7512
366 7512
85 7512
519 7512
103 7512
19 7512
54 7512
10 7512
441 7512
4 328
7 623
5 106
0 82
2 305
5 196
75 151
23 439
3 328
6 2031
36 4370
31 4370
26 4370
35 4370
17 4370
19 4370
29 4370
20 4370
2 340
0 360
1 269
0 413
13 887
2 187
3 187
3 534
1 1539
13 726
10 257
5 202
1 764
0 764
0 473
2 729
1 729
3 729
2 174
6 593
1 326
3 282
29 59
1 2849
44 2849
6 2849
28 2849
1 225
15 435
6 435
0 522
6 146
0 479
9 399
0 587
0 562
20 788
8 788
29 788
24 788
49 788
0 788
1 788
49 788
16 788
14 473
17 473
7 1528
2 1528
19 1904
15 1904
7 733
2 219
14 2417
4 2417
36 594
34 594
21 594
1 620
0 620
0 476
7 476
0 405
3 1695
0 91
4 91
0 1223
1 1223
3 1223
11 479
2 328
6 1879
2 1879
82 4834
1 4834
40 4834
0 4834
20 4834
39 4834
1 145
13 739
3 336
7 361
9 177
0 413
379 759
2 191
2 191
14 240
2 233
2 177
1 176
5 318
0 807
1 807
0 761
4 446
1 931
0 931
0 1074
39 812
12 287
17 764
1 1043
1 857
1 922
2 558
13 558
7 279
86 173
64 130
0 617
3 617
3 1707
2 1707
9 4275
2 4275
3 4275
0 4275
6 4275
1 1149
0 1149
2 1149
2 2971
3 2971
0 336
2 318
0 1026
1 92
0 92
0 311
1 161
4 774
5 127
1 379
1 400
5 428
6 381
2 562
0 497
7 393
2 279
12 323
7 395
14 223
0 362
22 509
5 2434
6 716
7 388
19 233
0 484
1 484
1 484
0 1075
1 1075
19 1075
18 1075
6 118
2 114
421 844
421 844
3 306
1 1742
2 1742
0 1742
3 441
5 655
33 764
0 509
484 3737
0 3737
2 3737
1 3737
11 562
1090 2181
0 338
0 40
1 379
3 405
1 474
0 98
2 1143
183 368
6 699
1 343
12 126
0 1644
3 1644
1 767
8 767
383 767
7 20
11 310
6 354
0 61
3 297
363 727
6 395
0 1618
0 233
190 381
8 473
8 217
3 152
383 768
1 171
0 567
0 301
0 461
393 788
4 788
25 788
26 788
393 788
1 788
2 788
393 788
20 788
1 405
0 653
3 139
3 324
0 973
1 1386
0 633
21 664
5 1618
15 395
0 295
6 344
5 230
1109 2219
0 385
28 527
0 1926
1 1926
3 548
0 919
13 699
4 472
4 327
0 821
2 821
1 821
0 526
4 567
11 1012
8 1012
2 1012
2 562
53 739
5 266
113 227
0 241
6 635
2 391
6 177
3 407
6 435
26 535
21 527
2 371
8 371
1 240
0 57
148 297
0 262
1 361
20 1312
0 84
6 287
0 509
2 585
7 592
20 812
145 2339
144 290
0 948
1 948
0 448
30 973
6 360
1 389
45 1646
2 2101
0 2101
3 2101
4 2101
5 876
12 472
2 265
2 777
3 502
9 137
104 209
2 144
0 183
0 370
67 135
2 120
13 962
18 721
0 114
2 3218
2 1747
0 231
4 1110
0 153
0 290
0 397
6 325
12 319
11 382
25 5267
13 5267
9 5267
18 5267
69 5267
12 5267
62 5267
81 5267
5 5267
6 5267
8 5267
0 5267
20 5267
47 5267
5 1034
0 1034
6 2191
1 2191
16 247
12 247
44 1416
169 1027
3 319
0 1042
9 384
0 163
0 127
1 484
5 900
1 544
22 265
6 368
0 930
14 2416
13 2416
15 2416
23 919
1 407
0 382
0 247
0 233
2 1183
1 1183
0 1183
1 1185
0 382
0 340
0 3763
3 3763
7 177
16 477
1 141
22 242
0 295
1 295
2 395
27 615
2 308
0 1695
29 511
0 227
0 257
3 2339
7 395
1 359
0 761
16 257
0 176
3 336
0 195
1 365
11 240
2 230
2 196
8 338
5 1116
2 1116
4 1124
0 300
5 1623
27 906
1 57
2 188
0 1057
0 233
2 721
7 318
0 735
3 699
2 446
0 310
0 165
16 465
3 1130
339 679
1 392
11 348
0 1898
1 1898
2 472
2 950
1 950
3 950
0 191
3 1695
0 324
2 282
0 861
3 1695
23 360
0 960
3 388
2 1701
0 453
1 453
0 247
2 461
32 295
1 1042
274 549
14 319
3 1110
6 2517
0 866
1 866
8 141
2 387
5 48
0 1791
3 1791
1 511
3 275
7 286
0 423
2 191
9 950
5 509
0 861
0 364
9 364
0 378
0 3651
0 364
10 364
0 298
6 679
3 654
6 177
11 605
11 392
10 392
1 569
0 43
3 414
4 272
4 327
1 2050
0 2050
2 2050
0 617
3 927
13 1268
7 1268
10 1268
18 1413
78 157
11 317
394 790
394 790
0 812
20 1077
8 584
27 562
20 1360
2 1695
24 405
2 587
5 127
3 1592
0 1592
2 1719
0 1719
1 1719
0 548
1 548
2 195
1 352
0 1043
6 2703
4 2703
5 2703
41 2703
46 1165
12 395
1 1323
0 1323
2 1323
5 1323
3 1323
0 118
3 165
8 663
9 451
29 1536
22 1526
22 1526
22 1526
2 116
11 327
2 587
2 139
1 325
8 1288
2 116
6 240
0 217
355 712
8 1386
31 2339
2 2517
9 381
14 284
0 183
6 295
3 2517
17 2339
1 465
0 247
0 2517
0 55
0 281
0 247
20 1360
0 461
38 3761
0 590
2 594
16 378
23 1539
3 108
186 4338
145 1552
3 152
2 646
2 306
1 657
4 657
13 1042
210 421
1 1042
5 222
1 1034
0 270
0 1104
1 486
0 502
1 57
4 816
5 2365
17 1074
0 187
0 2236
1 2236
3 2236
4 2236
202 405
8 1110
8 497
9 222
0 120
0 151
1 1392
0 230
4 86
5 78
149 2339
0 9
0 1021
1 318
3 308
20 279
2 762
0 88
6 721
19 1027
0 500
0 89
3 86
14 159
7 733
7 725
0 276
1 497
3 1130
0 456
0 654
0 777
0 53
0 340
72 475
2 142
3 694
0 41
0 90
293 588
1 588
3 588
1 214
0 67
2 588
1 327
0 342
0 588
6 193
1 161
7 90
5 588
0 41
13 322
3 718
2 142
16 567
8 588
3 113
0 120
3 588
13 567
49 588
26 588
12 483
26 588
5 218
293 588
0 282
6 282
29 588
108 218
0 327
1 24
0 274
1 274
2 214
1 142
2 90
44 90
1 228
6 567
0 229
13 567
5 343
1 228
1 327
0 43
5 386
5 694
17 228
1 475
0 588
27 475
25 946
0 475
0 567
3 457
2 327
1 483
4 343
0 116
0 475
6 228
0 342
9 327
45 560
21 229
0 99
4 588
7 43
7 43
0 168
6 141
5 483
0 16
2 588
3 386
1 334
3 588
4 588
7 588
3 588
0 90
5 588
0 271
2 588
6 386
0 67
44 560
8 342
2 454
3 588
7 588
0 211
23 694
31 694
9 228
16 327
4 588
13 752
0 53
0 229
12 588
2 41
0 374
0 334
18 588
3 475
8 110
0 229
0 58
0 588
1 142
9 153
0 334
3 116
7 118
3 588
6 386
3 327
2 142
11 228
10 156
3 588
2 588
1 327
6 343
8 153
27 475
5 588
0 99
0 588
3 588
33 574
3 694
1 90
19 694
0 56
31 560
8 342
1 322
0 752
2 588
27 327
0 193
20 454
0 342
0 67
0 327
0 588
1 229
0 342
0 67
127 2673
0 211
14 483
0 327
2 228
4 33
6 962
1 1539
0 125
0 120
6 80
1 816
0 554
1 176
0 406
0 66
0 473
0 977
0 844
0 290
15 502
3 88
4 275
3 147
5 515
0 1205
0 1403
0 1695
8 605
5 605
3 1347
2 1347
25 1516
0 295
0 473
0 59
6 1021
7 788
113 228
0 1110
0 88
0 768
1 476
4 337
0 340
16 1695
5 127
0 308
1 378
0 241
0 452
0 284
2 1900
0 1900
1 3101
0 3101
0 6
6 218
25 664
0 158
0 423
21 951
22 951
0 623
0 399
2 1577
0 278
3 214
3 2150
0 2150
0 145
0 404
0 1074
8 336
0 362
4 594
0 216
2 439
4 527
3 1386
0 639
32 762
0 625
1 625
0 725
0 395
0 1036
2 1042
1 393
5 1539
1 368
2 1539
58 117
14 632
2 1042
1 518
1 567
0 452
0 1071
0 347
1 303
0 120
25 270
3 2237
7 2237
2 2237
1 2237
26 2237
0 233
775 1552
0 409
0 1230
2 1230
0 853
1 400
0 126
0 446
11 857
0 973
1 274
0 274
2 3390
32 3390
6 3390
3 3390
0 584
31 890
1 626
107 216
0 1346
0 247
15 287
4 79
0 196
22 191
25 7353
8 7353
228 7353
136 7353
28 7353
39 7353
401 7353
10 7353
29 7353
522 7353
3 7353
26 7353
36 7353
172 7353
12 7353
43 7353
0 141
36 2466
35 2466
0 2466
2 2466
4 1456
330 10604
330 10604
1 10604
330 10604
453 10604
330 10604
330 10604
330 10604
330 10604
330 10604
330 10604
453 10604
330 10604
330 10604
330 10604
330 10604
5 1655
3 1655
0 407
4 1162
11 1162
1 1162
7 1162
5 479
25 623
0 87
2 564
8 391
0 295
1 590
0 508
74 1695
1 47
393 788
2 788
26 788
11 788
35 788
1 788
2 788
23 788
393 788
1 230
0 739
1 436
11 1695
0 247
6 626
5 567
5 115
3 48
0 344
4 684
82 764
3 582
46 1072
5 1862
0 1862
1 369
16 876
1 625
0 233
6 937
0 937
4 937
0 230
1 421
0 272
5 218
3 812
19 826
0 919
2 887
1 1072
44 2339
15 958
0 958
12 1623
7 141
1 792
1 811
1 2330
0 2330
1 247
11 974
9 120
0 182
2 423
0 1967
0 30
1 384
0 549
35 1153
1 497
1 188
3 498
0 157
2 157
19 2339
5 950
2 57
0 135
1 473
0 962
3 448
0 163
2 414
7 1161
1 1161
2 1161
1 117
2 96
0 1403
0 1346
1 139
26 1110
0 473
3 318
0 318
2 700
0 162
4 1967
6 1539
0 1539
0 106
1 5662
7 5662
8 5662
5 5662
6 5662
23 1536
23 1536
6 625
19 2565
29 2565
19 2565
29 2565
29 2565
19 2565
66 1747
7 384
5 183
3 1249
0 1249
0 87
0 812
4 746
0 2128
1 2128
4 2128
0 473
1 67
6 124
7 178
0 764
2 379
1 2396
0 2396
2 2396
17 890
0 890
3 890
0 38
0 2407
3 2407
1 2407
8 2407
1 735
0 581
2 581
2 385
3 385
5 615
0 139
0 641
0 448
15 1064
0 1064
4 2225
4 89
0 941
0 89
0 1419
2 452
0 80
7 554
1 89
0 1294
33 1294
5 381
17 1948
6 1948
0 1948
3 1948
3 962
8 448
0 352
68 137
0 594
4 1708
0 1708
143 287
0 25
1 816
0 626
0 90
37 2339
0 1536
0 233
0 69
0 319
0 796
0 446
0 527
1 142
0 369
0 153
12 590
1 385
206 413
0 446
3 2395
0 2395
2 404
295 592
28 2163
0 2163
2 2163
2 55
18 191
2 2423
3 2423
0 2423
2 344
0 196
0 452
26 1403
1 1205
2 1205
3 1014
0 294
0 448
42 86
0 395
11 844
0 844
2 303
14 1360
0 812
53 107
0 562
0 479
5 467
31 1733
38 1733
32 1733
0 80
5 739
0 446
123 247
0 389
0 733
3 215
4 295
1 431
0 175
4 130
5 187
4 135
0 284
2 371
10 330
2 1724
0 1724
1 1724
2 549
0 919
569 1139
1 896
0 896
3 437
0 103
0 264
2 261
0 264
0 648
5 1577
2 1501
3 1501
1 1501
308 617
2 1618
0 285
7 504
1 115
1 48
0 247
0 737
0 223
0 509
0 311
8 594
238 477
0 345
1 733
11 789
3 789
0 605
5 1747
0 347
3 1511
2 1511
0 362
11 147
0 307
9 139
10 139
0 382
17 1766
10 788
1 788
6 788
4 788
11 788
0 788
2 788
11 788
5 788
17 694
1 694
6 307
1 174
2 371
538 1077
0 537
9 178
0 103
1 290
3 3159
5 3159
0 3159
1 1331
24 50
0 716
0 508
28 1909
28 1909
28 1909
1 1618
0 1618
0 384
0 384
0 102
0 94
0 585
4 474
39 535
0 261
23 295
0 169
0 148
6 183
14 876
1 733
8 1787
2 1787
0 1787
7 617
0 1553
2 1553
1 504
2 343
1 632
0 127
6 504
7 1083
2 65
13 1144
0 178
3 172
13 240
33 431
16 919
0 498
1 1618
8 1475
16 368
3 26
2 1965
13 1965
11 1965
8 1965
1 1965
37 1965
1 125
3 175
4 55
2 379
0 229
0 229
0 230
1 1042
0 344
11 323
3 746
15 876
4 479
202 406
2 504
2 171
14 575
15 764
4 1913
1 1913
1 1057
2 269
0 173
3 344
0 772
0 242
0 1695
14 1695
0 382
4 764
0 175
0 94
1 811
0 394
0 1287
0 176
10 139
0 310
0 360
5 230
1 811
0 381
0 1129
6 1129
1 1129
3 638
0 1071
10 1410
44 1410
4 1410
1 811
0 497
3 37
0 285
0 305
3 256
0 360
116 233
14 623
2 1061
4 260
0 452
0 563
6 592
7 144
25 327
0 617
2 337
3 362
2987 5976
34 5976
275 5976
185 5976
185 5976
18 5976
92 5976
5 5976
185 5976
20 1075
189 379
10 661
0 162
1 2517
10 431
0 100
1 1386
8 850
1 511
4 405
0 1102
1 1102
0 370
5 196
1 361
13 841
4 698
0 124
0 290
5 218
2 439
4 229
0 349
0 89
0 360
17 333
15 333
0 526
2 122
0 412
0 196
1 874
0 247
1 896
1 338
2 338
0 142
79 1779
889 1779
56 1779
889 1779
0 1238
17 876
0 1853
4 1853
5 1853
4 592
281 564
0 173
9 1539
0 158
1 812
5 584
0 328
4 262
0 816
1 99
12 796
6 404
5 146
6 345
5 464
3 228
6 274
459 919
0 502
0 1110
4 122
2 446
10 518
0 141
4 585
0 561
0 2808
0 1357
158 1416
0 204
2 100
281 563
0 564
0 473
30 1110
0 339
163 327
3 308
8 295
0 587
0 777
2 558
74 149
7 209
0 279
0 962
3 3095
10 3095
6 3095
13 1617
1 1617
2 1617
0 1617
0 318
6 327
2 1767
8 1767
0 1767
3 1767
15 240
0 1071
0 522
0 1618
1 465
0 465
1 465
