0 384
0 375
0 392
1 576
0 576
2 776
0 776
12 511
18 2287
2 2287
4 745
4 745
8 914
1 338
0 448
1 691
0 691
0 183
1 914
29 1155
35 1155
577 1155
3 1155
6 1155
3 1370
7 1623
0 7389
18 7389
17 7389
10 7389
34 7389
9 7389
46 7389
8 7389
32 7389
7 7389
515 7389
0 2339
4 615
15 1288
4 176
13 1265
11 1265
6 1265
1 150
3 79
0 1983
1 1983
7 1983
14 1983
2 269
16 397
2 1208
0 1208
22 1208
23 1474
6 240
0 448
0 558
1 1113
0 1113
0 79
6 305
8 400
2 388
3 590
0 1483
4 152
3 152
0 796
767 1536
0 805
0 276
14 328
1 1267
2 1267
14 1267
21 1267
0 1267
1 522
2 198
2 1013
2 1013
3 152
0 1303
2 1008
0 1008
3 327
0 562
5 737
5 737
4 264
1 175
0 44
0 89
4 1913
1 1913
5 1539
5 973
2 855
0 301
37 7645
70 7645
0 7645
21 7645
99 7645
5 7645
3 7645
4 7645
6 7645
35 7645
48 7645
7 7645
23 7645
14 7645
24 7645
15 7645
34 7645
22 7645
119 7645
25 7645
688 9306
6 9306
35 9306
11 9306
4 9306
65 9306
0 9306
3 9306
5 9306
227 9306
26 9306
2 9306
32 9306
129 9306
1 9306
89 9306
57 9306
23 9306
6 3760
118 3760
1 3760
0 3760
30 3760
14 3760
9 3760
5 3760
6 689
4 295
4 1454
0 1454
2 1454
11 1454
1 626
0 203
0 405
1 794
0 794
0 844
328 657
8 1110
4 150
1 1071
0 812
0 812
0 422
3 896
0 395
3 2339
0 135
2 324
5 721
4 79
3 204
1 811
1 368
0 380
0 380
2 384
2 152
0 98
9 68
2 446
1 777
12 777
2 884
8 884
0 1514
26 876
173 348
0 169
2 663
0 663
1 303
0 240
0 441
5 1474
0 733
4 1077
0 404
0 973
1 138
4 1618
3 567
14 876
1 176
0 2150
17 2150
14 876
7 311
5 1597
11 1597
4 1597
23 1597
1 618
0 98
0 184
2 776
0 776
0 497
5 57
0 392
0 670
2 670
0 392
0 511
0 247
0 876
1 344
3 965
37 1539
0 509
4 215
12 176
4 215
4 215
12 1386
1 283
2 764
0 465
0 792
14 10782
7 10782
4 10782
17 10782
15 10782
42 10782
16 10782
40 10782
24 10782
33 10782
26 10782
145 10782
2 10782
5 10782
11 10782
12 10782
38 10782
19 10782
41 10782
18 10782
6 10782
10 10782
35 10782
0 10782
26 10782
21 10782
4 224
12 767
2 144
48 540
0 2510
4 2510
134 269
5 269
0 1269
1 1269
1 919
0 782
0 448
1 931
0 931
1 247
4 89
2 2038
4 2038
3 2038
1 446
0 737
0 1898
1 1898
29 584
19 1360
3 2257
13 2257
1 1695
0 2339
6 1072
1 746
1 746
1 2150
4 2150
18 3410
1 3410
3 3410
3 746
1 2150
8 2150
10 764
3 746
0 456
8 590
3 2449
1 2449
26 191
0 777
6 266
2 1027
2 976
22 976
21 3000
6 3000
7 3000
147 3000
12 3000
9 3000
1 202
1 456
9 777
3 381
0 295
2 186
220 441
1 94
10 68
0 287
0 240
70 142
8 240
9 655
3 1197
7 2831
6 2831
4 2831
0 2831
1 1331
0 4210
1 4210
46 4210
3 4210
9 4210
30 4210
29 4210
6 4210
2 4210
12 4210
232 4210
4 20
2 209
0 677
1 677
1 1547
0 1547
0 888
1 888
0 344
1 413
14 1012
2 1012
14 1012
0 269
0 467
1 504
57 1110
1 585
0 2128
6 2128
4 2128
4 960
1 1483
25 1536
9 1536
11 1110
4 1069
2 1069
0 1069
1 1014
405 811
0 1110
0 423
0 93
3 183
0 384
0 724
2 2375
0 2375
6 2375
1 178
19 788
3 788
6 788
5 788
20 788
0 788
1 788
20 788
4 788
1 203
9 226
0 4949
9 4949
3 4949
23 4949
47 4949
39 4949
38 4949
0 120
57 2150
0 2150
3 2150
0 653
6 689
9 2955
8 2955
15 2955
12 2955
13 2955
0 2955
5 2955
2 1695
0 439
0 439
4 225
1 2163
2 2163
67 13875
3 13875
28 13875
43 13875
55 13875
48 13875
5 13875
1 13875
81 13875
24 13875
1787 13875
119 13875
60 13875
7 13875
3 2339
3 222
4 150
3 1164
7 1164
5 1164
1 2347
0 2347
3 2347
4 2347
0 633
0 384
19 3126
17 3126
7 3126
5 3126
6 3126
21 3126
11 3126
4 1078
0 1078
13 1078
0 267
0 1926
30 526
3 812
12 858
8 5657
12 5657
11 5657
6 5657
0 5657
4 5657
17 5657
146 5657
1 1042
0 423
5 218
9 172
51 1307
65 1021
1 384
6 400
8 240
1 247
1 176
0 247
1 124
1 618
0 247
1 1708
13 1708
10 1708
2 1708
0 762
1 762
3 152
6 371
0 264
1 442
0 442
0 389
84 5642
7 5642
74 5642
251 5642
27 5642
22 5642
2 5642
2 416
0 223
0 86
15 543
3 1403
7 1403
1 679
1 2517
0 87
8 689
9 336
0 89
0 153
19 1403
5 1963
17 1963
6 2002
12 2002
1 2002
11 147
1 147
4 163
6 264
1 1539
7 264
2 590
0 181
27 241
2 465
82 764
79 764
11 764
9 295
0 1652
1 1652
4 1967
0 86
0 1110
2 1183
1 1183
0 1183
0 876
0 389
0 1124
1 1124
8 1014
0 961
3 961
6 961
0 526
0 359
22 1130
0 257
10 1386
8 842
42 1042
0 257
5 2403
67 2403
21 2403
1 106
3 375
18 617
0 270
1 270
1 340
7 327
0 380
1 518
3 587
0 587
0 384
0 424
0 264
2 699
6 1317
0 1317
2 1317
2 120
9 594
0 538
0 603
8 1130
1 344
5 240
1 1241
0 122
0 855
0 1898
1 1898
0 1898
1 1898
1 384
0 17
17 914
0 777
7 163
5 4713
9 4713
1 4713
395 4713
0 4713
10 4713
0 44
0 2150
10 2150
2 2150
5 2150
8 402
132 266
0 781
5 781
1 781
2 781
331 664
3 689
0 874
0 796
1 796
72 1464
2 1464
5 1464
0 548
2 382
2 233
2 663
10 257
252 506
7 1012
1 257
1 626
1 371
390 782
5 3816
0 3816
2 3816
3 3816
1 3816
11 3816
27 3816
0 340
1 1347
0 1347
1 149
0 554
2 364
10 364
15 295
37 435
0 695
3 1247
6 1247
3 423
0 914
0 265
3 631
1 631
0 186
0 518
13 171
255 511
4 431
1 2308
0 2308
10 2303
0 2303
3 145
1 145
11 145
5 467
29 518
1 405
5 318
9 423
1 324
1 389
17 8726
1 8726
189 8726
22 8726
212 8726
26 8726
232 8726
43 8726
9 8726
0 8726
2 8726
53 8726
28 8726
3 422
1 108
0 456
0 1036
1 1036
21 391
0 344
0 679
3 154
198 397
37 3066
7 3066
50 3066
2 1214
3 1214
17 1595
82 1595
381 764
0 457
0 368
0 376
2 209
3 209
1 1191
0 1191
0 592
10 378
70 141
0 389
0 446
4 264
0 526
2 1110
1402 12734
48 12734
0 12734
65 12734
83 12734
76 12734
1637 12734
34 12734
11 12734
400 12734
145 12734
145 12734
203 12734
162 12734
154 12734
334 12734
181 12734
281 12734
3 203
0 89
0 653
16 295
0 841
0 441
4 384
0 876
38 1264
631 1264
50 1264
0 404
0 1483
0 1110
1 590
1 590
5 264
0 107
13 1386
0 148
0 89
10 842
33 461
1 669
0 669
6 737
4 699
3 423
5 737
0 107
0 107
0 148
0 473
5 2629
3 2629
8 2629
2 2629
0 384
1 1589
2 1589
0 1589
3 113
0 2696
1 2696
2 2696
0 774
6 664
493 987
0 987
1 987
31 4344
6 4344
11 4344
13 4344
5 4344
9 4344
12 4344
3 222
6 626
37 1376
2 1376
35 1376
4 1376
0 558
9 680
0 680
2 234
6 177
4 177
4 384
0 441
23 441
2 376
1 1511
4 1511
3 522
1 522
0 169
1 737
8 664
4 479
1 2238
2 2238
3 2238
7 2238
17 1074
9 737
0 762
30 2517
37 788
0 2300
3 2300
1 762
0 618
0 183
3 270
5 558
0 252
20 295
14 1913
28 1913
4 656
9 656
1 656
6 240
0 423
85 764
13 373
3 446
3 357
3 423
5 632
1 590
0 562
15 456
0 9
293 587
0 562
15 1014
0 774
0 404
1 567
2 1407
2 594
1 690
0 690
0 250
1 127
28 295
2 2725
6 2725
4 2725
5 2725
1 2725
2 442
0 442
1 518
0 508
0 269
1 269
0 38
2 6094
21 6094
16 6094
15 6094
38 6094
6 1370
11 2737
4 2737
24 1409
16 526
4 465
1 339
2 960
0 960
29 382
1 295
0 404
1 431
3 1536
3 615
0 844
0 308
1 504
0 560
0 730
1 730
0 764
0 1701
11 240
141 283
3 596
0 392
2 2339
4 2339
0 303
0 461
25 563
17 438
0 122
16 980
5 980
10 845
0 665
17 378
1 352
7 889
5 889
0 189
0 431
0 751
2 526
3 1955
7 1955
2 1955
17 1955
1 1955
4 1955
153 9453
127 9453
129 9453
48 9453
28 9453
196 9453
13 9453
88 9453
41 9453
142 9453
161 9453
115 9453
71 9453
114 9453
64 9453
5 3604
46 3604
49 3604
1801 3604
21 3604
1 2982
13 2982
2 2982
5 2982
10 2982
2 1152
3 499
0 181
1 181
124 249
7 613
9 395
2 575
0 122
7 1114
4 1114
141 283
141 283
0 241
5 55
6 655
3 1887
4 1887
13 1887
5 7512
12 7512
17 7512
11 7512
3 7512
19 7512
8 7512
352 7512
77 7512
503 7512
90 7512
21 7512
49 7512
6 7512
422 7512
4 328
10 623
6 106
0 82
2 305
2 196
18 151
18 439
3 328
10 2031
61 4370
57 4370
52 4370
60 4370
27 4370
46 4370
54 4370
43 4370
3 340
0 360
1 269
1 413
14 887
1 187
6 187
3 534
2 1539
14 726
14 257
5 202
1 764
0 764
0 473
1 729
3 729
2 729
3 174
6 593
1 326
3 282
29 59
1 2849
55 2849
6 2849
39 2849
1 225
14 435
1 435
0 522
4 146
0 479
11 399
1 587
0 562
28 788
11 788
40 788
35 788
57 788
0 788
2 788
57 788
26 788
24 473
17 473
7 1528
1 1528
25 1904
14 1904
9 733
1 219
9 2417
2 2417
42 594
31 594
27 594
1 620
0 620
1 476
9 476
0 405
4 1695
0 91
4 91
0 1223
1 1223
3 1223
11 479
2 328
5 1879
1 1879
30 4834
15 4834
17 4834
0 4834
28 4834
14 4834
1 145
12 739
3 336
10 361
8 177
0 413
379 759
2 191
2 191
17 240
2 233
2 177
0 176
5 318
0 807
2 807
0 761
2 446
1 931
0 931
0 1074
34 812
11 287
14 764
1 1043
1 857
1 922
2 558
13 558
8 279
86 173
64 130
0 617
1 617
3 1707
2 1707
8 4275
6 4275
3 4275
0 4275
7 4275
1 1149
0 1149
2 1149
1 2971
2 2971
1 336
3 318
0 1026
0 92
1 92
0 311
1 161
2 774
5 127
0 379
4 400
4 428
2 381
2 562
0 497
3 393
1 279
7 323
5 395
12 223
0 362
18 509
5 2434
4 716
9 388
19 233
0 484
0 484
0 484
1 1075
1 1075
3 1075
18 1075
6 118
2 114
421 844
421 844
2 306
1 1742
2 1742
0 1742
3 441
5 655
52 764
2 509
328 3737
0 3737
2 3737
1 3737
15 562
1090 2181
0 338
0 40
2 379
1 405
1 474
0 98
2 1143
183 368
6 699
1 343
13 126
0 1644
1 1644
0 767
3 767
383 767
7 20
11 310
4 354
0 61
4 297
363 727
5 395
0 1618
1 233
190 381
5 473
10 217
3 152
383 768
6 171
0 567
0 301
0 461
31 788
4 788
29 788
20 788
46 788
0 788
1 788
48 788
16 788
1 405
0 653
3 139
3 324
0 973
3 1386
0 633
21 664
8 1618
11 395
0 295
6 344
2 230
1109 2219
0 385
30 527
0 1926
1 1926
2 548
0 919
12 699
5 472
3 327
0 821
2 821
1 821
0 526
3 567
24 1012
7 1012
3 1012
3 562
53 739
5 266
113 227
0 241
13 635
2 391
5 177
5 407
7 435
25 535
23 527
2 371
3 371
1 240
0 57
148 297
0 262
0 361
25 1312
0 84
4 287
0 509
1 585
6 592
26 812
151 2339
144 290
0 948
1 948
0 448
36 973
6 360
1 389
56 1646
2 2101
0 2101
3 2101
5 2101
6 876
7 472
3 265
3 777
6 502
9 137
10 209
2 144
0 183
0 370
67 135
3 120
26 962
14 721
0 114
1 3218
2 1747
0 231
4 1110
0 153
2 290
0 397
9 325
16 319
10 382
27 5267
20 5267
11 5267
13 5267
81 5267
21 5267
72 5267
89 5267
6 5267
7 5267
8 5267
1 5267
16 5267
48 5267
5 1034
0 1034
9 2191
1 2191
15 247
15 247
50 1416
168 1027
4 319
2 1042
14 384
2 163
0 127
1 484
7 900
2 544
26 265
3 368
0 930
13 2416
11 2416
14 2416
27 919
2 407
0 382
0 247
0 233
2 1183
1 1183
0 1183
1 1185
0 382
0 340
0 3763
8 3763
7 177
4 477
0 141
3 242
1 295
2 295
3 395
24 615
3 308
0 1695
30 511
0 227
0 257
2 2339
1 395
0 359
0 761
8 257
0 176
3 336
0 195
1 365
10 240
2 230
3 196
8 338
4 1116
3 1116
6 1124
0 300
6 1623
43 906
1 57
0 188
0 1057
0 233
2 721
6 318
0 735
3 699
2 446
0 310
0 165
10 465
8 1130
68 679
0 392
13 348
0 1898
1 1898
2 472
1 950
0 950
5 950
0 191
6 1695
0 324
1 282
0 861
2 1695
24 360
0 960
3 388
2 1701
0 453
1 453
0 247
3 461
32 295
1 1042
5 549
17 319
3 1110
6 2517
0 866
1 866
8 141
4 387
2 48
0 1791
2 1791
2 511
2 275
6 286
0 423
1 191
8 950
4 509
0 861
0 364
10 364
0 378
0 3651
0 364
4 364
0 298
6 679
2 654
6 177
8 605
11 392
11 392
0 569
0 43
3 414
2 272
5 327
1 2050
0 2050
2 2050
2 617
2 927
18 1268
11 1268
16 1268
21 1413
78 157
16 317
394 790
394 790
0 812
22 1077
9 584
28 562
19 1360
2 1695
32 405
2 587
4 127
6 1592
1 1592
2 1719
0 1719
1 1719
0 548
1 548
1 195
2 352
0 1043
6 2703
3 2703
0 2703
4 2703
14 1165
13 395
1 1323
0 1323
2 1323
5 1323
3 1323
0 118
1 165
9 663
12 451
24 1536
22 1526
22 1526
22 1526
2 116
11 327
2 587
2 139
1 325
3 1288
2 116
8 240
0 217
355 712
8 1386
12 2339
6 2517
12 381
10 284
1 183
12 295
3 2517
17 2339
0 465
0 247
0 2517
0 55
0 281
0 247
20 1360
0 461
46 3761
0 590
2 594
19 378
23 1539
3 108
212 4338
176 1552
3 152
6 646
2 306
0 657
1 657
12 1042
210 421
1 1042
5 222
0 1034
0 270
0 1104
1 486
0 502
1 57
7 816
4 2365
18 1074
0 187
0 2236
1 2236
3 2236
4 2236
4 405
10 1110
3 497
8 222
0 120
0 151
1 1392
0 230
4 86
5 78
146 2339
0 9
1 1021
3 318
3 308
28 279
0 762
0 88
7 721
30 1027
0 500
0 89
3 86
13 159
9 733
9 725
0 276
1 497
4 1130
0 456
0 654
0 777
0 53
0 340
70 475
2 142
3 694
0 41
0 90
293 588
1 588
3 588
1 214
0 67
0 588
1 327
1 342
0 588
5 193
1 161
5 90
2 588
0 41
6 322
3 718
2 142
14 567
7 588
5 113
0 120
3 588
14 567
43 588
5 588
4 483
16 588
5 218
28 588
0 282
1 282
12 588
22 218
0 327
0 24
0 274
2 274
2 214
1 142
1 90
44 90
1 228
6 567
0 229
12 567
7 343
1 228
1 327
0 43
4 386
4 694
14 228
1 475
0 588
23 475
27 946
0 475
0 567
3 457
2 327
2 483
4 343
0 116
0 475
7 228
0 342
3 327
43 560
18 229
0 99
2 588
7 43
6 43
0 168
4 141
5 483
0 16
1 588
1 386
1 334
3 588
4 588
5 588
3 588
0 90
7 588
1 271
2 588
6 386
0 67
44 560
12 342
0 454
2 588
6 588
1 211
24 694
30 694
10 228
20 327
3 588
7 752
0 53
1 229
2 588
2 41
0 374
0 334
23 588
2 475
6 110
0 229
0 58
1 588
1 142
9 153
0 334
4 116
7 118
3 588
6 386
3 327
2 142
14 228
10 156
3 588
2 588
1 327
5 343
8 153
25 475
7 588
0 99
0 588
1 588
42 574
3 694
1 90
13 694
0 56
23 560
7 342
8 322
0 752
3 588
30 327
0 193
11 454
0 342
0 67
0 327
0 588
1 229
0 342
0 67
141 2673
0 211
3 483
0 327
1 228
4 33
8 962
1 1539
0 125
0 120
6 80
1 816
0 554
0 176
0 406
0 66
0 473
0 977
0 844
0 290
14 502
3 88
2 275
3 147
5 515
0 1205
0 1403
0 1695
8 605
6 605
3 1347
2 1347
28 1516
0 295
0 473
0 59
6 1021
9 788
113 228
0 1110
0 88
0 768
1 476
0 337
0 340
31 1695
4 127
0 308
1 378
0 241
1 452
0 284
2 1900
0 1900
1 3101
0 3101
0 6
6 218
19 664
0 158
0 423
13 951
16 951
0 623
0 399
2 1577
0 278
3 214
3 2150
0 2150
0 145
0 404
0 1074
7 336
0 362
4 594
0 216
1 439
3 527
3 1386
0 639
28 762
0 625
1 625
0 725
0 395
0 1036
1 1042
1 393
5 1539
1 368
2 1539
58 117
10 632
1 1042
1 518
0 567
0 452
1 1071
0 347
1 303
0 120
22 270
5 2237
3 2237
2 2237
0 2237
14 2237
0 233
174 1552
0 409
0 1230
2 1230
0 853
0 400
0 126
0 446
6 857
0 973
1 274
0 274
3 3390
36 3390
8 3390
5 3390
0 584
32 890
1 626
15 216
0 1346
0 247
11 287
4 79
0 196
17 191
28 7353
6 7353
285 7353
412 7353
31 7353
42 7353
326 7353
16 7353
33 7353
529 7353
3 7353
14 7353
32 7353
366 7353
9 7353
46 7353
0 141
5 2466
3 2466
0 2466
2 2466
4 1456
330 10604
330 10604
1 10604
330 10604
453 10604
330 10604
330 10604
330 10604
330 10604
330 10604
330 10604
453 10604
330 10604
330 10604
330 10604
330 10604
6 1655
8 1655
0 407
4 1162
6 1162
2 1162
5 1162
5 479
19 623
0 87
2 564
10 391
0 295
1 590
0 508
72 1695
1 47
41 788
27 788
29 788
30 788
28 788
1 788
2 788
24 788
41 788
1 230
0 739
1 436
6 1695
0 247
3 626
4 567
5 115
4 48
0 344
4 684
85 764
1 582
79 1072
3 1862
0 1862
2 369
15 876
1 625
0 233
6 937
0 937
6 937
0 230
1 421
0 272
5 218
3 812
23 826
0 919
1 887
1 1072
61 2339
13 958
0 958
7 1623
6 141
1 792
1 811
1 2330
0 2330
1 247
6 974
9 120
0 182
2 423
0 1967
0 30
0 384
0 549
28 1153
1 497
2 188
3 498
0 157
2 157
16 2339
2 950
2 57
0 135
0 473
0 962
3 448
0 163
2 414
6 1161
1 1161
2 1161
1 117
2 96
0 1403
0 1346
1 139
15 1110
0 473
5 318
0 318
1 700
0 162
4 1967
6 1539
0 1539
0 106
0 5662
5 5662
3 5662
7 5662
6 5662
22 1536
20 1536
6 625
19 2565
19 2565
4 2565
19 2565
19 2565
19 2565
28 1747
6 384
2 183
3 1249
1 1249
0 87
0 812
4 746
0 2128
1 2128
4 2128
0 473
1 67
3 124
11 178
0 764
2 379
1 2396
0 2396
2 2396
20 890
0 890
3 890
0 38
0 2407
3 2407
1 2407
9 2407
1 735
0 581
2 581
2 385
3 385
3 615
0 139
0 641
0 448
7 1064
0 1064
4 2225
4 89
0 941
0 89
0 1419
0 452
0 80
7 554
1 89
0 1294
22 1294
7 381
17 1948
6 1948
0 1948
1 1948
3 962
8 448
0 352
1 137
0 594
4 1708
0 1708
143 287
0 25
0 816
0 626
0 90
27 2339
0 1536
0 233
0 69
0 319
0 796
0 446
0 527
1 142
0 369
0 153
2 590
1 385
206 413
0 446
0 2395
2 2395
5 404
295 592
29 2163
3 2163
4 2163
3 55
19 191
1 2423
2 2423
0 2423
2 344
0 196
0 452
28 1403
1 1205
2 1205
3 1014
0 294
0 448
5 86
0 395
2 844
0 844
1 303
14 1360
0 812
53 107
0 562
0 479
5 467
25 1733
40 1733
24 1733
0 80
5 739
0 446
123 247
0 389
0 733
3 215
2 295
1 431
0 175
4 130
2 187
4 135
0 284
4 371
11 330
2 1724
0 1724
1 1724
3 549
0 919
569 1139
1 896
0 896
5 437
0 103
0 264
2 261
0 264
0 648
7 1577
2 1501
3 1501
1 1501
308 617
2 1618
0 285
6 504
1 115
1 48
0 247
0 737
0 223
0 509
0 311
8 594
238 477
0 345
3 733
9 789
5 789
0 605
4 1747
0 347
5 1511
4 1511
0 362
11 147
0 307
11 139
10 139
0 382
7 1766
11 788
1 788
6 788
4 788
12 788
0 788
2 788
12 788
5 788
17 694
1 694
5 307
1 174
3 371
2 1077
0 537
6 178
0 103
1 290
3 3159
5 3159
0 3159
2 1331
24 50
0 716
0 508
28 1909
28 1909
28 1909
0 1618
0 1618
0 384
1 384
0 102
0 94
1 585
0 474
39 535
0 261
6 295
0 169
0 148
6 183
14 876
1 733
7 1787
2 1787
0 1787
7 617
0 1553
2 1553
0 504
2 343
1 632
0 127
4 504
7 1083
2 65
12 1144
0 178
3 172
16 240
34 431
14 919
0 498
0 1618
9 1475
14 368
3 26
2 1965
25 1965
14 1965
15 1965
4 1965
40 1965
1 125
3 175
4 55
4 379
0 229
0 229
0 230
1 1042
0 344
11 323
3 746
15 876
4 479
202 406
2 504
4 171
14 575
7 764
5 1913
1 1913
0 1057
2 269
0 173
3 344
0 772
0 242
0 1695
13 1695
0 382
3 764
0 175
0 94
1 811
0 394
0 1287
0 176
5 139
0 310
0 360
4 230
1 811
1 381
1 1129
4 1129
2 1129
4 638
0 1071
32 1410
12 1410
3 1410
1 811
0 497
2 37
0 285
0 305
2 256
0 360
116 233
14 623
2 1061
4 260
0 452
0 563
6 592
8 144
6 327
0 617
0 337
3 362
2987 5976
35 5976
265 5976
185 5976
185 5976
16 5976
185 5976
5 5976
185 5976
19 1075
189 379
10 661
0 162
0 2517
10 431
0 100
1 1386
6 850
2 511
4 405
0 1102
1 1102
0 370
5 196
1 361
14 841
0 698
0 124
0 290
5 218
2 439
5 229
0 349
0 89
0 360
12 333
14 333
0 526
2 122
0 412
0 196
0 874
0 247
1 896
1 338
2 338
1 142
59 1779
889 1779
50 1779
889 1779
0 1238
17 876
0 1853
6 1853
7 1853
10 592
281 564
0 173
7 1539
0 158
1 812
5 584
0 328
6 262
0 816
1 99
6 796
6 404
5 146
5 345
5 464
3 228
6 274
459 919
0 502
0 1110
2 122
4 446
9 518
0 141
2 585
0 561
0 2808
0 1357
129 1416
0 204
1 100
281 563
0 564
0 473
31 1110
0 339
163 327
4 308
7 295
0 587
0 777
0 558
74 149
7 209
0 279
0 962
5 3095
15 3095
10 3095
13 1617
4 1617
0 1617
1 1617
0 318
6 327
3 1767
10 1767
0 1767
2 1767
13 240
0 1071
0 522
0 1618
1 465
0 465
1 465
