0 384
0 375
0 392
1 576
0 576
1 776
0 776
0 511
18 2287
3 2287
4 745
4 745
9 914
0 338
0 448
1 691
0 691
0 183
1 914
10 1155
36 1155
577 1155
5 1155
11 1155
2 1370
8 1623
0 7389
18 7389
12 7389
14 7389
44 7389
8 7389
42 7389
9 7389
33 7389
4 7389
556 7389
0 2339
4 615
9 1288
3 176
6 1265
15 1265
7 1265
0 150
3 79
0 1983
1 1983
8 1983
16 1983
2 269
11 397
2 1208
0 1208
19 1208
20 1474
3 240
0 448
0 558
1 1113
0 1113
0 79
6 305
8 400
2 388
3 590
0 1483
4 152
4 152
2 796
767 1536
0 805
0 276
12 328
1 1267
2 1267
11 1267
21 1267
0 1267
1 522
3 198
3 1013
2 1013
3 152
0 1303
2 1008
0 1008
4 327
0 562
5 737
2 737
2 264
1 175
0 44
0 89
3 1913
1 1913
5 1539
2 973
1 855
0 301
30 7645
88 7645
0 7645
20 7645
110 7645
5 7645
2 7645
4 7645
6 7645
32 7645
34 7645
10 7645
18 7645
14 7645
26 7645
15 7645
33 7645
22 7645
118 7645
29 7645
575 9306
7 9306
44 9306
9 9306
4 9306
70 9306
0 9306
2 9306
5 9306
221 9306
27 9306
3 9306
36 9306
114 9306
1 9306
86 9306
51 9306
24 9306
6 3760
93 3760
1 3760
0 3760
15 3760
11 3760
9 3760
3 3760
6 689
4 295
3 1454
0 1454
2 1454
12 1454
1 626
0 203
0 405
1 794
0 794
0 844
104 657
4 1110
4 150
0 1071
0 812
0 812
0 422
5 896
0 395
3 2339
0 135
3 324
6 721
6 79
2 204
1 811
1 368
0 380
0 380
2 384
2 152
0 98
9 68
2 446
0 777
12 777
2 884
16 884
0 1514
26 876
173 348
0 169
2 663
0 663
1 303
0 240
0 441
7 1474
0 733
4 1077
0 404
0 973
0 138
8 1618
3 567
15 876
1 176
0 2150
36 2150
14 876
7 311
6 1597
3 1597
5 1597
30 1597
2 618
0 98
0 184
1 776
0 776
0 497
5 57
0 392
0 670
5 670
0 392
0 511
1 247
0 876
1 344
2 965
37 1539
0 509
4 215
12 176
4 215
4 215
12 1386
1 283
1 764
0 465
0 792
16 10782
4 10782
9 10782
18 10782
15 10782
36 10782
11 10782
42 10782
25 10782
35 10782
27 10782
116 10782
1 10782
7 10782
13 10782
12 10782
32 10782
19 10782
40 10782
17 10782
8 10782
14 10782
33 10782
0 10782
27 10782
20 10782
0 224
13 767
3 144
47 540
0 2510
12 2510
134 269
5 269
0 1269
1 1269
2 919
0 782
0 448
1 931
0 931
1 247
4 89
0 2038
8 2038
5 2038
1 446
1 737
0 1898
1 1898
29 584
18 1360
3 2257
19 2257
1 1695
0 2339
4 1072
1 746
1 746
1 2150
3 2150
15 3410
1 3410
4 3410
3 746
1 2150
7 2150
5 764
3 746
0 456
7 590
6 2449
0 2449
19 191
5 777
8 266
1 1027
2 976
26 976
18 3000
6 3000
8 3000
147 3000
12 3000
10 3000
2 202
1 456
8 777
3 381
0 295
1 186
24 441
1 94
9 68
0 287
0 240
70 142
7 240
8 655
3 1197
7 2831
6 2831
4 2831
0 2831
1 1331
0 4210
1 4210
64 4210
3 4210
10 4210
32 4210
33 4210
6 4210
2 4210
13 4210
224 4210
3 20
2 209
0 677
1 677
1 1547
0 1547
0 888
1 888
0 344
5 413
14 1012
2 1012
14 1012
0 269
0 467
1 504
43 1110
0 585
0 2128
5 2128
4 2128
3 960
0 1483
24 1536
9 1536
8 1110
4 1069
2 1069
0 1069
1 1014
405 811
0 1110
0 423
0 93
3 183
0 384
0 724
2 2375
0 2375
6 2375
1 178
16 788
3 788
6 788
5 788
11 788
0 788
1 788
13 788
4 788
0 203
17 226
1 4949
9 4949
3 4949
17 4949
48 4949
66 4949
63 4949
0 120
51 2150
0 2150
3 2150
0 653
6 689
12 2955
7 2955
16 2955
11 2955
10 2955
0 2955
9 2955
2 1695
0 439
0 439
3 225
1 2163
2 2163
98 13875
5 13875
38 13875
56 13875
72 13875
63 13875
7 13875
2 13875
113 13875
23 13875
1986 13875
101 13875
45 13875
4 13875
3 2339
3 222
4 150
4 1164
8 1164
5 1164
1 2347
0 2347
4 2347
3 2347
0 633
0 384
18 3126
20 3126
7 3126
5 3126
8 3126
23 3126
14 3126
4 1078
0 1078
20 1078
0 267
0 1926
29 526
1 812
12 858
6 5657
14 5657
7 5657
5 5657
0 5657
4 5657
15 5657
116 5657
1 1042
0 423
0 218
7 172
51 1307
59 1021
1 384
4 400
3 240
1 247
1 176
0 247
1 124
1 618
0 247
1 1708
14 1708
8 1708
3 1708
0 762
1 762
3 152
6 371
0 264
1 442
0 442
0 389
74 5642
13 5642
93 5642
226 5642
42 5642
21 5642
2 5642
2 416
0 223
0 86
13 543
1 1403
2 1403
1 679
1 2517
0 87
9 689
8 336
0 89
0 153
16 1403
4 1963
17 1963
4 2002
10 2002
1 2002
11 147
1 147
8 163
6 264
1 1539
5 264
1 590
0 181
24 241
2 465
74 764
88 764
11 764
10 295
0 1652
1 1652
0 1967
0 86
0 1110
2 1183
1 1183
0 1183
0 876
0 389
0 1124
1 1124
9 1014
0 961
3 961
6 961
0 526
0 359
24 1130
1 257
5 1386
5 842
16 1042
0 257
5 2403
50 2403
8 2403
1 106
3 375
20 617
0 270
0 270
1 340
7 327
0 380
1 518
1 587
0 587
0 384
0 424
0 264
2 699
7 1317
0 1317
2 1317
1 120
7 594
0 538
0 603
8 1130
1 344
3 240
1 1241
0 122
0 855
0 1898
2 1898
0 1898
1 1898
0 384
0 17
12 914
0 777
6 163
5 4713
10 4713
2 4713
419 4713
0 4713
9 4713
0 44
0 2150
12 2150
3 2150
10 2150
6 402
15 266
0 781
3 781
1 781
2 781
331 664
1 689
0 874
0 796
0 796
77 1464
1 1464
4 1464
0 548
1 382
2 233
2 663
13 257
252 506
2 1012
3 257
2 626
2 371
32 782
6 3816
0 3816
2 3816
4 3816
1 3816
7 3816
33 3816
0 340
1 1347
0 1347
0 149
0 554
2 364
14 364
11 295
42 435
0 695
4 1247
5 1247
3 423
0 914
0 265
4 631
1 631
0 186
0 518
13 171
43 511
0 431
1 2308
0 2308
15 2303
0 2303
4 145
1 145
16 145
4 467
17 518
1 405
4 318
8 423
1 324
1 389
24 8726
1 8726
191 8726
30 8726
208 8726
20 8726
194 8726
49 8726
7 8726
0 8726
9 8726
50 8726
26 8726
3 422
2 108
0 456
0 1036
1 1036
22 391
0 344
0 679
3 154
198 397
29 3066
0 3066
50 3066
2 1214
4 1214
18 1595
83 1595
49 764
0 457
0 368
0 376
2 209
1 209
1 1191
0 1191
0 592
10 378
70 141
0 389
0 446
4 264
0 526
2 1110
1436 12734
45 12734
0 12734
83 12734
84 12734
89 12734
1367 12734
37 12734
11 12734
378 12734
157 12734
157 12734
188 12734
190 12734
123 12734
344 12734
211 12734
265 12734
4 203
0 89
0 653
17 295
0 841
0 441
3 384
0 876
34 1264
631 1264
46 1264
0 404
1 1483
0 1110
1 590
0 590
5 264
0 107
13 1386
0 148
0 89
7 842
33 461
1 669
0 669
6 737
2 699
3 423
4 737
0 107
0 107
1 148
0 473
4 2629
29 2629
8 2629
1 2629
0 384
1 1589
2 1589
0 1589
3 113
0 2696
1 2696
2 2696
0 774
5 664
493 987
1 987
0 987
32 4344
8 4344
13 4344
12 4344
6 4344
11 4344
14 4344
3 222
3 626
37 1376
2 1376
35 1376
4 1376
0 558
8 680
0 680
2 234
6 177
3 177
1 384
0 441
20 441
4 376
1 1511
4 1511
2 522
1 522
0 169
0 737
5 664
3 479
1 2238
2 2238
6 2238
7 2238
16 1074
7 737
0 762
28 2517
35 788
0 2300
3 2300
2 762
0 618
0 183
0 270
5 558
0 252
15 295
16 1913
15 1913
5 656
9 656
1 656
1 240
0 423
100 764
10 373
6 446
2 357
3 423
5 632
1 590
0 562
17 456
0 9
293 587
0 562
17 1014
0 774
0 404
1 567
3 1407
2 594
1 690
0 690
0 250
1 127
26 295
3 2725
8 2725
6 2725
7 2725
1 2725
2 442
0 442
1 518
0 508
0 269
1 269
0 38
4 6094
33 6094
25 6094
30 6094
59 6094
4 1370
6 2737
4 2737
35 1409
24 526
5 465
1 339
1 960
0 960
29 382
1 295
0 404
2 431
3 1536
2 615
0 844
0 308
1 504
0 560
0 730
1 730
0 764
1 1701
3 240
12 283
2 596
0 392
1 2339
4 2339
0 303
0 461
23 563
19 438
0 122
17 980
7 980
8 845
0 665
16 378
1 352
6 889
4 889
0 189
0 431
0 751
5 526
4 1955
6 1955
1 1955
8 1955
2 1955
3 1955
170 9453
168 9453
154 9453
58 9453
37 9453
224 9453
15 9453
119 9453
60 9453
180 9453
156 9453
150 9453
80 9453
118 9453
84 9453
6 3604
55 3604
57 3604
1801 3604
23 3604
3 2982
12 2982
2 2982
7 2982
15 2982
2 1152
1 499
0 181
1 181
14 249
9 613
12 395
2 575
0 122
7 1114
2 1114
141 283
141 283
0 241
4 55
7 655
4 1887
7 1887
37 1887
6 7512
13 7512
17 7512
9 7512
3 7512
20 7512
10 7512
352 7512
78 7512
503 7512
90 7512
22 7512
49 7512
7 7512
421 7512
5 328
10 623
7 106
0 82
1 305
2 196
17 151
20 439
4 328
8 2031
86 4370
75 4370
61 4370
85 4370
35 4370
51 4370
58 4370
52 4370
3 340
0 360
0 269
1 413
16 887
1 187
7 187
3 534
2 1539
20 726
15 257
5 202
2 764
0 764
0 473
1 729
3 729
2 729
3 174
8 593
1 326
5 282
4 59
1 2849
85 2849
9 2849
45 2849
1 225
13 435
1 435
0 522
4 146
0 479
9 399
1 587
0 562
35 788
10 788
42 788
38 788
48 788
0 788
2 788
50 788
26 788
32 473
17 473
6 1528
1 1528
27 1904
23 1904
8 733
0 219
8 2417
1 2417
48 594
31 594
26 594
1 620
0 620
3 476
9 476
0 405
6 1695
0 91
5 91
0 1223
1 1223
3 1223
11 479
1 328
12 1879
2 1879
13 4834
21 4834
14 4834
0 4834
33 4834
17 4834
0 145
14 739
5 336
14 361
8 177
0 413
379 759
2 191
2 191
23 240
2 233
3 177
0 176
2 318
5 807
6 807
0 761
2 446
1 931
0 931
0 1074
43 812
13 287
14 764
1 1043
2 857
2 922
2 558
13 558
8 279
86 173
8 130
0 617
1 617
4 1707
2 1707
11 4275
5 4275
0 4275
3 4275
8 4275
1 1149
0 1149
2 1149
3 2971
2 2971
1 336
3 318
0 1026
0 92
1 92
0 311
1 161
2 774
5 127
0 379
6 400
5 428
4 381
2 562
0 497
2 393
0 279
4 323
5 395
15 223
0 362
21 509
8 2434
5 716
7 388
19 233
1 484
0 484
0 484
3 1075
1 1075
2 1075
17 1075
6 118
3 114
421 844
421 844
2 306
1 1742
2 1742
0 1742
3 441
5 655
115 764
9 509
320 3737
0 3737
2 3737
1 3737
15 562
1090 2181
0 338
0 40
3 379
1 405
0 474
0 98
1 1143
13 368
6 699
1 343
12 126
0 1644
2 1644
0 767
2 767
105 767
7 20
12 310
4 354
0 61
4 297
363 727
1 395
0 1618
1 233
14 381
6 473
21 217
3 152
383 768
6 171
0 567
0 301
0 461
43 788
4 788
29 788
23 788
45 788
0 788
1 788
39 788
18 788
1 405
0 653
4 139
5 324
0 973
3 1386
0 633
21 664
8 1618
2 395
0 295
6 344
3 230
1109 2219
0 385
21 527
1 1926
1 1926
4 548
0 919
1 699
3 472
3 327
0 821
3 821
2 821
0 526
3 567
25 1012
8 1012
4 1012
3 562
57 739
3 266
113 227
0 241
8 635
2 391
5 177
5 407
7 435
24 535
19 527
1 371
4 371
1 240
0 57
37 297
0 262
1 361
21 1312
0 84
3 287
0 509
1 585
6 592
41 812
117 2339
144 290
0 948
1 948
0 448
38 973
7 360
1 389
71 1646
3 2101
0 2101
5 2101
7 2101
4 876
6 472
4 265
3 777
8 502
9 137
6 209
2 144
0 183
0 370
67 135
1 120
30 962
11 721
0 114
1 3218
2 1747
0 231
4 1110
0 153
1 290
0 397
6 325
16 319
10 382
29 5267
26 5267
12 5267
20 5267
88 5267
27 5267
74 5267
106 5267
6 5267
7 5267
9 5267
2 5267
16 5267
63 5267
5 1034
0 1034
14 2191
3 2191
17 247
17 247
68 1416
164 1027
5 319
4 1042
16 384
2 163
0 127
1 484
7 900
2 544
24 265
3 368
0 930
13 2416
12 2416
15 2416
31 919
1 407
0 382
0 247
0 233
2 1183
1 1183
0 1183
1 1185
0 382
0 340
0 3763
10 3763
7 177
4 477
0 141
0 242
1 295
2 295
3 395
26 615
3 308
0 1695
27 511
0 227
0 257
2 2339
1 395
0 359
0 761
7 257
0 176
3 336
0 195
1 365
8 240
1 230
6 196
7 338
6 1116
3 1116
8 1124
0 300
6 1623
36 906
1 57
0 188
0 1057
0 233
1 721
5 318
0 735
3 699
2 446
0 310
0 165
11 465
6 1130
83 679
0 392
11 348
0 1898
1 1898
3 472
1 950
0 950
5 950
0 191
10 1695
0 324
1 282
0 861
3 1695
22 360
2 960
3 388
2 1701
0 453
1 453
0 247
3 461
32 295
0 1042
7 549
13 319
5 1110
7 2517
0 866
1 866
6 141
5 387
2 48
0 1791
3 1791
4 511
2 275
6 286
0 423
1 191
8 950
0 509
0 861
0 364
5 364
0 378
0 3651
0 364
4 364
0 298
4 679
2 654
6 177
5 605
14 392
12 392
0 569
0 43
5 414
2 272
4 327
1 2050
2 2050
0 2050
2 617
2 927
22 1268
14 1268
19 1268
20 1413
78 157
16 317
394 790
394 790
0 812
22 1077
10 584
28 562
19 1360
2 1695
38 405
2 587
1 127
10 1592
1 1592
3 1719
0 1719
2 1719
0 548
2 548
1 195
3 352
0 1043
9 2703
6 2703
1 2703
0 2703
15 1165
14 395
1 1323
0 1323
2 1323
5 1323
4 1323
0 118
1 165
8 663
12 451
17 1536
22 1526
22 1526
22 1526
2 116
12 327
2 587
2 139
1 325
8 1288
2 116
7 240
0 217
355 712
8 1386
4 2339
8 2517
14 381
11 284
1 183
12 295
4 2517
17 2339
1 465
0 247
0 2517
0 55
1 281
0 247
20 1360
0 461
43 3761
0 590
3 594
27 378
14 1539
3 108
234 4338
153 1552
3 152
10 646
2 306
1 657
0 657
12 1042
40 421
1 1042
5 222
1 1034
0 270
0 1104
0 486
0 502
1 57
4 816
5 2365
26 1074
0 187
0 2236
2 2236
3 2236
4 2236
4 405
13 1110
5 497
9 222
0 120
0 151
1 1392
0 230
4 86
5 78
146 2339
0 9
1 1021
3 318
3 308
32 279
0 762
0 88
7 721
39 1027
0 500
0 89
3 86
13 159
7 733
11 725
1 276
1 497
3 1130
0 456
0 654
0 777
0 53
0 340
64 475
1 142
3 694
0 41
0 90
293 588
1 588
3 588
1 214
0 67
0 588
1 327
1 342
0 588
5 193
1 161
5 90
1 588
0 41
4 322
3 718
1 142
14 567
4 588
5 113
0 120
2 588
16 567
47 588
1 588
3 483
7 588
6 218
21 588
0 282
0 282
12 588
12 218
0 327
3 24
0 274
2 274
2 214
1 142
1 90
44 90
1 228
6 567
0 229
10 567
3 343
1 228
1 327
0 43
4 386
4 694
10 228
2 475
0 588
19 475
29 946
0 475
0 567
1 457
1 327
3 483
3 343
0 116
0 475
11 228
0 342
1 327
39 560
18 229
0 99
1 588
7 43
6 43
0 168
3 141
5 483
0 16
1 588
1 386
1 334
3 588
4 588
6 588
3 588
0 90
7 588
1 271
2 588
7 386
0 67
46 560
18 342
0 454
1 588
10 588
1 211
24 694
29 694
11 228
19 327
3 588
6 752
0 53
2 229
2 588
2 41
0 374
0 334
24 588
1 475
7 110
0 229
0 58
1 588
0 142
7 153
0 334
4 116
6 118
3 588
7 386
3 327
2 142
12 228
11 156
3 588
2 588
1 327
3 343
5 153
21 475
8 588
0 99
0 588
2 588
38 574
3 694
1 90
15 694
1 56
23 560
5 342
8 322
0 752
2 588
33 327
0 193
12 454
0 342
0 67
0 327
1 588
1 229
0 342
0 67
156 2673
0 211
2 483
0 327
2 228
4 33
8 962
1 1539
0 125
0 120
6 80
1 816
0 554
0 176
0 406
0 66
0 473
0 977
0 844
0 290
14 502
3 88
2 275
3 147
5 515
0 1205
0 1403
0 1695
11 605
6 605
3 1347
2 1347
22 1516
0 295
0 473
0 59
4 1021
5 788
113 228
0 1110
0 88
0 768
1 476
0 337
0 340
26 1695
4 127
0 308
1 378
0 241
4 452
0 284
2 1900
0 1900
1 3101
0 3101
0 6
5 218
19 664
0 158
0 423
12 951
14 951
0 623
0 399
3 1577
0 278
3 214
3 2150
0 2150
0 145
0 404
0 1074
4 336
0 362
4 594
0 216
1 439
2 527
1 1386
0 639
31 762
0 625
1 625
0 725
0 395
0 1036
1 1042
4 393
5 1539
1 368
2 1539
58 117
12 632
1 1042
1 518
1 567
0 452
0 1071
0 347
1 303
0 120
9 270
6 2237
3 2237
2 2237
0 2237
12 2237
0 233
183 1552
0 409
0 1230
2 1230
0 853
0 400
0 126
0 446
14 857
0 973
1 274
0 274
3 3390
38 3390
11 3390
6 3390
0 584
36 890
1 626
9 216
0 1346
0 247
9 287
4 79
0 196
18 191
16 7353
7 7353
228 7353
455 7353
33 7353
43 7353
312 7353
17 7353
21 7353
536 7353
2 7353
14 7353
31 7353
348 7353
9 7353
47 7353
0 141
7 2466
2 2466
0 2466
3 2466
3 1456
58 10604
18 10604
93 10604
96 10604
205 10604
0 10604
88 10604
73 10604
25 10604
205 10604
71 10604
68 10604
2 10604
3 10604
280 10604
205 10604
6 1655
8 1655
0 407
4 1162
10 1162
3 1162
5 1162
4 479
13 623
0 87
1 564
7 391
0 295
1 590
0 508
73 1695
2 47
42 788
27 788
29 788
30 788
28 788
1 788
2 788
24 788
38 788
1 230
0 739
0 436
2 1695
0 247
3 626
2 567
5 115
3 48
0 344
4 684
88 764
0 582
77 1072
3 1862
0 1862
1 369
14 876
1 625
0 233
6 937
0 937
4 937
0 230
2 421
0 272
4 218
2 812
18 826
0 919
2 887
1 1072
48 2339
9 958
1 958
3 1623
5 141
1 792
1 811
1 2330
0 2330
1 247
4 974
6 120
0 182
2 423
0 1967
0 30
0 384
0 549
24 1153
2 497
2 188
5 498
0 157
2 157
15 2339
1 950
2 57
0 135
0 473
0 962
2 448
0 163
2 414
8 1161
1 1161
2 1161
1 117
2 96
0 1403
0 1346
1 139
17 1110
0 473
4 318
0 318
1 700
0 162
4 1967
6 1539
0 1539
0 106
5 5662
9 5662
14 5662
13 5662
12 5662
13 1536
10 1536
5 625
9 2565
4 2565
27 2565
2 2565
3 2565
1 2565
29 1747
6 384
2 183
2 1249
0 1249
0 87
0 812
4 746
0 2128
1 2128
4 2128
0 473
1 67
3 124
14 178
0 764
2 379
1 2396
0 2396
2 2396
17 890
1 890
3 890
0 38
0 2407
3 2407
1 2407
9 2407
1 735
0 581
1 581
2 385
4 385
5 615
0 139
0 641
0 448
3 1064
0 1064
5 2225
4 89
0 941
0 89
0 1419
0 452
0 80
9 554
1 89
0 1294
17 1294
8 381
15 1948
6 1948
0 1948
1 1948
5 962
9 448
0 352
1 137
0 594
4 1708
0 1708
26 287
0 25
0 816
0 626
0 90
25 2339
0 1536
0 233
0 69
0 319
0 796
0 446
0 527
1 142
0 369
0 153
1 590
0 385
206 413
0 446
0 2395
1 2395
5 404
295 592
29 2163
3 2163
4 2163
3 55
20 191
1 2423
2 2423
0 2423
0 344
0 196
0 452
21 1403
1 1205
2 1205
3 1014
0 294
0 448
5 86
0 395
2 844
0 844
1 303
13 1360
0 812
53 107
0 562
1 479
5 467
12 1733
16 1733
19 1733
0 80
5 739
0 446
123 247
0 389
0 733
2 215
2 295
1 431
0 175
4 130
1 187
4 135
0 284
4 371
7 330
3 1724
0 1724
2 1724
2 549
0 919
569 1139
1 896
0 896
4 437
1 103
0 264
2 261
0 264
0 648
7 1577
2 1501
3 1501
1 1501
308 617
2 1618
0 285
5 504
1 115
1 48
0 247
0 737
0 223
0 509
0 311
8 594
238 477
0 345
3 733
3 789
1 789
0 605
5 1747
0 347
0 1511
2 1511
0 362
7 147
0 307
11 139
10 139
0 382
3 1766
11 788
1 788
6 788
4 788
12 788
0 788
2 788
12 788
5 788
17 694
1 694
4 307
1 174
2 371
1 1077
0 537
5 178
0 103
2 290
4 3159
5 3159
0 3159
2 1331
24 50
0 716
0 508
28 1909
28 1909
28 1909
0 1618
0 1618
0 384
1 384
0 102
0 94
1 585
0 474
45 535
0 261
4 295
0 169
0 148
4 183
9 876
1 733
6 1787
2 1787
0 1787
8 617
0 1553
2 1553
0 504
2 343
1 632
0 127
4 504
7 1083
2 65
21 1144
0 178
2 172
17 240
40 431
12 919
0 498
0 1618
8 1475
13 368
3 26
9 1965
28 1965
13 1965
26 1965
8 1965
50 1965
0 125
3 175
4 55
7 379
0 229
0 229
0 230
1 1042
0 344
11 323
3 746
15 876
2 479
202 406
2 504
1 171
18 575
3 764
5 1913
1 1913
1 1057
2 269
0 173
1 344
0 772
0 242
1 1695
13 1695
0 382
3 764
0 175
0 94
1 811
0 394
0 1287
0 176
4 139
0 310
0 360
4 230
1 811
1 381
1 1129
5 1129
2 1129
3 638
0 1071
9 1410
45 1410
0 1410
1 811
0 497
4 37
0 285
0 305
1 256
0 360
116 233
14 623
1 1061
3 260
0 452
0 563
10 592
5 144
6 327
0 617
0 337
3 362
406 5976
161 5976
28 5976
227 5976
234 5976
25 5976
231 5976
175 5976
149 5976
19 1075
189 379
12 661
0 162
0 2517
12 431
0 100
1 1386
8 850
4 511
4 405
0 1102
1 1102
0 370
3 196
1 361
5 841
0 698
0 124
0 290
2 218
1 439
4 229
0 349
0 89
0 360
12 333
13 333
0 526
2 122
0 412
0 196
0 874
0 247
0 896
1 338
3 338
2 142
60 1779
889 1779
47 1779
889 1779
0 1238
15 876
4 1853
8 1853
5 1853
12 592
281 564
1 173
2 1539
0 158
1 812
4 584
1 328
5 262
0 816
1 99
9 796
6 404
5 146
2 345
5 464
2 228
6 274
459 919
0 502
0 1110
2 122
4 446
8 518
0 141
2 585
0 561
0 2808
0 1357
165 1416
0 204
1 100
281 563
0 564
0 473
33 1110
0 339
163 327
4 308
7 295
0 587
0 777
0 558
5 149
7 209
0 279
1 962
8 3095
17 3095
14 3095
11 1617
4 1617
1 1617
3 1617
0 318
6 327
3 1767
11 1767
0 1767
1 1767
12 240
0 1071
0 522
0 1618
1 465
0 465
1 465
