0 384
0 375
0 392
1 576
0 576
2 776
0 776
0 511
18 2287
3 2287
4 745
4 745
9 914
1 338
0 448
1 691
0 691
0 183
1 914
27 1155
35 1155
577 1155
3 1155
8 1155
1 1370
7 1623
0 7389
18 7389
15 7389
11 7389
37 7389
10 7389
40 7389
8 7389
32 7389
6 7389
531 7389
0 2339
4 615
12 1288
4 176
9 1265
13 1265
6 1265
1 150
3 79
0 1983
1 1983
9 1983
15 1983
2 269
10 397
1 1208
0 1208
17 1208
20 1474
3 240
0 448
0 558
1 1113
0 1113
0 79
6 305
7 400
2 388
3 590
0 1483
4 152
3 152
2 796
767 1536
0 805
0 276
12 328
1 1267
2 1267
12 1267
21 1267
0 1267
1 522
2 198
2 1013
2 1013
4 152
0 1303
2 1008
0 1008
4 327
0 562
5 737
2 737
3 264
1 175
0 44
0 89
4 1913
1 1913
5 1539
2 973
1 855
0 301
32 7645
64 7645
0 7645
21 7645
104 7645
5 7645
2 7645
4 7645
6 7645
30 7645
34 7645
8 7645
19 7645
14 7645
25 7645
15 7645
31 7645
22 7645
118 7645
29 7645
640 9306
7 9306
41 9306
9 9306
4 9306
65 9306
0 9306
2 9306
5 9306
219 9306
26 9306
3 9306
36 9306
112 9306
1 9306
87 9306
54 9306
25 9306
6 3760
106 3760
1 3760
0 3760
20 3760
11 3760
8 3760
4 3760
6 689
4 295
4 1454
0 1454
2 1454
11 1454
1 626
0 203
0 405
1 794
0 794
0 844
103 657
8 1110
4 150
0 1071
0 812
0 812
0 422
4 896
0 395
3 2339
0 135
2 324
5 721
4 79
2 204
1 811
1 368
0 380
0 380
2 384
2 152
0 98
10 68
2 446
1 777
11 777
2 884
8 884
0 1514
19 876
173 348
0 169
2 663
0 663
1 303
0 240
0 441
5 1474
0 733
4 1077
0 404
0 973
1 138
6 1618
3 567
14 876
1 176
0 2150
37 2150
14 876
7 311
5 1597
23 1597
4 1597
23 1597
1 618
0 98
0 184
2 776
0 776
0 497
5 57
0 392
0 670
2 670
0 392
0 511
1 247
0 876
1 344
2 965
37 1539
0 509
4 215
12 176
4 215
4 215
12 1386
1 283
2 764
0 465
0 792
15 10782
4 10782
7 10782
18 10782
16 10782
36 10782
13 10782
33 10782
26 10782
35 10782
25 10782
127 10782
1 10782
6 10782
14 10782
10 10782
31 10782
19 10782
40 10782
17 10782
5 10782
12 10782
32 10782
0 10782
25 10782
20 10782
0 224
12 767
3 144
42 540
0 2510
8 2510
134 269
5 269
0 1269
1 1269
2 919
0 782
0 448
1 931
0 931
1 247
4 89
0 2038
4 2038
3 2038
1 446
1 737
0 1898
1 1898
29 584
18 1360
3 2257
16 2257
1 1695
0 2339
3 1072
1 746
1 746
1 2150
3 2150
17 3410
1 3410
4 3410
3 746
1 2150
9 2150
8 764
3 746
0 456
7 590
6 2449
0 2449
26 191
6 777
7 266
1 1027
2 976
23 976
21 3000
6 3000
7 3000
148 3000
12 3000
10 3000
2 202
1 456
9 777
3 381
0 295
2 186
32 441
1 94
9 68
0 287
0 240
70 142
8 240
8 655
3 1197
7 2831
6 2831
4 2831
0 2831
1 1331
0 4210
1 4210
43 4210
3 4210
10 4210
29 4210
26 4210
6 4210
2 4210
16 4210
231 4210
3 20
2 209
0 677
1 677
1 1547
0 1547
0 888
1 888
0 344
3 413
14 1012
2 1012
22 1012
0 269
0 467
0 504
66 1110
1 585
0 2128
6 2128
4 2128
3 960
0 1483
24 1536
9 1536
10 1110
4 1069
2 1069
0 1069
0 1014
405 811
0 1110
0 423
0 93
3 183
0 384
0 724
2 2375
0 2375
6 2375
0 178
20 788
3 788
6 788
5 788
15 788
0 788
1 788
16 788
4 788
0 203
11 226
0 4949
9 4949
3 4949
21 4949
48 4949
42 4949
38 4949
0 120
55 2150
0 2150
3 2150
0 653
6 689
10 2955
8 2955
16 2955
11 2955
13 2955
0 2955
5 2955
2 1695
0 439
0 439
4 225
1 2163
3 2163
85 13875
3 13875
30 13875
53 13875
66 13875
55 13875
5 13875
1 13875
105 13875
20 13875
1938 13875
120 13875
40 13875
8 13875
3 2339
3 222
4 150
4 1164
8 1164
5 1164
1 2347
0 2347
4 2347
3 2347
0 633
0 384
18 3126
19 3126
6 3126
5 3126
7 3126
22 3126
13 3126
4 1078
0 1078
16 1078
0 267
0 1926
29 526
2 812
12 858
8 5657
12 5657
10 5657
6 5657
0 5657
4 5657
18 5657
141 5657
1 1042
0 423
0 218
7 172
46 1307
66 1021
1 384
5 400
3 240
1 247
1 176
0 247
1 124
1 618
0 247
0 1708
13 1708
7 1708
3 1708
0 762
1 762
3 152
6 371
0 264
1 442
0 442
0 389
90 5642
10 5642
82 5642
282 5642
51 5642
22 5642
2 5642
2 416
0 223
0 86
15 543
2 1403
2 1403
1 679
1 2517
0 87
7 689
8 336
0 89
0 153
16 1403
5 1963
17 1963
4 2002
11 2002
1 2002
11 147
1 147
4 163
6 264
1 1539
7 264
1 590
0 181
24 241
2 465
71 764
86 764
12 764
9 295
0 1652
1 1652
1 1967
0 86
0 1110
2 1183
1 1183
0 1183
0 876
0 389
0 1124
1 1124
8 1014
0 961
3 961
6 961
0 526
0 359
24 1130
0 257
6 1386
8 842
18 1042
0 257
5 2403
55 2403
15 2403
1 106
3 375
18 617
0 270
0 270
1 340
7 327
0 380
1 518
3 587
0 587
0 384
0 424
0 264
2 699
7 1317
0 1317
2 1317
1 120
10 594
0 538
0 603
8 1130
1 344
4 240
1 1241
0 122
0 855
0 1898
2 1898
0 1898
1 1898
0 384
0 17
16 914
0 777
6 163
5 4713
9 4713
2 4713
407 4713
0 4713
12 4713
0 44
0 2150
12 2150
2 2150
6 2150
6 402
132 266
0 781
4 781
1 781
2 781
331 664
1 689
0 874
0 796
0 796
74 1464
1 1464
4 1464
0 548
2 382
2 233
2 663
12 257
252 506
5 1012
1 257
1 626
2 371
390 782
6 3816
0 3816
2 3816
3 3816
1 3816
9 3816
30 3816
0 340
1 1347
0 1347
0 149
0 554
2 364
12 364
15 295
40 435
0 695
4 1247
5 1247
3 423
0 914
0 265
3 631
1 631
0 186
0 518
13 171
43 511
1 431
1 2308
0 2308
14 2303
0 2303
3 145
1 145
15 145
2 467
29 518
1 405
5 318
9 423
1 324
1 389
20 8726
1 8726
195 8726
27 8726
222 8726
22 8726
213 8726
46 8726
10 8726
0 8726
4 8726
47 8726
25 8726
3 422
1 108
0 456
0 1036
1 1036
21 391
0 344
0 679
3 154
198 397
33 3066
1 3066
52 3066
2 1214
3 1214
16 1595
87 1595
381 764
0 457
0 368
0 376
2 209
1 209
2 1191
0 1191
0 592
10 378
70 141
0 389
0 446
4 264
0 526
2 1110
1425 12734
50 12734
0 12734
77 12734
81 12734
87 12734
1340 12734
36 12734
11 12734
401 12734
157 12734
157 12734
181 12734
183 12734
132 12734
338 12734
203 12734
290 12734
3 203
0 89
0 653
15 295
0 841
0 441
4 384
0 876
48 1264
631 1264
51 1264
0 404
0 1483
0 1110
1 590
1 590
4 264
0 107
13 1386
0 148
0 89
9 842
33 461
1 669
0 669
6 737
4 699
3 423
4 737
0 107
0 107
0 148
0 473
6 2629
3 2629
8 2629
2 2629
0 384
1 1589
2 1589
0 1589
3 113
0 2696
1 2696
2 2696
0 774
6 664
493 987
1 987
0 987
32 4344
8 4344
11 4344
14 4344
5 4344
10 4344
12 4344
3 222
4 626
37 1376
2 1376
35 1376
4 1376
0 558
8 680
0 680
2 234
6 177
3 177
3 384
0 441
18 441
2 376
1 1511
2 1511
2 522
1 522
0 169
1 737
6 664
3 479
0 2238
2 2238
3 2238
7 2238
16 1074
7 737
0 762
28 2517
34 788
0 2300
3 2300
1 762
0 618
0 183
0 270
5 558
0 252
16 295
15 1913
14 1913
5 656
9 656
1 656
4 240
0 423
94 764
10 373
6 446
1 357
3 423
6 632
1 590
0 562
14 456
0 9
293 587
0 562
15 1014
0 774
0 404
1 567
3 1407
2 594
1 690
0 690
0 250
1 127
26 295
3 2725
6 2725
4 2725
5 2725
1 2725
2 442
0 442
1 518
0 508
0 269
1 269
0 38
2 6094
29 6094
21 6094
23 6094
53 6094
4 1370
7 2737
2 2737
27 1409
20 526
3 465
1 339
2 960
0 960
28 382
1 295
0 404
1 431
3 1536
3 615
0 844
0 308
1 504
0 560
0 730
1 730
0 764
0 1701
10 240
141 283
2 596
0 392
2 2339
3 2339
0 303
0 461
25 563
18 438
0 122
17 980
7 980
11 845
0 665
16 378
1 352
6 889
4 889
0 189
0 431
0 751
2 526
3 1955
7 1955
1 1955
14 1955
2 1955
4 1955
162 9453
157 9453
145 9453
60 9453
33 9453
219 9453
16 9453
105 9453
58 9453
164 9453
173 9453
139 9453
82 9453
115 9453
76 9453
7 3604
47 3604
50 3604
1801 3604
23 3604
2 2982
11 2982
3 2982
7 2982
15 2982
2 1152
1 499
0 181
1 181
124 249
9 613
11 395
2 575
0 122
7 1114
2 1114
141 283
141 283
0 241
4 55
7 655
5 1887
6 1887
31 1887
6 7512
13 7512
17 7512
9 7512
3 7512
20 7512
10 7512
352 7512
78 7512
503 7512
90 7512
22 7512
49 7512
7 7512
422 7512
4 328
10 623
7 106
0 82
2 305
2 196
19 151
19 439
3 328
8 2031
73 4370
65 4370
54 4370
71 4370
30 4370
49 4370
58 4370
50 4370
3 340
0 360
1 269
1 413
16 887
1 187
7 187
3 534
2 1539
17 726
14 257
5 202
2 764
0 764
0 473
1 729
3 729
2 729
4 174
7 593
1 326
4 282
4 59
1 2849
60 2849
9 2849
43 2849
1 225
12 435
2 435
0 522
4 146
0 479
13 399
1 587
0 562
35 788
13 788
43 788
38 788
42 788
0 788
2 788
63 788
32 788
25 473
17 473
7 1528
1 1528
26 1904
20 1904
8 733
1 219
10 2417
1 2417
44 594
26 594
27 594
1 620
0 620
2 476
10 476
0 405
5 1695
0 91
5 91
0 1223
1 1223
3 1223
10 479
1 328
9 1879
1 1879
21 4834
15 4834
18 4834
0 4834
29 4834
17 4834
0 145
13 739
4 336
12 361
9 177
0 413
379 759
2 191
2 191
22 240
2 233
3 177
0 176
2 318
1 807
6 807
0 761
2 446
1 931
0 931
0 1074
42 812
13 287
14 764
1 1043
2 857
2 922
2 558
13 558
8 279
86 173
8 130
0 617
2 617
4 1707
2 1707
9 4275
4 4275
1 4275
2 4275
7 4275
1 1149
0 1149
2 1149
2 2971
3 2971
1 336
3 318
0 1026
0 92
1 92
0 311
1 161
2 774
5 127
0 379
5 400
4 428
3 381
2 562
0 497
3 393
0 279
4 323
7 395
15 223
0 362
21 509
8 2434
4 716
10 388
19 233
1 484
0 484
0 484
1 1075
1 1075
2 1075
18 1075
6 118
3 114
421 844
421 844
2 306
1 1742
2 1742
0 1742
3 441
5 655
110 764
5 509
293 3737
0 3737
2 3737
1 3737
15 562
1090 2181
0 338
0 40
2 379
1 405
0 474
0 98
1 1143
27 368
6 699
1 343
12 126
0 1644
3 1644
0 767
3 767
383 767
7 20
12 310
4 354
0 61
4 297
363 727
3 395
0 1618
1 233
190 381
6 473
10 217
3 152
383 768
7 171
0 567
0 301
0 461
41 788
3 788
32 788
23 788
53 788
0 788
1 788
34 788
19 788
1 405
0 653
3 139
4 324
0 973
4 1386
0 633
20 664
7 1618
11 395
0 295
6 344
3 230
1109 2219
0 385
24 527
0 1926
1 1926
3 548
0 919
1 699
4 472
3 327
0 821
2 821
1 821
0 526
3 567
23 1012
9 1012
4 1012
3 562
59 739
4 266
113 227
0 241
12 635
2 391
5 177
4 407
7 435
25 535
22 527
1 371
5 371
1 240
0 57
36 297
0 262
1 361
22 1312
0 84
3 287
0 509
1 585
7 592
35 812
152 2339
144 290
0 948
1 948
0 448
38 973
6 360
1 389
66 1646
2 2101
0 2101
3 2101
7 2101
5 876
6 472
3 265
3 777
11 502
9 137
7 209
2 144
0 183
0 370
67 135
1 120
29 962
11 721
0 114
2 3218
2 1747
0 231
4 1110
0 153
2 290
0 397
8 325
19 319
9 382
30 5267
22 5267
11 5267
14 5267
87 5267
23 5267
70 5267
91 5267
6 5267
7 5267
9 5267
2 5267
18 5267
54 5267
5 1034
0 1034
12 2191
2 2191
16 247
16 247
60 1416
153 1027
4 319
2 1042
16 384
2 163
0 127
1 484
7 900
3 544
19 265
3 368
0 930
13 2416
11 2416
15 2416
29 919
2 407
0 382
0 247
0 233
2 1183
1 1183
0 1183
1 1185
0 382
0 340
0 3763
10 3763
7 177
11 477
0 141
0 242
1 295
2 295
3 395
26 615
3 308
0 1695
29 511
0 227
0 257
2 2339
1 395
0 359
0 761
8 257
0 176
3 336
0 195
1 365
9 240
1 230
6 196
9 338
6 1116
3 1116
6 1124
0 300
5 1623
37 906
1 57
0 188
0 1057
0 233
2 721
5 318
0 735
3 699
2 446
0 310
0 165
10 465
6 1130
73 679
0 392
11 348
0 1898
1 1898
2 472
1 950
0 950
5 950
0 191
8 1695
0 324
1 282
0 861
4 1695
21 360
1 960
3 388
2 1701
0 453
1 453
0 247
3 461
32 295
1 1042
6 549
16 319
3 1110
8 2517
0 866
1 866
8 141
5 387
2 48
0 1791
2 1791
3 511
2 275
7 286
0 423
1 191
9 950
1 509
0 861
0 364
5 364
0 378
0 3651
0 364
4 364
0 298
3 679
2 654
6 177
8 605
11 392
11 392
0 569
0 43
3 414
2 272
4 327
1 2050
0 2050
2 2050
2 617
2 927
15 1268
12 1268
18 1268
22 1413
78 157
16 317
394 790
394 790
0 812
22 1077
9 584
27 562
19 1360
2 1695
35 405
2 587
1 127
8 1592
1 1592
2 1719
0 1719
1 1719
0 548
2 548
1 195
2 352
0 1043
6 2703
4 2703
1 2703
3 2703
13 1165
13 395
1 1323
0 1323
2 1323
5 1323
3 1323
0 118
1 165
11 663
11 451
16 1536
22 1526
22 1526
22 1526
3 116
13 327
2 587
2 139
1 325
4 1288
2 116
7 240
0 217
355 712
7 1386
5 2339
7 2517
13 381
11 284
1 183
13 295
3 2517
17 2339
1 465
0 247
0 2517
0 55
2 281
0 247
20 1360
0 461
44 3761
0 590
3 594
25 378
23 1539
3 108
247 4338
136 1552
3 152
9 646
2 306
1 657
0 657
9 1042
210 421
1 1042
6 222
0 1034
0 270
0 1104
1 486
0 502
1 57
4 816
5 2365
26 1074
0 187
0 2236
1 2236
3 2236
4 2236
4 405
11 1110
3 497
10 222
0 120
0 151
1 1392
0 230
4 86
5 78
157 2339
0 9
1 1021
3 318
2 308
30 279
0 762
0 88
7 721
33 1027
0 500
0 89
3 86
13 159
9 733
12 725
1 276
1 497
4 1130
0 456
0 654
0 777
0 53
0 340
66 475
1 142
3 694
0 41
0 90
293 588
1 588
3 588
1 214
0 67
0 588
1 327
0 342
0 588
5 193
1 161
5 90
1 588
0 41
3 322
3 718
1 142
14 567
6 588
5 113
0 120
3 588
16 567
47 588
2 588
3 483
7 588
6 218
21 588
0 282
0 282
12 588
22 218
0 327
0 24
0 274
2 274
2 214
1 142
1 90
44 90
1 228
6 567
0 229
10 567
4 343
1 228
1 327
0 43
4 386
4 694
15 228
2 475
0 588
22 475
28 946
0 475
0 567
3 457
2 327
3 483
3 343
0 116
0 475
11 228
0 342
1 327
42 560
18 229
0 99
2 588
7 43
6 43
0 168
3 141
5 483
0 16
1 588
1 386
1 334
3 588
4 588
7 588
3 588
0 90
7 588
1 271
2 588
7 386
0 67
46 560
22 342
0 454
2 588
9 588
1 211
24 694
28 694
10 228
19 327
3 588
7 752
0 53
3 229
3 588
2 41
0 374
0 334
24 588
2 475
7 110
0 229
0 58
1 588
1 142
7 153
0 334
4 116
7 118
3 588
6 386
3 327
1 142
13 228
10 156
3 588
2 588
1 327
5 343
8 153
26 475
7 588
0 99
0 588
1 588
38 574
3 694
1 90
12 694
0 56
22 560
3 342
7 322
0 752
2 588
33 327
0 193
12 454
0 342
0 67
0 327
0 588
1 229
0 342
0 67
149 2673
0 211
3 483
0 327
2 228
4 33
8 962
1 1539
0 125
0 120
6 80
1 816
0 554
0 176
0 406
0 66
0 473
0 977
0 844
0 290
14 502
3 88
2 275
3 147
5 515
0 1205
0 1403
0 1695
12 605
7 605
3 1347
2 1347
21 1516
0 295
0 473
0 59
6 1021
5 788
113 228
0 1110
0 88
0 768
1 476
0 337
0 340
28 1695
4 127
0 308
1 378
0 241
1 452
0 284
2 1900
0 1900
1 3101
0 3101
0 6
5 218
19 664
0 158
0 423
13 951
14 951
0 623
0 399
3 1577
0 278
3 214
3 2150
0 2150
0 145
0 404
0 1074
5 336
0 362
4 594
0 216
1 439
2 527
3 1386
0 639
26 762
0 625
1 625
0 725
0 395
0 1036
2 1042
3 393
5 1539
1 368
2 1539
58 117
10 632
1 1042
1 518
0 567
0 452
0 1071
0 347
1 303
0 120
15 270
5 2237
3 2237
2 2237
0 2237
11 2237
0 233
180 1552
0 409
0 1230
2 1230
0 853
0 400
0 126
0 446
10 857
0 973
1 274
0 274
3 3390
37 3390
11 3390
5 3390
0 584
34 890
1 626
10 216
0 1346
0 247
10 287
5 79
0 196
17 191
17 7353
7 7353
285 7353
456 7353
32 7353
43 7353
318 7353
18 7353
22 7353
532 7353
3 7353
15 7353
33 7353
353 7353
9 7353
47 7353
0 141
5 2466
3 2466
0 2466
2 2466
3 1456
164 10604
18 10604
256 10604
164 10604
226 10604
1 10604
86 10604
69 10604
6 10604
226 10604
65 10604
61 10604
14 10604
28 10604
281 10604
164 10604
7 1655
8 1655
0 407
4 1162
7 1162
3 1162
5 1162
5 479
13 623
0 87
1 564
8 391
0 295
1 590
0 508
74 1695
1 47
41 788
27 788
29 788
30 788
28 788
1 788
2 788
24 788
41 788
1 230
0 739
1 436
4 1695
0 247
3 626
2 567
5 115
3 48
0 344
5 684
88 764
0 582
81 1072
3 1862
0 1862
1 369
14 876
1 625
0 233
6 937
0 937
4 937
0 230
2 421
0 272
5 218
2 812
22 826
0 919
2 887
1 1072
67 2339
11 958
3 958
6 1623
5 141
1 792
1 811
1 2330
0 2330
1 247
4 974
9 120
0 182
2 423
0 1967
0 30
0 384
0 549
28 1153
2 497
2 188
4 498
0 157
2 157
16 2339
2 950
2 57
0 135
0 473
0 962
2 448
0 163
3 414
7 1161
1 1161
2 1161
1 117
2 96
0 1403
0 1346
1 139
17 1110
0 473
5 318
0 318
1 700
0 162
3 1967
6 1539
0 1539
0 106
1 5662
4 5662
8 5662
7 5662
9 5662
15 1536
15 1536
6 625
19 2565
29 2565
19 2565
29 2565
19 2565
19 2565
28 1747
6 384
2 183
3 1249
0 1249
0 87
0 812
4 746
0 2128
1 2128
4 2128
0 473
1 67
3 124
14 178
0 764
2 379
1 2396
0 2396
2 2396
18 890
2 890
3 890
0 38
0 2407
3 2407
1 2407
9 2407
1 735
0 581
1 581
2 385
3 385
2 615
0 139
0 641
0 448
2 1064
0 1064
4 2225
4 89
0 941
0 89
0 1419
0 452
0 80
7 554
1 89
0 1294
16 1294
7 381
17 1948
6 1948
0 1948
1 1948
4 962
9 448
0 352
1 137
0 594
4 1708
0 1708
143 287
0 25
0 816
0 626
0 90
25 2339
0 1536
0 233
0 69
0 319
0 796
0 446
0 527
1 142
0 369
0 153
2 590
1 385
206 413
0 446
0 2395
2 2395
5 404
295 592
29 2163
3 2163
4 2163
3 55
20 191
1 2423
2 2423
0 2423
2 344
0 196
0 452
21 1403
1 1205
2 1205
3 1014
0 294
0 448
5 86
0 395
2 844
0 844
1 303
14 1360
0 812
53 107
0 562
0 479
4 467
13 1733
24 1733
18 1733
0 80
5 739
0 446
123 247
0 389
0 733
3 215
2 295
1 431
0 175
4 130
2 187
4 135
0 284
4 371
12 330
3 1724
0 1724
1 1724
2 549
0 919
569 1139
1 896
0 896
4 437
0 103
0 264
2 261
0 264
0 648
7 1577
2 1501
3 1501
1 1501
308 617
2 1618
0 285
5 504
1 115
1 48
0 247
0 737
0 223
0 509
0 311
8 594
238 477
0 345
3 733
7 789
3 789
0 605
5 1747
0 347
1 1511
4 1511
0 362
11 147
0 307
11 139
10 139
0 382
5 1766
11 788
1 788
6 788
4 788
12 788
0 788
2 788
12 788
5 788
17 694
1 694
5 307
1 174
3 371
1 1077
0 537
5 178
0 103
2 290
3 3159
8 3159
0 3159
2 1331
24 50
0 716
0 508
28 1909
28 1909
28 1909
0 1618
0 1618
0 384
1 384
0 102
0 94
1 585
0 474
41 535
0 261
6 295
0 169
0 148
5 183
14 876
1 733
6 1787
2 1787
0 1787
8 617
0 1553
2 1553
0 504
2 343
1 632
0 127
4 504
7 1083
2 65
17 1144
0 178
2 172
16 240
35 431
13 919
0 498
0 1618
8 1475
13 368
3 26
8 1965
25 1965
14 1965
21 1965
4 1965
45 1965
1 125
3 175
4 55
7 379
0 229
0 229
0 230
1 1042
0 344
11 323
3 746
15 876
4 479
202 406
2 504
4 171
18 575
5 764
4 1913
1 1913
0 1057
2 269
0 173
1 344
0 772
0 242
1 1695
13 1695
0 382
4 764
0 175
0 94
1 811
0 394
0 1287
0 176
4 139
0 310
0 360
4 230
1 811
1 381
1 1129
3 1129
2 1129
4 638
0 1071
32 1410
49 1410
0 1410
1 811
0 497
3 37
0 285
0 305
2 256
0 360
116 233
14 623
1 1061
3 260
0 452
0 563
10 592
5 144
3 327
0 617
0 337
3 362
406 5976
161 5976
28 5976
227 5976
234 5976
25 5976
231 5976
175 5976
149 5976
19 1075
189 379
11 661
0 162
0 2517
13 431
0 100
1 1386
8 850
1 511
4 405
0 1102
1 1102
0 370
5 196
1 361
15 841
0 698
0 124
0 290
5 218
2 439
4 229
0 349
0 89
0 360
12 333
13 333
0 526
2 122
0 412
0 196
0 874
0 247
1 896
1 338
3 338
0 142
60 1779
889 1779
47 1779
889 1779
0 1238
17 876
6 1853
7 1853
4 1853
8 592
281 564
1 173
2 1539
0 158
1 812
4 584
1 328
3 262
0 816
1 99
7 796
6 404
5 146
5 345
5 464
3 228
6 274
459 919
0 502
0 1110
2 122
5 446
8 518
0 141
2 585
0 561
0 2808
0 1357
144 1416
0 204
1 100
281 563
0 564
0 473
33 1110
0 339
163 327
4 308
7 295
0 587
0 777
0 558
74 149
7 209
0 279
1 962
8 3095
20 3095
14 3095
11 1617
4 1617
1 1617
3 1617
0 318
6 327
3 1767
10 1767
0 1767
2 1767
13 240
0 1071
0 522
0 1618
1 465
0 465
1 465
