0 384
0 375
0 392
1 576
0 576
1 776
0 776
0 511
18 2287
4 2287
2 745
4 745
8 914
0 338
0 448
1 691
0 691
0 183
1 914
9 1155
39 1155
577 1155
6 1155
10 1155
3 1370
4 1623
0 7389
17 7389
12 7389
20 7389
52 7389
8 7389
42 7389
11 7389
29 7389
2 7389
550 7389
0 2339
4 615
4 1288
2 176
6 1265
14 1265
9 1265
0 150
0 79
0 1983
3 1983
8 1983
18 1983
2 269
9 397
2 1208
0 1208
24 1208
21 1474
3 240
0 448
0 558
1 1113
0 1113
0 79
6 305
8 400
1 388
3 590
0 1483
4 152
3 152
1 796
767 1536
0 805
0 276
10 328
1 1267
2 1267
14 1267
21 1267
0 1267
1 522
3 198
3 1013
2 1013
3 152
0 1303
2 1008
0 1008
4 327
0 562
5 737
2 737
3 264
1 175
0 44
0 89
3 1913
1 1913
5 1539
2 973
1 855
0 301
33 7645
77 7645
0 7645
21 7645
123 7645
5 7645
2 7645
4 7645
6 7645
30 7645
37 7645
12 7645
16 7645
14 7645
31 7645
15 7645
34 7645
29 7645
129 7645
40 7645
574 9306
7 9306
46 9306
9 9306
4 9306
72 9306
0 9306
2 9306
5 9306
217 9306
29 9306
3 9306
39 9306
116 9306
1 9306
83 9306
53 9306
23 9306
6 3760
78 3760
1 3760
0 3760
7 3760
10 3760
12 3760
3 3760
6 689
4 295
4 1454
0 1454
2 1454
13 1454
1 626
0 203
0 405
1 794
0 794
0 844
80 657
3 1110
3 150
0 1071
0 812
0 812
0 422
6 896
0 395
3 2339
0 135
4 324
6 721
6 79
3 204
1 811
1 368
0 380
0 380
3 384
2 152
0 98
8 68
2 446
0 777
10 777
2 884
14 884
0 1514
19 876
173 348
0 169
2 663
0 663
1 303
0 240
0 441
7 1474
0 733
4 1077
0 404
0 973
0 138
10 1618
7 567
15 876
1 176
0 2150
34 2150
12 876
7 311
6 1597
3 1597
5 1597
29 1597
2 618
0 98
0 184
1 776
0 776
0 497
4 57
0 392
0 670
5 670
0 392
0 511
1 247
0 876
1 344
2 965
38 1539
0 509
4 215
12 176
4 215
4 215
13 1386
1 283
1 764
0 465
0 792
15 10782
4 10782
8 10782
20 10782
19 10782
32 10782
12 10782
39 10782
23 10782
33 10782
29 10782
82 10782
1 10782
9 10782
13 10782
14 10782
64 10782
22 10782
36 10782
17 10782
7 10782
11 10782
31 10782
0 10782
29 10782
24 10782
0 224
14 767
2 144
49 540
0 2510
11 2510
134 269
5 269
0 1269
1 1269
2 919
1 782
0 448
1 931
0 931
1 247
4 89
0 2038
10 2038
5 2038
0 446
1 737
0 1898
1 1898
30 584
18 1360
4 2257
18 2257
1 1695
0 2339
4 1072
1 746
1 746
1 2150
3 2150
13 3410
1 3410
4 3410
3 746
1 2150
7 2150
5 764
3 746
0 456
6 590
7 2449
0 2449
21 191
4 777
7 266
1 1027
4 976
51 976
15 3000
5 3000
7 3000
148 3000
11 3000
12 3000
2 202
1 456
8 777
3 381
0 295
1 186
28 441
0 94
10 68
0 287
0 240
70 142
1 240
8 655
3 1197
7 2831
6 2831
4 2831
0 2831
1 1331
0 4210
1 4210
57 4210
2 4210
10 4210
33 4210
36 4210
6 4210
3 4210
13 4210
209 4210
3 20
2 209
0 677
1 677
3 1547
0 1547
0 888
1 888
0 344
4 413
14 1012
1 1012
14 1012
0 269
0 467
1 504
43 1110
0 585
0 2128
5 2128
4 2128
3 960
0 1483
24 1536
9 1536
5 1110
4 1069
2 1069
0 1069
1 1014
405 811
0 1110
0 423
0 93
3 183
0 384
0 724
2 2375
0 2375
7 2375
0 178
16 788
3 788
6 788
5 788
11 788
0 788
1 788
13 788
4 788
0 203
11 226
1 4949
9 4949
3 4949
16 4949
41 4949
77 4949
66 4949
0 120
53 2150
0 2150
4 2150
0 653
6 689
12 2955
8 2955
15 2955
10 2955
9 2955
0 2955
11 2955
2 1695
0 439
0 439
1 225
4 2163
3 2163
138 13875
5 13875
60 13875
51 13875
95 13875
63 13875
10 13875
2 13875
110 13875
26 13875
2076 13875
125 13875
43 13875
3 13875
3 2339
3 222
4 150
4 1164
8 1164
5 1164
1 2347
0 2347
4 2347
3 2347
0 633
0 384
17 3126
26 3126
7 3126
5 3126
8 3126
21 3126
13 3126
4 1078
0 1078
20 1078
0 267
0 1926
29 526
1 812
12 858
6 5657
16 5657
8 5657
7 5657
0 5657
3 5657
21 5657
79 5657
1 1042
0 423
0 218
11 172
51 1307
62 1021
0 384
4 400
2 240
1 247
1 176
0 247
1 124
1 618
0 247
1 1708
14 1708
11 1708
4 1708
0 762
1 762
3 152
6 371
0 264
1 442
0 442
1 389
73 5642
15 5642
106 5642
210 5642
42 5642
23 5642
2 5642
2 416
0 223
0 86
13 543
1 1403
1 1403
1 679
1 2517
0 87
5 689
7 336
0 89
0 153
16 1403
2 1963
15 1963
5 2002
11 2002
2 2002
11 147
1 147
11 163
6 264
1 1539
6 264
1 590
0 181
24 241
2 465
79 764
95 764
11 764
10 295
0 1652
1 1652
0 1967
0 86
0 1110
2 1183
1 1183
0 1183
0 876
0 389
0 1124
1 1124
9 1014
0 961
3 961
6 961
0 526
0 359
24 1130
2 257
3 1386
5 842
39 1042
0 257
8 2403
51 2403
7 2403
0 106
3 375
17 617
0 270
0 270
1 340
12 327
0 380
1 518
1 587
2 587
0 384
0 424
0 264
1 699
7 1317
0 1317
2 1317
1 120
6 594
0 538
0 603
9 1130
1 344
1 240
1 1241
0 122
0 855
0 1898
2 1898
0 1898
1 1898
0 384
0 17
5 914
0 777
6 163
6 4713
11 4713
1 4713
437 4713
0 4713
10 4713
0 44
1 2150
13 2150
3 2150
7 2150
3 402
19 266
0 781
2 781
1 781
3 781
331 664
1 689
0 874
0 796
0 796
77 1464
1 1464
4 1464
0 548
1 382
2 233
2 663
15 257
28 506
5 1012
3 257
2 626
2 371
35 782
6 3816
0 3816
3 3816
4 3816
1 3816
8 3816
35 3816
0 340
1 1347
0 1347
0 149
0 554
2 364
13 364
11 295
44 435
0 695
4 1247
6 1247
3 423
0 914
0 265
4 631
2 631
0 186
0 518
13 171
43 511
0 431
1 2308
0 2308
15 2303
0 2303
4 145
1 145
16 145
3 467
17 518
1 405
3 318
8 423
1 324
1 389
21 8726
3 8726
177 8726
31 8726
171 8726
19 8726
199 8726
50 8726
6 8726
0 8726
9 8726
45 8726
22 8726
3 422
2 108
0 456
0 1036
1 1036
22 391
0 344
0 679
3 154
198 397
27 3066
0 3066
50 3066
2 1214
5 1214
15 1595
92 1595
50 764
0 457
0 368
0 376
2 209
2 209
1 1191
0 1191
0 592
10 378
70 141
0 389
0 446
4 264
0 526
2 1110
1478 12734
36 12734
0 12734
113 12734
81 12734
74 12734
1305 12734
39 12734
7 12734
342 12734
167 12734
179 12734
189 12734
180 12734
112 12734
253 12734
278 12734
194 12734
1 203
0 89
0 653
16 295
0 841
0 441
3 384
0 876
32 1264
631 1264
45 1264
0 404
1 1483
0 1110
1 590
0 590
5 264
0 107
9 1386
0 148
0 89
7 842
33 461
1 669
0 669
7 737
2 699
3 423
4 737
0 107
0 107
1 148
0 473
4 2629
31 2629
7 2629
1 2629
0 384
0 1589
2 1589
1 1589
3 113
0 2696
1 2696
2 2696
0 774
5 664
493 987
1 987
0 987
33 4344
9 4344
14 4344
12 4344
6 4344
11 4344
13 4344
3 222
3 626
37 1376
2 1376
35 1376
4 1376
0 558
7 680
10 680
5 234
6 177
3 177
1 384
0 441
15 441
3 376
1 1511
4 1511
2 522
1 522
0 169
1 737
6 664
3 479
0 2238
2 2238
7 2238
8 2238
16 1074
9 737
0 762
27 2517
35 788
0 2300
3 2300
2 762
0 618
0 183
0 270
5 558
0 252
16 295
10 1913
55 1913
5 656
9 656
1 656
1 240
0 423
106 764
9 373
7 446
1 357
3 423
5 632
1 590
0 562
14 456
0 9
293 587
0 562
20 1014
0 774
0 404
1 567
3 1407
2 594
1 690
0 690
0 250
1 127
23 295
5 2725
8 2725
6 2725
7 2725
3 2725
1 442
0 442
1 518
0 508
0 269
1 269
0 38
5 6094
35 6094
30 6094
31 6094
63 6094
4 1370
5 2737
6 2737
41 1409
20 526
5 465
1 339
2 960
0 960
35 382
1 295
0 404
2 431
3 1536
2 615
0 844
0 308
1 504
0 560
0 730
1 730
0 764
1 1701
2 240
14 283
2 596
0 392
3 2339
5 2339
0 303
0 461
23 563
21 438
0 122
17 980
8 980
9 845
1 665
16 378
1 352
6 889
4 889
0 189
0 431
0 751
5 526
2 1955
5 1955
0 1955
7 1955
1 1955
4 1955
178 9453
201 9453
164 9453
63 9453
42 9453
241 9453
15 9453
123 9453
62 9453
194 9453
160 9453
155 9453
79 9453
122 9453
91 9453
7 3604
57 3604
59 3604
1801 3604
24 3604
3 2982
14 2982
2 2982
7 2982
15 2982
2 1152
5 499
0 181
1 181
14 249
10 613
12 395
2 575
0 122
7 1114
2 1114
141 283
141 283
0 241
4 55
7 655
4 1887
8 1887
38 1887
6 7512
12 7512
14 7512
10 7512
5 7512
20 7512
8 7512
350 7512
77 7512
503 7512
90 7512
21 7512
50 7512
7 7512
422 7512
5 328
10 623
7 106
0 82
2 305
1 196
17 151
19 439
4 328
10 2031
96 4370
82 4370
68 4370
95 4370
38 4370
56 4370
65 4370
58 4370
3 340
0 360
0 269
1 413
18 887
1 187
7 187
3 534
2 1539
20 726
13 257
6 202
2 764
1 764
0 473
2 729
4 729
3 729
3 174
9 593
1 326
6 282
2 59
2 2849
88 2849
9 2849
56 2849
1 225
13 435
1 435
0 522
5 146
0 479
10 399
1 587
0 562
31 788
8 788
29 788
32 788
39 788
0 788
2 788
42 788
17 788
33 473
17 473
7 1528
2 1528
30 1904
25 1904
9 733
0 219
8 2417
0 2417
48 594
28 594
26 594
1 620
0 620
2 476
13 476
0 405
6 1695
0 91
3 91
0 1223
1 1223
3 1223
11 479
1 328
15 1879
3 1879
15 4834
26 4834
13 4834
0 4834
34 4834
14 4834
0 145
18 739
5 336
17 361
8 177
0 413
379 759
2 191
2 191
25 240
2 233
3 177
0 176
2 318
5 807
7 807
0 761
2 446
1 931
0 931
0 1074
48 812
9 287
13 764
0 1043
2 857
2 922
2 558
14 558
8 279
86 173
8 130
0 617
1 617
7 1707
2 1707
9 4275
6 4275
0 4275
4 4275
10 4275
1 1149
0 1149
2 1149
2 2971
1 2971
1 336
2 318
0 1026
0 92
1 92
0 311
1 161
2 774
5 127
0 379
5 400
3 428
4 381
1 562
0 497
2 393
3 279
1 323
7 395
14 223
0 362
19 509
11 2434
5 716
7 388
18 233
1 484
0 484
0 484
3 1075
1 1075
3 1075
14 1075
6 118
2 114
421 844
421 844
2 306
1 1742
2 1742
0 1742
2 441
3 655
98 764
11 509
325 3737
0 3737
2 3737
1 3737
15 562
1090 2181
0 338
0 40
1 379
1 405
1 474
0 98
0 1143
12 368
6 699
1 343
12 126
3 1644
1 1644
2 767
4 767
66 767
7 20
14 310
4 354
0 61
4 297
363 727
3 395
0 1618
1 233
11 381
6 473
18 217
3 152
383 768
6 171
0 567
0 301
0 461
42 788
4 788
32 788
21 788
46 788
0 788
1 788
39 788
18 788
1 405
0 653
4 139
5 324
0 973
4 1386
0 633
18 664
8 1618
1 395
0 295
6 344
3 230
1109 2219
0 385
21 527
0 1926
1 1926
3 548
0 919
0 699
7 472
3 327
0 821
3 821
2 821
0 526
4 567
28 1012
9 1012
5 1012
3 562
58 739
3 266
113 227
0 241
3 635
3 391
5 177
6 407
7 435
25 535
18 527
1 371
5 371
1 240
0 57
36 297
0 262
1 361
24 1312
0 84
1 287
0 509
1 585
6 592
40 812
124 2339
144 290
0 948
1 948
0 448
37 973
6 360
1 389
74 1646
3 2101
0 2101
5 2101
7 2101
4 876
7 472
4 265
3 777
17 502
9 137
13 209
2 144
0 183
0 370
67 135
1 120
28 962
14 721
0 114
1 3218
2 1747
0 231
4 1110
0 153
2 290
0 397
6 325
17 319
8 382
35 5267
27 5267
17 5267
20 5267
102 5267
28 5267
80 5267
114 5267
8 5267
5 5267
9 5267
2 5267
21 5267
65 5267
7 1034
0 1034
14 2191
3 2191
17 247
17 247
76 1416
164 1027
6 319
6 1042
16 384
2 163
0 127
1 484
7 900
2 544
23 265
4 368
1 930
12 2416
2 2416
15 2416
37 919
1 407
0 382
0 247
0 233
2 1183
1 1183
0 1183
1 1185
0 382
0 340
0 3763
10 3763
7 177
3 477
0 141
0 242
1 295
2 295
2 395
27 615
3 308
0 1695
26 511
2 227
0 257
2 2339
1 395
0 359
0 761
7 257
0 176
3 336
0 195
1 365
8 240
1 230
5 196
4 338
7 1116
5 1116
7 1124
0 300
7 1623
39 906
1 57
0 188
0 1057
0 233
1 721
3 318
0 735
3 699
2 446
0 310
0 165
12 465
7 1130
81 679
0 392
11 348
0 1898
1 1898
4 472
1 950
0 950
4 950
0 191
12 1695
0 324
1 282
0 861
3 1695
21 360
2 960
3 388
2 1701
0 453
1 453
0 247
3 461
32 295
1 1042
8 549
15 319
5 1110
7 2517
0 866
2 866
7 141
4 387
2 48
0 1791
3 1791
4 511
2 275
6 286
0 423
1 191
24 950
0 509
0 861
0 364
6 364
0 378
0 3651
0 364
4 364
0 298
5 679
3 654
6 177
4 605
13 392
12 392
0 569
0 43
5 414
2 272
3 327
0 2050
1 2050
2 2050
3 617
3 927
20 1268
17 1268
21 1268
20 1413
78 157
10 317
394 790
394 790
0 812
24 1077
10 584
33 562
18 1360
2 1695
38 405
2 587
0 127
13 1592
3 1592
3 1719
1 1719
2 1719
0 548
2 548
2 195
3 352
0 1043
11 2703
5 2703
2 2703
0 2703
16 1165
14 395
1 1323
0 1323
2 1323
5 1323
4 1323
0 118
2 165
4 663
12 451
16 1536
22 1526
22 1526
22 1526
2 116
12 327
2 587
2 139
1 325
16 1288
2 116
7 240
0 217
355 712
8 1386
4 2339
8 2517
15 381
12 284
1 183
13 295
4 2517
17 2339
1 465
0 247
0 2517
0 55
1 281
0 247
20 1360
0 461
41 3761
0 590
4 594
25 378
15 1539
3 108
223 4338
167 1552
3 152
11 646
2 306
1 657
0 657
12 1042
41 421
1 1042
5 222
1 1034
0 270
0 1104
0 486
0 502
0 57
4 816
7 2365
27 1074
0 187
0 2236
2 2236
3 2236
4 2236
5 405
15 1110
3 497
11 222
0 120
0 151
1 1392
0 230
1 86
5 78
150 2339
0 9
1 1021
4 318
3 308
32 279
0 762
0 88
6 721
41 1027
0 500
0 89
3 86
13 159
7 733
10 725
1 276
1 497
4 1130
0 456
0 654
0 777
0 53
0 340
52 475
1 142
3 694
0 41
0 90
293 588
1 588
2 588
1 214
0 67
0 588
1 327
1 342
0 588
5 193
1 161
5 90
1 588
0 41
3 322
3 718
1 142
14 567
5 588
5 113
0 120
2 588
16 567
49 588
1 588
3 483
7 588
6 218
21 588
0 282
0 282
11 588
14 218
0 327
3 24
0 274
2 274
2 214
1 142
2 90
44 90
1 228
6 567
0 229
9 567
2 343
1 228
1 327
1 43
4 386
4 694
10 228
1 475
0 588
19 475
31 946
0 475
0 567
1 457
2 327
3 483
3 343
0 116
0 475
10 228
0 342
2 327
35 560
18 229
0 99
1 588
7 43
6 43
0 168
3 141
4 483
0 16
1 588
1 386
1 334
3 588
4 588
6 588
2 588
0 90
8 588
1 271
2 588
8 386
0 67
46 560
16 342
0 454
0 588
12 588
2 211
24 694
28 694
11 228
20 327
3 588
5 752
0 53
2 229
2 588
2 41
0 374
0 334
24 588
1 475
7 110
0 229
0 58
1 588
0 142
8 153
0 334
4 116
7 118
3 588
7 386
3 327
2 142
13 228
12 156
3 588
1 588
1 327
2 343
6 153
22 475
9 588
0 99
0 588
3 588
34 574
3 694
1 90
14 694
1 56
22 560
4 342
8 322
0 752
2 588
33 327
0 193
12 454
0 342
0 67
0 327
0 588
1 229
0 342
0 67
158 2673
0 211
2 483
0 327
2 228
4 33
6 962
1 1539
0 125
0 120
6 80
1 816
0 554
0 176
0 406
0 66
0 473
0 977
0 844
0 290
14 502
3 88
2 275
3 147
5 515
0 1205
0 1403
0 1695
16 605
7 605
3 1347
2 1347
23 1516
0 295
0 473
0 59
3 1021
6 788
113 228
0 1110
0 88
0 768
1 476
0 337
0 340
33 1695
1 127
2 308
1 378
0 241
4 452
0 284
2 1900
0 1900
1 3101
0 3101
0 6
5 218
19 664
0 158
0 423
11 951
15 951
0 623
0 399
3 1577
0 278
3 214
3 2150
0 2150
0 145
1 404
0 1074
4 336
0 362
4 594
0 216
1 439
2 527
1 1386
0 639
30 762
0 625
1 625
0 725
0 395
0 1036
0 1042
4 393
5 1539
1 368
2 1539
58 117
8 632
1 1042
1 518
1 567
0 452
0 1071
0 347
1 303
0 120
3 270
7 2237
3 2237
1 2237
0 2237
11 2237
0 233
186 1552
0 409
0 1230
2 1230
0 853
0 400
0 126
0 446
13 857
0 973
0 274
1 274
3 3390
34 3390
11 3390
8 3390
0 584
37 890
1 626
7 216
0 1346
0 247
11 287
4 79
0 196
19 191
17 7353
9 7353
228 7353
455 7353
35 7353
45 7353
314 7353
14 7353
20 7353
536 7353
2 7353
15 7353
32 7353
347 7353
10 7353
48 7353
0 141
4 2466
2 2466
0 2466
3 2466
3 1456
228 10604
0 10604
37 10604
68 10604
67 10604
35 10604
18 10604
248 10604
28 10604
217 10604
6 10604
4 10604
1 10604
54 10604
231 10604
31 10604
6 1655
8 1655
0 407
4 1162
8 1162
3 1162
5 1162
4 479
17 623
0 87
1 564
6 391
0 295
1 590
0 508
52 1695
2 47
42 788
27 788
29 788
31 788
28 788
1 788
2 788
24 788
38 788
1 230
0 739
0 436
2 1695
0 247
3 626
2 567
4 115
3 48
0 344
4 684
98 764
0 582
86 1072
6 1862
0 1862
0 369
14 876
1 625
0 233
6 937
0 937
6 937
0 230
2 421
0 272
1 218
2 812
22 826
0 919
2 887
1 1072
57 2339
9 958
2 958
3 1623
4 141
1 792
1 811
1 2330
0 2330
1 247
4 974
4 120
0 182
2 423
0 1967
0 30
0 384
2 549
24 1153
2 497
2 188
5 498
0 157
2 157
15 2339
1 950
2 57
0 135
0 473
0 962
1 448
0 163
0 414
9 1161
0 1161
2 1161
1 117
2 96
0 1403
0 1346
1 139
26 1110
0 473
4 318
0 318
1 700
0 162
4 1967
6 1539
0 1539
0 106
11 5662
13 5662
28 5662
20 5662
23 5662
8 1536
8 1536
5 625
2 2565
1 2565
30 2565
5 2565
6 2565
4 2565
34 1747
6 384
2 183
2 1249
1 1249
0 87
0 812
4 746
0 2128
1 2128
4 2128
0 473
1 67
3 124
15 178
0 764
2 379
1 2396
0 2396
2 2396
17 890
2 890
3 890
0 38
0 2407
3 2407
1 2407
8 2407
1 735
0 581
1 581
3 385
6 385
5 615
0 139
0 641
0 448
3 1064
0 1064
5 2225
4 89
0 941
0 89
0 1419
0 452
0 80
10 554
1 89
0 1294
15 1294
8 381
12 1948
3 1948
0 1948
1 1948
6 962
9 448
0 352
1 137
0 594
4 1708
0 1708
14 287
0 25
0 816
0 626
0 90
25 2339
0 1536
0 233
0 69
0 319
0 796
0 446
0 527
0 142
0 369
0 153
1 590
0 385
206 413
0 446
0 2395
1 2395
5 404
295 592
26 2163
2 2163
3 2163
3 55
20 191
1 2423
3 2423
0 2423
0 344
0 196
0 452
22 1403
1 1205
2 1205
3 1014
0 294
0 448
4 86
0 395
2 844
0 844
1 303
13 1360
0 812
0 107
0 562
0 479
6 467
12 1733
16 1733
19 1733
0 80
5 739
0 446
123 247
0 389
0 733
2 215
3 295
1 431
0 175
4 130
1 187
4 135
0 284
4 371
7 330
3 1724
0 1724
2 1724
2 549
0 919
569 1139
2 896
1 896
4 437
0 103
0 264
2 261
0 264
0 648
6 1577
2 1501
3 1501
1 1501
308 617
2 1618
0 285
5 504
0 115
1 48
0 247
0 737
0 223
0 509
0 311
5 594
238 477
0 345
3 733
3 789
1 789
0 605
5 1747
0 347
0 1511
2 1511
0 362
7 147
0 307
11 139
9 139
0 382
2 1766
10 788
1 788
6 788
4 788
11 788
0 788
2 788
11 788
5 788
17 694
1 694
4 307
1 174
2 371
1 1077
0 537
5 178
0 103
1 290
4 3159
5 3159
0 3159
1 1331
24 50
0 716
0 508
28 1909
28 1909
28 1909
0 1618
0 1618
0 384
1 384
0 102
0 94
1 585
0 474
47 535
0 261
5 295
0 169
0 148
4 183
9 876
1 733
6 1787
2 1787
0 1787
12 617
0 1553
2 1553
0 504
2 343
1 632
0 127
3 504
7 1083
2 65
23 1144
0 178
2 172
16 240
41 431
10 919
0 498
0 1618
7 1475
14 368
3 26
11 1965
33 1965
13 1965
29 1965
6 1965
57 1965
1 125
3 175
4 55
7 379
0 229
0 229
0 230
1 1042
0 344
11 323
3 746
13 876
3 479
202 406
2 504
1 171
23 575
5 764
5 1913
1 1913
1 1057
2 269
0 173
1 344
0 772
0 242
1 1695
13 1695
0 382
3 764
0 175
0 94
1 811
0 394
0 1287
0 176
4 139
0 310
0 360
4 230
1 811
1 381
1 1129
3 1129
2 1129
3 638
0 1071
9 1410
45 1410
0 1410
1 811
0 497
4 37
0 285
0 305
3 256
0 360
116 233
14 623
1 1061
3 260
0 452
0 563
10 592
7 144
7 327
0 617
0 337
2 362
406 5976
161 5976
28 5976
227 5976
234 5976
25 5976
231 5976
175 5976
149 5976
19 1075
6 379
13 661
0 162
1 2517
14 431
0 100
1 1386
9 850
1 511
4 405
0 1102
1 1102
0 370
1 196
1 361
6 841
0 698
0 124
0 290
2 218
1 439
4 229
0 349
0 89
0 360
13 333
12 333
0 526
2 122
0 412
0 196
0 874
0 247
0 896
1 338
3 338
2 142
58 1779
889 1779
46 1779
889 1779
0 1238
15 876
4 1853
9 1853
6 1853
14 592
281 564
1 173
2 1539
0 158
1 812
4 584
1 328
6 262
0 816
1 99
6 796
6 404
5 146
2 345
5 464
1 228
6 274
459 919
0 502
0 1110
2 122
3 446
10 518
0 141
2 585
0 561
0 2808
0 1357
151 1416
0 204
1 100
281 563
0 564
0 473
33 1110
0 339
163 327
4 308
7 295
0 587
0 777
0 558
3 149
8 209
1 279
0 962
8 3095
18 3095
15 3095
10 1617
4 1617
1 1617
3 1617
0 318
6 327
3 1767
10 1767
0 1767
2 1767
12 240
0 1071
0 522
0 1618
1 465
0 465
1 465
