2 384
4 375
0 392
1 576
0 576
2 776
1 776
11 511
30 2287
28 2287
10 745
10 745
6 914
6 338
4 448
1 691
0 691
0 183
14 914
7 1155
34 1155
577 1155
1 1155
17 1155
4 1370
14 1623
0 7389
45 7389
8 7389
11 7389
7 7389
10 7389
22 7389
23 7389
249 7389
18 7389
147 7389
1 2339
5 615
26 1288
6 176
8 1265
6 1265
23 1265
4 150
3 79
0 1983
1 1983
5 1983
7 1983
2 269
198 397
1 1208
0 1208
3 1208
5 1474
11 240
0 448
1 558
1 1113
0 1113
0 79
5 305
199 400
3 388
4 590
1 1483
4 152
3 152
7 796
767 1536
0 805
0 276
15 328
0 1267
11 1267
22 1267
29 1267
1 1267
3 522
2 198
2 1013
2 1013
4 152
0 1303
2 1008
0 1008
4 327
1 562
8 737
5 737
5 264
1 175
0 44
0 89
6 1913
5 1913
9 1539
25 973
21 855
0 301
32 7645
17 7645
1 7645
18 7645
99 7645
6 7645
8 7645
4 7645
7 7645
46 7645
40 7645
5 7645
30 7645
9 7645
21 7645
14 7645
34 7645
23 7645
79 7645
22 7645
700 9306
3 9306
53 9306
20 9306
5 9306
115 9306
0 9306
9 9306
4 9306
514 9306
37 9306
2 9306
79 9306
205 9306
1 9306
101 9306
65 9306
24 9306
35 3760
234 3760
1 3760
3 3760
48 3760
32 3760
22 3760
36 3760
20 689
5 295
5 1454
0 1454
1 1454
10 1454
2 626
0 203
0 405
2 794
1 794
0 844
328 657
10 1110
4 150
0 1071
0 812
0 812
0 422
13 896
0 395
4 2339
0 135
1 324
2 721
39 79
3 204
1 811
1 368
0 380
0 380
1 384
9 152
4 98
10 68
4 446
0 777
6 777
1 884
9 884
0 1514
437 876
173 348
0 169
2 663
0 663
6 303
10 240
0 441
7 1474
0 733
7 1077
1 404
0 973
1 138
17 1618
1 567
17 876
1 176
0 2150
55 2150
17 876
6 311
4 1597
23 1597
3 1597
23 1597
1 618
0 98
0 184
5 776
0 776
5 497
4 57
6 392
0 670
40 670
5 392
0 511
1 247
0 876
1 344
9 965
769 1539
0 509
4 215
12 176
4 215
4 215
28 1386
3 283
6 764
0 465
0 792
18 10782
4 10782
13 10782
10 10782
11 10782
73 10782
16 10782
46 10782
37 10782
47 10782
58 10782
351 10782
2 10782
19 10782
22 10782
8 10782
12 10782
14 10782
60 10782
23 10782
7 10782
17 10782
44 10782
0 10782
58 10782
40 10782
4 224
11 767
10 144
269 540
0 2510
1 2510
134 269
5 269
0 1269
1 1269
3 919
1 782
1 448
1 931
0 931
0 247
4 89
5 2038
0 2038
1 2038
1 446
3 737
1 1898
0 1898
29 584
20 1360
4 2257
5 2257
1 1695
5 2339
18 1072
1 746
3 746
1 2150
6 2150
20 3410
1 3410
12 3410
5 746
1 2150
15 2150
11 764
4 746
0 456
15 590
37 2449
37 2449
95 191
3 777
4 266
10 1027
6 976
21 976
17 3000
8 3000
6 3000
141 3000
9 3000
12 3000
3 202
2 456
10 777
7 381
0 295
3 186
220 441
1 94
33 68
0 287
6 240
70 142
11 240
6 655
12 1197
7 2831
6 2831
5 2831
1 2831
2 1331
0 4210
1 4210
92 4210
2 4210
10 4210
35 4210
42 4210
7 4210
3 4210
12 4210
247 4210
0 20
3 209
0 677
1 677
0 1547
2 1547
0 888
2 888
171 344
3 413
14 1012
0 1012
14 1012
6 269
13 467
10 504
554 1110
2 585
3 2128
11 2128
2 2128
5 960
3 1483
40 1536
17 1536
554 1110
3 1069
1 1069
0 1069
13 1014
405 811
3 1110
0 423
0 93
5 183
0 384
0 724
2 2375
1 2375
5 2375
2 178
10 788
3 788
6 788
4 788
11 788
0 788
1 788
11 788
5 788
0 203
112 226
0 4949
6 4949
2 4949
41 4949
13 4949
22 4949
16 4949
0 120
71 2150
0 2150
3 2150
0 653
14 689
17 2955
6 2955
19 2955
9 2955
22 2955
0 2955
7 2955
4 1695
1 439
0 439
13 225
2 2163
3 2163
13 13875
18 13875
9 13875
22 13875
14 13875
78 13875
0 13875
4 13875
1 13875
7 13875
6937 13875
11 13875
142 13875
20 13875
28 2339
3 222
4 150
3 1164
6 1164
5 1164
0 2347
2 2347
1 2347
3 2347
3 633
0 384
12 3126
11 3126
8 3126
4 3126
5 3126
13 3126
7 3126
3 1078
0 1078
6 1078
3 267
0 1926
262 526
8 812
12 858
20 5657
12 5657
30 5657
2 5657
1 5657
0 5657
18 5657
141 5657
10 1042
0 423
6 218
85 172
52 1307
82 1021
1 384
8 400
9 240
8 247
1 176
0 247
3 124
0 618
1 247
12 1708
12 1708
12 1708
1 1708
0 762
1 762
3 152
13 371
0 264
1 442
0 442
0 389
17 5642
11 5642
87 5642
154 5642
19 5642
16 5642
61 5642
5 416
5 223
0 86
22 543
14 1403
10 1403
2 679
1 2517
0 87
344 689
10 336
1 89
1 153
29 1403
17 1963
18 1963
1 2002
14 2002
8 2002
14 147
13 147
81 163
131 264
2 1539
131 264
3 590
0 181
120 241
3 465
60 764
67 764
11 764
10 295
0 1652
1 1652
7 1967
0 86
0 1110
2 1183
1 1183
0 1183
0 876
0 389
0 1124
1 1124
10 1014
0 961
3 961
6 961
0 526
1 359
32 1130
0 257
30 1386
13 842
520 1042
0 257
6 2403
36 2403
4 2403
0 106
10 375
11 617
0 270
28 270
8 340
7 327
0 380
1 518
2 587
0 587
0 384
0 424
3 264
8 699
41 1317
11 1317
0 1317
7 120
7 594
0 538
0 603
6 1130
3 344
11 240
1 1241
1 122
1 855
0 1898
1 1898
1 1898
0 1898
1 384
8 17
25 914
0 777
81 163
4 4713
5 4713
1 4713
403 4713
0 4713
10 4713
1 44
1 2150
7 2150
4 2150
7 2150
8 402
132 266
2 781
11 781
2 781
3 781
331 664
16 689
1 874
0 796
9 796
64 1464
5 1464
16 1464
0 548
7 382
4 233
2 663
8 257
252 506
5 1012
5 257
1 626
3 371
390 782
7 3816
3 3816
1 3816
0 3816
2 3816
14 3816
11 3816
2 340
2 1347
0 1347
1 149
7 554
2 364
4 364
147 295
217 435
20 695
3 1247
0 1247
3 423
4 914
0 265
2 631
0 631
1 186
0 518
85 171
255 511
24 431
0 2308
1 2308
1 2303
10 2303
3 145
1 145
6 145
9 467
258 518
4 405
8 318
10 423
7 324
9 389
14 8726
3 8726
81 8726
13 8726
11 8726
60 8726
367 8726
111 8726
61 8726
0 8726
4 8726
6 8726
5 8726
0 422
2 108
0 456
0 1036
1 1036
18 391
3 344
12 679
2 154
198 397
42 3066
43 3066
54 3066
1 1214
3 1214
34 1595
63 1595
381 764
0 457
0 368
0 376
3 209
10 209
1 1191
0 1191
1 592
10 378
70 141
0 389
0 446
7 264
1 526
4 1110
6366 12734
31 12734
5 12734
28 12734
89 12734
155 12734
6366 12734
55 12734
4 12734
590 12734
105 12734
105 12734
120 12734
113 12734
124 12734
627 12734
145 12734
148 12734
3 203
0 89
1 653
18 295
0 841
0 441
5 384
0 876
43 1264
631 1264
631 1264
0 404
0 1483
0 1110
4 590
4 590
7 264
0 107
20 1386
0 148
44 89
10 842
230 461
1 669
0 669
12 737
19 699
3 423
7 737
0 107
0 107
0 148
0 473
5 2629
1 2629
66 2629
16 2629
3 384
2 1589
1 1589
0 1589
4 113
0 2696
3 2696
1 2696
3 774
29 664
493 987
2 987
6 987
18 4344
7 4344
4 4344
15 4344
3 4344
6 4344
9 4344
4 222
312 626
20 1376
20 1376
20 1376
20 1376
0 558
10 680
0 680
4 234
4 177
7 177
14 384
5 441
30 441
6 376
0 1511
1 1511
11 522
1 522
0 169
0 737
31 664
11 479
2 2238
3 2238
1 2238
9 2238
19 1074
12 737
1 762
1258 2517
393 788
7 2300
6 2300
9 762
0 618
0 183
26 270
10 558
5 252
19 295
12 1913
28 1913
12 656
9 656
3 656
12 240
1 423
381 764
16 373
0 446
3 357
3 423
1 632
2 590
0 562
16 456
0 9
293 587
2 562
6 1014
0 774
0 404
0 567
1 1407
0 594
1 690
0 690
1 250
1 127
31 295
1 2725
4 2725
2 2725
3 2725
0 2725
1 442
0 442
1 518
0 508
0 269
1 269
0 38
0 6094
2 6094
4 6094
1 6094
6 6094
684 1370
41 2737
41 2737
7 1409
262 526
18 465
3 339
2 960
0 960
19 382
1 295
0 404
0 431
1 1536
3 615
0 844
0 308
1 504
0 560
0 730
1 730
0 764
0 1701
11 240
141 283
12 596
3 392
1 2339
3 2339
0 303
0 461
21 563
15 438
0 122
10 980
6 980
28 845
1 665
4 378
1 352
8 889
5 889
0 189
0 431
0 751
5 526
6 1955
60 1955
4 1955
60 1955
0 1955
3 1955
51 9453
49 9453
50 9453
7 9453
8 9453
88 9453
3 9453
30 9453
9 9453
46 9453
36 9453
39 9453
32 9453
34 9453
21 9453
2 3604
23 3604
24 3604
1801 3604
17 3604
1 2982
5 2982
6 2982
2 2982
9 2982
2 1152
2 499
0 181
1 181
124 249
7 613
13 395
2 575
0 122
16 1114
16 1114
141 283
141 283
0 241
4 55
327 655
2 1887
1 1887
3 1887
31 7512
115 7512
30 7512
117 7512
6 7512
20 7512
27 7512
443 7512
353 7512
489 7512
264 7512
85 7512
33 7512
88 7512
732 7512
163 328
2 623
1 106
0 82
1 305
6 196
75 151
21 439
4 328
2 2031
12 4370
11 4370
15 4370
13 4370
2 4370
16 4370
18 4370
8 4370
1 340
0 360
0 269
0 413
11 887
2 187
3 187
3 534
5 1539
12 726
128 257
7 202
1 764
0 764
0 473
1 729
2 729
3 729
3 174
12 593
1 326
6 282
29 59
13 2849
23 2849
0 2849
26 2849
2 225
11 435
2 435
0 522
7 146
1 479
9 399
0 587
5 562
393 788
1 788
393 788
393 788
393 788
2 788
2 788
393 788
393 788
14 473
13 473
7 1528
1 1528
24 1904
20 1904
4 733
1 219
66 2417
46 2417
25 594
26 594
23 594
0 620
1 620
1 476
5 476
0 405
3 1695
1 91
3 91
0 1223
1 1223
3 1223
11 479
2 328
4 1879
6 1879
125 4834
23 4834
70 4834
1 4834
10 4834
37 4834
1 145
33 739
6 336
5 361
9 177
8 413
379 759
2 191
2 191
6 240
6 233
4 177
0 176
5 318
1 807
0 807
0 761
4 446
1 931
0 931
0 1074
9 812
24 287
17 764
1 1043
0 857
1 922
2 558
11 558
4 279
86 173
64 130
3 617
3 617
3 1707
2 1707
11 4275
0 4275
1 4275
2 4275
5 4275
1 1149
0 1149
2 1149
5 2971
2 2971
0 336
3 318
0 1026
1 92
0 92
0 311
1 161
4 774
11 127
4 379
0 400
213 428
190 381
3 562
1 497
196 393
5 279
12 323
6 395
9 223
0 362
14 509
0 2434
11 716
16 388
19 233
0 484
2 484
3 484
0 1075
6 1075
20 1075
21 1075
5 118
1 114
421 844
421 844
152 306
1 1742
2 1742
0 1742
5 441
6 655
11 764
0 509
1868 3737
0 3737
2 3737
1 3737
11 562
1090 2181
0 338
3 40
189 379
4 405
2 474
0 98
2 1143
183 368
10 699
1 343
11 126
9 1644
28 1644
1 767
5 767
383 767
7 20
154 310
6 354
0 61
2 297
363 727
12 395
13 1618
3 233
190 381
1 473
10 217
1 152
383 768
0 171
0 567
0 301
0 461
393 788
3 788
20 788
20 788
393 788
1 788
2 788
393 788
18 788
1 405
3 653
2 139
1 324
0 973
5 1386
4 633
21 664
5 1618
18 395
0 295
5 344
6 230
1109 2219
0 385
17 527
3 1926
16 1926
3 548
0 919
14 699
4 472
4 327
0 821
2 821
3 821
1 526
3 567
11 1012
5 1012
1 1012
7 562
42 739
2 266
113 227
0 241
38 635
2 391
5 177
5 407
8 435
12 535
19 527
2 371
4 371
3 240
0 57
148 297
1 262
1 361
21 1312
0 84
6 287
1 509
3 585
9 592
405 812
145 2339
144 290
0 948
1 948
0 448
19 973
6 360
2 389
27 1646
2 2101
1 2101
3 2101
4 2101
8 876
28 472
2 265
1 777
250 502
6 137
104 209
8 144
0 183
0 370
67 135
2 120
12 962
32 721
0 114
4 3218
1 1747
0 231
1 1110
0 153
0 290
2 397
11 325
10 319
21 382
20 5267
14 5267
9 5267
17 5267
68 5267
13 5267
60 5267
81 5267
4 5267
6 5267
8 5267
0 5267
19 5267
50 5267
3 1034
0 1034
4 2191
1 2191
11 247
12 247
27 1416
106 1027
1 319
0 1042
1 384
0 163
0 127
1 484
1 900
0 544
24 265
7 368
0 930
8 2416
8 2416
8 2416
19 919
2 407
0 382
0 247
0 233
2 1183
1 1183
0 1183
1 1185
0 382
0 340
0 3763
2 3763
88 177
238 477
1 141
23 242
0 295
2 295
4 395
307 615
2 308
1 1695
12 511
0 227
0 257
5 2339
7 395
2 359
0 761
128 257
0 176
4 336
2 195
1 365
11 240
2 230
3 196
168 338
5 1116
2 1116
5 1124
0 300
5 1623
452 906
0 57
2 188
0 1057
0 233
5 721
9 318
0 735
20 699
2 446
0 310
0 165
232 465
4 1130
339 679
0 392
6 348
0 1898
1 1898
1 472
6 950
9 950
8 950
2 191
2 1695
0 324
2 282
0 861
14 1695
21 360
3 960
3 388
3 1701
0 453
1 453
1 247
1 461
30 295
2 1042
274 549
159 319
5 1110
7 2517
1 866
0 866
7 141
0 387
3 48
0 1791
7 1791
3 511
4 275
13 286
0 423
2 191
6 950
254 509
0 861
0 364
4 364
1 378
0 3651
0 364
10 364
0 298
5 679
19 654
6 177
11 605
8 392
7 392
4 569
0 43
9 414
4 272
7 327
1 2050
2 2050
3 2050
0 617
6 927
6 1268
2 1268
5 1268
32 1413
78 157
7 317
394 790
394 790
0 812
15 1077
9 584
17 562
20 1360
2 1695
30 405
5 587
5 127
2 1592
0 1592
2 1719
0 1719
1 1719
0 548
1 548
4 195
1 352
1 1043
41 2703
41 2703
41 2703
41 2703
30 1165
197 395
1 1323
0 1323
2 1323
5 1323
3 1323
0 118
3 165
0 663
9 451
31 1536
22 1526
22 1526
22 1526
2 116
14 327
1 587
2 139
0 325
4 1288
3 116
7 240
0 217
355 712
7 1386
81 2339
1 2517
5 381
14 284
0 183
6 295
1 2517
1169 2339
2 465
0 247
0 2517
0 55
0 281
0 247
20 1360
0 461
35 3761
0 590
1 594
27 378
23 1539
2 108
149 4338
775 1552
2 152
2 646
1 306
16 657
15 657
30 1042
210 421
1 1042
3 222
2 1034
0 270
0 1104
1 486
3 502
1 57
15 816
2 2365
20 1074
0 187
0 2236
1 2236
4 2236
2 2236
202 405
11 1110
14 497
110 222
0 120
0 151
1 1392
0 230
6 86
6 78
112 2339
0 9
0 1021
0 318
1 308
13 279
2 762
0 88
5 721
13 1027
2 500
0 89
2 86
14 159
12 733
7 725
0 276
1 497
4 1130
0 456
0 654
0 777
0 53
0 340
59 475
2 142
5 694
0 41
0 90
293 588
2 588
3 588
1 214
0 67
7 588
1 327
3 342
0 588
6 193
1 161
7 90
14 588
1 41
1 322
3 718
2 142
17 567
10 588
3 113
0 120
3 588
11 567
39 588
27 588
14 483
27 588
8 218
293 588
0 282
9 282
22 588
108 218
0 327
0 24
0 274
1 274
2 214
1 142
5 90
44 90
1 228
6 567
0 229
13 567
7 343
1 228
2 327
0 43
4 386
3 694
12 228
2 475
1 588
30 475
23 946
0 475
1 567
3 457
5 327
1 483
1 343
0 116
0 475
9 228
0 342
30 327
279 560
12 229
0 99
7 588
7 43
21 43
0 168
5 141
0 483
0 16
0 588
1 386
0 334
3 588
4 588
9 588
3 588
0 90
3 588
0 271
6 588
12 386
0 67
42 560
10 342
4 454
11 588
9 588
3 211
25 694
48 694
10 228
14 327
3 588
19 752
4 53
0 229
27 588
3 41
0 374
0 334
27 588
10 475
5 110
0 229
0 58
0 588
1 142
8 153
2 334
3 116
4 118
5 588
8 386
3 327
2 142
10 228
10 156
3 588
7 588
1 327
11 343
4 153
24 475
2 588
0 99
0 588
1 588
286 574
3 694
1 90
23 694
1 56
27 560
10 342
0 322
0 752
3 588
26 327
0 193
226 454
0 342
2 67
0 327
1 588
1 229
0 342
1 67
108 2673
1 211
15 483
0 327
3 228
4 33
17 962
1 1539
0 125
0 120
6 80
1 816
0 554
1 176
0 406
0 66
0 473
0 977
0 844
0 290
10 502
3 88
4 275
73 147
5 515
0 1205
0 1403
0 1695
3 605
6 605
0 1347
2 1347
29 1516
0 295
0 473
0 59
10 1021
7 788
113 228
0 1110
0 88
0 768
1 476
11 337
0 340
41 1695
5 127
0 308
1 378
0 241
2 452
0 284
2 1900
0 1900
1 3101
0 3101
0 6
6 218
26 664
0 158
0 423
23 951
15 951
0 623
0 399
2 1577
0 278
3 214
3 2150
0 2150
0 145
0 404
0 1074
10 336
0 362
4 594
0 216
2 439
5 527
4 1386
0 639
23 762
0 625
1 625
0 725
0 395
0 1036
1 1042
2 393
6 1539
1 368
2 1539
58 117
14 632
15 1042
1 518
1 567
2 452
0 1071
0 347
1 303
0 120
29 270
3 2237
41 2237
2 2237
1 2237
25 2237
0 233
775 1552
0 409
0 1230
2 1230
3 853
1 400
0 126
0 446
10 857
0 973
1 274
0 274
1 3390
28 3390
4 3390
2 3390
0 584
36 890
1 626
107 216
0 1346
0 247
24 287
6 79
0 196
17 191
18 7353
23 7353
228 7353
228 7353
21 7353
31 7353
417 7353
7 7353
29 7353
3676 7353
6 7353
39 7353
70 7353
228 7353
22 7353
38 7353
1 141
41 2466
40 2466
0 2466
1 2466
4 1456
330 10604
330 10604
1 10604
330 10604
453 10604
330 10604
330 10604
330 10604
330 10604
330 10604
330 10604
453 10604
330 10604
330 10604
330 10604
330 10604
4 1655
1 1655
0 407
4 1162
10 1162
0 1162
2 1162
6 479
13 623
0 87
1 564
6 391
0 295
0 590
0 508
46 1695
0 47
393 788
2 788
21 788
8 788
393 788
1 788
2 788
21 788
393 788
1 230
0 739
1 436
13 1695
0 247
4 626
9 567
5 115
3 48
0 344
3 684
70 764
3 582
7 1072
4 1862
0 1862
7 369
17 876
1 625
1 233
6 937
0 937
2 937
0 230
1 421
0 272
5 218
2 812
18 826
0 919
2 887
1 1072
67 2339
13 958
0 958
18 1623
7 141
2 792
1 811
1 2330
0 2330
1 247
18 974
12 120
0 182
2 423
0 1967
0 30
3 384
0 549
576 1153
0 497
3 188
1 498
1 157
2 157
19 2339
7 950
2 57
0 135
4 473
0 962
3 448
1 163
5 414
7 1161
1 1161
0 1161
1 117
1 96
0 1403
0 1346
1 139
26 1110
0 473
3 318
0 318
2 700
0 162
4 1967
7 1539
1 1539
0 106
0 5662
2 5662
5 5662
4 5662
3 5662
27 1536
30 1536
10 625
19 2565
29 2565
19 2565
29 2565
29 2565
19 2565
873 1747
8 384
4 183
3 1249
4 1249
0 87
0 812
372 746
1 2128
0 2128
3 2128
0 473
0 67
3 124
2 178
0 764
3 379
1 2396
0 2396
2 2396
16 890
0 890
3 890
0 38
1 2407
3 2407
0 2407
8 2407
1 735
1 581
2 581
1 385
3 385
18 615
0 139
1 641
0 448
15 1064
0 1064
4 2225
4 89
0 941
0 89
0 1419
225 452
0 80
276 554
1 89
0 1294
28 1294
6 381
31 1948
15 1948
0 1948
5 1948
2 962
5 448
0 352
68 137
0 594
2 1708
0 1708
143 287
0 25
2 816
0 626
0 90
69 2339
0 1536
0 233
0 69
0 319
0 796
0 446
0 527
0 142
0 369
0 153
1 590
6 385
206 413
2 446
8 2395
1 2395
2 404
295 592
23 2163
3 2163
0 2163
1 55
17 191
1 2423
9 2423
0 2423
3 344
0 196
0 452
27 1403
1 1205
2 1205
2 1014
0 294
2 448
42 86
0 395
12 844
0 844
2 303
14 1360
0 812
53 107
0 562
4 479
10 467
31 1733
38 1733
32 1733
2 80
5 739
0 446
123 247
0 389
0 733
3 215
4 295
1 431
0 175
5 130
7 187
2 135
0 284
3 371
8 330
4 1724
0 1724
1 1724
1 549
1 919
569 1139
1 896
0 896
0 437
0 103
0 264
3 261
0 264
0 648
17 1577
2 1501
3 1501
1 1501
308 617
2 1618
0 285
14 504
3 115
1 48
0 247
1 737
0 223
0 509
0 311
8 594
238 477
0 345
1 733
13 789
3 789
0 605
3 1747
0 347
34 1511
34 1511
0 362
12 147
0 307
9 139
10 139
0 382
35 1766
10 788
1 788
6 788
4 788
11 788
0 788
2 788
11 788
5 788
20 694
9 694
4 307
1 174
3 371
538 1077
0 537
4 178
0 103
1 290
3 3159
5 3159
0 3159
2 1331
24 50
0 716
0 508
28 1909
28 1909
28 1909
1 1618
1 1618
0 384
0 384
0 102
0 94
0 585
5 474
267 535
0 261
26 295
0 169
0 148
4 183
14 876
1 733
8 1787
3 1787
0 1787
7 617
0 1553
2 1553
8 504
3 343
1 632
0 127
6 504
7 1083
2 65
7 1144
0 178
8 172
7 240
22 431
17 919
0 498
1 1618
10 1475
12 368
3 26
2 1965
6 1965
7 1965
4 1965
0 1965
21 1965
1 125
3 175
3 55
2 379
0 229
0 229
0 230
1 1042
0 344
11 323
3 746
15 876
10 479
202 406
2 504
2 171
9 575
18 764
3 1913
2 1913
1 1057
3 269
0 173
7 344
0 772
0 242
1 1695
14 1695
0 382
4 764
0 175
0 94
1 811
0 394
0 1287
0 176
9 139
0 310
0 360
5 230
1 811
1 381
0 1129
6 1129
1 1129
1 638
13 1071
15 1410
48 1410
4 1410
1 811
0 497
18 37
0 285
0 305
5 256
0 360
116 233
14 623
2 1061
5 260
0 452
0 563
295 592
3 144
163 327
0 617
7 337
10 362
2987 5976
185 5976
185 5976
185 5976
185 5976
185 5976
185 5976
185 5976
185 5976
537 1075
189 379
7 661
2 162
0 2517
7 431
0 100
1 1386
8 850
5 511
4 405
0 1102
1 1102
0 370
5 196
1 361
13 841
26 698
0 124
0 290
6 218
3 439
4 229
0 349
1 89
0 360
19 333
17 333
1 526
6 122
0 412
0 196
6 874
0 247
6 896
1 338
2 338
1 142
77 1779
889 1779
60 1779
889 1779
0 1238
17 876
2 1853
5 1853
27 1853
5 592
281 564
0 173
9 1539
0 158
1 812
5 584
0 328
3 262
1 816
1 99
10 796
6 404
5 146
172 345
4 464
113 228
6 274
459 919
0 502
0 1110
3 122
3 446
17 518
0 141
8 585
0 561
0 2808
0 1357
707 1416
0 204
1 100
281 563
0 564
0 473
554 1110
0 339
163 327
4 308
147 295
0 587
0 777
2 558
74 149
7 209
0 279
1 962
2 3095
5 3095
3 3095
16 1617
1 1617
2 1617
0 1617
2 318
6 327
3 1767
9 1767
1 1767
2 1767
119 240
0 1071
0 522
0 1618
1 465
0 465
1 465
