9 384
10 375
1 392
0 576
1 576
19 776
9 776
21 511
16 2287
16 2287
10 745
10 745
8 914
6 338
5 448
1 691
0 691
0 183
16 914
7 1155
33 1155
577 1155
1 1155
26 1155
4 1370
17 1623
73 7389
74 7389
15 7389
29 7389
7 7389
12 7389
33 7389
35 7389
0 7389
28 7389
229 7389
4 2339
5 615
643 1288
87 176
8 1265
3 1265
25 1265
5 150
3 79
0 1983
1 1983
8 1983
5 1983
2 269
198 397
1 1208
0 1208
10 1208
736 1474
119 240
3 448
2 558
1 1113
0 1113
1 79
6 305
199 400
3 388
6 590
1 1483
3 152
2 152
7 796
767 1536
0 805
0 276
15 328
0 1267
11 1267
31 1267
28 1267
1 1267
11 522
2 198
2 1013
2 1013
75 152
0 1303
2 1008
0 1008
3 327
2 562
7 737
8 737
4 264
3 175
0 44
0 89
5 1913
2 1913
11 1539
25 973
427 855
0 301
55 7645
30 7645
3 7645
10 7645
127 7645
14 7645
60 7645
11 7645
24 7645
190 7645
158 7645
6 7645
95 7645
7 7645
25 7645
20 7645
98 7645
27 7645
64 7645
0 7645
714 9306
4 9306
120 9306
14 9306
6 9306
260 9306
0 9306
13 9306
3 9306
753 9306
72 9306
1 9306
127 9306
330 9306
5 9306
56 9306
8 9306
21 9306
13 3760
116 3760
10 3760
8 3760
116 3760
16 3760
234 3760
15 3760
17 689
5 295
9 1454
0 1454
2 1454
10 1454
2 626
0 203
0 405
6 794
3 794
1 844
328 657
10 1110
74 150
0 1071
0 812
0 812
0 422
17 896
8 395
4 2339
0 135
9 324
2 721
39 79
101 204
1 811
1 368
0 380
0 380
1 384
9 152
48 98
9 68
8 446
0 777
2 777
2 884
6 884
0 1514
437 876
173 348
0 169
2 663
0 663
15 303
11 240
1 441
7 1474
0 733
7 1077
1 404
0 973
1 138
19 1618
3 567
17 876
1 176
0 2150
73 2150
17 876
5 311
23 1597
23 1597
23 1597
23 1597
7 618
0 98
1 184
9 776
5 776
6 497
4 57
14 392
0 670
45 670
15 392
0 511
5 247
0 876
1 344
12 965
769 1539
2 509
4 215
12 176
4 215
4 215
30 1386
141 283
10 764
1 465
0 792
26 10782
14 10782
22 10782
19 10782
4 10782
12 10782
46 10782
59 10782
85 10782
60 10782
42 10782
301 10782
30 10782
13 10782
5 10782
6 10782
17 10782
11 10782
58 10782
40 10782
20 10782
24 10782
21 10782
1 10782
42 10782
44 10782
4 224
12 767
10 144
269 540
2 2510
1 2510
134 269
5 269
0 1269
1 1269
3 919
1 782
4 448
1 931
0 931
0 247
4 89
4 2038
0 2038
1 2038
3 446
21 737
1 1898
0 1898
13 584
20 1360
2 2257
5 2257
32 1695
51 2339
535 1072
1 746
4 746
1 2150
8 2150
9 3410
1 3410
16 3410
6 746
1 2150
18 2150
11 764
6 746
0 456
19 590
37 2449
37 2449
95 191
10 777
3 266
13 1027
10 976
17 976
16 3000
12 3000
7 3000
161 3000
11 3000
18 3000
4 202
3 456
11 777
6 381
147 295
5 186
220 441
1 94
33 68
1 287
7 240
70 142
13 240
6 655
12 1197
7 2831
6 2831
5 2831
0 2831
6 1331
1 4210
2 4210
119 4210
0 4210
8 4210
23 4210
50 4210
26 4210
4 4210
7 4210
63 4210
1 20
3 209
0 677
1 677
1 1547
3 1547
1 888
12 888
171 344
5 413
14 1012
14 1012
14 1012
8 269
13 467
10 504
554 1110
2 585
3 2128
32 2128
4 2128
9 960
4 1483
41 1536
23 1536
554 1110
2 1069
3 1069
0 1069
13 1014
405 811
8 1110
1 423
1 93
91 183
1 384
1 724
3 2375
4 2375
36 2375
0 178
393 788
3 788
4 788
5 788
393 788
0 788
1 788
393 788
6 788
0 203
112 226
0 4949
8 4949
3 4949
23 4949
19 4949
17 4949
20 4949
0 120
70 2150
0 2150
2 2150
0 653
17 689
23 2955
6 2955
16 2955
7 2955
31 2955
0 2955
14 2955
4 1695
1 439
5 439
12 225
2 2163
3 2163
13 13875
6 13875
0 13875
51 13875
24 13875
45 13875
40 13875
41 13875
1 13875
27 13875
6937 13875
11 13875
432 13875
21 13875
33 2339
3 222
4 150
3 1164
6 1164
4 1164
0 2347
2 2347
1 2347
3 2347
4 633
0 384
28 3126
15 3126
21 3126
19 3126
4 3126
26 3126
24 3126
2 1078
0 1078
3 1078
3 267
1 1926
262 526
20 812
12 858
18 5657
9 5657
33 5657
2 5657
1 5657
0 5657
15 5657
140 5657
29 1042
13 423
6 218
85 172
20 1307
110 1021
2 384
14 400
10 240
6 247
1 176
1 247
2 124
1 618
2 247
12 1708
12 1708
12 1708
12 1708
3 762
1 762
4 152
185 371
2 264
1 442
0 442
0 389
14 5642
6 5642
87 5642
87 5642
12 5642
13 5642
135 5642
5 416
111 223
0 86
22 543
16 1403
16 1403
14 679
1 2517
0 87
344 689
10 336
1 89
6 153
701 1403
17 1963
18 1963
3 2002
16 2002
35 2002
14 147
14 147
81 163
131 264
2 1539
131 264
4 590
0 181
120 241
1 465
52 764
381 764
12 764
7 295
0 1652
2 1652
7 1967
4 86
0 1110
3 1183
2 1183
0 1183
0 876
0 389
1 1124
0 1124
11 1014
0 961
2 961
6 961
0 526
2 359
27 1130
9 257
27 1386
15 842
520 1042
0 257
74 2403
74 2403
74 2403
0 106
10 375
10 617
8 270
29 270
10 340
4 327
0 380
12 518
3 587
1 587
0 384
0 424
5 264
7 699
40 1317
5 1317
40 1317
9 120
10 594
0 538
0 603
5 1130
3 344
119 240
1 1241
4 122
10 855
0 1898
1 1898
1 1898
0 1898
3 384
8 17
456 914
0 777
81 163
16 4713
3 4713
2 4713
2356 4713
0 4713
27 4713
0 44
1 2150
5 2150
4 2150
8 2150
200 402
132 266
2 781
11 781
2 781
3 781
331 664
17 689
6 874
8 796
14 796
61 1464
16 1464
58 1464
1 548
8 382
19 233
1 663
128 257
252 506
5 1012
4 257
3 626
3 371
390 782
4 3816
12 3816
0 3816
2 3816
3 3816
11 3816
1 3816
9 340
6 1347
0 1347
1 149
9 554
1 364
1 364
147 295
217 435
22 695
6 1247
1 1247
3 423
15 914
0 265
1 631
0 631
3 186
0 518
85 171
255 511
29 431
1 2308
0 2308
9 2303
23 2303
3 145
1 145
6 145
14 467
258 518
5 405
7 318
10 423
161 324
9 389
3 8726
26 8726
25 8726
20 8726
13 8726
116 8726
444 8726
89 8726
72 8726
11 8726
1 8726
8 8726
4 8726
1 422
1 108
0 456
0 1036
1 1036
18 391
4 344
13 679
3 154
198 397
9 3066
7 3066
53 3066
17 1214
17 1214
43 1595
54 1595
381 764
0 457
0 368
0 376
3 209
104 209
1 1191
0 1191
0 592
188 378
70 141
0 389
0 446
131 264
8 526
8 1110
6366 12734
50 12734
4 12734
19 12734
66 12734
128 12734
6366 12734
33 12734
36 12734
138 12734
111 12734
111 12734
595 12734
172 12734
45 12734
722 12734
134 12734
396 12734
5 203
1 89
1 653
11 295
0 841
0 441
7 384
0 876
43 1264
631 1264
631 1264
1 404
0 1483
0 1110
4 590
4 590
6 264
0 107
20 1386
1 148
44 89
10 842
230 461
0 669
3 669
12 737
29 699
2 423
5 737
0 107
0 107
73 148
0 473
7 2629
11 2629
79 2629
78 2629
9 384
3 1589
5 1589
4 1589
4 113
32 2696
33 2696
0 2696
3 774
33 664
493 987
3 987
5 987
16 4344
13 4344
5 4344
28 4344
1 4344
3 4344
14 4344
4 222
312 626
20 1376
20 1376
20 1376
20 1376
0 558
10 680
4 680
4 234
2 177
5 177
16 384
15 441
33 441
5 376
1 1511
9 1511
7 522
13 522
1 169
17 737
34 664
12 479
4 2238
7 2238
1 2238
11 2238
18 1074
13 737
2 762
1258 2517
393 788
61 2300
60 2300
380 762
1 618
0 183
29 270
11 558
2 252
22 295
12 1913
28 1913
30 656
6 656
20 656
13 240
1 423
381 764
16 373
0 446
3 357
3 423
0 632
3 590
2 562
16 456
0 9
293 587
4 562
9 1014
13 774
0 404
1 567
0 1407
0 594
0 690
1 690
7 250
63 127
147 295
2 2725
3 2725
4 2725
1 2725
0 2725
2 442
0 442
3 518
1 508
0 269
1 269
0 38
0 6094
3 6094
4 6094
2 6094
6 6094
684 1370
41 2737
41 2737
704 1409
262 526
232 465
3 339
3 960
0 960
8 382
1 295
0 404
0 431
1 1536
5 615
0 844
0 308
8 504
1 560
0 730
1 730
3 764
0 1701
11 240
141 283
10 596
14 392
1 2339
3 2339
0 303
0 461
20 563
12 438
0 122
3 980
2 980
422 845
1 665
5 378
2 352
9 889
6 889
0 189
0 431
1 751
6 526
60 1955
60 1955
60 1955
60 1955
60 1955
60 1955
17 9453
35 9453
16 9453
1 9453
6 9453
60 9453
2 9453
9 9453
3 9453
13 9453
36 9453
15 9453
12 9453
19 9453
8 9453
1 3604
22 3604
24 3604
1801 3604
21 3604
1 2982
5 2982
6 2982
2 2982
9 2982
2 1152
249 499
0 181
1 181
124 249
4 613
16 395
3 575
0 122
16 1114
16 1114
141 283
141 283
0 241
4 55
327 655
3 1887
4 1887
1 1887
54 7512
38 7512
16 7512
468 7512
7 7512
5 7512
34 7512
116 7512
116 7512
468 7512
501 7512
36 7512
29 7512
503 7512
3755 7512
163 328
1 623
1 106
0 82
1 305
6 196
75 151
18 439
1 328
6 2031
2 4370
3 4370
5 4370
4 4370
0 4370
7 4370
6 4370
1 4370
0 340
0 360
2 269
0 413
10 887
0 187
3 187
4 534
6 1539
5 726
128 257
7 202
22 764
22 764
0 473
1 729
2 729
3 729
2 174
296 593
1 326
5 282
29 59
39 2849
17 2849
1 2849
26 2849
6 225
9 435
4 435
0 522
9 146
17 479
199 399
0 587
5 562
393 788
0 788
393 788
393 788
393 788
2 788
2 788
393 788
393 788
10 473
9 473
7 1528
1 1528
8 1904
7 1904
1 733
109 219
36 2417
76 2417
296 594
16 594
296 594
3 620
3 620
1 476
2 476
0 405
2 1695
1 91
45 91
0 1223
1 1223
3 1223
12 479
2 328
6 1879
6 1879
150 4834
150 4834
150 4834
0 4834
150 4834
150 4834
1 145
22 739
11 336
12 361
88 177
10 413
379 759
2 191
2 191
8 240
8 233
2 177
0 176
5 318
1 807
0 807
1 761
3 446
2 931
0 931
0 1074
2 812
143 287
15 764
3 1043
0 857
1 922
1 558
9 558
0 279
86 173
64 130
3 617
3 617
11 1707
1 1707
7 4275
19 4275
1 4275
13 4275
14 4275
1 1149
0 1149
3 1149
5 2971
0 2971
2 336
2 318
1 1026
1 92
0 92
0 311
1 161
5 774
11 127
4 379
0 400
213 428
190 381
5 562
3 497
196 393
3 279
12 323
5 395
4 223
0 362
12 509
0 2434
9 716
8 388
20 233
0 484
4 484
4 484
2 1075
20 1075
20 1075
537 1075
7 118
0 114
421 844
421 844
152 306
1 1742
2 1742
0 1742
11 441
7 655
4 764
2 509
1868 3737
1 3737
2 3737
0 3737
11 562
1090 2181
3 338
3 40
189 379
4 405
2 474
1 98
3 1143
183 368
21 699
2 343
10 126
20 1644
23 1644
11 767
11 767
383 767
9 20
154 310
4 354
1 61
2 297
363 727
12 395
808 1618
4 233
190 381
1 473
12 217
3 152
383 768
0 171
0 567
0 301
0 461
393 788
3 788
393 788
393 788
393 788
2 788
2 788
393 788
393 788
2 405
10 653
3 139
1 324
14 973
9 1386
4 633
23 664
5 1618
197 395
0 295
7 344
6 230
1109 2219
0 385
13 527
17 1926
47 1926
3 548
0 919
15 699
235 472
4 327
0 821
3 821
4 821
4 526
2 567
7 1012
8 1012
5 1012
11 562
369 739
3 266
113 227
0 241
317 635
3 391
6 177
2 407
8 435
267 535
19 527
185 371
185 371
119 240
0 57
148 297
4 262
2 361
22 1312
0 84
8 287
10 509
4 585
7 592
405 812
1169 2339
144 290
0 948
1 948
0 448
24 973
5 360
9 389
16 1646
2 2101
0 2101
4 2101
3 2101
7 876
235 472
1 265
10 777
250 502
2 137
104 209
10 144
1 183
0 370
67 135
2 120
7 962
21 721
1 114
5 3218
1 1747
0 231
4 1110
0 153
0 290
4 397
162 325
14 319
19 382
20 5267
12 5267
8 5267
17 5267
65 5267
11 5267
59 5267
81 5267
4 5267
6 5267
7 5267
3 5267
19 5267
48 5267
3 1034
0 1034
1 2191
0 2191
12 247
9 247
9 1416
83 1027
1 319
0 1042
0 384
0 163
0 127
0 484
1 900
0 544
13 265
6 368
0 930
8 2416
8 2416
8 2416
13 919
2 407
0 382
0 247
0 233
2 1183
1 1183
0 1183
1 1185
0 382
0 340
0 3763
1 3763
88 177
238 477
5 141
23 242
0 295
1 295
14 395
307 615
1 308
1 1695
11 511
0 227
2 257
10 2339
7 395
2 359
1 761
128 257
0 176
11 336
3 195
3 365
13 240
3 230
6 196
168 338
10 1116
2 1116
2 1124
0 300
5 1623
452 906
28 57
3 188
0 1057
0 233
360 721
10 318
0 735
23 699
2 446
0 310
0 165
232 465
7 1130
339 679
1 392
173 348
1 1898
0 1898
1 472
20 950
20 950
20 950
3 191
1 1695
0 324
2 282
3 861
17 1695
179 360
5 960
3 388
3 1701
0 453
1 453
5 247
6 461
30 295
10 1042
274 549
159 319
7 1110
7 2517
1 866
0 866
7 141
2 387
5 48
0 1791
13 1791
8 511
5 275
142 286
0 423
2 191
10 950
254 509
0 861
6 364
2 364
2 378
7 3651
0 364
4 364
0 298
339 679
23 654
6 177
11 605
4 392
3 392
4 569
0 43
206 414
5 272
9 327
1 2050
3 2050
4 2050
0 617
5 927
4 1268
2 1268
1 1268
31 1413
78 157
158 317
394 790
394 790
6 812
16 1077
7 584
280 562
20 1360
2 1695
202 405
293 587
5 127
2 1592
0 1592
1 1719
2 1719
0 1719
1 548
7 548
4 195
1 352
0 1043
41 2703
41 2703
41 2703
41 2703
582 1165
197 395
1 1323
0 1323
2 1323
6 1323
4 1323
0 118
3 165
11 663
4 451
27 1536
22 1526
22 1526
22 1526
1 116
2 327
1 587
1 139
3 325
4 1288
2 116
5 240
2 217
355 712
16 1386
84 2339
1 2517
3 381
21 284
91 183
8 295
2 2517
1169 2339
6 465
0 247
0 2517
0 55
0 281
0 247
25 1360
0 461
89 3761
1 590
5 594
16 378
769 1539
9 108
2168 4338
775 1552
2 152
2 646
2 306
27 657
28 657
22 1042
210 421
2 1042
3 222
6 1034
0 270
6 1104
4 486
8 502
1 57
13 816
4 2365
536 1074
0 187
2 2236
0 2236
3 2236
1 2236
202 405
3 1110
13 497
110 222
0 120
0 151
0 1392
0 230
42 86
6 78
1169 2339
0 9
3 1021
0 318
1 308
2 279
2 762
3 88
3 721
7 1027
14 500
1 89
2 86
14 159
4 733
6 725
0 276
1 497
3 1130
0 456
0 654
6 777
1 53
0 340
66 475
3 142
7 694
0 41
0 90
293 588
14 588
3 588
1 214
3 67
7 588
1 327
1 342
0 588
10 193
2 161
44 90
293 588
6 41
5 322
3 718
2 142
16 567
10 588
5 113
0 120
3 588
11 567
36 588
293 588
16 483
293 588
108 218
293 588
12 282
11 282
20 588
108 218
10 327
0 24
0 274
2 274
2 214
1 142
9 90
44 90
1 228
6 567
0 229
16 567
12 343
1 228
3 327
1 43
5 386
5 694
16 228
3 475
2 588
35 475
22 946
0 475
1 567
3 457
10 327
4 483
2 343
0 116
0 475
113 228
0 342
163 327
279 560
6 229
0 99
8 588
7 43
21 43
0 168
7 141
0 483
0 16
0 588
3 386
0 334
5 588
6 588
293 588
3 588
0 90
25 588
0 271
6 588
15 386
4 67
41 560
170 342
13 454
12 588
12 588
3 211
22 694
45 694
9 228
13 327
11 588
21 752
4 53
114 229
28 588
2 41
1 374
0 334
7 588
27 475
6 110
0 229
1 58
2 588
2 142
7 153
2 334
3 116
58 118
10 588
24 386
3 327
2 142
13 228
10 156
3 588
8 588
1 327
171 343
7 153
20 475
2 588
0 99
0 588
5 588
286 574
4 694
1 90
18 694
1 56
29 560
11 342
0 322
0 752
4 588
24 327
1 193
226 454
0 342
3 67
0 327
4 588
1 229
0 342
3 67
103 2673
1 211
16 483
10 327
0 228
4 33
26 962
2 1539
0 125
0 120
39 80
1 816
0 554
1 176
0 406
0 66
0 473
0 977
0 844
0 290
10 502
43 88
4 275
73 147
5 515
0 1205
0 1403
0 1695
3 605
6 605
1 1347
2 1347
757 1516
0 295
0 473
0 59
10 1021
11 788
113 228
0 1110
0 88
4 768
1 476
12 337
0 340
18 1695
5 127
0 308
0 378
0 241
225 452
0 284
2 1900
0 1900
1 3101
0 3101
0 6
7 218
27 664
0 158
0 423
23 951
17 951
0 623
0 399
2 1577
0 278
4 214
3 2150
0 2150
0 145
0 404
0 1074
8 336
0 362
4 594
0 216
2 439
263 527
4 1386
6 639
17 762
0 625
1 625
0 725
0 395
0 1036
6 1042
2 393
9 1539
1 368
2 1539
58 117
18 632
9 1042
2 518
1 567
2 452
0 1071
0 347
1 303
0 120
29 270
59 2237
64 2237
10 2237
8 2237
1 2237
0 233
775 1552
0 409
0 1230
2 1230
29 853
1 400
0 126
0 446
428 857
0 973
1 274
0 274
1 3390
32 3390
5 3390
0 3390
0 584
12 890
1 626
107 216
0 1346
0 247
143 287
39 79
0 196
95 191
56 7353
41 7353
228 7353
400 7353
10 7353
69 7353
228 7353
44 7353
48 7353
3676 7353
34 7353
400 7353
49 7353
400 7353
60 7353
118 7353
2 141
37 2466
37 2466
37 2466
37 2466
4 1456
330 10604
330 10604
330 10604
330 10604
330 10604
330 10604
330 10604
330 10604
330 10604
330 10604
330 10604
453 10604
330 10604
330 10604
330 10604
330 10604
4 1655
1 1655
0 407
2 1162
10 1162
0 1162
1 1162
6 479
311 623
0 87
1 564
195 391
0 295
0 590
0 508
45 1695
1 47
393 788
3 788
20 788
11 788
393 788
1 788
3 788
20 788
393 788
1 230
0 739
1 436
14 1695
0 247
312 626
15 567
57 115
23 48
0 344
3 684
64 764
3 582
7 1072
6 1862
0 1862
8 369
17 876
1 625
1 233
6 937
6 937
6 937
0 230
2 421
3 272
5 218
2 812
10 826
0 919
1 887
1 1072
66 2339
13 958
0 958
17 1623
70 141
5 792
1 811
2 2330
0 2330
2 247
31 974
9 120
0 182
1 423
0 1967
0 30
3 384
2 549
576 1153
0 497
1 188
7 498
1 157
2 157
22 2339
9 950
2 57
0 135
11 473
0 962
4 448
1 163
5 414
6 1161
2 1161
1 1161
0 117
1 96
0 1403
0 1346
1 139
26 1110
5 473
3 318
0 318
3 700
0 162
3 1967
9 1539
1 1539
52 106
1 5662
4 5662
6 5662
4 5662
3 5662
29 1536
29 1536
13 625
19 2565
29 2565
19 2565
29 2565
29 2565
19 2565
873 1747
9 384
6 183
1 1249
2 1249
0 87
0 812
372 746
0 2128
1 2128
3 2128
0 473
0 67
3 124
88 178
0 764
4 379
1 2396
0 2396
2 2396
15 890
1 890
2 890
0 38
1 2407
3 2407
0 2407
9 2407
1 735
1 581
2 581
2 385
2 385
19 615
0 139
2 641
2 448
15 1064
15 1064
8 2225
4 89
0 941
0 89
0 1419
225 452
1 80
276 554
1 89
0 1294
41 1294
7 381
30 1948
32 1948
5 1948
12 1948
3 962
2 448
0 352
68 137
0 594
1 1708
0 1708
143 287
0 25
2 816
0 626
0 90
32 2339
0 1536
0 233
34 69
0 319
1 796
0 446
0 527
0 142
0 369
0 153
16 590
7 385
206 413
2 446
8 2395
8 2395
2 404
295 592
19 2163
1 2163
0 2163
27 55
14 191
0 2423
7 2423
5 2423
3 344
0 196
0 452
701 1403
1 1205
2 1205
3 1014
0 294
2 448
42 86
0 395
19 844
0 844
3 303
14 1360
0 812
53 107
0 562
9 479
13 467
59 1733
54 1733
3 1733
3 80
6 739
0 446
123 247
0 389
0 733
0 215
4 295
0 431
1 175
5 130
8 187
3 135
2 284
4 371
8 330
4 1724
0 1724
1 1724
1 549
7 919
569 1139
0 896
1 896
0 437
1 103
0 264
8 261
0 264
0 648
14 1577
2 1501
3 1501
1 1501
308 617
4 1618
0 285
10 504
57 115
1 48
0 247
1 737
0 223
0 509
0 311
296 594
238 477
0 345
1 733
13 789
10 789
0 605
4 1747
0 347
22 1511
22 1511
0 362
11 147
0 307
7 139
7 139
0 382
47 1766
10 788
1 788
6 788
4 788
11 788
0 788
2 788
11 788
5 788
20 694
9 694
4 307
0 174
3 371
538 1077
0 537
10 178
0 103
5 290
8 3159
9 3159
0 3159
5 1331
24 50
0 716
0 508
28 1909
28 1909
28 1909
1 1618
3 1618
0 384
7 384
0 102
0 94
2 585
6 474
267 535
0 261
31 295
84 169
0 148
4 183
14 876
1 733
12 1787
21 1787
0 1787
18 617
0 1553
2 1553
9 504
2 343
1 632
0 127
13 504
8 1083
2 65
571 1144
0 178
5 172
13 240
17 431
22 919
0 498
2 1618
4 1475
14 368
3 26
5 1965
2 1965
3 1965
4 1965
1 1965
12 1965
14 125
3 175
2 55
2 379
0 229
0 229
0 230
2 1042
0 344
11 323
4 746
17 876
11 479
202 406
2 504
2 171
3 575
23 764
11 1913
2 1913
1 1057
1 269
0 173
171 344
0 772
0 242
1 1695
15 1695
3 382
4 764
0 175
0 94
1 811
0 394
0 1287
0 176
9 139
0 310
0 360
4 230
1 811
2 381
0 1129
5 1129
1 1129
1 638
14 1071
21 1410
54 1410
6 1410
1 811
0 497
18 37
0 285
1 305
2 256
0 360
116 233
14 623
3 1061
6 260
1 452
1 563
295 592
4 144
163 327
0 617
6 337
10 362
2987 5976
185 5976
185 5976
185 5976
185 5976
185 5976
185 5976
185 5976
185 5976
537 1075
189 379
9 661
2 162
0 2517
10 431
0 100
1 1386
424 850
6 511
6 405
0 1102
1 1102
0 370
5 196
1 361
20 841
31 698
0 124
0 290
10 218
2 439
6 229
0 349
4 89
0 360
166 333
166 333
1 526
60 122
0 412
0 196
13 874
0 247
9 896
1 338
3 338
1 142
59 1779
889 1779
75 1779
889 1779
1 1238
17 876
0 1853
27 1853
27 1853
0 592
281 564
0 173
10 1539
0 158
1 812
5 584
0 328
6 262
2 816
1 99
24 796
201 404
5 146
172 345
4 464
113 228
136 274
459 919
0 502
0 1110
60 122
4 446
17 518
0 141
9 585
8 561
0 2808
1 1357
707 1416
1 204
1 100
281 563
1 564
0 473
554 1110
0 339
163 327
2 308
147 295
0 587
0 777
2 558
74 149
104 209
0 279
1 962
1 3095
4 3095
3 3095
6 1617
1 1617
2 1617
0 1617
8 318
6 327
0 1767
7 1767
3 1767
1 1767
119 240
0 1071
0 522
0 1618
1 465
0 465
1 465
