1846.000000
256.000000
120.000000
71.000000
40.000000
30.000000
21.000000
17.000000
5.000000
4.000000
3.000000
4.000000
7.000000
1.000000
0.000000
1.000000
0.000000
0.000000
0.000000
1.000000
0.000000
0.000000
0.000000
0.000000
0.000000
0.000000
0.000000
0.000000
0.000000
0.000000
0.000000
0.000000
0.000000
0.000000
0.000000
0.000000
0.000000
0.000000
0.000000
0.000000
0.000000
0.000000
0.000000
0.000000
0.000000
0.000000
0.000000
0.000000
0.000000
1.000000
0.000000
0.000000
0.000000
0.000000
0.000000
0.000000
0.000000
0.000000
0.000000
0.000000
0.000000
0.000000
0.000000
0.000000
1.000000
0.000000
0.000000
0.000000
0.000000
0.000000
0.000000
0.000000
0.000000
0.000000
0.000000
0.000000
0.000000
0.000000
0.000000
0.000000
0.000000
1.000000
2.000000
1.000000
3.000000
0.000000
3.000000
4.000000
4.000000
9.000000
12.000000
16.000000
9.000000
4.000000
12.000000
9.000000
8.000000
8.000000
9.000000
7.000000
