1611.000000
348.000000
167.000000
89.000000
46.000000
36.000000
16.000000
19.000000
6.000000
5.000000
2.000000
1.000000
3.000000
1.000000
2.000000
1.000000
1.000000
0.000000
0.000000
0.000000
0.000000
0.000000
0.000000
0.000000
0.000000
0.000000
0.000000
0.000000
0.000000
0.000000
0.000000
0.000000
0.000000
0.000000
0.000000
0.000000
0.000000
0.000000
0.000000
0.000000
0.000000
0.000000
0.000000
0.000000
0.000000
0.000000
0.000000
0.000000
1.000000
5.000000
0.000000
0.000000
0.000000
0.000000
0.000000
0.000000
0.000000
0.000000
0.000000
0.000000
0.000000
0.000000
0.000000
0.000000
0.000000
0.000000
0.000000
0.000000
0.000000
0.000000
0.000000
0.000000
0.000000
0.000000
0.000000
0.000000
0.000000
0.000000
1.000000
0.000000
0.000000
0.000000
1.000000
1.000000
1.000000
1.000000
3.000000
3.000000
6.000000
15.000000
9.000000
14.000000
15.000000
17.000000
22.000000
18.000000
17.000000
20.000000
15.000000
11.000000
