2 384
5 375
2 392
0 576
2 576
9 776
4 776
426 511
5 2287
4 2287
3 745
0 745
13 914
0 338
12 448
2 691
1 691
0 183
7 914
17 1155
32 1155
1065 1155
1 1155
2 1155
1 1370
1 1623
41 7389
137 7389
399 7389
2 7389
5 7389
130 7389
126 7389
9 7389
94 7389
46 7389
387 7389
10 2339
2 615
64 1288
2 176
11 1265
27 1265
7 1265
9 150
0 79
2 1983
3 1983
4 1983
113 1983
10 269
4 397
46 1208
22 1208
29 1208
25 1474
8 240
11 448
1 558
1 1113
0 1113
0 79
4 305
8 400
0 388
6 590
1 1483
139 152
141 152
0 796
1479 1536
0 805
0 276
14 328
0 1267
3 1267
21 1267
11 1267
10 1267
4 522
0 198
3 1013
0 1013
145 152
0 1303
2 1008
0 1008
2 327
0 562
7 737
7 737
229 264
158 175
0 44
0 89
4 1913
1 1913
2 1539
4 973
3 855
0 301
9 7645
207 7645
14 7645
3 7645
17 7645
196 7645
92 7645
19 7645
29 7645
16 7645
18 7645
4 7645
27 7645
2 7645
10 7645
1 7645
13 7645
11 7645
77 7645
8 7645
265 9306
41 9306
36 9306
138 9306
16 9306
229 9306
2 9306
77 9306
11 9306
134 9306
3 9306
21 9306
15 9306
358 9306
8 9306
297 9306
368 9306
69 9306
28 3760
196 3760
182 3760
31 3760
40 3760
64 3760
37 3760
60 3760
0 689
268 295
34 1454
11 1454
8 1454
10 1454
1 626
0 203
0 405
0 794
2 794
1 844
623 657
0 1110
123 150
3 1071
0 812
0 812
0 422
5 896
2 395
10 2339
0 135
4 324
1 721
76 79
0 204
0 811
0 368
0 380
0 380
2 384
8 152
0 98
67 68
1 446
1 777
4 777
0 884
882 884
0 1514
20 876
328 348
0 169
5 663
2 663
1 303
4 240
0 441
2 1474
0 733
3 1077
0 404
0 973
0 138
15 1618
14 567
24 876
1 176
0 2150
6 2150
24 876
2 311
4 1597
2 1597
5 1597
1 1597
3 618
0 98
0 184
9 776
3 776
1 497
55 57
3 392
9 670
6 670
3 392
463 511
0 247
0 876
0 344
2 965
25 1539
0 509
3 215
6 176
4 215
3 215
3 1386
1 283
0 764
0 465
0 792
3 10782
23 10782
2 10782
6 10782
59 10782
29 10782
34 10782
357 10782
51 10782
46 10782
25 10782
193 10782
16 10782
72 10782
54 10782
8 10782
127 10782
91 10782
87 10782
9 10782
47 10782
19 10782
30 10782
7 10782
25 10782
115 10782
1 224
684 767
4 144
38 540
3 2510
0 2510
236 269
2 269
0 1269
1 1269
2 919
0 782
12 448
0 931
1 931
1 247
0 89
19 2038
1 2038
0 2038
0 446
9 737
5 1898
4 1898
8 584
5 1360
3 2257
4 2257
0 1695
113 2339
11 1072
1 746
1 746
4 2150
15 2150
30 3410
7 3410
14 3410
2 746
1 2150
16 2150
10 764
1 746
0 456
12 590
22 2449
24 2449
17 191
49 777
4 266
1 1027
37 976
883 976
36 3000
12 3000
31 3000
29 3000
64 3000
5 3000
0 202
0 456
7 777
1 381
0 295
2 186
19 441
0 94
8 68
1 287
4 240
7 142
2 240
1 655
0 1197
6 2831
4 2831
3 2831
1 2831
2 1331
3 4210
79 4210
61 4210
22 4210
124 4210
39 4210
20 4210
1 4210
25 4210
123 4210
205 4210
1 20
2 209
0 677
7 677
2 1547
12 1547
3 888
30 888
0 344
1 413
6 1012
4 1012
11 1012
1 269
0 467
2 504
15 1110
0 585
2 2128
0 2128
7 2128
1 960
1 1483
7 1536
6 1536
0 1110
2 1069
3 1069
4 1069
1 1014
99 811
1 1110
4 423
0 93
180 183
0 384
3 724
18 2375
3 2375
0 2375
0 178
18 788
2 788
12 788
7 788
21 788
0 788
1 788
16 788
3 788
1 203
13 226
0 4949
2 4949
6 4949
36 4949
106 4949
11 4949
77 4949
0 120
54 2150
2 2150
12 2150
0 653
4 689
2 2955
1 2955
73 2955
5 2955
13 2955
0 2955
128 2955
3 1695
0 439
0 439
13 225
0 2163
3 2163
210 13875
38 13875
4 13875
43 13875
39 13875
81 13875
18 13875
5 13875
423 13875
24 13875
13119 13875
50 13875
97 13875
80 13875
10 2339
2 222
0 150
3 1164
5 1164
21 1164
0 2347
1 2347
3 2347
2 2347
0 633
0 384
21 3126
15 3126
49 3126
6 3126
3 3126
11 3126
14 3126
3 1078
1 1078
0 1078
241 267
3 1926
3 526
3 812
6 858
6 5657
2 5657
13 5657
21 5657
12 5657
4 5657
91 5657
47 5657
29 1042
5 423
0 218
1 172
16 1307
896 1021
3 384
0 400
4 240
3 247
1 176
0 247
1 124
1 618
0 247
3 1708
2 1708
1 1708
0 1708
0 762
1 762
4 152
9 371
2 264
1 442
0 442
8 389
50 5642
9 5642
1 5642
185 5642
196 5642
47 5642
14 5642
4 416
3 223
2 86
9 543
12 1403
4 1403
0 679
1 2517
0 87
4 689
1 336
0 89
0 153
10 1403
4 1963
13 1963
14 2002
12 2002
0 2002
6 147
4 147
2 163
6 264
1 1539
11 264
4 590
0 181
15 241
0 465
748 764
759 764
9 764
9 295
0 1652
1 1652
0 1967
1 86
0 1110
2 1183
0 1183
3 1183
0 876
0 389
3 1124
1 1124
1 1014
1 961
3 961
0 961
0 526
0 359
40 1130
0 257
3 1386
1 842
20 1042
0 257
2 2403
32 2403
12 2403
0 106
4 375
8 617
6 270
17 270
6 340
2 327
0 380
2 518
0 587
4 587
0 384
0 424
2 264
645 699
1 1317
3 1317
7 1317
11 120
3 594
0 538
0 603
0 1130
1 344
3 240
0 1241
0 122
9 855
6 1898
1 1898
6 1898
4 1898
5 384
11 17
22 914
0 777
5 163
11 4713
15 4713
3 4713
4302 4713
2 4713
10 4713
0 44
9 2150
10 2150
1 2150
0 2150
7 402
243 266
2 781
1 781
0 781
6 781
15 664
1 689
0 874
0 796
0 796
74 1464
2 1464
14 1464
0 548
3 382
11 233
2 663
2 257
16 506
14 1012
3 257
0 626
0 371
762 782
84 3816
4 3816
3 3816
1 3816
2 3816
23 3816
7 3816
4 340
1 1347
8 1347
0 149
0 554
0 364
4 364
265 295
3 435
5 695
2 1247
1 1247
7 423
4 914
0 265
7 631
6 631
3 186
1 518
168 171
13 511
1 431
0 2308
2 2308
1 2303
12 2303
12 145
6 145
5 145
0 467
5 518
1 405
11 318
11 423
4 324
360 389
1 8726
2 8726
165 8726
9 8726
259 8726
3 8726
340 8726
25 8726
69 8726
117 8726
0 8726
31 8726
171 8726
0 422
1 108
0 456
0 1036
1 1036
5 391
1 344
0 679
2 154
364 397
11 3066
4 3066
18 3066
16 1214
12 1214
23 1595
68 1595
12 764
0 457
0 368
0 376
3 209
2 209
1 1191
0 1191
24 592
4 378
3 141
0 389
4 446
1 264
0 526
18 1110
1128 12734
53 12734
962 12734
998 12734
98 12734
135 12734
12219 12734
103 12734
75 12734
165 12734
25 12734
9 12734
117 12734
21 12734
61 12734
186 12734
45 12734
176 12734
3 203
1 89
0 653
3 295
0 841
0 441
378 384
0 876
91 1264
1149 1264
1262 1264
0 404
0 1483
0 1110
5 590
4 590
5 264
0 107
2 1386
0 148
1 89
3 842
30 461
0 669
1 669
8 737
649 699
7 423
7 737
0 107
0 107
0 148
0 473
13 2629
68 2629
5 2629
6 2629
1 384
2 1589
1 1589
0 1589
1 113
0 2696
1 2696
2 2696
0 774
31 664
66 987
2 987
7 987
5 4344
0 4344
16 4344
60 4344
4 4344
1 4344
2 4344
2 222
0 626
9 1376
5 1376
1 1376
6 1376
1 558
0 680
3 680
12 234
1 177
2 177
4 384
405 441
30 441
1 376
1 1511
0 1511
2 522
6 522
1 169
3 737
24 664
5 479
0 2238
4 2238
24 2238
5 2238
35 1074
12 737
0 762
2 2517
17 788
10 2300
3 2300
0 762
0 618
0 183
21 270
8 558
0 252
14 295
13 1913
177 1913
2 656
8 656
7 656
4 240
1 423
18 764
1 373
11 446
1 357
7 423
0 632
0 590
0 562
20 456
0 9
293 587
0 562
14 1014
0 774
0 404
0 567
0 1407
0 594
1 690
0 690
2 250
1 127
4 295
3 2725
1 2725
0 2725
2 2725
5 2725
1 442
0 442
9 518
1 508
0 269
4 269
0 38
5 6094
2 6094
0 6094
4 6094
33 6094
1 1370
14 2737
18 2737
1292 1409
6 526
7 465
1 339
1 960
0 960
29 382
0 295
0 404
0 431
1 1536
1 615
0 844
0 308
0 504
3 560
1 730
0 730
0 764
1 1701
8 240
3 283
4 596
1 392
1 2339
0 2339
0 303
0 461
44 563
15 438
0 122
0 980
1 980
2 845
0 665
8 378
1 352
1 889
14 889
0 189
0 431
0 751
10 526
16 1955
11 1955
15 1955
13 1955
4 1955
18 1955
15 9453
8800 9453
6 9453
25 9453
21 9453
3 9453
10 9453
4 9453
17 9453
9 9453
19 9453
7 9453
8 9453
5 9453
2 9453
8 3604
43 3604
4 3604
3562 3604
2 3604
0 2982
11 2982
22 2982
1 2982
2 2982
1 1152
0 499
0 181
1 181
238 249
22 613
4 395
0 575
1 122
1 1114
5 1114
265 283
279 283
0 241
4 55
568 655
1 1887
5 1887
4 1887
78 7512
10 7512
48 7512
215 7512
112 7512
2 7512
5 7512
171 7512
203 7512
181 7512
25 7512
15 7512
18 7512
413 7512
61 7512
7 328
1 623
0 106
6 82
1 305
0 196
3 151
6 439
7 328
2 2031
1 4370
0 4370
5 4370
3 4370
7 4370
9 4370
4 4370
2 4370
1 340
0 360
0 269
1 413
2 887
1 187
0 187
2 534
4 1539
1 726
5 257
1 202
46 764
93 764
0 473
0 729
2 729
1 729
1 174
2 593
0 326
5 282
57 59
20 2849
16 2849
19 2849
2 2849
0 225
1 435
0 435
0 522
5 146
9 479
2 399
3 587
0 562
18 788
11 788
22 788
17 788
20 788
0 788
2 788
23 788
16 788
28 473
6 473
3 1528
0 1528
1 1904
2 1904
8 733
0 219
18 2417
176 2417
49 594
9 594
22 594
3 620
2 620
1 476
0 476
2 405
63 1695
1 91
0 91
0 1223
2 1223
3 1223
5 479
1 328
5 1879
11 1879
54 4834
23 4834
17 4834
12 4834
19 4834
11 4834
3 145
35 739
1 336
20 361
7 177
0 413
7 759
0 191
1 191
2 240
9 233
159 177
0 176
2 318
3 807
1 807
2 761
0 446
0 931
1 931
0 1074
2 812
15 287
14 764
2 1043
0 857
1 922
0 558
4 558
0 279
146 173
0 130
32 617
35 617
1 1707
12 1707
2 4275
1 4275
19 4275
3 4275
5 4275
0 1149
1 1149
3 1149
1 2971
3 2971
0 336
292 318
1 1026
1 92
0 92
0 311
0 161
0 774
5 127
0 379
0 400
0 428
4 381
0 562
0 497
0 393
1 279
0 323
6 395
1 223
0 362
29 509
0 2434
11 716
1 388
4 233
0 484
0 484
0 484
4 1075
7 1075
6 1075
8 1075
1 118
0 114
72 844
42 844
291 306
2 1742
1 1742
0 1742
8 441
0 655
644 764
0 509
3350 3737
5 3737
1 3737
0 3737
3 562
2108 2181
2 338
1 40
0 379
1 405
0 474
0 98
0 1143
5 368
665 699
0 343
6 126
1 1644
171 1644
3 767
4 767
731 767
0 20
7 310
0 354
2 61
1 297
25 727
2 395
0 1618
0 233
8 381
0 473
212 217
0 152
682 768
0 171
0 567
0 301
0 461
20 788
7 788
25 788
15 788
29 788
0 788
1 788
22 788
14 788
1 405
0 653
2 139
0 324
0 973
1 1386
0 633
15 664
0 1618
2 395
0 295
8 344
4 230
2033 2219
0 385
5 527
6 1926
9 1926
3 548
0 919
1 699
9 472
1 327
0 821
2 821
3 821
1 526
0 567
5 1012
4 1012
11 1012
2 562
8 739
0 266
5 227
0 241
3 635
19 391
0 177
0 407
3 435
6 535
8 527
5 371
6 371
0 240
0 57
11 297
10 262
1 361
61 1312
0 84
2 287
11 509
1 585
0 592
90 812
182 2339
2 290
0 948
1 948
1 448
967 973
1 360
12 389
35 1646
1 2101
2 2101
6 2101
19 2101
811 876
4 472
3 265
3 777
2 502
2 137
4 209
3 144
1 183
0 370
14 135
1 120
6 962
10 721
0 114
3 3218
4 1747
0 231
0 1110
0 153
1 290
2 397
322 325
6 319
4 382
15 5267
4 5267
1 5267
11 5267
20 5267
6 5267
31 5267
19 5267
3 5267
10 5267
0 5267
2 5267
18 5267
14 5267
0 1034
8 1034
1 2191
0 2191
0 247
0 247
1 1416
97 1027
0 319
0 1042
0 384
0 163
0 127
1 484
0 900
0 544
0 265
0 368
0 930
0 2416
2 2416
1 2416
14 919
1 407
0 382
0 247
0 233
2 1183
0 1183
1 1183
1 1185
0 382
1 340
2 3763
0 3763
0 177
2 477
0 141
0 242
0 295
1 295
2 395
605 615
0 308
0 1695
11 511
0 227
0 257
10 2339
0 395
0 359
3 761
1 257
0 176
1 336
0 195
1 365
3 240
1 230
4 196
11 338
6 1116
67 1116
0 1124
0 300
35 1623
28 906
0 57
0 188
0 1057
0 233
0 721
8 318
2 735
629 699
0 446
0 310
0 165
1 465
2 1130
624 679
0 392
316 348
6 1898
5 1898
0 472
9 950
7 950
0 950
7 191
1 1695
0 324
0 282
0 861
4 1695
322 360
0 960
0 388
0 1701
1 453
0 453
0 247
0 461
9 295
1 1042
3 549
303 319
0 1110
2 2517
1 866
0 866
2 141
2 387
42 48
0 1791
4 1791
7 511
2 275
6 286
0 423
1 191
933 950
33 509
0 861
0 364
2 364
0 378
1 3651
0 364
2 364
0 298
1 679
0 654
0 177
41 605
7 392
5 392
0 569
0 43
0 414
1 272
2 327
1 2050
0 2050
2 2050
1 617
0 927
6 1268
2 1268
3 1268
3 1413
7 157
8 317
23 790
727 790
0 812
1 1077
9 584
3 562
5 1360
4 1695
11 405
6 587
4 127
1 1592
2 1592
0 1719
3 1719
1 1719
1 548
0 548
1 195
1 352
0 1043
75 2703
28 2703
114 2703
19 2703
6 1165
10 395
1 1323
0 1323
3 1323
6 1323
2 1323
0 118
0 165
3 663
19 451
20 1536
2 1526
1 1526
5 1526
0 116
21 327
2 587
4 139
0 325
3 1288
0 116
211 240
0 217
702 712
2 1386
33 2339
3 2517
19 381
258 284
0 183
11 295
0 2517
6 2339
17 465
0 247
0 2517
0 55
2 281
4 247
5 1360
0 461
9 3761
0 590
0 594
6 378
4 1539
0 108
70 4338
1501 1552
139 152
0 646
1 306
21 657
0 657
18 1042
407 421
1 1042
4 222
1 1034
0 270
0 1104
0 486
0 502
1 57
48 816
2 2365
2 1074
0 187
0 2236
2 2236
3 2236
1 2236
2 405
8 1110
1 497
3 222
0 120
0 151
0 1392
0 230
73 86
3 78
116 2339
0 9
1 1021
0 318
1 308
0 279
0 762
3 88
2 721
0 1027
2 500
0 89
1 86
145 159
9 733
6 725
0 276
0 497
4 1130
0 456
0 654
0 777
0 53
0 340
462 475
1 142
0 694
0 41
0 90
13 588
16 588
3 588
2 214
0 67
0 588
1 327
1 342
0 588
8 193
1 161
1 90
3 588
5 41
13 322
2 718
1 142
13 567
2 588
2 113
0 120
3 588
6 567
9 588
6 588
1 483
7 588
1 218
25 588
10 282
7 282
12 588
15 218
3 327
22 24
0 274
8 274
1 214
1 142
2 90
85 90
1 228
7 567
0 229
29 567
3 343
208 228
1 327
0 43
8 386
10 694
8 228
1 475
4 588
33 475
8 946
0 475
0 567
3 457
2 327
1 483
4 343
0 116
0 475
1 228
0 342
21 327
11 560
216 229
0 99
2 588
41 43
6 43
0 168
2 141
0 483
0 16
14 588
1 386
20 334
1 588
2 588
2 588
1 588
0 90
10 588
0 271
546 588
18 386
0 67
533 560
15 342
1 454
0 588
1 588
0 211
16 694
43 694
10 228
17 327
557 588
4 752
0 53
0 229
15 588
5 41
0 374
0 334
1 588
4 475
98 110
0 229
0 58
12 588
0 142
142 153
2 334
2 116
105 118
555 588
4 386
3 327
2 142
12 228
11 156
2 588
3 588
1 327
4 343
8 153
37 475
0 588
0 99
0 588
0 588
539 574
0 694
1 90
22 694
0 56
23 560
16 342
6 322
0 752
555 588
292 327
1 193
5 454
0 342
0 67
0 327
14 588
0 229
0 342
0 67
17 2673
0 211
4 483
0 327
5 228
4 33
3 962
1 1539
0 125
0 120
1 80
0 816
0 554
1 176
2 406
0 66
0 473
0 977
0 844
0 290
7 502
2 88
2 275
1 147
5 515
0 1205
1 1403
0 1695
23 605
2 605
9 1347
1 1347
15 1516
0 295
0 473
0 59
2 1021
31 788
5 228
0 1110
2 88
0 768
1 476
0 337
0 340
53 1695
4 127
0 308
0 378
0 241
0 452
0 284
1 1900
0 1900
2 3101
0 3101
0 6
1 218
15 664
0 158
0 423
0 951
5 951
0 623
0 399
3 1577
0 278
1 214
5 2150
0 2150
0 145
0 404
0 1074
1 336
0 362
4 594
0 216
0 439
0 527
3 1386
0 639
22 762
0 625
1 625
0 725
0 395
0 1036
3 1042
1 393
1 1539
1 368
2 1539
97 117
21 632
6 1042
0 518
0 567
1 452
3 1071
0 347
0 303
0 120
25 270
14 2237
17 2237
1 2237
0 2237
3 2237
0 233
1516 1552
0 409
0 1230
2 1230
1 853
0 400
0 126
0 446
11 857
0 973
0 274
1 274
1 3390
30 3390
7 3390
3 3390
0 584
8 890
1 626
4 216
0 1346
0 247
15 287
2 79
0 196
23 191
425 7353
13 7353
79 7353
833 7353
253 7353
32 7353
284 7353
20 7353
65 7353
449 7353
28 7353
231 7353
21 7353
490 7353
6 7353
5 7353
0 141
0 2466
1 2466
3 2466
2 2466
0 1456
100 10604
343 10604
83 10604
55 10604
442 10604
60 10604
82 10604
21 10604
196 10604
156 10604
20 10604
151 10604
36 10604
24 10604
104 10604
32 10604
9 1655
5 1655
0 407
2 1162
7 1162
1 1162
3 1162
1 479
98 623
0 87
0 564
346 391
0 295
0 590
1 508
51 1695
1 47
22 788
12 788
33 788
15 788
25 788
0 788
1 788
13 788
9 788
1 230
0 739
0 436
3 1695
0 247
0 626
43 567
4 115
1 48
0 344
23 684
658 764
1 582
43 1072
9 1862
0 1862
5 369
10 876
1 625
0 233
3 937
0 937
9 937
0 230
1 421
0 272
0 218
3 812
30 826
0 919
0 887
1 1072
133 2339
2 958
1 958
1 1623
1 141
0 792
5 811
1 2330
0 2330
1 247
3 974
13 120
0 182
1 423
0 1967
0 30
2 384
8 549
6 1153
0 497
4 188
1 498
4 157
1 157
3 2339
8 950
1 57
0 135
0 473
0 962
3 448
0 163
0 414
3 1161
0 1161
1 1161
0 117
6 96
2 1403
0 1346
1 139
20 1110
0 473
1 318
0 318
1 700
0 162
1 1967
2 1539
0 1539
0 106
5 5662
4 5662
2 5662
3 5662
0 5662
5 1536
11 1536
3 625
5 2565
1 2565
8 2565
0 2565
10 2565
19 2565
1646 1747
4 384
173 183
8 1249
4 1249
0 87
0 812
2 746
5 2128
0 2128
6 2128
0 473
0 67
1 124
4 178
0 764
1 379
2 2396
0 2396
1 2396
23 890
6 890
8 890
0 38
1 2407
2 2407
3 2407
10 2407
0 735
2 581
0 581
0 385
2 385
1 615
1 139
0 641
10 448
3 1064
0 1064
3 2225
0 89
0 941
0 89
0 1419
4 452
0 80
5 554
0 89
0 1294
8 1294
341 381
46 1948
21 1948
4 1948
0 1948
12 962
0 448
0 352
0 137
0 594
6 1708
0 1708
1 287
0 25
0 816
0 626
0 90
23 2339
0 1536
0 233
1 69
1 319
0 796
0 446
0 527
0 142
0 369
0 153
1 590
0 385
29 413
0 446
1 2395
0 2395
0 404
543 592
5 2163
3 2163
7 2163
1 55
37 191
0 2423
6 2423
1 2423
1 344
1 196
0 452
75 1403
1 1205
0 1205
4 1014
2 294
3 448
76 86
0 395
2 844
0 844
0 303
0 1360
0 812
1 107
0 562
0 479
6 467
4 1733
15 1733
13 1733
1 80
0 739
0 446
201 247
0 389
0 733
1 215
3 295
2 431
0 175
1 130
0 187
1 135
0 284
4 371
3 330
2 1724
0 1724
1 1724
3 549
6 919
1060 1139
1 896
0 896
0 437
0 103
0 264
1 261
0 264
0 648
6 1577
0 1501
2 1501
1 1501
77 617
3 1618
0 285
2 504
0 115
47 48
0 247
1 737
0 223
0 509
0 311
36 594
2 477
0 345
1 733
4 789
1 789
0 605
0 1747
0 347
7 1511
3 1511
0 362
5 147
0 307
10 139
6 139
0 382
95 1766
14 788
2 788
7 788
4 788
16 788
0 788
1 788
10 788
3 788
0 694
1 694
300 307
1 174
0 371
1 1077
0 537
4 178
1 103
0 290
4 3159
2 3159
1 3159
3 1331
45 50
0 716
1 508
21 1909
12 1909
26 1909
0 1618
3 1618
0 384
0 384
0 102
0 94
0 585
0 474
482 535
0 261
2 295
1 169
1 148
1 183
3 876
0 733
6 1787
5 1787
4 1787
7 617
0 1553
1 1553
1 504
0 343
1 632
0 127
5 504
82 1083
2 65
1 1144
0 178
1 172
2 240
2 431
31 919
0 498
0 1618
1461 1475
9 368
1 26
19 1965
6 1965
3 1965
0 1965
5 1965
2 1965
1 125
0 175
1 55
1 379
0 229
0 229
0 230
1 1042
0 344
0 323
1 746
16 876
3 479
10 406
2 504
157 171
36 575
23 764
4 1913
1 1913
0 1057
2 269
0 173
5 344
0 772
0 242
3 1695
3 1695
1 382
4 764
0 175
0 94
0 811
0 394
0 1287
0 176
16 139
0 310
0 360
2 230
0 811
1 381
0 1129
8 1129
12 1129
0 638
0 1071
29 1410
16 1410
19 1410
0 811
0 497
2 37
1 285
5 305
2 256
0 360
8 233
1 623
0 1061
1 260
0 452
0 563
1 592
3 144
1 327
0 617
3 337
0 362
5829 5976
43 5976
35 5976
60 5976
23 5976
41 5976
49 5976
91 5976
19 5976
8 1075
1 379
599 661
0 162
1 2517
4 431
1 100
0 1386
2 850
0 511
1 405
1 1102
0 1102
0 370
0 196
1 361
11 841
5 698
0 124
0 290
211 218
0 439
6 229
0 349
1 89
0 360
6 333
3 333
0 526
0 122
0 412
1 196
0 874
0 247
0 896
2 338
0 338
0 142
39 1779
1774 1779
7 1779
1704 1779
0 1238
798 876
33 1853
29 1853
13 1853
0 592
0 564
1 173
1 1539
0 158
0 812
9 584
0 328
2 262
1 816
0 99
3 796
1 404
2 146
0 345
6 464
2 228
2 274
829 919
0 502
0 1110
2 122
10 446
4 518
0 141
0 585
6 561
1 2808
0 1357
22 1416
1 204
0 100
28 563
0 564
0 473
6 1110
0 339
308 327
0 308
5 295
0 587
1 777
2 558
0 149
11 209
0 279
0 962
0 3095
7 3095
2 3095
17 1617
0 1617
10 1617
1 1617
0 318
1 327
4 1767
11 1767
5 1767
1 1767
2 240
2 1071
0 522
0 1618
1 465
0 465
1 465
