13 384
7 375
362 392
1 576
9 576
22 776
24 776
27 511
10 2287
11 2287
6 745
1 745
9 914
7 338
3 448
2 691
3 691
1 183
9 914
21 1155
32 1155
80 1155
1 1155
8 1155
2 1370
8 1623
41 7389
179 7389
101 7389
16 7389
21 7389
60 7389
33 7389
27 7389
200 7389
159 7389
412 7389
1 2339
2 615
26 1288
4 176
14 1265
8 1265
12 1265
4 150
0 79
1 1983
6 1983
3 1983
5 1983
5 269
13 397
35 1208
31 1208
22 1208
7 1474
8 240
1 448
5 558
3 1113
0 1113
0 79
6 305
11 400
2 388
12 590
1 1483
1 152
1 152
1 796
1521 1536
0 805
11 276
26 328
13 1267
7 1267
25 1267
9 1267
23 1267
508 522
176 198
0 1013
2 1013
5 152
1 1303
5 1008
8 1008
3 327
3 562
8 737
7 737
6 264
10 175
0 44
0 89
7 1913
5 1913
4 1539
17 973
12 855
10 301
49 7645
188 7645
186 7645
68 7645
8 7645
237 7645
223 7645
146 7645
214 7645
31 7645
13 7645
59 7645
219 7645
79 7645
14 7645
45 7645
90 7645
46 7645
81 7645
110 7645
652 9306
5 9306
26 9306
310 9306
49 9306
356 9306
9 9306
315 9306
16 9306
365 9306
11 9306
94 9306
39 9306
417 9306
23 9306
427 9306
398 9306
86 9306
93 3760
153 3760
108 3760
74 3760
86 3760
79 3760
92 3760
129 3760
8 689
6 295
23 1454
26 1454
21 1454
12 1454
1 626
0 203
0 405
0 794
5 794
1 844
31 657
1 1110
132 150
1 1071
0 812
1 812
0 422
10 896
7 395
7 2339
0 135
5 324
0 721
77 79
1 204
0 811
1 368
0 380
0 380
8 384
13 152
4 98
67 68
2 446
2 777
13 777
1 884
842 884
33 1514
845 876
5 348
0 169
19 663
14 663
10 303
9 240
1 441
7 1474
0 733
1 1077
2 404
0 973
1 138
15 1618
0 567
811 876
1 176
1 2150
22 2150
799 876
3 311
9 1597
6 1597
17 1597
8 1597
16 618
4 98
1 184
17 776
16 776
3 497
54 57
11 392
20 670
0 670
371 392
6 511
6 247
0 876
3 344
9 965
71 1539
0 509
5 215
5 176
4 215
2 215
8 1386
3 283
0 764
2 465
0 792
31 10782
73 10782
47 10782
19 10782
105 10782
175 10782
102 10782
106 10782
38 10782
46 10782
117 10782
469 10782
74 10782
164 10782
128 10782
34 10782
94 10782
35 10782
178 10782
52 10782
32 10782
42 10782
134 10782
76 10782
117 10782
75 10782
1 224
6 767
9 144
516 540
6 2510
2 2510
242 269
4 269
1 1269
0 1269
1 919
0 782
2 448
0 931
1 931
2 247
3 89
33 2038
14 2038
13 2038
1 446
16 737
16 1898
8 1898
547 584
11 1360
13 2257
12 2257
7 1695
23 2339
17 1072
1 746
4 746
1 2150
6 2150
32 3410
1 3410
9 3410
4 746
2 2150
19 2150
11 764
4 746
0 456
503 590
19 2449
45 2449
32 191
6 777
0 266
4 1027
1 976
18 976
11 3000
28 3000
12 3000
42 3000
24 3000
17 3000
2 202
0 456
6 777
3 381
0 295
3 186
430 441
1 94
64 68
3 287
6 240
119 142
9 240
8 655
0 1197
6 2831
5 2831
3 2831
1 2831
10 1331
11 4210
21 4210
178 4210
49 4210
41 4210
154 4210
107 4210
5 4210
81 4210
141 4210
219 4210
3 20
3 209
2 677
4 677
1 1547
5 1547
10 888
23 888
1 344
2 413
11 1012
5 1012
12 1012
3 269
4 467
2 504
1086 1110
3 585
7 2128
8 2128
6 2128
3 960
2 1483
12 1536
5 1536
12 1110
6 1069
8 1069
20 1069
1 1014
31 811
4 1110
9 423
1 93
1 183
0 384
2 724
7 2375
4 2375
8 2375
0 178
739 788
2 788
7 788
5 788
742 788
0 788
1 788
735 788
4 788
1 203
212 226
4 4949
9 4949
8 4949
26 4949
90 4949
21 4949
39 4949
0 120
50 2150
12 2150
20 2150
1 653
7 689
5 2955
1 2955
13 2955
4 2955
28 2955
2 2955
46 2955
4 1695
0 439
0 439
21 225
2 2163
3 2163
180 13875
106 13875
27 13875
36 13875
28 13875
89 13875
56 13875
64 13875
108 13875
52 13875
13573 13875
244 13875
170 13875
241 13875
20 2339
2 222
1 150
2 1164
6 1164
14 1164
0 2347
1 2347
3 2347
2 2347
1 633
6 384
18 3126
15 3126
43 3126
8 3126
4 3126
20 3126
11 3126
6 1078
8 1078
0 1078
1 267
12 1926
486 526
10 812
12 858
11 5657
7 5657
16 5657
5 5657
19 5657
3 5657
30 5657
138 5657
75 1042
11 423
3 218
148 172
53 1307
894 1021
11 384
3 400
16 240
7 247
1 176
0 247
3 124
10 618
4 247
10 1708
4 1708
0 1708
2 1708
3 762
10 762
1 152
4 371
10 264
0 442
2 442
1 389
60 5642
7 5642
9 5642
279 5642
39 5642
51 5642
48 5642
6 416
12 223
6 86
14 543
9 1403
11 1403
9 679
1 2517
0 87
1 689
5 336
2 89
5 153
22 1403
9 1963
20 1963
7 2002
3 2002
8 2002
10 147
8 147
149 163
259 264
16 1539
7 264
11 590
0 181
200 241
1 465
40 764
23 764
11 764
5 295
0 1652
2 1652
1 1967
3 86
0 1110
4 1183
1 1183
5 1183
0 876
0 389
6 1124
2 1124
3 1014
2 961
6 961
0 961
0 526
0 359
21 1130
1 257
8 1386
16 842
945 1042
0 257
21 2403
66 2403
26 2403
0 106
7 375
19 617
18 270
22 270
8 340
1 327
0 380
8 518
9 587
4 587
2 384
0 424
2 264
15 699
5 1317
21 1317
4 1317
6 120
12 594
0 538
0 603
1 1130
2 344
7 240
0 1241
1 122
6 855
15 1898
10 1898
6 1898
4 1898
14 384
15 17
817 914
0 777
150 163
34 4713
27 4713
10 4713
176 4713
20 4713
26 4713
0 44
17 2150
19 2150
3 2150
2 2150
378 402
6 266
3 781
5 781
1 781
9 781
16 664
17 689
3 874
7 796
6 796
98 1464
10 1464
18 1464
0 548
4 382
18 233
2 663
10 257
475 506
4 1012
3 257
2 626
0 371
6 782
28 3816
35 3816
10 3816
9 3816
7 3816
51 3816
15 3816
7 340
7 1347
3 1347
0 149
4 554
5 364
4 364
9 295
25 435
14 695
2 1247
1 1247
8 423
7 914
4 265
11 631
8 631
3 186
3 518
169 171
479 511
14 431
0 2308
4 2308
3 2303
13 2303
9 145
8 145
1 145
4 467
14 518
2 405
16 318
9 423
6 324
4 389
8 8726
32 8726
227 8726
29 8726
176 8726
35 8726
241 8726
42 8726
135 8726
107 8726
4 8726
28 8726
16 8726
0 422
1 108
0 456
0 1036
1 1036
20 391
1 344
7 679
2 154
389 397
11 3066
10 3066
60 3066
5 1214
4 1214
26 1595
53 1595
60 764
0 457
0 368
0 376
8 209
4 209
1 1191
0 1191
527 592
13 378
7 141
1 389
11 446
2 264
4 526
14 1110
11990 12734
170 12734
432 12734
200 12734
311 12734
152 12734
12385 12734
165 12734
134 12734
239 12734
52 12734
54 12734
59 12734
69 12734
246 12734
276 12734
57 12734
296 12734
8 203
9 89
0 653
21 295
0 841
0 441
377 384
0 876
1108 1264
1194 1264
1262 1264
2 404
0 1483
0 1110
12 590
19 590
8 264
1 107
7 1386
0 148
75 89
6 842
42 461
1 669
3 669
9 737
658 699
5 423
7 737
0 107
0 107
2 148
0 473
29 2629
131 2629
12 2629
26 2629
8 384
3 1589
0 1589
1 1589
2 113
3 2696
6 2696
2 2696
1 774
30 664
124 987
7 987
13 987
12 4344
6 4344
8 4344
33 4344
7 4344
4 4344
3 4344
2 222
6 626
11 1376
2 1376
5 1376
6 1376
8 558
6 680
31 680
7 234
4 177
3 177
8 384
19 441
32 441
1 376
12 1511
15 1511
8 522
21 522
0 169
5 737
31 664
8 479
4 2238
16 2238
26 2238
6 2238
26 1074
12 737
1 762
31 2517
749 788
21 2300
12 2300
0 762
5 618
1 183
25 270
8 558
2 252
7 295
1 1913
36 1913
20 656
12 656
18 656
10 240
1 423
6 764
16 373
10 446
1 357
6 423
0 632
10 590
1 562
429 456
0 9
293 587
1 562
3 1014
0 774
0 404
0 567
1 1407
0 594
0 690
1 690
4 250
1 127
17 295
2 2725
4 2725
3 2725
1 2725
6 2725
0 442
1 442
6 518
1 508
0 269
1 269
0 38
5 6094
4 6094
3 6094
2 6094
11 6094
4 1370
44 2737
11 2737
32 1409
471 526
22 465
1 339
4 960
1 960
8 382
2 295
2 404
1 431
1 1536
1 615
0 844
0 308
5 504
4 560
1 730
0 730
1 764
1 1701
231 240
6 283
8 596
21 392
4 2339
1 2339
0 303
0 461
35 563
11 438
1 122
0 980
1 980
4 845
0 665
13 378
1 352
4 889
2 889
2 189
0 431
0 751
7 526
21 1955
16 1955
31 1955
17 1955
7 1955
29 1955
23 9453
55 9453
25 9453
34 9453
45 9453
24 9453
38 9453
36 9453
21 9453
9 9453
31 9453
18 9453
22 9453
10 9453
43 9453
9 3604
10 3604
6 3604
3394 3604
3 3604
8 2982
20 2982
17 2982
10 2982
15 2982
4 1152
1 499
0 181
1 181
243 249
2 613
11 395
1 575
1 122
1 1114
2 1114
270 283
273 283
0 241
2 55
6 655
8 1887
11 1887
1 1887
124 7512
83 7512
85 7512
102 7512
19 7512
39 7512
108 7512
156 7512
290 7512
371 7512
138 7512
153 7512
118 7512
539 7512
249 7512
3 328
1 623
1 106
2 82
2 305
3 196
5 151
410 439
1 328
27 2031
4 4370
3 4370
6 4370
2 4370
7 4370
9 4370
5 4370
1 4370
0 340
0 360
1 269
0 413
7 887
1 187
0 187
3 534
24 1539
3 726
244 257
3 202
13 764
9 764
1 473
1 729
3 729
2 729
2 174
13 593
0 326
2 282
58 59
23 2849
31 2849
28 2849
9 2849
2 225
13 435
0 435
1 522
137 146
19 479
5 399
2 587
1 562
760 788
726 788
766 788
750 788
770 788
1 788
0 788
763 788
739 788
18 473
6 473
3 1528
0 1528
1 1904
3 1904
0 733
1 219
79 2417
106 2417
16 594
15 594
14 594
4 620
5 620
1 476
0 476
3 405
1667 1695
4 91
2 91
2 1223
1 1223
4 1223
8 479
1 328
2 1879
5 1879
71 4834
18 4834
56 4834
64 4834
24 4834
28 4834
1 145
7 739
16 336
2 361
171 177
0 413
745 759
1 191
1 191
2 240
4 233
163 177
0 176
3 318
5 807
2 807
2 761
5 446
0 931
1 931
1 1074
21 812
21 287
21 764
10 1043
2 857
0 922
5 558
3 558
0 279
166 173
2 130
2 617
1 617
3 1707
9 1707
12 4275
13 4275
18 4275
8 4275
6 4275
0 1149
1 1149
2 1149
9 2971
7 2971
1 336
10 318
1 1026
0 92
1 92
1 311
0 161
1 774
7 127
0 379
0 400
1 428
340 381
2 562
7 497
4 393
0 279
6 323
4 395
0 223
2 362
476 509
1 2434
6 716
4 388
14 233
0 484
1 484
2 484
7 1075
8 1075
10 1075
8 1075
2 118
0 114
34 844
14 844
0 306
10 1742
6 1742
0 1742
6 441
0 655
675 764
0 509
3505 3737
7 3737
1 3737
0 3737
2 562
2144 2181
1 338
3 40
0 379
2 405
2 474
2 98
0 1143
340 368
651 699
1 343
10 126
6 1644
87 1644
0 767
1 767
728 767
2 20
282 310
0 354
4 61
3 297
702 727
379 395
29 1618
0 233
349 381
0 473
205 217
0 152
692 768
0 171
0 567
0 301
0 461
773 788
721 788
771 788
740 788
776 788
1 788
0 788
770 788
743 788
2 405
3 653
4 139
0 324
1 973
4 1386
1 633
13 664
5 1618
12 395
1 295
6 344
3 230
1109 2219
0 385
476 527
35 1926
42 1926
4 548
0 919
5 699
20 472
3 327
1 821
2 821
3 821
1 526
0 567
9 1012
5 1012
6 1012
4 562
15 739
0 266
5 227
0 241
18 635
2 391
3 177
0 407
6 435
1 535
483 527
354 371
6 371
10 240
3 57
289 297
4 262
2 361
19 1312
0 84
7 287
4 509
2 585
0 592
41 812
2146 2339
5 290
0 948
1 948
2 448
934 973
1 360
2 389
37 1646
0 2101
4 2101
1 2101
2 2101
13 876
6 472
2 265
6 777
3 502
0 137
1 209
8 144
1 183
0 370
17 135
1 120
1 962
641 721
0 114
2 3218
4 1747
0 231
3 1110
0 153
1 290
2 397
23 325
3 319
9 382
23 5267
15 5267
6 5267
19 5267
28 5267
21 5267
17 5267
9 5267
7 5267
18 5267
14 5267
5 5267
35 5267
24 5267
0 1034
4 1034
2 2191
3 2191
2 247
2 247
4 1416
26 1027
0 319
0 1042
0 384
0 163
1 127
0 484
1 900
0 544
11 265
1 368
0 930
2 2416
1 2416
6 2416
7 919
3 407
0 382
0 247
2 233
1 1183
5 1183
7 1183
1 1185
0 382
2 340
2 3763
0 3763
5 177
4 477
0 141
8 242
1 295
2 295
6 395
548 615
0 308
0 1695
8 511
0 227
0 257
13 2339
5 395
1 359
16 761
4 257
0 176
8 336
1 195
2 365
9 240
2 230
5 196
329 338
9 1116
7 1116
1 1124
0 300
4 1623
33 906
0 57
1 188
0 1057
0 233
1 721
6 318
5 735
642 699
3 446
0 310
1 165
402 465
0 1130
665 679
5 392
7 348
10 1898
7 1898
0 472
22 950
32 950
28 950
8 191
1 1695
0 324
0 282
0 861
32 1695
341 360
1 960
1 388
1 1701
2 453
0 453
0 247
1 461
19 295
4 1042
3 549
8 319
2 1110
4 2517
2 866
0 866
12 141
0 387
43 48
0 1791
4 1791
2 511
1 275
6 286
0 423
1 191
920 950
21 509
0 861
1 364
5 364
0 378
1 3651
0 364
4 364
0 298
13 679
11 654
4 177
9 605
2 392
5 392
2 569
0 43
3 414
1 272
2 327
3 2050
1 2050
2 2050
0 617
2 927
5 1268
3 1268
4 1268
37 1413
155 157
2 317
13 790
760 790
2 812
976 1077
13 584
6 562
10 1360
2 1695
4 405
555 587
4 127
3 1592
2 1592
0 1719
3 1719
1 1719
8 548
0 548
2 195
1 352
0 1043
12 2703
16 2703
21 2703
23 2703
21 1165
23 395
0 1323
1 1323
4 1323
15 1323
5 1323
0 118
0 165
3 663
14 451
19 1536
11 1526
3 1526
15 1526
0 116
294 327
6 587
0 139
3 325
10 1288
0 116
222 240
0 217
355 712
23 1386
71 2339
0 2517
346 381
12 284
0 183
8 295
5 2517
4 2339
17 465
0 247
0 2517
1 55
2 281
0 247
10 1360
2 461
78 3761
5 590
6 594
5 378
20 1539
3 108
104 4338
47 1552
1 152
1 646
6 306
20 657
11 657
9 1042
403 421
3 1042
6 222
3 1034
0 270
0 1104
0 486
1 502
1 57
791 816
4 2365
1 1074
0 187
2 2236
4 2236
3 2236
1 2236
4 405
34 1110
493 497
4 222
0 120
0 151
0 1392
0 230
83 86
2 78
2097 2339
0 9
5 1021
0 318
3 308
0 279
0 762
2 88
3 721
0 1027
3 500
0 89
1 86
9 159
0 733
667 725
0 276
1 497
6 1130
0 456
0 654
1 777
0 53
0 340
461 475
128 142
0 694
0 41
0 90
566 588
8 588
4 588
2 214
2 67
1 588
1 327
2 342
2 588
11 193
1 161
5 90
3 588
6 41
16 322
2 718
2 142
15 567
2 588
6 113
0 120
12 588
3 567
6 588
23 588
4 483
14 588
3 218
45 588
262 282
263 282
16 588
14 218
3 327
22 24
0 274
5 274
3 214
1 142
5 90
85 90
3 228
4 567
1 229
543 567
5 343
212 228
1 327
0 43
4 386
27 694
5 228
9 475
9 588
24 475
15 946
2 475
0 567
2 457
3 327
4 483
6 343
0 116
0 475
2 228
1 342
26 327
514 560
213 229
0 99
1 588
6 43
41 43
0 168
9 141
2 483
0 16
13 588
0 386
27 334
1 588
2 588
5 588
1 588
0 90
32 588
4 271
533 588
5 386
0 67
530 560
339 342
5 454
6 588
5 588
1 211
37 694
653 694
4 228
7 327
20 588
13 752
2 53
0 229
21 588
6 41
2 374
0 334
1 588
37 475
6 110
0 229
0 58
18 588
1 142
3 153
3 334
3 116
112 118
539 588
20 386
5 327
2 142
11 228
145 156
2 588
6 588
1 327
9 343
152 153
17 475
1 588
6 99
0 588
6 588
515 574
1 694
2 90
11 694
0 56
24 560
314 342
13 322
0 752
12 588
26 327
2 193
17 454
0 342
1 67
7 327
15 588
3 229
0 342
65 67
34 2673
1 211
8 483
2 327
3 228
4 33
5 962
6 1539
0 125
0 120
4 80
1 816
0 554
1 176
2 406
0 66
0 473
0 977
0 844
0 290
8 502
2 88
2 275
3 147
5 515
0 1205
4 1403
0 1695
6 605
9 605
7 1347
8 1347
73 1516
0 295
0 473
0 59
3 1021
766 788
216 228
2 1110
2 88
0 768
3 476
11 337
0 340
92 1695
4 127
0 308
2 378
0 241
0 452
1 284
3 1900
0 1900
1 3101
0 3101
0 6
4 218
14 664
0 158
0 423
3 951
20 951
0 623
0 399
10 1577
0 278
3 214
2 2150
0 2150
0 145
0 404
0 1074
3 336
0 362
3 594
0 216
0 439
1 527
2 1386
2 639
704 762
0 625
1 625
0 725
0 395
0 1036
5 1042
1 393
4 1539
1 368
2 1539
112 117
22 632
4 1042
1 518
0 567
2 452
1 1071
0 347
0 303
0 120
24 270
11 2237
24 2237
4 2237
1 2237
8 2237
0 233
1507 1552
0 409
0 1230
2 1230
11 853
0 400
0 126
0 446
17 857
0 973
1 274
2 274
6 3390
19 3390
8 3390
0 3390
0 584
10 890
1 626
201 216
0 1346
0 247
249 287
69 79
0 196
15 191
128 7353
146 7353
40 7353
7308 7353
163 7353
10 7353
254 7353
109 7353
126 7353
7002 7353
85 7353
138 7353
92 7353
100 7353
39 7353
25 7353
1 141
5 2466
4 2466
7 2466
3 2466
0 1456
100 10604
105 10604
193 10604
35 10604
22 10604
119 10604
53 10604
71 10604
143 10604
139 10604
10 10604
145 10604
59 10604
90 10604
97 10604
46 10604
10 1655
8 1655
0 407
5 1162
7 1162
3 1162
4 1162
2 479
12 623
0 87
0 564
18 391
0 295
0 590
1 508
1684 1695
0 47
22 788
23 788
28 788
19 788
17 788
4 788
1 788
14 788
734 788
2 230
0 739
1 436
5 1695
0 247
3 626
10 567
5 115
2 48
0 344
3 684
28 764
1 582
21 1072
4 1862
3 1862
11 369
802 876
1 625
0 233
1 937
3 937
2 937
0 230
1 421
0 272
4 218
1 812
9 826
0 919
1 887
1 1072
97 2339
4 958
6 958
8 1623
137 141
0 792
2 811
2 2330
0 2330
4 247
13 974
109 120
0 182
0 423
0 1967
0 30
4 384
2 549
15 1153
0 497
1 188
2 498
6 157
2 157
3 2339
2 950
1 57
0 135
9 473
0 962
1 448
0 163
1 414
3 1161
1 1161
2 1161
0 117
1 96
1 1403
0 1346
1 139
31 1110
0 473
1 318
0 318
1 700
0 162
0 1967
4 1539
0 1539
0 106
5 5662
7 5662
3 5662
4 5662
2 5662
6 1536
1487 1536
7 625
13 2565
9 2565
12 2565
4 2565
17 2565
8 2565
1619 1747
6 384
2 183
11 1249
8 1249
0 87
1 812
4 746
13 2128
0 2128
4 2128
0 473
0 67
2 124
2 178
0 764
1 379
3 2396
0 2396
1 2396
10 890
17 890
6 890
0 38
0 2407
2 2407
3 2407
7 2407
0 735
1 581
0 581
0 385
1 385
7 615
1 139
0 641
4 448
0 1064
1 1064
3 2225
3 89
0 941
0 89
0 1419
429 452
1 80
7 554
0 89
5 1294
13 1294
342 381
43 1948
74 1948
20 1948
14 1948
3 962
1 448
0 352
0 137
0 594
1 1708
0 1708
5 287
0 25
3 816
0 626
0 90
48 2339
0 1536
3 233
1 69
2 319
2 796
0 446
0 527
0 142
1 369
1 153
2 590
0 385
29 413
0 446
1 2395
0 2395
1 404
295 592
24 2163
21 2163
49 2163
2 55
170 191
0 2423
5 2423
3 2423
2 344
1 196
0 452
13 1403
0 1205
1 1205
1 1014
1 294
2 448
5 86
0 395
10 844
0 844
1 303
1 1360
0 812
0 107
0 562
1 479
7 467
64 1733
52 1733
30 1733
1 80
0 739
0 446
236 247
0 389
0 733
6 215
5 295
2 431
0 175
4 130
5 187
1 135
1 284
1 371
3 330
6 1724
2 1724
4 1724
6 549
2 919
1092 1139
1 896
0 896
4 437
0 103
0 264
4 261
0 264
0 648
9 1577
0 1501
3 1501
1 1501
548 617
3 1618
0 285
5 504
2 115
46 48
0 247
0 737
0 223
0 509
0 311
468 594
4 477
0 345
1 733
5 789
3 789
0 605
1 1747
0 347
14 1511
15 1511
0 362
8 147
0 307
13 139
10 139
0 382
1732 1766
760 788
2 788
5 788
4 788
755 788
0 788
1 788
758 788
3 788
12 694
0 694
13 307
2 174
11 371
1 1077
0 537
11 178
0 103
2 290
4 3159
5 3159
3 3159
4 1331
24 50
0 716
1 508
15 1909
33 1909
40 1909
1 1618
5 1618
1 384
1 384
0 102
1 94
1 585
1 474
528 535
0 261
16 295
157 169
0 148
4 183
4 876
1 733
10 1787
14 1787
9 1787
12 617
0 1553
2 1553
5 504
2 343
1 632
0 127
9 504
8 1083
1 65
3 1144
0 178
7 172
1 240
9 431
29 919
0 498
0 1618
1457 1475
10 368
3 26
7 1965
6 1965
5 1965
1 1965
3 1965
4 1965
12 125
0 175
1 55
1 379
0 229
0 229
0 230
1 1042
0 344
6 323
4 746
23 876
7 479
391 406
3 504
157 171
1 575
15 764
8 1913
1 1913
0 1057
1 269
1 173
314 344
0 772
0 242
3 1695
6 1695
2 382
4 764
0 175
0 94
0 811
0 394
0 1287
0 176
124 139
0 310
0 360
2 230
0 811
2 381
2 1129
14 1129
3 1129
0 638
0 1071
20 1410
29 1410
24 1410
0 811
0 497
33 37
0 285
1 305
2 256
0 360
209 233
3 623
0 1061
1 260
0 452
0 563
19 592
3 144
1 327
0 617
20 337
2 362
5963 5976
55 5976
49 5976
80 5976
67 5976
61 5976
110 5976
64 5976
59 5976
10 1075
1 379
6 661
1 162
1 2517
16 431
3 100
1 1386
4 850
1 511
2 405
2 1102
0 1102
0 370
2 196
1 361
15 841
12 698
0 124
0 290
215 218
0 439
19 229
0 349
3 89
0 360
16 333
13 333
4 526
1 122
0 412
2 196
3 874
0 247
1 896
1 338
2 338
1 142
70 1779
1772 1779
14 1779
1762 1779
0 1238
15 876
9 1853
8 1853
4 1853
0 592
1 564
0 173
3 1539
0 158
2 812
4 584
0 328
3 262
0 816
0 99
23 796
4 404
4 146
1 345
1 464
2 228
4 274
911 919
5 502
0 1110
0 122
4 446
5 518
0 141
3 585
9 561
1 2808
1 1357
34 1416
1 204
3 100
541 563
0 564
0 473
6 1110
2 339
163 327
0 308
6 295
0 587
0 777
5 558
1 149
7 209
0 279
1 962
6 3095
8 3095
2 3095
11 1617
0 1617
10 1617
7 1617
2 318
3 327
1 1767
12 1767
10 1767
6 1767
11 240
0 1071
1 522
0 1618
1 465
0 465
1 465
