2 384
5 375
1 392
0 576
1 576
9 776
3 776
42 511
7 2287
4 2287
3 745
0 745
18 914
2 338
12 448
2 691
1 691
0 183
5 914
13 1155
39 1155
1081 1155
0 1155
2 1155
1 1370
2 1623
43 7389
124 7389
335 7389
4 7389
6 7389
128 7389
116 7389
13 7389
52 7389
38 7389
344 7389
10 2339
2 615
32 1288
2 176
9 1265
30 1265
6 1265
8 150
2 79
2 1983
3 1983
4 1983
103 1983
7 269
5 397
46 1208
35 1208
21 1208
12 1474
5 240
14 448
1 558
1 1113
0 1113
0 79
5 305
9 400
1 388
5 590
1 1483
144 152
143 152
0 796
1433 1536
0 805
0 276
11 328
0 1267
1 1267
19 1267
10 1267
11 1267
2 522
0 198
4 1013
0 1013
141 152
0 1303
2 1008
0 1008
2 327
0 562
8 737
7 737
223 264
10 175
0 44
0 89
4 1913
0 1913
2 1539
3 973
3 855
0 301
6 7645
173 7645
15 7645
2 7645
19 7645
194 7645
78 7645
12 7645
22 7645
14 7645
18 7645
1 7645
30 7645
5 7645
17 7645
4 7645
8 7645
7 7645
114 7645
10 7645
250 9306
39 9306
68 9306
136 9306
13 9306
184 9306
3 9306
77 9306
19 9306
108 9306
4 9306
14 9306
16 9306
315 9306
6 9306
242 9306
292 9306
84 9306
25 3760
152 3760
235 3760
28 3760
37 3760
75 3760
34 3760
56 3760
0 689
268 295
58 1454
47 1454
14 1454
16 1454
1 626
0 203
0 405
0 794
2 794
0 844
612 657
0 1110
125 150
3 1071
0 812
0 812
0 422
45 896
1 395
8 2339
1 135
5 324
1 721
78 79
0 204
0 811
0 368
0 380
0 380
3 384
8 152
0 98
67 68
0 446
1 777
5 777
0 884
882 884
0 1514
20 876
328 348
0 169
7 663
2 663
1 303
4 240
0 441
2 1474
0 733
3 1077
0 404
0 973
0 138
18 1618
512 567
19 876
1 176
0 2150
6 2150
790 876
2 311
3 1597
2 1597
5 1597
1 1597
1 618
0 98
0 184
8 776
3 776
1 497
54 57
2 392
7 670
6 670
2 392
35 511
0 247
0 876
0 344
2 965
25 1539
0 509
1 215
6 176
4 215
3 215
3 1386
0 283
0 764
0 465
0 792
2 10782
20 10782
3 10782
6 10782
100 10782
17 10782
29 10782
356 10782
61 10782
56 10782
32 10782
193 10782
18 10782
67 10782
55 10782
7 10782
346 10782
162 10782
91 10782
5 10782
78 10782
40 10782
26 10782
12 10782
32 10782
172 10782
1 224
684 767
3 144
34 540
6 2510
0 2510
230 269
2 269
0 1269
1 1269
2 919
0 782
6 448
0 931
1 931
1 247
0 89
18 2038
2 2038
0 2038
0 446
5 737
4 1898
3 1898
7 584
5 1360
3 2257
4 2257
0 1695
1968 2339
11 1072
1 746
1 746
4 2150
12 2150
28 3410
8 3410
13 3410
1 746
1 2150
16 2150
10 764
1 746
0 456
11 590
16 2449
36 2449
25 191
56 777
6 266
1 1027
27 976
40 976
31 3000
14 3000
27 3000
25 3000
60 3000
4 3000
1 202
0 456
7 777
1 381
0 295
2 186
11 441
0 94
8 68
0 287
4 240
7 142
1 240
1 655
0 1197
6 2831
4 2831
3 2831
1 2831
3 1331
3 4210
81 4210
43 4210
20 4210
106 4210
32 4210
15 4210
1 4210
13 4210
99 4210
179 4210
0 20
1 209
0 677
12 677
2 1547
11 1547
3 888
20 888
0 344
2 413
6 1012
4 1012
11 1012
1 269
0 467
2 504
11 1110
0 585
1 2128
0 2128
8 2128
1 960
1 1483
7 1536
6 1536
0 1110
2 1069
3 1069
4 1069
1 1014
99 811
1 1110
1 423
0 93
180 183
1 384
3 724
18 2375
3 2375
0 2375
0 178
17 788
2 788
12 788
8 788
25 788
0 788
1 788
15 788
4 788
2 203
11 226
0 4949
2 4949
5 4949
34 4949
138 4949
9 4949
71 4949
0 120
48 2150
1 2150
5 2150
0 653
4 689
1 2955
2 2955
68 2955
4 2955
13 2955
0 2955
115 2955
3 1695
0 439
0 439
10 225
0 2163
2 2163
162 13875
36 13875
16 13875
27 13875
71 13875
77 13875
22 13875
4 13875
303 13875
21 13875
13184 13875
38 13875
85 13875
47 13875
7 2339
2 222
0 150
2 1164
5 1164
77 1164
0 2347
2 2347
3 2347
1 2347
0 633
0 384
19 3126
9 3126
41 3126
3 3126
2 3126
6 3126
11 3126
6 1078
1 1078
0 1078
246 267
1 1926
3 526
3 812
6 858
1 5657
2 5657
15 5657
23 5657
14 5657
6 5657
95 5657
38 5657
23 1042
3 423
0 218
1 172
13 1307
107 1021
4 384
0 400
3 240
2 247
1 176
0 247
1 124
0 618
0 247
3 1708
2 1708
1 1708
0 1708
0 762
1 762
6 152
7 371
3 264
1 442
0 442
4 389
49 5642
10 5642
5 5642
128 5642
233 5642
61 5642
17 5642
1 416
2 223
2 86
9 543
10 1403
4 1403
0 679
1 2517
0 87
16 689
1 336
0 89
0 153
14 1403
4 1963
17 1963
13 2002
11 2002
0 2002
6 147
5 147
2 163
3 264
2 1539
11 264
1 590
0 181
15 241
0 465
748 764
759 764
9 764
8 295
0 1652
1 1652
0 1967
1 86
0 1110
3 1183
0 1183
2 1183
0 876
0 389
2 1124
1 1124
1 1014
1 961
6 961
0 961
0 526
0 359
34 1130
1 257
3 1386
1 842
33 1042
0 257
0 2403
28 2403
9 2403
0 106
4 375
19 617
2 270
17 270
4 340
2 327
0 380
2 518
0 587
6 587
0 384
0 424
3 264
687 699
1 1317
2 1317
12 1317
9 120
2 594
0 538
0 603
0 1130
1 344
3 240
0 1241
0 122
2 855
4 1898
3 1898
7 1898
4 1898
5 384
0 17
31 914
0 777
4 163
9 4713
14 4713
4 4713
4457 4713
2 4713
7 4713
0 44
3 2150
4 2150
1 2150
0 2150
9 402
235 266
2 781
0 781
1 781
7 781
20 664
1 689
0 874
0 796
0 796
1297 1464
2 1464
20 1464
0 548
3 382
204 233
2 663
1 257
21 506
12 1012
0 257
0 626
0 371
765 782
147 3816
2 3816
3 3816
0 3816
1 3816
16 3816
8 3816
3 340
1 1347
8 1347
0 149
0 554
0 364
5 364
267 295
4 435
5 695
2 1247
1 1247
6 423
2 914
0 265
5 631
4 631
2 186
0 518
170 171
13 511
1 431
0 2308
2 2308
1 2303
10 2303
8 145
5 145
6 145
0 467
5 518
1 405
8 318
9 423
4 324
14 389
1 8726
2 8726
146 8726
7 8726
316 8726
3 8726
362 8726
22 8726
53 8726
148 8726
0 8726
17 8726
203 8726
0 422
1 108
0 456
0 1036
1 1036
5 391
1 344
0 679
2 154
355 397
11 3066
4 3066
18 3066
19 1214
14 1214
23 1595
79 1595
12 764
0 457
0 368
0 376
2 209
3 209
0 1191
1 1191
17 592
4 378
3 141
0 389
5 446
1 264
0 526
40 1110
1084 12734
41 12734
835 12734
693 12734
86 12734
159 12734
12120 12734
301 12734
78 12734
275 12734
47 12734
25 12734
122 12734
42 12734
91 12734
161 12734
46 12734
211 12734
2 203
1 89
0 653
2 295
0 841
0 441
380 384
0 876
65 1264
121 1264
1262 1264
0 404
0 1483
0 1110
5 590
4 590
3 264
0 107
3 1386
0 148
1 89
2 842
28 461
0 669
1 669
7 737
682 699
6 423
7 737
0 107
0 107
2 148
0 473
12 2629
71 2629
13 2629
4 2629
0 384
2 1589
1 1589
0 1589
1 113
0 2696
1 2696
4 2696
0 774
27 664
66 987
2 987
7 987
4 4344
0 4344
16 4344
91 4344
2 4344
1 4344
3 4344
2 222
4 626
9 1376
5 1376
1 1376
6 1376
0 558
0 680
4 680
7 234
2 177
1 177
5 384
414 441
408 441
1 376
0 1511
1 1511
2 522
7 522
0 169
1 737
24 664
5 479
0 2238
4 2238
25 2238
5 2238
44 1074
10 737
0 762
2 2517
17 788
8 2300
2 2300
0 762
0 618
0 183
22 270
7 558
0 252
19 295
21 1913
269 1913
1 656
7 656
6 656
4 240
1 423
18 764
0 373
8 446
1 357
6 423
0 632
0 590
0 562
17 456
0 9
293 587
0 562
18 1014
1 774
0 404
0 567
0 1407
0 594
1 690
0 690
2 250
2 127
4 295
3 2725
1 2725
0 2725
2 2725
5 2725
1 442
0 442
9 518
1 508
0 269
6 269
0 38
5 6094
2 6094
0 6094
4 6094
63 6094
1 1370
15 2737
14 2737
59 1409
5 526
6 465
1 339
1 960
0 960
347 382
1 295
0 404
0 431
0 1536
1 615
0 844
0 308
0 504
3 560
1 730
0 730
0 764
1 1701
6 240
3 283
4 596
3 392
1 2339
0 2339
0 303
0 461
44 563
14 438
0 122
0 980
1 980
2 845
0 665
9 378
1 352
0 889
19 889
0 189
0 431
0 751
8 526
15 1955
9 1955
11 1955
16 1955
4 1955
14 1955
16 9453
8749 9453
4 9453
31 9453
17 9453
3 9453
10 9453
9 9453
19 9453
11 9453
20 9453
7 9453
6 9453
8 9453
2 9453
8 3604
50 3604
6 3604
3583 3604
3 3604
0 2982
11 2982
22 2982
1 2982
2 2982
1 1152
0 499
0 181
1 181
242 249
23 613
4 395
0 575
1 122
2 1114
3 1114
270 283
280 283
0 241
3 55
568 655
2 1887
7 1887
4 1887
78 7512
10 7512
48 7512
215 7512
112 7512
2 7512
5 7512
171 7512
203 7512
181 7512
25 7512
15 7512
18 7512
413 7512
61 7512
9 328
1 623
0 106
5 82
1 305
0 196
4 151
5 439
7 328
1 2031
1 4370
0 4370
5 4370
2 4370
6 4370
9 4370
4 4370
3 4370
2 340
0 360
0 269
1 413
2 887
1 187
0 187
2 534
4 1539
1 726
4 257
0 202
55 764
111 764
0 473
0 729
2 729
1 729
1 174
4 593
0 326
4 282
57 59
19 2849
16 2849
21 2849
2 2849
0 225
1 435
0 435
0 522
0 146
7 479
2 399
3 587
0 562
24 788
11 788
32 788
20 788
21 788
1 788
2 788
28 788
19 788
433 473
5 473
7 1528
0 1528
5 1904
1 1904
7 733
0 219
10 2417
124 2417
87 594
11 594
32 594
3 620
2 620
0 476
1 476
2 405
40 1695
1 91
0 91
0 1223
2 1223
3 1223
5 479
0 328
5 1879
9 1879
48 4834
21 4834
16 4834
2 4834
33 4834
8 4834
0 145
687 739
1 336
18 361
3 177
0 413
33 759
0 191
1 191
2 240
11 233
155 177
0 176
2 318
3 807
0 807
2 761
0 446
0 931
1 931
0 1074
2 812
11 287
14 764
2 1043
0 857
1 922
0 558
4 558
0 279
147 173
0 130
32 617
35 617
0 1707
7 1707
2 4275
1 4275
29 4275
3 4275
6 4275
0 1149
1 1149
2 1149
2 2971
5 2971
0 336
297 318
1 1026
1 92
0 92
0 311
0 161
0 774
5 127
0 379
0 400
0 428
4 381
0 562
0 497
0 393
1 279
0 323
5 395
0 223
0 362
23 509
0 2434
12 716
0 388
5 233
0 484
0 484
0 484
9 1075
7 1075
6 1075
7 1075
1 118
0 114
72 844
42 844
288 306
1 1742
2 1742
0 1742
10 441
0 655
633 764
0 509
3314 3737
6 3737
1 3737
0 3737
3 562
228 2181
1 338
1 40
0 379
1 405
0 474
0 98
0 1143
5 368
685 699
0 343
6 126
1 1644
137 1644
4 767
9 767
743 767
1 20
5 310
0 354
2 61
1 297
25 727
6 395
0 1618
0 233
6 381
0 473
215 217
0 152
742 768
0 171
0 567
0 301
0 461
24 788
10 788
34 788
17 788
30 788
0 788
1 788
21 788
15 788
1 405
0 653
1 139
0 324
0 973
1 1386
0 633
11 664
0 1618
4 395
0 295
6 344
3 230
2006 2219
0 385
23 527
5 1926
9 1926
2 548
0 919
1 699
2 472
1 327
0 821
3 821
2 821
1 526
0 567
5 1012
2 1012
11 1012
1 562
12 739
0 266
5 227
0 241
5 635
28 391
0 177
0 407
4 435
17 535
10 527
4 371
9 371
0 240
0 57
9 297
4 262
1 361
41 1312
0 84
2 287
7 509
1 585
0 592
74 812
182 2339
1 290
0 948
1 948
0 448
961 973
1 360
11 389
25 1646
1 2101
2 2101
5 2101
16 2101
44 876
3 472
4 265
5 777
3 502
2 137
4 209
2 144
1 183
0 370
13 135
1 120
9 962
14 721
0 114
3 3218
4 1747
0 231
0 1110
0 153
1 290
2 397
317 325
7 319
4 382
15 5267
5 5267
2 5267
8 5267
18 5267
6 5267
32 5267
19 5267
1 5267
7 5267
0 5267
3 5267
22 5267
12 5267
11 1034
13 1034
1 2191
0 2191
0 247
0 247
1 1416
65 1027
0 319
0 1042
0 384
0 163
0 127
2 484
0 900
0 544
0 265
0 368
0 930
2 2416
1 2416
0 2416
15 919
1 407
0 382
0 247
0 233
2 1183
0 1183
1 1183
1 1185
0 382
0 340
3 3763
0 3763
0 177
1 477
0 141
0 242
2 295
3 295
2 395
597 615
0 308
0 1695
12 511
0 227
0 257
6 2339
1 395
0 359
2 761
1 257
0 176
1 336
0 195
1 365
1 240
1 230
5 196
9 338
8 1116
33 1116
0 1124
0 300
48 1623
826 906
0 57
0 188
0 1057
0 233
0 721
8 318
2 735
667 699
0 446
0 310
0 165
1 465
2 1130
591 679
0 392
315 348
6 1898
5 1898
0 472
4 950
8 950
0 950
7 191
0 1695
0 324
0 282
0 861
4 1695
321 360
0 960
0 388
0 1701
1 453
0 453
0 247
0 461
9 295
1 1042
3 549
293 319
0 1110
1 2517
1 866
0 866
2 141
2 387
43 48
0 1791
9 1791
6 511
0 275
6 286
0 423
2 191
912 950
15 509
0 861
0 364
2 364
0 378
1 3651
0 364
2 364
0 298
3 679
0 654
0 177
40 605
13 392
6 392
0 569
0 43
0 414
1 272
2 327
2 2050
0 2050
1 2050
1 617
0 927
9 1268
1 1268
2 1268
2 1413
6 157
6 317
16 790
723 790
0 812
1 1077
28 584
3 562
7 1360
3 1695
10 405
7 587
4 127
1 1592
2 1592
0 1719
2 1719
1 1719
0 548
1 548
0 195
1 352
0 1043
85 2703
27 2703
102 2703
10 2703
7 1165
9 395
2 1323
0 1323
3 1323
6 1323
1 1323
0 118
0 165
3 663
17 451
24 1536
3 1526
2 1526
6 1526
0 116
12 327
2 587
2 139
0 325
2 1288
0 116
200 240
0 217
700 712
2 1386
39 2339
3 2517
13 381
13 284
0 183
10 295
0 2517
5 2339
40 465
0 247
1 2517
0 55
3 281
4 247
5 1360
0 461
9 3761
0 590
0 594
4 378
4 1539
0 108
49 4338
1432 1552
142 152
0 646
1 306
31 657
0 657
9 1042
400 421
1 1042
4 222
0 1034
0 270
0 1104
0 486
0 502
1 57
34 816
4 2365
2 1074
0 187
0 2236
2 2236
3 2236
1 2236
2 405
9 1110
0 497
1 222
0 120
0 151
0 1392
0 230
70 86
0 78
114 2339
0 9
1 1021
0 318
1 308
0 279
0 762
3 88
2 721
0 1027
2 500
0 89
1 86
145 159
13 733
5 725
0 276
0 497
5 1130
0 456
0 654
0 777
0 53
0 340
452 475
1 142
0 694
0 41
0 90
10 588
16 588
3 588
2 214
0 67
0 588
1 327
0 342
0 588
8 193
1 161
1 90
2 588
4 41
6 322
3 718
1 142
10 567
2 588
4 113
0 120
3 588
4 567
8 588
7 588
2 483
7 588
1 218
25 588
8 282
5 282
9 588
17 218
0 327
22 24
0 274
11 274
0 214
1 142
2 90
85 90
1 228
7 567
0 229
18 567
3 343
208 228
1 327
0 43
9 386
8 694
8 228
0 475
4 588
33 475
10 946
0 475
0 567
3 457
2 327
1 483
4 343
0 116
0 475
2 228
0 342
16 327
15 560
212 229
0 99
3 588
41 43
6 43
0 168
2 141
1 483
0 16
13 588
0 386
20 334
1 588
2 588
2 588
1 588
0 90
10 588
0 271
41 588
12 386
0 67
486 560
14 342
1 454
0 588
1 588
0 211
32 694
28 694
9 228
6 327
553 588
7 752
0 53
0 229
15 588
2 41
1 374
0 334
1 588
4 475
10 110
0 229
0 58
11 588
0 142
141 153
2 334
2 116
111 118
549 588
3 386
3 327
2 142
13 228
145 156
2 588
3 588
1 327
4 343
6 153
430 475
0 588
0 99
0 588
3 588
60 574
0 694
1 90
23 694
0 56
21 560
20 342
3 322
0 752
563 588
21 327
1 193
6 454
0 342
0 67
0 327
9 588
0 229
0 342
0 67
19 2673
0 211
4 483
0 327
13 228
4 33
3 962
0 1539
0 125
0 120
1 80
0 816
0 554
1 176
0 406
0 66
0 473
0 977
0 844
0 290
7 502
2 88
2 275
1 147
5 515
0 1205
2 1403
0 1695
30 605
0 605
9 1347
1 1347
10 1516
0 295
0 473
0 59
2 1021
27 788
4 228
0 1110
1 88
0 768
1 476
0 337
0 340
43 1695
7 127
0 308
1 378
0 241
0 452
0 284
1 1900
0 1900
2 3101
0 3101
0 6
1 218
14 664
0 158
0 423
0 951
3 951
0 623
0 399
2 1577
0 278
1 214
5 2150
0 2150
0 145
0 404
0 1074
2 336
0 362
4 594
0 216
0 439
0 527
3 1386
0 639
26 762
0 625
1 625
0 725
0 395
0 1036
2 1042
1 393
1 1539
1 368
2 1539
10 117
21 632
5 1042
0 518
0 567
1 452
3 1071
0 347
0 303
0 120
26 270
15 2237
12 2237
1 2237
0 2237
2 2237
0 233
1415 1552
0 409
0 1230
2 1230
1 853
0 400
0 126
0 446
15 857
0 973
0 274
1 274
2 3390
27 3390
4 3390
1 3390
0 584
8 890
1 626
5 216
0 1346
0 247
12 287
1 79
0 196
23 191
425 7353
13 7353
79 7353
833 7353
253 7353
32 7353
284 7353
20 7353
65 7353
449 7353
28 7353
231 7353
21 7353
490 7353
6 7353
5 7353
0 141
0 2466
2 2466
3 2466
1 2466
0 1456
133 10604
225 10604
51 10604
73 10604
385 10604
63 10604
77 10604
16 10604
308 10604
196 10604
18 10604
96 10604
30 10604
19 10604
59 10604
34 10604
9 1655
4 1655
0 407
1 1162
8 1162
0 1162
3 1162
1 479
98 623
0 87
0 564
334 391
0 295
0 590
1 508
51 1695
2 47
22 788
12 788
33 788
15 788
25 788
0 788
1 788
13 788
9 788
1 230
0 739
0 436
3 1695
0 247
0 626
22 567
4 115
1 48
0 344
26 684
694 764
1 582
38 1072
12 1862
0 1862
3 369
13 876
1 625
0 233
3 937
0 937
9 937
0 230
1 421
0 272
0 218
3 812
25 826
0 919
0 887
1 1072
72 2339
2 958
1 958
1 1623
1 141
0 792
4 811
2 2330
0 2330
1 247
3 974
11 120
0 182
1 423
0 1967
0 30
1 384
6 549
6 1153
0 497
5 188
1 498
3 157
1 157
3 2339
7 950
1 57
0 135
0 473
0 962
0 448
0 163
0 414
3 1161
0 1161
1 1161
0 117
7 96
2 1403
0 1346
1 139
14 1110
0 473
1 318
0 318
1 700
0 162
2 1967
1 1539
0 1539
0 106
5 5662
4 5662
3 5662
2 5662
0 5662
6 1536
11 1536
3 625
5 2565
1 2565
8 2565
0 2565
10 2565
19 2565
1646 1747
4 384
171 183
7 1249
3 1249
0 87
0 812
1 746
5 2128
0 2128
6 2128
0 473
0 67
1 124
6 178
0 764
2 379
2 2396
0 2396
1 2396
802 890
5 890
11 890
0 38
1 2407
2 2407
3 2407
10 2407
0 735
3 581
0 581
0 385
1 385
10 615
1 139
0 641
7 448
6 1064
0 1064
3 2225
0 89
0 941
0 89
0 1419
1 452
0 80
7 554
0 89
1 1294
6 1294
348 381
79 1948
18 1948
3 1948
0 1948
16 962
0 448
0 352
0 137
0 594
6 1708
0 1708
1 287
0 25
0 816
0 626
0 90
21 2339
0 1536
0 233
55 69
1 319
0 796
1 446
0 527
0 142
0 369
0 153
1 590
0 385
29 413
0 446
1 2395
0 2395
0 404
543 592
5 2163
3 2163
7 2163
1 55
37 191
0 2423
11 2423
1 2423
1 344
1 196
0 452
137 1403
1 1205
0 1205
4 1014
2 294
6 448
84 86
0 395
1 844
0 844
0 303
0 1360
0 812
1 107
0 562
0 479
7 467
1 1733
14 1733
13 1733
1 80
0 739
0 446
201 247
0 389
0 733
1 215
1 295
8 431
0 175
3 130
0 187
4 135
0 284
4 371
2 330
3 1724
0 1724
1 1724
1 549
3 919
46 1139
1 896
0 896
0 437
0 103
0 264
1 261
0 264
0 648
5 1577
0 1501
2 1501
1 1501
77 617
3 1618
0 285
1 504
0 115
47 48
0 247
1 737
0 223
0 509
0 311
36 594
4 477
0 345
0 733
3 789
0 789
0 605
0 1747
0 347
5 1511
2 1511
0 362
4 147
0 307
6 139
4 139
0 382
105 1766
32 788
3 788
14 788
10 788
38 788
0 788
1 788
29 788
4 788
0 694
1 694
302 307
1 174
3 371
1 1077
0 537
4 178
1 103
0 290
4 3159
2 3159
1 3159
3 1331
45 50
0 716
1 508
21 1909
12 1909
26 1909
0 1618
3 1618
0 384
0 384
0 102
0 94
0 585
0 474
479 535
0 261
2 295
0 169
1 148
1 183
3 876
0 733
6 1787
5 1787
4 1787
11 617
0 1553
1 1553
0 504
0 343
1 632
0 127
5 504
82 1083
2 65
2 1144
0 178
1 172
0 240
2 431
27 919
0 498
0 1618
1436 1475
9 368
1 26
13 1965
5 1965
3 1965
0 1965
6 1965
2 1965
0 125
0 175
1 55
1 379
0 229
0 229
0 230
1 1042
0 344
0 323
1 746
21 876
2 479
10 406
2 504
160 171
38 575
638 764
4 1913
1 1913
0 1057
2 269
0 173
0 344
0 772
0 242
1 1695
3 1695
1 382
3 764
0 175
0 94
0 811
0 394
0 1287
0 176
17 139
0 310
0 360
3 230
0 811
1 381
0 1129
7 1129
10 1129
0 638
0 1071
30 1410
15 1410
18 1410
0 811
0 497
3 37
1 285
6 305
2 256
0 360
8 233
1 623
0 1061
1 260
0 452
0 563
1 592
4 144
1 327
0 617
2 337
0 362
5746 5976
47 5976
54 5976
35 5976
20 5976
39 5976
31 5976
90 5976
34 5976
8 1075
1 379
595 661
0 162
1 2517
2 431
1 100
0 1386
1 850
0 511
1 405
1 1102
0 1102
0 370
0 196
1 361
7 841
5 698
0 124
0 290
215 218
0 439
13 229
0 349
0 89
0 360
6 333
4 333
0 526
0 122
0 412
0 196
0 874
0 247
0 896
1 338
0 338
0 142
39 1779
1774 1779
7 1779
1704 1779
0 1238
838 876
28 1853
88 1853
123 1853
0 592
0 564
1 173
0 1539
0 158
0 812
9 584
0 328
2 262
1 816
0 99
3 796
1 404
1 146
1 345
10 464
2 228
2 274
835 919
0 502
0 1110
2 122
6 446
4 518
0 141
0 585
6 561
1 2808
0 1357
22 1416
1 204
0 100
27 563
0 564
0 473
5 1110
0 339
308 327
1 308
5 295
0 587
1 777
2 558
0 149
11 209
0 279
1 962
1 3095
4 3095
2 3095
21 1617
0 1617
12 1617
1 1617
0 318
1 327
5 1767
11 1767
2 1767
1 1767
2 240
2 1071
0 522
0 1618
1 465
0 465
1 465
