3 384
6 375
3 392
0 576
3 576
13 776
8 776
443 511
7 2287
5 2287
3 745
0 745
25 914
0 338
5 448
1 691
2 691
0 183
6 914
17 1155
42 1155
1070 1155
1 1155
2 1155
1 1370
1 1623
59 7389
250 7389
134 7389
5 7389
9 7389
104 7389
208 7389
13 7389
192 7389
92 7389
605 7389
2 2339
2 615
43 1288
2 176
25 1265
46 1265
9 1265
5 150
0 79
0 1983
5 1983
3 1983
141 1983
7 269
4 397
35 1208
24 1208
32 1208
41 1474
8 240
4 448
2 558
1 1113
0 1113
0 79
4 305
8 400
0 388
7 590
1 1483
5 152
138 152
0 796
1519 1536
0 805
1 276
19 328
0 1267
8 1267
20 1267
13 1267
14 1267
5 522
0 198
1 1013
0 1013
4 152
0 1303
2 1008
0 1008
3 327
1 562
8 737
8 737
237 264
159 175
0 44
0 89
3 1913
0 1913
3 1539
7 973
6 855
0 301
12 7645
61 7645
19 7645
7 7645
14 7645
186 7645
198 7645
43 7645
95 7645
20 7645
24 7645
8 7645
73 7645
5 7645
3 7645
4 7645
18 7645
11 7645
91 7645
6 7645
336 9306
36 9306
9 9306
165 9306
41 9306
369 9306
2 9306
180 9306
6 9306
196 9306
5 9306
43 9306
7 9306
300 9306
11 9306
338 9306
382 9306
52 9306
32 3760
256 3760
144 3760
58 3760
93 3760
49 3760
52 3760
103 3760
2 689
13 295
44 1454
12 1454
6 1454
9 1454
1 626
0 203
0 405
0 794
2 794
1 844
631 657
0 1110
7 150
3 1071
0 812
0 812
0 422
6 896
3 395
7 2339
0 135
4 324
0 721
71 79
0 204
0 811
1 368
0 380
0 380
3 384
8 152
0 98
67 68
2 446
1 777
2 777
0 884
882 884
0 1514
822 876
328 348
0 169
8 663
4 663
3 303
6 240
0 441
3 1474
0 733
3 1077
0 404
0 973
0 138
19 1618
6 567
26 876
1 176
0 2150
10 2150
22 876
2 311
5 1597
1 1597
6 1597
2 1597
4 618
0 98
0 184
6 776
3 776
1 497
54 57
4 392
14 670
9 670
4 392
16 511
2 247
0 876
0 344
4 965
25 1539
0 509
3 215
5 176
4 215
2 215
3 1386
1 283
0 764
0 465
0 792
9 10782
42 10782
4 10782
5 10782
61 10782
55 10782
45 10782
256 10782
52 10782
32 10782
44 10782
258 10782
18 10782
100 10782
64 10782
24 10782
50 10782
39 10782
101 10782
10 10782
30 10782
22 10782
33 10782
31 10782
44 10782
75 10782
1 224
18 767
3 144
76 540
3 2510
0 2510
249 269
2 269
0 1269
1 1269
3 919
0 782
7 448
0 931
1 931
1 247
1 89
26 2038
1 2038
0 2038
0 446
11 737
5 1898
4 1898
8 584
5 1360
6 2257
7 2257
1 1695
21 2339
14 1072
2 746
1 746
1 2150
12 2150
29 3410
5 3410
15 3410
2 746
1 2150
16 2150
10 764
2 746
0 456
21 590
8 2449
72 2449
20 191
15 777
0 266
1 1027
4 976
20 976
12 3000
25 3000
18 3000
23 3000
28 3000
5 3000
1 202
0 456
6 777
2 381
0 295
3 186
403 441
0 94
5 68
1 287
4 240
5 142
3 240
1 655
0 1197
6 2831
5 2831
3 2831
1 2831
3 1331
4 4210
50 4210
74 4210
27 4210
112 4210
78 4210
29 4210
1 4210
44 4210
148 4210
227 4210
0 20
2 209
0 677
4 677
0 1547
9 1547
5 888
31 888
0 344
0 413
6 1012
4 1012
11 1012
1 269
0 467
4 504
24 1110
0 585
4 2128
0 2128
9 2128
1 960
1 1483
8 1536
6 1536
0 1110
3 1069
4 1069
7 1069
2 1014
85 811
1 1110
3 423
1 93
176 183
0 384
2 724
10 2375
0 2375
3 2375
0 178
12 788
3 788
7 788
5 788
18 788
0 788
1 788
11 788
4 788
1 203
25 226
0 4949
2 4949
6 4949
32 4949
100 4949
9 4949
40 4949
0 120
44 2150
1 2150
14 2150
0 653
4 689
3 2955
1 2955
70 2955
4 2955
11 2955
2 2955
116 2955
2 1695
0 439
0 439
12 225
2 2163
3 2163
230 13875
31 13875
5 13875
23 13875
17 13875
115 13875
27 13875
12 13875
193 13875
25 13875
13434 13875
97 13875
85 13875
65 13875
9 2339
2 222
0 150
2 1164
5 1164
16 1164
0 2347
1 2347
3 2347
2 2347
0 633
0 384
22 3126
18 3126
33 3126
9 3126
3 3126
16 3126
17 3126
2 1078
1 1078
0 1078
242 267
4 1926
16 526
4 812
7 858
5 5657
4 5657
12 5657
8 5657
11 5657
3 5657
85 5657
62 5657
33 1042
9 423
0 218
3 172
21 1307
948 1021
4 384
0 400
6 240
4 247
1 176
0 247
1 124
2 618
1 247
4 1708
2 1708
0 1708
1 1708
0 762
1 762
3 152
8 371
2 264
2 442
0 442
5 389
51 5642
8 5642
2 5642
5275 5642
66 5642
40 5642
18 5642
3 416
6 223
2 86
8 543
8 1403
3 1403
0 679
1 2517
0 87
1 689
1 336
1 89
1 153
9 1403
5 1963
14 1963
5 2002
10 2002
2 2002
8 147
6 147
4 163
246 264
0 1539
227 264
5 590
0 181
15 241
0 465
724 764
27 764
8 764
7 295
0 1652
1 1652
0 1967
2 86
0 1110
4 1183
0 1183
3 1183
0 876
0 389
1 1124
2 1124
2 1014
0 961
3 961
1 961
0 526
0 359
99 1130
0 257
3 1386
2 842
18 1042
0 257
2 2403
41 2403
20 2403
0 106
5 375
6 617
3 270
18 270
7 340
1 327
0 380
4 518
1 587
5 587
0 384
0 424
3 264
625 699
1 1317
3 1317
9 1317
9 120
3 594
0 538
0 603
0 1130
1 344
6 240
0 1241
0 122
6 855
12 1898
8 1898
7 1898
4 1898
6 384
15 17
24 914
0 777
6 163
16 4713
18 4713
2 4713
4347 4713
4 4713
19 4713
0 44
9 2150
12 2150
1 2150
0 2150
11 402
251 266
2 781
1 781
0 781
11 781
19 664
1 689
0 874
0 796
0 796
115 1464
3 1464
10 1464
0 548
4 382
12 233
2 663
1 257
467 506
12 1012
4 257
0 626
0 371
759 782
36 3816
6 3816
4 3816
3 3816
0 3816
38 3816
8 3816
4 340
3 1347
6 1347
0 149
1 554
1 364
0 364
270 295
8 435
10 695
2 1247
1 1247
6 423
6 914
0 265
4 631
6 631
3 186
0 518
164 171
44 511
2 431
0 2308
3 2308
2 2303
8 2303
12 145
5 145
3 145
0 467
5 518
1 405
14 318
8 423
4 324
10 389
1 8726
5 8726
200 8726
9 8726
122 8726
7 8726
321 8726
23 8726
68 8726
84 8726
0 8726
29 8726
61 8726
0 422
1 108
0 456
0 1036
1 1036
8 391
1 344
0 679
2 154
368 397
8 3066
7 3066
36 3066
3 1214
6 1214
39 1595
34 1595
14 764
0 457
0 368
0 376
3 209
0 209
1 1191
0 1191
516 592
5 378
3 141
0 389
1 446
2 264
0 526
21 1110
1026 12734
90 12734
12004 12734
567 12734
127 12734
123 12734
11977 12734
60 12734
83 12734
126 12734
41 12734
12 12734
80 12734
36 12734
88 12734
174 12734
54 12734
203 12734
4 203
1 89
0 653
7 295
0 841
0 441
381 384
0 876
92 1264
1238 1264
1263 1264
1 404
0 1483
0 1110
6 590
5 590
233 264
0 107
2 1386
0 148
0 89
4 842
40 461
0 669
1 669
8 737
27 699
8 423
8 737
0 107
0 107
0 148
0 473
18 2629
78 2629
5 2629
10 2629
2 384
2 1589
1 1589
0 1589
1 113
0 2696
1 2696
4 2696
0 774
23 664
91 987
4 987
9 987
7 4344
0 4344
22 4344
36 4344
5 4344
1 4344
3 4344
2 222
0 626
9 1376
5 1376
1 1376
6 1376
2 558
3 680
4 680
7 234
1 177
1 177
5 384
408 441
32 441
1 376
4 1511
1 1511
2 522
10 522
0 169
0 737
24 664
5 479
0 2238
7 2238
21 2238
4 2238
21 1074
8 737
0 762
3 2517
734 788
14 2300
5 2300
0 762
0 618
0 183
20 270
9 558
0 252
8 295
6 1913
157 1913
6 656
7 656
10 656
5 240
1 423
4 764
2 373
18 446
1 357
7 423
0 632
5 590
1 562
7 456
0 9
293 587
0 562
12 1014
0 774
0 404
0 567
1 1407
0 594
1 690
0 690
2 250
1 127
6 295
4 2725
3 2725
1 2725
0 2725
5 2725
0 442
1 442
2 518
1 508
0 269
3 269
0 38
5 6094
3 6094
1 6094
4 6094
8 6094
1 1370
15 2737
22 2737
33 1409
8 526
5 465
1 339
1 960
0 960
12 382
1 295
0 404
0 431
1 1536
1 615
0 844
0 308
0 504
3 560
1 730
0 730
0 764
1 1701
9 240
1 283
5 596
1 392
1 2339
0 2339
0 303
0 461
44 563
23 438
1 122
1 980
0 980
2 845
0 665
5 378
1 352
1 889
12 889
0 189
0 431
0 751
8 526
14 1955
13 1955
16 1955
10 1955
5 1955
19 1955
9 9453
227 9453
8 9453
19 9453
25 9453
3 9453
14 9453
5 9453
17 9453
7 9453
26 9453
10 9453
12 9453
4 9453
2 9453
9 3604
59 3604
2 3604
3424 3604
3 3604
3 2982
17 2982
25 2982
6 2982
7 2982
0 1152
0 499
0 181
1 181
241 249
14 613
4 395
0 575
1 122
1 1114
2 1114
270 283
276 283
0 241
49 55
15 655
2 1887
6 1887
1 1887
118 7512
22 7512
65 7512
81 7512
104 7512
5 7512
40 7512
143 7512
162 7512
267 7512
91 7512
77 7512
93 7512
492 7512
114 7512
5 328
0 623
0 106
7 82
2 305
0 196
4 151
7 439
4 328
8 2031
2 4370
1 4370
5 4370
0 4370
8 4370
9 4370
4 4370
3 4370
0 340
0 360
1 269
0 413
2 887
1 187
0 187
1 534
3 1539
1 726
4 257
1 202
23 764
40 764
0 473
0 729
2 729
1 729
3 174
3 593
0 326
4 282
56 59
21 2849
19 2849
18 2849
2 2849
0 225
1 435
0 435
0 522
131 146
9 479
4 399
2 587
1 562
23 788
13 788
734 788
21 788
27 788
1 788
0 788
31 788
28 788
442 473
3 473
3 1528
0 1528
1 1904
3 1904
8 733
0 219
77 2417
286 2417
40 594
9 594
14 594
4 620
3 620
1 476
0 476
2 405
1598 1695
1 91
0 91
0 1223
2 1223
3 1223
6 479
1 328
2 1879
6 1879
47 4834
19 4834
22 4834
15 4834
25 4834
17 4834
140 145
22 739
2 336
305 361
156 177
0 413
24 759
1 191
2 191
1 240
17 233
164 177
0 176
4 318
3 807
1 807
3 761
0 446
0 931
1 931
1 1074
5 812
249 287
14 764
4 1043
0 857
1 922
1 558
8 558
0 279
23 173
1 130
4 617
2 617
0 1707
7 1707
2 4275
1 4275
19 4275
4 4275
7 4275
0 1149
1 1149
3 1149
2 2971
4 2971
0 336
280 318
1 1026
1 92
0 92
0 311
0 161
0 774
7 127
0 379
0 400
0 428
7 381
1 562
0 497
2 393
1 279
1 323
5 395
0 223
0 362
453 509
0 2434
5 716
0 388
7 233
0 484
0 484
1 484
4 1075
6 1075
6 1075
8 1075
1 118
0 114
46 844
36 844
1 306
2 1742
1 1742
0 1742
9 441
0 655
680 764
0 509
3209 3737
4 3737
1 3737
0 3737
3 562
2145 2181
3 338
1 40
0 379
2 405
0 474
0 98
0 1143
5 368
653 699
0 343
9 126
1 1644
144 1644
1 767
2 767
718 767
0 20
8 310
0 354
2 61
1 297
33 727
9 395
1 1618
0 233
4 381
0 473
213 217
0 152
61 768
0 171
0 567
0 301
0 461
18 788
7 788
25 788
12 788
24 788
1 788
0 788
19 788
13 788
1 405
0 653
3 139
0 324
0 973
2 1386
0 633
35 664
0 1618
10 395
0 295
11 344
6 230
2078 2219
0 385
7 527
7 1926
15 1926
3 548
0 919
3 699
9 472
2 327
0 821
2 821
3 821
1 526
0 567
10 1012
8 1012
9 1012
3 562
18 739
0 266
5 227
0 241
17 635
6 391
0 177
0 407
2 435
18 535
7 527
5 371
7 371
0 240
0 57
254 297
4 262
0 361
41 1312
0 84
3 287
4 509
1 585
0 592
802 812
182 2339
2 290
0 948
1 948
1 448
971 973
1 360
21 389
1506 1646
0 2101
2 2101
3 2101
8 2101
42 876
4 472
1 265
4 777
5 502
1 137
4 209
3 144
1 183
0 370
15 135
1 120
1 962
19 721
0 114
2 3218
3 1747
0 231
0 1110
0 153
1 290
2 397
320 325
10 319
5 382
16 5267
4 5267
0 5267
14 5267
20 5267
8 5267
30 5267
19 5267
3 5267
13 5267
2 5267
1 5267
18 5267
15 5267
0 1034
4 1034
0 2191
1 2191
0 247
0 247
2 1416
852 1027
0 319
0 1042
0 384
0 163
1 127
1 484
0 900
0 544
1 265
0 368
0 930
2 2416
0 2416
3 2416
8 919
1 407
0 382
0 247
2 233
2 1183
0 1183
1 1183
1 1185
0 382
1 340
2 3763
0 3763
3 177
1 477
0 141
0 242
0 295
1 295
2 395
597 615
0 308
0 1695
17 511
0 227
0 257
7 2339
1 395
1 359
2 761
2 257
0 176
2 336
0 195
1 365
3 240
1 230
4 196
1 338
3 1116
61 1116
0 1124
0 300
4 1623
837 906
0 57
0 188
0 1057
0 233
0 721
6 318
2 735
622 699
0 446
0 310
0 165
3 465
2 1130
661 679
1 392
328 348
6 1898
5 1898
0 472
15 950
16 950
2 950
2 191
1 1695
0 324
0 282
0 861
4 1695
318 360
1 960
0 388
0 1701
1 453
0 453
0 247
1 461
13 295
3 1042
3 549
29 319
1 1110
1 2517
1 866
0 866
2 141
3 387
41 48
0 1791
2 1791
12 511
7 275
3 286
0 423
1 191
944 950
32 509
0 861
0 364
4 364
0 378
1 3651
0 364
3 364
0 298
1 679
5 654
1 177
578 605
6 392
3 392
1 569
0 43
0 414
1 272
2 327
2 2050
0 2050
1 2050
1 617
0 927
5 1268
3 1268
4 1268
5 1413
10 157
12 317
24 790
762 790
0 812
1 1077
8 584
4 562
4 1360
4 1695
16 405
11 587
4 127
2 1592
1 1592
0 1719
2 1719
1 1719
0 548
1 548
2 195
1 352
0 1043
30 2703
11 2703
43 2703
22 2703
8 1165
353 395
1 1323
0 1323
2 1323
6 1323
3 1323
0 118
0 165
3 663
14 451
10 1536
3 1526
1 1526
8 1526
0 116
20 327
2 587
4 139
1 325
1 1288
0 116
200 240
0 217
634 712
3 1386
52 2339
2 2517
24 381
265 284
0 183
4 295
0 2517
2 2339
12 465
0 247
1 2517
0 55
1 281
0 247
5 1360
2 461
11 3761
0 590
1 594
2 378
4 1539
1 108
37 4338
1312 1552
3 152
0 646
1 306
8 657
3 657
5 1042
416 421
1 1042
3 222
1 1034
0 270
0 1104
0 486
0 502
1 57
755 816
1 2365
2 1074
0 187
1 2236
2 2236
3 2236
0 2236
3 405
5 1110
2 497
3 222
0 120
0 151
0 1392
0 230
75 86
3 78
63 2339
0 9
1 1021
0 318
1 308
0 279
0 762
1 88
4 721
0 1027
3 500
0 89
1 86
13 159
11 733
9 725
0 276
1 497
4 1130
0 456
1 654
0 777
0 53
0 340
471 475
1 142
0 694
0 41
0 90
29 588
16 588
3 588
2 214
0 67
1 588
1 327
1 342
0 588
9 193
1 161
5 90
4 588
6 41
29 322
2 718
2 142
17 567
3 588
3 113
0 120
3 588
4 567
7 588
9 588
3 483
8 588
1 218
25 588
7 282
7 282
15 588
8 218
3 327
23 24
0 274
7 274
1 214
1 142
1 90
87 90
1 228
8 567
0 229
45 567
3 343
214 228
1 327
0 43
8 386
31 694
198 228
2 475
3 588
427 475
10 946
0 475
0 567
5 457
2 327
4 483
7 343
0 116
0 475
1 228
0 342
293 327
23 560
8 229
0 99
2 588
40 43
6 43
0 168
3 141
0 483
0 16
8 588
0 386
22 334
1 588
2 588
1 588
1 588
0 90
16 588
0 271
570 588
338 386
0 67
537 560
27 342
1 454
0 588
4 588
0 211
20 694
619 694
8 228
1 327
571 588
4 752
0 53
0 229
13 588
6 41
1 374
0 334
1 588
10 475
5 110
0 229
0 58
10 588
1 142
10 153
2 334
2 116
6 118
584 588
9 386
3 327
2 142
10 228
7 156
2 588
3 588
1 327
4 343
14 153
439 475
0 588
0 99
0 588
5 588
542 574
0 694
1 90
18 694
0 56
29 560
6 342
11 322
0 752
573 588
296 327
1 193
7 454
0 342
0 67
0 327
9 588
0 229
0 342
1 67
16 2673
0 211
5 483
2 327
6 228
4 33
2 962
0 1539
0 125
0 120
2 80
0 816
0 554
1 176
2 406
0 66
0 473
0 977
0 844
0 290
10 502
2 88
2 275
1 147
4 515
0 1205
2 1403
0 1695
6 605
1 605
8 1347
3 1347
12 1516
0 295
0 473
0 59
2 1021
746 788
7 228
0 1110
0 88
0 768
1 476
1 337
0 340
61 1695
4 127
0 308
2 378
0 241
0 452
0 284
1 1900
0 1900
2 3101
0 3101
0 6
2 218
9 664
0 158
0 423
3 951
6 951
0 623
0 399
3 1577
0 278
1 214
5 2150
0 2150
0 145
0 404
0 1074
1 336
0 362
4 594
0 216
0 439
0 527
3 1386
1 639
41 762
0 625
1 625
0 725
0 395
0 1036
3 1042
1 393
2 1539
1 368
2 1539
99 117
25 632
4 1042
0 518
0 567
1 452
3 1071
0 347
0 303
0 120
24 270
17 2237
15 2237
1 2237
0 2237
2 2237
0 233
1544 1552
0 409
0 1230
2 1230
6 853
1 400
0 126
0 446
7 857
0 973
1 274
0 274
0 3390
14 3390
9 3390
4 3390
0 584
11 890
1 626
3 216
0 1346
0 247
3 287
75 79
0 196
15 191
184 7353
40 7353
58 7353
7268 7353
235 7353
18 7353
273 7353
48 7353
75 7353
671 7353
45 7353
245 7353
51 7353
320 7353
9 7353
5 7353
0 141
1 2466
2 2466
3 2466
0 2466
0 1456
78 10604
194 10604
94 10604
35 10604
390 10604
66 10604
55 10604
23 10604
126 10604
100 10604
16 10604
129 10604
53 10604
30 10604
98 10604
50 10604
8 1655
3 1655
0 407
2 1162
5 1162
1 1162
3 1162
1 479
567 623
0 87
0 564
16 391
0 295
0 590
0 508
51 1695
1 47
22 788
12 788
33 788
15 788
25 788
0 788
1 788
13 788
9 788
1 230
0 739
0 436
2 1695
0 247
0 626
36 567
4 115
2 48
0 344
7 684
622 764
1 582
65 1072
5 1862
1 1862
3 369
19 876
1 625
0 233
3 937
0 937
9 937
0 230
1 421
0 272
0 218
1 812
31 826
0 919
0 887
1 1072
73 2339
3 958
2 958
1 1623
2 141
0 792
3 811
0 2330
1 2330
1 247
5 974
114 120
0 182
2 423
0 1967
0 30
2 384
5 549
6 1153
0 497
4 188
1 498
5 157
1 157
3 2339
9 950
1 57
0 135
0 473
0 962
1 448
0 163
0 414
3 1161
0 1161
2 1161
0 117
3 96
1 1403
0 1346
1 139
41 1110
0 473
1 318
0 318
1 700
0 162
1 1967
2 1539
0 1539
0 106
5 5662
4 5662
2 5662
3 5662
0 5662
4 1536
10 1536
3 625
10 2565
7 2565
8 2565
4 2565
12 2565
11 2565
1646 1747
5 384
169 183
8 1249
5 1249
0 87
0 812
2 746
8 2128
0 2128
7 2128
0 473
0 67
2 124
6 178
0 764
1 379
2 2396
0 2396
1 2396
14 890
8 890
9 890
0 38
1 2407
2 2407
7 2407
6 2407
0 735
2 581
0 581
0 385
1 385
6 615
1 139
0 641
3 448
2 1064
0 1064
3 2225
1 89
0 941
0 89
0 1419
12 452
2 80
3 554
0 89
1 1294
13 1294
348 381
32 1948
41 1948
9 1948
0 1948
4 962
0 448
0 352
0 137
0 594
2 1708
0 1708
2 287
0 25
0 816
0 626
0 90
19 2339
0 1536
0 233
11 69
2 319
1 796
0 446
0 527
0 142
0 369
0 153
1 590
0 385
29 413
0 446
1 2395
0 2395
0 404
295 592
5 2163
3 2163
7 2163
1 55
37 191
0 2423
8 2423
1 2423
1 344
0 196
0 452
51 1403
1 1205
0 1205
1 1014
2 294
6 448
8 86
0 395
3 844
0 844
0 303
0 1360
0 812
0 107
0 562
1 479
8 467
10 1733
19 1733
20 1733
1 80
0 739
0 446
232 247
0 389
0 733
2 215
4 295
1 431
0 175
2 130
1 187
1 135
0 284
4 371
3 330
3 1724
0 1724
1 1724
2 549
10 919
36 1139
1 896
0 896
0 437
0 103
0 264
2 261
0 264
0 648
8 1577
0 1501
2 1501
1 1501
45 617
2 1618
0 285
4 504
2 115
47 48
0 247
1 737
0 223
0 509
0 311
36 594
2 477
0 345
0 733
5 789
2 789
0 605
0 1747
0 347
8 1511
5 1511
0 362
7 147
0 307
8 139
7 139
0 382
83 1766
728 788
2 788
11 788
7 788
742 788
0 788
1 788
721 788
4 788
0 694
1 694
279 307
2 174
2 371
1 1077
0 537
6 178
0 103
0 290
4 3159
2 3159
1 3159
2 1331
46 50
0 716
1 508
21 1909
12 1909
26 1909
0 1618
4 1618
0 384
1 384
0 102
0 94
0 585
0 474
526 535
0 261
2 295
1 169
1 148
2 183
3 876
1 733
7 1787
4 1787
5 1787
5 617
0 1553
1 1553
3 504
1 343
1 632
0 127
5 504
82 1083
2 65
1 1144
0 178
1 172
2 240
4 431
23 919
0 498
0 1618
1452 1475
9 368
2 26
14 1965
6 1965
2 1965
0 1965
4 1965
3 1965
2 125
0 175
3 55
1 379
0 229
0 229
0 230
1 1042
0 344
0 323
2 746
31 876
3 479
10 406
2 504
155 171
1 575
7 764
8 1913
1 1913
0 1057
1 269
0 173
11 344
0 772
0 242
3 1695
2 1695
2 382
4 764
0 175
0 94
0 811
0 394
0 1287
0 176
14 139
0 310
0 360
1 230
0 811
1 381
1 1129
11 1129
10 1129
0 638
0 1071
30 1410
16 1410
21 1410
0 811
0 497
0 37
0 285
1 305
0 256
0 360
8 233
1 623
0 1061
1 260
0 452
0 563
2 592
2 144
1 327
0 617
5 337
0 362
5952 5976
44 5976
38 5976
52 5976
45 5976
42 5976
64 5976
85 5976
35 5976
8 1075
1 379
23 661
0 162
1 2517
0 431
2 100
0 1386
2 850
0 511
1 405
1 1102
0 1102
0 370
1 196
1 361
13 841
6 698
0 124
0 290
206 218
0 439
6 229
0 349
0 89
0 360
7 333
9 333
1 526
0 122
0 412
1 196
0 874
0 247
0 896
1 338
2 338
0 142
39 1779
1774 1779
7 1779
1704 1779
0 1238
817 876
42 1853
17 1853
3 1853
0 592
0 564
0 173
2 1539
0 158
0 812
7 584
0 328
4 262
1 816
0 99
11 796
1 404
2 146
0 345
9 464
3 228
2 274
868 919
1 502
0 1110
2 122
13 446
5 518
0 141
0 585
1 561
1 2808
0 1357
41 1416
1 204
1 100
15 563
0 564
0 473
3 1110
0 339
313 327
0 308
5 295
0 587
1 777
3 558
0 149
11 209
0 279
0 962
0 3095
7 3095
4 3095
11 1617
3 1617
9 1617
1 1617
0 318
2 327
3 1767
10 1767
9 1767
1 1767
5 240
2 1071
0 522
0 1618
1 465
0 465
1 465
