2 384
6 375
3 392
0 576
2 576
9 776
6 776
441 511
5 2287
2 2287
3 745
0 745
20 914
0 338
9 448
2 691
1 691
0 183
6 914
15 1155
37 1155
1057 1155
1 1155
2 1155
1 1370
1 1623
54 7389
131 7389
246 7389
5 7389
7 7389
120 7389
134 7389
17 7389
136 7389
92 7389
532 7389
3 2339
2 615
35 1288
2 176
15 1265
31 1265
7 1265
9 150
0 79
2 1983
3 1983
4 1983
132 1983
7 269
3 397
45 1208
26 1208
27 1208
26 1474
8 240
4 448
1 558
1 1113
0 1113
0 79
3 305
10 400
0 388
6 590
1 1483
4 152
142 152
0 796
1523 1536
0 805
0 276
21 328
0 1267
4 1267
23 1267
11 1267
12 1267
4 522
0 198
1 1013
0 1013
5 152
0 1303
2 1008
0 1008
2 327
0 562
7 737
8 737
240 264
158 175
0 44
0 89
3 1913
1 1913
3 1539
4 973
3 855
0 301
11 7645
201 7645
16 7645
4 7645
14 7645
179 7645
125 7645
27 7645
49 7645
13 7645
18 7645
7 7645
43 7645
2 7645
5 7645
1 7645
15 7645
12 7645
104 7645
10 7645
324 9306
36 9306
10 9306
181 9306
30 9306
302 9306
2 9306
110 9306
5 9306
162 9306
3 9306
40 9306
12 9306
284 9306
7 9306
329 9306
350 9306
34 9306
26 3760
205 3760
150 3760
38 3760
62 3760
54 3760
49 3760
70 3760
2 689
11 295
37 1454
11 1454
7 1454
8 1454
1 626
0 203
0 405
0 794
2 794
1 844
622 657
0 1110
8 150
3 1071
0 812
0 812
0 422
4 896
2 395
8 2339
0 135
4 324
1 721
70 79
0 204
0 811
1 368
0 380
0 380
3 384
8 152
0 98
67 68
2 446
1 777
2 777
0 884
883 884
0 1514
20 876
328 348
0 169
4 663
3 663
2 303
5 240
0 441
2 1474
0 733
2 1077
0 404
0 973
0 138
15 1618
11 567
785 876
1 176
0 2150
4 2150
17 876
2 311
6 1597
2 1597
5 1597
1 1597
2 618
0 98
0 184
10 776
3 776
1 497
5 57
3 392
12 670
8 670
3 392
23 511
2 247
0 876
1 344
3 965
25 1539
0 509
3 215
5 176
4 215
3 215
3 1386
1 283
0 764
0 465
0 792
4 10782
22 10782
3 10782
6 10782
83 10782
34 10782
43 10782
203 10782
63 10782
46 10782
41 10782
204 10782
18 10782
88 10782
55 10782
13 10782
64 10782
35 10782
85 10782
7 10782
50 10782
14 10782
26 10782
11 10782
41 10782
113 10782
1 224
684 767
3 144
62 540
4 2510
0 2510
244 269
2 269
0 1269
1 1269
2 919
0 782
9 448
0 931
1 931
1 247
0 89
22 2038
1 2038
0 2038
1 446
9 737
5 1898
4 1898
5 584
5 1360
5 2257
3 2257
1 1695
28 2339
11 1072
1 746
1 746
4 2150
13 2150
29 3410
5 3410
17 3410
2 746
1 2150
17 2150
10 764
2 746
0 456
13 590
10 2449
57 2449
24 191
29 777
10 266
1 1027
10 976
871 976
23 3000
22 3000
16 3000
32 3000
24 3000
5 3000
0 202
0 456
6 777
2 381
0 295
3 186
19 441
0 94
57 68
1 287
5 240
8 142
2 240
2 655
0 1197
6 2831
5 2831
3 2831
1 2831
1 1331
3 4210
63 4210
60 4210
24 4210
138 4210
53 4210
21 4210
1 4210
22 4210
112 4210
201 4210
0 20
2 209
0 677
5 677
1 1547
10 1547
4 888
28 888
0 344
1 413
6 1012
4 1012
11 1012
1 269
0 467
4 504
17 1110
0 585
5 2128
0 2128
9 2128
1 960
1 1483
7 1536
6 1536
0 1110
2 1069
3 1069
4 1069
1 1014
99 811
1 1110
2 423
0 93
180 183
0 384
3 724
10 2375
0 2375
1 2375
0 178
13 788
2 788
7 788
5 788
18 788
0 788
1 788
10 788
3 788
1 203
19 226
0 4949
2 4949
5 4949
36 4949
90 4949
7 4949
56 4949
0 120
41 2150
1 2150
12 2150
0 653
4 689
3 2955
1 2955
85 2955
5 2955
13 2955
2 2955
148 2955
1 1695
0 439
0 439
7 225
2 2163
3 2163
194 13875
50 13875
5 13875
41 13875
32 13875
103 13875
19 13875
7 13875
466 13875
14 13875
13127 13875
56 13875
100 13875
77 13875
9 2339
2 222
0 150
2 1164
5 1164
20 1164
0 2347
1 2347
3 2347
2 2347
0 633
0 384
19 3126
21 3126
45 3126
6 3126
3 3126
12 3126
15 3126
2 1078
1 1078
0 1078
239 267
3 1926
479 526
3 812
7 858
7 5657
4 5657
13 5657
10 5657
9 5657
3 5657
113 5657
54 5657
32 1042
8 423
0 218
1 172
16 1307
957 1021
4 384
0 400
5 240
3 247
1 176
0 247
1 124
1 618
0 247
3 1708
2 1708
1 1708
0 1708
0 762
1 762
3 152
10 371
2 264
2 442
0 442
9 389
44 5642
8 5642
1 5642
319 5642
156 5642
48 5642
16 5642
2 416
5 223
2 86
6 543
8 1403
5 1403
0 679
1 2517
0 87
1 689
1 336
0 89
0 153
10 1403
5 1963
12 1963
9 2002
10 2002
2 2002
6 147
5 147
3 163
235 264
0 1539
223 264
5 590
0 181
15 241
0 465
755 764
637 764
8 764
7 295
0 1652
1 1652
0 1967
2 86
0 1110
2 1183
0 1183
3 1183
0 876
0 389
3 1124
1 1124
1 1014
0 961
3 961
1 961
0 526
0 359
62 1130
0 257
3 1386
2 842
25 1042
0 257
2 2403
37 2403
13 2403
0 106
5 375
7 617
4 270
17 270
7 340
2 327
0 380
4 518
0 587
7 587
0 384
0 424
4 264
627 699
1 1317
3 1317
10 1317
10 120
3 594
0 538
0 603
0 1130
1 344
3 240
0 1241
0 122
8 855
7 1898
4 1898
7 1898
4 1898
6 384
13 17
18 914
0 777
7 163
13 4713
17 4713
2 4713
4300 4713
4 4713
12 4713
0 44
3 2150
4 2150
1 2150
0 2150
10 402
243 266
2 781
1 781
0 781
7 781
20 664
1 689
0 874
0 796
0 796
95 1464
2 1464
13 1464
0 548
3 382
10 233
2 663
1 257
20 506
13 1012
2 257
0 626
0 371
769 782
40 3816
6 3816
0 3816
2 3816
1 3816
26 3816
7 3816
4 340
2 1347
7 1347
0 149
1 554
0 364
4 364
271 295
3 435
7 695
2 1247
1 1247
6 423
4 914
0 265
8 631
6 631
3 186
1 518
165 171
33 511
2 431
0 2308
2 2308
1 2303
12 2303
11 145
7 145
4 145
0 467
5 518
1 405
17 318
11 423
4 324
30 389
1 8726
4 8726
173 8726
13 8726
151 8726
6 8726
346 8726
26 8726
60 8726
81 8726
0 8726
34 8726
132 8726
0 422
1 108
0 456
0 1036
1 1036
12 391
1 344
0 679
2 154
368 397
8 3066
7 3066
27 3066
5 1214
8 1214
29 1595
55 1595
12 764
0 457
0 368
0 376
3 209
0 209
1 1191
0 1191
31 592
14 378
3 141
0 389
2 446
1 264
0 526
17 1110
1022 12734
73 12734
11807 12734
547 12734
115 12734
156 12734
11838 12734
87 12734
64 12734
157 12734
28 12734
7 12734
68 12734
25 12734
84 12734
167 12734
34 12734
218 12734
3 203
1 89
0 653
7 295
0 841
0 441
379 384
0 876
83 1264
1188 1264
1263 1264
1 404
0 1483
0 1110
5 590
4 590
224 264
0 107
2 1386
0 148
0 89
5 842
36 461
0 669
1 669
8 737
648 699
7 423
7 737
0 107
0 107
0 148
0 473
17 2629
88 2629
4 2629
9 2629
2 384
2 1589
1 1589
0 1589
1 113
0 2696
1 2696
4 2696
0 774
31 664
73 987
7 987
11 987
5 4344
0 4344
19 4344
72 4344
4 4344
3 4344
2 4344
2 222
0 626
9 1376
5 1376
1 1376
6 1376
2 558
2 680
4 680
7 234
1 177
1 177
5 384
394 441
21 441
1 376
2 1511
0 1511
0 522
6 522
1 169
2 737
28 664
5 479
0 2238
4 2238
23 2238
5 2238
25 1074
8 737
0 762
1 2517
722 788
10 2300
3 2300
0 762
0 618
0 183
19 270
8 558
0 252
11 295
14 1913
1692 1913
5 656
6 656
8 656
4 240
1 423
4 764
1 373
14 446
1 357
7 423
0 632
3 590
0 562
17 456
0 9
293 587
0 562
12 1014
0 774
0 404
0 567
0 1407
0 594
1 690
0 690
2 250
1 127
6 295
4 2725
2 2725
1 2725
0 2725
5 2725
1 442
0 442
3 518
1 508
0 269
3 269
0 38
5 6094
3 6094
1 6094
4 6094
16 6094
1 1370
17 2737
15 2737
65 1409
4 526
3 465
1 339
1 960
0 960
12 382
1 295
0 404
0 431
1 1536
1 615
0 844
0 308
0 504
2 560
1 730
0 730
0 764
1 1701
9 240
3 283
5 596
1 392
1 2339
0 2339
0 303
0 461
44 563
17 438
1 122
1 980
0 980
2 845
0 665
6 378
1 352
1 889
11 889
0 189
0 431
0 751
7 526
16 1955
13 1955
18 1955
10 1955
4 1955
14 1955
9 9453
437 9453
6 9453
22 9453
20 9453
3 9453
11 9453
2 9453
13 9453
10 9453
24 9453
7 9453
8 9453
4 9453
5 9453
11 3604
58 3604
5 3604
3537 3604
2 3604
2 2982
17 2982
26 2982
4 2982
7 2982
1 1152
0 499
0 181
1 181
241 249
14 613
5 395
0 575
1 122
0 1114
2 1114
258 283
278 283
0 241
48 55
568 655
1 1887
4 1887
3 1887
78 7512
10 7512
48 7512
215 7512
112 7512
2 7512
5 7512
171 7512
203 7512
181 7512
25 7512
15 7512
18 7512
413 7512
61 7512
9 328
0 623
0 106
7 82
2 305
0 196
4 151
9 439
3 328
6 2031
1 4370
0 4370
5 4370
3 4370
8 4370
9 4370
4 4370
2 4370
0 340
0 360
0 269
0 413
1 887
1 187
0 187
2 534
3 1539
1 726
5 257
1 202
22 764
31 764
0 473
0 729
2 729
1 729
2 174
2 593
0 326
4 282
55 59
23 2849
17 2849
15 2849
2 2849
0 225
1 435
0 435
0 522
15 146
10 479
3 399
3 587
1 562
16 788
9 788
21 788
13 788
15 788
0 788
1 788
18 788
14 788
433 473
3 473
3 1528
0 1528
1 1904
4 1904
9 733
0 219
30 2417
187 2417
30 594
9 594
17 594
4 620
3 620
0 476
1 476
2 405
78 1695
2 91
0 91
0 1223
2 1223
3 1223
6 479
1 328
3 1879
5 1879
65 4834
19 4834
24 4834
13 4834
20 4834
11 4834
12 145
27 739
1 336
21 361
13 177
0 413
10 759
1 191
1 191
2 240
17 233
162 177
0 176
2 318
3 807
1 807
4 761
0 446
0 931
1 931
1 1074
2 812
19 287
14 764
3 1043
0 857
1 922
1 558
6 558
0 279
148 173
0 130
32 617
35 617
1 1707
7 1707
2 4275
0 4275
17 4275
3 4275
5 4275
0 1149
2 1149
4 1149
1 2971
4 2971
0 336
283 318
0 1026
1 92
0 92
0 311
0 161
0 774
6 127
0 379
0 400
0 428
7 381
1 562
0 497
1 393
1 279
0 323
5 395
1 223
0 362
450 509
0 2434
9 716
2 388
6 233
0 484
0 484
0 484
4 1075
8 1075
6 1075
8 1075
1 118
0 114
72 844
42 844
15 306
1 1742
2 1742
0 1742
16 441
0 655
618 764
0 509
3274 3737
4 3737
1 3737
0 3737
3 562
2117 2181
2 338
1 40
0 379
2 405
0 474
0 98
0 1143
5 368
666 699
0 343
9 126
1 1644
139 1644
0 767
3 767
708 767
0 20
5 310
0 354
1 61
1 297
29 727
5 395
0 1618
0 233
6 381
0 473
212 217
0 152
679 768
0 171
0 567
0 301
0 461
17 788
6 788
21 788
11 788
22 788
0 788
1 788
19 788
12 788
1 405
1 653
1 139
0 324
0 973
1 1386
0 633
19 664
0 1618
6 395
0 295
7 344
4 230
2042 2219
0 385
4 527
8 1926
14 1926
3 548
0 919
3 699
11 472
1 327
0 821
3 821
2 821
1 526
0 567
7 1012
6 1012
5 1012
3 562
12 739
0 266
5 227
0 241
11 635
12 391
0 177
0 407
3 435
12 535
6 527
8 371
11 371
0 240
0 57
248 297
5 262
1 361
26 1312
0 84
2 287
10 509
1 585
0 592
763 812
182 2339
1 290
0 948
1 948
1 448
971 973
1 360
20 389
55 1646
1 2101
2 2101
4 2101
12 2101
815 876
4 472
2 265
3 777
7 502
1 137
4 209
2 144
1 183
0 370
15 135
1 120
2 962
12 721
0 114
3 3218
4 1747
0 231
0 1110
0 153
1 290
2 397
322 325
4 319
4 382
15 5267
4 5267
2 5267
13 5267
21 5267
6 5267
31 5267
20 5267
3 5267
12 5267
0 5267
1 5267
18 5267
14 5267
0 1034
7 1034
0 2191
1 2191
0 247
0 247
1 1416
92 1027
0 319
0 1042
0 384
0 163
1 127
1 484
0 900
0 544
0 265
0 368
0 930
0 2416
3 2416
2 2416
12 919
1 407
0 382
0 247
0 233
1 1183
0 1183
2 1183
1 1185
0 382
1 340
2 3763
0 3763
1 177
2 477
0 141
0 242
0 295
1 295
2 395
609 615
0 308
0 1695
20 511
0 227
0 257
9 2339
0 395
1 359
7 761
2 257
0 176
2 336
0 195
1 365
3 240
1 230
3 196
6 338
6 1116
88 1116
0 1124
0 300
8 1623
41 906
0 57
0 188
0 1057
0 233
0 721
7 318
2 735
633 699
0 446
0 310
0 165
2 465
2 1130
671 679
1 392
332 348
6 1898
1 1898
0 472
13 950
9 950
1 950
7 191
0 1695
0 324
0 282
0 861
2 1695
13 360
1 960
0 388
0 1701
1 453
0 453
0 247
1 461
10 295
1 1042
2 549
278 319
1 1110
2 2517
1 866
0 866
2 141
2 387
41 48
0 1791
4 1791
16 511
3 275
7 286
0 423
1 191
940 950
17 509
0 861
0 364
3 364
0 378
1 3651
0 364
3 364
0 298
1 679
1 654
1 177
573 605
6 392
1 392
0 569
0 43
0 414
1 272
3 327
2 2050
0 2050
1 2050
1 617
0 927
5 1268
1 1268
4 1268
4 1413
5 157
7 317
39 790
747 790
0 812
1 1077
9 584
3 562
4 1360
4 1695
14 405
8 587
4 127
1 1592
2 1592
0 1719
2 1719
1 1719
1 548
0 548
2 195
1 352
0 1043
65 2703
22 2703
72 2703
24 2703
7 1165
13 395
1 1323
0 1323
3 1323
6 1323
2 1323
0 118
0 165
1 663
19 451
14 1536
3 1526
2 1526
7 1526
0 116
32 327
2 587
4 139
0 325
3 1288
0 116
198 240
0 217
654 712
2 1386
46 2339
2 2517
11 381
269 284
0 183
2 295
0 2517
4 2339
4 465
0 247
1 2517
0 55
2 281
4 247
5 1360
2 461
10 3761
0 590
0 594
1 378
5 1539
0 108
36 4338
1376 1552
3 152
0 646
1 306
16 657
3 657
10 1042
414 421
1 1042
4 222
1 1034
0 270
0 1104
0 486
0 502
1 57
749 816
0 2365
2 1074
0 187
1 2236
2 2236
3 2236
0 2236
3 405
7 1110
2 497
5 222
0 120
0 151
0 1392
0 230
72 86
2 78
115 2339
0 9
1 1021
0 318
1 308
1 279
0 762
2 88
2 721
0 1027
2 500
0 89
1 86
16 159
15 733
9 725
0 276
1 497
6 1130
0 456
0 654
0 777
0 53
0 340
468 475
1 142
0 694
0 41
0 90
20 588
17 588
3 588
2 214
0 67
1 588
1 327
1 342
0 588
10 193
1 161
1 90
3 588
6 41
14 322
2 718
1 142
14 567
3 588
2 113
0 120
3 588
4 567
8 588
8 588
3 483
7 588
1 218
25 588
6 282
6 282
19 588
9 218
3 327
23 24
0 274
8 274
1 214
1 142
3 90
87 90
1 228
7 567
0 229
32 567
3 343
205 228
1 327
0 43
7 386
22 694
8 228
1 475
3 588
33 475
10 946
0 475
0 567
5 457
2 327
1 483
6 343
0 116
0 475
1 228
0 342
24 327
18 560
211 229
0 99
3 588
40 43
6 43
0 168
2 141
0 483
0 16
9 588
1 386
19 334
1 588
2 588
2 588
1 588
0 90
12 588
0 271
565 588
328 386
0 67
533 560
17 342
1 454
0 588
2 588
0 211
17 694
614 694
10 228
22 327
559 588
4 752
0 53
0 229
12 588
6 41
0 374
0 334
0 588
10 475
8 110
0 229
0 58
13 588
1 142
138 153
2 334
2 116
4 118
565 588
7 386
3 327
2 142
9 228
141 156
2 588
4 588
1 327
4 343
8 153
51 475
0 588
0 99
0 588
4 588
543 574
0 694
1 90
18 694
0 56
28 560
5 342
9 322
0 752
563 588
292 327
1 193
6 454
0 342
0 67
0 327
8 588
0 229
0 342
0 67
19 2673
0 211
4 483
0 327
6 228
4 33
2 962
1 1539
0 125
0 120
2 80
0 816
0 554
1 176
2 406
0 66
0 473
0 977
0 844
0 290
9 502
2 88
2 275
1 147
5 515
0 1205
2 1403
0 1695
15 605
3 605
8 1347
2 1347
17 1516
0 295
0 473
0 59
2 1021
746 788
6 228
0 1110
0 88
0 768
1 476
0 337
0 340
53 1695
4 127
0 308
2 378
0 241
0 452
0 284
1 1900
0 1900
2 3101
0 3101
0 6
1 218
9 664
0 158
0 423
0 951
6 951
0 623
0 399
3 1577
0 278
1 214
5 2150
0 2150
0 145
0 404
0 1074
1 336
0 362
4 594
0 216
0 439
0 527
3 1386
0 639
26 762
0 625
1 625
0 725
0 395
0 1036
2 1042
1 393
2 1539
1 368
2 1539
103 117
18 632
3 1042
0 518
0 567
1 452
3 1071
0 347
0 303
0 120
25 270
13 2237
12 2237
1 2237
0 2237
2 2237
0 233
1532 1552
0 409
0 1230
2 1230
3 853
0 400
0 126
0 446
11 857
0 973
1 274
0 274
0 3390
35 3390
7 3390
2 3390
0 584
9 890
1 626
3 216
0 1346
0 247
11 287
66 79
0 196
18 191
425 7353
13 7353
79 7353
833 7353
253 7353
32 7353
284 7353
20 7353
65 7353
449 7353
28 7353
231 7353
21 7353
490 7353
6 7353
5 7353
0 141
2 2466
1 2466
3 2466
0 2466
0 1456
111 10604
291 10604
106 10604
45 10604
477 10604
73 10604
90 10604
28 10604
176 10604
139 10604
22 10604
122 10604
55 10604
26 10604
85 10604
40 10604
9 1655
5 1655
0 407
2 1162
9 1162
1 1162
3 1162
1 479
564 623
0 87
0 564
29 391
0 295
0 590
0 508
51 1695
1 47
22 788
12 788
33 788
15 788
25 788
0 788
1 788
13 788
9 788
1 230
0 739
0 436
2 1695
0 247
0 626
46 567
4 115
2 48
0 344
6 684
624 764
1 582
18 1072
8 1862
1 1862
2 369
14 876
1 625
0 233
3 937
0 937
9 937
0 230
1 421
0 272
0 218
3 812
44 826
0 919
0 887
1 1072
110 2339
1 958
2 958
1 1623
1 141
0 792
3 811
1 2330
0 2330
1 247
3 974
112 120
0 182
2 423
0 1967
0 30
2 384
9 549
6 1153
0 497
4 188
1 498
3 157
1 157
3 2339
10 950
1 57
0 135
0 473
0 962
6 448
0 163
0 414
3 1161
0 1161
2 1161
0 117
84 96
1 1403
0 1346
1 139
31 1110
0 473
1 318
0 318
1 700
0 162
0 1967
2 1539
0 1539
0 106
5 5662
4 5662
3 5662
2 5662
0 5662
4 1536
10 1536
4 625
10 2565
5 2565
8 2565
2 2565
11 2565
12 2565
1646 1747
5 384
169 183
8 1249
5 1249
0 87
0 812
2 746
7 2128
0 2128
5 2128
0 473
0 67
1 124
6 178
0 764
1 379
2 2396
0 2396
1 2396
19 890
6 890
9 890
0 38
1 2407
2 2407
6 2407
7 2407
0 735
3 581
0 581
0 385
2 385
0 615
1 139
0 641
10 448
2 1064
0 1064
3 2225
0 89
0 941
0 89
0 1419
7 452
2 80
3 554
0 89
1 1294
10 1294
350 381
47 1948
29 1948
6 1948
0 1948
9 962
0 448
0 352
0 137
0 594
5 1708
0 1708
1 287
0 25
0 816
0 626
0 90
23 2339
0 1536
0 233
6 69
2 319
1 796
0 446
0 527
0 142
0 369
0 153
1 590
0 385
29 413
0 446
1 2395
0 2395
0 404
295 592
5 2163
3 2163
7 2163
1 55
37 191
0 2423
5 2423
1 2423
1 344
0 196
0 452
56 1403
1 1205
0 1205
4 1014
2 294
7 448
75 86
0 395
3 844
0 844
0 303
0 1360
0 812
0 107
0 562
1 479
6 467
7 1733
17 1733
18 1733
1 80
0 739
0 446
215 247
0 389
0 733
2 215
4 295
1 431
0 175
2 130
0 187
1 135
0 284
4 371
3 330
2 1724
0 1724
1 1724
2 549
15 919
30 1139
1 896
0 896
0 437
0 103
0 264
1 261
0 264
0 648
7 1577
0 1501
2 1501
1 1501
47 617
2 1618
0 285
4 504
0 115
47 48
0 247
1 737
0 223
0 509
0 311
36 594
2 477
0 345
0 733
4 789
2 789
0 605
0 1747
0 347
8 1511
4 1511
0 362
6 147
0 307
11 139
7 139
0 382
72 1766
21 788
2 788
9 788
6 788
24 788
0 788
1 788
15 788
3 788
0 694
1 694
290 307
1 174
2 371
1 1077
0 537
5 178
0 103
0 290
4 3159
2 3159
1 3159
3 1331
46 50
0 716
1 508
21 1909
12 1909
26 1909
0 1618
5 1618
0 384
0 384
0 102
0 94
0 585
0 474
518 535
0 261
2 295
1 169
1 148
2 183
3 876
1 733
7 1787
5 1787
4 1787
9 617
0 1553
1 1553
2 504
0 343
1 632
0 127
5 504
82 1083
2 65
1 1144
0 178
1 172
2 240
5 431
16 919
0 498
0 1618
1458 1475
9 368
2 26
20 1965
6 1965
3 1965
0 1965
4 1965
2 1965
1 125
0 175
2 55
1 379
0 229
0 229
0 230
1 1042
0 344
0 323
2 746
19 876
3 479
10 406
2 504
154 171
13 575
7 764
4 1913
1 1913
0 1057
1 269
0 173
7 344
0 772
0 242
3 1695
3 1695
2 382
4 764
0 175
0 94
0 811
0 394
0 1287
0 176
15 139
0 310
0 360
1 230
0 811
1 381
0 1129
9 1129
10 1129
0 638
0 1071
28 1410
16 1410
20 1410
0 811
0 497
29 37
0 285
5 305
2 256
0 360
8 233
1 623
0 1061
1 260
0 452
0 563
1 592
2 144
1 327
0 617
5 337
0 362
5927 5976
38 5976
27 5976
68 5976
29 5976
39 5976
66 5976
85 5976
23 5976
8 1075
1 379
35 661
0 162
1 2517
0 431
2 100
0 1386
2 850
0 511
1 405
1 1102
0 1102
0 370
2 196
1 361
21 841
5 698
0 124
0 290
205 218
0 439
6 229
0 349
0 89
0 360
6 333
4 333
0 526
0 122
0 412
1 196
0 874
0 247
0 896
1 338
2 338
0 142
39 1779
1774 1779
7 1779
1704 1779
0 1238
807 876
41 1853
32 1853
9 1853
0 592
0 564
0 173
1 1539
0 158
0 812
7 584
0 328
3 262
1 816
0 99
5 796
1 404
2 146
0 345
7 464
2 228
2 274
851 919
1 502
0 1110
2 122
10 446
3 518
0 141
0 585
2 561
1 2808
0 1357
27 1416
1 204
0 100
512 563
0 564
0 473
3 1110
0 339
313 327
0 308
5 295
0 587
1 777
2 558
0 149
11 209
0 279
0 962
0 3095
6 3095
2 3095
12 1617
2 1617
10 1617
1 1617
0 318
2 327
2 1767
10 1767
7 1767
1 1767
4 240
2 1071
0 522
0 1618
1 465
0 465
1 465
