5 384
4 375
15 392
0 576
2 576
37 776
24 776
11 511
18 2287
3 2287
2 745
4 745
8 914
6 338
4 448
1 691
0 691
0 183
15 914
10 1155
36 1155
577 1155
5 1155
11 1155
3 1370
17 1623
2 7389
99 7389
4 7389
15 7389
9 7389
17 7389
24 7389
12 7389
1 7389
8 7389
149 7389
2 2339
4 615
22 1288
4 176
19 1265
3 1265
23 1265
6 150
3 79
0 1983
1 1983
8 1983
5 1983
2 269
14 397
7 1208
2 1208
11 1208
7 1474
11 240
4 448
2 558
1 1113
0 1113
1 79
5 305
8 400
6 388
14 590
0 1483
6 152
2 152
0 796
767 1536
0 805
7 276
14 328
1 1267
2 1267
16 1267
23 1267
0 1267
13 522
2 198
2 1013
2 1013
4 152
0 1303
1 1008
6 1008
4 327
4 562
10 737
8 737
6 264
6 175
0 44
0 89
6 1913
5 1913
8 1539
23 973
21 855
2 301
29 7645
20 7645
1 7645
16 7645
98 7645
6 7645
9 7645
5 7645
7 7645
51 7645
37 7645
4 7645
27 7645
8 7645
21 7645
14 7645
31 7645
23 7645
76 7645
22 7645
699 9306
3 9306
57 9306
20 9306
4 9306
126 9306
0 9306
10 9306
5 9306
680 9306
33 9306
1 9306
68 9306
188 9306
2 9306
116 9306
70 9306
28 9306
28 3760
79 3760
4 3760
1 3760
180 3760
20 3760
26 3760
55 3760
11 689
5 295
17 1454
0 1454
5 1454
11 1454
2 626
0 203
0 405
2 794
1 794
1 844
328 657
1 1110
4 150
0 1071
0 812
0 812
0 422
13 896
6 395
4 2339
0 135
7 324
4 721
6 79
3 204
1 811
1 368
0 380
0 380
1 384
9 152
4 98
9 68
2 446
1 777
2 777
3 884
17 884
3 1514
19 876
2 348
0 169
2 663
0 663
11 303
10 240
0 441
7 1474
0 733
6 1077
1 404
0 973
1 138
19 1618
3 567
17 876
1 176
0 2150
50 2150
16 876
15 311
3 1597
7 1597
1 1597
27 1597
20 618
0 98
0 184
14 776
12 776
2 497
4 57
16 392
0 670
2 670
16 392
0 511
6 247
0 876
9 344
8 965
39 1539
0 509
4 215
12 176
4 215
4 215
27 1386
1 283
3 764
0 465
0 792
14 10782
6 10782
11 10782
10 10782
5 10782
61 10782
29 10782
51 10782
36 10782
52 10782
62 10782
681 10782
3 10782
25 10782
18 10782
4 10782
9 10782
13 10782
85 10782
23 10782
8 10782
16 10782
39 10782
0 10782
62 10782
49 10782
0 224
15 767
10 144
49 540
0 2510
1 2510
134 269
5 269
0 1269
1 1269
3 919
1 782
4 448
1 931
0 931
1 247
4 89
5 2038
0 2038
1 2038
0 446
15 737
1 1898
0 1898
19 584
21 1360
1 2257
3 2257
1 1695
9 2339
8 1072
2 746
4 746
1 2150
8 2150
11 3410
1 3410
15 3410
4 746
1 2150
16 2150
11 764
5 746
0 456
3 590
40 2449
43 2449
26 191
0 777
3 266
6 1027
10 976
17 976
20 3000
5 3000
7 3000
146 3000
9 3000
12 3000
3 202
1 456
9 777
4 381
0 295
1 186
220 441
1 94
33 68
0 287
9 240
70 142
11 240
8 655
3 1197
8 2831
6 2831
4 2831
1 2831
8 1331
0 4210
1 4210
83 4210
3 4210
11 4210
33 4210
32 4210
6 4210
2 4210
12 4210
247 4210
2 20
3 209
0 677
1 677
1 1547
2 1547
0 888
1 888
0 344
5 413
14 1012
1 1012
22 1012
0 269
12 467
4 504
554 1110
1 585
1 2128
8 2128
3 2128
9 960
3 1483
24 1536
9 1536
10 1110
2 1069
1 1069
0 1069
1 1014
36 811
7 1110
1 423
0 93
5 183
2 384
1 724
2 2375
0 2375
7 2375
1 178
10 788
3 788
6 788
4 788
11 788
0 788
1 788
11 788
5 788
0 203
17 226
0 4949
5 4949
2 4949
19 4949
14 4949
18 4949
15 4949
0 120
65 2150
0 2150
3 2150
0 653
12 689
19 2955
5 2955
12 2955
8 2955
18 2955
0 2955
6 2955
4 1695
0 439
0 439
11 225
1 2163
3 2163
12 13875
18 13875
9 13875
20 13875
15 13875
79 13875
0 13875
1 13875
2 13875
7 13875
6937 13875
10 13875
154 13875
19 13875
30 2339
3 222
4 150
3 1164
6 1164
4 1164
0 2347
1 2347
2 2347
3 2347
0 633
0 384
19 3126
14 3126
16 3126
6 3126
7 3126
17 3126
10 3126
2 1078
0 1078
3 1078
3 267
1 1926
262 526
3 812
12 858
15 5657
14 5657
22 5657
5 5657
0 5657
1 5657
20 5657
148 5657
14 1042
2 423
5 218
85 172
20 1307
72 1021
6 384
4 400
11 240
6 247
1 176
1 247
3 124
20 618
5 247
0 1708
16 1708
12 1708
1 1708
4 762
1 762
2 152
4 371
5 264
1 442
0 442
0 389
18 5642
10 5642
87 5642
153 5642
21 5642
17 5642
54 5642
2 416
11 223
3 86
22 543
16 1403
15 1403
13 679
1 2517
0 87
22 689
10 336
4 89
4 153
34 1403
5 1963
17 1963
2 2002
16 2002
3 2002
11 147
1 147
4 163
131 264
2 1539
131 264
16 590
0 181
120 241
1 465
56 764
61 764
11 764
9 295
0 1652
2 1652
1 1967
0 86
0 1110
4 1183
1 1183
2 1183
0 876
0 389
1 1124
0 1124
11 1014
0 961
2 961
5 961
0 526
1 359
26 1130
1 257
27 1386
16 842
520 1042
0 257
1 2403
80 2403
18 2403
0 106
7 375
11 617
0 270
27 270
9 340
4 327
0 380
3 518
1 587
0 587
0 384
0 424
5 264
19 699
15 1317
8 1317
1 1317
7 120
8 594
0 538
0 603
6 1130
3 344
11 240
1 1241
2 122
23 855
1 1898
2 1898
1 1898
0 1898
19 384
8 17
20 914
0 777
6 163
4 4713
6 4713
1 4713
403 4713
0 4713
9 4713
1 44
0 2150
8 2150
2 2150
3 2150
9 402
132 266
0 781
3 781
1 781
2 781
22 664
17 689
6 874
1 796
9 796
62 1464
5 1464
35 1464
0 548
7 382
116 233
2 663
8 257
252 506
6 1012
5 257
1 626
2 371
390 782
7 3816
2 3816
0 3816
1 3816
3 3816
15 3816
11 3816
1 340
1 1347
0 1347
1 149
5 554
0 364
4 364
147 295
217 435
3 695
3 1247
0 1247
3 423
5 914
0 265
1 631
0 631
3 186
0 518
85 171
255 511
24 431
0 2308
1 2308
1 2303
23 2303
2 145
1 145
5 145
12 467
17 518
1 405
8 318
8 423
7 324
6 389
15 8726
5 8726
84 8726
19 8726
234 8726
45 8726
366 8726
71 8726
42 8726
0 8726
3 8726
49 8726
36 8726
0 422
3 108
0 456
0 1036
1 1036
18 391
0 344
2 679
2 154
198 397
33 3066
1 3066
52 3066
2 1214
10 1214
37 1595
63 1595
29 764
0 457
0 368
0 376
4 209
3 209
1 1191
0 1191
1 592
9 378
70 141
0 389
4 446
4 264
4 526
8 1110
6366 12734
34 12734
4 12734
14 12734
51 12734
183 12734
6366 12734
59 12734
15 12734
635 12734
98 12734
98 12734
108 12734
124 12734
134 12734
662 12734
101 12734
117 12734
3 203
6 89
0 653
11 295
0 841
0 441
7 384
0 876
32 1264
631 1264
45 1264
1 404
0 1483
0 1110
20 590
13 590
6 264
0 107
14 1386
0 148
4 89
10 842
34 461
0 669
4 669
11 737
31 699
2 423
9 737
0 107
0 107
0 148
0 473
5 2629
1 2629
65 2629
16 2629
9 384
2 1589
1 1589
0 1589
4 113
0 2696
1 2696
2 2696
0 774
34 664
493 987
1 987
2 987
19 4344
9 4344
7 4344
12 4344
3 4344
5 4344
10 4344
3 222
19 626
29 1376
13 1376
18 1376
26 1376
0 558
8 680
0 680
4 234
1 177
3 177
14 384
10 441
30 441
3 376
0 1511
2 1511
7 522
1 522
0 169
17 737
34 664
11 479
2 2238
6 2238
1 2238
8 2238
18 1074
13 737
2 762
56 2517
393 788
4 2300
6 2300
4 762
2 618
0 183
27 270
11 558
5 252
14 295
15 1913
14 1913
18 656
6 656
7 656
12 240
1 423
381 764
13 373
0 446
3 357
7 423
0 632
5 590
4 562
16 456
0 9
293 587
5 562
7 1014
0 774
0 404
0 567
2 1407
1 594
1 690
0 690
0 250
1 127
23 295
3 2725
4 2725
2 2725
1 2725
0 2725
2 442
0 442
3 518
0 508
0 269
1 269
0 38
0 6094
2 6094
3 6094
1 6094
5 6094
4 1370
40 2737
2 2737
12 1409
262 526
18 465
3 339
3 960
0 960
17 382
1 295
0 404
0 431
1 1536
5 615
0 844
0 308
7 504
0 560
0 730
1 730
0 764
0 1701
11 240
141 283
11 596
22 392
2 2339
3 2339
0 303
0 461
23 563
19 438
0 122
0 980
1 980
21 845
2 665
5 378
1 352
7 889
4 889
0 189
0 431
0 751
262 526
3 1955
7 1955
1 1955
14 1955
2 1955
4 1955
31 9453
90 9453
39 9453
1 9453
7 9453
109 9453
5 9453
17 9453
4 9453
23 9453
59 9453
22 9453
24 9453
46 9453
14 9453
1 3604
30 3604
33 3604
1801 3604
29 3604
1 2982
11 2982
2 2982
5 2982
10 2982
2 1152
1 499
0 181
1 181
124 249
17 613
12 395
2 575
0 122
16 1114
0 1114
141 283
141 283
0 241
27 55
9 655
2 1887
1 1887
3 1887
6 7512
13 7512
17 7512
9 7512
3 7512
20 7512
10 7512
352 7512
78 7512
503 7512
90 7512
22 7512
49 7512
7 7512
421 7512
4 328
1 623
1 106
0 82
1 305
7 196
75 151
13 439
2 328
15 2031
1 4370
3 4370
5 4370
4 4370
0 4370
7 4370
6 4370
2 4370
0 340
0 360
2 269
0 413
13 887
0 187
1 187
3 534
6 1539
4 726
128 257
4 202
0 764
2 764
0 473
1 729
2 729
3 729
1 174
296 593
1 326
5 282
29 59
39 2849
19 2849
1 2849
23 2849
2 225
217 435
1 435
0 522
8 146
2 479
7 399
0 587
5 562
393 788
1 788
393 788
393 788
393 788
2 788
2 788
393 788
393 788
2 473
4 473
7 1528
1 1528
24 1904
20 1904
3 733
3 219
62 2417
49 2417
25 594
17 594
26 594
1 620
0 620
0 476
3 476
0 405
4 1695
1 91
3 91
2 1223
1 1223
3 1223
11 479
2 328
5 1879
2 1879
82 4834
8 4834
42 4834
0 4834
20 4834
38 4834
1 145
33 739
11 336
12 361
9 177
6 413
379 759
2 191
2 191
5 240
6 233
3 177
0 176
5 318
1 807
0 807
0 761
3 446
1 931
0 931
2 1074
9 812
143 287
17 764
3 1043
0 857
1 922
4 558
8 558
4 279
86 173
8 130
0 617
1 617
2 1707
3 1707
11 4275
0 4275
3 4275
1 4275
8 4275
1 1149
0 1149
2 1149
3 2971
2 2971
11 336
2 318
0 1026
1 92
0 92
0 311
1 161
4 774
11 127
4 379
0 400
3 428
10 381
5 562
4 497
7 393
5 279
7 323
6 395
4 223
0 362
15 509
0 2434
9 716
7 388
20 233
0 484
2 484
4 484
2 1075
20 1075
20 1075
20 1075
58 118
0 114
33 844
30 844
2 306
1 1742
2 1742
0 1742
11 441
2 655
11 764
5 509
1868 3737
1 3737
2 3737
0 3737
11 562
1090 2181
3 338
3 40
3 379
4 405
2 474
2 98
1 1143
183 368
36 699
2 343
11 126
9 1644
29 1644
1 767
5 767
383 767
9 20
154 310
4 354
4 61
3 297
363 727
11 395
10 1618
3 233
190 381
1 473
108 217
1 152
383 768
0 171
0 567
0 301
0 461
393 788
3 788
393 788
393 788
393 788
2 788
2 788
393 788
393 788
1 405
3 653
3 139
1 324
0 973
9 1386
0 633
21 664
40 1618
15 395
0 295
171 344
6 230
1109 2219
0 385
10 527
18 1926
24 1926
3 548
0 919
1 699
3 472
4 327
0 821
2 821
3 821
1 526
3 567
14 1012
14 1012
14 1012
11 562
25 739
2 266
113 227
0 241
13 635
2 391
5 177
5 407
9 435
13 535
19 527
2 371
3 371
3 240
0 57
148 297
5 262
1 361
20 1312
0 84
6 287
5 509
1 585
9 592
12 812
135 2339
14 290
0 948
1 948
0 448
20 973
5 360
3 389
39 1646
2 2101
0 2101
3 2101
4 2101
7 876
12 472
5 265
8 777
4 502
4 137
104 209
10 144
0 183
0 370
18 135
3 120
7 962
19 721
0 114
5 3218
1 1747
0 231
4 1110
0 153
0 290
4 397
12 325
14 319
20 382
18 5267
11 5267
7 5267
19 5267
52 5267
10 5267
47 5267
81 5267
3 5267
8 5267
4 5267
2 5267
21 5267
41 5267
3 1034
0 1034
0 2191
1 2191
7 247
7 247
17 1416
513 1027
0 319
0 1042
0 384
0 163
0 127
0 484
1 900
0 544
19 265
6 368
0 930
13 2416
11 2416
15 2416
18 919
2 407
0 382
0 247
0 233
2 1183
1 1183
0 1183
1 1185
0 382
0 340
0 3763
1 3763
6 177
10 477
1 141
23 242
0 295
2 295
13 395
307 615
1 308
2 1695
11 511
0 227
2 257
15 2339
7 395
2 359
13 761
8 257
0 176
12 336
0 195
1 365
11 240
2 230
2 196
9 338
6 1116
2 1116
2 1124
0 300
5 1623
24 906
0 57
2 188
0 1057
0 233
2 721
7 318
0 735
31 699
2 446
0 310
0 165
232 465
2 1130
339 679
1 392
173 348
5 1898
0 1898
2 472
1 950
0 950
4 950
2 191
1 1695
0 324
1 282
0 861
17 1695
179 360
3 960
5 388
2 1701
0 453
1 453
0 247
2 461
23 295
6 1042
7 549
159 319
6 1110
6 2517
1 866
0 866
7 141
2 387
23 48
0 1791
3 1791
8 511
1 275
142 286
0 423
2 191
11 950
12 509
0 861
0 364
9 364
2 378
0 3651
0 364
10 364
0 298
2 679
19 654
6 177
9 605
4 392
5 392
2 569
0 43
9 414
2 272
2 327
1 2050
2 2050
3 2050
0 617
6 927
5 1268
2 1268
1 1268
16 1413
78 157
11 317
15 790
394 790
0 812
538 1077
7 584
29 562
20 1360
1 1695
202 405
17 587
5 127
2 1592
0 1592
1 1719
2 1719
0 1719
0 548
1 548
4 195
2 352
0 1043
6 2703
2 2703
4 2703
8 2703
39 1165
11 395
0 1323
1 1323
2 1323
7 1323
4 1323
0 118
1 165
0 663
9 451
29 1536
0 1526
1 1526
27 1526
2 116
14 327
3 587
0 139
3 325
7 1288
2 116
12 240
2 217
355 712
21 1386
82 2339
1 2517
3 381
141 284
0 183
8 295
7 2517
15 2339
11 465
2 247
0 2517
0 55
0 281
0 247
20 1360
1 461
101 3761
1 590
5 594
19 378
16 1539
9 108
2168 4338
775 1552
3 152
2 646
4 306
1 657
4 657
19 1042
210 421
1 1042
3 222
1 1034
0 270
0 1104
1 486
0 502
1 57
35 816
6 2365
44 1074
0 187
0 2236
1 2236
4 2236
3 2236
4 405
11 1110
13 497
110 222
0 120
0 151
0 1392
0 230
4 86
5 78
1169 2339
0 9
1 1021
1 318
1 308
7 279
2 762
0 88
14 721
7 1027
2 500
0 89
2 86
13 159
4 733
9 725
0 276
1 497
4 1130
0 456
0 654
0 777
0 53
0 340
237 475
2 142
3 694
0 41
0 90
10 588
2 588
3 588
1 214
0 67
6 588
1 327
2 342
0 588
10 193
2 161
44 90
8 588
1 41
10 322
3 718
2 142
17 567
10 588
4 113
0 120
3 588
11 567
29 588
27 588
16 483
26 588
5 218
20 588
9 282
9 282
20 588
108 218
0 327
11 24
0 274
5 274
2 214
1 142
7 90
44 90
1 228
6 567
0 229
16 567
4 343
2 228
3 327
0 43
4 386
42 694
19 228
5 475
3 588
37 475
23 946
0 475
0 567
3 457
10 327
15 483
10 343
0 116
0 475
8 228
1 342
163 327
279 560
6 229
0 99
9 588
7 43
6 43
0 168
9 141
1 483
0 16
1 588
3 386
14 334
7 588
6 588
8 588
17 588
0 90
25 588
2 271
13 588
17 386
4 67
279 560
170 342
4 454
11 588
9 588
3 211
26 694
21 694
8 228
5 327
14 588
18 752
3 53
0 229
28 588
3 41
1 374
0 334
12 588
27 475
5 110
0 229
0 58
15 588
1 142
8 153
2 334
3 116
58 118
13 588
22 386
3 327
2 142
13 228
77 156
3 588
3 588
1 327
20 343
9 153
16 475
0 588
0 99
0 588
3 588
28 574
3 694
1 90
22 694
1 56
279 560
11 342
12 322
0 752
14 588
24 327
0 193
7 454
2 342
0 67
0 327
7 588
6 229
1 342
3 67
73 2673
1 211
15 483
0 327
0 228
4 33
26 962
2 1539
0 125
0 120
6 80
1 816
0 554
1 176
0 406
0 66
0 473
0 977
0 844
0 290
11 502
3 88
2 275
3 147
5 515
0 1205
0 1403
0 1695
12 605
7 605
1 1347
3 1347
24 1516
0 295
0 473
0 59
5 1021
6 788
113 228
0 1110
0 88
0 768
1 476
4 337
0 340
31 1695
5 127
0 308
2 378
0 241
2 452
0 284
2 1900
0 1900
1 3101
0 3101
0 6
6 218
26 664
0 158
0 423
13 951
16 951
0 623
0 399
2 1577
0 278
3 214
2 2150
0 2150
0 145
0 404
0 1074
10 336
0 362
4 594
0 216
1 439
4 527
3 1386
6 639
21 762
0 625
1 625
0 725
0 395
0 1036
24 1042
2 393
5 1539
1 368
2 1539
58 117
5 632
4 1042
31 518
1 567
0 452
0 1071
0 347
2 303
0 120
27 270
3 2237
6 2237
2 2237
0 2237
23 2237
0 233
775 1552
0 409
0 1230
2 1230
2 853
1 400
0 126
0 446
7 857
0 973
1 274
0 274
0 3390
31 3390
5 3390
2 3390
0 584
14 890
2 626
107 216
0 1346
0 247
143 287
39 79
0 196
21 191
16 7353
7 7353
228 7353
455 7353
33 7353
43 7353
312 7353
17 7353
21 7353
536 7353
2 7353
14 7353
31 7353
348 7353
9 7353
47 7353
2 141
5 2466
2 2466
0 2466
3 2466
1 1456
101 10604
1 10604
31 10604
65 10604
114 10604
32 10604
22 10604
243 10604
8 10604
207 10604
12 10604
9 10604
38 10604
55 10604
226 10604
35 10604
5 1655
0 1655
0 407
2 1162
12 1162
0 1162
1 1162
6 479
15 623
0 87
2 564
195 391
0 295
0 590
0 508
36 1695
23 47
393 788
2 788
21 788
8 788
393 788
1 788
2 788
21 788
393 788
1 230
0 739
1 436
13 1695
0 247
3 626
9 567
5 115
23 48
0 344
4 684
64 764
3 582
13 1072
4 1862
0 1862
6 369
17 876
1 625
0 233
3 937
0 937
5 937
0 230
1 421
3 272
5 218
3 812
8 826
0 919
1 887
1 1072
56 2339
13 958
0 958
17 1623
6 141
1 792
1 811
1 2330
0 2330
14 247
19 974
11 120
0 182
3 423
0 1967
0 30
4 384
4 549
22 1153
0 497
1 188
7 498
0 157
2 157
13 2339
4 950
2 57
0 135
11 473
0 962
3 448
0 163
2 414
4 1161
1 1161
2 1161
0 117
1 96
0 1403
0 1346
1 139
19 1110
0 473
2 318
0 318
1 700
0 162
4 1967
6 1539
0 1539
0 106
0 5662
2 5662
5 5662
4 5662
3 5662
23 1536
30 1536
11 625
26 2565
25 2565
23 2565
15 2565
19 2565
16 2565
28 1747
6 384
4 183
3 1249
0 1249
0 87
0 812
4 746
0 2128
1 2128
4 2128
0 473
0 67
3 124
5 178
0 764
2 379
1 2396
0 2396
2 2396
16 890
1 890
3 890
0 38
0 2407
3 2407
1 2407
8 2407
1 735
0 581
2 581
1 385
3 385
20 615
0 139
2 641
4 448
15 1064
0 1064
4 2225
4 89
0 941
0 89
0 1419
0 452
0 80
10 554
1 89
0 1294
33 1294
16 381
15 1948
6 1948
0 1948
1 1948
3 962
6 448
0 352
0 137
1 594
4 1708
0 1708
143 287
0 25
2 816
0 626
0 90
48 2339
0 1536
0 233
0 69
0 319
1 796
0 446
0 527
0 142
0 369
2 153
0 590
1 385
27 413
2 446
0 2395
1 2395
4 404
295 592
27 2163
3 2163
2 2163
1 55
20 191
1 2423
2 2423
0 2423
2 344
4 196
0 452
30 1403
0 1205
2 1205
3 1014
0 294
2 448
4 86
0 395
12 844
0 844
3 303
8 1360
0 812
0 107
0 562
9 479
10 467
12 1733
16 1733
19 1733
3 80
5 739
0 446
123 247
0 389
0 733
0 215
4 295
23 431
0 175
4 130
3 187
3 135
0 284
4 371
8 330
4 1724
0 1724
1 1724
1 549
7 919
569 1139
0 896
1 896
2 437
51 103
0 264
6 261
0 264
0 648
13 1577
2 1501
3 1501
1 1501
9 617
4 1618
1 285
7 504
1 115
1 48
0 247
0 737
0 223
0 509
0 311
4 594
14 477
0 345
1 733
11 789
3 789
0 605
4 1747
0 347
5 1511
4 1511
0 362
11 147
0 307
10 139
9 139
0 382
47 1766
10 788
1 788
6 788
4 788
11 788
0 788
2 788
11 788
5 788
7 694
0 694
4 307
1 174
3 371
1 1077
0 537
88 178
0 103
0 290
3 3159
5 3159
0 3159
2 1331
24 50
0 716
0 508
39 1909
42 1909
26 1909
1 1618
2 1618
0 384
7 384
0 102
0 94
2 585
4 474
267 535
0 261
10 295
0 169
0 148
4 183
9 876
1 733
11 1787
2 1787
0 1787
7 617
0 1553
2 1553
2 504
4 343
1 632
0 127
10 504
7 1083
2 65
14 1144
0 178
5 172
119 240
17 431
17 919
0 498
1 1618
32 1475
183 368
3 26
4 1965
1 1965
3 1965
5 1965
2 1965
14 1965
14 125
3 175
27 55
7 379
0 229
0 229
0 230
2 1042
0 344
6 323
5 746
15 876
4 479
23 406
2 504
4 171
5 575
15 764
6 1913
2 1913
1 1057
2 269
0 173
6 344
0 772
0 242
1 1695
14 1695
0 382
4 764
0 175
0 94
1 811
0 394
0 1287
0 176
9 139
0 310
0 360
5 230
1 811
2 381
0 1129
6 1129
1 1129
2 638
4 1071
20 1410
34 1410
2 1410
1 811
0 497
18 37
0 285
1 305
3 256
1 360
116 233
12 623
1 1061
3 260
0 452
1 563
6 592
3 144
163 327
0 617
6 337
3 362
394 5976
65 5976
12 5976
208 5976
216 5976
0 5976
219 5976
141 5976
67 5976
19 1075
4 379
8 661
2 162
0 2517
7 431
0 100
1 1386
6 850
1 511
4 405
0 1102
1 1102
0 370
1 196
1 361
13 841
25 698
0 124
0 290
108 218
2 439
4 229
0 349
4 89
0 360
11 333
12 333
1 526
2 122
0 412
3 196
6 874
0 247
1 896
1 338
2 338
1 142
61 1779
889 1779
49 1779
889 1779
0 1238
16 876
2 1853
6 1853
13 1853
0 592
1 564
2 173
2 1539
0 158
1 812
4 584
0 328
6 262
2 816
0 99
11 796
6 404
5 146
2 345
1 464
3 228
6 274
459 919
0 502
0 1110
3 122
4 446
10 518
0 141
9 585
17 561
0 2808
0 1357
707 1416
1 204
6 100
281 563
0 564
0 473
33 1110
0 339
163 327
1 308
8 295
1 587
0 777
2 558
1 149
7 209
0 279
0 962
1 3095
3 3095
2 3095
7 1617
1 1617
2 1617
0 1617
0 318
6 327
1 1767
9 1767
0 1767
3 1767
13 240
0 1071
0 522
0 1618
1 465
0 465
1 465
