6 384
10 375
17 392
0 576
18 576
38 776
37 776
21 511
29 2287
2 2287
4 745
4 745
12 914
11 338
4 448
0 691
3 691
2 183
25 914
29 1155
35 1155
577 1155
3 1155
6 1155
4 1370
17 1623
50 7389
66 7389
14 7389
19 7389
7 7389
10 7389
54 7389
26 7389
2 7389
18 7389
229 7389
14 2339
5 615
23 1288
5 176
18 1265
5 1265
24 1265
74 150
3 79
0 1983
1 1983
4 1983
11 1983
6 269
198 397
23 1208
10 1208
11 1208
7 1474
12 240
4 448
3 558
1 1113
0 1113
2 79
152 305
10 400
4 388
16 590
13 1483
75 152
75 152
7 796
767 1536
0 805
12 276
14 328
0 1267
11 1267
31 1267
28 1267
1 1267
19 522
3 198
2 1013
2 1013
75 152
0 1303
0 1008
2 1008
4 327
5 562
16 737
13 737
131 264
6 175
0 44
0 89
16 1913
0 1913
9 1539
25 973
23 855
8 301
55 7645
30 7645
3 7645
10 7645
127 7645
14 7645
60 7645
11 7645
24 7645
190 7645
158 7645
6 7645
95 7645
7 7645
25 7645
20 7645
98 7645
27 7645
64 7645
0 7645
580 9306
6 9306
188 9306
24 9306
8 9306
243 9306
4 9306
7 9306
2 9306
845 9306
743 9306
0 9306
104 9306
44 9306
36 9306
19 9306
10 9306
26 9306
29 3760
116 3760
4 3760
18 3760
44 3760
26 3760
17 3760
31 3760
20 689
147 295
13 1454
0 1454
7 1454
44 1454
2 626
0 203
0 405
17 794
16 794
1 844
328 657
10 1110
4 150
9 1071
0 812
0 812
0 422
17 896
9 395
38 2339
1 135
161 324
4 721
4 79
3 204
1 811
1 368
0 380
0 380
5 384
9 152
48 98
33 68
4 446
12 777
20 777
14 884
19 884
19 1514
437 876
1 348
0 169
3 663
0 663
16 303
11 240
3 441
6 1474
1 733
7 1077
2 404
2 973
1 138
21 1618
8 567
17 876
1 176
1 2150
66 2150
17 876
155 311
5 1597
11 1597
4 1597
23 1597
23 618
1 98
3 184
42 776
41 776
6 497
4 57
18 392
0 670
2 670
19 392
11 511
10 247
4 876
171 344
12 965
769 1539
3 509
4 215
12 176
4 215
4 215
30 1386
141 283
10 764
2 465
1 792
21 10782
37 10782
36 10782
40 10782
9 10782
19 10782
209 10782
135 10782
55 10782
50 10782
77 10782
266 10782
104 10782
70 10782
39 10782
30 10782
38 10782
17 10782
130 10782
22 10782
28 10782
31 10782
43 10782
2 10782
77 10782
154 10782
4 224
11 767
10 144
269 540
0 2510
1 2510
134 269
5 269
4 1269
1 1269
4 919
1 782
4 448
1 931
0 931
4 247
4 89
2 2038
1 2038
0 2038
3 446
28 737
1 1898
3 1898
291 584
25 1360
6 2257
7 2257
10 1695
55 2339
18 1072
2 746
6 746
0 2150
6 2150
3 3410
8 3410
52 3410
4 746
6 2150
46 2150
14 764
5 746
0 456
16 590
3 2449
50 2449
95 191
11 777
7 266
10 1027
487 976
487 976
13 3000
32 3000
2 3000
148 3000
3 3000
21 3000
4 202
3 456
10 777
4 381
0 295
5 186
220 441
1 94
33 68
7 287
11 240
70 142
13 240
7 655
13 1197
21 2831
5 2831
4 2831
2 2831
8 1331
1 4210
3 4210
130 4210
0 4210
4 4210
17 4210
86 4210
117 4210
6 4210
8 4210
63 4210
0 20
3 209
1 677
0 677
1 1547
3 1547
1 888
4 888
171 344
0 413
14 1012
0 1012
22 1012
7 269
13 467
10 504
554 1110
1 585
4 2128
32 2128
3 2128
12 960
16 1483
40 1536
17 1536
16 1110
2 1069
7 1069
0 1069
13 1014
36 811
8 1110
13 423
1 93
4 183
2 384
1 724
5 2375
1 2375
7 2375
1 178
393 788
3 788
6 788
5 788
393 788
0 788
1 788
393 788
5 788
0 203
9 226
0 4949
7 4949
13 4949
14 4949
11 4949
10 4949
12 4949
1 120
75 2150
1 2150
0 2150
4 653
17 689
48 2955
2 2955
18 2955
4 2955
35 2955
0 2955
1 2955
14 1695
1 439
1 439
13 225
8 2163
9 2163
20 13875
13 13875
1 13875
58 13875
31 13875
53 13875
12 13875
6 13875
2 13875
36 13875
6937 13875
18 13875
432 13875
27 13875
34 2339
4 222
4 150
4 1164
7 1164
3 1164
0 2347
2 2347
3 2347
1 2347
4 633
8 384
28 3126
15 3126
21 3126
19 3126
4 3126
26 3126
24 3126
2 1078
0 1078
5 1078
3 267
19 1926
262 526
22 812
13 858
14 5657
15 5657
23 5657
4 5657
3 5657
0 5657
16 5657
144 5657
35 1042
13 423
7 218
85 172
653 1307
510 1021
14 384
8 400
119 240
6 247
1 176
6 247
6 124
20 618
7 247
12 1708
12 1708
12 1708
1 1708
8 762
6 762
0 152
10 371
7 264
1 442
0 442
0 389
16 5642
7 5642
87 5642
87 5642
14 5642
15 5642
129 5642
4 416
111 223
4 86
21 543
17 1403
16 1403
17 679
25 2517
1 87
344 689
9 336
4 89
2 153
701 1403
30 1963
31 1963
3 2002
16 2002
35 2002
14 147
14 147
3 163
131 264
7 1539
131 264
16 590
1 181
120 241
1 465
381 764
381 764
14 764
8 295
0 1652
1 1652
6 1967
4 86
1 1110
3 1183
1 1183
2 1183
0 876
1 389
1 1124
0 1124
10 1014
1 961
6 961
2 961
0 526
2 359
30 1130
7 257
29 1386
420 842
520 1042
3 257
7 2403
36 2403
5 2403
0 106
10 375
308 617
28 270
29 270
10 340
4 327
15 380
15 518
3 587
1 587
1 384
0 424
5 264
349 699
45 1317
12 1317
11 1317
6 120
7 594
0 538
0 603
564 1130
3 344
119 240
1 1241
5 122
28 855
13 1898
16 1898
2 1898
0 1898
15 384
8 17
25 914
0 777
81 163
16 4713
3 4713
2 4713
2356 4713
0 4713
27 4713
0 44
0 2150
7 2150
2 2150
13 2150
14 402
132 266
0 781
12 781
1 781
2 781
21 664
13 689
13 874
11 796
10 796
67 1464
38 1464
70 1464
5 548
8 382
116 233
1 663
5 257
252 506
4 1012
4 257
3 626
3 371
390 782
4 3816
12 3816
0 3816
2 3816
3 3816
11 3816
1 3816
9 340
32 1347
0 1347
1 149
8 554
10 364
1 364
147 295
217 435
21 695
2 1247
0 1247
9 423
16 914
5 265
0 631
1 631
4 186
8 518
85 171
255 511
28 431
1 2308
0 2308
21 2303
25 2303
0 145
2 145
3 145
233 467
258 518
4 405
11 318
10 423
9 324
9 389
8 8726
17 8726
55 8726
18 8726
11 8726
75 8726
422 8726
108 8726
67 8726
2 8726
1 8726
6 8726
5 8726
1 422
1 108
7 456
0 1036
1 1036
16 391
3 344
14 679
3 154
198 397
37 3066
38 3066
51 3066
3 1214
8 1214
43 1595
54 1595
47 764
1 457
0 368
0 376
5 209
104 209
0 1191
1 1191
20 592
10 378
70 141
9 389
10 446
7 264
8 526
9 1110
6366 12734
116 12734
2 12734
34 12734
45 12734
96 12734
6366 12734
23 12734
82 12734
109 12734
83 12734
83 12734
396 12734
142 12734
22 12734
36 12734
104 12734
396 12734
6 203
4 89
1 653
9 295
1 841
0 441
8 384
4 876
38 1264
631 1264
50 1264
6 404
2 1483
1 1110
294 590
19 590
5 264
0 107
25 1386
0 148
44 89
8 842
33 461
0 669
6 669
13 737
349 699
3 423
9 737
0 107
0 107
0 148
0 473
7 2629
12 2629
78 2629
77 2629
9 384
5 1589
0 1589
2 1589
2 113
0 2696
3 2696
1 2696
4 774
34 664
493 987
3 987
2 987
22 4344
10 4344
3 4344
20 4344
5 4344
6 4344
9 4344
4 222
312 626
34 1376
24 1376
28 1376
35 1376
0 558
10 680
0 680
4 234
1 177
88 177
16 384
15 441
26 441
187 376
0 1511
10 1511
11 522
13 522
0 169
16 737
34 664
12 479
11 2238
14 2238
1 2238
58 2238
19 1074
12 737
2 762
1258 2517
393 788
25 2300
24 2300
8 762
20 618
2 183
29 270
11 558
3 252
7 295
12 1913
28 1913
4 656
19 656
21 656
13 240
3 423
381 764
20 373
0 446
3 357
7 423
0 632
16 590
280 562
227 456
0 9
293 587
4 562
9 1014
0 774
0 404
1 567
16 1407
7 594
1 690
0 690
7 250
1 127
32 295
2 2725
3 2725
1 2725
4 2725
0 2725
1 442
0 442
10 518
1 508
0 269
1 269
0 38
1 6094
4 6094
2 6094
3 6094
8 6094
17 1370
0 2737
3 2737
7 1409
262 526
232 465
4 339
2 960
0 960
8 382
10 295
5 404
0 431
1 1536
7 615
0 844
6 308
8 504
6 560
0 730
1 730
3 764
1 1701
11 240
141 283
15 596
20 392
4 2339
1 2339
0 303
0 461
20 563
8 438
0 122
0 980
1 980
422 845
1 665
3 378
1 352
9 889
6 889
3 189
1 431
1 751
262 526
22 1955
23 1955
14 1955
58 1955
2 1955
3 1955
11 9453
72 9453
14 9453
17 9453
24 9453
146 9453
4 9453
19 9453
1 9453
26 9453
146 9453
28 9453
27 9453
18 9453
146 9453
7 3604
55 3604
55 3604
1801 3604
55 3604
2 2982
9 2982
4 2982
3 2982
5 2982
9 1152
2 499
0 181
1 181
124 249
306 613
16 395
2 575
2 122
7 1114
4 1114
141 283
141 283
0 241
27 55
7 655
2 1887
3 1887
1 1887
24 7512
73 7512
20 7512
93 7512
10 7512
30 7512
17 7512
440 7512
158 7512
492 7512
256 7512
37 7512
34 7512
40 7512
521 7512
6 328
5 623
2 106
0 82
2 305
97 196
75 151
219 439
3 328
6 2031
3 4370
7 4370
6 4370
1 4370
0 4370
2 4370
4 4370
5 4370
0 340
1 360
3 269
1 413
10 887
1 187
1 187
3 534
5 1539
5 726
128 257
7 202
22 764
0 764
0 473
1 729
2 729
3 729
3 174
296 593
4 326
140 282
29 59
41 2849
18 2849
8 2849
21 2849
7 225
217 435
4 435
1 522
72 146
20 479
199 399
5 587
5 562
393 788
0 788
393 788
393 788
393 788
2 788
2 788
393 788
393 788
1 473
2 473
7 1528
2 1528
22 1904
13 1904
1 733
109 219
73 2417
77 2417
17 594
13 594
296 594
0 620
1 620
1 476
4 476
1 405
3 1695
45 91
45 91
2 1223
0 1223
10 1223
12 479
2 328
2 1879
4 1879
133 4834
20 4834
66 4834
7 4834
8 4834
33 4834
1 145
16 739
167 336
180 361
88 177
10 413
379 759
2 191
2 191
119 240
8 233
3 177
0 176
5 318
1 807
0 807
10 761
1 446
1 931
0 931
3 1074
2 812
143 287
15 764
24 1043
10 857
4 922
11 558
6 558
0 279
86 173
64 130
0 617
1 617
11 1707
1 1707
11 4275
0 4275
1 4275
2 4275
5 4275
2 1149
0 1149
4 1149
6 2971
0 2971
11 336
10 318
2 1026
1 92
0 92
0 311
1 161
4 774
11 127
5 379
0 400
5 428
190 381
7 562
4 497
14 393
3 279
12 323
197 395
4 223
1 362
13 509
11 2434
14 716
4 388
20 233
0 484
4 484
4 484
20 1075
20 1075
20 1075
21 1075
58 118
0 114
421 844
27 844
1 306
1 1742
2 1742
0 1742
220 441
7 655
4 764
5 509
1868 3737
2 3737
1 3737
0 3737
7 562
1090 2181
3 338
3 40
1 379
4 405
6 474
2 98
2 1143
183 368
349 699
5 343
10 126
22 1644
29 1644
1 767
8 767
383 767
9 20
154 310
8 354
5 61
4 297
363 727
12 395
27 1618
4 233
190 381
1 473
108 217
1 152
383 768
0 171
0 567
2 301
1 461
393 788
2 788
393 788
393 788
393 788
0 788
0 788
393 788
393 788
4 405
10 653
69 139
2 324
13 973
10 1386
4 633
23 664
808 1618
18 395
0 295
171 344
6 230
1109 2219
0 385
11 527
18 1926
36 1926
3 548
0 919
15 699
4 472
4 327
0 821
8 821
6 821
4 526
2 567
14 1012
14 1012
14 1012
15 562
369 739
3 266
113 227
0 241
317 635
2 391
5 177
5 407
6 435
3 535
11 527
2 371
4 371
119 240
7 57
148 297
7 262
7 361
22 1312
0 84
8 287
12 509
3 585
295 592
405 812
1169 2339
144 290
0 948
1 948
0 448
486 973
3 360
9 389
16 1646
0 2101
3 2101
7 2101
6 2101
6 876
235 472
132 265
10 777
3 502
68 137
104 209
10 144
1 183
1 370
67 135
2 120
7 962
360 721
1 114
9 3218
14 1747
0 231
2 1110
0 153
0 290
8 397
162 325
159 319
190 382
7 5267
29 5267
9 5267
19 5267
48 5267
31 5267
44 5267
81 5267
2 5267
30 5267
14 5267
1 5267
21 5267
81 5267
3 1034
0 1034
0 2191
1 2191
123 247
123 247
21 1416
513 1027
0 319
0 1042
0 384
0 163
8 127
4 484
1 900
0 544
132 265
7 368
0 930
3 2416
3 2416
8 2416
6 919
4 407
0 382
0 247
0 233
1 1183
12 1183
0 1183
2 1185
6 382
0 340
1 3763
0 3763
7 177
238 477
3 141
23 242
0 295
1 295
13 395
307 615
1 308
4 1695
19 511
0 227
7 257
36 2339
7 395
2 359
11 761
16 257
0 176
167 336
2 195
2 365
13 240
2 230
6 196
168 338
21 1116
12 1116
2 1124
0 300
5 1623
452 906
28 57
2 188
6 1057
0 233
5 721
7 318
9 735
349 699
2 446
8 310
2 165
232 465
7 1130
339 679
2 392
173 348
6 1898
0 1898
7 472
6 950
4 950
3 950
3 191
5 1695
6 324
2 282
3 861
17 1695
179 360
5 960
3 388
3 1701
0 453
1 453
4 247
6 461
28 295
26 1042
274 549
159 319
7 1110
7 2517
1 866
0 866
70 141
3 387
23 48
0 1791
13 1791
9 511
2 275
142 286
0 423
2 191
11 950
254 509
2 861
6 364
2 364
2 378
8 3651
0 364
4 364
0 298
5 679
21 654
6 177
11 605
4 392
3 392
4 569
0 43
8 414
4 272
9 327
1 2050
2 2050
3 2050
0 617
5 927
4 1268
2 1268
1 1268
706 1413
78 157
7 317
35 790
394 790
7 812
538 1077
291 584
280 562
20 1360
8 1695
202 405
293 587
5 127
2 1592
0 1592
1 1719
2 1719
0 1719
0 548
2 548
97 195
1 352
1 1043
41 2703
41 2703
41 2703
41 2703
582 1165
12 395
2 1323
4 1323
0 1323
5 1323
3 1323
0 118
3 165
11 663
4 451
21 1536
22 1526
22 1526
22 1526
1 116
163 327
3 587
0 139
3 325
4 1288
3 116
119 240
2 217
355 712
34 1386
80 2339
2 2517
190 381
141 284
0 183
147 295
20 2517
17 2339
16 465
5 247
8 2517
0 55
4 281
0 247
25 1360
10 461
1880 3761
15 590
6 594
13 378
14 1539
53 108
2168 4338
775 1552
3 152
2 646
11 306
23 657
18 657
520 1042
210 421
3 1042
3 222
8 1034
1 270
7 1104
2 486
8 502
2 57
407 816
8 2365
536 1074
0 187
2 2236
1 2236
3 2236
0 2236
4 405
3 1110
13 497
110 222
0 120
0 151
0 1392
0 230
6 86
6 78
1169 2339
0 9
8 1021
0 318
2 308
0 279
2 762
3 88
360 721
15 1027
12 500
1 89
3 86
13 159
2 733
6 725
0 276
2 497
4 1130
0 456
0 654
6 777
1 53
0 340
237 475
2 142
7 694
0 41
0 90
30 588
14 588
5 588
4 214
3 67
7 588
2 327
0 342
0 588
96 193
3 161
44 90
10 588
6 41
10 322
2 718
2 142
16 567
10 588
56 113
6 120
24 588
7 567
293 588
27 588
17 483
27 588
5 218
293 588
11 282
12 282
293 588
108 218
10 327
11 24
0 274
7 274
2 214
1 142
5 90
44 90
6 228
7 567
0 229
283 567
12 343
9 228
7 327
1 43
17 386
346 694
113 228
7 475
2 588
237 475
27 946
2 475
1 567
3 457
13 327
17 483
13 343
1 116
0 475
113 228
5 342
163 327
279 560
114 229
0 99
8 588
21 43
21 43
0 168
11 141
3 483
7 16
27 588
3 386
11 334
293 588
293 588
293 588
293 588
7 90
27 588
14 271
14 588
12 386
4 67
279 560
170 342
6 454
12 588
12 588
3 211
346 694
346 694
8 228
163 327
14 588
22 752
4 53
0 229
28 588
2 41
1 374
7 334
8 588
30 475
6 110
1 229
1 58
27 588
2 142
76 153
14 334
3 116
58 118
293 588
192 386
18 327
2 142
113 228
77 156
3 588
8 588
3 327
171 343
76 153
9 475
11 588
8 99
4 588
8 588
286 574
5 694
2 90
17 694
0 56
279 560
7 342
160 322
2 752
14 588
21 327
4 193
11 454
4 342
3 67
19 327
24 588
5 229
4 342
3 67
1336 2673
5 211
19 483
10 327
8 228
4 33
480 962
5 1539
0 125
0 120
39 80
1 816
0 554
87 176
5 406
0 66
0 473
0 977
0 844
0 290
14 502
3 88
137 275
3 147
5 515
0 1205
16 1403
0 1695
2 605
6 605
0 1347
31 1347
27 1516
0 295
0 473
0 59
7 1021
9 788
113 228
0 1110
0 88
4 768
6 476
12 337
0 340
39 1695
5 127
1 308
19 378
0 241
3 452
4 284
13 1900
0 1900
17 3101
0 3101
0 6
5 218
27 664
0 158
0 423
21 951
22 951
2 623
0 399
22 1577
1 278
4 214
0 2150
1 2150
1 145
0 404
0 1074
7 336
1 362
4 594
2 216
2 439
5 527
27 1386
14 639
17 762
0 625
1 625
1 725
0 395
0 1036
26 1042
2 393
9 1539
3 368
2 1539
58 117
14 632
36 1042
258 518
1 567
2 452
9 1071
0 347
4 303
0 120
29 270
0 2237
60 2237
3 2237
1 2237
57 2237
0 233
775 1552
0 409
0 1230
2 1230
29 853
1 400
0 126
3 446
428 857
0 973
0 274
1 274
1 3390
32 3390
4 3390
0 3390
0 584
17 890
2 626
107 216
0 1346
1 247
143 287
39 79
0 196
95 191
18 7353
23 7353
343 7353
343 7353
21 7353
31 7353
417 7353
7 7353
29 7353
3676 7353
6 7353
39 7353
70 7353
343 7353
22 7353
38 7353
5 141
36 2466
35 2466
0 2466
2 2466
4 1456
57 10604
27 10604
241 10604
94 10604
164 10604
2 10604
88 10604
72 10604
17 10604
164 10604
70 10604
67 10604
1 10604
7 10604
282 10604
164 10604
4 1655
1 1655
0 407
2 1162
13 1162
0 1162
1 1162
6 479
311 623
0 87
1 564
195 391
0 295
0 590
1 508
847 1695
23 47
393 788
3 788
393 788
11 788
393 788
2 788
3 788
393 788
393 788
2 230
4 739
3 436
14 1695
0 247
6 626
16 567
57 115
23 48
0 344
3 684
381 764
3 582
5 1072
6 1862
0 1862
9 369
437 876
1 625
1 233
6 937
0 937
6 937
1 230
2 421
4 272
6 218
2 812
11 826
3 919
0 887
1 1072
1169 2339
14 958
0 958
17 1623
70 141
5 792
7 811
2 2330
0 2330
8 247
30 974
59 120
0 182
0 423
4 1967
0 30
9 384
3 549
28 1153
0 497
1 188
248 498
1 157
2 157
19 2339
9 950
2 57
0 135
236 473
0 962
4 448
1 163
5 414
12 1161
0 1161
1 1161
0 117
1 96
701 1403
1 1346
1 139
15 1110
5 473
6 318
0 318
3 700
2 162
1 1967
10 1539
9 1539
0 106
1 5662
4 5662
6 5662
4 5662
3 5662
29 1536
28 1536
16 625
2 2565
1 2565
30 2565
5 2565
6 2565
4 2565
873 1747
10 384
91 183
1 1249
2 1249
0 87
0 812
372 746
0 2128
1 2128
3 2128
0 473
1 67
3 124
2 178
0 764
2 379
1 2396
0 2396
2 2396
26 890
2 890
13 890
0 38
0 2407
3 2407
1 2407
12 2407
1 735
1 581
2 581
2 385
2 385
19 615
1 139
8 641
4 448
15 1064
0 1064
8 2225
4 89
1 941
0 89
0 1419
2 452
1 80
7 554
1 89
0 1294
41 1294
190 381
18 1948
13 1948
0 1948
15 1948
3 962
223 448
0 352
0 137
3 594
1 1708
0 1708
143 287
0 25
2 816
0 626
0 90
17 2339
0 1536
3 233
0 69
1 319
10 796
0 446
4 527
1 142
1 369
2 153
15 590
12 385
206 413
2 446
3 2395
0 2395
5 404
295 592
23 2163
3 2163
0 2163
27 55
17 191
2 2423
3 2423
1 2423
3 344
4 196
0 452
701 1403
0 1205
2 1205
7 1014
0 294
4 448
5 86
12 395
18 844
0 844
151 303
13 1360
1 812
0 107
1 562
10 479
11 467
53 1733
46 1733
37 1733
3 80
6 739
1 446
123 247
0 389
1 733
4 215
4 295
25 431
3 175
5 130
7 187
2 135
4 284
3 371
164 330
2 1724
0 1724
5 1724
8 549
11 919
569 1139
0 896
1 896
12 437
51 103
0 264
5 261
3 264
6 648
20 1577
2 1501
3 1501
1 1501
308 617
31 1618
2 285
14 504
3 115
1 48
1 247
1 737
0 223
0 509
0 311
5 594
238 477
1 345
2 733
13 789
10 789
0 605
2 1747
0 347
1 1511
11 1511
7 362
11 147
0 307
11 139
10 139
1 382
882 1766
393 788
3 788
4 788
7 788
393 788
0 788
2 788
393 788
6 788
16 694
0 694
4 307
1 174
5 371
538 1077
5 537
88 178
0 103
5 290
3 3159
5 3159
0 3159
21 1331
24 50
2 716
1 508
28 1909
28 1909
28 1909
1 1618
808 1618
0 384
9 384
0 102
0 94
3 585
6 474
267 535
3 261
28 295
0 169
0 148
4 183
14 876
1 733
12 1787
25 1787
0 1787
18 617
0 1553
2 1553
8 504
0 343
1 632
0 127
15 504
10 1083
2 65
7 1144
3 178
6 172
119 240
215 431
25 919
0 498
3 1618
737 1475
183 368
3 26
6 1965
3 1965
1 1965
0 1965
4 1965
14 1965
14 125
3 175
27 55
2 379
0 229
0 229
1 230
5 1042
0 344
11 323
5 746
17 876
13 479
202 406
3 504
2 171
3 575
22 764
17 1913
0 1913
6 1057
1 269
1 173
171 344
0 772
0 242
2 1695
15 1695
6 382
12 764
3 175
0 94
2 811
0 394
0 1287
0 176
9 139
0 310
1 360
5 230
9 811
2 381
0 1129
3 1129
2 1129
2 638
14 1071
32 1410
45 1410
5 1410
5 811
3 497
18 37
0 285
7 305
3 256
1 360
116 233
13 623
0 1061
5 260
1 452
3 563
9 592
5 144
163 327
0 617
14 337
10 362
2987 5976
47 5976
24 5976
185 5976
185 5976
1 5976
16 5976
6 5976
251 5976
537 1075
6 379
8 661
2 162
0 2517
25 431
6 100
1 1386
8 850
5 511
4 405
0 1102
1 1102
1 370
5 196
1 361
16 841
26 698
0 124
0 290
108 218
3 439
6 229
0 349
4 89
1 360
19 333
17 333
3 526
2 122
4 412
97 196
13 874
0 247
6 896
0 338
1 338
2 142
59 1779
889 1779
75 1779
889 1779
9 1238
17 876
27 1853
27 1853
27 1853
0 592
12 564
86 173
9 1539
0 158
5 812
5 584
0 328
130 262
2 816
1 99
397 796
6 404
5 146
6 345
3 464
113 228
6 274
459 919
4 502
4 1110
3 122
4 446
16 518
0 141
12 585
19 561
2 2808
1 1357
707 1416
1 204
6 100
281 563
281 564
0 473
30 1110
0 339
163 327
1 308
147 295
2 587
1 777
4 558
74 149
104 209
0 279
1 962
1 3095
3 3095
0 3095
6 1617
1 1617
2 1617
0 1617
8 318
6 327
0 1767
7 1767
3 1767
1 1767
15 240
9 1071
11 522
0 1618
1 465
0 465
1 465
