0 384
0 375
0 392
1 576
0 576
2 776
1 776
0 511
26 2287
10 2287
10 745
2 745
9 914
0 338
0 448
1 691
0 691
0 183
0 914
15 1155
44 1155
147 1155
5 1155
6 1155
4 1370
4 1623
0 7389
22 7389
16 7389
11 7389
36 7389
10 7389
41 7389
8 7389
34 7389
7 7389
533 7389
0 2339
2 615
1 1288
0 176
6 1265
14 1265
8 1265
1 150
0 79
0 1983
1 1983
7 1983
15 1983
4 269
12 397
1 1208
0 1208
11 1208
20 1474
3 240
0 448
0 558
1 1113
0 1113
0 79
4 305
0 400
2 388
4 590
0 1483
4 152
3 152
0 796
36 1536
0 805
0 276
0 328
1 1267
2 1267
5 1267
17 1267
0 1267
2 522
4 198
6 1013
4 1013
4 152
0 1303
2 1008
0 1008
3 327
0 562
5 737
2 737
4 264
1 175
0 44
0 89
5 1913
2 1913
2 1539
0 973
0 855
0 301
33 7645
82 7645
0 7645
21 7645
128 7645
5 7645
2 7645
4 7645
6 7645
32 7645
39 7645
12 7645
16 7645
14 7645
31 7645
15 7645
35 7645
29 7645
136 7645
38 7645
448 9306
9 9306
49 9306
6 9306
4 9306
67 9306
0 9306
2 9306
5 9306
253 9306
30 9306
3 9306
46 9306
132 9306
1 9306
63 9306
41 9306
35 9306
6 3760
89 3760
1 3760
0 3760
5 3760
10 3760
7 3760
2 3760
4 689
5 295
4 1454
0 1454
1 1454
13 1454
1 626
0 203
0 405
1 794
0 794
0 844
88 657
0 1110
1 150
1 1071
0 812
0 812
0 422
4 896
0 395
3 2339
0 135
2 324
6 721
3 79
3 204
1 811
1 368
0 380
0 380
3 384
2 152
0 98
8 68
7 446
0 777
6 777
2 884
14 884
0 1514
32 876
9 348
0 169
2 663
0 663
1 303
0 240
0 441
15 1474
0 733
7 1077
0 404
0 973
0 138
4 1618
8 567
11 876
0 176
0 2150
23 2150
10 876
5 311
8 1597
3 1597
5 1597
0 1597
1 618
0 98
0 184
1 776
0 776
0 497
6 57
0 392
0 670
5 670
1 392
0 511
1 247
0 876
1 344
3 965
9 1539
0 509
4 215
6 176
4 215
4 215
4 1386
1 283
1 764
0 465
0 792
17 10782
6 10782
10 10782
21 10782
24 10782
39 10782
11 10782
47 10782
29 10782
40 10782
32 10782
89 10782
2 10782
9 10782
15 10782
16 10782
74 10782
20 10782
33 10782
18 10782
8 10782
12 10782
42 10782
0 10782
32 10782
31 10782
0 224
15 767
2 144
48 540
0 2510
7 2510
44 269
6 269
0 1269
1 1269
1 919
1 782
0 448
1 931
0 931
2 247
1 89
1 2038
3 2038
4 2038
0 446
1 737
0 1898
1 1898
14 584
10 1360
4 2257
8 2257
1 1695
0 2339
3 1072
1 746
1 746
1 2150
3 2150
13 3410
1 3410
3 3410
2 746
1 2150
4 2150
1 764
1 746
0 456
8 590
5 2449
0 2449
21 191
1 777
9 266
1 1027
4 976
57 976
19 3000
4 3000
31 3000
94 3000
26 3000
10 3000
2 202
1 456
1 777
1 381
2 295
1 186
8 441
0 94
10 68
0 287
0 240
32 142
1 240
6 655
1 1197
7 2831
5 2831
3 2831
0 2831
1 1331
0 4210
1 4210
93 4210
4 4210
9 4210
30 4210
63 4210
6 4210
3 4210
7 4210
88 4210
2 20
2 209
0 677
1 677
1 1547
2 1547
0 888
1 888
0 344
5 413
6 1012
2 1012
16 1012
0 269
0 467
1 504
16 1110
1 585
0 2128
6 2128
4 2128
2 960
0 1483
8 1536
3 1536
1 1110
3 1069
2 1069
0 1069
1 1014
65 811
0 1110
0 423
0 93
6 183
0 384
0 724
4 2375
2 2375
6 2375
0 178
17 788
2 788
7 788
4 788
21 788
0 788
1 788
16 788
3 788
2 203
6 226
0 4949
8 4949
2 4949
23 4949
47 4949
36 4949
38 4949
0 120
79 2150
0 2150
5 2150
0 653
3 689
17 2955
11 2955
8 2955
13 2955
12 2955
0 2955
9 2955
2 1695
1 439
1 439
0 225
3 2163
4 2163
95 13875
4 13875
35 13875
54 13875
70 13875
58 13875
7 13875
1 13875
110 13875
20 13875
1971 13875
102 13875
43 13875
6 13875
3 2339
3 222
0 150
4 1164
8 1164
5 1164
1 2347
0 2347
4 2347
3 2347
0 633
0 384
23 3126
34 3126
6 3126
8 3126
18 3126
33 3126
20 3126
4 1078
0 1078
5 1078
0 267
0 1926
21 526
1 812
11 858
17 5657
30 5657
7 5657
15 5657
0 5657
12 5657
69 5657
40 5657
1 1042
0 423
0 218
8 172
50 1307
65 1021
1 384
0 400
2 240
1 247
2 176
0 247
1 124
0 618
0 247
6 1708
14 1708
16 1708
11 1708
0 762
1 762
3 152
7 371
0 264
1 442
0 442
0 389
81 5642
10 5642
85 5642
243 5642
46 5642
21 5642
2 5642
2 416
0 223
0 86
17 543
2 1403
1 1403
0 679
1 2517
0 87
23 689
9 336
0 89
0 153
14 1403
0 1963
10 1963
5 2002
9 2002
2 2002
2 147
0 147
12 163
3 264
1 1539
7 264
3 590
0 181
23 241
2 465
76 764
117 764
13 764
9 295
0 1652
2 1652
0 1967
0 86
0 1110
2 1183
1 1183
0 1183
0 876
0 389
0 1124
1 1124
8 1014
0 961
3 961
6 961
0 526
0 359
28 1130
1 257
2 1386
11 842
19 1042
0 257
6 2403
47 2403
10 2403
0 106
0 375
20 617
0 270
0 270
1 340
7 327
0 380
1 518
0 587
1 587
0 384
0 424
0 264
9 699
5 1317
0 1317
1 1317
1 120
6 594
0 538
0 603
8 1130
1 344
0 240
1 1241
0 122
0 855
0 1898
1 1898
0 1898
1 1898
1 384
2 17
4 914
0 777
6 163
7 4713
14 4713
1 4713
359 4713
0 4713
10 4713
0 44
1 2150
12 2150
4 2150
7 2150
1 402
20 266
0 781
3 781
5 781
1 781
10 664
0 689
0 874
0 796
0 796
69 1464
1 1464
4 1464
0 548
0 382
5 233
2 663
10 257
7 506
3 1012
1 257
2 626
0 371
58 782
8 3816
0 3816
3 3816
5 3816
2 3816
7 3816
40 3816
0 340
0 1347
1 1347
1 149
0 554
2 364
12 364
16 295
40 435
0 695
3 1247
10 1247
3 423
0 914
0 265
3 631
1 631
0 186
0 518
6 171
43 511
1 431
1 2308
0 2308
5 2303
0 2303
3 145
1 145
7 145
1 467
4 518
1 405
6 318
1 423
1 324
1 389
34 8726
5 8726
145 8726
23 8726
194 8726
10 8726
217 8726
40 8726
4 8726
1 8726
27 8726
32 8726
30 8726
3 422
2 108
0 456
0 1036
1 1036
20 391
0 344
0 679
3 154
198 397
15 3066
9 3066
11 3066
2 1214
13 1214
10 1595
86 1595
15 764
0 457
0 368
0 376
3 209
2 209
2 1191
0 1191
0 592
6 378
8 141
0 389
0 446
2 264
0 526
2 1110
1427 12734
48 12734
0 12734
79 12734
80 12734
81 12734
1350 12734
33 12734
11 12734
398 12734
162 12734
162 12734
185 12734
188 12734
125 12734
340 12734
208 12734
281 12734
0 203
0 89
0 653
16 295
0 841
0 441
3 384
0 876
36 1264
141 1264
68 1264
0 404
0 1483
0 1110
4 590
3 590
5 264
0 107
8 1386
0 148
0 89
17 842
4 461
1 669
0 669
7 737
2 699
3 423
4 737
0 107
0 107
1 148
0 473
4 2629
31 2629
8 2629
2 2629
0 384
1 1589
2 1589
0 1589
4 113
0 2696
1 2696
3 2696
0 774
17 664
108 987
1 987
0 987
36 4344
10 4344
29 4344
23 4344
8 4344
12 4344
19 4344
3 222
3 626
15 1376
0 1376
4 1376
8 1376
0 558
0 680
5 680
2 234
3 177
7 177
1 384
0 441
28 441
4 376
0 1511
3 1511
2 522
1 522
0 169
0 737
11 664
3 479
0 2238
1 2238
13 2238
9 2238
16 1074
9 737
0 762
1 2517
38 788
0 2300
3 2300
2 762
0 618
0 183
0 270
5 558
0 252
18 295
24 1913
79 1913
4 656
9 656
1 656
1 240
0 423
109 764
0 373
7 446
3 357
3 423
5 632
1 590
0 562
12 456
0 9
293 587
0 562
13 1014
2 774
0 404
1 567
1 1407
2 594
1 690
0 690
0 250
1 127
0 295
2 2725
5 2725
3 2725
4 2725
1 2725
2 442
0 442
1 518
0 508
0 269
1 269
0 38
2 6094
21 6094
16 6094
15 6094
38 6094
3 1370
2 2737
39 2737
27 1409
20 526
6 465
1 339
2 960
1 960
26 382
0 295
0 404
0 431
3 1536
2 615
0 844
1 308
1 504
0 560
1 730
3 730
1 764
2 1701
2 240
14 283
0 596
1 392
1 2339
4 2339
0 303
0 461
15 563
27 438
0 122
9 980
5 980
11 845
0 665
5 378
2 352
1 889
8 889
0 189
0 431
0 751
5 526
1 1955
6 1955
0 1955
10 1955
4 1955
2 1955
97 9453
84 9453
83 9453
27 9453
20 9453
131 9453
7 9453
51 9453
19 9453
90 9453
77 9453
76 9453
49 9453
70 9453
44 9453
8 3604
62 3604
64 3604
1801 3604
33 3604
4 2982
10 2982
1 2982
6 2982
21 2982
2 1152
6 499
0 181
1 181
10 249
5 613
11 395
4 575
0 122
3 1114
0 1114
38 283
141 283
0 241
4 55
13 655
5 1887
6 1887
31 1887
2 7512
9 7512
8 7512
12 7512
60 7512
13 7512
3 7512
123 7512
114 7512
224 7512
38 7512
4 7512
14 7512
179 7512
161 7512
5 328
3 623
3 106
7 82
2 305
1 196
17 151
18 439
3 328
8 2031
7 4370
6 4370
14 4370
8 4370
1 4370
11 4370
15 4370
3 4370
2 340
0 360
1 269
0 413
15 887
2 187
4 187
3 534
2 1539
10 726
14 257
5 202
1 764
2 764
0 473
1 729
3 729
2 729
2 174
6 593
1 326
6 282
3 59
1 2849
55 2849
7 2849
38 2849
0 225
14 435
3 435
1 522
6 146
0 479
11 399
0 587
0 562
36 788
13 788
44 788
37 788
43 788
0 788
2 788
66 788
26 788
11 473
15 473
8 1528
1 1528
27 1904
24 1904
8 733
0 219
9 2417
2 2417
49 594
34 594
26 594
1 620
0 620
1 476
6 476
0 405
33 1695
0 91
4 91
0 1223
1 1223
3 1223
4 479
1 328
13 1879
6 1879
12 4834
22 4834
14 4834
0 4834
34 4834
15 4834
0 145
14 739
5 336
9 361
9 177
0 413
39 759
1 191
5 191
20 240
2 233
2 177
0 176
2 318
5 807
7 807
0 761
2 446
1 931
0 931
0 1074
36 812
13 287
11 764
0 1043
0 857
1 922
2 558
11 558
20 279
34 173
7 130
12 617
3 617
3 1707
2 1707
14 4275
7 4275
3 4275
5 4275
15 4275
1 1149
0 1149
3 1149
2 2971
1 2971
1 336
2 318
0 1026
0 92
1 92
0 311
0 161
2 774
5 127
0 379
3 400
0 428
4 381
0 562
0 497
0 393
3 279
0 323
11 395
13 223
0 362
17 509
0 2434
4 716
10 388
17 233
0 484
0 484
0 484
0 1075
1 1075
3 1075
2 1075
6 118
2 114
27 844
39 844
2 306
1 1742
3 1742
0 1742
2 441
0 655
52 764
4 509
478 3737
0 3737
2 3737
1 3737
15 562
1090 2181
0 338
0 40
4 379
1 405
1 474
0 98
1 1143
15 368
8 699
1 343
12 126
0 1644
2 1644
1 767
5 767
67 767
7 20
14 310
4 354
0 61
4 297
64 727
6 395
0 1618
1 233
7 381
6 473
8 217
3 152
89 768
6 171
0 567
0 301
0 461
29 788
3 788
28 788
21 788
40 788
0 788
1 788
36 788
16 788
1 405
0 653
3 139
3 324
0 973
3 1386
0 633
21 664
6 1618
0 395
0 295
6 344
3 230
1109 2219
0 385
19 527
1 1926
1 1926
2 548
0 919
1 699
3 472
2 327
0 821
2 821
3 821
0 526
3 567
24 1012
7 1012
3 1012
3 562
55 739
2 266
11 227
0 241
8 635
3 391
6 177
5 407
7 435
24 535
20 527
1 371
1 371
1 240
0 57
32 297
0 262
1 361
19 1312
0 84
1 287
0 509
1 585
14 592
42 812
94 2339
13 290
0 948
1 948
1 448
37 973
5 360
1 389
69 1646
2 2101
0 2101
3 2101
5 2101
6 876
9 472
2 265
3 777
17 502
9 137
17 209
2 144
0 183
0 370
18 135
1 120
19 962
14 721
0 114
2 3218
2 1747
0 231
1 1110
0 153
0 290
0 397
9 325
19 319
9 382
25 5267
17 5267
10 5267
13 5267
77 5267
19 5267
66 5267
87 5267
6 5267
7 5267
8 5267
1 5267
23 5267
53 5267
9 1034
0 1034
6 2191
1 2191
11 247
13 247
35 1416
168 1027
2 319
0 1042
3 384
0 163
0 127
1 484
2 900
0 544
19 265
3 368
0 930
12 2416
11 2416
16 2416
38 919
1 407
0 382
0 247
0 233
2 1183
1 1183
0 1183
1 1185
0 382
0 340
0 3763
10 3763
0 177
1 477
0 141
0 242
1 295
2 295
3 395
29 615
3 308
0 1695
22 511
0 227
0 257
2 2339
1 395
0 359
0 761
3 257
0 176
3 336
0 195
1 365
0 240
1 230
7 196
7 338
4 1116
3 1116
4 1124
0 300
6 1623
37 906
0 57
0 188
0 1057
0 233
2 721
3 318
0 735
3 699
2 446
0 310
0 165
8 465
14 1130
74 679
1 392
11 348
0 1898
1 1898
2 472
1 950
0 950
5 950
0 191
3 1695
0 324
0 282
0 861
3 1695
23 360
0 960
6 388
1 1701
0 453
1 453
0 247
3 461
0 295
0 1042
12 549
18 319
5 1110
6 2517
1 866
4 866
12 141
3 387
3 48
0 1791
4 1791
2 511
2 275
7 286
0 423
0 191
9 950
0 509
0 861
0 364
10 364
0 378
1 3651
0 364
5 364
0 298
7 679
2 654
0 177
8 605
14 392
11 392
0 569
0 43
5 414
0 272
4 327
1 2050
2 2050
0 2050
0 617
2 927
13 1268
12 1268
15 1268
27 1413
4 157
9 317
14 790
84 790
0 812
19 1077
25 584
27 562
10 1360
2 1695
29 405
2 587
0 127
2 1592
0 1592
2 1719
0 1719
1 1719
0 548
2 548
1 195
5 352
0 1043
13 2703
8 2703
3 2703
2 2703
11 1165
10 395
1 1323
0 1323
2 1323
5 1323
3 1323
0 118
4 165
8 663
11 451
11 1536
0 1526
1 1526
3 1526
2 116
12 327
1 587
2 139
1 325
6 1288
2 116
5 240
0 217
355 712
7 1386
4 2339
4 2517
5 381
15 284
0 183
11 295
1 2517
26 2339
1 465
0 247
0 2517
0 55
3 281
1 247
12 1360
0 461
42 3761
0 590
2 594
21 378
9 1539
3 108
178 4338
165 1552
2 152
6 646
2 306
0 657
1 657
12 1042
42 421
1 1042
4 222
4 1034
0 270
0 1104
1 486
0 502
0 57
12 816
4 2365
16 1074
0 187
1 2236
2 2236
3 2236
4 2236
1 405
23 1110
3 497
11 222
0 120
0 151
1 1392
0 230
1 86
3 78
156 2339
0 9
1 1021
4 318
3 308
30 279
0 762
0 88
5 721
20 1027
0 500
0 89
3 86
11 159
7 733
23 725
0 276
1 497
4 1130
0 456
1 654
0 777
0 53
0 340
68 475
2 142
1 694
0 41
0 90
3 588
1 588
3 588
0 214
0 67
0 588
1 327
1 342
0 588
3 193
1 161
7 90
1 588
0 41
6 322
3 718
1 142
11 567
4 588
3 113
0 120
2 588
21 567
46 588
1 588
3 483
1 588
3 218
12 588
0 282
0 282
12 588
11 218
0 327
1 24
0 274
2 274
2 214
1 142
2 90
12 90
1 228
6 567
0 229
10 567
1 343
1 228
1 327
0 43
4 386
4 694
10 228
1 475
0 588
20 475
31 946
0 475
0 567
3 457
2 327
2 483
2 343
0 116
0 475
9 228
0 342
3 327
39 560
21 229
0 99
2 588
7 43
6 43
0 168
6 141
2 483
0 16
3 588
1 386
0 334
2 588
3 588
11 588
3 588
0 90
7 588
0 271
5 588
8 386
0 67
35 560
12 342
0 454
1 588
6 588
1 211
16 694
44 694
10 228
14 327
3 588
5 752
0 53
2 229
2 588
2 41
0 374
0 334
22 588
2 475
7 110
0 229
0 58
0 588
0 142
6 153
0 334
3 116
6 118
5 588
7 386
3 327
1 142
13 228
11 156
3 588
1 588
1 327
2 343
10 153
25 475
2 588
0 99
0 588
2 588
28 574
0 694
1 90
12 694
2 56
30 560
5 342
0 322
0 752
3 588
35 327
0 193
12 454
0 342
0 67
0 327
0 588
1 229
0 342
0 67
171 2673
0 211
3 483
0 327
2 228
4 33
6 962
1 1539
0 125
0 120
6 80
1 816
0 554
1 176
0 406
0 66
1 473
0 977
0 844
0 290
13 502
0 88
2 275
1 147
6 515
0 1205
0 1403
0 1695
17 605
5 605
3 1347
1 1347
1 1516
0 295
0 473
0 59
4 1021
9 788
15 228
0 1110
0 88
0 768
1 476
0 337
0 340
50 1695
0 127
0 308
1 378
0 241
4 452
0 284
2 1900
0 1900
1 3101
0 3101
0 6
4 218
12 664
0 158
0 423
1 951
2 951
0 623
0 399
3 1577
0 278
1 214
5 2150
0 2150
0 145
0 404
0 1074
4 336
0 362
4 594
0 216
0 439
1 527
1 1386
0 639
28 762
0 625
1 625
0 725
0 395
0 1036
0 1042
1 393
2 1539
1 368
3 1539
16 117
1 632
1 1042
1 518
3 567
0 452
1 1071
0 347
1 303
0 120
3 270
8 2237
3 2237
1 2237
0 2237
10 2237
0 233
249 1552
0 409
0 1230
2 1230
0 853
1 400
0 126
0 446
9 857
0 973
0 274
1 274
2 3390
31 3390
7 3390
4 3390
0 584
32 890
0 626
6 216
0 1346
0 247
9 287
6 79
0 196
16 191
252 7353
1 7353
87 7353
620 7353
139 7353
35 7353
279 7353
11 7353
3 7353
636 7353
8 7353
24 7353
2 7353
265 7353
5 7353
42 7353
0 141
1 2466
2 2466
0 2466
5 2466
1 1456
43 10604
71 10604
1 10604
19 10604
33 10604
3 10604
81 10604
150 10604
26 10604
63 10604
6 10604
92 10604
52 10604
34 10604
67 10604
109 10604
6 1655
4 1655
0 407
5 1162
11 1162
2 1162
8 1162
4 479
20 623
0 87
1 564
8 391
0 295
1 590
0 508
43 1695
1 47
36 788
23 788
32 788
30 788
33 788
1 788
3 788
26 788
27 788
1 230
0 739
0 436
2 1695
0 247
3 626
1 567
3 115
3 48
0 344
16 684
79 764
1 582
86 1072
6 1862
0 1862
1 369
10 876
1 625
0 233
2 937
0 937
17 937
0 230
2 421
0 272
0 218
2 812
19 826
0 919
3 887
1 1072
44 2339
3 958
1 958
3 1623
1 141
0 792
1 811
1 2330
0 2330
1 247
4 974
6 120
0 182
3 423
0 1967
0 30
1 384
0 549
14 1153
1 497
2 188
2 498
0 157
2 157
2 2339
4 950
1 57
0 135
0 473
0 962
0 448
0 163
0 414
9 1161
0 1161
2 1161
1 117
2 96
0 1403
0 1346
1 139
11 1110
0 473
4 318
0 318
1 700
0 162
6 1967
2 1539
0 1539
0 106
5 5662
9 5662
14 5662
13 5662
12 5662
8 1536
12 1536
4 625
16 2565
9 2565
4 2565
0 2565
8 2565
1 2565
11 1747
1 384
2 183
2 1249
0 1249
0 87
0 812
3 746
1 2128
0 2128
2 2128
0 473
0 67
2 124
23 178
0 764
2 379
2 2396
0 2396
1 2396
15 890
1 890
3 890
0 38
0 2407
3 2407
2 2407
7 2407
1 735
0 581
3 581
2 385
3 385
3 615
0 139
0 641
0 448
5 1064
0 1064
4 2225
0 89
0 941
0 89
0 1419
5 452
0 80
11 554
1 89
0 1294
17 1294
7 381
7 1948
0 1948
2 1948
1 1948
4 962
8 448
0 352
0 137
0 594
7 1708
0 1708
7 287
0 25
0 816
0 626
0 90
25 2339
0 1536
0 233
4 69
0 319
0 796
0 446
0 527
2 142
0 369
0 153
2 590
1 385
19 413
2 446
2 2395
0 2395
4 404
295 592
19 2163
21 2163
25 2163
4 55
21 191
1 2423
2 2423
0 2423
0 344
0 196
0 452
24 1403
1 1205
2 1205
3 1014
0 294
0 448
2 86
0 395
2 844
0 844
0 303
1 1360
0 812
3 107
0 562
2 479
5 467
0 1733
23 1733
8 1733
0 80
0 739
0 446
36 247
0 389
0 733
3 215
2 295
1 431
0 175
0 130
1 187
5 135
0 284
6 371
7 330
2 1724
0 1724
1 1724
1 549
0 919
56 1139
1 896
0 896
1 437
0 103
0 264
2 261
0 264
0 648
5 1577
2 1501
3 1501
1 1501
23 617
2 1618
0 285
1 504
0 115
1 48
0 247
0 737
0 223
0 509
0 311
7 594
2 477
0 345
1 733
2 789
1 789
0 605
5 1747
0 347
0 1511
1 1511
0 362
0 147
0 307
2 139
1 139
0 382
7 1766
28 788
2 788
5 788
4 788
18 788
0 788
1 788
20 788
3 788
2 694
0 694
5 307
1 174
3 371
0 1077
0 537
8 178
0 103
1 290
1 3159
2 3159
0 3159
0 1331
24 50
0 716
0 508
12 1909
14 1909
10 1909
0 1618
0 1618
0 384
1 384
0 102
0 94
1 585
0 474
41 535
0 261
0 295
0 169
0 148
4 183
4 876
1 733
10 1787
3 1787
0 1787
24 617
0 1553
2 1553
1 504
2 343
1 632
0 127
2 504
1 1083
1 65
29 1144
0 178
3 172
16 240
33 431
1 919
2 498
0 1618
11 1475
12 368
3 26
2 1965
12 1965
11 1965
8 1965
1 1965
30 1965
1 125
0 175
4 55
4 379
0 229
0 229
0 230
1 1042
0 344
1 323
1 746
11 876
3 479
7 406
2 504
4 171
25 575
4 764
4 1913
2 1913
0 1057
2 269
0 173
0 344
0 772
0 242
1 1695
2 1695
0 382
2 764
0 175
0 94
1 811
0 394
0 1287
0 176
4 139
0 310
0 360
5 230
1 811
1 381
1 1129
3 1129
4 1129
4 638
0 1071
5 1410
0 1410
1 1410
1 811
0 497
4 37
0 285
0 305
3 256
0 360
8 233
4 623
1 1061
1 260
0 452
0 563
1 592
7 144
4 327
0 617
0 337
0 362
597 5976
48 5976
3 5976
112 5976
163 5976
0 5976
113 5976
40 5976
14 5976
10 1075
1 379
14 661
0 162
1 2517
9 431
0 100
1 1386
11 850
2 511
1 405
0 1102
1 1102
0 370
2 196
1 361
8 841
0 698
0 124
0 290
3 218
1 439
7 229
0 349
0 89
0 360
5 333
4 333
0 526
0 122
0 412
0 196
0 874
0 247
0 896
1 338
2 338
2 142
18 1779
145 1779
7 1779
148 1779
1 1238
12 876
11 1853
7 1853
9 1853
6 592
0 564
1 173
0 1539
0 158
0 812
6 584
1 328
4 262
0 816
0 99
8 796
1 404
1 146
0 345
5 464
1 228
14 274
459 919
0 502
0 1110
2 122
3 446
9 518
0 141
2 585
0 561
1 2808
0 1357
141 1416
0 204
2 100
66 563
0 564
0 473
39 1110
0 339
163 327
4 308
7 295
0 587
0 777
0 558
0 149
11 209
1 279
3 962
2 3095
7 3095
5 3095
12 1617
4 1617
0 1617
1 1617
0 318
0 327
3 1767
15 1767
1 1767
2 1767
1 240
0 1071
0 522
0 1618
1 465
0 465
1 465
