5 384
5 375
16 392
0 576
18 576
37 776
36 776
11 511
18 2287
3 2287
2 745
4 745
6 914
6 338
4 448
1 691
0 691
0 183
15 914
27 1155
35 1155
577 1155
3 1155
8 1155
3 1370
17 1623
3 7389
99 7389
12 7389
22 7389
9 7389
23 7389
19 7389
16 7389
1 7389
6 7389
142 7389
4 2339
5 615
22 1288
4 176
19 1265
3 1265
22 1265
4 150
3 79
0 1983
1 1983
7 1983
6 1983
3 269
14 397
10 1208
6 1208
9 1208
8 1474
10 240
4 448
2 558
1 1113
0 1113
1 79
6 305
8 400
5 388
6 590
1 1483
6 152
2 152
3 796
767 1536
0 805
12 276
14 328
0 1267
2 1267
15 1267
24 1267
1 1267
13 522
2 198
2 1013
2 1013
5 152
0 1303
0 1008
7 1008
2 327
4 562
9 737
8 737
7 264
7 175
0 44
0 89
5 1913
2 1913
12 1539
23 973
21 855
5 301
27 7645
12 7645
1 7645
16 7645
168 7645
6 7645
10 7645
7 7645
8 7645
100 7645
49 7645
2 7645
43 7645
11 7645
21 7645
20 7645
41 7645
24 7645
59 7645
26 7645
728 9306
2 9306
82 9306
16 9306
6 9306
172 9306
0 9306
20 9306
5 9306
710 9306
43 9306
1 9306
91 9306
186 9306
3 9306
130 9306
68 9306
23 9306
11 3760
116 3760
19 3760
3 3760
64 3760
7 3760
36 3760
14 3760
11 689
5 295
16 1454
0 1454
8 1454
10 1454
2 626
0 203
0 405
2 794
1 794
1 844
328 657
3 1110
4 150
0 1071
0 812
0 812
0 422
16 896
6 395
4 2339
1 135
9 324
4 721
6 79
2 204
1 811
1 368
0 380
0 380
3 384
9 152
4 98
9 68
2 446
0 777
10 777
3 884
19 884
6 1514
26 876
4 348
0 169
2 663
0 663
13 303
10 240
1 441
5 1474
0 733
4 1077
1 404
0 973
1 138
19 1618
3 567
17 876
1 176
0 2150
58 2150
17 876
15 311
7 1597
3 1597
6 1597
28 1597
19 618
0 98
0 184
14 776
11 776
5 497
4 57
17 392
0 670
2 670
18 392
0 511
6 247
0 876
171 344
8 965
37 1539
2 509
4 215
12 176
4 215
4 215
28 1386
2 283
4 764
0 465
0 792
15 10782
5 10782
8 10782
11 10782
6 10782
68 10782
31 10782
44 10782
56 10782
46 10782
71 10782
745 10782
14 10782
20 10782
18 10782
4 10782
9 10782
13 10782
83 10782
24 10782
17 10782
16 10782
41 10782
0 10782
71 10782
52 10782
4 224
10 767
10 144
49 540
0 2510
1 2510
134 269
5 269
0 1269
1 1269
3 919
1 782
4 448
1 931
0 931
1 247
4 89
3 2038
0 2038
1 2038
1 446
15 737
0 1898
3 1898
19 584
20 1360
4 2257
3 2257
1 1695
44 2339
10 1072
3 746
3 746
1 2150
9 2150
10 3410
1 3410
19 3410
5 746
1 2150
17 2150
11 764
6 746
0 456
17 590
41 2449
46 2449
26 191
3 777
3 266
7 1027
7 976
17 976
17 3000
8 3000
6 3000
141 3000
9 3000
12 3000
3 202
2 456
9 777
3 381
0 295
2 186
220 441
1 94
33 68
1 287
7 240
70 142
11 240
7 655
11 1197
8 2831
6 2831
4 2831
1 2831
8 1331
0 4210
1 4210
90 4210
2 4210
8 4210
28 4210
39 4210
9 4210
3 4210
13 4210
251 4210
0 20
3 209
1 677
0 677
1 1547
2 1547
0 888
1 888
1 344
1 413
14 1012
1 1012
14 1012
1 269
13 467
5 504
554 1110
1 585
2 2128
7 2128
0 2128
9 960
4 1483
25 1536
9 1536
11 1110
2 1069
3 1069
0 1069
3 1014
32 811
8 1110
1 423
0 93
5 183
2 384
1 724
2 2375
0 2375
6 2375
2 178
10 788
3 788
6 788
5 788
11 788
0 788
1 788
11 788
4 788
1 203
9 226
0 4949
9 4949
4 4949
23 4949
17 4949
16 4949
19 4949
0 120
71 2150
0 2150
3 2150
0 653
14 689
20 2955
6 2955
15 2955
9 2955
19 2955
0 2955
8 2955
4 1695
0 439
0 439
11 225
2 2163
3 2163
13 13875
18 13875
8 13875
21 13875
14 13875
79 13875
0 13875
2 13875
1 13875
5 13875
6937 13875
10 13875
459 13875
28 13875
30 2339
3 222
4 150
3 1164
6 1164
4 1164
0 2347
1 2347
2 2347
3 2347
0 633
0 384
18 3126
20 3126
13 3126
6 3126
9 3126
15 3126
8 3126
2 1078
0 1078
3 1078
3 267
1 1926
262 526
8 812
12 858
14 5657
13 5657
29 5657
3 5657
1 5657
0 5657
18 5657
176 5657
29 1042
12 423
6 218
85 172
19 1307
63 1021
14 384
5 400
11 240
6 247
1 176
1 247
2 124
20 618
5 247
0 1708
17 1708
12 1708
1 1708
5 762
0 762
1 152
8 371
5 264
1 442
0 442
0 389
17 5642
11 5642
87 5642
154 5642
19 5642
16 5642
61 5642
2 416
111 223
3 86
22 543
16 1403
16 1403
14 679
2 2517
0 87
344 689
10 336
4 89
2 153
29 1403
13 1963
17 1963
1 2002
14 2002
8 2002
11 147
1 147
4 163
131 264
12 1539
131 264
16 590
0 181
120 241
1 465
56 764
62 764
12 764
13 295
0 1652
1 1652
4 1967
1 86
0 1110
3 1183
1 1183
2 1183
0 876
0 389
1 1124
0 1124
10 1014
0 961
2 961
4 961
0 526
1 359
27 1130
1 257
27 1386
14 842
520 1042
0 257
2 2403
79 2403
45 2403
1 106
8 375
10 617
5 270
28 270
9 340
4 327
0 380
4 518
3 587
0 587
1 384
0 424
5 264
21 699
39 1317
9 1317
0 1317
9 120
10 594
0 538
0 603
5 1130
3 344
11 240
1 1241
3 122
25 855
2 1898
1 1898
1 1898
0 1898
19 384
8 17
18 914
0 777
81 163
5 4713
4 4713
1 4713
2356 4713
0 4713
16 4713
0 44
1 2150
7 2150
4 2150
7 2150
8 402
132 266
0 781
4 781
1 781
2 781
22 664
20 689
6 874
1 796
8 796
61 1464
16 1464
58 1464
0 548
7 382
116 233
1 663
9 257
252 506
5 1012
5 257
1 626
2 371
390 782
7 3816
3 3816
1 3816
0 3816
2 3816
14 3816
11 3816
3 340
6 1347
0 1347
1 149
7 554
0 364
4 364
147 295
217 435
6 695
3 1247
0 1247
3 423
4 914
0 265
1 631
0 631
2 186
0 518
85 171
255 511
24 431
0 2308
3 2308
9 2303
24 2303
2 145
1 145
5 145
14 467
29 518
2 405
8 318
9 423
7 324
8 389
14 8726
3 8726
75 8726
11 8726
12 8726
52 8726
368 8726
79 8726
50 8726
0 8726
6 8726
72 8726
5 8726
0 422
2 108
0 456
0 1036
1 1036
18 391
0 344
13 679
2 154
198 397
33 3066
5 3066
51 3066
2 1214
11 1214
41 1595
57 1595
26 764
0 457
0 368
0 376
4 209
3 209
2 1191
0 1191
1 592
10 378
70 141
1 389
4 446
4 264
8 526
8 1110
6366 12734
35 12734
4 12734
6 12734
42 12734
183 12734
6366 12734
55 12734
21 12734
626 12734
79 12734
79 12734
87 12734
97 12734
107 12734
657 12734
80 12734
100 12734
3 203
5 89
1 653
9 295
0 841
0 441
7 384
0 876
32 1264
631 1264
44 1264
2 404
1 1483
0 1110
26 590
14 590
6 264
0 107
21 1386
0 148
4 89
10 842
33 461
0 669
4 669
11 737
30 699
2 423
11 737
0 107
0 107
0 148
0 473
5 2629
1 2629
70 2629
68 2629
9 384
2 1589
1 1589
0 1589
4 113
0 2696
1 2696
2 2696
0 774
34 664
493 987
1 987
3 987
16 4344
10 4344
7 4344
18 4344
2 4344
9 4344
11 4344
4 222
18 626
32 1376
15 1376
21 1376
29 1376
0 558
8 680
0 680
4 234
1 177
3 177
14 384
15 441
33 441
3 376
0 1511
2 1511
11 522
1 522
0 169
17 737
34 664
11 479
4 2238
7 2238
2 2238
13 2238
18 1074
12 737
2 762
43 2517
393 788
6 2300
7 2300
8 762
9 618
0 183
27 270
11 558
5 252
10 295
14 1913
28 1913
28 656
5 656
12 656
11 240
1 423
381 764
14 373
0 446
3 357
7 423
0 632
6 590
7 562
227 456
0 9
293 587
4 562
6 1014
0 774
0 404
0 567
2 1407
1 594
1 690
0 690
0 250
1 127
26 295
2 2725
3 2725
4 2725
1 2725
0 2725
1 442
0 442
9 518
0 508
0 269
1 269
0 38
0 6094
2 6094
3 6094
1 6094
5 6094
6 1370
41 2737
1 2737
10 1409
262 526
18 465
3 339
4 960
1 960
16 382
1 295
0 404
0 431
1 1536
5 615
0 844
0 308
1 504
0 560
0 730
1 730
0 764
0 1701
11 240
141 283
10 596
17 392
1 2339
3 2339
0 303
0 461
25 563
19 438
0 122
0 980
1 980
422 845
1 665
4 378
1 352
7 889
4 889
0 189
0 431
0 751
262 526
3 1955
6 1955
1 1955
46 1955
2 1955
4 1955
23 9453
72 9453
31 9453
3 9453
4 9453
146 9453
6 9453
10 9453
5 9453
17 9453
146 9453
16 9453
18 9453
36 9453
8 9453
1 3604
24 3604
27 3604
1801 3604
23 3604
1 2982
9 2982
2 2982
3 2982
8 2982
7 1152
2 499
0 181
1 181
124 249
25 613
12 395
2 575
1 122
11 1114
0 1114
141 283
141 283
0 241
27 55
8 655
2 1887
1 1887
3 1887
4 7512
14 7512
16 7512
17 7512
3 7512
19 7512
6 7512
346 7512
84 7512
478 7512
104 7512
20 7512
47 7512
10 7512
441 7512
4 328
2 623
1 106
0 82
2 305
6 196
75 151
13 439
1 328
10 2031
1 4370
3 4370
5 4370
4 4370
0 4370
7 4370
6 4370
2 4370
0 340
0 360
2 269
0 413
15 887
0 187
1 187
4 534
7 1539
4 726
128 257
6 202
0 764
1 764
0 473
1 729
2 729
3 729
1 174
296 593
1 326
5 282
29 59
39 2849
17 2849
1 2849
21 2849
2 225
217 435
2 435
0 522
72 146
6 479
6 399
0 587
5 562
393 788
1 788
393 788
393 788
393 788
2 788
2 788
393 788
393 788
2 473
4 473
7 1528
1 1528
13 1904
11 1904
2 733
3 219
68 2417
50 2417
24 594
17 594
26 594
1 620
0 620
0 476
3 476
1 405
3 1695
1 91
45 91
2 1223
0 1223
3 1223
11 479
2 328
6 1879
3 1879
83 4834
15 4834
60 4834
3 4834
12 4834
40 4834
1 145
33 739
11 336
11 361
88 177
7 413
379 759
2 191
2 191
5 240
6 233
3 177
0 176
5 318
1 807
0 807
9 761
3 446
1 931
0 931
2 1074
6 812
143 287
17 764
3 1043
0 857
2 922
4 558
7 558
4 279
86 173
8 130
0 617
1 617
2 1707
3 1707
7 4275
1 4275
2 4275
0 4275
5 4275
1 1149
0 1149
2 1149
3 2971
2 2971
11 336
2 318
0 1026
1 92
0 92
0 311
1 161
4 774
11 127
4 379
0 400
3 428
190 381
5 562
5 497
8 393
5 279
12 323
6 395
4 223
0 362
14 509
1 2434
9 716
8 388
19 233
0 484
3 484
4 484
1 1075
20 1075
20 1075
20 1075
58 118
0 114
48 844
26 844
2 306
1 1742
2 1742
0 1742
11 441
4 655
8 764
3 509
1868 3737
1 3737
2 3737
0 3737
11 562
1090 2181
2 338
3 40
3 379
4 405
2 474
2 98
2 1143
183 368
36 699
2 343
12 126
18 1644
22 1644
1 767
5 767
383 767
9 20
154 310
4 354
4 61
6 297
363 727
11 395
13 1618
4 233
190 381
1 473
108 217
1 152
383 768
0 171
0 567
0 301
0 461
393 788
2 788
393 788
393 788
393 788
2 788
2 788
393 788
393 788
2 405
3 653
2 139
1 324
0 973
8 1386
0 633
22 664
39 1618
17 395
0 295
171 344
6 230
1109 2219
0 385
9 527
18 1926
27 1926
3 548
0 919
12 699
4 472
4 327
0 821
2 821
3 821
4 526
3 567
14 1012
14 1012
14 1012
10 562
369 739
2 266
113 227
0 241
6 635
3 391
5 177
5 407
10 435
12 535
15 527
2 371
9 371
2 240
0 57
148 297
5 262
2 361
19 1312
0 84
6 287
5 509
1 585
9 592
17 812
1169 2339
14 290
0 948
1 948
0 448
25 973
4 360
9 389
30 1646
2 2101
0 2101
3 2101
4 2101
6 876
13 472
5 265
8 777
3 502
4 137
104 209
10 144
0 183
0 370
67 135
2 120
7 962
16 721
0 114
5 3218
3 1747
0 231
4 1110
0 153
0 290
4 397
12 325
14 319
19 382
13 5267
15 5267
8 5267
19 5267
49 5267
14 5267
45 5267
81 5267
3 5267
7 5267
5 5267
2 5267
17 5267
56 5267
2 1034
0 1034
0 2191
1 2191
7 247
3 247
17 1416
513 1027
0 319
0 1042
0 384
0 163
1 127
0 484
1 900
0 544
31 265
6 368
0 930
13 2416
11 2416
14 2416
16 919
2 407
0 382
0 247
0 233
2 1183
1 1183
0 1183
1 1185
0 382
0 340
0 3763
1 3763
6 177
18 477
1 141
22 242
0 295
2 295
13 395
307 615
1 308
3 1695
11 511
0 227
2 257
34 2339
7 395
2 359
9 761
8 257
0 176
12 336
2 195
2 365
11 240
2 230
3 196
9 338
8 1116
1 1116
2 1124
0 300
5 1623
20 906
0 57
2 188
1 1057
0 233
2 721
8 318
0 735
32 699
3 446
0 310
0 165
232 465
3 1130
339 679
1 392
173 348
2 1898
0 1898
2 472
2 950
1 950
3 950
3 191
1 1695
0 324
1 282
0 861
19 1695
179 360
4 960
3 388
3 1701
0 453
1 453
1 247
2 461
26 295
11 1042
5 549
159 319
6 1110
7 2517
1 866
0 866
7 141
2 387
23 48
0 1791
3 1791
8 511
2 275
142 286
0 423
2 191
13 950
16 509
0 861
0 364
4 364
2 378
0 3651
0 364
11 364
0 298
6 679
20 654
6 177
10 605
4 392
3 392
4 569
0 43
9 414
4 272
7 327
1 2050
2 2050
3 2050
0 617
5 927
5 1268
2 1268
1 1268
706 1413
78 157
8 317
31 790
394 790
4 812
538 1077
8 584
280 562
20 1360
1 1695
202 405
293 587
5 127
2 1592
0 1592
1 1719
2 1719
0 1719
0 548
1 548
97 195
1 352
0 1043
6 2703
4 2703
5 2703
20 2703
39 1165
11 395
0 1323
2 1323
1 1323
6 1323
4 1323
0 118
1 165
1 663
9 451
31 1536
0 1526
2 1526
33 1526
2 116
14 327
3 587
0 139
2 325
7 1288
2 116
119 240
2 217
355 712
28 1386
83 2339
1 2517
8 381
141 284
2 183
147 295
8 2517
13 2339
10 465
2 247
0 2517
0 55
4 281
0 247
20 1360
9 461
97 3761
3 590
5 594
16 378
15 1539
9 108
2168 4338
775 1552
4 152
2 646
5 306
7 657
10 657
18 1042
210 421
1 1042
3 222
0 1034
0 270
4 1104
1 486
3 502
1 57
407 816
38 2365
536 1074
0 187
0 2236
1 2236
4 2236
2 2236
4 405
14 1110
13 497
110 222
0 120
0 151
0 1392
0 230
6 86
6 78
1169 2339
0 9
1 1021
1 318
1 308
2 279
3 762
0 88
13 721
15 1027
2 500
1 89
2 86
13 159
4 733
7 725
0 276
1 497
3 1130
0 456
0 654
0 777
0 53
0 340
237 475
2 142
5 694
0 41
0 90
16 588
11 588
3 588
2 214
0 67
7 588
1 327
1 342
0 588
96 193
2 161
44 90
10 588
1 41
10 322
2 718
2 142
16 567
10 588
4 113
0 120
6 588
10 567
18 588
27 588
16 483
27 588
6 218
21 588
10 282
11 282
293 588
108 218
1 327
11 24
0 274
4 274
2 214
1 142
6 90
44 90
1 228
6 567
0 229
13 567
7 343
2 228
6 327
0 43
5 386
42 694
16 228
5 475
3 588
35 475
22 946
0 475
0 567
3 457
11 327
15 483
8 343
0 116
0 475
113 228
1 342
163 327
279 560
6 229
0 99
8 588
7 43
21 43
0 168
10 141
1 483
7 16
8 588
3 386
13 334
14 588
12 588
8 588
17 588
0 90
27 588
3 271
13 588
14 386
4 67
279 560
170 342
4 454
11 588
12 588
3 211
26 694
20 694
8 228
9 327
14 588
18 752
4 53
0 229
28 588
3 41
1 374
0 334
16 588
31 475
6 110
0 229
0 58
18 588
2 142
7 153
7 334
3 116
58 118
14 588
26 386
4 327
2 142
13 228
77 156
3 588
5 588
3 327
26 343
9 153
9 475
0 588
0 99
0 588
5 588
286 574
4 694
1 90
22 694
1 56
279 560
11 342
11 322
0 752
14 588
21 327
0 193
11 454
3 342
2 67
1 327
10 588
5 229
2 342
3 67
1336 2673
1 211
16 483
0 327
0 228
4 33
480 962
1 1539
0 125
0 120
6 80
1 816
0 554
1 176
0 406
0 66
0 473
0 977
0 844
0 290
11 502
3 88
2 275
3 147
5 515
0 1205
0 1403
0 1695
10 605
7 605
1 1347
3 1347
24 1516
0 295
0 473
0 59
6 1021
14 788
113 228
0 1110
0 88
0 768
2 476
10 337
0 340
29 1695
5 127
1 308
0 378
0 241
3 452
0 284
11 1900
0 1900
1 3101
0 3101
0 6
6 218
26 664
0 158
0 423
13 951
16 951
0 623
0 399
2 1577
0 278
3 214
2 2150
0 2150
0 145
0 404
0 1074
10 336
0 362
4 594
0 216
2 439
4 527
2 1386
8 639
17 762
0 625
1 625
0 725
0 395
0 1036
26 1042
2 393
6 1539
1 368
2 1539
58 117
8 632
11 1042
29 518
1 567
0 452
0 1071
0 347
4 303
0 120
27 270
3 2237
24 2237
2 2237
1 2237
23 2237
0 233
775 1552
0 409
0 1230
2 1230
18 853
1 400
0 126
0 446
7 857
0 973
1 274
0 274
1 3390
32 3390
5 3390
0 3390
0 584
26 890
2 626
107 216
0 1346
0 247
143 287
39 79
0 196
15 191
29 7353
6 7353
228 7353
452 7353
30 7353
42 7353
319 7353
16 7353
32 7353
529 7353
3 7353
14 7353
31 7353
357 7353
9 7353
46 7353
2 141
5 2466
2 2466
0 2466
1 2466
3 1456
227 10604
1 10604
36 10604
67 10604
66 10604
7 10604
21 10604
250 10604
29 10604
216 10604
11 10604
8 10604
35 10604
52 10604
230 10604
31 10604
4 1655
0 1655
0 407
2 1162
10 1162
0 1162
1 1162
5 479
14 623
0 87
2 564
195 391
0 295
0 590
0 508
36 1695
23 47
393 788
3 788
20 788
11 788
393 788
1 788
4 788
20 788
393 788
1 230
0 739
1 436
14 1695
0 247
3 626
9 567
5 115
23 48
0 344
3 684
58 764
3 582
11 1072
5 1862
0 1862
7 369
17 876
1 625
1 233
4 937
0 937
5 937
0 230
1 421
3 272
6 218
3 812
13 826
0 919
1 887
1 1072
46 2339
13 958
0 958
16 1623
6 141
1 792
1 811
2 2330
0 2330
14 247
31 974
12 120
0 182
1 423
0 1967
0 30
6 384
4 549
24 1153
0 497
3 188
6 498
0 157
2 157
15 2339
6 950
2 57
0 135
12 473
0 962
3 448
1 163
5 414
3 1161
2 1161
1 1161
0 117
1 96
18 1403
0 1346
1 139
20 1110
0 473
2 318
0 318
1 700
0 162
3 1967
6 1539
1 1539
0 106
1 5662
4 5662
7 5662
4 5662
3 5662
23 1536
29 1536
14 625
28 2565
27 2565
26 2565
21 2565
18 2565
19 2565
30 1747
6 384
3 183
4 1249
3 1249
0 87
0 812
5 746
0 2128
1 2128
4 2128
0 473
0 67
3 124
4 178
0 764
3 379
1 2396
0 2396
2 2396
15 890
1 890
2 890
0 38
1 2407
3 2407
0 2407
8 2407
1 735
0 581
2 581
2 385
2 385
19 615
0 139
4 641
4 448
7 1064
0 1064
4 2225
4 89
0 941
0 89
0 1419
0 452
1 80
9 554
1 89
0 1294
28 1294
16 381
17 1948
6 1948
0 1948
3 1948
2 962
6 448
0 352
0 137
2 594
4 1708
0 1708
143 287
0 25
2 816
0 626
0 90
37 2339
0 1536
0 233
0 69
0 319
2 796
0 446
0 527
0 142
0 369
2 153
1 590
1 385
25 413
2 446
0 2395
2 2395
3 404
295 592
28 2163
1 2163
2 2163
27 55
20 191
1 2423
2 2423
0 2423
3 344
4 196
0 452
31 1403
0 1205
2 1205
3 1014
0 294
4 448
5 86
0 395
15 844
0 844
8 303
11 1360
0 812
0 107
0 562
8 479
9 467
16 1733
25 1733
23 1733
3 80
5 739
0 446
123 247
0 389
0 733
1 215
4 295
22 431
1 175
4 130
5 187
2 135
0 284
2 371
8 330
4 1724
0 1724
1 1724
1 549
9 919
569 1139
0 896
1 896
8 437
51 103
0 264
5 261
2 264
1 648
21 1577
2 1501
3 1501
1 1501
11 617
4 1618
1 285
8 504
3 115
1 48
0 247
0 737
0 223
0 509
0 311
4 594
31 477
0 345
1 733
11 789
3 789
0 605
4 1747
0 347
4 1511
3 1511
0 362
11 147
0 307
11 139
9 139
0 382
47 1766
393 788
1 788
4 788
5 788
393 788
0 788
2 788
393 788
6 788
9 694
0 694
4 307
3 174
3 371
5 1077
0 537
88 178
0 103
2 290
3 3159
6 3159
0 3159
4 1331
24 50
0 716
0 508
43 1909
47 1909
30 1909
1 1618
17 1618
0 384
7 384
0 102
0 94
2 585
4 474
267 535
0 261
23 295
0 169
0 148
5 183
14 876
1 733
8 1787
4 1787
0 1787
7 617
0 1553
2 1553
7 504
2 343
1 632
0 127
14 504
7 1083
2 65
13 1144
0 178
5 172
119 240
215 431
17 919
0 498
1 1618
30 1475
183 368
3 26
3 1965
0 1965
2 1965
5 1965
4 1965
14 1965
14 125
3 175
27 55
7 379
0 229
0 229
0 230
2 1042
0 344
7 323
4 746
16 876
10 479
23 406
2 504
2 171
4 575
17 764
14 1913
1 1913
1 1057
1 269
0 173
7 344
0 772
0 242
1 1695
14 1695
0 382
4 764
1 175
0 94
1 811
0 394
0 1287
0 176
9 139
0 310
0 360
5 230
2 811
1 381
0 1129
7 1129
1 1129
1 638
13 1071
9 1410
44 1410
0 1410
1 811
0 497
18 37
0 285
3 305
2 256
1 360
116 233
12 623
0 1061
4 260
0 452
1 563
6 592
4 144
163 327
0 617
6 337
3 362
418 5976
68 5976
26 5976
218 5976
228 5976
5 5976
233 5976
162 5976
72 5976
20 1075
4 379
8 661
2 162
0 2517
25 431
6 100
1 1386
7 850
1 511
4 405
0 1102
1 1102
0 370
3 196
1 361
13 841
25 698
0 124
0 290
108 218
2 439
3 229
0 349
4 89
0 360
13 333
13 333
2 526
2 122
0 412
3 196
6 874
0 247
1 896
1 338
2 338
3 142
69 1779
889 1779
53 1779
889 1779
0 1238
17 876
1 1853
4 1853
27 1853
0 592
1 564
2 173
8 1539
0 158
1 812
4 584
0 328
6 262
2 816
1 99
9 796
6 404
5 146
2 345
1 464
6 228
6 274
459 919
0 502
0 1110
4 122
4 446
10 518
0 141
10 585
18 561
0 2808
1 1357
707 1416
1 204
6 100
281 563
0 564
0 473
33 1110
0 339
163 327
2 308
9 295
2 587
1 777
3 558
3 149
7 209
0 279
1 962
2 3095
4 3095
0 3095
6 1617
1 1617
2 1617
0 1617
2 318
6 327
2 1767
9 1767
0 1767
1 1767
13 240
0 1071
0 522
0 1618
0 465
1 465
1 465
