9 384
13 375
17 392
3 576
21 576
387 776
387 776
255 511
32 2287
0 2287
10 745
10 745
456 914
168 338
223 448
1 691
4 691
2 183
20 914
7 1155
33 1155
577 1155
1 1155
26 1155
684 1370
811 1623
229 7389
229 7389
229 7389
229 7389
14 7389
229 7389
229 7389
229 7389
229 7389
229 7389
27 7389
72 2339
10 615
26 1288
87 176
18 1265
4 1265
25 1265
74 150
3 79
5 1983
4 1983
3 1983
1 1983
12 269
198 397
7 1208
18 1208
3 1208
736 1474
119 240
223 448
21 558
1 1113
0 1113
3 79
152 305
199 400
4 388
16 590
14 1483
75 152
75 152
11 796
767 1536
9 805
13 276
163 328
13 1267
3 1267
38 1267
8 1267
13 1267
260 522
98 198
2 1013
2 1013
75 152
16 1303
6 1008
6 1008
4 327
4 562
16 737
368 737
131 264
5 175
0 44
0 89
8 1913
15 1913
11 1539
29 973
427 855
150 301
147 7645
54 7645
177 7645
154 7645
126 7645
117 7645
153 7645
91 7645
88 7645
53 7645
47 7645
141 7645
106 7645
177 7645
155 7645
141 7645
146 7645
207 7645
1 7645
177 7645
580 9306
8 9306
55 9306
46 9306
50 9306
580 9306
34 9306
48 9306
12 9306
4652 9306
811 9306
6 9306
580 9306
580 9306
60 9306
42 9306
44 9306
24 9306
13 3760
116 3760
10 3760
8 3760
116 3760
16 3760
234 3760
15 3760
18 689
147 295
21 1454
1 1454
21 1454
21 1454
8 626
5 203
4 405
17 794
16 794
3 844
328 657
13 1110
74 150
9 1071
5 812
405 812
0 422
18 896
197 395
39 2339
1 135
161 324
360 721
39 79
101 204
9 811
13 368
17 380
18 380
1 384
9 152
48 98
33 68
8 446
11 777
388 777
15 884
441 884
756 1514
437 876
173 348
0 169
19 663
4 663
151 303
11 240
26 441
7 1474
7 733
11 1077
3 404
3 973
1 138
808 1618
283 567
437 876
1 176
28 2150
7 2150
437 876
155 311
4 1597
23 1597
3 1597
23 1597
308 618
4 98
3 184
387 776
37 776
248 497
28 57
195 392
0 670
40 670
195 392
12 511
123 247
437 876
171 344
12 965
769 1539
3 509
107 215
12 176
107 215
107 215
31 1386
141 283
10 764
14 465
5 792
13 10782
0 10782
51 10782
5 10782
110 10782
34 10782
335 10782
106 10782
95 10782
102 10782
105 10782
672 10782
62 10782
116 10782
87 10782
8 10782
92 10782
21 10782
103 10782
28 10782
16 10782
40 10782
85 10782
39 10782
105 10782
108 10782
4 224
12 767
71 144
269 540
4 2510
2 2510
134 269
5 269
6 1269
0 1269
5 919
7 782
223 448
6 931
6 931
6 247
44 89
1 2038
3 2038
2 2038
5 446
28 737
0 1898
3 1898
291 584
679 1360
10 2257
0 2257
38 1695
56 2339
535 1072
7 746
372 746
0 2150
66 2150
3 3410
0 3410
52 3410
372 746
0 2150
15 2150
381 764
372 746
5 456
17 590
37 2449
37 2449
95 191
11 777
132 266
23 1027
487 976
487 976
3 3000
68 3000
20 3000
92 3000
22 3000
38 3000
4 202
3 456
11 777
1 381
1 295
92 186
220 441
1 94
33 68
12 287
119 240
70 142
119 240
327 655
8 1197
43 2831
43 2831
43 2831
2 2831
665 1331
1 4210
12 4210
262 4210
7 4210
32 4210
29 4210
5 4210
262 4210
39 4210
38 4210
262 4210
1 20
5 209
10 677
0 677
11 1547
10 1547
10 888
11 888
171 344
5 413
14 1012
14 1012
22 1012
11 269
233 467
10 504
554 1110
10 585
32 2128
32 2128
2 2128
12 960
16 1483
767 1536
23 1536
18 1110
0 1069
32 1069
1 1069
16 1014
405 811
554 1110
14 423
1 93
91 183
3 384
15 724
36 2375
36 2375
36 2375
88 178
393 788
2 788
393 788
393 788
393 788
2 788
2 788
393 788
393 788
0 203
112 226
15 4949
19 4949
10 4949
14 4949
2 4949
9 4949
4 4949
4 120
66 2150
32 2150
32 2150
10 653
344 689
33 2955
6 2955
48 2955
1 2955
54 2955
18 2955
11 2955
14 1695
219 439
219 439
12 225
11 2163
10 2163
8 13875
29 13875
2 13875
28 13875
13 13875
30 13875
24 13875
25 13875
3 13875
14 13875
6937 13875
6 13875
432 13875
432 13875
39 2339
110 222
4 150
15 1164
8 1164
0 1164
17 2347
26 2347
3 2347
1 2347
4 633
11 384
13 3126
7 3126
6 3126
15 3126
2 3126
9 3126
8 3126
1 1078
4 1078
3 1078
3 267
21 1926
262 526
24 812
25 858
21 5657
31 5657
38 5657
10 5657
35 5657
5 5657
19 5657
153 5657
39 1042
211 423
5 218
85 172
653 1307
510 1021
16 384
14 400
119 240
123 247
1 176
123 247
61 124
308 618
123 247
12 1708
12 1708
12 1708
1 1708
10 762
10 762
1 152
185 371
7 264
26 442
26 442
11 389
11 5642
18 5642
87 5642
87 5642
8 5642
9 5642
13 5642
5 416
111 223
4 86
22 543
701 1403
701 1403
339 679
26 2517
1 87
344 689
9 336
44 89
76 153
701 1403
41 1963
40 1963
30 2002
30 2002
53 2002
14 147
14 147
81 163
131 264
9 1539
131 264
294 590
1 181
120 241
2 465
381 764
381 764
22 764
8 295
6 1652
1 1652
10 1967
4 86
9 1110
3 1183
1 1183
2 1183
5 876
9 389
0 1124
1 1124
11 1014
2 961
14 961
1 961
9 526
2 359
564 1130
9 257
31 1386
420 842
520 1042
4 257
74 2403
74 2403
74 2403
52 106
187 375
308 617
29 270
134 270
10 340
163 327
189 380
13 518
3 587
1 587
8 384
211 424
131 264
349 699
40 1317
40 1317
40 1317
59 120
296 594
3 538
1 603
564 1130
171 344
119 240
8 1241
60 122
29 855
28 1898
28 1898
43 1898
43 1898
17 384
8 17
456 914
8 777
81 163
35 4713
146 4713
3 4713
2356 4713
4 4713
146 4713
21 44
1 2150
4 2150
12 2150
14 2150
200 402
132 266
2 781
11 781
2 781
3 781
331 664
20 689
436 874
397 796
14 796
67 1464
64 1464
15 1464
11 548
190 382
116 233
2 663
128 257
252 506
505 1012
7 257
5 626
4 371
390 782
28 3816
58 3816
11 3816
9 3816
12 3816
18 3816
16 3816
11 340
41 1347
20 1347
2 149
10 554
4 364
4 364
147 295
217 435
25 695
8 1247
8 1247
211 423
17 914
5 265
0 631
1 631
5 186
15 518
85 171
255 511
29 431
17 2308
0 2308
24 2303
17 2303
5 145
10 145
3 145
233 467
258 518
5 405
158 318
10 423
161 324
9 389
24 8726
188 8726
60 8726
242 8726
56 8726
188 8726
438 8726
248 8726
229 8726
214 8726
3 8726
1 8726
2 8726
5 422
53 108
9 456
1 1036
0 1036
195 391
5 344
339 679
3 154
198 397
9 3066
7 3066
53 3066
2 1214
3 1214
797 1595
797 1595
381 764
2 457
3 368
2 376
104 209
104 209
1 1191
0 1191
26 592
10 378
70 141
9 389
11 446
131 264
9 526
9 1110
6366 12734
77 12734
15 12734
16 12734
119 12734
63 12734
6366 12734
110 12734
87 12734
72 12734
54 12734
54 12734
396 12734
104 12734
67 12734
52 12734
65 12734
396 12734
6 203
44 89
4 653
9 295
12 841
6 441
191 384
4 876
38 1264
631 1264
631 1264
201 404
14 1483
13 1110
294 590
294 590
131 264
53 107
692 1386
1 148
44 89
10 842
37 461
4 669
6 669
368 737
349 699
7 423
13 737
53 107
0 107
1 148
2 473
2 2629
60 2629
3 2629
5 2629
191 384
2 1589
3 1589
6 1589
56 113
32 2696
33 2696
0 2696
8 774
331 664
493 987
44 987
44 987
16 4344
24 4344
15 4344
11 4344
1 4344
10 4344
22 4344
110 222
312 626
37 1376
2 1376
35 1376
4 1376
22 558
10 680
4 680
5 234
88 177
88 177
16 384
220 441
220 441
187 376
0 1511
22 1511
11 522
11 522
84 169
16 737
331 664
239 479
64 2238
61 2238
4 2238
62 2238
17 1074
368 737
6 762
1258 2517
393 788
66 2300
67 2300
380 762
20 618
2 183
134 270
11 558
2 252
147 295
28 1913
28 1913
19 656
30 656
29 656
119 240
211 423
381 764
186 373
0 446
3 357
211 423
0 632
16 590
280 562
227 456
4 9
293 587
280 562
22 1014
386 774
11 404
283 567
15 1407
296 594
1 690
2 690
7 250
63 127
147 295
9 2725
10 2725
0 2725
9 2725
1 2725
2 442
0 442
15 518
2 508
3 269
2 269
0 38
1 6094
22 6094
22 6094
3 6094
22 6094
684 1370
0 2737
41 2737
704 1409
262 526
232 465
169 339
12 960
6 960
8 382
147 295
201 404
8 431
3 1536
307 615
7 844
153 308
8 504
7 560
1 730
1 730
3 764
2 1701
119 240
141 283
15 596
195 392
7 2339
1 2339
3 303
2 461
281 563
5 438
60 122
0 980
0 980
422 845
1 665
3 378
175 352
2 889
10 889
3 189
1 431
7 751
262 526
60 1955
60 1955
0 1955
60 1955
1 1955
60 1955
146 9453
146 9453
146 9453
146 9453
146 9453
164 9453
146 9453
146 9453
146 9453
146 9453
146 9453
146 9453
146 9453
146 9453
146 9453
27 3604
27 3604
27 3604
1801 3604
27 3604
4 2982
9 2982
0 2982
1 2982
3 2982
17 1152
249 499
1 181
0 181
124 249
306 613
197 395
2 575
3 122
16 1114
4 1114
141 283
141 283
120 241
27 55
327 655
3 1887
4 1887
1 1887
54 7512
38 7512
16 7512
468 7512
7 7512
5 7512
34 7512
116 7512
116 7512
468 7512
501 7512
36 7512
29 7512
503 7512
3755 7512
6 328
311 623
52 106
0 82
8 305
97 196
75 151
219 439
163 328
1015 2031
5 4370
2 4370
3 4370
11 4370
4 4370
1 4370
6 4370
11 4370
0 340
1 360
3 269
2 413
443 887
1 187
1 187
266 534
8 1539
6 726
128 257
100 202
22 764
22 764
9 473
2 729
1 729
3 729
86 174
296 593
4 326
140 282
29 59
43 2849
1 2849
21 2849
32 2849
12 225
217 435
217 435
4 522
72 146
27 479
199 399
293 587
7 562
393 788
2 788
393 788
393 788
393 788
2 788
2 788
393 788
393 788
2 473
2 473
10 1528
0 1528
951 1904
951 1904
366 733
109 219
17 2417
76 2417
296 594
13 594
296 594
3 620
3 620
2 476
2 476
6 405
2 1695
45 91
45 91
2 1223
1 1223
15 1223
239 479
5 328
2 1879
2 1879
150 4834
150 4834
150 4834
0 4834
150 4834
150 4834
72 145
22 739
167 336
180 361
88 177
10 413
379 759
2 191
2 191
119 240
8 233
88 177
0 176
5 318
1 807
0 807
380 761
5 446
6 931
6 931
36 1074
2 812
143 287
381 764
25 1043
7 857
7 922
7 558
7 558
0 279
86 173
64 130
3 617
3 617
18 1707
8 1707
48 4275
12 4275
8 4275
48 4275
13 4275
2 1149
4 1149
3 1149
14 2971
13 2971
167 336
158 318
31 1026
0 92
1 92
3 311
1 161
386 774
11 127
4 379
199 400
5 428
190 381
6 562
248 497
196 393
139 279
12 323
197 395
111 223
8 362
254 509
11 2434
357 716
193 388
18 233
4 484
241 484
241 484
537 1075
537 1075
537 1075
537 1075
58 118
0 114
421 844
421 844
152 306
0 1742
2 1742
1 1742
220 441
327 655
10 764
254 509
1868 3737
4 3737
3 3737
0 3737
5 562
1090 2181
4 338
3 40
189 379
4 405
6 474
2 98
3 1143
183 368
349 699
171 343
10 126
33 1644
11 1644
1 767
5 767
383 767
9 20
154 310
176 354
30 61
3 297
363 727
12 395
808 1618
4 233
190 381
1 473
108 217
3 152
383 768
85 171
3 567
150 301
4 461
393 788
0 788
393 788
393 788
393 788
2 788
2 788
393 788
393 788
5 405
10 653
69 139
161 324
14 973
692 1386
5 633
23 664
808 1618
197 395
4 295
171 344
114 230
1109 2219
2 385
263 527
962 1926
962 1926
9 548
0 919
20 699
4 472
4 327
0 821
11 821
11 821
7 526
1 567
14 1012
14 1012
14 1012
280 562
369 739
3 266
113 227
2 241
317 635
2 391
4 177
203 407
217 435
267 535
263 527
185 371
185 371
119 240
7 57
148 297
130 262
180 361
655 1312
0 84
8 287
16 509
292 585
295 592
405 812
1169 2339
144 290
1 948
0 948
2 448
486 973
179 360
9 389
822 1646
2 2101
15 2101
3 2101
1 2101
6 876
235 472
132 265
10 777
250 502
68 137
104 209
71 144
2 183
1 370
67 135
2 120
8 962
360 721
56 114
7 3218
17 1747
0 231
3 1110
0 153
5 290
198 397
162 325
159 319
190 382
2 5267
40 5267
40 5267
8 5267
40 5267
40 5267
23 5267
40 5267
40 5267
40 5267
40 5267
24 5267
21 5267
40 5267
7 1034
7 1034
7 2191
7 2191
123 247
123 247
707 1416
513 1027
1 319
4 1042
191 384
81 163
10 127
4 484
449 900
5 544
132 265
7 368
0 930
8 2416
8 2416
8 2416
6 919
9 407
6 382
3 247
4 233
8 1183
8 1183
8 1183
10 1185
6 382
6 340
0 3763
1 3763
88 177
238 477
70 141
120 242
0 295
5 295
197 395
307 615
1 308
4 1695
255 511
2 227
5 257
41 2339
197 395
179 359
380 761
11 257
0 176
167 336
3 195
3 365
119 240
2 230
97 196
168 338
16 1116
24 1116
9 1124
2 300
24 1623
452 906
28 57
3 188
528 1057
3 233
360 721
158 318
367 735
349 699
2 446
8 310
82 165
232 465
7 1130
339 679
195 392
173 348
43 1898
43 1898
6 472
58 950
58 950
58 950
95 191
8 1695
6 324
3 282
5 861
847 1695
179 360
479 960
193 388
12 1701
3 453
0 453
5 247
2 461
30 295
31 1042
274 549
159 319
6 1110
9 2517
1 866
0 866
70 141
5 387
23 48
1 1791
27 1791
8 511
2 275
142 286
211 423
2 191
474 950
254 509
430 861
4 364
4 364
5 378
11 3651
0 364
4 364
0 298
339 679
23 654
6 177
12 605
195 392
195 392
4 569
21 43
206 414
5 272
9 327
3 2050
4 2050
5 2050
2 617
20 927
8 1268
3 1268
1 1268
706 1413
78 157
158 317
394 790
394 790
8 812
538 1077
291 584
280 562
679 1360
847 1695
202 405
293 587
63 127
1 1592
0 1592
5 1719
8 1719
5 1719
1 548
7 548
97 195
1 352
1 1043
41 2703
41 2703
41 2703
41 2703
582 1165
13 395
3 1323
4 1323
1 1323
19 1323
2 1323
2 118
3 165
331 663
225 451
39 1536
10 1526
10 1526
10 1526
57 116
163 327
5 587
69 139
5 325
643 1288
57 116
119 240
108 217
355 712
692 1386
81 2339
12 2517
190 381
141 284
91 183
147 295
1258 2517
1169 2339
232 465
123 247
11 2517
4 55
5 281
0 247
679 1360
9 461
1880 3761
17 590
6 594
188 378
23 1539
53 108
2168 4338
775 1552
1 152
3 646
11 306
27 657
28 657
520 1042
210 421
15 1042
110 222
15 1034
134 270
7 1104
4 486
10 502
2 57
407 816
2 2365
536 1074
93 187
8 2236
6 2236
5 2236
2 2236
202 405
3 1110
248 497
110 222
0 120
4 151
6 1392
4 230
42 86
6 78
1169 2339
4 9
26 1021
0 318
0 308
0 279
10 762
3 88
360 721
7 1027
15 500
1 89
42 86
79 159
1 733
6 725
10 276
4 497
27 1130
3 456
4 654
7 777
1 53
169 340
237 475
70 142
346 694
6 41
7 90
293 588
14 588
24 588
5 214
33 67
12 588
163 327
170 342
8 588
96 193
80 161
44 90
293 588
6 41
11 322
16 718
70 142
11 567
10 588
56 113
6 120
24 588
5 567
293 588
28 588
241 483
293 588
108 218
293 588
140 282
140 282
293 588
108 218
11 327
11 24
1 274
11 274
9 214
2 142
44 90
44 90
6 228
283 567
3 229
283 567
14 343
113 228
163 327
21 43
192 386
346 694
113 228
15 475
24 588
237 475
472 946
15 475
3 567
4 457
163 327
241 483
14 343
3 116
25 475
113 228
5 342
163 327
279 560
114 229
8 99
293 588
21 43
21 43
4 168
13 141
5 483
7 16
293 588
192 386
166 334
293 588
293 588
293 588
293 588
7 90
293 588
135 271
293 588
192 386
33 67
279 560
170 342
20 454
12 588
10 588
5 211
346 694
346 694
113 228
163 327
14 588
375 752
4 53
0 229
293 588
20 41
10 374
9 334
5 588
237 475
54 110
114 229
1 58
27 588
70 142
76 153
14 334
3 116
58 118
293 588
192 386
163 327
70 142
113 228
77 156
12 588
12 588
8 327
171 343
76 153
237 475
12 588
8 99
14 588
6 588
286 574
346 694
4 90
346 694
27 56
279 560
6 342
160 322
16 752
293 588
19 327
5 193
20 454
170 342
3 67
163 327
26 588
114 229
170 342
3 67
1336 2673
5 211
241 483
12 327
9 228
4 33
480 962
11 1539
13 125
0 120
39 80
407 816
8 554
87 176
18 406
0 66
2 473
6 977
5 844
1 290
8 502
43 88
137 275
73 147
5 515
3 1205
701 1403
10 1695
3 605
6 605
30 1347
30 1347
29 1516
0 295
5 473
6 59
22 1021
393 788
113 228
20 1110
3 88
7 768
7 476
168 337
0 340
18 1695
5 127
1 308
188 378
120 241
225 452
141 284
13 1900
13 1900
23 3101
0 3101
0 6
108 218
27 664
1 158
0 423
6 951
20 951
5 623
3 399
788 1577
5 278
2 214
66 2150
66 2150
1 145
0 404
536 1074
9 336
180 362
296 594
107 216
5 439
263 527
31 1386
319 639
380 762
7 625
6 625
362 725
197 395
517 1036
520 1042
2 393
11 1539
183 368
11 1539
58 117
18 632
520 1042
258 518
1 567
2 452
9 1071
4 347
151 303
0 120
134 270
33 2237
33 2237
33 2237
33 2237
33 2237
1 233
775 1552
2 409
8 1230
3 1230
31 853
1 400
0 126
11 446
428 857
4 973
1 274
0 274
5 3390
25 3390
5 3390
31 3390
2 584
444 890
7 626
107 216
4 1346
6 247
143 287
39 79
2 196
95 191
443 7353
36 7353
228 7353
228 7353
8 7353
57 7353
141 7353
50 7353
35 7353
3676 7353
47 7353
228 7353
228 7353
228 7353
46 7353
106 7353
5 141
45 2466
44 2466
1 2466
0 2466
7 1456
330 10604
330 10604
1 10604
330 10604
453 10604
330 10604
330 10604
330 10604
330 10604
330 10604
330 10604
453 10604
330 10604
330 10604
330 10604
330 10604
4 1655
3 1655
1 407
2 1162
4 1162
0 1162
1 1162
239 479
311 623
1 87
3 564
195 391
147 295
3 590
1 508
847 1695
23 47
393 788
2 788
393 788
393 788
393 788
2 788
2 788
393 788
393 788
3 230
369 739
5 436
847 1695
123 247
312 626
283 567
57 115
23 48
11 344
1 684
381 764
5 582
3 1072
2 1862
20 1862
184 369
437 876
8 625
1 233
6 937
0 937
2 937
1 230
2 421
2 272
108 218
5 812
412 826
9 919
5 887
535 1072
1169 2339
13 958
0 958
20 1623
70 141
395 792
14 811
2 2330
3 2330
8 247
486 974
59 120
0 182
0 423
14 1967
14 30
191 384
274 549
576 1153
0 497
1 188
248 498
1 157
8 157
22 2339
9 950
2 57
1 135
236 473
2 962
223 448
1 163
5 414
8 1161
8 1161
8 1161
0 117
1 96
701 1403
3 1346
1 139
33 1110
9 473
158 318
158 318
5 700
2 162
19 1967
769 1539
11 1539
52 106
21 5662
21 5662
21 5662
21 5662
21 5662
29 1536
32 1536
16 625
19 2565
29 2565
19 2565
29 2565
29 2565
19 2565
873 1747
17 384
91 183
6 1249
7 1249
43 87
23 812
372 746
2 2128
6 2128
0 2128
5 473
1 67
1 124
88 178
8 764
189 379
2 2396
0 2396
1 2396
5 890
26 890
25 890
7 38
8 2407
17 2407
12 2407
5 2407
4 735
3 581
3 581
2 385
2 385
307 615
1 139
6 641
223 448
15 1064
15 1064
16 2225
44 89
3 941
1 89
6 1419
225 452
39 80
276 554
1 89
29 1294
19 1294
190 381
120 1948
120 1948
120 1948
120 1948
6 962
223 448
1 352
1 137
4 594
12 1708
0 1708
143 287
12 25
4 816
9 626
0 90
8 2339
767 1536
9 233
0 69
8 319
11 796
11 446
7 527
70 142
1 369
6 153
17 590
192 385
206 413
2 446
8 2395
8 2395
2 404
295 592
15 2163
2 2163
1 2163
27 55
17 191
1 2423
17 2423
2 2423
4 344
97 196
0 452
701 1403
0 1205
2 1205
16 1014
5 294
4 448
42 86
197 395
421 844
421 844
151 303
22 1360
2 812
53 107
280 562
239 479
233 467
2 1733
0 1733
5 1733
39 80
369 739
222 446
123 247
9 389
10 733
107 215
4 295
215 431
4 175
7 130
93 187
67 135
141 284
185 371
164 330
12 1724
0 1724
12 1724
274 549
459 919
569 1139
0 896
1 896
218 437
51 103
19 264
130 261
3 264
323 648
788 1577
1 1501
2 1501
0 1501
308 617
35 1618
142 285
251 504
57 115
1 48
6 247
16 737
2 223
7 509
5 311
296 594
238 477
2 345
366 733
2 789
13 789
302 605
2 1747
5 347
22 1511
22 1511
180 362
13 147
153 307
9 139
10 139
6 382
882 1766
393 788
2 788
393 788
393 788
393 788
2 788
2 788
393 788
393 788
20 694
9 694
4 307
86 174
185 371
538 1077
7 537
88 178
0 103
144 290
11 3159
48 3159
11 3159
19 1331
24 50
357 716
1 508
28 1909
28 1909
28 1909
2 1618
808 1618
9 384
9 384
0 102
1 94
9 585
6 474
267 535
130 261
31 295
84 169
7 148
91 183
19 876
366 733
12 1787
40 1787
5 1787
308 617
2 1553
14 1553
251 504
171 343
315 632
7 127
251 504
541 1083
2 65
571 1144
88 178
85 172
119 240
215 431
459 919
0 498
7 1618
737 1475
183 368
12 26
6 1965
14 1965
14 1965
6 1965
14 1965
14 1965
62 125
3 175
27 55
2 379
2 229
1 229
1 230
15 1042
11 344
11 323
372 746
437 876
12 479
202 406
6 504
85 171
3 575
23 764
28 1913
13 1913
528 1057
5 269
2 173
171 344
5 772
23 242
15 1695
847 1695
190 382
22 764
87 175
46 94
405 811
7 394
6 1287
0 176
69 139
154 310
179 360
114 230
405 811
7 381
16 1129
3 1129
16 1129
1 638
14 1071
43 1410
54 1410
43 1410
9 811
248 497
18 37
3 285
8 305
127 256
179 360
116 233
15 623
530 1061
6 260
6 452
5 563
6 592
71 144
163 327
3 617
14 337
10 362
2987 5976
185 5976
185 5976
185 5976
278 5976
11 5976
185 5976
2 5976
185 5976
537 1075
189 379
330 661
80 162
3 2517
26 431
49 100
4 1386
424 850
7 511
202 405
2 1102
0 1102
1 370
97 196
180 361
420 841
31 698
1 124
0 290
108 218
2 439
114 229
5 349
4 89
4 360
166 333
166 333
9 526
60 122
205 412
97 196
436 874
0 247
6 896
1 338
1 338
70 142
889 1779
889 1779
889 1779
889 1779
618 1238
437 876
27 1853
27 1853
27 1853
295 592
7 564
86 173
11 1539
1 158
5 812
6 584
3 328
130 262
11 816
49 99
397 796
201 404
5 146
172 345
231 464
113 228
136 274
459 919
14 502
7 1110
60 122
4 446
258 518
0 141
12 585
20 561
11 2808
12 1357
707 1416
101 204
49 100
281 563
281 564
6 473
554 1110
11 339
163 327
1 308
147 295
293 587
11 777
21 558
74 149
104 209
0 279
3 962
2 3095
2 3095
23 3095
19 1617
0 1617
17 1617
2 1617
8 318
8 327
0 1767
26 1767
3 1767
1 1767
119 240
535 1071
13 522
808 1618
2 465
0 465
2 465
