9 384
10 375
17 392
0 576
18 576
38 776
37 776
21 511
29 2287
8 2287
10 745
10 745
13 914
168 338
4 448
1 691
3 691
2 183
23 914
6 1155
34 1155
577 1155
1 1155
17 1155
4 1370
20 1623
73 7389
74 7389
15 7389
29 7389
7 7389
12 7389
33 7389
35 7389
0 7389
28 7389
229 7389
22 2339
7 615
24 1288
7 176
8 1265
3 1265
25 1265
74 150
3 79
0 1983
3 1983
2 1983
8 1983
6 269
198 397
22 1208
10 1208
11 1208
11 1474
14 240
4 448
21 558
1 1113
0 1113
3 79
152 305
199 400
4 388
5 590
14 1483
75 152
75 152
8 796
767 1536
0 805
12 276
15 328
0 1267
7 1267
22 1267
13 1267
2 1267
260 522
98 198
2 1013
2 1013
75 152
6 1303
4 1008
14 1008
4 327
5 562
14 737
368 737
131 264
5 175
0 44
0 89
18 1913
1 1913
10 1539
25 973
31 855
12 301
117 7645
34 7645
18 7645
32 7645
141 7645
4 7645
61 7645
5 7645
6 7645
171 7645
163 7645
8 7645
94 7645
26 7645
13 7645
15 7645
112 7645
57 7645
51 7645
9 7645
580 9306
0 9306
147 9306
30 9306
18 9306
289 9306
6 9306
14 9306
1 9306
843 9306
775 9306
2 9306
157 9306
28 9306
101 9306
26 9306
16 9306
11 9306
18 3760
234 3760
13 3760
12 3760
234 3760
20 3760
234 3760
19 3760
17 689
147 295
12 1454
0 1454
9 1454
44 1454
6 626
0 203
0 405
17 794
16 794
1 844
328 657
10 1110
4 150
12 1071
0 812
1 812
0 422
18 896
10 395
40 2339
1 135
161 324
4 721
39 79
2 204
8 811
1 368
15 380
0 380
1 384
9 152
48 98
33 68
2 446
12 777
23 777
14 884
20 884
22 1514
437 876
4 348
0 169
17 663
0 663
16 303
11 240
3 441
7 1474
1 733
9 1077
3 404
3 973
1 138
21 1618
283 567
437 876
1 176
1 2150
15 2150
437 876
155 311
4 1597
23 1597
3 1597
23 1597
308 618
4 98
3 184
38 776
3 776
6 497
28 57
18 392
0 670
40 670
195 392
11 511
9 247
437 876
171 344
13 965
769 1539
3 509
5 215
12 176
5 215
4 215
31 1386
141 283
10 764
2 465
5 792
12 10782
26 10782
25 10782
29 10782
107 10782
10 10782
167 10782
113 10782
44 10782
39 10782
64 10782
221 10782
83 10782
59 10782
28 10782
21 10782
27 10782
8 10782
120 10782
14 10782
20 10782
22 10782
32 10782
40 10782
64 10782
136 10782
4 224
11 767
10 144
269 540
2 2510
1 2510
134 269
5 269
0 1269
3 1269
5 919
6 782
4 448
0 931
2 931
6 247
44 89
2 2038
3 2038
0 2038
5 446
28 737
1 1898
3 1898
291 584
679 1360
5 2257
6 2257
32 1695
54 2339
21 1072
3 746
4 746
1 2150
7 2150
3 3410
10 3410
25 3410
372 746
5 2150
32 2150
17 764
372 746
0 456
16 590
1 2449
46 2449
95 191
14 777
7 266
13 1027
487 976
487 976
4 3000
40 3000
6 3000
94 3000
7 3000
33 3000
4 202
3 456
10 777
2 381
0 295
5 186
220 441
1 94
33 68
7 287
119 240
70 142
13 240
6 655
3 1197
21 2831
5 2831
4 2831
1 2831
14 1331
1 4210
2 4210
263 4210
4 4210
3 4210
54 4210
116 4210
72 4210
12 4210
11 4210
119 4210
1 20
3 209
8 677
0 677
1 1547
3 1547
2 888
5 888
171 344
3 413
14 1012
0 1012
22 1012
8 269
12 467
10 504
554 1110
1 585
3 2128
32 2128
5 2128
12 960
16 1483
43 1536
22 1536
14 1110
2 1069
9 1069
0 1069
13 1014
405 811
11 1110
13 423
1 93
91 183
2 384
7 724
3 2375
4 2375
36 2375
1 178
393 788
2 788
393 788
393 788
393 788
2 788
2 788
393 788
393 788
1 203
9 226
0 4949
15 4949
9 4949
10 4949
7 4949
6 4949
8 4949
2 120
75 2150
0 2150
1 2150
4 653
17 689
50 2955
0 2955
31 2955
2 2955
49 2955
3 2955
1 2955
14 1695
2 439
2 439
12 225
9 2163
10 2163
11 13875
41 13875
0 13875
39 13875
17 13875
44 13875
32 13875
33 13875
6 13875
19 13875
6937 13875
9 13875
432 13875
215 13875
33 2339
4 222
4 150
4 1164
5 1164
3 1164
0 2347
2 2347
1 2347
3 2347
4 633
9 384
13 3126
9 3126
8 3126
10 3126
5 3126
12 3126
11 3126
2 1078
1 1078
5 1078
3 267
19 1926
262 526
26 812
16 858
12 5657
14 5657
20 5657
4 5657
3 5657
2 5657
15 5657
144 5657
35 1042
13 423
6 218
85 172
653 1307
510 1021
16 384
8 400
119 240
6 247
1 176
6 247
8 124
20 618
123 247
12 1708
12 1708
12 1708
1 1708
10 762
0 762
2 152
185 371
7 264
10 442
3 442
1 389
12 5642
4 5642
87 5642
87 5642
10 5642
11 5642
141 5642
5 416
111 223
4 86
22 543
17 1403
14 1403
20 679
25 2517
1 87
344 689
9 336
5 89
3 153
701 1403
34 1963
37 1963
8 2002
17 2002
38 2002
14 147
14 147
3 163
131 264
6 1539
131 264
294 590
0 181
120 241
2 465
381 764
381 764
16 764
8 295
0 1652
4 1652
7 1967
4 86
4 1110
5 1183
3 1183
4 1183
4 876
9 389
0 1124
1 1124
10 1014
2 961
21 961
1 961
1 526
2 359
31 1130
7 257
29 1386
420 842
520 1042
3 257
5 2403
36 2403
3 2403
0 106
10 375
308 617
28 270
29 270
10 340
4 327
17 380
15 518
3 587
1 587
8 384
2 424
15 264
349 699
40 1317
4 1317
40 1317
59 120
296 594
0 538
0 603
564 1130
3 344
119 240
1 1241
5 122
29 855
14 1898
16 1898
2 1898
0 1898
15 384
8 17
25 914
2 777
81 163
14 4713
3 4713
1 4713
2356 4713
0 4713
31 4713
0 44
3 2150
5 2150
13 2150
14 2150
13 402
132 266
0 781
12 781
1 781
2 781
21 664
16 689
13 874
11 796
14 796
67 1464
64 1464
9 1464
10 548
8 382
116 233
1 663
128 257
252 506
6 1012
7 257
6 626
4 371
390 782
10 3816
19 3816
1 3816
2 3816
3 3816
15 3816
4 3816
9 340
35 1347
1 1347
1 149
8 554
4 364
4 364
147 295
217 435
21 695
3 1247
1 1247
211 423
15 914
5 265
0 631
1 631
5 186
10 518
85 171
255 511
29 431
1 2308
0 2308
21 2303
24 2303
1 145
3 145
0 145
233 467
258 518
4 405
158 318
10 423
161 324
9 389
3 8726
26 8726
25 8726
20 8726
13 8726
116 8726
444 8726
89 8726
72 8726
11 8726
1 8726
8 8726
4 8726
1 422
1 108
9 456
1 1036
0 1036
16 391
4 344
17 679
3 154
198 397
41 3066
42 3066
53 3066
3 1214
8 1214
47 1595
54 1595
381 764
2 457
0 368
0 376
104 209
104 209
0 1191
1 1191
26 592
10 378
70 141
9 389
11 446
7 264
8 526
9 1110
6366 12734
107 12734
0 12734
30 12734
43 12734
89 12734
6366 12734
18 12734
76 12734
100 12734
77 12734
77 12734
396 12734
134 12734
17 12734
32 12734
96 12734
396 12734
5 203
44 89
1 653
9 295
1 841
0 441
191 384
4 876
38 1264
631 1264
50 1264
6 404
2 1483
1 1110
294 590
19 590
131 264
0 107
20 1386
1 148
44 89
8 842
33 461
4 669
6 669
13 737
349 699
7 423
9 737
0 107
0 107
0 148
0 473
7 2629
11 2629
79 2629
78 2629
9 384
3 1589
5 1589
4 1589
2 113
1 2696
8 2696
0 2696
5 774
33 664
493 987
3 987
5 987
17 4344
27 4344
16 4344
11 4344
1 4344
10 4344
24 4344
4 222
312 626
36 1376
29 1376
32 1376
37 1376
1 558
10 680
0 680
5 234
2 177
88 177
15 384
14 441
220 441
187 376
0 1511
8 1511
7 522
13 522
1 169
16 737
33 664
12 479
57 2238
58 2238
3 2238
59 2238
19 1074
22 737
2 762
1258 2517
393 788
63 2300
62 2300
380 762
20 618
3 183
29 270
11 558
6 252
7 295
12 1913
28 1913
5 656
20 656
30 656
13 240
0 423
381 764
12 373
0 446
3 357
7 423
0 632
16 590
280 562
227 456
4 9
293 587
4 562
5 1014
13 774
10 404
1 567
17 1407
296 594
1 690
0 690
7 250
1 127
147 295
1 2725
3 2725
0 2725
4 2725
2 2725
0 442
1 442
10 518
1 508
0 269
1 269
0 38
1 6094
5 6094
4 6094
3 6094
46 6094
684 1370
0 2737
3 2737
704 1409
262 526
232 465
4 339
12 960
0 960
7 382
8 295
5 404
0 431
1 1536
8 615
0 844
1 308
8 504
6 560
0 730
1 730
3 764
1 1701
11 240
141 283
15 596
20 392
6 2339
1 2339
0 303
0 461
281 563
8 438
0 122
2 980
2 980
422 845
1 665
3 378
2 352
8 889
9 889
3 189
1 431
6 751
262 526
73 1955
5 1955
15 1955
75 1955
2 1955
7 1955
6 9453
146 9453
9 9453
12 9453
146 9453
146 9453
26 9453
14 9453
25 9453
21 9453
146 9453
23 9453
22 9453
13 9453
146 9453
7 3604
55 3604
55 3604
1801 3604
55 3604
5 2982
9 2982
2 2982
3 2982
1 2982
8 1152
2 499
1 181
0 181
124 249
306 613
16 395
2 575
3 122
16 1114
5 1114
141 283
141 283
0 241
27 55
7 655
2 1887
3 1887
1 1887
69 7512
36 7512
11 7512
17 7512
26 7512
5 7512
8 7512
508 7512
41 7512
350 7512
471 7512
16 7512
0 7512
470 7512
3755 7512
6 328
8 623
5 106
0 82
9 305
97 196
75 151
219 439
3 328
15 2031
3 4370
8 4370
7 4370
2 4370
0 4370
1 4370
4 4370
5 4370
0 340
1 360
3 269
1 413
443 887
1 187
1 187
266 534
5 1539
5 726
128 257
7 202
22 764
0 764
0 473
2 729
1 729
3 729
3 174
296 593
4 326
140 282
29 59
42 2849
1 2849
21 2849
10 2849
7 225
217 435
217 435
3 522
72 146
27 479
199 399
5 587
5 562
393 788
0 788
393 788
393 788
393 788
2 788
2 788
393 788
393 788
2 473
2 473
10 1528
1 1528
22 1904
13 1904
1 733
109 219
17 2417
77 2417
296 594
13 594
296 594
3 620
3 620
3 476
6 476
6 405
2 1695
45 91
45 91
5 1223
0 1223
15 1223
12 479
2 328
2 1879
4 1879
173 4834
21 4834
168 4834
4 4834
27 4834
43 4834
1 145
16 739
167 336
180 361
88 177
10 413
379 759
2 191
2 191
119 240
8 233
88 177
0 176
5 318
1 807
0 807
9 761
2 446
1 931
0 931
6 1074
2 812
143 287
34 764
25 1043
7 857
5 922
4 558
7 558
0 279
86 173
64 130
0 617
3 617
12 1707
1 1707
14 4275
1 4275
0 4275
6 4275
7 4275
1 1149
0 1149
4 1149
5 2971
0 2971
167 336
158 318
9 1026
1 92
0 92
0 311
1 161
5 774
11 127
4 379
199 400
4 428
190 381
6 562
4 497
196 393
3 279
12 323
197 395
4 223
8 362
12 509
11 2434
12 716
4 388
18 233
4 484
4 484
5 484
20 1075
21 1075
22 1075
27 1075
58 118
0 114
421 844
27 844
1 306
1 1742
2 1742
0 1742
220 441
7 655
4 764
4 509
1868 3737
2 3737
1 3737
0 3737
7 562
1090 2181
4 338
3 40
189 379
4 405
6 474
2 98
2 1143
183 368
349 699
171 343
10 126
32 1644
1 1644
1 767
5 767
383 767
9 20
154 310
176 354
30 61
3 297
363 727
14 395
808 1618
4 233
190 381
1 473
108 217
3 152
383 768
0 171
1 567
2 301
2 461
393 788
2 788
393 788
393 788
393 788
0 788
0 788
393 788
393 788
4 405
10 653
69 139
4 324
14 973
14 1386
4 633
23 664
808 1618
18 395
4 295
171 344
6 230
1109 2219
0 385
7 527
19 1926
962 1926
9 548
0 919
18 699
4 472
4 327
0 821
7 821
5 821
4 526
1 567
14 1012
14 1012
14 1012
15 562
369 739
3 266
113 227
0 241
317 635
2 391
6 177
5 407
217 435
2 535
263 527
4 371
3 371
119 240
7 57
148 297
7 262
180 361
22 1312
0 84
9 287
14 509
4 585
295 592
405 812
1169 2339
144 290
0 948
1 948
2 448
486 973
179 360
9 389
16 1646
1 2101
5 2101
10 2101
8 2101
6 876
235 472
132 265
10 777
10 502
68 137
104 209
10 144
1 183
1 370
67 135
2 120
7 962
360 721
1 114
9 3218
14 1747
0 231
1 1110
0 153
5 290
8 397
162 325
159 319
190 382
4 5267
14 5267
16 5267
10 5267
81 5267
15 5267
31 5267
81 5267
23 5267
81 5267
18 5267
12 5267
28 5267
81 5267
3 1034
0 1034
7 2191
7 2191
123 247
123 247
707 1416
513 1027
0 319
0 1042
0 384
0 163
8 127
4 484
1 900
5 544
132 265
8 368
0 930
3 2416
3 2416
8 2416
6 919
7 407
0 382
0 247
4 233
5 1183
14 1183
0 1183
2 1185
6 382
1 340
1 3763
0 3763
7 177
238 477
5 141
120 242
0 295
3 295
13 395
307 615
1 308
4 1695
255 511
0 227
5 257
37 2339
7 395
2 359
13 761
16 257
0 176
167 336
3 195
3 365
119 240
2 230
97 196
168 338
26 1116
18 1116
2 1124
0 300
15 1623
452 906
28 57
2 188
6 1057
0 233
360 721
10 318
10 735
349 699
1 446
8 310
1 165
232 465
7 1130
339 679
4 392
173 348
2 1898
0 1898
6 472
28 950
28 950
28 950
3 191
7 1695
6 324
2 282
3 861
38 1695
179 360
479 960
3 388
3 1701
1 453
0 453
5 247
2 461
32 295
26 1042
274 549
159 319
6 1110
8 2517
1 866
0 866
70 141
5 387
23 48
0 1791
13 1791
8 511
2 275
142 286
0 423
2 191
474 950
254 509
2 861
10 364
2 364
2 378
8 3651
0 364
10 364
0 298
5 679
23 654
6 177
11 605
4 392
195 392
4 569
0 43
206 414
5 272
10 327
1 2050
2 2050
3 2050
2 617
12 927
5 1268
2 1268
1 1268
706 1413
78 157
158 317
394 790
394 790
8 812
538 1077
291 584
280 562
679 1360
8 1695
202 405
293 587
5 127
1 1592
0 1592
1 1719
2 1719
0 1719
0 548
2 548
97 195
1 352
1 1043
41 2703
20 2703
41 2703
20 2703
582 1165
13 395
4 1323
0 1323
2 1323
5 1323
3 1323
0 118
3 165
19 663
3 451
27 1536
22 1526
22 1526
22 1526
1 116
163 327
3 587
69 139
5 325
4 1288
57 116
119 240
2 217
355 712
10 1386
90 2339
2 2517
190 381
141 284
0 183
147 295
1258 2517
17 2339
16 465
4 247
12 2517
4 55
5 281
0 247
679 1360
10 461
1880 3761
16 590
6 594
12 378
23 1539
53 108
2168 4338
775 1552
2 152
2 646
11 306
25 657
23 657
520 1042
210 421
11 1042
4 222
8 1034
1 270
7 1104
4 486
8 502
2 57
407 816
3 2365
536 1074
0 187
2 2236
1 2236
3 2236
0 2236
202 405
3 1110
248 497
110 222
0 120
0 151
0 1392
0 230
42 86
5 78
1169 2339
0 9
21 1021
0 318
2 308
0 279
6 762
3 88
360 721
15 1027
14 500
1 89
42 86
13 159
2 733
7 725
2 276
2 497
7 1130
0 456
0 654
6 777
1 53
0 340
237 475
2 142
7 694
0 41
0 90
293 588
14 588
23 588
4 214
3 67
12 588
1 327
0 342
7 588
96 193
80 161
44 90
10 588
6 41
10 322
3 718
2 142
16 567
10 588
56 113
6 120
24 588
5 567
293 588
27 588
18 483
27 588
8 218
293 588
140 282
11 282
293 588
108 218
10 327
11 24
0 274
7 274
2 214
2 142
5 90
44 90
6 228
7 567
3 229
283 567
13 343
113 228
7 327
3 43
17 386
346 694
113 228
20 475
2 588
237 475
35 946
15 475
1 567
3 457
163 327
17 483
14 343
2 116
0 475
113 228
5 342
163 327
279 560
114 229
0 99
8 588
21 43
21 43
0 168
11 141
3 483
7 16
28 588
2 386
11 334
293 588
293 588
293 588
293 588
7 90
28 588
135 271
14 588
192 386
4 67
279 560
170 342
7 454
12 588
11 588
5 211
346 694
346 694
113 228
163 327
14 588
37 752
4 53
0 229
28 588
4 41
8 374
8 334
8 588
31 475
6 110
3 229
1 58
27 588
3 142
76 153
15 334
3 116
58 118
293 588
192 386
163 327
3 142
113 228
77 156
5 588
9 588
4 327
171 343
76 153
9 475
12 588
8 99
11 588
6 588
286 574
346 694
4 90
346 694
0 56
279 560
6 342
160 322
15 752
14 588
19 327
5 193
20 454
170 342
3 67
20 327
24 588
6 229
4 342
3 67
1336 2673
5 211
19 483
10 327
9 228
4 33
480 962
5 1539
13 125
0 120
39 80
1 816
8 554
87 176
15 406
0 66
0 473
0 977
1 844
0 290
10 502
3 88
137 275
3 147
5 515
3 1205
16 1403
1 1695
3 605
6 605
7 1347
34 1347
28 1516
0 295
0 473
0 59
10 1021
8 788
113 228
2 1110
0 88
4 768
6 476
12 337
0 340
18 1695
5 127
1 308
188 378
0 241
225 452
4 284
13 1900
0 1900
23 3101
2 3101
0 6
5 218
28 664
0 158
0 423
23 951
15 951
6 623
2 399
788 1577
7 278
4 214
1 2150
0 2150
1 145
0 404
3 1074
9 336
1 362
5 594
107 216
2 439
8 527
28 1386
319 639
16 762
3 625
4 625
362 725
12 395
3 1036
27 1042
2 393
11 1539
3 368
10 1539
58 117
15 632
39 1042
258 518
1 567
2 452
12 1071
4 347
151 303
0 120
30 270
11 2237
62 2237
12 2237
2 2237
17 2237
1 233
775 1552
0 409
0 1230
2 1230
28 853
1 400
0 126
9 446
428 857
0 973
1 274
0 274
1 3390
35 3390
3 3390
0 3390
2 584
444 890
3 626
107 216
0 1346
1 247
143 287
39 79
0 196
95 191
8 7353
18 7353
228 7353
400 7353
9 7353
14 7353
425 7353
12 7353
26 7353
3676 7353
4 7353
129 7353
60 7353
400 7353
16 7353
127 7353
5 141
40 2466
39 2466
0 2466
1 2466
4 1456
164 10604
18 10604
256 10604
164 10604
226 10604
1 10604
86 10604
69 10604
6 10604
226 10604
65 10604
61 10604
14 10604
28 10604
281 10604
164 10604
4 1655
2 1655
1 407
2 1162
12 1162
0 1162
1 1162
6 479
311 623
1 87
1 564
195 391
3 295
0 590
1 508
847 1695
23 47
393 788
2 788
393 788
5 788
393 788
1 788
2 788
393 788
393 788
3 230
5 739
4 436
38 1695
1 247
5 626
16 567
57 115
23 48
0 344
3 684
381 764
3 582
7 1072
6 1862
0 1862
9 369
437 876
4 625
1 233
6 937
0 937
4 937
1 230
2 421
0 272
6 218
2 812
412 826
7 919
1 887
5 1072
1169 2339
13 958
0 958
17 1623
70 141
5 792
7 811
2 2330
0 2330
8 247
486 974
59 120
0 182
0 423
6 1967
0 30
10 384
3 549
35 1153
0 497
1 188
248 498
0 157
3 157
19 2339
10 950
2 57
0 135
236 473
0 962
4 448
1 163
5 414
12 1161
1 1161
0 1161
0 117
1 96
701 1403
1 1346
1 139
15 1110
5 473
5 318
0 318
3 700
2 162
4 1967
10 1539
8 1539
1 106
1 5662
5 5662
7 5662
5 5662
4 5662
29 1536
29 1536
16 625
19 2565
29 2565
19 2565
29 2565
19 2565
19 2565
873 1747
9 384
91 183
1 1249
3 1249
1 87
13 812
372 746
1 2128
0 2128
4 2128
1 473
1 67
3 124
2 178
1 764
3 379
1 2396
0 2396
2 2396
26 890
25 890
13 890
1 38
0 2407
1 2407
2 2407
9 2407
4 735
3 581
3 581
2 385
2 385
307 615
1 139
4 641
4 448
15 1064
15 1064
16 2225
4 89
1 941
0 89
3 1419
225 452
3 80
7 554
1 89
5 1294
9 1294
190 381
19 1948
22 1948
5 1948
25 1948
6 962
223 448
0 352
0 137
3 594
5 1708
0 1708
143 287
0 25
2 816
3 626
0 90
12 2339
0 1536
3 233
0 69
1 319
10 796
0 446
5 527
7 142
1 369
2 153
16 590
12 385
206 413
1 446
17 2395
0 2395
5 404
295 592
19 2163
1 2163
0 2163
27 55
23 191
0 2423
7 2423
5 2423
3 344
97 196
0 452
701 1403
1 1205
0 1205
6 1014
0 294
4 448
42 86
12 395
18 844
1 844
151 303
14 1360
1 812
0 107
2 562
239 479
13 467
59 1733
54 1733
3 1733
3 80
369 739
10 446
123 247
0 389
1 733
107 215
4 295
26 431
3 175
5 130
8 187
2 135
4 284
4 371
164 330
1 1724
0 1724
12 1724
274 549
8 919
569 1139
0 896
1 896
12 437
51 103
0 264
130 261
3 264
7 648
26 1577
3 1501
1 1501
2 1501
308 617
32 1618
2 285
10 504
4 115
1 48
1 247
2 737
2 223
0 509
1 311
8 594
238 477
2 345
2 733
2 789
10 789
1 605
2 1747
0 347
34 1511
34 1511
180 362
12 147
0 307
9 139
10 139
6 382
882 1766
393 788
3 788
393 788
393 788
393 788
2 788
2 788
393 788
393 788
17 694
1 694
4 307
86 174
185 371
538 1077
7 537
88 178
0 103
5 290
8 3159
9 3159
0 3159
22 1331
24 50
7 716
1 508
28 1909
28 1909
28 1909
1 1618
808 1618
9 384
9 384
0 102
1 94
5 585
5 474
267 535
130 261
31 295
1 169
7 148
4 183
18 876
2 733
19 1787
32 1787
3 1787
308 617
0 1553
3 1553
251 504
0 343
0 632
0 127
18 504
19 1083
2 65
7 1144
4 178
7 172
119 240
215 431
25 919
0 498
3 1618
737 1475
183 368
3 26
14 1965
14 1965
1 1965
0 1965
2 1965
14 1965
15 125
3 175
27 55
2 379
2 229
0 229
1 230
6 1042
0 344
11 323
7 746
437 876
13 479
202 406
6 504
85 171
3 575
23 764
8 1913
0 1913
6 1057
3 269
1 173
171 344
0 772
0 242
14 1695
15 1695
6 382
14 764
4 175
0 94
2 811
0 394
0 1287
0 176
9 139
0 310
1 360
4 230
405 811
8 381
16 1129
7 1129
16 1129
1 638
14 1071
15 1410
48 1410
4 1410
5 811
6 497
18 37
2 285
7 305
3 256
2 360
116 233
14 623
6 1061
6 260
1 452
5 563
7 592
71 144
163 327
1 617
14 337
10 362
2987 5976
35 5976
265 5976
185 5976
185 5976
16 5976
92 5976
5 5976
185 5976
537 1075
6 379
9 661
2 162
3 2517
25 431
6 100
1 1386
8 850
7 511
4 405
1 1102
0 1102
1 370
5 196
1 361
13 841
26 698
0 124
0 290
108 218
2 439
13 229
1 349
4 89
1 360
166 333
166 333
8 526
6 122
4 412
97 196
13 874
0 247
6 896
0 338
1 338
2 142
62 1779
889 1779
889 1779
889 1779
20 1238
17 876
27 1853
27 1853
27 1853
0 592
3 564
86 173
10 1539
0 158
10 812
6 584
1 328
130 262
2 816
1 99
397 796
8 404
5 146
4 345
231 464
113 228
6 274
459 919
11 502
7 1110
3 122
4 446
17 518
0 141
12 585
19 561
2 2808
2 1357
707 1416
1 204
6 100
281 563
281 564
5 473
554 1110
10 339
163 327
1 308
147 295
1 587
1 777
21 558
74 149
104 209
0 279
1 962
1 3095
3 3095
0 3095
19 1617
1 1617
2 1617
0 1617
8 318
7 327
0 1767
5 1767
2 1767
1 1767
119 240
1 1071
12 522
6 1618
1 465
0 465
1 465
