2 384
1 375
6 392
0 576
1 576
23 776
18 776
0 511
25 2287
5 2287
9 745
5 745
6 914
5 338
4 448
1 691
0 691
0 183
2 914
8 1155
32 1155
577 1155
6 1155
7 1155
3 1370
11 1623
0 7389
46 7389
8 7389
11 7389
14 7389
5 7389
35 7389
15 7389
78 7389
12 7389
141 7389
0 2339
3 615
12 1288
0 176
14 1265
12 1265
8 1265
4 150
3 79
0 1983
1 1983
5 1983
7 1983
2 269
9 397
1 1208
0 1208
11 1208
20 1474
10 240
4 448
0 558
1 1113
0 1113
0 79
6 305
1 400
3 388
4 590
0 1483
3 152
3 152
0 796
42 1536
0 805
0 276
3 328
1 1267
2 1267
10 1267
17 1267
0 1267
3 522
3 198
2 1013
1 1013
3 152
0 1303
2 1008
1 1008
5 327
0 562
10 737
6 737
5 264
5 175
0 44
0 89
4 1913
1 1913
3 1539
0 973
2 855
2 301
33 7645
81 7645
0 7645
17 7645
102 7645
6 7645
3 7645
4 7645
5 7645
32 7645
36 7645
7 7645
26 7645
15 7645
27 7645
16 7645
35 7645
20 7645
118 7645
28 7645
711 9306
6 9306
30 9306
10 9306
4 9306
70 9306
0 9306
3 9306
5 9306
237 9306
25 9306
2 9306
36 9306
131 9306
1 9306
78 9306
60 9306
23 9306
7 3760
94 3760
1 3760
0 3760
15 3760
12 3760
8 3760
3 3760
3 689
4 295
14 1454
0 1454
2 1454
18 1454
2 626
0 203
0 405
2 794
0 794
0 844
328 657
0 1110
3 150
0 1071
0 812
0 812
0 422
5 896
0 395
4 2339
0 135
1 324
0 721
3 79
2 204
1 811
1 368
0 380
0 380
5 384
5 152
1 98
9 68
2 446
0 777
4 777
1 884
7 884
0 1514
25 876
3 348
0 169
2 663
0 663
1 303
9 240
0 441
18 1474
0 733
7 1077
0 404
0 973
1 138
16 1618
2 567
14 876
1 176
0 2150
35 2150
12 876
9 311
13 1597
11 1597
9 1597
6 1597
1 618
0 98
0 184
8 776
2 776
0 497
6 57
14 392
0 670
5 670
15 392
0 511
1 247
0 876
2 344
1 965
15 1539
0 509
4 215
11 176
4 215
4 215
6 1386
1 283
1 764
0 465
0 792
15 10782
4 10782
5 10782
17 10782
16 10782
35 10782
14 10782
39 10782
27 10782
37 10782
24 10782
133 10782
1 10782
7 10782
13 10782
11 10782
32 10782
19 10782
41 10782
18 10782
6 10782
12 10782
34 10782
0 10782
24 10782
21 10782
0 224
14 767
10 144
47 540
0 2510
2 2510
44 269
5 269
0 1269
1 1269
1 919
0 782
4 448
1 931
0 931
0 247
4 89
4 2038
0 2038
1 2038
0 446
2 737
1 1898
0 1898
9 584
13 1360
3 2257
4 2257
1 1695
3 2339
4 1072
1 746
1 746
1 2150
4 2150
18 3410
1 3410
3 3410
3 746
1 2150
10 2150
8 764
3 746
0 456
18 590
3 2449
1 2449
21 191
1 777
7 266
1 1027
4 976
23 976
15 3000
5 3000
8 3000
144 3000
11 3000
12 3000
1 202
1 456
8 777
6 381
0 295
1 186
32 441
1 94
33 68
0 287
0 240
70 142
1 240
5 655
1 1197
7 2831
6 2831
5 2831
0 2831
1 1331
0 4210
1 4210
64 4210
2 4210
11 4210
31 4210
37 4210
6 4210
3 4210
10 4210
143 4210
4 20
2 209
0 677
1 677
1 1547
0 1547
0 888
1 888
0 344
1 413
14 1012
0 1012
14 1012
0 269
7 467
0 504
63 1110
0 585
0 2128
6 2128
5 2128
4 960
1 1483
18 1536
4 1536
0 1110
2 1069
1 1069
0 1069
1 1014
47 811
2 1110
0 423
0 93
3 183
0 384
0 724
2 2375
3 2375
6 2375
0 178
20 788
3 788
6 788
5 788
15 788
0 788
1 788
16 788
4 788
1 203
4 226
0 4949
6 4949
1 4949
26 4949
41 4949
20 4949
15 4949
0 120
52 2150
0 2150
4 2150
0 653
3 689
11 2955
8 2955
16 2955
10 2955
13 2955
0 2955
5 2955
3 1695
0 439
0 439
2 225
1 2163
2 2163
74 13875
7 13875
10 13875
33 13875
35 13875
50 13875
0 13875
1 13875
67 13875
12 13875
1570 13875
71 13875
51 13875
20 13875
13 2339
3 222
2 150
3 1164
7 1164
5 1164
0 2347
2 2347
1 2347
3 2347
0 633
0 384
18 3126
20 3126
7 3126
5 3126
8 3126
23 3126
14 3126
2 1078
0 1078
3 1078
3 267
0 1926
29 526
1 812
12 858
5 5657
11 5657
7 5657
6 5657
0 5657
4 5657
15 5657
141 5657
10 1042
0 423
0 218
11 172
54 1307
108 1021
1 384
0 400
9 240
8 247
1 176
1 247
1 124
1 618
1 247
0 1708
13 1708
7 1708
3 1708
3 762
0 762
2 152
6 371
2 264
1 442
0 442
0 389
113 5642
11 5642
51 5642
210 5642
8 5642
19 5642
6 5642
2 416
4 223
0 86
15 543
10 1403
7 1403
1 679
1 2517
0 87
9 689
12 336
1 89
6 153
26 1403
0 1963
9 1963
6 2002
11 2002
2 2002
6 147
1 147
10 163
11 264
4 1539
6 264
4 590
0 181
24 241
3 465
78 764
75 764
11 764
8 295
0 1652
1 1652
0 1967
0 86
0 1110
2 1183
1 1183
0 1183
0 876
0 389
0 1124
1 1124
4 1014
0 961
3 961
6 961
0 526
1 359
39 1130
0 257
6 1386
19 842
15 1042
0 257
5 2403
50 2403
8 2403
0 106
1 375
11 617
0 270
1 270
1 340
7 327
0 380
1 518
0 587
2 587
0 384
0 424
4 264
17 699
7 1317
0 1317
2 1317
5 120
7 594
0 538
0 603
7 1130
1 344
4 240
1 1241
1 122
4 855
0 1898
1 1898
1 1898
0 1898
5 384
0 17
17 914
0 777
5 163
4 4713
9 4713
2 4713
376 4713
0 4713
10 4713
0 44
0 2150
11 2150
2 2150
5 2150
8 402
21 266
0 781
2 781
1 781
3 781
20 664
4 689
1 874
0 796
1 796
84 1464
2 1464
7 1464
0 548
1 382
19 233
2 663
8 257
8 506
2 1012
4 257
1 626
2 371
41 782
5 3816
0 3816
2 3816
4 3816
1 3816
10 3816
30 3816
0 340
1 1347
0 1347
1 149
0 554
0 364
10 364
12 295
54 435
1 695
2 1247
3 1247
3 423
0 914
0 265
2 631
1 631
1 186
0 518
13 171
46 511
6 431
0 2308
1 2308
1 2303
16 2303
2 145
1 145
9 145
5 467
8 518
1 405
6 318
4 423
1 324
2 389
23 8726
1 8726
180 8726
25 8726
190 8726
16 8726
167 8726
53 8726
9 8726
0 8726
12 8726
39 8726
22 8726
1 422
1 108
0 456
0 1036
1 1036
22 391
0 344
0 679
2 154
198 397
11 3066
3 3066
35 3066
3 1214
7 1214
16 1595
75 1595
19 764
0 457
0 368
0 376
3 209
1 209
1 1191
0 1191
0 592
7 378
11 141
0 389
0 446
4 264
0 526
4 1110
6366 12734
40 12734
2 12734
44 12734
108 12734
126 12734
6366 12734
56 12734
15 12734
369 12734
134 12734
134 12734
148 12734
144 12734
154 12734
586 12734
182 12734
186 12734
0 203
5 89
0 653
15 295
0 841
0 441
10 384
0 876
57 1264
91 1264
46 1264
0 404
0 1483
0 1110
4 590
4 590
4 264
0 107
8 1386
0 148
4 89
6 842
31 461
1 669
0 669
4 737
13 699
3 423
4 737
0 107
0 107
0 148
0 473
6 2629
4 2629
9 2629
3 2629
3 384
1 1589
2 1589
0 1589
3 113
0 2696
1 2696
4 2696
0 774
31 664
113 987
1 987
0 987
33 4344
9 4344
13 4344
12 4344
6 4344
11 4344
14 4344
3 222
3 626
22 1376
4 1376
12 1376
18 1376
0 558
1 680
10 680
5 234
2 177
9 177
5 384
5 441
30 441
3 376
0 1511
1 1511
10 522
1 522
0 169
1 737
33 664
3 479
1 2238
3 2238
2 2238
7 2238
16 1074
16 737
0 762
11 2517
35 788
0 2300
3 2300
0 762
0 618
0 183
8 270
8 558
0 252
20 295
10 1913
65 1913
4 656
9 656
1 656
1 240
0 423
88 764
7 373
0 446
2 357
3 423
2 632
2 590
1 562
18 456
0 9
293 587
0 562
12 1014
0 774
0 404
1 567
0 1407
0 594
1 690
0 690
0 250
1 127
0 295
1 2725
4 2725
2 2725
3 2725
0 2725
1 442
0 442
1 518
0 508
0 269
1 269
0 38
0 6094
4 6094
5 6094
3 6094
7 6094
3 1370
7 2737
1 2737
19 1409
22 526
11 465
1 339
3 960
0 960
22 382
1 295
0 404
0 431
1 1536
2 615
0 844
0 308
1 504
0 560
0 730
1 730
0 764
1 1701
11 240
18 283
3 596
12 392
1 2339
3 2339
0 303
0 461
15 563
20 438
0 122
3 980
2 980
9 845
0 665
5 378
1 352
3 889
4 889
0 189
0 431
0 751
3 526
1 1955
5 1955
0 1955
8 1955
2 1955
3 1955
41 9453
38 9453
40 9453
7 9453
6 9453
77 9453
1 9453
25 9453
8 9453
35 9453
30 9453
31 9453
27 9453
29 9453
15 9453
5 3604
43 3604
46 3604
1801 3604
20 3604
3 2982
14 2982
2 2982
7 2982
15 2982
2 1152
6 499
0 181
1 181
14 249
9 613
13 395
2 575
0 122
3 1114
0 1114
141 283
141 283
0 241
27 55
8 655
1 1887
0 1887
4 1887
2 7512
8 7512
5 7512
11 7512
31 7512
18 7512
4 7512
154 7512
49 7512
405 7512
57 7512
6 7512
30 7512
14 7512
212 7512
5 328
1 623
2 106
3 82
1 305
5 196
75 151
18 439
4 328
2 2031
1 4370
2 4370
5 4370
4 4370
0 4370
7 4370
6 4370
3 4370
1 340
0 360
1 269
0 413
16 887
0 187
2 187
2 534
1 1539
3 726
20 257
6 202
1 764
0 764
0 473
2 729
1 729
3 729
2 174
20 593
1 326
6 282
2 59
3 2849
25 2849
1 2849
16 2849
0 225
9 435
1 435
0 522
8 146
1 479
6 399
0 587
0 562
8 788
5 788
38 788
37 788
393 788
0 788
2 788
393 788
20 788
7 473
10 473
8 1528
1 1528
19 1904
15 1904
7 733
1 219
40 2417
5 2417
38 594
34 594
21 594
1 620
0 620
1 476
3 476
0 405
19 1695
0 91
4 91
1 1223
0 1223
3 1223
10 479
1 328
7 1879
2 1879
31 4834
15 4834
21 4834
0 4834
30 4834
18 4834
1 145
14 739
11 336
7 361
8 177
0 413
32 759
1 191
5 191
6 240
2 233
2 177
0 176
2 318
0 807
1 807
0 761
4 446
1 931
0 931
0 1074
40 812
13 287
14 764
1 1043
0 857
2 922
1 558
7 558
7 279
86 173
5 130
0 617
3 617
2 1707
3 1707
11 4275
6 4275
0 4275
3 4275
9 4275
1 1149
0 1149
2 1149
1 2971
2 2971
2 336
3 318
0 1026
1 92
0 92
0 311
1 161
2 774
11 127
1 379
0 400
1 428
10 381
2 562
3 497
2 393
1 279
0 323
6 395
5 223
0 362
18 509
0 2434
10 716
15 388
19 233
0 484
1 484
2 484
1 1075
5 1075
3 1075
18 1075
4 118
1 114
32 844
28 844
2 306
1 1742
2 1742
0 1742
2 441
0 655
13 764
0 509
1868 3737
1 3737
2 3737
0 3737
13 562
1090 2181
1 338
1 40
3 379
1 405
0 474
0 98
0 1143
183 368
20 699
2 343
12 126
0 1644
10 1644
0 767
4 767
383 767
9 20
14 310
4 354
1 61
2 297
363 727
12 395
0 1618
1 233
190 381
1 473
10 217
3 152
80 768
0 171
0 567
0 301
0 461
393 788
4 788
25 788
26 788
393 788
0 788
2 788
393 788
20 788
1 405
0 653
2 139
1 324
0 973
2 1386
0 633
20 664
5 1618
10 395
0 295
5 344
2 230
1109 2219
0 385
12 527
4 1926
16 1926
3 548
0 919
0 699
7 472
3 327
0 821
2 821
1 821
0 526
4 567
10 1012
6 1012
4 1012
4 562
43 739
5 266
14 227
0 241
8 635
2 391
6 177
2 407
7 435
26 535
14 527
1 371
3 371
0 240
0 57
148 297
1 262
1 361
23 1312
0 84
4 287
0 509
1 585
6 592
30 812
127 2339
18 290
0 948
1 948
0 448
29 973
6 360
1 389
57 1646
2 2101
1 2101
3 2101
4 2101
9 876
6 472
3 265
2 777
8 502
4 137
7 209
2 144
0 183
0 370
18 135
1 120
17 962
24 721
0 114
3 3218
1 1747
0 231
3 1110
0 153
0 290
2 397
9 325
14 319
13 382
20 5267
15 5267
9 5267
17 5267
66 5267
13 5267
58 5267
81 5267
4 5267
6 5267
7 5267
0 5267
19 5267
50 5267
3 1034
0 1034
4 2191
0 2191
10 247
9 247
16 1416
98 1027
1 319
0 1042
0 384
0 163
0 127
0 484
1 900
0 544
24 265
7 368
0 930
11 2416
5 2416
14 2416
23 919
0 407
0 382
0 247
0 233
2 1183
1 1183
0 1183
1 1185
0 382
0 340
0 3763
2 3763
2 177
3 477
0 141
0 242
0 295
1 295
4 395
26 615
2 308
1 1695
28 511
0 227
0 257
4 2339
1 395
0 359
0 761
5 257
0 176
8 336
0 195
1 365
1 240
1 230
5 196
5 338
5 1116
2 1116
2 1124
0 300
4 1623
32 906
1 57
0 188
0 1057
0 233
1 721
6 318
0 735
27 699
3 446
0 310
0 165
16 465
5 1130
83 679
1 392
11 348
0 1898
1 1898
2 472
1 950
0 950
5 950
0 191
2 1695
0 324
0 282
0 861
3 1695
19 360
0 960
3 388
2 1701
0 453
1 453
0 247
3 461
0 295
1 1042
10 549
15 319
2 1110
7 2517
0 866
1 866
8 141
0 387
23 48
0 1791
3 1791
5 511
4 275
7 286
0 423
1 191
9 950
4 509
0 861
0 364
6 364
0 378
0 3651
0 364
4 364
0 298
7 679
1 654
3 177
5 605
10 392
8 392
1 569
0 43
5 414
0 272
5 327
0 2050
1 2050
2 2050
0 617
4 927
8 1268
5 1268
9 1268
27 1413
5 157
8 317
12 790
394 790
0 812
21 1077
9 584
16 562
18 1360
2 1695
26 405
3 587
4 127
2 1592
0 1592
2 1719
0 1719
1 1719
0 548
1 548
2 195
5 352
0 1043
11 2703
5 2703
1 2703
0 2703
15 1165
14 395
1 1323
0 1323
2 1323
5 1323
3 1323
0 118
0 165
11 663
13 451
15 1536
13 1526
0 1526
14 1526
1 116
1 327
1 587
2 139
0 325
3 1288
3 116
5 240
0 217
355 712
7 1386
47 2339
2 2517
2 381
22 284
1 183
8 295
2 2517
18 2339
3 465
0 247
0 2517
0 55
0 281
1 247
18 1360
0 461
37 3761
0 590
1 594
14 378
13 1539
2 108
112 4338
177 1552
3 152
2 646
2 306
1 657
0 657
22 1042
210 421
1 1042
5 222
1 1034
0 270
0 1104
0 486
0 502
1 57
21 816
0 2365
20 1074
0 187
0 2236
2 2236
3 2236
4 2236
3 405
8 1110
8 497
9 222
0 120
0 151
0 1392
0 230
4 86
4 78
81 2339
0 9
0 1021
1 318
3 308
14 279
0 762
0 88
3 721
12 1027
0 500
0 89
2 86
13 159
10 733
9 725
0 276
1 497
3 1130
0 456
0 654
0 777
0 53
0 340
68 475
2 142
3 694
0 41
0 90
15 588
0 588
3 588
2 214
0 67
0 588
1 327
0 342
0 588
5 193
1 161
10 90
1 588
0 41
11 322
3 718
2 142
15 567
8 588
5 113
0 120
3 588
11 567
36 588
17 588
4 483
6 588
6 218
14 588
0 282
6 282
30 588
22 218
0 327
0 24
0 274
1 274
2 214
1 142
5 90
44 90
1 228
6 567
0 229
17 567
3 343
1 228
1 327
1 43
4 386
3 694
16 228
2 475
2 588
30 475
27 946
0 475
0 567
1 457
1 327
1 483
2 343
0 116
0 475
6 228
0 342
24 327
40 560
10 229
0 99
4 588
7 43
7 43
0 168
6 141
0 483
0 16
0 588
2 386
1 334
3 588
4 588
7 588
3 588
0 90
2 588
0 271
10 588
15 386
0 67
279 560
13 342
0 454
2 588
8 588
1 211
25 694
44 694
7 228
9 327
12 588
12 752
0 53
2 229
12 588
3 41
0 374
0 334
20 588
3 475
8 110
0 229
0 58
1 588
1 142
9 153
0 334
4 116
3 118
12 588
11 386
3 327
1 142
12 228
10 156
3 588
2 588
1 327
5 343
7 153
20 475
2 588
0 99
0 588
2 588
39 574
3 694
1 90
17 694
1 56
26 560
9 342
7 322
0 752
5 588
26 327
0 193
11 454
0 342
0 67
0 327
2 588
2 229
0 342
0 67
109 2673
0 211
9 483
0 327
3 228
4 33
7 962
1 1539
0 125
0 120
5 80
1 816
0 554
1 176
0 406
0 66
0 473
0 977
0 844
0 290
10 502
0 88
4 275
3 147
4 515
0 1205
0 1403
0 1695
19 605
7 605
1 1347
2 1347
22 1516
0 295
0 473
0 59
6 1021
8 788
113 228
0 1110
0 88
0 768
1 476
0 337
0 340
44 1695
5 127
0 308
0 378
0 241
0 452
0 284
2 1900
0 1900
1 3101
0 3101
0 6
4 218
19 664
0 158
0 423
4 951
11 951
0 623
0 399
2 1577
0 278
3 214
3 2150
0 2150
0 145
0 404
0 1074
8 336
0 362
4 594
0 216
1 439
2 527
1 1386
0 639
29 762
0 625
1 625
0 725
0 395
0 1036
1 1042
2 393
1 1539
1 368
3 1539
58 117
3 632
1 1042
1 518
1 567
0 452
0 1071
0 347
1 303
0 120
22 270
5 2237
3 2237
2 2237
0 2237
11 2237
0 233
180 1552
0 409
0 1230
2 1230
2 853
0 400
0 126
0 446
10 857
0 973
1 274
0 274
1 3390
31 3390
4 3390
2 3390
0 584
28 890
1 626
18 216
0 1346
0 247
20 287
6 79
0 196
17 191
106 7353
1 7353
105 7353
375 7353
131 7353
36 7353
80 7353
18 7353
14 7353
616 7353
4 7353
9 7353
3 7353
193 7353
7 7353
47 7353
0 141
2 2466
6 2466
0 2466
5 2466
1 1456
71 10604
17 10604
2 10604
20 10604
36 10604
0 10604
49 10604
149 10604
45 10604
162 10604
8 10604
14 10604
51 10604
15 10604
73 10604
169 10604
4 1655
1 1655
0 407
2 1162
8 1162
1 1162
3 1162
4 479
15 623
0 87
1 564
5 391
0 295
0 590
0 508
53 1695
0 47
25 788
23 788
26 788
27 788
24 788
1 788
2 788
22 788
29 788
1 230
0 739
1 436
9 1695
0 247
3 626
2 567
3 115
4 48
0 344
4 684
82 764
1 582
53 1072
3 1862
0 1862
1 369
14 876
1 625
0 233
2 937
1 937
13 937
0 230
2 421
0 272
0 218
2 812
17 826
0 919
1 887
1 1072
55 2339
2 958
3 958
10 1623
6 141
1 792
1 811
1 2330
0 2330
1 247
11 974
10 120
0 182
2 423
0 1967
0 30
3 384
1 549
21 1153
0 497
1 188
1 498
0 157
2 157
2 2339
1 950
1 57
0 135
2 473
0 962
2 448
0 163
0 414
7 1161
2 1161
1 1161
1 117
1 96
0 1403
0 1346
1 139
18 1110
0 473
2 318
0 318
1 700
0 162
4 1967
2 1539
0 1539
0 106
1 5662
7 5662
8 5662
5 5662
6 5662
7 1536
23 1536
6 625
20 2565
17 2565
18 2565
11 2565
13 2565
10 2565
15 1747
5 384
3 183
2 1249
0 1249
0 87
0 812
3 746
1 2128
0 2128
2 2128
0 473
0 67
3 124
13 178
0 764
1 379
1 2396
0 2396
2 2396
17 890
0 890
3 890
0 38
0 2407
3 2407
2 2407
8 2407
1 735
0 581
1 581
1 385
3 385
9 615
0 139
1 641
3 448
3 1064
0 1064
5 2225
3 89
0 941
0 89
0 1419
0 452
0 80
9 554
1 89
0 1294
23 1294
11 381
10 1948
2 1948
0 1948
1 1948
2 962
7 448
0 352
0 137
0 594
4 1708
0 1708
6 287
0 25
0 816
0 626
0 90
28 2339
0 1536
0 233
5 69
0 319
0 796
0 446
0 527
0 142
0 369
0 153
0 590
0 385
19 413
0 446
2 2395
0 2395
5 404
295 592
21 2163
24 2163
31 2163
3 55
15 191
1 2423
2 2423
0 2423
0 344
0 196
0 452
21 1403
1 1205
2 1205
3 1014
0 294
2 448
3 86
0 395
11 844
0 844
2 303
2 1360
0 812
0 107
0 562
0 479
5 467
2 1733
15 1733
8 1733
0 80
2 739
0 446
123 247
0 389
0 733
3 215
4 295
0 431
0 175
0 130
1 187
4 135
0 284
5 371
10 330
3 1724
0 1724
1 1724
1 549
0 919
39 1139
1 896
0 896
0 437
0 103
0 264
3 261
0 264
0 648
4 1577
2 1501
3 1501
1 1501
42 617
2 1618
0 285
5 504
0 115
1 48
0 247
0 737
0 223
0 509
0 311
3 594
3 477
0 345
1 733
2 789
1 789
0 605
3 1747
0 347
0 1511
1 1511
0 362
3 147
0 307
2 139
3 139
0 382
35 1766
11 788
1 788
6 788
4 788
12 788
0 788
2 788
12 788
5 788
3 694
0 694
5 307
1 174
2 371
0 1077
0 537
3 178
0 103
0 290
1 3159
2 3159
0 3159
1 1331
24 50
0 716
0 508
27 1909
32 1909
25 1909
0 1618
0 1618
0 384
0 384
0 102
0 94
0 585
0 474
44 535
0 261
0 295
0 169
0 148
6 183
5 876
1 733
7 1787
2 1787
0 1787
8 617
0 1553
2 1553
0 504
3 343
1 632
0 127
4 504
2 1083
2 65
15 1144
0 178
7 172
6 240
18 431
13 919
0 498
0 1618
3 1475
14 368
3 26
5 1965
4 1965
6 1965
3 1965
0 1965
21 1965
1 125
0 175
3 55
3 379
0 229
0 229
0 230
1 1042
0 344
2 323
3 746
13 876
2 479
17 406
2 504
1 171
14 575
12 764
5 1913
1 1913
1 1057
1 269
0 173
3 344
0 772
0 242
0 1695
11 1695
0 382
4 764
0 175
0 94
1 811
0 394
0 1287
0 176
10 139
0 310
0 360
3 230
1 811
1 381
1 1129
4 1129
2 1129
3 638
0 1071
8 1410
9 1410
0 1410
1 811
0 497
3 37
0 285
0 305
3 256
0 360
19 233
8 623
3 1061
2 260
0 452
0 563
3 592
7 144
10 327
0 617
0 337
1 362
480 5976
32 5976
2 5976
121 5976
150 5976
0 5976
136 5976
79 5976
26 5976
16 1075
1 379
11 661
0 162
1 2517
13 431
0 100
1 1386
7 850
1 511
1 405
0 1102
1 1102
0 370
0 196
1 361
13 841
0 698
0 124
0 290
7 218
0 439
14 229
0 349
1 89
0 360
8 333
10 333
1 526
1 122
0 412
0 196
1 874
0 247
0 896
1 338
2 338
1 142
32 1779
152 1779
8 1779
121 1779
1 1238
14 876
0 1853
6 1853
7 1853
6 592
1 564
0 173
0 1539
0 158
1 812
4 584
0 328
4 262
1 816
0 99
7 796
5 404
5 146
1 345
4 464
3 228
7 274
459 919
0 502
0 1110
2 122
4 446
9 518
0 141
4 585
0 561
1 2808
0 1357
155 1416
1 204
1 100
281 563
0 564
0 473
40 1110
0 339
163 327
2 308
7 295
0 587
0 777
2 558
1 149
7 209
1 279
0 962
1 3095
4 3095
3 3095
15 1617
1 1617
2 1617
0 1617
0 318
0 327
3 1767
11 1767
0 1767
1 1767
11 240
0 1071
0 522
0 1618
1 465
0 465
1 465
