5 384
10 375
17 392
0 576
19 576
38 776
37 776
11 511
24 2287
8 2287
4 745
4 745
12 914
11 338
4 448
0 691
1 691
0 183
15 914
29 1155
35 1155
577 1155
3 1155
6 1155
4 1370
17 1623
32 7389
53 7389
17 7389
22 7389
9 7389
14 7389
65 7389
27 7389
0 7389
20 7389
114 7389
11 2339
5 615
22 1288
5 176
8 1265
6 1265
22 1265
5 150
3 79
0 1983
1 1983
6 1983
11 1983
5 269
198 397
9 1208
16 1208
7 1208
7 1474
12 240
4 448
3 558
1 1113
0 1113
1 79
10 305
10 400
5 388
15 590
13 1483
75 152
1 152
6 796
767 1536
0 805
12 276
14 328
0 1267
11 1267
22 1267
29 1267
1 1267
13 522
3 198
2 1013
2 1013
75 152
0 1303
0 1008
3 1008
1 327
5 562
11 737
11 737
7 264
6 175
1 44
0 89
16 1913
0 1913
10 1539
23 973
23 855
8 301
24 7645
19 7645
0 7645
21 7645
144 7645
16 7645
18 7645
6 7645
11 7645
208 7645
172 7645
5 7645
80 7645
20 7645
10 7645
17 7645
121 7645
42 7645
31 7645
2 7645
289 9306
5 9306
176 9306
16 9306
7 9306
273 9306
6 9306
8 9306
2 9306
824 9306
199 9306
0 9306
125 9306
28 9306
19 9306
23 9306
10 9306
22 9306
35 3760
234 3760
1 3760
3 3760
48 3760
32 3760
22 3760
36 3760
18 689
1 295
14 1454
0 1454
8 1454
44 1454
2 626
0 203
0 405
16 794
5 794
1 844
328 657
8 1110
4 150
8 1071
0 812
0 812
0 422
16 896
8 395
38 2339
1 135
14 324
4 721
4 79
3 204
1 811
1 368
0 380
0 380
5 384
9 152
48 98
10 68
4 446
12 777
11 777
6 884
19 884
18 1514
437 876
4 348
0 169
2 663
0 663
16 303
11 240
1 441
6 1474
1 733
8 1077
1 404
1 973
1 138
19 1618
8 567
17 876
1 176
1 2150
66 2150
17 876
155 311
5 1597
11 1597
4 1597
32 1597
21 618
0 98
2 184
41 776
12 776
5 497
4 57
18 392
0 670
2 670
19 392
0 511
9 247
4 876
171 344
10 965
769 1539
1 509
4 215
12 176
4 215
4 215
30 1386
3 283
7 764
1 465
0 792
26 10782
23 10782
31 10782
44 10782
4 10782
24 10782
63 10782
137 10782
60 10782
53 10782
58 10782
277 10782
40 10782
32 10782
7 10782
6 10782
43 10782
21 10782
130 10782
27 10782
37 10782
39 10782
47 10782
0 10782
58 10782
142 10782
4 224
12 767
10 144
269 540
0 2510
1 2510
134 269
5 269
1 1269
0 1269
3 919
1 782
5 448
1 931
0 931
2 247
4 89
3 2038
0 2038
1 2038
1 446
21 737
1 1898
4 1898
291 584
20 1360
4 2257
7 2257
4 1695
53 2339
15 1072
3 746
3 746
1 2150
7 2150
2 3410
3 3410
52 3410
4 746
1 2150
20 2150
13 764
4 746
0 456
16 590
0 2449
48 2449
95 191
8 777
3 266
10 1027
487 976
487 976
14 3000
21 3000
3 3000
155 3000
5 3000
19 3000
4 202
3 456
10 777
5 381
0 295
3 186
220 441
1 94
33 68
1 287
11 240
70 142
13 240
5 655
13 1197
8 2831
6 2831
5 2831
2 2831
8 1331
1 4210
2 4210
119 4210
0 4210
8 4210
23 4210
50 4210
26 4210
4 4210
7 4210
63 4210
0 20
3 209
1 677
0 677
1 1547
3 1547
1 888
2 888
4 344
0 413
14 1012
0 1012
14 1012
6 269
13 467
10 504
554 1110
1 585
3 2128
11 2128
2 2128
11 960
13 1483
39 1536
11 1536
16 1110
2 1069
3 1069
0 1069
6 1014
20 811
8 1110
13 423
1 93
4 183
2 384
1 724
2 2375
1 2375
5 2375
0 178
393 788
3 788
6 788
5 788
393 788
0 788
1 788
393 788
4 788
0 203
9 226
0 4949
6 4949
8 4949
19 4949
13 4949
12 4949
15 4949
1 120
71 2150
0 2150
1 2150
1 653
20 689
32 2955
8 2955
16 2955
11 2955
33 2955
0 2955
14 2955
3 1695
1 439
1 439
13 225
2 2163
9 2163
10 13875
11 13875
0 13875
19 13875
6 13875
17 13875
2 13875
3 13875
1 13875
7 13875
6937 13875
5 13875
432 13875
38 13875
34 2339
4 222
4 150
3 1164
6 1164
4 1164
1 2347
2 2347
3 2347
0 2347
4 633
2 384
29 3126
19 3126
24 3126
6 3126
5 3126
28 3126
27 3126
2 1078
0 1078
3 1078
3 267
19 1926
262 526
22 812
13 858
16 5657
20 5657
31 5657
7 5657
1 5657
0 5657
21 5657
138 5657
34 1042
13 423
7 218
85 172
51 1307
510 1021
14 384
7 400
12 240
6 247
2 176
6 247
6 124
20 618
6 247
0 1708
19 1708
12 1708
1 1708
4 762
1 762
1 152
13 371
7 264
1 442
0 442
0 389
15 5642
11 5642
87 5642
151 5642
8 5642
14 5642
117 5642
2 416
111 223
4 86
21 543
17 1403
16 1403
14 679
26 2517
1 87
344 689
9 336
4 89
2 153
701 1403
19 1963
18 1963
2 2002
12 2002
29 2002
13 147
13 147
4 163
131 264
7 1539
131 264
16 590
1 181
120 241
1 465
381 764
381 764
14 764
10 295
0 1652
1 1652
4 1967
4 86
0 1110
5 1183
1 1183
4 1183
0 876
0 389
1 1124
0 1124
10 1014
0 961
6 961
2 961
0 526
2 359
28 1130
8 257
28 1386
22 842
520 1042
3 257
1 2403
80 2403
4 2403
1 106
10 375
27 617
27 270
29 270
9 340
4 327
15 380
12 518
2 587
0 587
1 384
0 424
5 264
349 699
44 1317
11 1317
2 1317
6 120
7 594
0 538
0 603
22 1130
3 344
119 240
1 1241
4 122
27 855
16 1898
14 1898
2 1898
0 1898
15 384
8 17
23 914
0 777
81 163
7 4713
3 4713
1 4713
2356 4713
0 4713
11 4713
0 44
1 2150
5 2150
4 2150
8 2150
10 402
132 266
0 781
5 781
1 781
2 781
21 664
15 689
13 874
10 796
10 796
67 1464
32 1464
64 1464
3 548
8 382
116 233
1 663
8 257
252 506
5 1012
4 257
3 626
3 371
390 782
4 3816
5 3816
0 3816
1 3816
3 3816
13 3816
2 3816
9 340
15 1347
0 1347
1 149
8 554
3 364
4 364
147 295
217 435
20 695
2 1247
0 1247
7 423
15 914
0 265
1 631
0 631
3 186
2 518
85 171
255 511
25 431
1 2308
0 2308
9 2303
24 2303
0 145
4 145
5 145
21 467
258 518
4 405
7 318
9 423
8 324
9 389
12 8726
2 8726
71 8726
11 8726
10 8726
57 8726
402 8726
103 8726
75 8726
0 8726
3 8726
5 8726
4 8726
1 422
1 108
7 456
0 1036
1 1036
18 391
3 344
14 679
2 154
198 397
37 3066
39 3066
52 3066
2 1214
12 1214
42 1595
54 1595
49 764
1 457
0 368
0 376
4 209
10 209
2 1191
0 1191
20 592
10 378
70 141
9 389
10 446
7 264
7 526
9 1110
6366 12734
48 12734
3 12734
55 12734
66 12734
124 12734
6366 12734
29 12734
34 12734
135 12734
108 12734
108 12734
595 12734
168 12734
43 12734
57 12734
130 12734
396 12734
3 203
4 89
1 653
9 295
1 841
0 441
7 384
0 876
38 1264
631 1264
50 1264
6 404
2 1483
0 1110
294 590
21 590
5 264
0 107
20 1386
0 148
44 89
10 842
34 461
0 669
4 669
13 737
349 699
3 423
12 737
0 107
0 107
0 148
0 473
4 2629
7 2629
72 2629
70 2629
10 384
2 1589
1 1589
0 1589
2 113
0 2696
1 2696
6 2696
3 774
33 664
493 987
2 987
3 987
16 4344
13 4344
5 4344
28 4344
1 4344
3 4344
14 4344
4 222
312 626
31 1376
21 1376
25 1376
32 1376
0 558
10 680
0 680
4 234
2 177
3 177
16 384
14 441
29 441
187 376
1 1511
9 1511
11 522
12 522
0 169
13 737
34 664
12 479
5 2238
7 2238
0 2238
11 2238
19 1074
12 737
2 762
1258 2517
393 788
10 2300
8 2300
9 762
19 618
0 183
28 270
11 558
2 252
8 295
12 1913
28 1913
6 656
7 656
21 656
13 240
5 423
381 764
21 373
0 446
3 357
7 423
0 632
16 590
280 562
227 456
0 9
293 587
5 562
9 1014
0 774
0 404
1 567
10 1407
4 594
1 690
0 690
1 250
1 127
29 295
2 2725
3 2725
4 2725
1 2725
0 2725
1 442
0 442
10 518
1 508
0 269
1 269
0 38
0 6094
3 6094
4 6094
2 6094
5 6094
15 1370
0 2737
3 2737
7 1409
262 526
232 465
4 339
3 960
1 960
12 382
10 295
0 404
0 431
1 1536
7 615
0 844
4 308
8 504
1 560
0 730
1 730
3 764
0 1701
11 240
141 283
15 596
20 392
5 2339
2 2339
0 303
0 461
20 563
12 438
0 122
0 980
1 980
422 845
1 665
4 378
1 352
9 889
6 889
1 189
1 431
0 751
262 526
8 1955
23 1955
4 1955
50 1955
2 1955
3 1955
15 9453
72 9453
19 9453
3 9453
4 9453
146 9453
8 9453
23 9453
6 9453
28 9453
146 9453
30 9453
29 9453
22 9453
17 9453
4 3604
55 3604
55 3604
1801 3604
55 3604
1 2982
5 2982
6 2982
2 2982
9 2982
7 1152
2 499
0 181
1 181
124 249
306 613
13 395
2 575
1 122
7 1114
2 1114
141 283
141 283
0 241
27 55
10 655
2 1887
3 1887
1 1887
14 7512
52 7512
6 7512
24 7512
4 7512
31 7512
19 7512
418 7512
168 7512
500 7512
264 7512
36 7512
29 7512
28 7512
536 7512
4 328
5 623
2 106
0 82
2 305
97 196
75 151
219 439
1 328
6 2031
1 4370
4 4370
5 4370
3 4370
0 4370
7 4370
6 4370
2 4370
0 340
0 360
2 269
1 413
11 887
1 187
1 187
3 534
5 1539
5 726
128 257
8 202
2 764
0 764
0 473
1 729
2 729
3 729
1 174
296 593
1 326
5 282
29 59
41 2849
17 2849
7 2849
21 2849
6 225
217 435
2 435
0 522
72 146
18 479
199 399
4 587
5 562
393 788
0 788
393 788
393 788
393 788
2 788
2 788
393 788
393 788
1 473
2 473
7 1528
1 1528
8 1904
7 1904
1 733
2 219
83 2417
70 2417
17 594
13 594
296 594
0 620
1 620
1 476
5 476
1 405
3 1695
45 91
45 91
2 1223
1 1223
10 1223
12 479
2 328
4 1879
6 1879
132 4834
22 4834
65 4834
9 4834
10 4834
34 4834
1 145
16 739
11 336
180 361
88 177
10 413
379 759
2 191
2 191
119 240
8 233
3 177
0 176
5 318
1 807
0 807
9 761
2 446
1 931
0 931
3 1074
5 812
143 287
16 764
6 1043
6 857
3 922
11 558
7 558
0 279
86 173
64 130
0 617
2 617
3 1707
2 1707
6 4275
2 4275
1 4275
0 4275
5 4275
1 1149
0 1149
3 1149
2 2971
0 2971
11 336
2 318
1 1026
1 92
0 92
0 311
1 161
4 774
11 127
5 379
0 400
5 428
190 381
6 562
5 497
8 393
4 279
12 323
197 395
5 223
0 362
14 509
1 2434
14 716
6 388
20 233
0 484
4 484
4 484
20 1075
20 1075
20 1075
21 1075
58 118
0 114
421 844
28 844
1 306
1 1742
2 1742
0 1742
11 441
6 655
7 764
2 509
1868 3737
2 3737
1 3737
0 3737
11 562
1090 2181
2 338
3 40
1 379
7 405
6 474
2 98
2 1143
183 368
349 699
2 343
10 126
20 1644
23 1644
1 767
5 767
383 767
9 20
154 310
4 354
5 61
5 297
363 727
12 395
25 1618
6 233
190 381
1 473
108 217
1 152
383 768
0 171
1 567
1 301
0 461
393 788
2 788
393 788
393 788
393 788
2 788
2 788
393 788
393 788
2 405
7 653
69 139
2 324
5 973
9 1386
3 633
23 664
808 1618
17 395
0 295
171 344
6 230
1109 2219
0 385
15 527
18 1926
29 1926
3 548
0 919
13 699
4 472
4 327
0 821
2 821
3 821
4 526
1 567
14 1012
14 1012
22 1012
15 562
369 739
3 266
113 227
0 241
18 635
2 391
5 177
5 407
6 435
4 535
11 527
2 371
3 371
3 240
7 57
148 297
7 262
2 361
21 1312
0 84
9 287
10 509
3 585
6 592
405 812
1169 2339
144 290
0 948
1 948
0 448
486 973
3 360
9 389
22 1646
1 2101
3 2101
7 2101
6 2101
6 876
28 472
132 265
10 777
3 502
68 137
104 209
10 144
1 183
1 370
67 135
2 120
7 962
360 721
1 114
6 3218
12 1747
0 231
1 1110
0 153
0 290
8 397
11 325
159 319
190 382
5 5267
31 5267
17 5267
12 5267
46 5267
32 5267
44 5267
60 5267
4 5267
16 5267
13 5267
1 5267
19 5267
60 5267
3 1034
0 1034
0 2191
1 2191
123 247
123 247
21 1416
513 1027
0 319
0 1042
0 384
0 163
8 127
1 484
1 900
0 544
132 265
6 368
0 930
14 2416
13 2416
15 2416
11 919
3 407
0 382
0 247
0 233
1 1183
5 1183
0 1183
1 1185
6 382
0 340
1 3763
0 3763
7 177
31 477
2 141
23 242
0 295
1 295
13 395
307 615
1 308
4 1695
11 511
0 227
3 257
35 2339
7 395
2 359
9 761
9 257
0 176
11 336
2 195
1 365
13 240
2 230
3 196
9 338
21 1116
4 1116
2 1124
0 300
5 1623
452 906
28 57
2 188
6 1057
0 233
2 721
7 318
8 735
349 699
2 446
1 310
0 165
232 465
4 1130
339 679
2 392
173 348
2 1898
0 1898
7 472
7 950
2 950
4 950
3 191
5 1695
1 324
2 282
2 861
18 1695
179 360
3 960
3 388
3 1701
0 453
1 453
4 247
6 461
28 295
25 1042
274 549
159 319
6 1110
8 2517
1 866
0 866
5 141
2 387
23 48
0 1791
7 1791
9 511
3 275
142 286
0 423
2 191
11 950
254 509
0 861
0 364
4 364
2 378
2 3651
0 364
4 364
0 298
7 679
21 654
6 177
11 605
4 392
3 392
4 569
0 43
9 414
4 272
9 327
1 2050
2 2050
3 2050
0 617
5 927
4 1268
2 1268
1 1268
706 1413
78 157
7 317
34 790
394 790
6 812
538 1077
8 584
280 562
20 1360
12 1695
202 405
293 587
5 127
2 1592
0 1592
1 1719
2 1719
0 1719
0 548
1 548
97 195
1 352
1 1043
41 2703
41 2703
4 2703
41 2703
582 1165
12 395
0 1323
2 1323
1 1323
5 1323
4 1323
0 118
1 165
11 663
4 451
18 1536
22 1526
22 1526
22 1526
1 116
163 327
3 587
0 139
3 325
8 1288
1 116
119 240
2 217
355 712
54 1386
72 2339
1 2517
190 381
141 284
1 183
147 295
11 2517
17 2339
16 465
4 247
8 2517
0 55
4 281
0 247
20 1360
10 461
1880 3761
13 590
6 594
13 378
15 1539
10 108
2168 4338
775 1552
3 152
1 646
4 306
19 657
16 657
39 1042
210 421
3 1042
3 222
6 1034
0 270
5 1104
1 486
8 502
2 57
407 816
4 2365
536 1074
0 187
2 2236
0 2236
3 2236
1 2236
4 405
3 1110
13 497
110 222
0 120
0 151
0 1392
0 230
6 86
5 78
1169 2339
0 9
7 1021
0 318
2 308
1 279
2 762
3 88
10 721
7 1027
10 500
1 89
2 86
13 159
4 733
7 725
0 276
1 497
3 1130
0 456
0 654
0 777
1 53
0 340
237 475
2 142
7 694
0 41
0 90
17 588
14 588
3 588
4 214
3 67
7 588
2 327
0 342
0 588
96 193
2 161
44 90
11 588
6 41
10 322
3 718
2 142
16 567
10 588
56 113
0 120
24 588
7 567
293 588
27 588
17 483
27 588
6 218
28 588
11 282
12 282
293 588
108 218
7 327
11 24
0 274
7 274
2 214
1 142
5 90
44 90
1 228
7 567
0 229
13 567
12 343
4 228
8 327
1 43
15 386
346 694
113 228
7 475
3 588
237 475
27 946
2 475
1 567
3 457
13 327
17 483
11 343
0 116
0 475
113 228
5 342
163 327
279 560
4 229
0 99
8 588
21 43
21 43
0 168
11 141
1 483
7 16
27 588
4 386
12 334
293 588
293 588
6 588
293 588
7 90
27 588
10 271
14 588
12 386
4 67
279 560
170 342
6 454
11 588
12 588
3 211
346 694
20 694
8 228
9 327
14 588
18 752
4 53
0 229
28 588
2 41
1 374
1 334
8 588
30 475
5 110
1 229
1 58
28 588
2 142
8 153
13 334
3 116
58 118
18 588
26 386
7 327
2 142
13 228
77 156
3 588
7 588
3 327
171 343
76 153
9 475
11 588
7 99
1 588
8 588
286 574
5 694
2 90
19 694
1 56
279 560
11 342
160 322
2 752
14 588
21 327
4 193
12 454
3 342
3 67
19 327
23 588
5 229
3 342
3 67
1336 2673
3 211
19 483
9 327
1 228
4 33
480 962
5 1539
0 125
0 120
39 80
1 816
0 554
4 176
1 406
0 66
0 473
0 977
0 844
0 290
14 502
3 88
137 275
3 147
5 515
0 1205
0 1403
0 1695
2 605
6 605
1 1347
7 1347
25 1516
0 295
0 473
0 59
8 1021
11 788
113 228
0 1110
0 88
4 768
3 476
12 337
0 340
26 1695
5 127
0 308
6 378
0 241
3 452
1 284
13 1900
0 1900
3 3101
0 3101
0 6
7 218
28 664
0 158
0 423
21 951
22 951
2 623
0 399
22 1577
1 278
4 214
1 2150
0 2150
1 145
0 404
0 1074
7 336
0 362
4 594
0 216
2 439
5 527
5 1386
8 639
15 762
0 625
1 625
0 725
0 395
0 1036
26 1042
2 393
8 1539
2 368
11 1539
58 117
10 632
36 1042
258 518
1 567
2 452
8 1071
0 347
4 303
0 120
29 270
12 2237
52 2237
2 2237
0 2237
48 2237
0 233
775 1552
0 409
0 1230
2 1230
29 853
1 400
0 126
1 446
428 857
0 973
1 274
0 274
2 3390
32 3390
5 3390
0 3390
0 584
12 890
2 626
107 216
0 1346
0 247
143 287
39 79
0 196
17 191
25 7353
8 7353
228 7353
136 7353
28 7353
39 7353
401 7353
10 7353
29 7353
522 7353
3 7353
26 7353
36 7353
172 7353
12 7353
43 7353
2 141
34 2466
33 2466
0 2466
2 2466
3 1456
58 10604
18 10604
93 10604
96 10604
205 10604
0 10604
88 10604
73 10604
25 10604
205 10604
71 10604
68 10604
2 10604
3 10604
280 10604
205 10604
5 1655
2 1655
0 407
2 1162
13 1162
0 1162
1 1162
5 479
35 623
0 87
2 564
195 391
0 295
0 590
0 508
847 1695
23 47
393 788
3 788
393 788
11 788
393 788
2 788
3 788
393 788
393 788
1 230
5 739
1 436
14 1695
0 247
3 626
14 567
57 115
23 48
0 344
3 684
381 764
3 582
7 1072
3 1862
0 1862
9 369
17 876
1 625
1 233
6 937
0 937
6 937
1 230
2 421
4 272
7 218
2 812
12 826
1 919
1 887
1 1072
46 2339
14 958
0 958
17 1623
7 141
5 792
3 811
2 2330
0 2330
8 247
30 974
11 120
0 182
0 423
0 1967
0 30
9 384
3 549
28 1153
0 497
1 188
13 498
1 157
2 157
17 2339
9 950
2 57
0 135
17 473
0 962
4 448
1 163
5 414
10 1161
0 1161
1 1161
0 117
1 96
17 1403
1 1346
1 139
17 1110
5 473
6 318
0 318
3 700
0 162
3 1967
9 1539
9 1539
0 106
1 5662
4 5662
6 5662
4 5662
3 5662
27 1536
28 1536
15 625
2 2565
1 2565
30 2565
5 2565
6 2565
4 2565
873 1747
8 384
91 183
2 1249
4 1249
0 87
1 812
7 746
1 2128
0 2128
3 2128
0 473
1 67
6 124
2 178
0 764
2 379
1 2396
0 2396
2 2396
16 890
3 890
14 890
0 38
0 2407
3 2407
1 2407
12 2407
1 735
1 581
2 581
2 385
2 385
19 615
0 139
7 641
4 448
15 1064
0 1064
9 2225
4 89
1 941
0 89
0 1419
2 452
1 80
7 554
1 89
0 1294
29 1294
190 381
42 1948
14 1948
0 1948
7 1948
2 962
6 448
0 352
0 137
2 594
2 1708
0 1708
143 287
0 25
2 816
0 626
0 90
17 2339
0 1536
3 233
0 69
1 319
10 796
0 446
2 527
0 142
1 369
2 153
15 590
7 385
206 413
2 446
3 2395
1 2395
5 404
295 592
28 2163
2 2163
0 2163
27 55
18 191
3 2423
2 2423
0 2423
3 344
4 196
0 452
701 1403
1 1205
2 1205
3 1014
0 294
4 448
5 86
12 395
13 844
0 844
151 303
12 1360
0 812
0 107
0 562
11 479
8 467
37 1733
40 1733
30 1733
3 80
6 739
0 446
123 247
0 389
0 733
5 215
4 295
25 431
3 175
5 130
7 187
2 135
3 284
3 371
8 330
4 1724
1 1724
2 1724
1 549
12 919
569 1139
0 896
1 896
13 437
51 103
0 264
5 261
3 264
3 648
23 1577
2 1501
3 1501
1 1501
308 617
13 1618
1 285
14 504
3 115
1 48
0 247
1 737
0 223
0 509
0 311
5 594
238 477
1 345
2 733
13 789
10 789
0 605
2 1747
0 347
4 1511
6 1511
1 362
12 147
0 307
10 139
11 139
0 382
882 1766
393 788
3 788
4 788
5 788
393 788
0 788
2 788
393 788
6 788
16 694
0 694
4 307
1 174
6 371
538 1077
3 537
88 178
0 103
5 290
3 3159
5 3159
0 3159
11 1331
24 50
1 716
1 508
28 1909
28 1909
28 1909
1 1618
16 1618
0 384
9 384
0 102
0 94
3 585
7 474
267 535
0 261
26 295
0 169
0 148
6 183
14 876
1 733
12 1787
21 1787
0 1787
18 617
0 1553
3 1553
9 504
0 343
1 632
0 127
15 504
7 1083
2 65
7 1144
1 178
5 172
119 240
215 431
24 919
0 498
3 1618
52 1475
183 368
3 26
7 1965
1 1965
2 1965
0 1965
4 1965
14 1965
14 125
3 175
27 55
3 379
0 229
0 229
1 230
4 1042
0 344
9 323
5 746
17 876
12 479
27 406
3 504
2 171
3 575
20 764
16 1913
1 1913
6 1057
1 269
1 173
171 344
0 772
0 242
2 1695
14 1695
6 382
5 764
3 175
0 94
1 811
0 394
0 1287
0 176
9 139
0 310
1 360
5 230
8 811
3 381
0 1129
4 1129
1 1129
1 638
14 1071
32 1410
47 1410
3 1410
2 811
0 497
18 37
0 285
5 305
2 256
1 360
116 233
13 623
0 1061
4 260
1 452
2 563
10 592
5 144
163 327
0 617
10 337
10 362
406 5976
204 5976
55 5976
178 5976
246 5976
36 5976
250 5976
203 5976
195 5976
32 1075
6 379
8 661
2 162
0 2517
25 431
6 100
1 1386
8 850
5 511
4 405
0 1102
1 1102
1 370
5 196
1 361
16 841
26 698
0 124
0 290
108 218
2 439
6 229
0 349
4 89
1 360
17 333
15 333
4 526
2 122
1 412
97 196
13 874
0 247
6 896
0 338
2 338
2 142
77 1779
889 1779
65 1779
889 1779
5 1238
17 876
0 1853
27 1853
27 1853
0 592
3 564
86 173
10 1539
0 158
1 812
5 584
0 328
7 262
2 816
2 99
397 796
6 404
5 146
6 345
3 464
113 228
6 274
459 919
0 502
0 1110
3 122
4 446
10 518
0 141
15 585
19 561
1 2808
1 1357
707 1416
1 204
6 100
281 563
281 564
0 473
30 1110
0 339
163 327
2 308
147 295
1 587
1 777
3 558
74 149
104 209
0 279
1 962
1 3095
3 3095
0 3095
6 1617
1 1617
2 1617
0 1617
8 318
6 327
0 1767
7 1767
3 1767
1 1767
15 240
8 1071
2 522
0 1618
1 465
0 465
1 465
