0 384
1 375
0 392
1 576
0 576
1 776
0 776
3 511
32 2287
11 2287
9 745
1 745
17 914
0 338
0 448
1 691
0 691
0 183
2 914
26 1155
28 1155
162 1155
23 1155
25 1155
9 1370
2 1623
0 7389
5 7389
22 7389
58 7389
97 7389
26 7389
47 7389
40 7389
34 7389
3 7389
571 7389
0 2339
1 615
2 1288
0 176
5 1265
40 1265
15 1265
1 150
3 79
0 1983
3 1983
17 1983
23 1983
4 269
12 397
2 1208
0 1208
25 1208
39 1474
3 240
0 448
0 558
1 1113
0 1113
0 79
2 305
0 400
1 388
1 590
1 1483
4 152
3 152
0 796
43 1536
0 805
0 276
0 328
1 1267
2 1267
5 1267
14 1267
0 1267
0 522
3 198
15 1013
18 1013
3 152
0 1303
2 1008
1 1008
4 327
1 562
7 737
5 737
3 264
1 175
0 44
0 89
11 1913
4 1913
4 1539
0 973
0 855
0 301
40 7645
92 7645
0 7645
47 7645
163 7645
8 7645
2 7645
9 7645
11 7645
48 7645
54 7645
13 7645
18 7645
15 7645
45 7645
21 7645
49 7645
64 7645
138 7645
35 7645
335 9306
9 9306
50 9306
6 9306
4 9306
93 9306
0 9306
2 9306
5 9306
235 9306
38 9306
3 9306
47 9306
169 9306
1 9306
49 9306
29 9306
44 9306
5 3760
72 3760
1 3760
0 3760
10 3760
14 3760
9 3760
3 3760
2 689
8 295
3 1454
0 1454
2 1454
11 1454
1 626
0 203
0 405
2 794
0 794
0 844
133 657
0 1110
0 150
1 1071
0 812
0 812
0 422
7 896
0 395
5 2339
0 135
7 324
7 721
0 79
2 204
1 811
0 368
0 380
0 380
3 384
2 152
0 98
3 68
9 446
1 777
10 777
3 884
15 884
0 1514
17 876
7 348
0 169
2 663
0 663
1 303
0 240
0 441
20 1474
0 733
6 1077
0 404
1 973
0 138
15 1618
10 567
9 876
1 176
1 2150
26 2150
9 876
7 311
4 1597
15 1597
8 1597
1 1597
2 618
0 98
0 184
1 776
0 776
0 497
3 57
0 392
0 670
4 670
0 392
2 511
0 247
0 876
0 344
7 965
9 1539
0 509
4 215
3 176
4 215
4 215
3 1386
0 283
1 764
0 465
1 792
37 10782
4 10782
17 10782
50 10782
46 10782
62 10782
10 10782
99 10782
69 10782
76 10782
58 10782
80 10782
5 10782
12 10782
23 10782
40 10782
116 10782
34 10782
28 10782
29 10782
19 10782
14 10782
93 10782
0 10782
58 10782
47 10782
0 224
14 767
3 144
42 540
3 2510
36 2510
56 269
10 269
0 1269
1 1269
4 919
1 782
0 448
1 931
0 931
1 247
0 89
0 2038
12 2038
9 2038
1 446
1 737
0 1898
1 1898
31 584
5 1360
5 2257
19 2257
1 1695
1 2339
3 1072
1 746
1 746
1 2150
5 2150
21 3410
1 3410
2 3410
1 746
2 2150
4 2150
0 764
1 746
0 456
2 590
12 2449
0 2449
17 191
4 777
6 266
2 1027
6 976
90 976
25 3000
5 3000
34 3000
102 3000
29 3000
10 3000
2 202
1 456
6 777
3 381
3 295
0 186
2 441
0 94
10 68
1 287
0 240
38 142
0 240
10 655
0 1197
7 2831
5 2831
3 2831
0 2831
1 1331
0 4210
1 4210
70 4210
4 4210
10 4210
30 4210
47 4210
7 4210
3 4210
6 4210
76 4210
3 20
2 209
0 677
2 677
4 1547
3 1547
0 888
1 888
0 344
17 413
21 1012
2 1012
5 1012
0 269
1 467
2 504
29 1110
1 585
2 2128
5 2128
3 2128
2 960
1 1483
7 1536
2 1536
0 1110
2 1069
3 1069
0 1069
1 1014
57 811
0 1110
0 423
0 93
22 183
0 384
0 724
7 2375
4 2375
5 2375
1 178
21 788
6 788
10 788
12 788
26 788
0 788
1 788
22 788
9 788
3 203
5 226
1 4949
13 4949
3 4949
15 4949
41 4949
126 4949
122 4949
0 120
121 2150
2 2150
11 2150
0 653
3 689
19 2955
14 2955
10 2955
13 2955
15 2955
3 2955
8 2955
3 1695
3 439
3 439
0 225
21 2163
16 2163
345 13875
9 13875
159 13875
124 13875
140 13875
69 13875
61 13875
14 13875
313 13875
86 13875
2255 13875
139 13875
35 13875
2 13875
5 2339
2 222
0 150
4 1164
28 1164
35 1164
3 2347
0 2347
1 2347
4 2347
1 633
0 384
44 3126
54 3126
7 3126
17 3126
31 3126
35 3126
51 3126
4 1078
0 1078
19 1078
0 267
0 1926
17 526
1 812
12 858
24 5657
60 5657
30 5657
28 5657
9 5657
55 5657
113 5657
38 5657
1 1042
0 423
0 218
2 172
51 1307
57 1021
0 384
0 400
1 240
1 247
4 176
0 247
1 124
1 618
0 247
14 1708
38 1708
57 1708
32 1708
0 762
1 762
3 152
7 371
0 264
1 442
0 442
0 389
81 5642
32 5642
138 5642
251 5642
74 5642
36 5642
4 5642
3 416
0 223
0 86
12 543
3 1403
0 1403
1 679
1 2517
0 87
41 689
9 336
0 89
0 153
6 1403
0 1963
9 1963
9 2002
22 2002
2 2002
1 147
0 147
9 163
0 264
1 1539
3 264
1 590
0 181
21 241
2 465
65 764
123 764
15 764
11 295
1 1652
2 1652
0 1967
0 86
0 1110
2 1183
0 1183
1 1183
0 876
0 389
0 1124
2 1124
9 1014
0 961
4 961
10 961
0 526
0 359
23 1130
3 257
2 1386
4 842
9 1042
0 257
10 2403
68 2403
12 2403
0 106
0 375
24 617
0 270
0 270
1 340
15 327
0 380
1 518
0 587
1 587
0 384
0 424
0 264
1 699
5 1317
0 1317
7 1317
1 120
7 594
0 538
0 603
15 1130
0 344
0 240
3 1241
0 122
0 855
0 1898
1 1898
0 1898
1 1898
0 384
3 17
2 914
0 777
6 163
8 4713
17 4713
2 4713
554 4713
0 4713
14 4713
0 44
7 2150
34 2150
16 2150
32 2150
1 402
19 266
4 781
7 781
9 781
0 781
5 664
2 689
0 874
0 796
0 796
78 1464
1 1464
4 1464
0 548
0 382
2 233
2 663
13 257
10 506
26 1012
3 257
2 626
0 371
66 782
14 3816
1 3816
5 3816
8 3816
3 3816
6 3816
75 3816
0 340
0 1347
1 1347
0 149
1 554
4 364
22 364
15 295
45 435
1 695
18 1247
34 1247
3 423
2 914
0 265
4 631
2 631
0 186
0 518
3 171
38 511
2 431
5 2308
1 2308
29 2303
4 2303
4 145
2 145
16 145
1 467
5 518
1 405
3 318
1 423
4 324
1 389
52 8726
6 8726
151 8726
39 8726
207 8726
11 8726
184 8726
48 8726
4 8726
3 8726
54 8726
35 8726
85 8726
3 422
2 108
0 456
0 1036
1 1036
20 391
0 344
1 679
2 154
33 397
13 3066
11 3066
10 3066
9 1214
24 1214
7 1595
98 1595
7 764
0 457
0 368
0 376
2 209
2 209
2 1191
0 1191
0 592
1 378
6 141
0 389
0 446
3 264
0 526
4 1110
1287 12734
23 12734
0 12734
113 12734
67 12734
85 12734
989 12734
57 12734
11 12734
188 12734
153 12734
140 12734
293 12734
224 12734
121 12734
261 12734
343 12734
171 12734
0 203
0 89
2 653
14 295
0 841
0 441
3 384
0 876
52 1264
87 1264
30 1264
0 404
1 1483
0 1110
1 590
1 590
3 264
0 107
17 1386
0 148
0 89
24 842
1 461
2 669
0 669
8 737
3 699
3 423
3 737
0 107
0 107
1 148
0 473
21 2629
17 2629
7 2629
2 2629
0 384
1 1589
3 1589
0 1589
6 113
0 2696
1 2696
23 2696
0 774
5 664
102 987
3 987
0 987
42 4344
17 4344
57 4344
19 4344
13 4344
22 4344
23 4344
3 222
6 626
7 1376
5 1376
1 1376
6 1376
0 558
0 680
4 680
4 234
5 177
4 177
0 384
0 441
17 441
6 376
1 1511
4 1511
3 522
1 522
0 169
3 737
8 664
4 479
0 2238
1 2238
15 2238
10 2238
13 1074
12 737
1 762
2 2517
24 788
0 2300
4 2300
6 762
0 618
0 183
0 270
5 558
0 252
14 295
59 1913
127 1913
4 656
7 656
1 656
0 240
1 423
141 764
0 373
14 446
3 357
4 423
8 632
1 590
1 562
14 456
0 9
293 587
1 562
32 1014
5 774
0 404
5 567
5 1407
3 594
1 690
0 690
0 250
0 127
0 295
18 2725
25 2725
23 2725
24 2725
10 2725
2 442
0 442
1 518
0 508
0 269
1 269
0 38
19 6094
66 6094
49 6094
71 6094
88 6094
4 1370
1 2737
48 2737
60 1409
18 526
7 465
2 339
2 960
1 960
33 382
1 295
0 404
1 431
8 1536
1 615
0 844
1 308
2 504
0 560
2 730
3 730
5 764
9 1701
0 240
12 283
0 596
0 392
5 2339
9 2339
0 303
0 461
19 563
24 438
1 122
21 980
9 980
12 845
1 665
16 378
6 352
5 889
14 889
0 189
1 431
0 751
17 526
2 1955
9 1955
1 1955
17 1955
11 1955
3 1955
204 9453
220 9453
202 9453
71 9453
49 9453
285 9453
17 9453
143 9453
76 9453
206 9453
159 9453
181 9453
86 9453
138 9453
113 9453
22 3604
99 3604
115 3604
676 3604
76 3604
4 2982
16 2982
1 2982
9 2982
29 2982
5 1152
11 499
0 181
1 181
16 249
10 613
10 395
1 575
0 122
3 1114
0 1114
20 283
27 283
5 241
4 55
13 655
5 1887
10 1887
55 1887
2 7512
11 7512
9 7512
12 7512
96 7512
14 7512
3 7512
124 7512
111 7512
238 7512
39 7512
4 7512
17 7512
293 7512
140 7512
6 328
10 623
7 106
7 82
4 305
1 196
21 151
12 439
7 328
12 2031
85 4370
72 4370
56 4370
84 4370
36 4370
52 4370
55 4370
53 4370
4 340
0 360
1 269
2 413
17 887
2 187
12 187
3 534
2 1539
17 726
15 257
4 202
2 764
1 764
0 473
7 729
5 729
6 729
3 174
10 593
1 326
17 282
1 59
4 2849
125 2849
13 2849
90 2849
0 225
15 435
6 435
2 522
4 146
0 479
14 399
1 587
1 562
28 788
13 788
22 788
26 788
29 788
0 788
5 788
35 788
20 788
32 473
19 473
20 1528
2 1528
49 1904
24 1904
8 733
1 219
8 2417
1 2417
70 594
34 594
51 594
1 620
0 620
3 476
16 476
0 405
54 1695
0 91
5 91
0 1223
1 1223
3 1223
4 479
1 328
31 1879
11 1879
11 4834
40 4834
17 4834
0 4834
73 4834
24 4834
0 145
17 739
5 336
19 361
5 177
5 413
27 759
1 191
5 191
27 240
3 233
3 177
3 176
1 318
8 807
16 807
0 761
4 446
1 931
0 931
0 1074
38 812
10 287
12 764
0 1043
3 857
2 922
3 558
15 558
29 279
23 173
10 130
20 617
10 617
9 1707
2 1707
13 4275
22 4275
10 4275
9 4275
28 4275
0 1149
1 1149
4 1149
5 2971
3 2971
2 336
2 318
0 1026
0 92
1 92
0 311
1 161
2 774
4 127
0 379
8 400
0 428
9 381
1 562
1 497
0 393
14 279
0 323
18 395
17 223
0 362
17 509
8 2434
7 716
7 388
14 233
1 484
0 484
1 484
4 1075
2 1075
0 1075
5 1075
6 118
3 114
23 844
37 844
2 306
2 1742
9 1742
4 1742
0 441
0 655
123 764
16 509
341 3737
0 3737
8 3737
6 3737
11 562
270 2181
0 338
0 40
10 379
1 405
1 474
0 98
2 1143
15 368
5 699
2 343
14 126
3 1644
0 1644
5 767
11 767
57 767
7 20
20 310
1 354
0 61
5 297
72 727
1 395
0 1618
1 233
9 381
6 473
18 217
3 152
83 768
6 171
1 567
3 301
2 461
26 788
8 788
15 788
22 788
28 788
0 788
1 788
30 788
12 788
1 405
0 653
14 139
8 324
1 973
3 1386
0 633
10 664
17 1618
0 395
0 295
6 344
4 230
1109 2219
0 385
21 527
1 1926
1 1926
5 548
1 919
0 699
4 472
1 327
1 821
5 821
4 821
0 526
17 567
43 1012
13 1012
8 1012
3 562
57 739
6 266
14 227
0 241
8 635
7 391
6 177
6 407
7 435
29 535
20 527
0 371
2 371
1 240
0 57
17 297
0 262
3 361
16 1312
0 84
3 287
0 509
1 585
26 592
30 812
72 2339
13 290
0 948
1 948
1 448
32 973
8 360
1 389
62 1646
9 2101
0 2101
10 2101
15 2101
6 876
11 472
5 265
9 777
39 502
10 137
25 209
3 144
0 183
0 370
18 135
3 120
37 962
19 721
0 114
20 3218
6 1747
0 231
3 1110
0 153
1 290
0 397
5 325
23 319
13 382
84 5267
59 5267
46 5267
37 5267
239 5267
71 5267
137 5267
240 5267
22 5267
18 5267
32 5267
7 5267
49 5267
150 5267
20 1034
1 1034
33 2191
11 2191
18 247
17 247
74 1416
150 1027
6 319
6 1042
16 384
2 163
0 127
1 484
12 900
2 544
23 265
8 368
0 930
34 2416
36 2416
21 2416
41 919
0 407
0 382
0 247
0 233
1 1183
2 1183
0 1183
1 1185
0 382
1 340
2 3763
12 3763
0 177
3 477
0 141
0 242
2 295
4 295
4 395
32 615
3 308
1 1695
25 511
1 227
0 257
4 2339
1 395
0 359
0 761
2 257
0 176
4 336
1 195
0 365
0 240
2 230
6 196
5 338
8 1116
7 1116
7 1124
0 300
6 1623
40 906
0 57
0 188
1 1057
1 233
4 721
4 318
0 735
2 699
3 446
0 310
2 165
7 465
37 1130
47 679
1 392
8 348
0 1898
1 1898
7 472
1 950
0 950
6 950
0 191
13 1695
0 324
2 282
2 861
4 1695
15 360
6 960
8 388
1 1701
0 453
1 453
0 247
3 461
0 295
0 1042
15 549
26 319
6 1110
27 2517
7 866
14 866
10 141
7 387
3 48
1 1791
9 1791
4 511
2 275
9 286
1 423
6 191
12 950
0 509
0 861
1 364
16 364
0 378
10 3651
1 364
11 364
1 298
19 679
5 654
0 177
3 605
18 392
20 392
6 569
0 43
6 414
0 272
6 327
5 2050
4 2050
2 2050
3 617
5 927
21 1268
25 1268
32 1268
16 1413
5 157
5 317
16 790
78 790
0 812
17 1077
23 584
30 562
5 1360
4 1695
38 405
3 587
0 127
15 1592
4 1592
7 1719
2 1719
5 1719
0 548
3 548
4 195
9 352
2 1043
11 2703
17 2703
4 2703
6 2703
6 1165
5 395
2 1323
0 1323
1 1323
7 1323
4 1323
0 118
7 165
15 663
22 451
9 1536
2 1526
7 1526
3 1526
3 116
12 327
2 587
3 139
3 325
34 1288
3 116
8 240
1 217
108 712
8 1386
0 2339
18 2517
14 381
11 284
4 183
12 295
4 2517
58 2339
1 465
1 247
0 2517
0 55
1 281
4 247
7 1360
0 461
42 3761
1 590
6 594
34 378
7 1539
3 108
289 4338
199 1552
3 152
12 646
2 306
0 657
2 657
18 1042
30 421
3 1042
4 222
3 1034
0 270
0 1104
4 486
0 502
0 57
4 816
13 2365
37 1074
1 187
1 2236
2 2236
3 2236
6 2236
1 405
30 1110
2 497
13 222
0 120
0 151
1 1392
0 230
0 86
2 78
124 2339
0 9
1 1021
8 318
2 308
34 279
1 762
0 88
7 721
52 1027
1 500
1 89
4 86
11 159
7 733
17 725
1 276
2 497
4 1130
0 456
2 654
1 777
0 53
2 340
47 475
1 142
0 694
0 41
0 90
3 588
1 588
3 588
0 214
0 67
1 588
1 327
3 342
0 588
2 193
2 161
6 90
4 588
0 41
11 322
2 718
1 142
9 567
9 588
5 113
0 120
0 588
33 567
57 588
0 588
3 483
0 588
5 218
6 588
0 282
0 282
11 588
13 218
0 327
3 24
0 274
1 274
2 214
1 142
0 90
14 90
1 228
12 567
0 229
15 567
2 343
1 228
1 327
1 43
4 386
2 694
14 228
1 475
0 588
18 475
44 946
0 475
0 567
3 457
3 327
3 483
3 343
0 116
0 475
12 228
0 342
5 327
30 560
19 229
0 99
4 588
7 43
7 43
0 168
3 141
4 483
0 16
2 588
2 386
1 334
9 588
8 588
21 588
10 588
0 90
3 588
1 271
2 588
8 386
0 67
37 560
16 342
0 454
1 588
12 588
1 211
19 694
26 694
12 228
22 327
3 588
7 752
0 53
3 229
4 588
2 41
0 374
0 334
24 588
1 475
9 110
0 229
0 58
1 588
0 142
6 153
1 334
3 116
6 118
3 588
7 386
3 327
2 142
16 228
12 156
3 588
1 588
0 327
3 343
6 153
19 475
8 588
0 99
0 588
3 588
34 574
0 694
1 90
13 694
2 56
24 560
5 342
8 322
0 752
2 588
46 327
0 193
8 454
0 342
0 67
0 327
0 588
1 229
0 342
0 67
178 2673
0 211
4 483
0 327
3 228
4 33
9 962
1 1539
0 125
0 120
6 80
1 816
0 554
0 176
0 406
0 66
11 473
0 977
0 844
3 290
15 502
0 88
3 275
2 147
8 515
0 1205
0 1403
0 1695
20 605
3 605
1 1347
0 1347
1 1516
0 295
0 473
0 59
14 1021
4 788
17 228
0 1110
0 88
1 768
1 476
0 337
2 340
51 1695
0 127
2 308
1 378
0 241
14 452
0 284
1 1900
0 1900
1 3101
0 3101
0 6
0 218
6 664
0 158
0 423
3 951
1 951
0 623
0 399
3 1577
0 278
1 214
5 2150
0 2150
0 145
1 404
0 1074
4 336
0 362
6 594
0 216
0 439
2 527
1 1386
1 639
19 762
0 625
1 625
0 725
0 395
0 1036
0 1042
10 393
2 1539
1 368
3 1539
15 117
2 632
2 1042
3 518
4 567
0 452
1 1071
0 347
2 303
0 120
0 270
28 2237
0 2237
4 2237
3 2237
15 2237
0 233
184 1552
0 409
0 1230
2 1230
0 853
1 400
0 126
0 446
16 857
0 973
2 274
1 274
8 3390
48 3390
16 3390
15 3390
0 584
41 890
0 626
3 216
0 1346
0 247
9 287
3 79
0 196
16 191
228 7353
4 7353
89 7353
513 7353
179 7353
59 7353
292 7353
10 7353
1 7353
673 7353
11 7353
123 7353
3 7353
277 7353
5 7353
38 7353
0 141
5 2466
7 2466
0 2466
22 2466
2 1456
66 10604
76 10604
0 10604
68 10604
82 10604
3 10604
129 10604
161 10604
36 10604
92 10604
15 10604
167 10604
96 10604
61 10604
105 10604
236 10604
7 1655
13 1655
0 407
5 1162
12 1162
3 1162
6 1162
3 479
12 623
0 87
2 564
6 391
0 295
2 590
0 508
14 1695
3 47
35 788
20 788
25 788
28 788
34 788
0 788
7 788
29 788
18 788
1 230
0 739
0 436
2 1695
0 247
3 626
0 567
0 115
3 48
0 344
25 684
147 764
5 582
80 1072
18 1862
0 1862
1 369
6 876
1 625
1 233
3 937
0 937
22 937
0 230
1 421
0 272
0 218
4 812
24 826
0 919
9 887
1 1072
78 2339
6 958
1 958
0 1623
0 141
1 792
1 811
2 2330
1 2330
0 247
10 974
2 120
1 182
4 423
0 1967
0 30
0 384
5 549
4 1153
3 497
2 188
14 498
0 157
3 157
1 2339
4 950
1 57
8 135
0 473
0 962
0 448
0 163
0 414
14 1161
1 1161
3 1161
1 117
2 96
0 1403
0 1346
1 139
10 1110
0 473
2 318
0 318
2 700
0 162
14 1967
1 1539
0 1539
0 106
55 5662
37 5662
74 5662
77 5662
78 5662
4 1536
7 1536
6 625
13 2565
8 2565
5 2565
6 2565
4 2565
1 2565
5 1747
0 384
1 183
0 1249
1 1249
0 87
0 812
2 746
2 2128
0 2128
1 2128
0 473
2 67
2 124
28 178
0 764
4 379
2 2396
0 2396
1 2396
9 890
1 890
3 890
0 38
0 2407
2 2407
3 2407
7 2407
1 735
5 581
7 581
6 385
11 385
8 615
0 139
0 641
0 448
7 1064
0 1064
2 2225
0 89
1 941
0 89
0 1419
0 452
0 80
15 554
0 89
0 1294
21 1294
9 381
5 1948
0 1948
3 1948
1 1948
12 962
11 448
0 352
0 137
0 594
7 1708
1 1708
12 287
0 25
0 816
0 626
1 90
31 2339
0 1536
0 233
4 69
0 319
0 796
0 446
0 527
2 142
1 369
0 153
0 590
0 385
19 413
5 446
4 2395
0 2395
8 404
295 592
19 2163
22 2163
18 2163
3 55
29 191
1 2423
7 2423
0 2423
0 344
0 196
0 452
21 1403
1 1205
2 1205
3 1014
0 294
0 448
0 86
0 395
2 844
0 844
1 303
0 1360
0 812
3 107
0 562
2 479
6 467
0 1733
12 1733
6 1733
0 80
0 739
0 446
25 247
0 389
0 733
4 215
2 295
2 431
0 175
0 130
1 187
6 135
0 284
5 371
14 330
8 1724
3 1724
9 1724
2 549
1 919
44 1139
3 896
2 896
4 437
1 103
0 264
2 261
1 264
0 648
5 1577
2 1501
3 1501
1 1501
18 617
1 1618
0 285
4 504
0 115
1 48
0 247
0 737
0 223
0 509
0 311
9 594
2 477
0 345
3 733
1 789
4 789
0 605
20 1747
0 347
1 1511
2 1511
0 362
1 147
0 307
0 139
1 139
0 382
3 1766
31 788
6 788
11 788
14 788
35 788
0 788
1 788
30 788
9 788
0 694
1 694
2 307
1 174
4 371
3 1077
0 537
5 178
0 103
3 290
3 3159
2 3159
0 3159
0 1331
24 50
0 716
0 508
11 1909
13 1909
10 1909
0 1618
0 1618
0 384
1 384
0 102
0 94
1 585
0 474
32 535
0 261
0 295
0 169
0 148
7 183
6 876
3 733
9 1787
3 1787
0 1787
26 617
0 1553
1 1553
3 504
3 343
3 632
0 127
2 504
16 1083
2 65
53 1144
0 178
2 172
27 240
43 431
1 919
6 498
1 1618
7 1475
11 368
1 26
16 1965
40 1965
18 1965
38 1965
13 1965
70 1965
1 125
0 175
5 55
8 379
0 229
0 229
0 230
1 1042
0 344
0 323
1 746
9 876
3 479
4 406
4 504
1 171
29 575
6 764
8 1913
2 1913
2 1057
4 269
1 173
2 344
0 772
0 242
1 1695
2 1695
0 382
4 764
0 175
0 94
0 811
0 394
0 1287
0 176
1 139
0 310
0 360
2 230
1 811
1 381
2 1129
3 1129
8 1129
13 638
0 1071
10 1410
0 1410
1 1410
0 811
0 497
3 37
0 285
0 305
5 256
0 360
5 233
1 623
1 1061
0 260
1 452
0 563
1 592
6 144
14 327
0 617
0 337
0 362
409 5976
50 5976
4 5976
96 5976
183 5976
0 5976
77 5976
40 5976
15 5976
6 1075
1 379
19 661
0 162
12 2517
15 431
0 100
1 1386
27 850
2 511
1 405
0 1102
1 1102
0 370
3 196
1 361
7 841
0 698
0 124
0 290
1 218
4 439
8 229
0 349
0 89
0 360
1 333
1 333
0 526
0 122
0 412
0 196
1 874
0 247
0 896
1 338
3 338
4 142
5 1779
180 1779
7 1779
97 1779
1 1238
10 876
20 1853
25 1853
33 1853
19 592
2 564
1 173
0 1539
0 158
0 812
8 584
2 328
7 262
0 816
0 99
10 796
0 404
0 146
0 345
10 464
2 228
12 274
71 919
0 502
0 1110
2 122
3 446
4 518
0 141
2 585
0 561
1 2808
0 1357
200 1416
2 204
1 100
62 563
5 564
0 473
41 1110
0 339
163 327
4 308
8 295
1 587
0 777
0 558
0 149
11 209
2 279
6 962
9 3095
17 3095
19 3095
10 1617
6 1617
1 1617
4 1617
0 318
0 327
9 1767
17 1767
1 1767
2 1767
0 240
0 1071
0 522
0 1618
1 465
0 465
2 465
