4 384
1 375
14 392
0 576
1 576
24 776
23 776
4 511
19 2287
4 2287
9 745
4 745
6 914
6 338
4 448
1 691
0 691
0 183
8 914
9 1155
38 1155
577 1155
7 1155
10 1155
2 1370
13 1623
0 7389
42 7389
10 7389
7 7389
12 7389
8 7389
23 7389
17 7389
105 7389
14 7389
150 7389
0 2339
3 615
15 1288
3 176
9 1265
6 1265
13 1265
4 150
3 79
0 1983
1 1983
6 1983
5 1983
2 269
9 397
4 1208
0 1208
6 1208
19 1474
10 240
5 448
0 558
1 1113
0 1113
1 79
6 305
3 400
3 388
6 590
0 1483
3 152
3 152
0 796
767 1536
0 805
0 276
10 328
1 1267
2 1267
11 1267
21 1267
0 1267
6 522
2 198
3 1013
2 1013
3 152
0 1303
2 1008
0 1008
5 327
2 562
6 737
5 737
5 264
5 175
0 44
0 89
5 1913
1 1913
5 1539
2 973
2 855
2 301
33 7645
123 7645
0 7645
15 7645
95 7645
7 7645
5 7645
3 7645
4 7645
48 7645
42 7645
6 7645
29 7645
11 7645
25 7645
14 7645
37 7645
21 7645
101 7645
19 7645
887 9306
5 9306
29 9306
15 9306
3 9306
79 9306
0 9306
4 9306
6 9306
531 9306
30 9306
2 9306
33 9306
180 9306
1 9306
71 9306
59 9306
25 9306
5 3760
115 3760
1 3760
0 3760
30 3760
13 3760
9 3760
8 3760
3 689
5 295
18 1454
0 1454
7 1454
16 1454
1 626
0 203
0 405
2 794
0 794
0 844
328 657
0 1110
4 150
0 1071
0 812
0 812
0 422
13 896
0 395
4 2339
0 135
1 324
2 721
5 79
2 204
1 811
1 368
0 380
0 380
5 384
9 152
4 98
10 68
2 446
0 777
6 777
1 884
6 884
0 1514
23 876
2 348
0 169
2 663
0 663
4 303
9 240
0 441
13 1474
0 733
8 1077
0 404
0 973
1 138
17 1618
2 567
15 876
1 176
0 2150
34 2150
14 876
7 311
0 1597
17 1597
18 1597
16 1597
1 618
0 98
0 184
10 776
1 776
0 497
5 57
15 392
0 670
3 670
15 392
0 511
2 247
0 876
6 344
0 965
37 1539
0 509
4 215
12 176
4 215
4 215
10 1386
1 283
2 764
0 465
0 792
17 10782
4 10782
7 10782
14 10782
18 10782
48 10782
12 10782
41 10782
31 10782
37 10782
36 10782
177 10782
1 10782
8 10782
16 10782
10 10782
19 10782
15 10782
44 10782
21 10782
6 10782
11 10782
30 10782
0 10782
36 10782
24 10782
0 224
12 767
10 144
59 540
0 2510
2 2510
134 269
5 269
0 1269
1 1269
2 919
1 782
4 448
1 931
0 931
0 247
4 89
5 2038
0 2038
1 2038
1 446
3 737
1 1898
0 1898
15 584
17 1360
2 2257
5 2257
1 1695
4 2339
3 1072
1 746
3 746
1 2150
6 2150
18 3410
1 3410
12 3410
3 746
1 2150
9 2150
10 764
3 746
0 456
19 590
5 2449
2 2449
21 191
5 777
6 266
2 1027
5 976
21 976
14 3000
5 3000
7 3000
146 3000
9 3000
10 3000
1 202
1 456
8 777
8 381
0 295
1 186
220 441
1 94
33 68
0 287
1 240
70 142
8 240
8 655
3 1197
7 2831
6 2831
5 2831
0 2831
2 1331
0 4210
1 4210
59 4210
3 4210
10 4210
33 4210
36 4210
6 4210
2 4210
14 4210
198 4210
4 20
2 209
0 677
1 677
1 1547
0 1547
0 888
1 888
0 344
2 413
14 1012
1 1012
14 1012
0 269
9 467
1 504
54 1110
1 585
0 2128
6 2128
4 2128
6 960
2 1483
19 1536
5 1536
1 1110
3 1069
1 1069
0 1069
1 1014
42 811
3 1110
1 423
1 93
3 183
0 384
0 724
3 2375
2 2375
6 2375
1 178
17 788
3 788
6 788
5 788
17 788
0 788
1 788
17 788
4 788
1 203
4 226
0 4949
5 4949
2 4949
54 4949
14 4949
19 4949
17 4949
0 120
56 2150
0 2150
3 2150
0 653
6 689
12 2955
8 2955
15 2955
10 2955
14 2955
0 2955
6 2955
3 1695
0 439
0 439
4 225
1 2163
3 2163
59 13875
13 13875
7 13875
24 13875
19 13875
32 13875
0 13875
1 13875
79 13875
10 13875
1516 13875
46 13875
93 13875
28 13875
25 2339
3 222
3 150
3 1164
7 1164
5 1164
0 2347
3 2347
2 2347
4 2347
0 633
0 384
16 3126
15 3126
7 3126
5 3126
6 3126
19 3126
12 3126
2 1078
0 1078
4 1078
3 267
0 1926
262 526
3 812
12 858
7 5657
11 5657
10 5657
6 5657
0 5657
2 5657
15 5657
146 5657
10 1042
1 423
0 218
11 172
35 1307
96 1021
1 384
1 400
10 240
8 247
1 176
1 247
1 124
5 618
1 247
1 1708
13 1708
10 1708
2 1708
3 762
1 762
2 152
6 371
3 264
1 442
0 442
0 389
114 5642
6 5642
59 5642
185 5642
9 5642
17 5642
8 5642
2 416
8 223
0 86
23 543
11 1403
8 1403
1 679
1 2517
0 87
8 689
10 336
1 89
3 153
26 1403
0 1963
14 1963
4 2002
10 2002
1 2002
10 147
1 147
11 163
13 264
3 1539
7 264
4 590
0 181
120 241
3 465
64 764
70 764
11 764
11 295
0 1652
1 1652
0 1967
0 86
0 1110
3 1183
1 1183
0 1183
0 876
0 389
0 1124
1 1124
10 1014
0 961
2 961
6 961
0 526
1 359
28 1130
2 257
10 1386
12 842
42 1042
0 257
5 2403
70 2403
21 2403
0 106
2 375
10 617
0 270
9 270
4 340
4 327
0 380
0 518
0 587
2 587
0 384
0 424
5 264
16 699
10 1317
5 1317
1 1317
7 120
8 594
0 538
0 603
7 1130
3 344
7 240
1 1241
1 122
4 855
0 1898
1 1898
1 1898
0 1898
9 384
8 17
16 914
0 777
8 163
4 4713
6 4713
1 4713
403 4713
0 4713
9 4713
1 44
0 2150
10 2150
1 2150
6 2150
8 402
19 266
0 781
3 781
1 781
2 781
22 664
5 689
1 874
0 796
1 796
96 1464
2 1464
10 1464
0 548
2 382
30 233
2 663
6 257
19 506
6 1012
4 257
1 626
2 371
35 782
5 3816
0 3816
2 3816
3 3816
1 3816
10 3816
25 3816
0 340
1 1347
0 1347
1 149
1 554
0 364
5 364
15 295
217 435
2 695
3 1247
2 1247
3 423
3 914
0 265
2 631
0 631
1 186
0 518
85 171
43 511
9 431
0 2308
1 2308
0 2303
20 2303
2 145
1 145
8 145
8 467
9 518
1 405
8 318
7 423
1 324
3 389
23 8726
1 8726
187 8726
30 8726
201 8726
20 8726
215 8726
48 8726
7 8726
0 8726
9 8726
57 8726
29 8726
1 422
2 108
0 456
0 1036
1 1036
21 391
0 344
0 679
2 154
198 397
10 3066
4 3066
46 3066
3 1214
6 1214
32 1595
74 1595
24 764
0 457
0 368
0 376
3 209
1 209
1 1191
0 1191
1 592
8 378
13 141
0 389
0 446
4 264
1 526
8 1110
6366 12734
36 12734
3 12734
32 12734
93 12734
137 12734
6366 12734
51 12734
5 12734
581 12734
110 12734
110 12734
121 12734
115 12734
126 12734
622 12734
147 12734
151 12734
0 203
6 89
0 653
15 295
0 841
0 441
5 384
0 876
49 1264
125 1264
48 1264
1 404
0 1483
0 1110
12 590
4 590
7 264
0 107
13 1386
0 148
4 89
7 842
33 461
0 669
1 669
12 737
19 699
2 423
7 737
0 107
0 107
0 148
0 473
6 2629
1 2629
13 2629
4 2629
3 384
1 1589
2 1589
0 1589
3 113
0 2696
1 2696
2 2696
0 774
32 664
493 987
1 987
0 987
31 4344
7 4344
12 4344
15 4344
6 4344
10 4344
11 4344
3 222
6 626
26 1376
9 1376
15 1376
23 1376
0 558
3 680
11 680
4 234
2 177
3 177
13 384
10 441
32 441
5 376
0 1511
2 1511
10 522
0 522
0 169
12 737
34 664
4 479
1 2238
3 2238
2 2238
9 2238
16 1074
11 737
1 762
27 2517
393 788
0 2300
3 2300
0 762
1 618
0 183
11 270
11 558
0 252
19 295
9 1913
60 1913
6 656
7 656
2 656
6 240
0 423
70 764
8 373
0 446
3 357
3 423
1 632
3 590
2 562
16 456
0 9
293 587
2 562
10 1014
0 774
0 404
0 567
0 1407
0 594
1 690
0 690
0 250
1 127
0 295
1 2725
4 2725
3 2725
2 2725
0 2725
1 442
0 442
1 518
0 508
0 269
1 269
0 38
0 6094
2 6094
3 6094
1 6094
8 6094
3 1370
29 2737
4 2737
13 1409
262 526
13 465
3 339
2 960
0 960
19 382
1 295
0 404
0 431
1 1536
3 615
0 844
0 308
0 504
0 560
0 730
1 730
0 764
0 1701
11 240
17 283
4 596
14 392
1 2339
3 2339
0 303
0 461
20 563
17 438
0 122
1 980
2 980
12 845
1 665
5 378
1 352
3 889
4 889
0 189
0 431
0 751
5 526
2 1955
6 1955
0 1955
7 1955
1 1955
4 1955
34 9453
48 9453
33 9453
3 9453
5 9453
70 9453
1 9453
21 9453
4 9453
31 9453
24 9453
25 9453
30 9453
19 9453
12 9453
3 3604
31 3604
32 3604
1801 3604
18 3604
1 2982
13 2982
3 2982
5 2982
15 2982
2 1152
5 499
0 181
1 181
124 249
12 613
12 395
2 575
0 122
2 1114
0 1114
141 283
141 283
0 241
27 55
9 655
1 1887
0 1887
3 1887
5 7512
6 7512
8 7512
13 7512
20 7512
15 7512
4 7512
232 7512
50 7512
432 7512
73 7512
9 7512
44 7512
10 7512
338 7512
5 328
1 623
1 106
0 82
1 305
6 196
75 151
17 439
4 328
8 2031
1 4370
2 4370
5 4370
4 4370
0 4370
7 4370
6 4370
3 4370
2 340
0 360
1 269
0 413
14 887
0 187
1 187
2 534
4 1539
4 726
128 257
6 202
1 764
0 764
0 473
2 729
1 729
3 729
2 174
16 593
1 326
6 282
4 59
37 2849
24 2849
0 2849
26 2849
1 225
5 435
2 435
0 522
6 146
1 479
10 399
0 587
2 562
21 788
3 788
393 788
393 788
393 788
1 788
2 788
393 788
25 788
4 473
6 473
7 1528
1 1528
21 1904
15 1904
4 733
2 219
67 2417
16 2417
31 594
32 594
32 594
1 620
0 620
1 476
2 476
0 405
6 1695
1 91
3 91
0 1223
1 1223
3 1223
10 479
1 328
6 1879
2 1879
34 4834
11 4834
21 4834
0 4834
31 4834
28 4834
1 145
9 739
11 336
5 361
9 177
0 413
41 759
1 191
1 191
8 240
4 233
3 177
1 176
5 318
0 807
1 807
0 761
4 446
1 931
0 931
0 1074
39 812
19 287
15 764
1 1043
0 857
1 922
1 558
8 558
8 279
86 173
9 130
0 617
1 617
5 1707
2 1707
11 4275
4 4275
3 4275
1 4275
7 4275
1 1149
0 1149
2 1149
1 2971
3 2971
2 336
3 318
0 1026
1 92
0 92
0 311
1 161
2 774
10 127
4 379
0 400
1 428
6 381
2 562
3 497
3 393
1 279
2 323
8 395
4 223
0 362
21 509
0 2434
11 716
14 388
18 233
0 484
2 484
3 484
2 1075
5 1075
19 1075
18 1075
7 118
1 114
29 844
25 844
2 306
1 1742
2 1742
0 1742
3 441
0 655
15 764
0 509
1868 3737
1 3737
2 3737
0 3737
16 562
1090 2181
1 338
3 40
3 379
3 405
1 474
2 98
0 1143
183 368
20 699
0 343
12 126
0 1644
22 1644
0 767
3 767
383 767
9 20
11 310
6 354
2 61
2 297
363 727
17 395
4 1618
3 233
190 381
1 473
8 217
2 152
70 768
0 171
0 567
0 301
0 461
393 788
5 788
23 788
23 788
393 788
1 788
2 788
393 788
20 788
1 405
0 653
3 139
1 324
0 973
5 1386
0 633
22 664
5 1618
11 395
0 295
9 344
2 230
1109 2219
0 385
10 527
16 1926
17 1926
3 548
0 919
0 699
4 472
3 327
0 821
3 821
2 821
0 526
4 567
7 1012
8 1012
5 1012
7 562
35 739
5 266
14 227
0 241
15 635
2 391
6 177
2 407
7 435
24 535
19 527
2 371
4 371
3 240
0 57
148 297
0 262
0 361
26 1312
0 84
5 287
1 509
1 585
6 592
20 812
154 2339
14 290
0 948
1 948
0 448
18 973
6 360
3 389
51 1646
2 2101
1 2101
4 2101
3 2101
6 876
7 472
5 265
1 777
9 502
2 137
10 209
8 144
0 183
0 370
18 135
1 120
11 962
28 721
0 114
3 3218
1 1747
0 231
3 1110
0 153
1 290
3 397
10 325
10 319
21 382
20 5267
12 5267
8 5267
17 5267
65 5267
11 5267
58 5267
81 5267
4 5267
7 5267
6 5267
3 5267
19 5267
47 5267
5 1034
0 1034
1 2191
0 2191
8 247
5 247
9 1416
112 1027
1 319
0 1042
0 384
0 163
0 127
0 484
1 900
0 544
15 265
7 368
0 930
12 2416
2 2416
16 2416
20 919
2 407
0 382
0 247
0 233
2 1183
1 1183
0 1183
1 1185
0 382
0 340
0 3763
2 3763
4 177
12 477
0 141
0 242
0 295
1 295
12 395
29 615
2 308
2 1695
22 511
0 227
0 257
5 2339
4 395
2 359
2 761
7 257
0 176
11 336
0 195
1 365
8 240
1 230
6 196
5 338
5 1116
2 1116
2 1124
0 300
5 1623
37 906
0 57
0 188
0 1057
0 233
1 721
7 318
0 735
23 699
1 446
0 310
0 165
12 465
3 1130
70 679
1 392
6 348
3 1898
0 1898
2 472
1 950
0 950
5 950
0 191
1 1695
0 324
1 282
0 861
4 1695
18 360
2 960
3 388
2 1701
0 453
1 453
0 247
1 461
0 295
2 1042
6 549
16 319
5 1110
8 2517
0 866
1 866
8 141
1 387
23 48
0 1791
2 1791
9 511
4 275
9 286
0 423
1 191
8 950
4 509
0 861
0 364
7 364
1 378
0 3651
0 364
4 364
0 298
5 679
1 654
4 177
6 605
9 392
6 392
1 569
0 43
3 414
1 272
5 327
1 2050
0 2050
2 2050
0 617
6 927
7 1268
3 1268
6 1268
20 1413
78 157
16 317
14 790
394 790
0 812
15 1077
9 584
10 562
18 1360
1 1695
202 405
5 587
5 127
2 1592
0 1592
2 1719
0 1719
1 1719
0 548
2 548
4 195
2 352
1 1043
6 2703
4 2703
1 2703
3 2703
30 1165
14 395
1 1323
0 1323
2 1323
6 1323
4 1323
0 118
0 165
8 663
12 451
24 1536
0 1526
1 1526
19 1526
2 116
1 327
1 587
2 139
1 325
5 1288
3 116
8 240
0 217
355 712
16 1386
56 2339
1 2517
2 381
20 284
1 183
10 295
8 2517
19 2339
1 465
0 247
0 2517
0 55
0 281
1 247
19 1360
0 461
136 3761
0 590
4 594
26 378
28 1539
2 108
270 4338
775 1552
3 152
2 646
3 306
1 657
2 657
30 1042
210 421
1 1042
6 222
1 1034
0 270
0 1104
0 486
0 502
1 57
29 816
2 2365
22 1074
0 187
0 2236
2 2236
3 2236
4 2236
4 405
12 1110
14 497
9 222
0 120
0 151
0 1392
0 230
4 86
5 78
112 2339
0 9
0 1021
1 318
2 308
12 279
0 762
0 88
4 721
9 1027
0 500
0 89
2 86
14 159
8 733
11 725
0 276
1 497
4 1130
0 456
0 654
0 777
0 53
0 340
237 475
3 142
3 694
0 41
0 90
14 588
1 588
3 588
1 214
0 67
0 588
1 327
0 342
0 588
6 193
1 161
9 90
5 588
0 41
14 322
3 718
2 142
14 567
7 588
5 113
0 120
3 588
11 567
30 588
26 588
12 483
7 588
7 218
17 588
0 282
7 282
21 588
108 218
0 327
0 24
0 274
1 274
2 214
1 142
6 90
44 90
1 228
6 567
0 229
12 567
3 343
1 228
1 327
1 43
5 386
4 694
13 228
2 475
2 588
30 475
24 946
0 475
0 567
1 457
2 327
2 483
2 343
0 116
0 475
9 228
0 342
33 327
279 560
8 229
0 99
7 588
7 43
7 43
0 168
8 141
0 483
0 16
0 588
1 386
2 334
3 588
4 588
7 588
3 588
0 90
4 588
0 271
13 588
15 386
0 67
279 560
20 342
2 454
3 588
8 588
2 211
23 694
38 694
7 228
5 327
11 588
15 752
2 53
2 229
23 588
3 41
0 374
0 334
8 588
12 475
7 110
0 229
0 58
1 588
1 142
8 153
2 334
3 116
3 118
13 588
15 386
3 327
2 142
11 228
10 156
3 588
2 588
1 327
8 343
8 153
17 475
2 588
0 99
0 588
3 588
33 574
3 694
1 90
18 694
0 56
33 560
12 342
10 322
0 752
11 588
26 327
0 193
8 454
0 342
0 67
0 327
4 588
2 229
0 342
0 67
113 2673
1 211
14 483
0 327
0 228
4 33
26 962
2 1539
0 125
0 120
6 80
1 816
0 554
1 176
0 406
0 66
0 473
0 977
0 844
0 290
8 502
0 88
4 275
3 147
4 515
0 1205
0 1403
0 1695
12 605
7 605
0 1347
1 1347
22 1516
0 295
0 473
0 59
6 1021
7 788
113 228
0 1110
0 88
0 768
1 476
0 337
0 340
26 1695
5 127
0 308
0 378
0 241
0 452
0 284
2 1900
0 1900
1 3101
0 3101
0 6
5 218
19 664
0 158
0 423
10 951
15 951
0 623
0 399
3 1577
0 278
3 214
3 2150
0 2150
0 145
0 404
0 1074
8 336
0 362
4 594
0 216
1 439
2 527
1 1386
0 639
23 762
0 625
1 625
0 725
0 395
0 1036
2 1042
2 393
2 1539
1 368
2 1539
58 117
4 632
2 1042
1 518
0 567
0 452
0 1071
0 347
2 303
0 120
25 270
3 2237
5 2237
2 2237
0 2237
14 2237
0 233
775 1552
0 409
0 1230
2 1230
0 853
0 400
0 126
0 446
10 857
0 973
1 274
0 274
1 3390
30 3390
3 3390
2 3390
0 584
21 890
1 626
107 216
0 1346
0 247
28 287
6 79
0 196
19 191
120 7353
1 7353
153 7353
413 7353
109 7353
35 7353
121 7353
17 7353
14 7353
575 7353
2 7353
12 7353
3 7353
231 7353
5 7353
51 7353
1 141
4 2466
2 2466
0 2466
3 2466
1 1456
63 10604
10 10604
2 10604
22 10604
39 10604
0 10604
40 10604
161 10604
38 10604
160 10604
5 10604
11 10604
53 10604
15 10604
81 10604
185 10604
4 1655
1 1655
0 407
4 1162
8 1162
0 1162
3 1162
4 479
17 623
0 87
2 564
28 391
0 295
0 590
0 508
45 1695
0 47
41 788
27 788
29 788
30 788
28 788
1 788
2 788
24 788
41 788
1 230
0 739
1 436
11 1695
0 247
3 626
2 567
3 115
3 48
0 344
5 684
76 764
2 582
40 1072
4 1862
0 1862
1 369
15 876
1 625
0 233
3 937
2 937
16 937
0 230
1 421
0 272
0 218
2 812
11 826
0 919
2 887
1 1072
35 2339
9 958
1 958
15 1623
5 141
1 792
1 811
1 2330
0 2330
1 247
12 974
12 120
0 182
2 423
0 1967
0 30
3 384
2 549
22 1153
0 497
1 188
3 498
0 157
2 157
2 2339
2 950
1 57
0 135
4 473
0 962
3 448
0 163
3 414
7 1161
2 1161
0 1161
1 117
1 96
0 1403
0 1346
1 139
12 1110
0 473
2 318
0 318
1 700
0 162
4 1967
1 1539
0 1539
0 106
1 5662
3 5662
9 5662
8 5662
7 5662
13 1536
24 1536
6 625
26 2565
24 2565
23 2565
16 2565
20 2565
15 2565
20 1747
5 384
5 183
1 1249
2 1249
0 87
0 812
4 746
1 2128
0 2128
3 2128
0 473
0 67
3 124
10 178
0 764
2 379
1 2396
0 2396
2 2396
13 890
0 890
3 890
0 38
0 2407
3 2407
1 2407
8 2407
1 735
0 581
1 581
1 385
3 385
7 615
0 139
1 641
4 448
3 1064
0 1064
5 2225
4 89
0 941
0 89
0 1419
0 452
0 80
11 554
1 89
0 1294
23 1294
8 381
12 1948
2 1948
0 1948
1 1948
2 962
2 448
0 352
0 137
0 594
6 1708
0 1708
11 287
0 25
0 816
0 626
0 90
33 2339
0 1536
0 233
5 69
0 319
0 796
0 446
0 527
0 142
0 369
1 153
0 590
1 385
19 413
2 446
0 2395
1 2395
4 404
295 592
27 2163
23 2163
32 2163
3 55
16 191
1 2423
2 2423
0 2423
0 344
0 196
0 452
21 1403
1 1205
2 1205
3 1014
0 294
2 448
3 86
0 395
12 844
0 844
2 303
6 1360
0 812
0 107
0 562
0 479
5 467
6 1733
16 1733
13 1733
0 80
2 739
0 446
123 247
0 389
0 733
1 215
4 295
0 431
0 175
3 130
1 187
3 135
0 284
5 371
8 330
3 1724
0 1724
1 1724
1 549
1 919
569 1139
0 896
1 896
0 437
0 103
0 264
4 261
0 264
0 648
4 1577
2 1501
3 1501
1 1501
11 617
2 1618
0 285
7 504
1 115
1 48
0 247
0 737
0 223
0 509
0 311
2 594
6 477
0 345
1 733
7 789
1 789
0 605
3 1747
0 347
0 1511
2 1511
0 362
7 147
0 307
3 139
4 139
0 382
41 1766
10 788
1 788
6 788
4 788
11 788
0 788
2 788
11 788
5 788
4 694
0 694
6 307
1 174
3 371
1 1077
0 537
7 178
0 103
0 290
1 3159
3 3159
0 3159
2 1331
24 50
0 716
0 508
33 1909
37 1909
20 1909
0 1618
3 1618
0 384
0 384
0 102
0 94
0 585
0 474
267 535
0 261
0 295
0 169
0 148
4 183
5 876
1 733
8 1787
2 1787
0 1787
8 617
0 1553
2 1553
0 504
3 343
1 632
0 127
6 504
6 1083
2 65
13 1144
0 178
6 172
16 240
22 431
16 919
0 498
1 1618
4 1475
12 368
3 26
5 1965
4 1965
7 1965
2 1965
0 1965
17 1965
1 125
0 175
2 55
6 379
0 229
0 229
0 230
1 1042
0 344
3 323
3 746
15 876
3 479
19 406
2 504
4 171
10 575
15 764
4 1913
1 1913
1 1057
4 269
0 173
3 344
0 772
0 242
0 1695
13 1695
0 382
4 764
0 175
0 94
1 811
0 394
0 1287
0 176
9 139
0 310
0 360
4 230
1 811
2 381
0 1129
6 1129
1 1129
4 638
0 1071
12 1410
16 1410
0 1410
1 811
0 497
3 37
0 285
0 305
3 256
0 360
21 233
8 623
2 1061
3 260
0 452
0 563
4 592
4 144
163 327
0 617
2 337
1 362
451 5976
35 5976
7 5976
162 5976
185 5976
0 5976
179 5976
109 5976
41 5976
19 1075
4 379
14 661
0 162
1 2517
10 431
0 100
1 1386
6 850
1 511
1 405
0 1102
1 1102
0 370
0 196
1 361
14 841
1 698
0 124
0 290
7 218
1 439
4 229
0 349
4 89
0 360
11 333
11 333
1 526
1 122
0 412
0 196
1 874
0 247
1 896
1 338
2 338
1 142
37 1779
168 1779
8 1779
144 1779
1 1238
15 876
0 1853
4 1853
5 1853
4 592
1 564
0 173
1 1539
0 158
1 812
4 584
0 328
6 262
1 816
0 99
8 796
6 404
5 146
2 345
3 464
5 228
7 274
459 919
0 502
0 1110
2 122
5 446
8 518
0 141
5 585
0 561
0 2808
0 1357
707 1416
1 204
1 100
281 563
0 564
0 473
35 1110
0 339
163 327
2 308
7 295
0 587
0 777
2 558
1 149
8 209
1 279
0 962
1 3095
4 3095
3 3095
16 1617
1 1617
2 1617
0 1617
0 318
1 327
3 1767
10 1767
0 1767
2 1767
12 240
0 1071
0 522
0 1618
1 465
0 465
1 465
