5 384
9 375
16 392
0 576
4 576
38 776
37 776
11 511
17 2287
5 2287
4 745
4 745
14 914
10 338
4 448
0 691
1 691
0 183
16 914
27 1155
34 1155
577 1155
3 1155
7 1155
3 1370
17 1623
7 7389
99 7389
23 7389
19 7389
6 7389
20 7389
29 7389
14 7389
1 7389
4 7389
171 7389
5 2339
5 615
22 1288
4 176
18 1265
2 1265
21 1265
4 150
3 79
0 1983
1 1983
9 1983
6 1983
2 269
198 397
11 1208
7 1208
9 1208
7 1474
11 240
4 448
2 558
1 1113
0 1113
1 79
6 305
7 400
4 388
15 590
3 1483
75 152
2 152
3 796
767 1536
0 805
12 276
14 328
0 1267
3 1267
10 1267
32 1267
1 1267
13 522
2 198
2 1013
2 1013
5 152
0 1303
0 1008
7 1008
1 327
3 562
12 737
9 737
6 264
7 175
0 44
0 89
13 1913
1 1913
10 1539
23 973
21 855
4 301
33 7645
8 7645
0 7645
17 7645
157 7645
7 7645
11 7645
6 7645
10 7645
138 7645
84 7645
4 7645
47 7645
18 7645
20 7645
22 7645
59 7645
32 7645
42 7645
14 7645
714 9306
4 9306
120 9306
14 9306
6 9306
260 9306
0 9306
13 9306
3 9306
753 9306
72 9306
1 9306
127 9306
330 9306
5 9306
56 9306
8 9306
21 9306
10 3760
234 3760
18 3760
3 3760
62 3760
7 3760
35 3760
13 3760
12 689
3 295
15 1454
0 1454
8 1454
10 1454
2 626
0 203
0 405
3 794
1 794
1 844
328 657
4 1110
4 150
0 1071
0 812
0 812
0 422
16 896
6 395
4 2339
1 135
9 324
4 721
6 79
3 204
1 811
1 368
0 380
0 380
2 384
9 152
4 98
9 68
2 446
1 777
14 777
3 884
19 884
17 1514
19 876
1 348
0 169
2 663
0 663
14 303
10 240
1 441
5 1474
0 733
5 1077
1 404
0 973
1 138
19 1618
4 567
17 876
1 176
0 2150
73 2150
17 876
155 311
7 1597
3 1597
6 1597
28 1597
19 618
0 98
1 184
15 776
9 776
5 497
4 57
17 392
0 670
2 670
18 392
0 511
6 247
0 876
171 344
8 965
37 1539
2 509
4 215
12 176
4 215
4 215
30 1386
3 283
5 764
0 465
0 792
20 10782
6 10782
13 10782
19 10782
3 10782
12 10782
29 10782
45 10782
63 10782
51 10782
77 10782
340 10782
21 10782
18 10782
8 10782
5 10782
11 10782
9 10782
99 10782
32 10782
14 10782
22 10782
53 10782
1 10782
77 10782
38 10782
4 224
10 767
10 144
269 540
0 2510
1 2510
134 269
5 269
1 1269
0 1269
3 919
3 782
4 448
1 931
0 931
1 247
4 89
4 2038
0 2038
1 2038
1 446
15 737
0 1898
3 1898
291 584
20 1360
3 2257
4 2257
1 1695
50 2339
10 1072
2 746
4 746
1 2150
9 2150
8 3410
1 3410
31 3410
6 746
1 2150
23 2150
12 764
6 746
0 456
16 590
43 2449
48 2449
26 191
3 777
3 266
10 1027
21 976
21 976
17 3000
11 3000
6 3000
139 3000
9 3000
16 3000
4 202
2 456
9 777
3 381
0 295
3 186
220 441
1 94
33 68
1 287
8 240
70 142
11 240
7 655
12 1197
8 2831
6 2831
5 2831
2 2831
8 1331
0 4210
2 4210
94 4210
1 4210
6 4210
27 4210
41 4210
14 4210
3 4210
12 4210
248 4210
0 20
3 209
1 677
0 677
1 1547
2 1547
0 888
2 888
1 344
1 413
14 1012
1 1012
22 1012
1 269
13 467
5 504
554 1110
2 585
3 2128
4 2128
1 2128
9 960
4 1483
35 1536
11 1536
12 1110
1 1069
5 1069
0 1069
3 1014
31 811
8 1110
2 423
0 93
4 183
2 384
1 724
2 2375
0 2375
6 2375
1 178
393 788
3 788
4 788
5 788
393 788
0 788
1 788
393 788
6 788
1 203
9 226
0 4949
8 4949
6 4949
22 4949
17 4949
16 4949
19 4949
0 120
71 2150
0 2150
3 2150
0 653
14 689
15 2955
4 2955
18 2955
8 2955
24 2955
0 2955
5 2955
4 1695
1 439
0 439
11 225
2 2163
3 2163
9 13875
13 13875
6 13875
18 13875
10 13875
67 13875
0 13875
2 13875
1 13875
5 13875
6937 13875
8 13875
486 13875
28 13875
32 2339
3 222
4 150
3 1164
6 1164
4 1164
0 2347
1 2347
3 2347
2 2347
3 633
3 384
24 3126
11 3126
9 3126
7 3126
5 3126
19 3126
18 3126
1 1078
0 1078
3 1078
3 267
1 1926
262 526
18 812
13 858
20 5657
12 5657
30 5657
2 5657
1 5657
0 5657
18 5657
141 5657
29 1042
13 423
6 218
85 172
19 1307
62 1021
14 384
6 400
11 240
6 247
1 176
1 247
3 124
22 618
5 247
0 1708
17 1708
12 1708
1 1708
5 762
1 762
1 152
22 371
5 264
1 442
0 442
0 389
17 5642
11 5642
87 5642
153 5642
19 5642
16 5642
60 5642
2 416
111 223
3 86
23 543
16 1403
16 1403
14 679
5 2517
0 87
344 689
11 336
4 89
2 153
28 1403
13 1963
17 1963
1 2002
13 2002
11 2002
11 147
3 147
4 163
131 264
10 1539
131 264
16 590
0 181
120 241
1 465
52 764
381 764
12 764
14 295
0 1652
2 1652
4 1967
1 86
0 1110
3 1183
1 1183
2 1183
0 876
0 389
1 1124
0 1124
10 1014
0 961
4 961
2 961
0 526
2 359
27 1130
1 257
27 1386
14 842
520 1042
0 257
2 2403
78 2403
49 2403
1 106
10 375
27 617
8 270
28 270
9 340
4 327
0 380
12 518
3 587
0 587
1 384
0 424
5 264
25 699
42 1317
12 1317
2 1317
9 120
10 594
0 538
0 603
7 1130
3 344
11 240
1 1241
4 122
25 855
6 1898
1 1898
1 1898
0 1898
16 384
8 17
18 914
0 777
81 163
5 4713
4 4713
1 4713
2356 4713
0 4713
17 4713
0 44
1 2150
7 2150
5 2150
8 2150
8 402
132 266
0 781
4 781
1 781
2 781
22 664
17 689
13 874
3 796
8 796
60 1464
21 1464
59 1464
1 548
8 382
116 233
2 663
9 257
252 506
5 1012
5 257
2 626
2 371
390 782
4 3816
3 3816
1 3816
0 3816
2 3816
11 3816
10 3816
3 340
3 1347
0 1347
1 149
7 554
2 364
4 364
147 295
217 435
17 695
3 1247
0 1247
7 423
12 914
0 265
1 631
0 631
3 186
0 518
85 171
255 511
25 431
0 2308
1 2308
9 2303
24 2303
1 145
4 145
5 145
14 467
29 518
2 405
8 318
9 423
7 324
8 389
18 8726
2 8726
84 8726
17 8726
15 8726
66 8726
368 8726
112 8726
67 8726
0 8726
5 8726
9 8726
6 8726
0 422
1 108
1 456
0 1036
1 1036
18 391
3 344
13 679
2 154
198 397
37 3066
7 3066
50 3066
2 1214
11 1214
42 1595
54 1595
52 764
0 457
0 368
0 376
4 209
3 209
2 1191
0 1191
4 592
10 378
70 141
1 389
8 446
4 264
8 526
9 1110
6366 12734
93 12734
5 12734
14 12734
49 12734
566 12734
6366 12734
110 12734
26 12734
652 12734
137 12734
137 12734
219 12734
238 12734
82 12734
675 12734
189 12734
198 12734
3 203
5 89
1 653
9 295
0 841
0 441
8 384
0 876
34 1264
631 1264
46 1264
2 404
1 1483
0 1110
19 590
16 590
6 264
0 107
24 1386
0 148
44 89
10 842
33 461
0 669
4 669
13 737
29 699
2 423
11 737
0 107
0 107
0 148
0 473
5 2629
2 2629
71 2629
69 2629
10 384
2 1589
1 1589
0 1589
4 113
0 2696
1 2696
2 2696
0 774
34 664
493 987
2 987
3 987
15 4344
11 4344
5 4344
18 4344
2 4344
4 4344
13 4344
4 222
54 626
32 1376
16 1376
22 1376
29 1376
0 558
8 680
0 680
4 234
1 177
3 177
15 384
15 441
33 441
3 376
0 1511
7 1511
7 522
1 522
0 169
14 737
34 664
11 479
4 2238
5 2238
2 2238
12 2238
19 1074
12 737
2 762
1258 2517
393 788
7 2300
6 2300
8 762
19 618
0 183
28 270
11 558
5 252
10 295
12 1913
28 1913
28 656
6 656
17 656
12 240
1 423
381 764
21 373
0 446
3 357
7 423
0 632
6 590
9 562
227 456
0 9
293 587
4 562
9 1014
0 774
0 404
2 567
2 1407
1 594
1 690
0 690
1 250
1 127
26 295
2 2725
3 2725
4 2725
1 2725
0 2725
1 442
0 442
10 518
1 508
0 269
1 269
0 38
0 6094
3 6094
4 6094
2 6094
6 6094
6 1370
43 2737
1 2737
10 1409
262 526
18 465
3 339
4 960
1 960
16 382
3 295
0 404
0 431
1 1536
5 615
0 844
1 308
1 504
0 560
0 730
1 730
0 764
0 1701
11 240
141 283
10 596
17 392
2 2339
4 2339
0 303
0 461
21 563
12 438
0 122
0 980
1 980
422 845
1 665
4 378
1 352
7 889
4 889
1 189
0 431
0 751
262 526
7 1955
9 1955
4 1955
50 1955
2 1955
5 1955
17 9453
146 9453
25 9453
6 9453
7 9453
146 9453
8 9453
31 9453
11 9453
38 9453
146 9453
40 9453
39 9453
29 9453
21 9453
1 3604
21 3604
24 3604
1801 3604
20 3604
1 2982
10 2982
4 2982
5 2982
8 2982
7 1152
2 499
0 181
1 181
124 249
25 613
13 395
2 575
1 122
7 1114
0 1114
141 283
141 283
0 241
27 55
7 655
2 1887
1 1887
3 1887
7 7512
20 7512
21 7512
24 7512
2 7512
22 7512
11 7512
364 7512
81 7512
515 7512
98 7512
28 7512
64 7512
17 7512
438 7512
4 328
2 623
1 106
0 82
2 305
5 196
75 151
13 439
1 328
9 2031
1 4370
3 4370
5 4370
4 4370
0 4370
7 4370
6 4370
2 4370
0 340
0 360
2 269
0 413
15 887
1 187
0 187
4 534
6 1539
4 726
128 257
5 202
1 764
0 764
0 473
1 729
2 729
3 729
1 174
296 593
1 326
5 282
29 59
40 2849
17 2849
7 2849
26 2849
6 225
217 435
1 435
0 522
72 146
17 479
6 399
2 587
5 562
393 788
1 788
393 788
393 788
393 788
2 788
2 788
393 788
393 788
2 473
3 473
7 1528
1 1528
12 1904
9 1904
2 733
2 219
75 2417
57 2417
20 594
16 594
296 594
0 620
1 620
0 476
2 476
0 405
3 1695
1 91
45 91
2 1223
1 1223
3 1223
11 479
2 328
6 1879
3 1879
84 4834
24 4834
71 4834
3 4834
10 4834
40 4834
1 145
22 739
11 336
11 361
88 177
8 413
379 759
2 191
2 191
5 240
7 233
3 177
0 176
5 318
1 807
0 807
8 761
2 446
1 931
0 931
2 1074
8 812
143 287
16 764
3 1043
0 857
1 922
11 558
7 558
1 279
86 173
8 130
0 617
1 617
3 1707
2 1707
7 4275
2 4275
1 4275
0 4275
5 4275
1 1149
0 1149
2 1149
3 2971
2 2971
11 336
2 318
0 1026
1 92
0 92
0 311
1 161
4 774
11 127
3 379
0 400
3 428
190 381
5 562
5 497
8 393
5 279
12 323
6 395
5 223
0 362
14 509
1 2434
9 716
8 388
19 233
0 484
4 484
4 484
4 1075
20 1075
20 1075
20 1075
58 118
0 114
421 844
31 844
2 306
1 1742
2 1742
0 1742
11 441
5 655
8 764
3 509
1868 3737
1 3737
2 3737
0 3737
11 562
1090 2181
2 338
3 40
3 379
4 405
2 474
2 98
2 1143
183 368
349 699
2 343
12 126
19 1644
22 1644
1 767
5 767
383 767
9 20
154 310
4 354
4 61
6 297
363 727
11 395
13 1618
4 233
190 381
1 473
108 217
1 152
383 768
0 171
0 567
0 301
0 461
393 788
2 788
393 788
393 788
393 788
2 788
2 788
393 788
393 788
2 405
3 653
69 139
1 324
1 973
9 1386
0 633
22 664
38 1618
17 395
0 295
171 344
6 230
1109 2219
0 385
9 527
18 1926
47 1926
3 548
0 919
13 699
4 472
4 327
0 821
3 821
4 821
4 526
2 567
14 1012
14 1012
14 1012
9 562
369 739
2 266
113 227
0 241
9 635
3 391
5 177
5 407
8 435
11 535
15 527
2 371
8 371
2 240
0 57
148 297
5 262
2 361
20 1312
0 84
6 287
10 509
2 585
7 592
24 812
1169 2339
14 290
0 948
1 948
0 448
486 973
3 360
9 389
29 1646
2 2101
1 2101
4 2101
3 2101
6 876
16 472
5 265
9 777
3 502
68 137
104 209
10 144
1 183
0 370
67 135
2 120
8 962
15 721
1 114
5 3218
5 1747
0 231
4 1110
0 153
0 290
5 397
11 325
14 319
190 382
12 5267
21 5267
13 5267
18 5267
49 5267
19 5267
45 5267
81 5267
3 5267
5 5267
10 5267
2 5267
15 5267
55 5267
3 1034
0 1034
0 2191
2 2191
9 247
3 247
7 1416
513 1027
0 319
0 1042
0 384
0 163
6 127
0 484
1 900
0 544
132 265
6 368
0 930
13 2416
11 2416
14 2416
13 919
2 407
0 382
0 247
0 233
2 1183
1 1183
0 1183
1 1185
0 382
0 340
0 3763
1 3763
6 177
16 477
1 141
23 242
0 295
1 295
13 395
307 615
1 308
3 1695
11 511
0 227
2 257
34 2339
7 395
2 359
10 761
8 257
0 176
12 336
1 195
2 365
11 240
2 230
3 196
9 338
8 1116
1 1116
2 1124
0 300
5 1623
37 906
1 57
2 188
6 1057
0 233
2 721
9 318
0 735
32 699
3 446
0 310
0 165
232 465
4 1130
339 679
2 392
173 348
2 1898
0 1898
1 472
3 950
1 950
2 950
3 191
1 1695
0 324
2 282
0 861
20 1695
179 360
3 960
3 388
3 1701
0 453
1 453
1 247
2 461
26 295
16 1042
16 549
159 319
6 1110
9 2517
1 866
0 866
7 141
2 387
23 48
0 1791
3 1791
8 511
3 275
142 286
0 423
2 191
12 950
17 509
0 861
0 364
4 364
2 378
0 3651
0 364
11 364
0 298
6 679
20 654
6 177
11 605
4 392
3 392
4 569
0 43
9 414
4 272
7 327
1 2050
2 2050
3 2050
0 617
5 927
5 1268
2 1268
1 1268
706 1413
78 157
8 317
31 790
394 790
4 812
538 1077
7 584
280 562
20 1360
1 1695
202 405
293 587
5 127
2 1592
0 1592
1 1719
2 1719
0 1719
0 548
1 548
97 195
1 352
0 1043
7 2703
5 2703
6 2703
41 2703
30 1165
12 395
0 1323
3 1323
2 1323
6 1323
4 1323
0 118
1 165
1 663
9 451
19 1536
1 1526
4 1526
33 1526
2 116
14 327
3 587
0 139
2 325
6 1288
1 116
119 240
2 217
355 712
25 1386
84 2339
1 2517
8 381
141 284
1 183
147 295
8 2517
12 2339
10 465
2 247
2 2517
0 55
4 281
0 247
20 1360
9 461
93 3761
3 590
6 594
16 378
15 1539
9 108
2168 4338
775 1552
4 152
2 646
4 306
15 657
16 657
19 1042
210 421
2 1042
3 222
2 1034
0 270
5 1104
1 486
4 502
1 57
407 816
6 2365
536 1074
0 187
1 2236
0 2236
4 2236
2 2236
4 405
12 1110
13 497
110 222
0 120
0 151
0 1392
0 230
6 86
5 78
1169 2339
0 9
3 1021
1 318
1 308
1 279
3 762
0 88
11 721
15 1027
2 500
1 89
2 86
13 159
4 733
10 725
0 276
1 497
3 1130
0 456
0 654
0 777
0 53
0 340
237 475
2 142
5 694
0 41
0 90
14 588
14 588
3 588
2 214
3 67
7 588
1 327
1 342
0 588
96 193
2 161
44 90
10 588
1 41
10 322
3 718
2 142
16 567
10 588
56 113
0 120
18 588
10 567
18 588
27 588
16 483
27 588
6 218
21 588
12 282
12 282
293 588
108 218
1 327
11 24
0 274
3 274
2 214
1 142
5 90
44 90
1 228
6 567
0 229
13 567
7 343
2 228
6 327
0 43
6 386
42 694
113 228
5 475
3 588
237 475
22 946
0 475
1 567
3 457
13 327
15 483
9 343
0 116
0 475
113 228
5 342
163 327
279 560
4 229
0 99
8 588
21 43
21 43
0 168
11 141
1 483
7 16
10 588
3 386
12 334
14 588
12 588
7 588
293 588
0 90
27 588
2 271
13 588
14 386
4 67
279 560
170 342
3 454
11 588
11 588
3 211
26 694
20 694
7 228
9 327
14 588
21 752
4 53
0 229
28 588
3 41
1 374
0 334
16 588
27 475
5 110
0 229
0 58
24 588
2 142
8 153
8 334
3 116
58 118
14 588
26 386
4 327
2 142
13 228
77 156
3 588
7 588
3 327
26 343
9 153
9 475
1 588
0 99
1 588
5 588
286 574
4 694
2 90
22 694
1 56
279 560
11 342
19 322
0 752
14 588
21 327
0 193
10 454
3 342
3 67
3 327
15 588
5 229
2 342
3 67
1336 2673
1 211
17 483
0 327
0 228
4 33
480 962
1 1539
0 125
0 120
39 80
1 816
0 554
1 176
1 406
0 66
0 473
0 977
0 844
0 290
13 502
3 88
1 275
3 147
5 515
0 1205
0 1403
0 1695
9 605
6 605
0 1347
6 1347
24 1516
0 295
0 473
0 59
7 1021
11 788
113 228
0 1110
0 88
0 768
2 476
10 337
0 340
16 1695
5 127
0 308
0 378
0 241
4 452
0 284
10 1900
0 1900
1 3101
0 3101
0 6
6 218
26 664
0 158
0 423
13 951
16 951
0 623
0 399
21 1577
0 278
3 214
2 2150
0 2150
0 145
0 404
1 1074
8 336
0 362
4 594
0 216
2 439
5 527
4 1386
7 639
17 762
0 625
1 625
0 725
0 395
0 1036
25 1042
2 393
6 1539
1 368
3 1539
58 117
8 632
9 1042
258 518
1 567
2 452
0 1071
0 347
4 303
0 120
28 270
3 2237
40 2237
2 2237
1 2237
25 2237
0 233
775 1552
0 409
0 1230
2 1230
21 853
1 400
0 126
0 446
7 857
0 973
1 274
0 274
1 3390
31 3390
5 3390
0 3390
0 584
25 890
2 626
107 216
0 1346
0 247
143 287
39 79
0 196
17 191
28 7353
6 7353
285 7353
412 7353
31 7353
42 7353
326 7353
16 7353
33 7353
529 7353
3 7353
14 7353
32 7353
366 7353
9 7353
46 7353
2 141
5 2466
2 2466
0 2466
1 2466
3 1456
31 10604
4 10604
75 10604
110 10604
78 10604
0 10604
51 10604
262 10604
23 10604
218 10604
37 10604
33 10604
7 10604
81 10604
254 10604
83 10604
4 1655
0 1655
0 407
2 1162
10 1162
0 1162
1 1162
5 479
14 623
0 87
2 564
195 391
0 295
0 590
0 508
38 1695
23 47
393 788
3 788
20 788
11 788
393 788
1 788
3 788
20 788
393 788
1 230
3 739
1 436
14 1695
0 247
3 626
12 567
5 115
23 48
0 344
3 684
381 764
3 582
11 1072
4 1862
0 1862
8 369
17 876
1 625
1 233
4 937
0 937
6 937
0 230
1 421
3 272
5 218
2 812
14 826
0 919
2 887
1 1072
44 2339
13 958
0 958
16 1623
6 141
1 792
1 811
2 2330
0 2330
10 247
27 974
11 120
0 182
0 423
0 1967
0 30
4 384
3 549
24 1153
0 497
2 188
6 498
1 157
2 157
15 2339
8 950
2 57
0 135
12 473
0 962
4 448
1 163
5 414
4 1161
1 1161
2 1161
0 117
1 96
17 1403
1 1346
1 139
26 1110
0 473
2 318
0 318
2 700
0 162
2 1967
7 1539
1 1539
0 106
1 5662
4 5662
7 5662
4 5662
3 5662
25 1536
28 1536
13 625
2 2565
1 2565
28 2565
23 2565
4 2565
21 2565
42 1747
7 384
6 183
3 1249
5 1249
0 87
0 812
4 746
1 2128
0 2128
4 2128
0 473
0 67
3 124
4 178
0 764
2 379
1 2396
0 2396
2 2396
15 890
1 890
7 890
0 38
1 2407
3 2407
0 2407
8 2407
1 735
1 581
2 581
2 385
2 385
19 615
0 139
8 641
4 448
15 1064
0 1064
8 2225
4 89
0 941
0 89
0 1419
0 452
1 80
9 554
1 89
0 1294
28 1294
15 381
20 1948
8 1948
0 1948
4 1948
2 962
6 448
0 352
0 137
2 594
4 1708
0 1708
143 287
0 25
2 816
0 626
0 90
32 2339
0 1536
0 233
0 69
0 319
1 796
0 446
0 527
0 142
0 369
2 153
2 590
6 385
24 413
2 446
0 2395
2 2395
3 404
295 592
29 2163
3 2163
4 2163
27 55
19 191
1 2423
2 2423
0 2423
3 344
4 196
0 452
26 1403
0 1205
2 1205
2 1014
0 294
2 448
5 86
0 395
15 844
0 844
8 303
11 1360
0 812
0 107
0 562
9 479
9 467
24 1733
29 1733
22 1733
3 80
5 739
0 446
123 247
0 389
0 733
2 215
4 295
22 431
3 175
4 130
6 187
2 135
2 284
2 371
8 330
4 1724
0 1724
1 1724
1 549
9 919
569 1139
0 896
1 896
8 437
51 103
0 264
5 261
3 264
1 648
20 1577
2 1501
3 1501
1 1501
10 617
4 1618
1 285
8 504
3 115
1 48
0 247
1 737
0 223
0 509
0 311
4 594
238 477
1 345
1 733
13 789
3 789
0 605
3 1747
0 347
4 1511
2 1511
0 362
11 147
0 307
11 139
10 139
0 382
45 1766
393 788
1 788
4 788
5 788
393 788
0 788
2 788
393 788
6 788
9 694
0 694
4 307
1 174
3 371
5 1077
0 537
88 178
0 103
5 290
3 3159
6 3159
0 3159
8 1331
24 50
0 716
0 508
49 1909
28 1909
38 1909
1 1618
16 1618
0 384
8 384
0 102
0 94
3 585
4 474
267 535
0 261
23 295
0 169
0 148
5 183
14 876
1 733
8 1787
12 1787
0 1787
7 617
0 1553
3 1553
8 504
4 343
1 632
0 127
13 504
7 1083
2 65
12 1144
0 178
5 172
119 240
215 431
22 919
0 498
2 1618
29 1475
183 368
3 26
3 1965
0 1965
2 1965
5 1965
4 1965
14 1965
14 125
3 175
27 55
4 379
0 229
0 229
0 230
3 1042
0 344
8 323
4 746
17 876
10 479
25 406
3 504
3 171
4 575
18 764
14 1913
1 1913
6 1057
1 269
0 173
7 344
0 772
0 242
1 1695
14 1695
3 382
4 764
1 175
0 94
1 811
0 394
0 1287
0 176
9 139
0 310
1 360
5 230
3 811
2 381
0 1129
5 1129
1 1129
1 638
13 1071
13 1410
47 1410
0 1410
1 811
0 497
18 37
0 285
3 305
2 256
1 360
116 233
12 623
2 1061
4 260
0 452
1 563
7 592
3 144
163 327
0 617
6 337
9 362
418 5976
66 5976
20 5976
221 5976
232 5976
14 5976
238 5976
168 5976
149 5976
21 1075
5 379
8 661
2 162
0 2517
25 431
6 100
1 1386
7 850
1 511
4 405
0 1102
1 1102
0 370
5 196
1 361
14 841
26 698
0 124
0 290
108 218
2 439
4 229
0 349
4 89
0 360
12 333
14 333
3 526
2 122
0 412
97 196
12 874
0 247
1 896
1 338
2 338
2 142
79 1779
889 1779
56 1779
889 1779
1 1238
17 876
0 1853
3 1853
27 1853
0 592
1 564
2 173
9 1539
0 158
1 812
5 584
0 328
6 262
2 816
1 99
24 796
6 404
5 146
5 345
3 464
113 228
6 274
459 919
0 502
0 1110
4 122
4 446
10 518
0 141
10 585
18 561
0 2808
1 1357
707 1416
1 204
6 100
281 563
6 564
0 473
33 1110
0 339
163 327
2 308
23 295
1 587
3 777
3 558
4 149
7 209
0 279
1 962
2 3095
4 3095
0 3095
6 1617
1 1617
2 1617
0 1617
8 318
6 327
1 1767
9 1767
3 1767
0 1767
13 240
0 1071
0 522
0 1618
0 465
1 465
1 465
