0 384
0 375
1 392
0 576
1 576
3 776
1 776
0 511
23 2287
10 2287
10 745
1 745
8 914
1 338
1 448
1 691
0 691
0 183
0 914
17 1155
38 1155
143 1155
4 1155
5 1155
4 1370
8 1623
0 7389
25 7389
15 7389
9 7389
32 7389
10 7389
44 7389
11 7389
29 7389
6 7389
142 7389
0 2339
2 615
5 1288
0 176
6 1265
16 1265
8 1265
1 150
0 79
0 1983
1 1983
8 1983
10 1983
4 269
14 397
1 1208
0 1208
7 1208
20 1474
3 240
0 448
0 558
1 1113
0 1113
0 79
4 305
1 400
2 388
4 590
0 1483
4 152
3 152
0 796
17 1536
0 805
0 276
0 328
1 1267
2 1267
7 1267
16 1267
0 1267
3 522
4 198
5 1013
4 1013
3 152
0 1303
2 1008
0 1008
3 327
0 562
5 737
4 737
3 264
1 175
0 44
0 89
5 1913
1 1913
1 1539
0 973
1 855
0 301
30 7645
88 7645
0 7645
20 7645
111 7645
5 7645
2 7645
4 7645
6 7645
32 7645
34 7645
10 7645
19 7645
14 7645
26 7645
15 7645
33 7645
22 7645
118 7645
29 7645
468 9306
9 9306
46 9306
6 9306
4 9306
64 9306
0 9306
2 9306
5 9306
236 9306
28 9306
3 9306
45 9306
136 9306
1 9306
66 9306
47 9306
26 9306
6 3760
81 3760
1 3760
0 3760
5 3760
9 3760
7 3760
2 3760
4 689
5 295
7 1454
0 1454
2 1454
12 1454
1 626
0 203
0 405
1 794
0 794
0 844
80 657
0 1110
1 150
0 1071
0 812
0 812
0 422
4 896
0 395
3 2339
0 135
2 324
2 721
4 79
3 204
1 811
1 368
0 380
0 380
4 384
3 152
0 98
7 68
4 446
1 777
6 777
2 884
9 884
0 1514
36 876
7 348
0 169
2 663
0 663
1 303
0 240
0 441
10 1474
0 733
7 1077
0 404
0 973
1 138
4 1618
8 567
12 876
0 176
0 2150
24 2150
11 876
6 311
8 1597
3 1597
7 1597
0 1597
1 618
0 98
0 184
3 776
0 776
0 497
6 57
0 392
0 670
4 670
5 392
0 511
1 247
0 876
1 344
2 965
10 1539
0 509
4 215
6 176
4 215
4 215
4 1386
1 283
1 764
0 465
0 792
17 10782
6 10782
8 10782
21 10782
22 10782
36 10782
12 10782
46 10782
28 10782
41 10782
31 10782
89 10782
2 10782
9 10782
15 10782
16 10782
78 10782
20 10782
34 10782
19 10782
10 10782
11 10782
43 10782
0 10782
31 10782
30 10782
0 224
18 767
3 144
49 540
0 2510
3 2510
40 269
5 269
0 1269
1 1269
1 919
1 782
1 448
1 931
0 931
2 247
1 89
2 2038
4 2038
3 2038
0 446
1 737
0 1898
1 1898
15 584
10 1360
4 2257
5 2257
1 1695
0 2339
3 1072
1 746
1 746
1 2150
3 2150
18 3410
1 3410
3 3410
2 746
1 2150
6 2150
4 764
1 746
0 456
7 590
7 2449
0 2449
20 191
1 777
9 266
1 1027
4 976
52 976
19 3000
5 3000
25 3000
105 3000
28 3000
10 3000
2 202
1 456
1 777
1 381
3 295
1 186
16 441
0 94
11 68
0 287
0 240
70 142
1 240
4 655
1 1197
7 2831
5 2831
3 2831
0 2831
1 1331
0 4210
1 4210
94 4210
4 4210
11 4210
34 4210
47 4210
6 4210
3 4210
7 4210
93 4210
3 20
2 209
0 677
1 677
3 1547
0 1547
0 888
1 888
0 344
4 413
14 1012
2 1012
17 1012
0 269
0 467
1 504
11 1110
0 585
0 2128
6 2128
4 2128
2 960
0 1483
12 1536
3 1536
1 1110
3 1069
2 1069
0 1069
1 1014
63 811
0 1110
0 423
0 93
3 183
0 384
0 724
4 2375
2 2375
5 2375
0 178
21 788
2 788
6 788
4 788
25 788
0 788
1 788
17 788
3 788
1 203
2 226
0 4949
7 4949
1 4949
24 4949
44 4949
31 4949
11 4949
0 120
73 2150
0 2150
5 2150
0 653
3 689
14 2955
10 2955
8 2955
13 2955
12 2955
0 2955
9 2955
2 1695
1 439
1 439
0 225
1 2163
3 2163
77 13875
3 13875
27 13875
47 13875
60 13875
51 13875
5 13875
1 13875
96 13875
19 13875
1904 13875
123 13875
43 13875
8 13875
3 2339
3 222
0 150
4 1164
8 1164
5 1164
1 2347
0 2347
3 2347
4 2347
0 633
0 384
17 3126
29 3126
5 3126
8 3126
12 3126
26 3126
16 3126
4 1078
0 1078
6 1078
0 267
0 1926
33 526
1 812
12 858
9 5657
23 5657
5 5657
11 5657
0 5657
3 5657
52 5657
49 5657
2 1042
0 423
0 218
7 172
44 1307
87 1021
1 384
0 400
3 240
2 247
1 176
0 247
1 124
0 618
0 247
5 1708
11 1708
14 1708
10 1708
0 762
1 762
4 152
6 371
0 264
1 442
0 442
0 389
85 5642
8 5642
78 5642
258 5642
54 5642
24 5642
2 5642
1 416
0 223
0 86
17 543
3 1403
2 1403
1 679
1 2517
0 87
21 689
9 336
0 89
1 153
15 1403
0 1963
6 1963
6 2002
11 2002
2 2002
3 147
0 147
13 163
3 264
2 1539
7 264
3 590
0 181
22 241
2 465
70 764
107 764
11 764
10 295
0 1652
2 1652
0 1967
0 86
0 1110
2 1183
1 1183
0 1183
0 876
0 389
0 1124
1 1124
7 1014
0 961
3 961
6 961
0 526
0 359
34 1130
0 257
2 1386
13 842
22 1042
0 257
6 2403
57 2403
8 2403
0 106
0 375
15 617
0 270
0 270
1 340
7 327
0 380
1 518
0 587
1 587
0 384
0 424
1 264
8 699
5 1317
0 1317
2 1317
2 120
6 594
0 538
0 603
8 1130
1 344
0 240
1 1241
0 122
0 855
0 1898
1 1898
1 1898
0 1898
1 384
1 17
6 914
0 777
7 163
6 4713
11 4713
1 4713
416 4713
0 4713
9 4713
0 44
1 2150
13 2150
3 2150
8 2150
1 402
19 266
0 781
2 781
4 781
1 781
18 664
0 689
0 874
0 796
0 796
79 1464
1 1464
4 1464
0 548
0 382
4 233
2 663
8 257
7 506
2 1012
2 257
2 626
1 371
56 782
6 3816
0 3816
3 3816
4 3816
1 3816
7 3816
36 3816
0 340
0 1347
1 1347
1 149
0 554
2 364
10 364
17 295
36 435
0 695
4 1247
5 1247
3 423
0 914
0 265
2 631
1 631
0 186
0 518
6 171
29 511
2 431
1 2308
0 2308
6 2303
0 2303
3 145
1 145
7 145
1 467
8 518
1 405
7 318
1 423
1 324
1 389
30 8726
3 8726
179 8726
31 8726
184 8726
11 8726
195 8726
43 8726
4 8726
0 8726
19 8726
37 8726
25 8726
3 422
2 108
0 456
0 1036
1 1036
20 391
0 344
0 679
3 154
198 397
13 3066
8 3066
11 3066
2 1214
12 1214
15 1595
110 1595
15 764
0 457
0 368
0 376
3 209
2 209
1 1191
0 1191
1 592
7 378
8 141
0 389
0 446
0 264
0 526
3 1110
1395 12734
46 12734
0 12734
65 12734
80 12734
86 12734
1635 12734
38 12734
11 12734
401 12734
143 12734
143 12734
201 12734
162 12734
151 12734
333 12734
176 12734
280 12734
0 203
1 89
0 653
16 295
0 841
0 441
6 384
0 876
36 1264
140 1264
31 1264
0 404
0 1483
0 1110
4 590
4 590
5 264
0 107
8 1386
0 148
0 89
16 842
28 461
1 669
0 669
6 737
4 699
3 423
4 737
0 107
0 107
1 148
0 473
6 2629
30 2629
7 2629
1 2629
0 384
1 1589
2 1589
0 1589
4 113
0 2696
1 2696
3 2696
0 774
23 664
111 987
1 987
0 987
34 4344
8 4344
14 4344
23 4344
9 4344
11 4344
17 4344
3 222
3 626
17 1376
0 1376
4 1376
8 1376
0 558
0 680
6 680
2 234
5 177
7 177
1 384
1 441
27 441
5 376
0 1511
3 1511
2 522
1 522
0 169
1 737
15 664
4 479
0 2238
1 2238
15 2238
8 2238
17 1074
7 737
0 762
1 2517
34 788
0 2300
3 2300
2 762
0 618
0 183
3 270
5 558
0 252
19 295
27 1913
75 1913
5 656
9 656
1 656
1 240
1 423
109 764
0 373
7 446
1 357
3 423
5 632
3 590
0 562
16 456
0 9
293 587
0 562
15 1014
2 774
0 404
1 567
1 1407
1 594
1 690
0 690
0 250
1 127
0 295
2 2725
5 2725
3 2725
4 2725
0 2725
2 442
0 442
1 518
0 508
0 269
1 269
0 38
1 6094
15 6094
12 6094
11 6094
17 6094
3 1370
3 2737
41 2737
20 1409
22 526
3 465
1 339
2 960
0 960
28 382
0 295
0 404
0 431
3 1536
2 615
0 844
1 308
1 504
0 560
1 730
3 730
1 764
2 1701
2 240
20 283
0 596
1 392
2 2339
3 2339
0 303
0 461
16 563
27 438
0 122
11 980
6 980
8 845
0 665
4 378
2 352
1 889
6 889
0 189
0 431
0 751
5 526
1 1955
5 1955
0 1955
10 1955
3 1955
2 1955
92 9453
90 9453
93 9453
22 9453
19 9453
137 9453
6 9453
38 9453
23 9453
72 9453
51 9453
66 9453
43 9453
69 9453
42 9453
11 3604
61 3604
67 3604
1801 3604
29 3604
4 2982
10 2982
1 2982
7 2982
15 2982
2 1152
5 499
0 181
1 181
13 249
2 613
9 395
3 575
0 122
3 1114
0 1114
38 283
141 283
0 241
4 55
11 655
3 1887
4 1887
13 1887
3 7512
9 7512
7 7512
11 7512
56 7512
12 7512
2 7512
126 7512
127 7512
247 7512
37 7512
4 7512
15 7512
189 7512
156 7512
5 328
2 623
2 106
8 82
1 305
1 196
17 151
23 439
3 328
6 2031
5 4370
4 4370
8 4370
6 4370
0 4370
10 4370
9 4370
1 4370
2 340
0 360
1 269
0 413
21 887
2 187
3 187
4 534
2 1539
9 726
14 257
5 202
1 764
2 764
0 473
1 729
3 729
2 729
2 174
6 593
1 326
6 282
3 59
1 2849
41 2849
6 2849
28 2849
0 225
14 435
2 435
0 522
6 146
1 479
11 399
0 587
0 562
28 788
11 788
40 788
35 788
57 788
0 788
1 788
57 788
26 788
14 473
13 473
6 1528
1 1528
26 1904
18 1904
7 733
0 219
11 2417
2 2417
44 594
25 594
27 594
1 620
0 620
0 476
6 476
0 405
26 1695
0 91
3 91
0 1223
1 1223
3 1223
3 479
1 328
12 1879
2 1879
15 4834
25 4834
13 4834
0 4834
35 4834
14 4834
1 145
16 739
6 336
8 361
10 177
0 413
32 759
1 191
5 191
15 240
2 233
3 177
0 176
2 318
0 807
5 807
0 761
2 446
1 931
0 931
0 1074
35 812
11 287
11 764
1 1043
0 857
1 922
2 558
10 558
15 279
33 173
7 130
10 617
3 617
3 1707
2 1707
11 4275
6 4275
2 4275
5 4275
12 4275
1 1149
0 1149
3 1149
3 2971
1 2971
0 336
2 318
0 1026
0 92
1 92
0 311
0 161
1 774
5 127
0 379
1 400
1 428
3 381
0 562
0 497
2 393
3 279
0 323
9 395
12 223
0 362
23 509
0 2434
4 716
10 388
17 233
0 484
0 484
0 484
0 1075
1 1075
3 1075
5 1075
5 118
2 114
27 844
38 844
2 306
1 1742
2 1742
0 1742
3 441
0 655
38 764
1 509
1868 3737
0 3737
2 3737
1 3737
14 562
1090 2181
0 338
0 40
4 379
1 405
1 474
0 98
0 1143
18 368
8 699
1 343
12 126
0 1644
2 1644
2 767
4 767
63 767
9 20
33 310
3 354
0 61
4 297
82 727
7 395
0 1618
1 233
8 381
8 473
8 217
3 152
78 768
1 171
0 567
0 301
0 461
40 788
3 788
29 788
21 788
41 788
0 788
1 788
35 788
17 788
1 405
0 653
2 139
3 324
0 973
2 1386
0 633
21 664
4 1618
0 395
0 295
6 344
2 230
1109 2219
0 385
17 527
2 1926
2 1926
4 548
0 919
0 699
4 472
3 327
0 821
2 821
3 821
0 526
3 567
13 1012
8 1012
2 1012
3 562
51 739
4 266
11 227
0 241
6 635
1 391
5 177
5 407
7 435
25 535
17 527
1 371
1 371
1 240
0 57
30 297
0 262
1 361
24 1312
0 84
1 287
0 509
1 585
9 592
35 812
112 2339
12 290
0 948
1 948
0 448
38 973
6 360
1 389
67 1646
2 2101
0 2101
3 2101
4 2101
5 876
9 472
2 265
2 777
18 502
7 137
18 209
2 144
0 183
0 370
18 135
1 120
14 962
18 721
0 114
1 3218
2 1747
0 231
1 1110
0 153
0 290
2 397
8 325
14 319
13 382
25 5267
14 5267
9 5267
17 5267
69 5267
12 5267
64 5267
82 5267
5 5267
7 5267
8 5267
0 5267
21 5267
47 5267
9 1034
0 1034
6 2191
1 2191
9 247
12 247
36 1416
163 1027
1 319
0 1042
1 384
0 163
0 127
1 484
1 900
0 544
14 265
6 368
0 930
10 2416
6 2416
13 2416
31 919
1 407
0 382
0 247
0 233
2 1183
1 1183
0 1183
1 1185
0 382
0 340
0 3763
6 3763
0 177
1 477
0 141
0 242
1 295
2 295
3 395
27 615
3 308
0 1695
26 511
1 227
0 257
2 2339
1 395
0 359
0 761
3 257
0 176
3 336
0 195
1 365
0 240
1 230
4 196
8 338
5 1116
3 1116
3 1124
0 300
5 1623
45 906
1 57
0 188
0 1057
0 233
4 721
4 318
0 735
3 699
2 446
0 310
0 165
12 465
8 1130
85 679
0 392
11 348
0 1898
1 1898
2 472
1 950
0 950
5 950
0 191
2 1695
0 324
0 282
0 861
4 1695
22 360
0 960
6 388
1 1701
0 453
1 453
0 247
3 461
0 295
0 1042
14 549
15 319
5 1110
6 2517
0 866
2 866
11 141
1 387
5 48
0 1791
4 1791
3 511
4 275
5 286
0 423
0 191
8 950
1 509
0 861
0 364
7 364
0 378
1 3651
0 364
5 364
0 298
10 679
2 654
0 177
7 605
11 392
10 392
0 569
0 43
5 414
0 272
3 327
0 2050
1 2050
2 2050
0 617
2 927
14 1268
7 1268
13 1268
35 1413
5 157
9 317
13 790
83 790
0 812
24 1077
23 584
25 562
10 1360
2 1695
25 405
1 587
0 127
2 1592
0 1592
2 1719
0 1719
1 1719
0 548
1 548
1 195
5 352
0 1043
6 2703
4 2703
3 2703
2 2703
14 1165
10 395
1 1323
0 1323
2 1323
5 1323
3 1323
0 118
3 165
7 663
9 451
10 1536
1 1526
0 1526
4 1526
2 116
13 327
1 587
2 139
0 325
13 1288
2 116
4 240
0 217
355 712
7 1386
4 2339
2 2517
4 381
18 284
0 183
7 295
1 2517
22 2339
1 465
0 247
0 2517
0 55
1 281
1 247
14 1360
0 461
39 3761
0 590
2 594
17 378
9 1539
3 108
186 4338
150 1552
2 152
3 646
2 306
0 657
1 657
11 1042
42 421
1 1042
5 222
1 1034
0 270
0 1104
1 486
0 502
1 57
15 816
3 2365
18 1074
0 187
1 2236
2 2236
3 2236
4 2236
1 405
17 1110
3 497
9 222
0 120
0 151
1 1392
0 230
1 86
3 78
154 2339
0 9
0 1021
3 318
3 308
26 279
0 762
0 88
5 721
12 1027
0 500
0 89
3 86
11 159
7 733
21 725
0 276
1 497
3 1130
0 456
0 654
1 777
0 53
0 340
60 475
2 142
1 694
0 41
0 90
10 588
1 588
3 588
1 214
0 67
0 588
1 327
1 342
0 588
5 193
1 161
5 90
1 588
0 41
5 322
3 718
1 142
14 567
5 588
3 113
0 120
3 588
16 567
48 588
2 588
3 483
1 588
3 218
11 588
0 282
1 282
12 588
11 218
0 327
1 24
0 274
1 274
2 214
1 142
2 90
44 90
1 228
6 567
0 229
12 567
2 343
1 228
1 327
0 43
4 386
4 694
15 228
1 475
1 588
22 475
29 946
0 475
0 567
2 457
2 327
1 483
1 343
0 116
0 475
10 228
0 342
5 327
41 560
20 229
0 99
2 588
7 43
6 43
0 168
6 141
0 483
0 16
1 588
1 386
0 334
2 588
3 588
6 588
3 588
0 90
7 588
0 271
6 588
13 386
0 67
44 560
12 342
0 454
0 588
7 588
1 211
18 694
46 694
7 228
14 327
3 588
5 752
0 53
2 229
2 588
2 41
0 374
0 334
25 588
2 475
6 110
0 229
0 58
0 588
0 142
6 153
0 334
4 116
4 118
4 588
7 386
3 327
1 142
13 228
10 156
3 588
1 588
1 327
3 343
3 153
23 475
1 588
0 99
0 588
3 588
40 574
0 694
1 90
12 694
2 56
31 560
8 342
0 322
0 752
4 588
33 327
0 193
9 454
0 342
0 67
0 327
0 588
1 229
0 342
0 67
159 2673
0 211
3 483
0 327
1 228
4 33
7 962
1 1539
0 125
0 120
6 80
1 816
0 554
0 176
0 406
0 66
1 473
0 977
0 844
0 290
12 502
0 88
2 275
1 147
6 515
0 1205
0 1403
0 1695
17 605
5 605
3 1347
2 1347
3 1516
0 295
0 473
0 59
3 1021
15 788
113 228
0 1110
0 88
0 768
1 476
0 337
0 340
50 1695
0 127
0 308
1 378
0 241
3 452
0 284
2 1900
0 1900
1 3101
0 3101
0 6
4 218
15 664
0 158
0 423
1 951
2 951
0 623
0 399
3 1577
0 278
1 214
4 2150
0 2150
0 145
0 404
0 1074
4 336
0 362
4 594
0 216
0 439
2 527
1 1386
0 639
30 762
0 625
1 625
0 725
0 395
0 1036
1 1042
3 393
1 1539
1 368
3 1539
16 117
1 632
1 1042
1 518
3 567
0 452
0 1071
0 347
1 303
0 120
4 270
7 2237
3 2237
1 2237
0 2237
8 2237
0 233
218 1552
0 409
0 1230
2 1230
0 853
0 400
0 126
0 446
11 857
0 973
0 274
1 274
2 3390
34 3390
6 3390
3 3390
0 584
31 890
0 626
8 216
0 1346
0 247
11 287
4 79
0 196
16 191
219 7353
3 7353
86 7353
668 7353
143 7353
34 7353
232 7353
11 7353
2 7353
956 7353
6 7353
23 7353
1 7353
268 7353
5 7353
38 7353
0 141
1 2466
3 2466
0 2466
4 2466
1 1456
39 10604
67 10604
0 10604
15 10604
18 10604
2 10604
61 10604
137 10604
26 10604
64 10604
6 10604
65 10604
38 10604
31 10604
88 10604
107 10604
5 1655
3 1655
0 407
4 1162
11 1162
1 1162
7 1162
5 479
16 623
0 87
1 564
8 391
0 295
1 590
0 508
73 1695
1 47
35 788
21 788
31 788
29 788
32 788
1 788
3 788
23 788
25 788
1 230
0 739
0 436
2 1695
0 247
2 626
1 567
3 115
3 48
0 344
16 684
88 764
1 582
74 1072
4 1862
0 1862
1 369
12 876
1 625
0 233
1 937
0 937
17 937
0 230
2 421
0 272
0 218
2 812
16 826
0 919
3 887
1 1072
53 2339
3 958
1 958
3 1623
5 141
0 792
1 811
1 2330
0 2330
1 247
4 974
8 120
0 182
3 423
0 1967
0 30
1 384
0 549
15 1153
1 497
2 188
3 498
0 157
2 157
2 2339
2 950
1 57
0 135
0 473
0 962
0 448
0 163
0 414
7 1161
1 1161
2 1161
1 117
3 96
0 1403
0 1346
1 139
14 1110
0 473
5 318
0 318
1 700
0 162
4 1967
2 1539
0 1539
0 106
1 5662
4 5662
8 5662
7 5662
9 5662
7 1536
20 1536
5 625
19 2565
11 2565
10 2565
1 2565
15 2565
0 2565
11 1747
2 384
2 183
2 1249
0 1249
0 87
0 812
3 746
1 2128
0 2128
2 2128
0 473
0 67
2 124
20 178
0 764
2 379
2 2396
0 2396
1 2396
16 890
1 890
4 890
0 38
0 2407
3 2407
2 2407
7 2407
1 735
0 581
3 581
2 385
3 385
4 615
0 139
0 641
0 448
5 1064
0 1064
4 2225
0 89
0 941
0 89
0 1419
9 452
0 80
12 554
1 89
0 1294
17 1294
11 381
6 1948
1 1948
2 1948
0 1948
3 962
8 448
0 352
0 137
0 594
6 1708
0 1708
7 287
0 25
0 816
0 626
0 90
27 2339
0 1536
0 233
4 69
0 319
0 796
0 446
0 527
1 142
0 369
0 153
2 590
1 385
19 413
2 446
1 2395
0 2395
3 404
295 592
13 2163
22 2163
26 2163
4 55
22 191
1 2423
2 2423
0 2423
0 344
0 196
0 452
21 1403
1 1205
2 1205
3 1014
0 294
0 448
3 86
0 395
2 844
0 844
1 303
1 1360
0 812
0 107
0 562
1 479
5 467
2 1733
25 1733
7 1733
0 80
0 739
0 446
123 247
0 389
0 733
2 215
2 295
1 431
0 175
0 130
1 187
4 135
0 284
6 371
8 330
2 1724
0 1724
1 1724
2 549
0 919
58 1139
1 896
0 896
0 437
0 103
0 264
2 261
0 264
0 648
6 1577
1 1501
3 1501
2 1501
20 617
2 1618
0 285
2 504
0 115
1 48
0 247
0 737
0 223
0 509
0 311
6 594
2 477
0 345
1 733
2 789
0 789
0 605
5 1747
0 347
0 1511
1 1511
0 362
1 147
0 307
2 139
0 139
0 382
6 1766
31 788
2 788
5 788
6 788
12 788
0 788
1 788
18 788
4 788
2 694
0 694
4 307
1 174
2 371
2 1077
0 537
6 178
0 103
1 290
1 3159
2 3159
0 3159
0 1331
24 50
0 716
0 508
12 1909
17 1909
10 1909
0 1618
0 1618
0 384
1 384
0 102
0 94
1 585
0 474
38 535
0 261
0 295
0 169
0 148
5 183
4 876
1 733
10 1787
3 1787
0 1787
12 617
0 1553
2 1553
1 504
2 343
1 632
0 127
3 504
1 1083
2 65
24 1144
0 178
4 172
15 240
31 431
1 919
1 498
0 1618
13 1475
13 368
3 26
3 1965
9 1965
8 1965
5 1965
2 1965
26 1965
1 125
0 175
4 55
4 379
0 229
0 229
0 230
1 1042
0 344
1 323
1 746
11 876
3 479
8 406
2 504
4 171
19 575
5 764
4 1913
2 1913
1 1057
2 269
0 173
1 344
0 772
0 242
1 1695
2 1695
0 382
3 764
0 175
0 94
1 811
0 394
0 1287
0 176
4 139
0 310
0 360
6 230
1 811
1 381
1 1129
4 1129
2 1129
3 638
0 1071
5 1410
1 1410
0 1410
1 811
0 497
2 37
0 285
0 305
2 256
0 360
8 233
5 623
1 1061
2 260
0 452
0 563
3 592
7 144
7 327
0 617
0 337
0 362
641 5976
47 5976
2 5976
123 5976
164 5976
0 5976
117 5976
43 5976
14 5976
9 1075
1 379
13 661
0 162
0 2517
7 431
0 100
1 1386
10 850
1 511
1 405
0 1102
1 1102
0 370
3 196
1 361
7 841
0 698
0 124
0 290
5 218
2 439
9 229
0 349
0 89
0 360
6 333
6 333
0 526
0 122
0 412
0 196
0 874
0 247
0 896
1 338
2 338
2 142
21 1779
150 1779
7 1779
159 1779
1 1238
12 876
6 1853
11 1853
7 1853
3 592
0 564
1 173
0 1539
0 158
0 812
5 584
1 328
6 262
0 816
0 99
6 796
2 404
2 146
0 345
5 464
3 228
11 274
459 919
0 502
0 1110
2 122
2 446
10 518
0 141
2 585
0 561
1 2808
0 1357
179 1416
0 204
1 100
281 563
0 564
0 473
35 1110
0 339
163 327
4 308
7 295
0 587
0 777
0 558
0 149
11 209
1 279
1 962
2 3095
6 3095
4 3095
14 1617
2 1617
1 1617
0 1617
0 318
0 327
3 1767
14 1767
1 1767
2 1767
1 240
0 1071
0 522
0 1618
1 465
0 465
1 465
