0 384
1 375
0 392
1 576
0 576
1 776
0 776
3 511
37 2287
15 2287
11 745
0 745
18 914
1 338
0 448
1 691
0 691
0 183
2 914
25 1155
22 1155
169 1155
51 1155
29 1155
9 1370
4 1623
0 7389
2 7389
28 7389
86 7389
135 7389
31 7389
53 7389
48 7389
34 7389
11 7389
586 7389
0 2339
1 615
4 1288
1 176
8 1265
63 1265
22 1265
1 150
6 79
1 1983
3 1983
33 1983
28 1983
5 269
8 397
2 1208
1 1208
36 1208
44 1474
2 240
0 448
0 558
3 1113
2 1113
0 79
2 305
0 400
0 388
1 590
2 1483
2 152
4 152
0 796
44 1536
1 805
0 276
0 328
1 1267
3 1267
5 1267
17 1267
0 1267
1 522
4 198
31 1013
21 1013
3 152
0 1303
3 1008
0 1008
4 327
1 562
7 737
5 737
4 264
1 175
0 44
0 89
12 1913
8 1913
4 1539
0 973
0 855
0 301
52 7645
91 7645
0 7645
53 7645
203 7645
6 7645
2 7645
9 7645
11 7645
63 7645
76 7645
18 7645
20 7645
17 7645
70 7645
24 7645
56 7645
72 7645
155 7645
55 7645
316 9306
12 9306
59 9306
4 9306
5 9306
94 9306
0 9306
1 9306
7 9306
189 9306
41 9306
3 9306
47 9306
178 9306
2 9306
43 9306
23 9306
52 9306
6 3760
54 3760
1 3760
0 3760
13 3760
16 3760
8 3760
3 3760
1 689
10 295
4 1454
0 1454
2 1454
13 1454
0 626
0 203
0 405
2 794
0 794
0 844
90 657
0 1110
1 150
1 1071
0 812
0 812
1 422
8 896
0 395
4 2339
1 135
11 324
8 721
0 79
1 204
1 811
0 368
0 380
0 380
5 384
2 152
0 98
1 68
19 446
2 777
9 777
3 884
11 884
0 1514
21 876
17 348
0 169
2 663
0 663
1 303
0 240
0 441
25 1474
0 733
8 1077
0 404
1 973
0 138
35 1618
12 567
7 876
1 176
2 2150
37 2150
8 876
7 311
4 1597
12 1597
8 1597
1 1597
2 618
0 98
0 184
1 776
0 776
0 497
4 57
0 392
0 670
5 670
0 392
3 511
0 247
0 876
1 344
11 965
9 1539
1 509
4 215
4 176
4 215
4 215
3 1386
0 283
2 764
0 465
1 792
50 10782
5 10782
28 10782
53 10782
54 10782
84 10782
11 10782
145 10782
89 10782
123 10782
68 10782
85 10782
6 10782
15 10782
32 10782
52 10782
150 10782
44 10782
35 10782
38 10782
27 10782
17 10782
91 10782
0 10782
68 10782
66 10782
0 224
18 767
4 144
48 540
3 2510
57 2510
61 269
11 269
0 1269
1 1269
8 919
2 782
0 448
1 931
0 931
0 247
0 89
0 2038
16 2038
12 2038
2 446
0 737
0 1898
1 1898
34 584
6 1360
5 2257
24 2257
1 1695
1 2339
3 1072
2 746
2 746
2 2150
4 2150
18 3410
1 3410
5 3410
1 746
2 2150
7 2150
2 764
3 746
0 456
2 590
13 2449
0 2449
18 191
5 777
14 266
5 1027
9 976
92 976
32 3000
5 3000
56 3000
98 3000
35 3000
10 3000
2 202
1 456
11 777
3 381
3 295
0 186
1 441
0 94
11 68
1 287
0 240
39 142
0 240
11 655
0 1197
10 2831
6 2831
4 2831
0 2831
1 1331
0 4210
2 4210
64 4210
5 4210
11 4210
32 4210
38 4210
9 4210
4 4210
6 4210
69 4210
3 20
2 209
0 677
2 677
6 1547
5 1547
1 888
0 888
0 344
23 413
20 1012
3 1012
14 1012
0 269
1 467
3 504
36 1110
1 585
2 2128
7 2128
4 2128
2 960
2 1483
7 1536
3 1536
0 1110
2 1069
5 1069
0 1069
1 1014
62 811
0 1110
0 423
0 93
22 183
1 384
0 724
12 2375
4 2375
5 2375
1 178
30 788
8 788
13 788
22 788
33 788
0 788
4 788
31 788
9 788
3 203
6 226
1 4949
20 4949
4 4949
24 4949
38 4949
180 4949
144 4949
0 120
117 2150
8 2150
16 2150
0 653
3 689
21 2955
15 2955
11 2955
16 2955
13 2955
3 2955
8 2955
4 1695
3 439
3 439
0 225
35 2163
32 2163
397 13875
10 13875
235 13875
178 13875
215 13875
106 13875
130 13875
28 13875
322 13875
141 13875
2177 13875
171 13875
57 13875
3 13875
8 2339
2 222
0 150
4 1164
34 1164
43 1164
3 2347
0 2347
1 2347
2 2347
1 633
0 384
58 3126
73 3126
10 3126
40 3126
50 3126
48 3126
75 3126
4 1078
0 1078
27 1078
0 267
0 1926
17 526
1 812
12 858
33 5657
89 5657
59 5657
37 5657
18 5657
77 5657
159 5657
42 5657
1 1042
0 423
1 218
2 172
64 1307
115 1021
0 384
0 400
1 240
1 247
5 176
0 247
0 124
2 618
0 247
20 1708
58 1708
87 1708
52 1708
0 762
1 762
2 152
6 371
0 264
1 442
0 442
0 389
104 5642
33 5642
187 5642
301 5642
94 5642
37 5642
8 5642
3 416
0 223
0 86
11 543
5 1403
1 1403
1 679
1 2517
0 87
43 689
6 336
0 89
0 153
6 1403
0 1963
7 1963
10 2002
23 2002
2 2002
0 147
0 147
10 163
0 264
2 1539
4 264
1 590
0 181
14 241
7 465
70 764
126 764
16 764
12 295
1 1652
2 1652
0 1967
0 86
0 1110
0 1183
1 1183
2 1183
0 876
0 389
0 1124
4 1124
14 1014
0 961
4 961
17 961
0 526
0 359
20 1130
3 257
2 1386
4 842
13 1042
0 257
11 2403
71 2403
16 2403
1 106
1 375
25 617
0 270
0 270
1 340
15 327
0 380
1 518
0 587
2 587
0 384
0 424
0 264
0 699
6 1317
0 1317
13 1317
1 120
6 594
0 538
0 603
21 1130
0 344
0 240
4 1241
0 122
0 855
0 1898
1 1898
0 1898
1 1898
0 384
1 17
3 914
3 777
8 163
8 4713
19 4713
2 4713
540 4713
0 4713
16 4713
0 44
11 2150
38 2150
22 2150
46 2150
0 402
22 266
6 781
8 781
11 781
3 781
3 664
4 689
3 874
0 796
0 796
72 1464
1 1464
4 1464
0 548
0 382
3 233
3 663
14 257
13 506
42 1012
4 257
3 626
0 371
61 782
18 3816
1 3816
7 3816
10 3816
5 3816
6 3816
97 3816
1 340
0 1347
1 1347
0 149
2 554
5 364
24 364
12 295
50 435
1 695
24 1247
44 1247
6 423
2 914
0 265
5 631
2 631
0 186
0 518
3 171
35 511
3 431
12 2308
1 2308
46 2303
5 2303
5 145
2 145
18 145
2 467
3 518
1 405
3 318
1 423
6 324
1 389
59 8726
8 8726
138 8726
32 8726
276 8726
11 8726
191 8726
58 8726
4 8726
3 8726
66 8726
55 8726
137 8726
3 422
2 108
1 456
0 1036
1 1036
18 391
1 344
1 679
2 154
35 397
15 3066
16 3066
10 3066
11 1214
27 1214
6 1595
95 1595
5 764
0 457
0 368
0 376
2 209
2 209
1 1191
0 1191
0 592
1 378
3 141
0 389
0 446
3 264
0 526
4 1110
1388 12734
43 12734
0 12734
255 12734
66 12734
136 12734
1010 12734
105 12734
16 12734
216 12734
234 12734
177 12734
343 12734
276 12734
159 12734
307 12734
374 12734
202 12734
0 203
0 89
4 653
19 295
1 841
0 441
2 384
0 876
62 1264
69 1264
17 1264
0 404
3 1483
0 1110
1 590
1 590
3 264
0 107
21 1386
0 148
0 89
19 842
0 461
2 669
0 669
7 737
1 699
4 423
5 737
0 107
0 107
1 148
0 473
24 2629
19 2629
22 2629
3 2629
0 384
1 1589
3 1589
0 1589
7 113
0 2696
2 2696
47 2696
0 774
4 664
107 987
3 987
0 987
43 4344
17 4344
64 4344
23 4344
20 4344
26 4344
24 4344
3 222
7 626
7 1376
5 1376
1 1376
6 1376
0 558
0 680
6 680
4 234
5 177
3 177
0 384
1 441
17 441
5 376
2 1511
4 1511
7 522
1 522
0 169
6 737
3 664
3 479
0 2238
1 2238
20 2238
15 2238
17 1074
14 737
2 762
2 2517
40 788
0 2300
4 2300
9 762
1 618
0 183
0 270
3 558
0 252
15 295
55 1913
138 1913
4 656
8 656
2 656
0 240
4 423
152 764
0 373
15 446
5 357
4 423
10 632
1 590
1 562
17 456
0 9
293 587
1 562
32 1014
10 774
0 404
6 567
10 1407
3 594
1 690
0 690
0 250
0 127
0 295
38 2725
56 2725
50 2725
55 2725
26 2725
2 442
0 442
1 518
0 508
2 269
0 269
0 38
28 6094
116 6094
96 6094
138 6094
122 6094
3 1370
1 2737
70 2737
65 1409
24 526
16 465
3 339
2 960
1 960
30 382
2 295
0 404
3 431
15 1536
1 615
0 844
1 308
1 504
0 560
3 730
0 730
5 764
7 1701
0 240
11 283
0 596
0 392
6 2339
16 2339
0 303
0 461
18 563
32 438
4 122
27 980
12 980
14 845
2 665
17 378
5 352
7 889
18 889
0 189
3 431
0 751
19 526
2 1955
12 1955
1 1955
18 1955
10 1955
3 1955
299 9453
228 9453
306 9453
106 9453
99 9453
409 9453
28 9453
225 9453
142 9453
288 9453
195 9453
318 9453
119 9453
196 9453
188 9453
30 3604
145 3604
118 3604
623 3604
75 3604
4 2982
20 2982
2 2982
9 2982
25 2982
17 1152
15 499
0 181
1 181
13 249
9 613
13 395
0 575
0 122
2 1114
0 1114
20 283
24 283
7 241
4 55
16 655
5 1887
18 1887
74 1887
1 7512
12 7512
10 7512
14 7512
112 7512
11 7512
3 7512
142 7512
94 7512
212 7512
38 7512
6 7512
19 7512
287 7512
122 7512
4 328
12 623
7 106
7 82
11 305
1 196
21 151
12 439
13 328
22 2031
129 4370
117 4370
103 4370
127 4370
64 4370
91 4370
96 4370
84 4370
5 340
0 360
1 269
3 413
14 887
3 187
11 187
2 534
3 1539
27 726
16 257
3 202
5 764
1 764
0 473
9 729
7 729
8 729
4 174
11 593
1 326
20 282
1 59
15 2849
162 2849
16 2849
113 2849
0 225
17 435
7 435
4 522
4 146
0 479
21 399
2 587
1 562
32 788
19 788
25 788
31 788
30 788
0 788
7 788
36 788
24 788
33 473
25 473
22 1528
1 1528
49 1904
27 1904
9 733
1 219
7 2417
1 2417
74 594
43 594
55 594
8 620
3 620
3 476
23 476
1 405
56 1695
1 91
5 91
0 1223
1 1223
3 1223
3 479
1 328
37 1879
17 1879
10 4834
54 4834
17 4834
0 4834
80 4834
27 4834
0 145
16 739
5 336
27 361
3 177
9 413
27 759
0 191
5 191
31 240
7 233
2 177
3 176
8 318
15 807
28 807
0 761
4 446
1 931
0 931
1 1074
42 812
12 287
12 764
0 1043
5 857
5 922
3 558
15 558
32 279
23 173
10 130
42 617
43 617
20 1707
4 1707
11 4275
30 4275
16 4275
15 4275
39 4275
0 1149
1 1149
6 1149
11 2971
8 2971
2 336
3 318
0 1026
0 92
1 92
0 311
2 161
4 774
4 127
2 379
19 400
0 428
8 381
1 562
1 497
0 393
13 279
0 323
16 395
17 223
0 362
17 509
22 2434
7 716
17 388
11 233
1 484
1 484
1 484
3 1075
3 1075
0 1075
4 1075
7 118
6 114
21 844
29 844
6 306
4 1742
14 1742
6 1742
1 441
0 655
115 764
22 509
322 3737
2 3737
15 3737
11 3737
15 562
263 2181
0 338
0 40
13 379
1 405
1 474
1 98
6 1143
16 368
3 699
3 343
14 126
4 1644
0 1644
6 767
12 767
59 767
7 20
17 310
1 354
0 61
8 297
68 727
0 395
1 1618
2 233
11 381
10 473
16 217
4 152
90 768
13 171
2 567
5 301
5 461
31 788
15 788
23 788
30 788
32 788
0 788
6 788
34 788
21 788
1 405
0 653
13 139
11 324
2 973
4 1386
1 633
11 664
29 1618
1 395
0 295
4 344
5 230
296 2219
0 385
24 527
1 1926
2 1926
3 548
3 919
0 699
2 472
1 327
1 821
7 821
9 821
0 526
22 567
48 1012
20 1012
16 1012
3 562
61 739
9 266
13 227
0 241
9 635
9 391
7 177
8 407
9 435
32 535
21 527
1 371
2 371
1 240
0 57
13 297
0 262
3 361
15 1312
0 84
3 287
1 509
1 585
30 592
21 812
72 2339
16 290
0 948
1 948
10 448
17 973
13 360
1 389
58 1646
11 2101
2 2101
18 2101
25 2101
8 876
9 472
5 265
13 777
45 502
12 137
26 209
3 144
0 183
0 370
18 135
3 120
42 962
19 721
0 114
46 3218
7 1747
0 231
13 1110
0 153
4 290
1 397
4 325
25 319
15 382
139 5267
118 5267
91 5267
78 5267
317 5267
131 5267
208 5267
325 5267
31 5267
29 5267
53 5267
13 5267
90 5267
211 5267
24 1034
2 1034
55 2191
19 2191
22 247
16 247
111 1416
140 1027
10 319
12 1042
19 384
4 163
1 127
1 484
15 900
3 544
27 265
11 368
1 930
35 2416
41 2416
23 2416
37 919
0 407
0 382
0 247
0 233
1 1183
2 1183
0 1183
1 1185
0 382
2 340
2 3763
25 3763
0 177
6 477
0 141
0 242
3 295
5 295
6 395
38 615
4 308
3 1695
28 511
0 227
0 257
5 2339
1 395
0 359
0 761
2 257
0 176
4 336
3 195
1 365
0 240
3 230
6 196
5 338
12 1116
11 1116
12 1124
2 300
6 1623
39 906
1 57
0 188
3 1057
2 233
6 721
4 318
0 735
1 699
3 446
0 310
3 165
14 465
42 1130
32 679
4 392
8 348
0 1898
1 1898
6 472
1 950
0 950
6 950
0 191
14 1695
0 324
3 282
5 861
4 1695
23 360
10 960
9 388
1 1701
0 453
1 453
0 247
4 461
0 295
0 1042
16 549
25 319
9 1110
43 2517
13 866
24 866
6 141
6 387
4 48
1 1791
22 1791
6 511
3 275
9 286
1 423
19 191
20 950
1 509
0 861
3 364
18 364
1 378
18 3651
2 364
14 364
1 298
24 679
6 654
0 177
3 605
21 392
20 392
7 569
0 43
3 414
0 272
9 327
16 2050
15 2050
11 2050
8 617
10 927
24 1268
37 1268
54 1268
12 1413
4 157
6 317
12 790
70 790
0 812
15 1077
26 584
32 562
6 1360
7 1695
40 405
4 587
0 127
31 1592
10 1592
23 1719
12 1719
14 1719
0 548
3 548
4 195
12 352
3 1043
17 2703
19 2703
7 2703
3 2703
6 1165
6 395
4 1323
1 1323
2 1323
12 1323
9 1323
0 118
7 165
21 663
25 451
8 1536
2 1526
9 1526
5 1526
2 116
12 327
2 587
12 139
3 325
36 1288
2 116
14 240
1 217
105 712
8 1386
0 2339
22 2517
17 381
10 284
6 183
16 295
3 2517
43 2339
0 465
1 247
0 2517
0 55
2 281
8 247
8 1360
2 461
37 3761
1 590
10 594
39 378
6 1539
2 108
327 4338
176 1552
2 152
23 646
3 306
0 657
2 657
20 1042
20 421
4 1042
5 222
7 1034
0 270
0 1104
6 486
0 502
0 57
4 816
17 2365
42 1074
1 187
1 2236
2 2236
3 2236
6 2236
1 405
32 1110
2 497
19 222
0 120
0 151
1 1392
0 230
0 86
2 78
89 2339
0 9
1 1021
10 318
5 308
37 279
1 762
0 88
9 721
65 1027
1 500
1 89
4 86
11 159
11 733
13 725
1 276
2 497
6 1130
0 456
3 654
2 777
0 53
3 340
40 475
2 142
0 694
0 41
0 90
3 588
1 588
2 588
0 214
0 67
1 588
1 327
7 342
3 588
2 193
2 161
7 90
4 588
0 41
11 322
2 718
2 142
10 567
11 588
5 113
0 120
0 588
49 567
60 588
0 588
3 483
0 588
2 218
8 588
0 282
0 282
13 588
14 218
0 327
2 24
0 274
6 274
2 214
1 142
0 90
12 90
2 228
14 567
1 229
16 567
2 343
1 228
1 327
1 43
6 386
2 694
11 228
1 475
0 588
19 475
54 946
0 475
0 567
3 457
5 327
4 483
3 343
0 116
0 475
14 228
0 342
7 327
24 560
15 229
0 99
5 588
8 43
7 43
0 168
4 141
10 483
0 16
4 588
5 386
1 334
12 588
11 588
28 588
15 588
0 90
3 588
1 271
3 588
11 386
1 67
42 560
8 342
0 454
3 588
10 588
1 211
12 694
23 694
12 228
22 327
3 588
6 752
0 53
4 229
3 588
3 41
1 374
0 334
23 588
1 475
8 110
1 229
0 58
1 588
0 142
3 153
1 334
1 116
8 118
3 588
8 386
5 327
2 142
15 228
12 156
3 588
1 588
1 327
2 343
6 153
26 475
11 588
0 99
0 588
2 588
35 574
0 694
1 90
24 694
2 56
24 560
5 342
10 322
1 752
3 588
47 327
1 193
8 454
0 342
0 67
0 327
2 588
1 229
0 342
0 67
204 2673
0 211
4 483
0 327
5 228
4 33
12 962
1 1539
0 125
0 120
5 80
0 816
0 554
0 176
0 406
0 66
14 473
0 977
0 844
2 290
17 502
0 88
4 275
2 147
10 515
0 1205
0 1403
0 1695
17 605
5 605
1 1347
0 1347
1 1516
0 295
0 473
0 59
17 1021
3 788
18 228
0 1110
0 88
1 768
2 476
0 337
2 340
49 1695
0 127
2 308
1 378
0 241
17 452
0 284
1 1900
0 1900
3 3101
0 3101
0 6
0 218
6 664
0 158
0 423
5 951
1 951
0 623
0 399
3 1577
0 278
1 214
7 2150
0 2150
0 145
1 404
0 1074
4 336
0 362
6 594
1 216
0 439
2 527
1 1386
1 639
19 762
0 625
1 625
0 725
0 395
0 1036
0 1042
14 393
2 1539
1 368
2 1539
17 117
5 632
3 1042
5 518
12 567
0 452
1 1071
0 347
1 303
0 120
0 270
38 2237
0 2237
7 2237
9 2237
19 2237
0 233
181 1552
0 409
0 1230
3 1230
0 853
2 400
0 126
0 446
18 857
1 973
2 274
1 274
14 3390
49 3390
24 3390
29 3390
0 584
46 890
0 626
3 216
0 1346
0 247
8 287
3 79
0 196
10 191
226 7353
2 7353
98 7353
510 7353
196 7353
62 7353
290 7353
11 7353
4 7353
631 7353
12 7353
195 7353
5 7353
480 7353
3 7353
31 7353
0 141
13 2466
10 2466
0 2466
26 2466
3 1456
104 10604
80 10604
0 10604
81 10604
146 10604
4 10604
191 10604
188 10604
38 10604
122 10604
37 10604
180 10604
136 10604
55 10604
158 10604
301 10604
11 1655
17 1655
0 407
6 1162
18 1162
5 1162
8 1162
3 479
28 623
0 87
3 564
4 391
0 295
8 590
0 508
8 1695
3 47
31 788
18 788
24 788
30 788
32 788
1 788
7 788
27 788
16 788
1 230
0 739
1 436
1 1695
0 247
4 626
0 567
1 115
3 48
0 344
34 684
173 764
5 582
85 1072
28 1862
2 1862
1 369
5 876
1 625
4 233
3 937
1 937
20 937
0 230
1 421
0 272
0 218
5 812
31 826
0 919
9 887
1 1072
104 2339
6 958
1 958
2 1623
0 141
1 792
2 811
7 2330
3 2330
0 247
11 974
1 120
1 182
5 423
4 1967
0 30
0 384
15 549
2 1153
5 497
2 188
22 498
0 157
4 157
1 2339
6 950
1 57
10 135
0 473
0 962
0 448
0 163
0 414
15 1161
3 1161
1 1161
1 117
2 96
0 1403
0 1346
1 139
11 1110
0 473
1 318
0 318
2 700
0 162
19 1967
2 1539
0 1539
0 106
121 5662
88 5662
140 5662
131 5662
154 5662
3 1536
5 1536
6 625
14 2565
6 2565
4 2565
7 2565
5 2565
3 2565
6 1747
0 384
8 183
1 1249
0 1249
0 87
0 812
1 746
2 2128
0 2128
1 2128
0 473
2 67
3 124
32 178
1 764
6 379
2 2396
0 2396
1 2396
9 890
1 890
3 890
0 38
0 2407
1 2407
5 2407
7 2407
2 735
5 581
8 581
13 385
15 385
10 615
0 139
0 641
0 448
11 1064
0 1064
4 2225
0 89
1 941
1 89
0 1419
1 452
0 80
19 554
0 89
0 1294
25 1294
16 381
4 1948
0 1948
3 1948
1 1948
18 962
12 448
0 352
0 137
0 594
9 1708
0 1708
10 287
0 25
0 816
0 626
1 90
37 2339
0 1536
0 233
6 69
0 319
0 796
0 446
0 527
1 142
4 369
0 153
0 590
0 385
19 413
7 446
4 2395
0 2395
7 404
295 592
13 2163
10 2163
12 2163
3 55
25 191
1 2423
10 2423
0 2423
1 344
0 196
0 452
19 1403
1 1205
2 1205
3 1014
0 294
0 448
0 86
0 395
2 844
0 844
1 303
0 1360
0 812
3 107
0 562
2 479
11 467
1 1733
11 1733
7 1733
0 80
0 739
0 446
22 247
0 389
0 733
3 215
2 295
1 431
0 175
0 130
1 187
11 135
0 284
2 371
14 330
17 1724
6 1724
21 1724
4 549
1 919
45 1139
2 896
3 896
8 437
1 103
0 264
2 261
1 264
0 648
6 1577
2 1501
3 1501
1 1501
17 617
1 1618
0 285
4 504
0 115
1 48
0 247
1 737
0 223
0 509
0 311
16 594
6 477
0 345
4 733
3 789
5 789
0 605
24 1747
0 347
1 1511
3 1511
0 362
1 147
0 307
0 139
1 139
0 382
2 1766
33 788
9 788
13 788
21 788
32 788
0 788
2 788
35 788
11 788
0 694
2 694
2 307
1 174
6 371
4 1077
0 537
5 178
0 103
3 290
3 3159
2 3159
0 3159
0 1331
10 50
0 716
0 508
11 1909
8 1909
10 1909
0 1618
0 1618
1 384
1 384
0 102
0 94
1 585
1 474
28 535
0 261
0 295
0 169
0 148
8 183
5 876
3 733
14 1787
3 1787
0 1787
32 617
0 1553
2 1553
4 504
4 343
3 632
0 127
1 504
35 1083
2 65
62 1144
0 178
2 172
29 240
44 431
1 919
8 498
6 1618
3 1475
11 368
2 26
23 1965
61 1965
22 1965
60 1965
18 1965
102 1965
1 125
0 175
5 55
12 379
0 229
1 229
0 230
1 1042
0 344
0 323
1 746
7 876
3 479
3 406
5 504
0 171
36 575
11 764
9 1913
3 1913
4 1057
4 269
1 173
3 344
0 772
0 242
1 1695
1 1695
0 382
4 764
0 175
0 94
0 811
0 394
1 1287
0 176
2 139
0 310
0 360
2 230
0 811
2 381
5 1129
2 1129
15 1129
17 638
0 1071
46 1410
0 1410
1 1410
0 811
0 497
3 37
0 285
0 305
5 256
0 360
5 233
1 623
1 1061
0 260
1 452
0 563
1 592
7 144
17 327
0 617
0 337
0 362
294 5976
50 5976
6 5976
88 5976
171 5976
0 5976
71 5976
52 5976
26 5976
5 1075
1 379
16 661
0 162
20 2517
14 431
1 100
1 1386
35 850
2 511
1 405
1 1102
0 1102
0 370
5 196
1 361
11 841
1 698
0 124
0 290
1 218
4 439
6 229
0 349
0 89
0 360
1 333
1 333
0 526
0 122
0 412
0 196
3 874
1 247
1 896
2 338
4 338
4 142
6 1779
229 1779
5 1779
112 1779
1 1238
9 876
21 1853
26 1853
36 1853
32 592
0 564
1 173
0 1539
0 158
0 812
8 584
2 328
8 262
0 816
0 99
16 796
0 404
1 146
0 345
12 464
3 228
14 274
69 919
0 502
0 1110
2 122
4 446
5 518
0 141
1 585
0 561
1 2808
0 1357
236 1416
3 204
1 100
65 563
5 564
0 473
36 1110
0 339
65 327
4 308
14 295
3 587
0 777
0 558
0 149
10 209
2 279
6 962
14 3095
26 3095
38 3095
21 1617
11 1617
2 1617
4 1617
0 318
1 327
10 1767
20 1767
1 1767
4 1767
1 240
1 1071
0 522
0 1618
2 465
1 465
3 465
