1334.000000
433.000000
229.000000
114.000000
65.000000
33.000000
25.000000
9.000000
11.000000
7.000000
5.000000
1.000000
3.000000
0.000000
3.000000
0.000000
2.000000
1.000000
0.000000
0.000000
0.000000
0.000000
0.000000
0.000000
0.000000
0.000000
0.000000
0.000000
0.000000
0.000000
1.000000
0.000000
0.000000
0.000000
0.000000
0.000000
0.000000
0.000000
0.000000
0.000000
0.000000
0.000000
0.000000
0.000000
0.000000
0.000000
0.000000
0.000000
1.000000
10.000000
0.000000
0.000000
0.000000
0.000000
0.000000
0.000000
0.000000
0.000000
0.000000
0.000000
0.000000
0.000000
0.000000
0.000000
0.000000
0.000000
0.000000
0.000000
0.000000
0.000000
0.000000
0.000000
0.000000
0.000000
0.000000
0.000000
1.000000
0.000000
0.000000
0.000000
3.000000
0.000000
0.000000
2.000000
0.000000
2.000000
5.000000
3.000000
6.000000
9.000000
14.000000
13.000000
19.000000
26.000000
26.000000
23.000000
31.000000
21.000000
35.000000
24.000000
