1371.000000
438.000000
184.000000
124.000000
68.000000
40.000000
23.000000
8.000000
12.000000
4.000000
6.000000
1.000000
2.000000
1.000000
3.000000
0.000000
1.000000
1.000000
0.000000
0.000000
0.000000
0.000000
0.000000
0.000000
0.000000
1.000000
0.000000
0.000000
0.000000
0.000000
0.000000
0.000000
0.000000
0.000000
0.000000
0.000000
0.000000
0.000000
0.000000
0.000000
0.000000
0.000000
0.000000
0.000000
0.000000
0.000000
0.000000
0.000000
1.000000
9.000000
0.000000
0.000000
0.000000
0.000000
0.000000
0.000000
0.000000
0.000000
0.000000
0.000000
0.000000
0.000000
0.000000
0.000000
0.000000
0.000000
0.000000
0.000000
0.000000
0.000000
0.000000
0.000000
0.000000
0.000000
0.000000
1.000000
1.000000
0.000000
0.000000
0.000000
1.000000
0.000000
0.000000
2.000000
0.000000
1.000000
2.000000
6.000000
10.000000
12.000000
12.000000
12.000000
18.000000
17.000000
36.000000
19.000000
25.000000
28.000000
27.000000
22.000000
