1275.000000
453.000000
238.000000
124.000000
72.000000
43.000000
14.000000
7.000000
9.000000
5.000000
5.000000
3.000000
3.000000
0.000000
2.000000
1.000000
2.000000
0.000000
0.000000
0.000000
0.000000
0.000000
0.000000
0.000000
0.000000
0.000000
0.000000
0.000000
0.000000
0.000000
1.000000
0.000000
0.000000
0.000000
0.000000
0.000000
0.000000
0.000000
0.000000
0.000000
0.000000
0.000000
0.000000
0.000000
0.000000
0.000000
0.000000
0.000000
2.000000
14.000000
0.000000
0.000000
0.000000
0.000000
0.000000
0.000000
0.000000
0.000000
0.000000
0.000000
0.000000
0.000000
0.000000
0.000000
0.000000
0.000000
0.000000
0.000000
0.000000
0.000000
0.000000
0.000000
0.000000
0.000000
0.000000
1.000000
0.000000
0.000000
0.000000
0.000000
0.000000
2.000000
1.000000
2.000000
2.000000
1.000000
1.000000
7.000000
5.000000
9.000000
14.000000
18.000000
20.000000
30.000000
27.000000
27.000000
26.000000
25.000000
26.000000
33.000000
