995.000000
510.000000
254.000000
138.000000
90.000000
40.000000
27.000000
16.000000
5.000000
8.000000
6.000000
1.000000
4.000000
2.000000
3.000000
1.000000
1.000000
0.000000
0.000000
0.000000
0.000000
0.000000
0.000000
0.000000
0.000000
0.000000
0.000000
0.000000
0.000000
0.000000
0.000000
0.000000
0.000000
0.000000
0.000000
0.000000
0.000000
0.000000
0.000000
0.000000
0.000000
0.000000
0.000000
0.000000
0.000000
1.000000
0.000000
0.000000
3.000000
22.000000
0.000000
0.000000
0.000000
0.000000
0.000000
0.000000
0.000000
0.000000
0.000000
0.000000
0.000000
0.000000
0.000000
0.000000
0.000000
0.000000
0.000000
0.000000
0.000000
0.000000
0.000000
0.000000
0.000000
0.000000
0.000000
0.000000
0.000000
0.000000
0.000000
1.000000
0.000000
0.000000
0.000000
0.000000
1.000000
1.000000
3.000000
4.000000
2.000000
6.000000
15.000000
20.000000
24.000000
29.000000
49.000000
58.000000
52.000000
49.000000
57.000000
52.000000
