1226.000000
469.000000
239.000000
126.000000
65.000000
49.000000
18.000000
8.000000
5.000000
8.000000
4.000000
3.000000
2.000000
1.000000
2.000000
2.000000
2.000000
0.000000
0.000000
0.000000
0.000000
0.000000
0.000000
0.000000
0.000000
0.000000
0.000000
0.000000
0.000000
0.000000
1.000000
0.000000
0.000000
0.000000
0.000000
0.000000
0.000000
0.000000
0.000000
0.000000
0.000000
0.000000
0.000000
0.000000
0.000000
1.000000
0.000000
0.000000
2.000000
15.000000
0.000000
0.000000
0.000000
0.000000
0.000000
0.000000
0.000000
0.000000
0.000000
0.000000
0.000000
0.000000
0.000000
0.000000
0.000000
0.000000
0.000000
0.000000
0.000000
0.000000
0.000000
0.000000
0.000000
0.000000
0.000000
0.000000
0.000000
0.000000
0.000000
0.000000
0.000000
1.000000
1.000000
0.000000
3.000000
3.000000
7.000000
5.000000
6.000000
8.000000
11.000000
15.000000
25.000000
32.000000
29.000000
40.000000
23.000000
19.000000
38.000000
36.000000
