1844.000000
255.000000
111.000000
80.000000
51.000000
25.000000
21.000000
10.000000
8.000000
8.000000
3.000000
2.000000
5.000000
2.000000
3.000000
1.000000
0.000000
0.000000
0.000000
1.000000
0.000000
0.000000
0.000000
0.000000
0.000000
0.000000
0.000000
0.000000
0.000000
0.000000
0.000000
0.000000
0.000000
0.000000
0.000000
0.000000
0.000000
0.000000
0.000000
0.000000
0.000000
0.000000
0.000000
0.000000
0.000000
0.000000
0.000000
0.000000
0.000000
1.000000
0.000000
0.000000
0.000000
0.000000
0.000000
0.000000
0.000000
0.000000
0.000000
0.000000
0.000000
0.000000
0.000000
0.000000
0.000000
0.000000
0.000000
0.000000
0.000000
0.000000
0.000000
0.000000
0.000000
0.000000
0.000000
0.000000
0.000000
0.000000
0.000000
1.000000
0.000000
2.000000
1.000000
3.000000
3.000000
2.000000
2.000000
3.000000
3.000000
5.000000
13.000000
10.000000
9.000000
9.000000
11.000000
10.000000
5.000000
10.000000
10.000000
7.000000
