383 384
374 375
391 392
20 576
3 576
771 776
772 776
510 511
2199 2287
2196 2287
4 745
4 745
907 914
334 338
444 448
3 691
5 691
182 183
913 914
29 1155
1142 1155
577 1155
23 1155
25 1155
1355 1370
1622 1623
300 7389
217 7389
240 7389
265 7389
259 7389
268 7389
227 7389
237 7389
267 7389
246 7389
114 7389
2337 2339
609 615
1287 1288
175 176
8 1265
2 1265
1251 1265
149 150
78 79
56 1983
61 1983
49 1983
44 1983
267 269
198 397
23 1208
68 1208
56 1208
1472 1474
239 240
4 448
557 558
5 1113
7 1113
76 79
302 305
399 400
382 388
574 590
1457 1483
75 152
151 152
8 796
767 1536
782 805
275 276
327 328
46 1267
51 1267
40 1267
52 1267
48 1267
521 522
197 198
0 1013
0 1013
75 152
1302 1303
17 1008
11 1008
320 327
3 562
15 737
736 737
261 264
171 175
41 44
0 89
21 1913
30 1913
1525 1539
970 973
854 855
298 301
593 7645
244 7645
672 7645
417 7645
411 7645
628 7645
608 7645
587 7645
484 7645
582 7645
463 7645
625 7645
490 7645
603 7645
623 7645
654 7645
560 7645
434 7645
565 7645
641 7645
289 9306
715 9306
676 9306
669 9306
671 9306
706 9306
754 9306
596 9306
713 9306
9298 9306
9202 9306
654 9306
543 9306
712 9306
727 9306
532 9306
484 9306
695 9306
0 3760
116 3760
224 3760
249 3760
210 3760
5 3760
241 3760
2 3760
656 689
293 295
1 1454
53 1454
51 1454
21 1454
625 626
202 203
404 405
792 794
793 794
843 844
328 657
1100 1110
143 150
1069 1071
805 812
808 812
421 422
894 896
394 395
37 2339
133 135
317 324
720 721
76 79
202 204
810 811
367 368
379 380
379 380
379 384
151 152
48 98
65 68
442 446
761 777
775 777
878 884
879 884
1511 1514
437 876
342 348
168 169
20 663
25 663
302 303
238 240
440 441
6 1474
732 733
1074 1077
397 404
963 973
137 138
1601 1618
565 567
875 876
1 176
2148 2150
15 2150
875 876
155 311
2 1597
23 1597
1 1597
32 1597
616 618
97 98
181 184
774 776
775 776
496 497
56 57
391 392
44 670
41 670
391 392
510 511
241 247
875 876
171 344
941 965
769 1539
508 509
214 215
169 176
214 215
212 215
1372 1386
282 283
737 764
462 465
790 792
686 10782
698 10782
755 10782
690 10782
756 10782
541 10782
770 10782
768 10782
8 10782
587 10782
22 10782
516 10782
689 10782
671 10782
636 10782
772 10782
560 10782
683 10782
5 10782
695 10782
701 10782
752 10782
15 10782
794 10782
22 10782
11 10782
221 224
10 767
142 144
269 540
27 2510
26 2510
134 269
5 269
1242 1269
12 1269
912 919
781 782
4 448
7 931
8 931
245 247
88 89
2016 2038
7 2038
42 2038
445 446
736 737
17 1898
54 1898
291 584
1358 1360
46 2257
36 2257
1694 1695
2337 2339
1070 1072
743 746
743 746
41 2150
46 2150
58 3410
106 3410
48 3410
743 746
43 2150
41 2150
763 764
742 746
6 456
586 590
42 2449
50 2449
95 191
769 777
263 266
1026 1027
487 976
487 976
42 3000
2911 3000
26 3000
2969 3000
29 3000
58 3000
3 202
455 456
776 777
373 381
294 295
185 186
220 441
1 94
33 68
286 287
239 240
70 142
239 240
646 655
1196 1197
29 2831
31 2831
32 2831
37 2831
1328 1331
249 4210
223 4210
247 4210
230 4210
197 4210
240 4210
274 4210
278 4210
252 4210
170 4210
157 4210
19 20
208 209
10 677
2 677
20 1547
11 1547
40 888
34 888
343 344
404 413
14 1012
26 1012
14 1012
267 269
465 467
500 504
554 1110
579 585
53 2128
43 2128
47 2128
952 960
1456 1483
1535 1536
1534 1536
1107 1110
39 1069
43 1069
26 1069
1013 1014
807 811
1109 1110
15 423
1 93
181 183
383 384
723 724
29 2375
31 2375
34 2375
172 178
393 788
783 788
786 788
785 788
393 788
2 788
0 788
393 788
784 788
202 203
218 226
128 4949
133 4949
124 4949
73 4949
84 4949
77 4949
74 4949
119 120
2126 2150
64 2150
65 2150
643 653
669 689
41 2955
33 2955
43 2955
29 2955
53 2955
36 2955
40 2955
1693 1695
438 439
438 439
216 225
2162 2163
2159 2163
516 13875
442 13875
490 13875
458 13875
479 13875
453 13875
510 13875
501 13875
491 13875
474 13875
6937 13875
489 13875
215 13875
465 13875
2338 2339
219 222
4 150
1134 1164
7 1164
5 1164
53 2347
50 2347
49 2347
51 2347
628 633
381 384
74 3126
1 3126
67 3126
78 3126
65 3126
72 3126
71 3126
18 1078
25 1078
19 1078
3 267
1925 1926
262 526
811 812
857 858
101 5657
100 5657
126 5657
92 5657
106 5657
74 5657
94 5657
139 5657
35 1042
422 423
6 218
85 172
1301 1307
510 1021
378 384
397 400
238 240
6 247
166 176
246 247
122 124
616 618
246 247
15 1708
18 1708
12 1708
16 1708
19 762
12 762
150 152
344 371
263 264
40 442
44 442
370 389
86 5642
83 5642
21 5642
5494 5642
69 5642
85 5642
5515 5642
410 416
111 223
85 86
21 543
1402 1403
1402 1403
678 679
2514 2517
86 87
344 689
326 336
88 89
146 153
701 1403
1956 1963
1854 1963
10 2002
14 2002
1997 2002
14 147
146 147
157 163
131 264
1537 1539
131 264
589 590
177 181
120 241
453 465
381 764
381 764
762 764
6 295
14 1652
17 1652
1958 1967
85 86
1109 1110
0 1183
17 1183
16 1183
875 876
388 389
35 1124
34 1124
1013 1014
24 961
25 961
21 961
520 526
2 359
1129 1130
253 257
1359 1386
841 842
520 1042
255 257
52 2403
2318 2403
33 2403
105 106
373 375
612 617
269 270
269 270
339 340
322 327
379 380
517 518
14 587
12 587
383 384
423 424
262 264
349 699
43 1317
41 1317
30 1317
119 120
592 594
537 538
602 603
1119 1130
343 344
119 240
1225 1241
119 122
851 855
15 1898
49 1898
50 1898
1 1898
381 384
8 17
912 914
776 777
81 163
190 4713
194 4713
177 4713
2356 4713
180 4713
192 4713
42 44
47 2150
44 2150
5 2150
13 2150
400 402
132 266
9 781
16 781
8 781
7 781
663 664
675 689
870 874
795 796
795 796
1421 1464
1461 1464
1457 1464
547 548
380 382
116 233
662 663
252 257
252 506
1010 1012
252 257
617 626
365 371
390 782
110 3816
123 3816
124 3816
118 3816
122 3816
94 3816
40 3816
339 340
36 1347
31 1347
148 149
553 554
10 364
6 364
147 295
217 435
694 695
26 1247
23 1247
422 423
909 914
264 265
16 631
22 631
185 186
517 518
85 171
255 511
415 431
19 2308
2 2308
2248 2303
2246 2303
7 145
11 145
3 145
465 467
258 518
404 405
316 318
421 423
322 324
388 389
168 8726
350 8726
0 8726
308 8726
148 8726
324 8726
403 8726
298 8726
281 8726
366 8726
134 8726
65 8726
71 8726
420 422
107 108
448 456
7 1036
6 1036
375 391
339 344
676 679
2 154
198 397
44 3066
43 3066
49 3066
12 1214
11 1214
1585 1595
1574 1595
756 764
456 457
6 368
3 376
208 209
208 209
18 1191
24 1191
590 592
371 378
70 141
387 389
443 446
259 264
525 526
1106 1110
6366 12734
510 12734
646 12734
562 12734
515 12734
507 12734
6366 12734
527 12734
626 12734
498 12734
529 12734
529 12734
396 12734
477 12734
512 12734
531 12734
503 12734
197 12734
202 203
87 89
652 653
292 295
840 841
440 441
383 384
862 876
40 1264
631 1264
1259 1264
403 404
1482 1483
1109 1110
294 590
588 590
259 264
106 107
1378 1386
142 148
44 89
841 842
459 461
4 669
5 669
730 737
349 699
10 423
10 737
106 107
105 107
147 148
456 473
69 2629
68 2629
72 2629
74 2629
382 384
22 1589
16 1589
19 1589
107 113
27 2696
24 2696
26 2696
746 774
661 664
493 987
48 987
49 987
67 4344
66 4344
46 4344
90 4344
47 4344
60 4344
65 4344
220 222
312 626
34 1376
22 1376
27 1376
33 1376
556 558
10 680
9 680
232 234
174 177
175 177
379 384
437 441
421 441
187 376
33 1511
32 1511
7 522
12 522
167 169
16 737
655 664
478 479
2237 2238
2212 2238
50 2238
2210 2238
1073 1074
733 737
759 762
1258 2517
393 788
2297 2300
2299 2300
758 762
611 618
182 183
269 270
554 558
248 252
275 295
30 1913
13 1913
643 656
25 656
28 656
239 240
414 423
381 764
364 373
0 446
355 357
421 423
623 632
589 590
280 562
227 456
8 9
293 587
551 562
1007 1014
773 774
403 404
565 567
1381 1407
593 594
2 690
3 690
249 250
122 127
294 295
11 2725
12 2725
13 2725
10 2725
14 2725
1 442
2 442
517 518
507 508
19 269
18 269
37 38
48 6094
47 6094
43 6094
38 6094
33 6094
1359 1370
35 2737
32 2737
1400 1409
262 526
232 465
338 339
11 960
9 960
359 382
291 295
403 404
430 431
1513 1536
611 615
841 844
302 308
502 504
556 560
1 730
0 730
761 764
0 1701
238 240
141 283
14 596
385 392
39 2339
34 2339
300 303
4 461
560 563
423 438
119 122
1 980
2 980
422 845
664 665
375 378
351 352
9 889
886 889
188 189
1 431
750 751
262 526
74 1955
69 1955
71 1955
67 1955
64 1955
65 1955
116 9453
8 9453
127 9453
132 9453
167 9453
72 9453
159 9453
131 9453
165 9453
134 9453
72 9453
136 9453
135 9453
130 9453
125 9453
63 3604
27 3604
27 3604
1801 3604
27 3604
85 2982
56 2982
86 2982
77 2982
54 2982
1149 1152
492 499
1 181
0 181
124 249
306 613
394 395
574 575
117 122
7 1114
15 1114
141 283
141 283
240 241
27 55
643 655
1 1887
0 1887
2 1887
339 7512
324 7512
292 7512
377 7512
138 7512
333 7512
334 7512
7261 7512
337 7512
449 7512
351 7512
315 7512
316 7512
373 7512
7486 7512
327 328
622 623
104 106
78 82
302 305
97 196
75 151
219 439
325 328
2029 2031
40 4370
43 4370
41 4370
38 4370
44 4370
37 4370
39 4370
42 4370
339 340
359 360
260 269
412 413
879 887
1 187
1 187
532 534
1515 1539
725 726
128 257
189 202
14 764
19 764
472 473
8 729
6 729
9 729
173 174
296 593
325 326
280 282
29 59
5 2849
4 2849
37 2849
15 2849
219 225
217 435
433 435
521 522
72 146
478 479
199 399
580 587
555 562
393 788
0 788
393 788
393 788
393 788
2 788
2 788
393 788
393 788
1 473
2 473
4 1528
6 1528
1894 1904
1895 1904
729 733
218 219
2320 2417
2395 2417
588 594
579 594
296 594
4 620
5 620
8 476
3 476
404 405
1686 1695
45 91
45 91
12 1223
13 1223
1222 1223
478 479
327 328
6 1879
4 1879
146 4834
37 4834
65 4834
95 4834
29 4834
76 4834
142 145
706 739
332 336
180 361
88 177
411 413
379 759
190 191
2 191
119 240
230 233
176 177
0 176
5 318
8 807
7 807
759 761
443 446
7 931
8 931
1062 1074
789 812
143 287
738 764
1042 1043
848 857
921 922
0 558
3 558
271 279
86 173
64 130
2 617
1 617
19 1707
16 1707
69 4275
70 4275
63 4275
78 4275
77 4275
18 1149
19 1149
20 1149
38 2971
36 2971
333 336
316 318
1014 1026
0 92
10 92
307 311
1 161
773 774
124 127
376 379
399 400
412 428
190 381
559 562
492 497
391 393
271 279
322 323
197 395
216 223
361 362
505 509
2433 2434
707 716
377 388
18 233
483 484
483 484
483 484
1074 1075
1074 1075
1074 1075
1073 1075
58 118
112 114
421 844
831 844
301 306
8 1742
13 1742
14 1742
440 441
654 655
757 764
499 509
1868 3737
55 3737
50 3737
51 3737
554 562
1090 2181
330 338
39 40
377 379
401 405
449 474
2 98
1124 1143
183 368
349 699
341 343
123 126
31 1644
30 1644
8 767
2 767
383 767
9 20
154 310
353 354
58 61
290 297
363 727
394 395
1580 1618
3 233
190 381
467 473
108 217
150 152
383 768
170 171
560 567
300 301
454 461
393 788
2 788
393 788
393 788
393 788
0 788
0 788
393 788
393 788
404 405
652 653
69 139
323 324
971 973
1385 1386
629 633
655 664
808 1618
394 395
293 295
171 344
223 230
1109 2219
381 385
514 527
1924 1926
1910 1926
544 548
914 919
697 699
468 472
324 327
14 821
12 821
13 821
525 526
565 567
14 1012
14 1012
22 1012
555 562
369 739
1 266
113 227
240 241
610 635
386 391
4 177
403 407
429 435
532 535
516 527
370 371
364 371
239 240
56 57
148 297
261 262
360 361
1278 1312
83 84
271 287
508 509
572 585
591 592
405 812
1169 2339
144 290
947 948
937 948
447 448
486 973
359 360
8 389
1610 1646
44 2101
45 2101
35 2101
0 2101
875 876
460 472
132 265
773 777
501 502
68 137
104 209
143 144
182 183
367 370
67 135
2 120
7 962
360 721
113 114
3215 3218
1723 1747
225 231
2 1110
0 153
289 290
395 397
323 325
159 319
190 382
74 5267
73 5267
79 5267
86 5267
63 5267
71 5267
3 5267
40 5267
88 5267
83 5267
72 5267
92 5267
69 5267
40 5267
3 1034
5 1034
11 2191
10 2191
123 247
123 247
1407 1416
513 1027
0 319
1016 1042
0 384
162 163
10 127
4 484
899 900
543 544
132 265
367 368
920 930
14 2416
13 2416
15 2416
904 919
406 407
381 382
246 247
232 233
20 1183
17 1183
18 1183
1184 1185
376 382
338 340
9 3763
10 3763
175 177
469 477
140 141
241 242
7 295
6 295
394 395
307 615
307 308
4 1695
509 511
2 227
240 257
2293 2339
394 395
357 359
756 761
256 257
175 176
334 336
2 195
362 365
239 240
227 230
195 196
332 338
1084 1116
1083 1116
1123 1124
296 300
1604 1623
452 906
28 57
187 188
1055 1057
223 233
720 721
316 318
734 735
349 699
437 446
307 310
163 165
232 465
1128 1130
339 679
391 392
173 348
47 1898
44 1898
457 472
52 950
57 950
55 950
190 191
1670 1695
323 324
281 282
860 861
1688 1695
179 360
946 960
379 388
1698 1701
34 453
33 453
246 247
449 461
293 295
1040 1042
274 549
159 319
1068 1110
9 2517
4 866
3 866
139 141
383 387
23 48
19 1791
15 1791
506 511
270 275
142 286
422 423
2 191
946 950
254 509
860 861
10 364
2 364
377 378
3650 3651
10 364
1 364
1 298
654 679
653 654
176 177
9 605
387 392
391 392
565 569
42 43
405 414
271 272
324 327
16 2050
15 2050
14 2050
616 617
926 927
8 1268
3 1268
2 1268
706 1413
78 157
306 317
788 790
394 790
811 812
538 1077
581 584
280 562
1359 1360
1660 1695
202 405
293 587
126 127
15 1592
16 1592
12 1719
14 1719
13 1719
18 548
16 548
97 195
350 352
1 1043
20 2703
20 2703
59 2703
20 2703
582 1165
392 395
28 1323
29 1323
26 1323
25 1323
27 1323
117 118
159 165
662 663
442 451
1533 1536
22 1526
22 1526
22 1526
115 116
163 327
586 587
138 139
322 325
1256 1288
115 116
119 240
215 217
355 712
1340 1386
2338 2339
2398 2517
190 381
141 284
172 183
147 295
2516 2517
2299 2339
447 465
238 247
2468 2517
54 55
280 281
0 247
1359 1360
460 461
1880 3761
588 590
585 594
366 378
1520 1539
107 108
2168 4338
775 1552
149 152
643 646
301 306
653 657
655 657
1033 1042
210 421
1004 1042
221 222
1033 1034
269 270
6 1104
484 486
501 502
56 57
407 816
2336 2365
536 1074
186 187
30 2236
27 2236
23 2236
21 2236
404 405
2 1110
494 497
110 222
119 120
150 151
1391 1392
229 230
84 86
77 78
1169 2339
8 9
1001 1021
0 318
304 308
268 279
760 762
87 88
717 721
7 1027
499 500
88 89
85 86
158 159
1 733
710 725
275 276
496 497
1129 1130
4 456
651 654
776 777
52 53
337 340
237 475
141 142
685 694
40 41
89 90
586 588
587 588
587 588
213 214
66 67
582 588
322 327
340 342
587 588
96 193
160 161
44 90
584 588
40 41
310 322
25 718
141 142
550 567
587 588
56 113
119 120
586 588
5 567
293 588
587 588
482 483
586 588
212 218
585 588
278 282
280 282
293 588
108 218
313 327
11 24
15 274
7 274
213 214
138 142
88 90
44 90
7 228
2 567
227 229
562 567
342 343
227 228
7 327
42 43
384 386
346 694
113 228
29 475
2 588
237 475
938 946
474 475
566 567
5 457
319 327
482 483
342 343
115 116
473 475
113 228
340 342
163 327
279 560
225 229
98 99
587 588
21 43
21 43
167 168
139 141
477 483
7 16
587 588
379 386
331 334
293 588
293 588
585 588
293 588
89 90
587 588
270 271
585 588
384 386
66 67
279 560
170 342
453 454
585 588
582 588
206 211
346 694
692 694
226 228
325 327
585 588
751 752
52 53
227 229
587 588
40 41
373 374
333 334
566 588
472 475
108 110
228 229
57 58
580 588
141 142
152 153
13 334
115 116
58 118
587 588
379 386
325 327
141 142
220 228
77 156
14 588
587 588
322 327
171 343
76 153
459 475
587 588
98 99
587 588
585 588
286 574
693 694
89 90
691 694
53 56
279 560
6 342
160 322
749 752
586 588
321 327
190 193
446 454
341 342
66 67
326 327
587 588
228 229
341 342
66 67
1336 2673
210 211
480 483
326 327
227 228
4 33
480 962
1518 1539
124 125
119 120
39 80
815 816
553 554
175 176
405 406
65 66
467 473
976 977
839 844
289 290
497 502
87 88
137 275
146 147
5 515
1194 1205
1402 1403
1689 1695
2 605
569 605
27 1347
35 1347
1513 1516
0 295
472 473
57 59
16 1021
772 788
113 228
1081 1110
87 88
765 768
470 476
336 337
339 340
1690 1695
124 127
305 308
377 378
240 241
448 452
283 284
6 1900
12 1900
22 3101
23 3101
5 6
215 218
661 664
157 158
422 423
23 951
931 951
622 623
398 399
1576 1577
277 278
212 214
2099 2150
2097 2150
144 145
1 404
0 1074
332 336
361 362
589 594
215 216
420 439
526 527
1385 1386
637 639
760 762
623 625
624 625
724 725
394 395
1035 1036
1034 1042
2 393
1536 1539
367 368
1538 1539
58 117
619 632
1041 1042
258 518
566 567
449 452
1070 1071
346 347
300 303
119 120
268 270
2161 2237
2235 2237
37 2237
42 2237
2137 2237
232 233
775 1552
408 409
1226 1230
0 1230
845 853
399 400
125 126
444 446
428 857
972 973
4 274
5 274
10 3390
3352 3390
11 3390
30 3390
583 584
888 890
625 626
107 216
6 1346
240 247
143 287
39 79
195 196
182 191
222 7353
398 7353
113 7353
227 7353
218 7353
213 7353
396 7353
378 7353
383 7353
7331 7353
308 7353
324 7353
394 7353
293 7353
403 7353
298 7353
140 141
34 2466
33 2466
32 2466
30 2466
1387 1456
162 10604
176 10604
285 10604
226 10604
81 10604
180 10604
140 10604
146 10604
182 10604
81 10604
147 10604
151 10604
199 10604
175 10604
259 10604
81 10604
31 1655
34 1655
402 407
14 1162
0 1162
19 1162
13 1162
6 479
611 623
86 87
561 564
195 391
294 295
584 590
507 508
847 1695
23 47
393 788
2 788
393 788
6 788
393 788
0 788
2 788
393 788
393 788
229 230
736 739
2 436
1694 1695
246 247
625 626
566 567
57 115
23 48
343 344
671 684
381 764
577 582
1055 1072
17 1862
21 1862
363 369
875 876
624 625
228 233
2 937
10 937
2 937
227 230
420 421
266 272
214 218
790 812
822 826
918 919
880 887
1070 1072
2334 2339
14 958
11 958
17 1623
140 141
791 792
798 811
5 2330
7 2330
237 247
966 974
117 120
0 182
0 423
1965 1967
29 30
383 384
540 549
1151 1153
487 497
184 188
497 498
2 157
3 157
2282 2339
949 950
56 57
2 135
471 473
957 962
447 448
1 163
5 414
3 1161
12 1161
11 1161
0 117
94 96
1402 1403
7 1346
138 139
47 1110
472 473
6 318
4 318
684 700
161 162
1947 1967
1536 1539
1526 1539
105 106
52 5662
48 5662
47 5662
48 5662
50 5662
1535 1536
1533 1536
13 625
21 2565
20 2565
30 2565
24 2565
18 2565
23 2565
873 1747
372 384
91 183
11 1249
28 1249
85 87
811 812
743 746
32 2128
24 2128
27 2128
469 473
66 67
123 124
175 178
760 764
377 379
2384 2396
2385 2396
2393 2396
25 890
887 890
24 890
37 38
28 2407
21 2407
29 2407
12 2407
729 735
3 581
2 581
0 385
0 385
611 615
136 139
634 641
442 448
7 1064
23 1064
2218 2225
88 89
940 941
1 89
1416 1419
448 452
78 80
547 554
88 89
1293 1294
1282 1294
190 381
121 1948
120 1948
134 1948
140 1948
959 962
447 448
349 352
136 137
593 594
11 1708
7 1708
143 287
24 25
796 816
625 626
89 90
2290 2339
1535 1536
229 233
0 69
314 319
793 796
441 446
526 527
141 142
1 369
148 153
589 590
384 385
206 413
1 446
10 2395
14 2395
396 404
295 592
28 2163
18 2163
6 2163
27 55
17 191
29 2423
21 2423
42 2423
343 344
193 196
446 452
701 1403
20 1205
11 1205
1002 1014
293 294
445 448
85 86
394 395
843 844
843 844
151 303
1331 1360
802 812
106 107
561 562
477 479
466 467
1729 1733
1641 1733
1636 1733
78 80
736 739
445 446
123 247
388 389
732 733
213 215
282 295
422 431
174 175
128 130
186 187
133 135
283 284
347 371
329 330
12 1724
8 1724
10 1724
547 549
894 919
569 1139
6 896
7 896
424 437
51 103
263 264
258 261
257 264
647 648
1539 1577
15 1501
16 1501
17 1501
308 617
1610 1618
284 285
493 504
114 115
47 48
239 247
723 737
218 223
508 509
4 311
593 594
238 477
344 345
732 733
13 789
11 789
604 605
1745 1747
345 347
31 1511
34 1511
361 362
144 147
305 307
137 139
136 139
381 382
882 1766
393 788
784 788
786 788
785 788
393 788
2 788
1 788
393 788
783 788
20 694
2 694
4 307
173 174
361 371
538 1077
535 537
88 178
98 103
288 290
31 3159
30 3159
29 3159
1306 1331
24 50
715 716
507 508
28 1909
28 1909
28 1909
1601 1618
1614 1618
383 384
383 384
0 102
90 94
580 585
5 474
267 535
260 261
294 295
168 169
147 148
180 183
870 876
732 733
22 1787
37 1787
1743 1787
611 617
8 1553
13 1553
502 504
336 343
621 632
126 127
503 504
1081 1083
63 65
1132 1144
177 178
171 172
119 240
215 431
904 919
496 498
6 1618
1470 1475
183 368
3 26
20 1965
18 1965
15 1965
16 1965
14 1965
6 1965
124 125
171 175
27 55
2 379
228 229
2 229
229 230
1040 1042
339 344
10 323
745 746
875 876
477 479
402 406
494 504
168 171
562 575
749 764
22 1913
23 1913
1056 1057
259 269
164 173
171 344
5 772
240 242
1694 1695
1682 1695
378 382
763 764
174 175
93 94
810 811
393 394
1274 1287
0 176
138 139
305 310
359 360
227 230
810 811
378 381
15 1129
17 1129
14 1129
630 638
1070 1071
48 1410
13 1410
58 1410
810 811
496 497
18 37
284 285
304 305
252 256
359 360
116 233
616 623
1034 1061
259 260
451 452
562 563
589 592
142 144
163 327
606 617
13 337
12 362
5929 5976
180 5976
228 5976
172 5976
257 5976
222 5976
247 5976
227 5976
225 5976
1066 1075
378 379
653 661
161 162
2491 2517
430 431
98 100
1385 1386
842 850
493 511
404 405
8 1102
6 1102
1 370
3 196
360 361
840 841
682 698
123 124
289 290
108 218
423 439
217 229
348 349
0 89
359 360
324 333
332 333
525 526
121 122
411 412
97 196
860 874
0 247
891 896
2 338
1 338
139 142
1771 1779
889 1779
1775 1779
889 1779
1237 1238
872 876
30 1853
27 1853
27 1853
584 592
561 564
86 173
1531 1539
157 158
804 812
576 584
304 328
261 262
14 816
86 99
397 796
403 404
5 146
341 345
463 464
113 228
270 274
459 919
501 502
1109 1110
117 122
441 446
517 518
0 141
584 585
560 561
2793 2808
1356 1357
707 1416
200 204
96 100
281 563
281 564
472 473
1098 1110
338 339
163 327
306 308
147 295
585 587
19 777
21 558
74 149
104 209
265 279
951 962
24 3095
22 3095
27 3095
30 1617
28 1617
35 1617
31 1617
315 318
319 327
47 1767
41 1767
46 1767
53 1767
239 240
1 1071
521 522
1606 1618
2 465
0 465
464 465
