373 384
10 375
19 392
8 576
12 576
759 776
752 776
493 511
10 2287
19 2287
10 745
1 745
10 914
11 338
7 448
2 691
3 691
2 183
40 914
19 1155
38 1155
577 1155
7 1155
10 1155
1318 1370
24 1623
285 7389
148 7389
133 7389
128 7389
129 7389
181 7389
163 7389
112 7389
426 7389
272 7389
114 7389
19 2339
5 615
36 1288
5 176
16 1265
5 1265
11 1265
137 150
3 79
30 1983
29 1983
21 1983
17 1983
5 269
372 397
40 1208
52 1208
29 1208
1393 1474
236 240
4 448
17 558
4 1113
2 1113
5 79
13 305
392 400
3 388
6 590
13 1483
146 152
1 152
4 796
1533 1536
5 805
264 276
327 328
48 1267
52 1267
47 1267
20 1267
42 1267
521 522
190 198
3 1013
2 1013
3 152
17 1303
9 1008
13 1008
3 327
538 562
11 737
15 737
4 264
171 175
38 44
0 89
18 1913
21 1913
6 1539
938 973
43 855
286 301
159 7645
468 7645
453 7645
273 7645
124 7645
410 7645
470 7645
438 7645
449 7645
376 7645
255 7645
326 7645
206 7645
330 7645
209 7645
303 7645
259 7645
291 7645
134 7645
252 7645
9305 9306
193 9306
419 9306
543 9306
562 9306
454 9306
680 9306
805 9306
329 9306
9293 9306
499 9306
549 9306
530 9306
605 9306
634 9306
444 9306
522 9306
227 9306
113 3760
161 3760
164 3760
201 3760
154 3760
108 3760
118 3760
178 3760
26 689
1 295
28 1454
33 1454
34 1454
27 1454
6 626
0 203
3 405
23 794
25 794
2 844
328 657
8 1110
138 150
3 1071
3 812
3 812
0 422
18 896
359 395
29 2339
3 135
9 324
8 721
72 79
195 204
6 811
9 368
12 380
12 380
0 384
150 152
97 98
7 68
5 446
12 777
12 777
11 884
14 884
1467 1514
843 876
0 348
0 169
22 663
17 663
284 303
11 240
18 441
1413 1474
702 733
7 1077
2 404
1 973
1 138
29 1618
6 567
16 876
1 176
37 2150
71 2150
13 876
290 311
18 1597
16 1597
19 1597
24 1597
617 618
4 98
3 184
29 776
34 776
9 497
4 57
373 392
36 670
30 670
378 392
12 511
229 247
859 876
342 344
43 965
1537 1539
1 509
6 215
12 176
5 215
6 215
1327 1386
3 283
7 764
9 465
2 792
493 10782
551 10782
528 10782
356 10782
379 10782
569 10782
607 10782
311 10782
471 10782
387 10782
516 10782
594 10782
642 10782
622 10782
581 10782
401 10782
418 10782
438 10782
503 10782
520 10782
375 10782
391 10782
550 10782
526 10782
516 10782
462 10782
4 224
719 767
11 144
530 540
19 2510
17 2510
244 269
5 269
11 1269
8 1269
3 919
6 782
4 448
1 931
2 931
2 247
4 89
32 2038
3 2038
7 2038
3 446
27 737
19 1898
31 1898
577 584
1305 1360
24 2257
13 2257
35 1695
87 2339
19 1072
4 746
8 746
15 2150
30 2150
73 3410
11 3410
83 3410
717 746
16 2150
35 2150
14 764
9 746
3 456
554 590
39 2449
48 2449
172 191
13 777
1 266
19 1027
950 976
11 976
16 3000
70 3000
13 3000
88 3000
20 3000
59 3000
6 202
2 456
8 777
4 381
5 295
4 186
425 441
1 94
33 68
5 287
11 240
70 142
239 240
608 655
10 1197
14 2831
8 2831
23 2831
17 2831
9 1331
75 4210
79 4210
135 4210
82 4210
90 4210
126 4210
137 4210
93 4210
106 4210
206 4210
228 4210
19 20
2 209
8 677
2 677
4 1547
5 1547
24 888
26 888
332 344
3 413
14 1012
17 1012
14 1012
7 269
12 467
4 504
1046 1110
5 585
31 2128
24 2128
21 2128
13 960
11 1483
27 1536
11 1536
1031 1110
16 1069
25 1069
28 1069
12 1014
24 811
1050 1110
17 423
1 93
181 183
4 384
7 724
15 2375
17 2375
19 2375
170 178
772 788
4 788
5 788
6 788
732 788
1 788
0 788
782 788
7 788
0 203
220 226
59 4949
70 4949
78 4949
99 4949
109 4949
43 4949
36 4949
3 120
50 2150
37 2150
28 2150
4 653
36 689
32 2955
14 2955
28 2955
12 2955
85 2955
37 2955
18 2955
10 1695
0 439
4 439
224 225
5 2163
4 2163
192 13875
236 13875
160 13875
136 13875
111 13875
170 13875
251 13875
244 13875
255 13875
252 13875
13101 13875
339 13875
247 13875
225 13875
34 2339
6 222
3 150
11 1164
4 1164
1 1164
0 2347
4 2347
1 2347
3 2347
2 633
9 384
45 3126
33 3126
54 3126
26 3126
25 3126
36 3126
35 3126
12 1078
14 1078
5 1078
5 267
20 1926
506 526
765 812
16 858
35 5657
36 5657
57 5657
2 5657
40 5657
0 5657
29 5657
5629 5657
30 1042
421 423
4 218
158 172
8 1307
27 1021
15 384
373 400
233 240
5 247
1 176
7 247
8 124
607 618
237 247
8 1708
10 1708
1 1708
7 1708
10 762
9 762
1 152
357 371
7 264
32 442
45 442
4 389
94 5642
65 5642
42 5642
148 5642
48 5642
68 5642
104 5642
2 416
222 223
85 86
35 543
13 1403
17 1403
18 679
60 2517
83 87
670 689
12 336
6 89
3 153
1338 1403
63 1963
69 1963
7 2002
6 2002
126 2002
139 147
11 147
149 163
261 264
1502 1539
259 264
540 590
0 181
231 241
2 465
32 764
34 764
19 764
7 295
8 1652
9 1652
11 1967
78 86
19 1110
13 1183
8 1183
12 1183
3 876
376 389
24 1124
17 1124
28 1014
14 961
23 961
9 961
4 526
2 359
1039 1130
4 257
1349 1386
783 842
1041 1042
5 257
34 2403
53 2403
30 2403
98 106
10 375
22 617
30 270
26 270
332 340
8 327
12 380
25 518
8 587
7 587
10 384
1 424
11 264
19 699
21 1317
29 1317
18 1317
6 120
29 594
3 538
0 603
10 1130
2 344
238 240
1 1241
119 122
20 855
28 1898
29 1898
21 1898
18 1898
14 384
16 17
904 914
4 777
157 163
80 4713
83 4713
81 4713
302 4713
78 4713
92 4713
42 44
32 2150
25 2150
3 2150
2 2150
14 402
244 266
5 781
7 781
4 781
9 781
637 664
35 689
10 874
774 796
11 796
1392 1464
35 1464
80 1464
6 548
11 382
232 233
7 663
8 257
501 506
6 1012
5 257
6 626
2 371
742 782
51 3816
97 3816
47 3816
44 3816
85 3816
58 3816
65 3816
13 340
16 1347
2 1347
1 149
8 554
7 364
4 364
292 295
424 435
21 695
7 1247
3 1247
8 423
11 914
7 265
10 631
19 631
6 186
16 518
165 171
493 511
20 431
8 2308
13 2308
13 2303
22 2303
10 145
14 145
2 145
450 467
511 518
3 405
298 318
401 423
7 324
10 389
113 8726
248 8726
105 8726
175 8726
382 8726
276 8726
246 8726
192 8726
262 8726
311 8726
69 8726
211 8726
102 8726
0 422
1 108
12 456
0 1036
2 1036
377 391
2 344
13 679
2 154
198 397
21 3066
24 3066
148 3066
6 1214
7 1214
31 1595
37 1595
737 764
1 457
5 368
2 376
9 209
207 209
2 1191
0 1191
581 592
7 378
137 141
386 389
434 446
253 264
11 526
1080 1110
6366 12734
338 12734
489 12734
307 12734
450 12734
443 12734
6366 12734
385 12734
411 12734
492 12734
261 12734
261 12734
209 12734
248 12734
354 12734
549 12734
226 12734
271 12734
7 203
84 89
1 653
290 295
1 841
2 441
375 384
827 876
39 1264
1241 1264
1168 1264
5 404
6 1483
3 1110
589 590
37 590
7 264
0 107
1317 1386
1 148
88 89
8 842
446 461
1 669
4 669
704 737
697 699
11 423
14 737
0 107
0 107
11 148
0 473
42 2629
44 2629
41 2629
48 2629
13 384
6 1589
8 1589
7 1589
4 113
10 2696
11 2696
15 2696
3 774
32 664
973 987
36 987
45 987
49 4344
39 4344
15 4344
78 4344
33 4344
44 4344
36 4344
204 222
622 626
23 1376
6 1376
13 1376
20 1376
14 558
9 680
11 680
3 234
1 177
173 177
14 384
24 441
30 441
3 376
27 1511
28 1511
8 522
9 522
0 169
9 737
32 664
9 479
47 2238
2196 2238
23 2238
30 2238
22 1074
18 737
4 762
2516 2517
766 788
70 2300
41 2300
717 762
16 618
2 183
28 270
11 558
6 252
6 295
6 1913
28 1913
645 656
15 656
25 656
237 240
8 423
667 764
363 373
0 446
2 357
13 423
1 632
25 590
556 562
446 456
0 9
293 587
560 562
12 1014
3 774
5 404
2 567
35 1407
17 594
0 690
1 690
7 250
122 127
294 295
8 2725
7 2725
9 2725
5 2725
6 2725
0 442
1 442
28 518
1 508
0 269
1 269
0 38
22 6094
24 6094
18 6094
14 6094
11 6094
1283 1370
37 2737
14 2737
1399 1409
523 526
458 465
3 339
9 960
5 960
6 382
5 295
8 404
2 431
2 1536
5 615
4 844
9 308
8 504
6 560
1 730
0 730
1 764
0 1701
239 240
257 283
573 596
380 392
19 2339
11 2339
1 303
0 461
556 563
4 438
4 122
0 980
1 980
832 845
9 665
4 378
1 352
15 889
4 889
3 189
1 431
4 751
507 526
56 1955
52 1955
62 1955
60 1955
44 1955
51 1955
35 9453
48 9453
47 9453
88 9453
104 9453
55 9453
90 9453
57 9453
86 9453
54 9453
63 9453
60 9453
77 9453
45 9453
100 9453
31 3604
22 3604
23 3604
1801 3604
24 3604
42 2982
56 2982
48 2982
46 2982
37 2982
22 1152
1 499
1 181
0 181
246 249
604 613
15 395
9 575
2 122
8 1114
5 1114
141 283
141 283
0 241
27 55
5 655
9 1887
5 1887
0 1887
333 7512
253 7512
356 7512
241 7512
95 7512
242 7512
326 7512
414 7512
249 7512
413 7512
313 7512
352 7512
286 7512
172 7512
690 7512
14 328
7 623
2 106
3 82
9 305
182 196
75 151
6 439
2 328
1979 2031
23 4370
27 4370
22 4370
20 4370
21 4370
25 4370
18 4370
26 4370
0 340
0 360
3 269
1 413
830 887
1 187
0 187
7 534
15 1539
5 726
250 257
6 202
10 764
16 764
3 473
7 729
6 729
8 729
3 174
576 593
3 326
3 282
55 59
27 2849
0 2849
26 2849
24 2849
20 225
412 435
411 435
6 522
135 146
37 479
378 399
7 587
5 562
785 788
5 788
773 788
772 788
393 788
1 788
0 788
393 788
777 788
1 473
2 473
2 1528
1 1528
10 1904
11 1904
2 733
211 219
108 2417
89 2417
518 594
13 594
591 594
4 620
5 620
7 476
4 476
3 405
7 1695
84 91
82 91
9 1223
5 1223
23 1223
13 479
2 328
1 1879
6 1879
89 4834
53 4834
91 4834
112 4834
43 4834
98 4834
1 145
20 739
13 336
354 361
167 177
5 413
750 759
2 191
1 191
227 240
6 233
2 177
0 176
4 318
6 807
4 807
723 761
4 446
1 931
3 931
26 1074
2 812
283 287
14 764
18 1043
6 857
4 922
8 558
4 558
0 279
86 173
119 130
0 617
1 617
10 1707
5 1707
39 4275
35 4275
31 4275
42 4275
38 4275
4 1149
11 1149
12 1149
5 2971
11 2971
319 336
317 318
34 1026
4 92
3 92
3 311
1 161
6 774
8 127
362 379
0 400
380 428
370 381
546 562
481 497
376 393
6 279
13 323
3 395
3 223
7 362
10 509
10 2434
11 716
3 388
17 233
3 484
11 484
9 484
19 1075
19 1075
27 1075
1019 1075
113 118
0 114
812 844
35 844
4 306
16 1742
4 1742
3 1742
438 441
11 655
13 764
18 509
1868 3737
24 3737
19 3737
21 3737
4 562
1090 2181
6 338
3 40
9 379
5 405
7 474
3 98
9 1143
183 368
672 699
316 343
11 126
21 1644
26 1644
3 767
1 767
383 767
9 20
286 310
2 354
4 61
4 297
363 727
371 395
1558 1618
4 233
190 381
1 473
205 217
2 152
747 768
0 171
0 567
0 301
1 461
393 788
8 788
764 788
762 788
393 788
1 788
0 788
393 788
765 788
3 405
11 653
3 139
1 324
22 973
16 1386
3 633
19 664
1576 1618
17 395
3 295
331 344
7 230
1109 2219
2 385
3 527
1818 1926
1862 1926
5 548
0 919
28 699
417 472
6 327
7 821
6 821
5 821
4 526
1 567
16 1012
15 1012
20 1012
539 562
695 739
3 266
219 227
0 241
44 635
2 391
3 177
381 407
6 435
0 535
499 527
365 371
355 371
235 240
7 57
148 297
247 262
3 361
17 1312
2 84
7 287
19 509
5 585
13 592
744 812
2292 2339
6 290
11 948
3 948
2 448
965 973
3 360
7 389
6 1646
37 2101
36 2101
26 2101
32 2101
6 876
438 472
259 265
9 777
7 502
5 137
199 209
10 144
1 183
5 370
134 135
1 120
3 962
664 721
1 114
6 3218
16 1747
0 231
3 1110
0 153
2 290
6 397
9 325
6 319
365 382
8 5267
52 5267
43 5267
37 5267
6 5267
47 5267
4 5267
19 5267
58 5267
61 5267
46 5267
57 5267
32 5267
36 5267
1 1034
4 1034
4 2191
7 2191
2 247
4 247
13 1416
948 1027
0 319
0 1042
0 384
2 163
9 127
2 484
1 900
1 544
228 265
6 368
0 930
6 2416
7 2416
11 2416
4 919
7 407
2 382
4 247
4 233
9 1183
10 1183
11 1183
5 1185
3 382
2 340
6 3763
5 3763
174 177
476 477
121 141
22 242
5 295
4 295
381 395
593 615
1 308
4 1695
475 511
2 227
256 257
48 2339
11 395
1 359
735 761
14 257
172 176
325 336
1 195
4 365
237 240
3 230
180 196
321 338
26 1116
19 1116
4 1124
1 300
20 1623
890 906
53 57
179 188
5 1057
0 233
4 721
276 318
690 735
698 699
2 446
9 310
1 165
463 465
17 1130
609 679
4 392
332 348
24 1898
20 1898
3 472
42 950
51 950
35 950
171 191
2 1695
4 324
1 282
5 861
19 1695
350 360
898 960
4 388
15 1701
23 453
14 453
2 247
442 461
284 295
19 1042
7 549
312 319
4 1110
6 2517
3 866
2 866
1 141
3 387
23 48
11 1791
7 1791
14 511
4 275
285 286
402 423
172 191
8 950
507 509
1 861
6 364
7 364
3 378
6 3651
6 364
8 364
0 298
12 679
21 654
6 177
6 605
4 392
4 392
5 569
0 43
383 414
254 272
3 327
12 2050
11 2050
10 2050
2 617
10 927
5 1268
6 1268
7 1268
13 1413
154 157
12 317
744 790
394 790
9 812
1028 1077
6 584
559 562
1273 1360
14 1695
392 405
586 587
118 127
8 1592
9 1592
0 1719
4 1719
1 1719
14 548
12 548
194 195
2 352
0 1043
32 2703
34 2703
23 2703
24 2703
1162 1165
380 395
19 1323
25 1323
23 1323
1268 1323
18 1323
113 118
2 165
12 663
5 451
58 1536
28 1526
9 1526
19 1526
2 116
306 327
3 587
0 139
5 325
2 1288
3 116
224 240
1 217
355 712
40 1386
2219 2339
5 2517
360 381
275 284
5 183
275 295
2502 2517
6 2339
14 465
235 247
35 2517
4 55
4 281
0 247
1268 1360
434 461
3731 3761
546 590
10 594
14 378
1538 1539
10 108
4192 4338
1508 1552
3 152
1 646
9 306
31 657
60 657
45 1042
210 421
10 1042
216 222
7 1034
1 270
17 1104
1 486
10 502
2 57
801 816
2318 2365
1047 1074
0 187
22 2236
20 2236
19 2236
7 2236
402 405
9 1110
493 497
209 222
0 120
4 151
4 1392
4 230
82 86
5 78
2223 2339
0 9
17 1021
5 318
2 308
0 279
3 762
3 88
9 721
1 1027
15 500
3 89
81 86
155 159
1 733
13 725
7 276
3 497
6 1130
2 456
3 654
4 777
1 53
0 340
453 475
141 142
666 694
6 41
5 90
563 588
15 588
4 588
5 214
63 67
9 588
6 327
323 342
5 588
183 193
3 161
87 90
585 588
6 41
12 322
7 718
134 142
17 567
10 588
4 113
4 120
27 588
5 567
9 588
569 588
469 483
30 588
2 218
557 588
280 282
9 282
15 588
212 218
7 327
23 24
14 274
11 274
7 214
1 142
6 90
44 90
3 228
3 567
3 229
563 567
12 343
215 228
304 327
3 43
17 386
686 694
214 228
23 475
15 588
454 475
26 946
5 475
0 567
1 457
11 327
18 483
14 343
1 116
10 475
223 228
334 342
325 327
554 560
3 229
8 99
561 588
7 43
41 43
3 168
12 141
3 483
15 16
22 588
10 386
317 334
559 588
561 588
577 588
565 588
7 90
572 588
257 271
15 588
361 386
66 67
279 560
337 342
441 454
13 588
9 588
4 211
671 694
11 694
219 228
308 327
12 588
30 752
5 53
1 229
31 588
39 41
7 374
9 334
3 588
448 475
105 110
1 229
1 58
571 588
2 142
6 153
13 334
3 116
114 118
560 588
385 386
19 327
4 142
9 228
154 156
4 588
16 588
6 327
342 343
147 153
16 475
20 588
9 99
10 588
12 588
559 574
653 694
3 90
19 694
0 56
546 560
7 342
301 322
12 752
11 588
16 327
2 193
14 454
324 342
2 67
19 327
22 588
6 229
333 342
66 67
49 2673
3 211
14 483
16 327
5 228
3 33
940 962
12 1539
12 125
0 120
74 80
12 816
8 554
4 176
16 406
0 66
0 473
7 977
6 844
1 290
458 502
3 88
6 275
3 147
5 515
2 1205
1377 1403
7 1695
6 605
5 605
13 1347
15 1347
34 1516
7 295
3 473
3 59
6 1021
785 788
113 228
5 1110
3 88
3 768
5 476
335 337
0 340
1550 1695
5 127
2 308
359 378
0 241
10 452
2 284
7 1900
10 1900
18 3101
17 3101
0 6
5 218
39 664
3 158
0 423
13 951
22 951
1 623
16 399
1494 1577
1 278
210 214
23 2150
39 2150
143 145
1 404
16 1074
10 336
8 362
1 594
4 216
0 439
507 527
22 1386
594 639
14 762
5 625
6 625
695 725
11 395
14 1036
36 1042
2 393
8 1539
338 368
14 1539
58 117
606 632
29 1042
517 518
1 567
2 452
3 1071
1 347
9 303
0 120
29 270
18 2237
53 2237
25 2237
14 2237
26 2237
2 233
1470 1552
0 409
9 1230
0 1230
35 853
2 400
1 126
433 446
13 857
2 973
3 274
2 274
14 3390
28 3390
16 3390
12 3390
1 584
872 890
5 626
215 216
15 1346
5 247
286 287
75 79
1 196
174 191
167 7353
177 7353
57 7353
383 7353
138 7353
53 7353
153 7353
139 7353
213 7353
414 7353
241 7353
126 7353
270 7353
107 7353
174 7353
137 7353
5 141
12 2466
19 2466
18 2466
17 2466
1 1456
207 10604
104 10604
241 10604
93 10604
120 10604
282 10604
128 10604
125 10604
171 10604
196 10604
73 10604
70 10604
185 10604
111 10604
140 10604
153 10604
18 1655
15 1655
1 407
7 1162
10 1162
3 1162
5 1162
6 479
573 623
2 87
540 564
390 391
0 295
1 590
1 508
1638 1695
46 47
782 788
762 788
777 788
767 788
778 788
3 788
0 788
765 788
779 788
3 230
1 739
1 436
26 1695
0 247
574 626
13 567
111 115
44 48
9 344
3 684
25 764
3 582
2 1072
4 1862
6 1862
13 369
20 876
4 625
1 233
4 937
6 937
15 937
6 230
1 421
266 272
4 218
1 812
10 826
28 919
1 887
16 1072
2145 2339
10 958
9 958
14 1623
8 141
4 792
4 811
2 2330
3 2330
246 247
23 974
119 120
0 182
0 423
8 1967
2 30
8 384
5 549
1126 1153
0 497
1 188
486 498
7 157
6 157
14 2339
16 950
3 57
0 135
16 473
2 962
2 448
1 163
4 414
2 1161
6 1161
4 1161
0 117
1 96
1382 1403
1295 1346
4 139
53 1110
21 473
4 318
303 318
2 700
156 162
1 1967
5 1539
6 1539
2 106
23 5662
25 5662
19 5662
21 5662
20 5662
24 1536
1502 1536
13 625
20 2565
17 2565
21 2565
14 2565
16 2565
15 2565
1715 1747
14 384
4 183
12 1249
17 1249
83 87
27 812
741 746
6 2128
0 2128
3 2128
5 473
3 67
116 124
1 178
4 764
5 379
6 2396
0 2396
1 2396
7 890
27 890
13 890
7 38
9 2407
4 2407
3 2407
18 2407
3 735
1 581
0 581
2 385
1 385
571 615
1 139
613 641
4 448
4 1064
14 1064
11 2225
6 89
8 941
0 89
6 1419
2 452
3 80
547 554
1 89
15 1294
40 1294
367 381
90 1948
1847 1948
81 1948
97 1948
2 962
7 448
1 352
1 137
3 594
3 1708
0 1708
286 287
1 25
772 816
2 626
0 90
2162 2339
0 1536
7 233
58 69
309 319
15 796
0 446
5 527
0 142
1 369
2 153
4 590
6 385
29 413
0 446
7 2395
9 2395
7 404
295 592
45 2163
46 2163
113 2163
2 55
16 191
14 2423
13 2423
23 2423
3 344
184 196
429 452
1394 1403
1 1205
16 1205
6 1014
1 294
6 448
83 86
11 395
19 844
15 844
302 303
11 1360
1 812
1 107
1 562
466 479
445 467
47 1733
21 1733
29 1733
76 80
4 739
22 446
123 247
0 389
2 733
214 215
12 295
27 431
3 175
6 130
11 187
116 135
4 284
8 371
5 330
6 1724
5 1724
7 1724
5 549
22 919
1134 1139
4 896
5 896
416 437
101 103
16 264
251 261
251 264
5 648
1527 1577
7 1501
12 1501
9 1501
597 617
39 1618
7 285
10 504
7 115
1 48
0 247
6 737
3 223
7 509
1 311
3 594
476 477
1 345
15 733
7 789
6 789
9 605
13 1747
7 347
30 1511
26 1511
340 362
143 147
2 307
18 139
17 139
2 382
1725 1766
8 788
3 788
6 788
4 788
9 788
0 788
1 788
9 788
5 788
18 694
1 694
300 307
169 174
343 371
1059 1077
4 537
174 178
0 103
5 290
29 3159
26 3159
18 3159
16 1331
24 50
4 716
1 508
40 1909
50 1909
29 1909
7 1618
1568 1618
7 384
8 384
0 102
1 94
2 585
13 474
513 535
2 261
273 295
164 169
5 148
4 183
17 876
5 733
13 1787
26 1787
24 1787
9 617
1 1553
3 1553
8 504
3 343
10 632
3 127
499 504
11 1083
2 65
1093 1144
4 178
156 172
236 240
419 431
913 919
0 498
1 1618
1427 1475
365 368
3 26
13 1965
8 1965
4 1965
5 1965
9 1965
2 1965
16 125
1 175
51 55
6 379
217 229
226 229
0 230
6 1042
7 344
7 323
9 746
23 876
10 479
404 406
3 504
2 171
3 575
14 764
20 1913
21 1913
4 1057
4 269
1 173
332 344
3 772
19 242
6 1695
16 1695
364 382
13 764
2 175
0 94
1 811
7 394
0 1287
0 176
9 139
1 310
7 360
4 230
6 811
5 381
8 1129
14 1129
5 1129
1 638
1063 1071
27 1410
39 1410
32 1410
6 811
5 497
33 37
0 285
2 305
239 256
6 360
231 233
8 623
2 1061
5 260
1 452
2 563
583 592
3 144
326 327
14 617
13 337
11 362
5506 5976
52 5976
129 5976
135 5976
92 5976
147 5976
155 5976
100 5976
107 5976
1066 1075
1 379
6 661
161 162
2 2517
26 431
6 100
0 1386
6 850
4 511
376 405
6 1102
0 1102
2 370
6 196
4 361
12 841
41 698
0 124
0 290
214 218
1 439
217 229
1 349
4 89
1 360
331 333
332 333
512 526
119 122
3 412
186 196
11 874
0 247
10 896
0 338
1 338
2 142
1740 1779
1729 1779
48 1779
1720 1779
5 1238
16 876
13 1853
19 1853
8 1853
1 592
518 564
10 173
6 1539
0 158
11 812
3 584
1 328
252 262
6 816
8 99
17 796
6 404
5 146
344 345
2 464
226 228
4 274
459 919
5 502
15 1110
107 122
6 446
9 518
0 141
570 585
529 561
4 2808
9 1357
1370 1416
2 204
5 100
281 563
8 564
6 473
13 1110
6 339
163 327
6 308
261 295
10 587
4 777
17 558
142 149
3 209
0 279
2 962
10 3095
11 3095
8 3095
18 1617
2 1617
11 1617
0 1617
315 318
5 327
11 1767
17 1767
26 1767
18 1767
238 240
2 1071
7 522
6 1618
2 465
0 465
1 465
