4 384
6 375
7 392
0 576
3 576
12 776
10 776
447 511
7 2287
9 2287
2 745
0 745
20 914
0 338
4 448
2 691
1 691
0 183
7 914
20 1155
47 1155
1095 1155
0 1155
2 1155
1 1370
2 1623
48 7389
273 7389
209 7389
6 7389
15 7389
102 7389
131 7389
10 7389
113 7389
103 7389
385 7389
2 2339
2 615
24 1288
3 176
19 1265
31 1265
10 1265
2 150
0 79
0 1983
5 1983
4 1983
106 1983
7 269
6 397
30 1208
18 1208
32 1208
24 1474
8 240
3 448
2 558
1 1113
0 1113
0 79
5 305
9 400
0 388
7 590
1 1483
4 152
139 152
0 796
1526 1536
0 805
6 276
290 328
3 1267
8 1267
22 1267
10 1267
14 1267
11 522
3 198
1 1013
0 1013
140 152
0 1303
1 1008
3 1008
3 327
1 562
9 737
7 737
226 264
167 175
0 44
0 89
3 1913
1 1913
4 1539
8 973
8 855
1 301
12 7645
99 7645
18 7645
3 7645
13 7645
207 7645
187 7645
48 7645
95 7645
14 7645
15 7645
7 7645
94 7645
9 7645
6 7645
4 7645
16 7645
5 7645
81 7645
8 7645
393 9306
13 9306
7 9306
130 9306
31 9306
275 9306
2 9306
134 9306
3 9306
256 9306
4 9306
26 9306
10 9306
284 9306
5 9306
366 9306
414 9306
76 9306
38 3760
208 3760
133 3760
52 3760
91 3760
56 3760
31 3760
102 3760
3 689
5 295
39 1454
15 1454
6 1454
7 1454
1 626
0 203
0 405
0 794
2 794
1 844
627 657
0 1110
9 150
1 1071
0 812
0 812
0 422
13 896
3 395
8 2339
0 135
5 324
0 721
4 79
0 204
0 811
1 368
0 380
0 380
1 384
13 152
1 98
67 68
2 446
1 777
1 777
0 884
882 884
0 1514
812 876
328 348
0 169
10 663
5 663
9 303
6 240
0 441
1 1474
0 733
7 1077
0 404
0 973
0 138
16 1618
5 567
820 876
1 176
0 2150
10 2150
29 876
2 311
8 1597
1 1597
6 1597
2 1597
3 618
0 98
0 184
11 776
7 776
2 497
53 57
5 392
16 670
11 670
7 392
6 511
2 247
0 876
1 344
4 965
25 1539
0 509
2 215
5 176
4 215
2 215
3 1386
1 283
0 764
0 465
0 792
7 10782
47 10782
5 10782
4 10782
57 10782
42 10782
58 10782
196 10782
33 10782
16 10782
44 10782
253 10782
32 10782
109 10782
75 10782
49 10782
66 10782
20 10782
103 10782
13 10782
27 10782
18 10782
59 10782
46 10782
44 10782
84 10782
1 224
21 767
3 144
43 540
5 2510
0 2510
259 269
3 269
1 1269
0 1269
2 919
0 782
2 448
0 931
1 931
2 247
1 89
29 2038
1 2038
0 2038
0 446
13 737
7 1898
4 1898
4 584
5 1360
6 2257
7 2257
1 1695
7 2339
14 1072
2 746
2 746
1 2150
13 2150
34 3410
5 3410
14 3410
2 746
1 2150
14 2150
9 764
2 746
0 456
37 590
8 2449
84 2449
16 191
6 777
0 266
1 1027
2 976
9 976
9 3000
31 3000
17 3000
33 3000
32 3000
5 3000
1 202
0 456
4 777
3 381
0 295
3 186
411 441
0 94
54 68
2 287
6 240
7 142
5 240
2 655
0 1197
6 2831
5 2831
2 2831
1 2831
3 1331
5 4210
40 4210
80 4210
26 4210
71 4210
87 4210
21 4210
1 4210
48 4210
175 4210
234 4210
0 20
3 209
1 677
4 677
0 1547
9 1547
7 888
40 888
0 344
0 413
8 1012
5 1012
7 1012
1 269
0 467
3 504
13 1110
0 585
5 2128
2 2128
8 2128
1 960
1 1483
8 1536
5 1536
1 1110
3 1069
5 1069
7 1069
1 1014
56 811
1 1110
7 423
1 93
179 183
1 384
1 724
9 2375
2 2375
6 2375
0 178
19 788
3 788
11 788
6 788
730 788
0 788
1 788
15 788
4 788
1 203
23 226
0 4949
2 4949
6 4949
34 4949
122 4949
8 4949
48 4949
0 120
49 2150
1 2150
15 2150
1 653
4 689
3 2955
1 2955
43 2955
4 2955
16 2955
2 2955
97 2955
3 1695
0 439
0 439
12 225
2 2163
3 2163
184 13875
39 13875
5 13875
12 13875
20 13875
78 13875
27 13875
18 13875
177 13875
26 13875
13032 13875
92 13875
69 13875
139 13875
13 2339
2 222
0 150
2 1164
5 1164
15 1164
0 2347
1 2347
3 2347
2 2347
0 633
0 384
21 3126
13 3126
31 3126
7 3126
2 3126
17 3126
12 3126
5 1078
3 1078
0 1078
6 267
5 1926
12 526
5 812
9 858
5 5657
4 5657
14 5657
8 5657
10 5657
3 5657
82 5657
70 5657
33 1042
9 423
1 218
3 172
17 1307
1001 1021
4 384
0 400
5 240
5 247
1 176
0 247
1 124
2 618
1 247
8 1708
3 1708
0 1708
1 1708
0 762
1 762
3 152
7 371
2 264
1 442
0 442
5 389
28 5642
8 5642
3 5642
430 5642
98 5642
35 5642
20 5642
9 416
10 223
2 86
10 543
7 1403
4 1403
0 679
1 2517
0 87
2 689
1 336
0 89
1 153
11 1403
5 1963
20 1963
4 2002
7 2002
2 2002
9 147
7 147
4 163
253 264
1 1539
218 264
6 590
0 181
211 241
0 465
749 764
29 764
10 764
11 295
0 1652
1 1652
0 1967
2 86
0 1110
4 1183
0 1183
3 1183
0 876
0 389
3 1124
6 1124
3 1014
1 961
4 961
0 961
0 526
0 359
45 1130
0 257
3 1386
2 842
42 1042
0 257
4 2403
50 2403
18 2403
0 106
6 375
4 617
4 270
19 270
7 340
2 327
0 380
5 518
2 587
5 587
0 384
0 424
5 264
644 699
1 1317
4 1317
9 1317
10 120
4 594
0 538
0 603
0 1130
1 344
6 240
0 1241
0 122
9 855
13 1898
10 1898
9 1898
4 1898
11 384
16 17
21 914
0 777
4 163
17 4713
11 4713
4 4713
4508 4713
5 4713
13 4713
0 44
10 2150
12 2150
2 2150
0 2150
11 402
242 266
2 781
3 781
0 781
10 781
23 664
3 689
0 874
1 796
1 796
1327 1464
4 1464
9 1464
0 548
5 382
21 233
2 663
1 257
469 506
8 1012
4 257
0 626
0 371
774 782
39 3816
8 3816
3 3816
5 3816
2 3816
31 3816
9 3816
5 340
2 1347
5 1347
0 149
1 554
5 364
3 364
266 295
10 435
13 695
2 1247
1 1247
8 423
7 914
0 265
8 631
9 631
3 186
0 518
157 171
27 511
4 431
0 2308
4 2308
2 2303
7 2303
12 145
5 145
2 145
0 467
6 518
1 405
16 318
8 423
3 324
4 389
3 8726
6 8726
230 8726
10 8726
90 8726
11 8726
307 8726
14 8726
78 8726
77 8726
0 8726
19 8726
18 8726
0 422
1 108
0 456
0 1036
1 1036
9 391
1 344
0 679
2 154
370 397
7 3066
8 3066
40 3066
5 1214
6 1214
49 1595
46 1595
26 764
0 457
0 368
0 376
5 209
1 209
1 1191
0 1191
523 592
5 378
3 141
0 389
1 446
1 264
2 526
13 1110
1014 12734
118 12734
921 12734
360 12734
153 12734
84 12734
12184 12734
59 12734
106 12734
152 12734
16 12734
13 12734
86 12734
37 12734
120 12734
156 12734
68 12734
181 12734
7 203
2 89
0 653
7 295
0 841
0 441
380 384
0 876
87 1264
1242 1264
1261 1264
1 404
0 1483
0 1110
6 590
7 590
260 264
0 107
2 1386
0 148
1 89
6 842
41 461
0 669
2 669
8 737
626 699
8 423
8 737
0 107
0 107
2 148
0 473
20 2629
91 2629
7 2629
14 2629
2 384
3 1589
1 1589
0 1589
1 113
0 2696
2 2696
4 2696
0 774
24 664
100 987
4 987
7 987
6 4344
1 4344
19 4344
25 4344
8 4344
2 4344
3 4344
2 222
0 626
9 1376
5 1376
1 1376
6 1376
3 558
3 680
8 680
8 234
1 177
1 177
5 384
20 441
416 441
1 376
3 1511
1 1511
3 522
20 522
0 169
1 737
26 664
6 479
0 2238
9 2238
18 2238
3 2238
26 1074
5 737
1 762
4 2517
28 788
22 2300
6 2300
0 762
1 618
0 183
20 270
8 558
0 252
9 295
10 1913
54 1913
11 656
10 656
12 656
5 240
1 423
4 764
3 373
13 446
1 357
10 423
1 632
7 590
1 562
8 456
0 9
293 587
1 562
15 1014
0 774
0 404
0 567
0 1407
0 594
1 690
0 690
2 250
1 127
9 295
4 2725
3 2725
2 2725
0 2725
5 2725
0 442
1 442
3 518
1 508
0 269
4 269
0 38
5 6094
2 6094
3 6094
1 6094
9 6094
2 1370
16 2737
43 2737
69 1409
15 526
4 465
1 339
1 960
0 960
17 382
1 295
0 404
0 431
1 1536
1 615
0 844
0 308
2 504
3 560
1 730
0 730
0 764
1 1701
11 240
1 283
5 596
2 392
1 2339
0 2339
0 303
0 461
44 563
16 438
1 122
0 980
1 980
1 845
0 665
5 378
1 352
1 889
7 889
0 189
0 431
0 751
2 526
12 1955
14 1955
18 1955
10 1955
6 1955
24 1955
10 9453
90 9453
3 9453
18 9453
24 9453
5 9453
11 9453
6 9453
15 9453
7 9453
31 9453
2 9453
20 9453
4 9453
9 9453
7 3604
33 3604
2 3604
3358 3604
3 3604
2 2982
11 2982
18 2982
4 2982
8 2982
0 1152
0 499
0 181
1 181
242 249
6 613
9 395
0 575
1 122
1 1114
2 1114
269 283
278 283
0 241
49 55
5 655
2 1887
8 1887
1 1887
115 7512
25 7512
97 7512
64 7512
27 7512
6 7512
58 7512
151 7512
229 7512
323 7512
128 7512
93 7512
120 7512
511 7512
167 7512
9 328
1 623
0 106
8 82
3 305
0 196
4 151
6 439
1 328
4 2031
2 4370
1 4370
7 4370
0 4370
6 4370
9 4370
4 4370
3 4370
0 340
0 360
1 269
0 413
4 887
1 187
0 187
2 534
3 1539
1 726
7 257
2 202
8 764
13 764
0 473
0 729
2 729
1 729
3 174
3 593
0 326
4 282
58 59
18 2849
24 2849
21 2849
6 2849
1 225
1 435
0 435
0 522
135 146
10 479
1 399
2 587
1 562
725 788
19 788
738 788
31 788
734 788
1 788
0 788
739 788
735 788
445 473
2 473
5 1528
0 1528
1 1904
6 1904
4 733
0 219
221 2417
2249 2417
22 594
12 594
16 594
4 620
3 620
1 476
0 476
2 405
1580 1695
3 91
1 91
1 1223
2 1223
3 1223
6 479
1 328
3 1879
5 1879
50 4834
19 4834
26 4834
25 4834
27 4834
14 4834
137 145
11 739
2 336
310 361
11 177
0 413
697 759
1 191
1 191
2 240
6 233
163 177
0 176
3 318
2 807
0 807
4 761
1 446
0 931
1 931
1 1074
9 812
28 287
14 764
6 1043
1 857
0 922
1 558
7 558
0 279
150 173
1 130
2 617
1 617
0 1707
9 1707
3 4275
1 4275
24 4275
8 4275
9 4275
0 1149
1 1149
3 1149
2 2971
4 2971
0 336
285 318
0 1026
1 92
0 92
1 311
0 161
0 774
9 127
0 379
0 400
0 428
8 381
1 562
1 497
1 393
2 279
1 323
10 395
1 223
1 362
461 509
0 2434
2 716
0 388
13 233
0 484
0 484
1 484
4 1075
6 1075
5 1075
8 1075
0 118
0 114
56 844
44 844
1 306
3 1742
2 1742
0 1742
4 441
0 655
47 764
0 509
250 3737
5 3737
1 3737
0 3737
1 562
2126 2181
2 338
2 40
0 379
2 405
0 474
0 98
0 1143
5 368
651 699
0 343
8 126
3 1644
81 1644
1 767
0 767
706 767
1 20
10 310
0 354
3 61
1 297
39 727
9 395
1 1618
0 233
8 381
0 473
204 217
0 152
675 768
0 171
0 567
0 301
0 461
29 788
7 788
34 788
16 788
38 788
1 788
0 788
28 788
18 788
1 405
2 653
1 139
0 324
0 973
2 1386
0 633
13 664
0 1618
12 395
0 295
17 344
7 230
2129 2219
0 385
6 527
12 1926
15 1926
3 548
0 919
3 699
12 472
2 327
0 821
2 821
3 821
1 526
0 567
8 1012
4 1012
3 1012
7 562
29 739
0 266
6 227
0 241
13 635
3 391
1 177
0 407
4 435
10 535
19 527
3 371
9 371
1 240
0 57
256 297
4 262
2 361
36 1312
0 84
4 287
2 509
2 585
0 592
793 812
182 2339
3 290
0 948
1 948
1 448
970 973
1 360
351 389
1518 1646
0 2101
2 2101
3 2101
4 2101
18 876
4 472
1 265
4 777
4 502
1 137
2 209
4 144
1 183
0 370
133 135
1 120
1 962
27 721
0 114
2 3218
3 1747
0 231
1 1110
0 153
0 290
2 397
316 325
9 319
7 382
17 5267
6 5267
0 5267
15 5267
19 5267
9 5267
31 5267
18 5267
2 5267
12 5267
3 5267
1 5267
20 5267
14 5267
0 1034
6 1034
0 2191
1 2191
0 247
0 247
2 1416
837 1027
0 319
0 1042
0 384
0 163
1 127
2 484
0 900
0 544
2 265
0 368
0 930
2 2416
1 2416
4 2416
4 919
2 407
0 382
0 247
2 233
1 1183
0 1183
2 1183
1 1185
0 382
1 340
1 3763
0 3763
4 177
1 477
0 141
0 242
0 295
1 295
2 395
609 615
0 308
0 1695
17 511
0 227
0 257
7 2339
1 395
1 359
4 761
4 257
0 176
2 336
1 195
1 365
5 240
1 230
2 196
11 338
4 1116
61 1116
0 1124
0 300
4 1623
818 906
0 57
0 188
0 1057
0 233
1 721
6 318
3 735
18 699
0 446
0 310
0 165
6 465
2 1130
668 679
1 392
318 348
6 1898
2 1898
0 472
15 950
21 950
6 950
2 191
1 1695
0 324
0 282
0 861
5 1695
322 360
1 960
0 388
0 1701
1 453
0 453
0 247
2 461
16 295
3 1042
7 549
31 319
1 1110
2 2517
1 866
0 866
4 141
2 387
40 48
0 1791
1 1791
16 511
7 275
3 286
0 423
2 191
945 950
9 509
0 861
0 364
3 364
0 378
1 3651
0 364
3 364
0 298
1 679
5 654
1 177
582 605
2 392
3 392
1 569
0 43
0 414
2 272
2 327
2 2050
0 2050
1 2050
0 617
0 927
5 1268
3 1268
4 1268
10 1413
150 157
8 317
17 790
781 790
0 812
3 1077
8 584
4 562
4 1360
4 1695
7 405
542 587
4 127
2 1592
1 1592
0 1719
2 1719
1 1719
0 548
1 548
2 195
3 352
0 1043
27 2703
25 2703
49 2703
36 2703
9 1165
385 395
1 1323
0 1323
2 1323
8 1323
3 1323
0 118
0 165
1 663
11 451
12 1536
3 1526
1 1526
6 1526
0 116
27 327
2 587
7 139
1 325
2 1288
0 116
203 240
0 217
661 712
7 1386
48 2339
0 2517
23 381
8 284
0 183
8 295
0 2517
3 2339
9 465
0 247
1 2517
0 55
1 281
0 247
5 1360
2 461
13 3761
0 590
0 594
3 378
7 1539
1 108
49 4338
1357 1552
4 152
0 646
0 306
10 657
3 657
3 1042
420 421
1 1042
3 222
1 1034
0 270
0 1104
0 486
0 502
1 57
758 816
0 2365
1 1074
0 187
1 2236
3 2236
4 2236
0 2236
3 405
3 1110
4 497
4 222
0 120
0 151
0 1392
0 230
72 86
1 78
86 2339
0 9
1 1021
0 318
1 308
0 279
0 762
2 88
6 721
0 1027
4 500
0 89
4 86
9 159
12 733
18 725
0 276
1 497
5 1130
0 456
1 654
0 777
0 53
0 340
472 475
1 142
0 694
0 41
0 90
38 588
15 588
3 588
2 214
0 67
1 588
1 327
1 342
0 588
7 193
0 161
6 90
4 588
6 41
20 322
2 718
2 142
20 567
3 588
4 113
0 120
3 588
2 567
7 588
10 588
5 483
9 588
1 218
25 588
8 282
6 282
19 588
10 218
3 327
23 24
0 274
5 274
1 214
1 142
2 90
88 90
1 228
9 567
0 229
529 567
5 343
19 228
1 327
0 43
6 386
28 694
202 228
1 475
4 588
419 475
12 946
0 475
0 567
5 457
2 327
4 483
8 343
0 116
0 475
3 228
0 342
24 327
38 560
10 229
0 99
2 588
39 43
6 43
0 168
3 141
0 483
0 16
7 588
0 386
13 334
1 588
2 588
1 588
1 588
0 90
20 588
0 271
577 588
31 386
0 67
542 560
319 342
3 454
1 588
5 588
0 211
17 694
26 694
6 228
1 327
570 588
8 752
0 53
0 229
12 588
6 41
0 374
0 334
3 588
14 475
99 110
0 229
0 58
14 588
1 142
13 153
2 334
2 116
8 118
575 588
11 386
4 327
2 142
11 228
5 156
2 588
3 588
1 327
3 343
14 153
446 475
0 588
0 99
0 588
6 588
525 574
0 694
1 90
16 694
0 56
492 560
3 342
14 322
0 752
566 588
23 327
2 193
9 454
0 342
0 67
0 327
8 588
0 229
0 342
3 67
22 2673
0 211
5 483
3 327
4 228
4 33
4 962
1 1539
0 125
0 120
3 80
1 816
0 554
1 176
2 406
0 66
0 473
0 977
0 844
0 290
7 502
2 88
2 275
3 147
4 515
0 1205
2 1403
0 1695
4 605
7 605
8 1347
3 1347
8 1516
0 295
0 473
0 59
2 1021
756 788
215 228
0 1110
0 88
0 768
1 476
1 337
0 340
50 1695
4 127
0 308
2 378
0 241
0 452
0 284
1 1900
0 1900
2 3101
0 3101
0 6
3 218
9 664
0 158
0 423
3 951
9 951
0 623
0 399
4 1577
0 278
1 214
5 2150
0 2150
0 145
0 404
0 1074
1 336
0 362
4 594
0 216
0 439
0 527
3 1386
2 639
40 762
0 625
1 625
0 725
0 395
0 1036
5 1042
1 393
2 1539
1 368
2 1539
107 117
30 632
3 1042
0 518
0 567
1 452
1 1071
0 347
0 303
0 120
21 270
10 2237
16 2237
3 2237
0 2237
2 2237
0 233
1481 1552
0 409
0 1230
2 1230
7 853
1 400
0 126
0 446
8 857
0 973
0 274
1 274
0 3390
12 3390
8 3390
4 3390
0 584
11 890
1 626
3 216
0 1346
0 247
9 287
72 79
0 196
14 191
199 7353
54 7353
40 7353
7300 7353
197 7353
16 7353
247 7353
57 7353
78 7353
799 7353
58 7353
165 7353
52 7353
225 7353
15 7353
6 7353
0 141
2 2466
1 2466
3 2466
0 2466
0 1456
47 10604
141 10604
117 10604
30 10604
191 10604
61 10604
46 10604
38 10604
116 10604
76 10604
7 10604
138 10604
52 10604
40 10604
70 10604
50 10604
10 1655
6 1655
0 407
2 1162
6 1162
1 1162
3 1162
1 479
71 623
0 87
0 564
16 391
0 295
0 590
1 508
1693 1695
1 47
18 788
9 788
25 788
14 788
20 788
2 788
1 788
10 788
11 788
1 230
0 739
0 436
2 1695
0 247
0 626
14 567
104 115
2 48
0 344
2 684
608 764
1 582
93 1072
5 1862
1 1862
6 369
803 876
1 625
0 233
2 937
1 937
0 937
0 230
1 421
0 272
0 218
1 812
14 826
0 919
0 887
1 1072
39 2339
1 958
2 958
1 1623
4 141
1 792
2 811
0 2330
1 2330
2 247
3 974
117 120
0 182
1 423
0 1967
0 30
2 384
2 549
11 1153
0 497
1 188
2 498
5 157
1 157
3 2339
10 950
1 57
0 135
0 473
0 962
1 448
0 163
0 414
3 1161
0 1161
2 1161
0 117
0 96
1 1403
0 1346
1 139
62 1110
0 473
1 318
0 318
1 700
0 162
0 1967
2 1539
0 1539
0 106
6 5662
5 5662
2 5662
4 5662
3 5662
3 1536
15 1536
4 625
9 2565
7 2565
8 2565
4 2565
12 2565
11 2565
1702 1747
5 384
9 183
8 1249
6 1249
0 87
0 812
2 746
8 2128
0 2128
6 2128
0 473
0 67
2 124
6 178
0 764
0 379
2 2396
0 2396
1 2396
12 890
11 890
7 890
0 38
0 2407
3 2407
5 2407
7 2407
0 735
2 581
0 581
0 385
1 385
10 615
1 139
0 641
5 448
1 1064
0 1064
5 2225
1 89
0 941
0 89
0 1419
15 452
2 80
5 554
0 89
3 1294
10 1294
15 381
36 1948
57 1948
10 1948
1 1948
4 962
0 448
0 352
0 137
0 594
3 1708
0 1708
2 287
0 25
0 816
0 626
0 90
18 2339
0 1536
0 233
10 69
3 319
0 796
0 446
0 527
0 142
1 369
0 153
1 590
0 385
29 413
0 446
1 2395
0 2395
0 404
295 592
5 2163
3 2163
7 2163
1 55
42 191
0 2423
3 2423
1 2423
1 344
1 196
0 452
67 1403
1 1205
0 1205
1 1014
2 294
4 448
7 86
0 395
4 844
0 844
0 303
0 1360
0 812
0 107
0 562
1 479
10 467
13 1733
30 1733
21 1733
1 80
0 739
0 446
240 247
0 389
0 733
2 215
4 295
2 431
0 175
3 130
1 187
1 135
1 284
5 371
3 330
2 1724
0 1724
1 1724
2 549
9 919
33 1139
1 896
0 896
0 437
0 103
0 264
3 261
0 264
0 648
5 1577
0 1501
2 1501
1 1501
67 617
2 1618
0 285
5 504
2 115
46 48
0 247
1 737
0 223
0 509
0 311
36 594
2 477
0 345
1 733
5 789
4 789
0 605
0 1747
0 347
11 1511
7 1511
0 362
7 147
0 307
9 139
7 139
0 382
1576 1766
746 788
3 788
13 788
8 788
759 788
0 788
1 788
736 788
4 788
0 694
1 694
10 307
2 174
2 371
1 1077
0 537
8 178
0 103
0 290
4 3159
2 3159
1 3159
3 1331
24 50
0 716
1 508
21 1909
12 1909
26 1909
0 1618
7 1618
0 384
1 384
0 102
0 94
0 585
0 474
528 535
0 261
2 295
1 169
1 148
3 183
3 876
1 733
8 1787
4 1787
6 1787
5 617
0 1553
1 1553
3 504
1 343
0 632
0 127
5 504
82 1083
2 65
1 1144
0 178
4 172
2 240
6 431
14 919
0 498
0 1618
1457 1475
9 368
3 26
6 1965
5 1965
2 1965
0 1965
3 1965
4 1965
5 125
0 175
4 55
1 379
0 229
0 229
0 230
0 1042
0 344
0 323
2 746
27 876
3 479
33 406
2 504
154 171
1 575
7 764
9 1913
1 1913
0 1057
1 269
0 173
322 344
0 772
0 242
1 1695
3 1695
2 382
5 764
0 175
0 94
0 811
0 394
0 1287
0 176
12 139
0 310
0 360
1 230
0 811
1 381
1 1129
18 1129
4 1129
0 638
0 1071
29 1410
17 1410
22 1410
0 811
0 497
1 37
0 285
1 305
2 256
0 360
8 233
1 623
0 1061
1 260
0 452
0 563
2 592
2 144
2 327
0 617
5 337
1 362
5957 5976
55 5976
29 5976
63 5976
53 5976
28 5976
79 5976
75 5976
26 5976
9 1075
1 379
28 661
0 162
1 2517
7 431
2 100
0 1386
2 850
0 511
1 405
1 1102
0 1102
0 370
2 196
1 361
16 841
6 698
0 124
0 290
208 218
0 439
8 229
0 349
0 89
0 360
6 333
11 333
1 526
0 122
0 412
1 196
0 874
0 247
0 896
1 338
2 338
0 142
39 1779
1774 1779
7 1779
1704 1779
0 1238
810 876
61 1853
9 1853
0 1853
0 592
0 564
0 173
1 1539
0 158
0 812
7 584
0 328
5 262
2 816
0 99
12 796
1 404
2 146
0 345
10 464
2 228
2 274
868 919
3 502
0 1110
1 122
11 446
3 518
0 141
0 585
3 561
1 2808
0 1357
54 1416
1 204
0 100
24 563
0 564
0 473
2 1110
0 339
316 327
0 308
5 295
0 587
1 777
3 558
0 149
11 209
0 279
0 962
0 3095
8 3095
4 3095
11 1617
3 1617
8 1617
4 1617
0 318
2 327
3 1767
11 1767
5 1767
1 1767
8 240
2 1071
0 522
0 1618
0 465
1 465
1 465
