5 384
6 375
11 392
0 576
3 576
17 776
16 776
448 511
7 2287
11 2287
3 745
0 745
34 914
3 338
407 448
1 691
3 691
1 183
7 914
19 1155
47 1155
1064 1155
0 1155
3 1155
1 1370
3 1623
33 7389
279 7389
158 7389
6 7389
13 7389
64 7389
119 7389
14 7389
181 7389
146 7389
555 7389
4 2339
2 615
32 1288
3 176
18 1265
12 1265
8 1265
6 150
0 79
1 1983
6 1983
4 1983
51 1983
5 269
6 397
31 1208
18 1208
28 1208
50 1474
10 240
2 448
2 558
2 1113
0 1113
0 79
5 305
15 400
0 388
6 590
1 1483
3 152
4 152
1 796
1483 1536
0 805
7 276
25 328
5 1267
13 1267
22 1267
7 1267
18 1267
29 522
2 198
1 1013
0 1013
142 152
0 1303
2 1008
3 1008
3 327
1 562
8 737
7 737
232 264
6 175
1 44
0 89
5 1913
1 1913
4 1539
4 973
13 855
3 301
7 7645
96 7645
33 7645
8 7645
9 7645
225 7645
161 7645
54 7645
123 7645
12 7645
14 7645
10 7645
114 7645
13 7645
3 7645
5 7645
22 7645
4 7645
81 7645
18 7645
437 9306
9 9306
18 9306
156 9306
22 9306
291 9306
2 9306
157 9306
4 9306
233 9306
3 9306
32 9306
14 9306
285 9306
10 9306
384 9306
426 9306
64 9306
56 3760
214 3760
108 3760
49 3760
79 3760
80 3760
42 3760
122 3760
5 689
5 295
23 1454
14 1454
12 1454
7 1454
1 626
0 203
0 405
0 794
2 794
1 844
638 657
0 1110
9 150
0 1071
0 812
0 812
0 422
12 896
3 395
9 2339
0 135
4 324
0 721
6 79
1 204
0 811
1 368
0 380
0 380
1 384
11 152
1 98
67 68
1 446
1 777
4 777
0 884
880 884
0 1514
820 876
329 348
0 169
14 663
11 663
11 303
6 240
0 441
5 1474
0 733
7 1077
0 404
0 973
0 138
19 1618
4 567
833 876
1 176
0 2150
12 2150
814 876
2 311
10 1597
1 1597
7 1597
2 1597
4 618
0 98
1 184
8 776
9 776
2 497
52 57
8 392
16 670
11 670
10 392
6 511
4 247
0 876
1 344
3 965
25 1539
0 509
3 215
5 176
4 215
2 215
5 1386
2 283
0 764
0 465
0 792
14 10782
39 10782
9 10782
6 10782
52 10782
53 10782
74 10782
68 10782
24 10782
22 10782
47 10782
331 10782
55 10782
101 10782
90 10782
62 10782
61 10782
17 10782
111 10782
20 10782
29 10782
19 10782
76 10782
35 10782
47 10782
66 10782
1 224
13 767
4 144
36 540
6 2510
0 2510
260 269
3 269
0 1269
1 1269
3 919
0 782
1 448
0 931
1 931
1 247
3 89
28 2038
3 2038
0 2038
1 446
18 737
11 1898
7 1898
9 584
6 1360
11 2257
10 2257
2 1695
8 2339
20 1072
2 746
2 746
1 2150
10 2150
32 3410
5 3410
14 3410
2 746
3 2150
15 2150
11 764
4 746
0 456
34 590
11 2449
50 2449
12 191
2 777
0 266
1 1027
3 976
15 976
10 3000
37 3000
11 3000
40 3000
34 3000
8 3000
1 202
0 456
6 777
3 381
0 295
3 186
409 441
0 94
56 68
2 287
6 240
5 142
7 240
1 655
0 1197
6 2831
5 2831
2 2831
1 2831
4 1331
5 4210
26 4210
100 4210
31 4210
60 4210
96 4210
43 4210
2 4210
40 4210
160 4210
229 4210
2 20
4 209
1 677
4 677
0 1547
7 1547
4 888
26 888
0 344
0 413
6 1012
5 1012
8 1012
2 269
3 467
2 504
24 1110
2 585
7 2128
2 2128
8 2128
2 960
1 1483
8 1536
5 1536
2 1110
3 1069
4 1069
11 1069
3 1014
731 811
3 1110
9 423
1 93
179 183
1 384
1 724
7 2375
3 2375
6 2375
0 178
25 788
3 788
11 788
7 788
736 788
0 788
1 788
22 788
6 788
1 203
21 226
0 4949
1 4949
3 4949
33 4949
140 4949
10 4949
42 4949
0 120
44 2150
2 2150
15 2150
1 653
5 689
3 2955
1 2955
41 2955
4 2955
21 2955
2 2955
104 2955
3 1695
0 439
0 439
14 225
2 2163
3 2163
226 13875
71 13875
9 13875
19 13875
17 13875
79 13875
27 13875
18 13875
203 13875
31 13875
13477 13875
175 13875
110 13875
173 13875
19 2339
2 222
0 150
2 1164
5 1164
14 1164
0 2347
1 2347
3 2347
2 2347
0 633
2 384
16 3126
17 3126
36 3126
5 3126
3 3126
9 3126
6 3126
10 1078
4 1078
0 1078
2 267
8 1926
474 526
4 812
10 858
10 5657
4 5657
26 5657
7 5657
16 5657
5 5657
54 5657
86 5657
44 1042
8 423
2 218
4 172
20 1307
1011 1021
5 384
0 400
6 240
5 247
1 176
0 247
2 124
3 618
3 247
6 1708
3 1708
1 1708
2 1708
0 762
2 762
3 152
10 371
2 264
1 442
0 442
3 389
28 5642
8 5642
3 5642
268 5642
72 5642
41 5642
24 5642
13 416
9 223
3 86
9 543
5 1403
6 1403
0 679
1 2517
0 87
2 689
2 336
1 89
2 153
12 1403
7 1963
20 1963
5 2002
7 2002
2 2002
9 147
8 147
2 163
252 264
2 1539
220 264
6 590
0 181
219 241
1 465
620 764
30 764
11 764
8 295
0 1652
1 1652
0 1967
2 86
0 1110
4 1183
0 1183
3 1183
0 876
0 389
5 1124
3 1124
3 1014
1 961
3 961
0 961
0 526
0 359
40 1130
0 257
3 1386
9 842
909 1042
0 257
10 2403
69 2403
20 2403
0 106
7 375
3 617
4 270
19 270
7 340
3 327
0 380
5 518
4 587
2 587
0 384
0 424
4 264
37 699
1 1317
9 1317
3 1317
111 120
3 594
0 538
0 603
0 1130
1 344
6 240
0 1241
0 122
9 855
15 1898
12 1898
7 1898
3 1898
9 384
15 17
14 914
0 777
1 163
23 4713
11 4713
3 4713
4620 4713
4 4713
18 4713
1 44
14 2150
16 2150
2 2150
0 2150
10 402
5 266
4 781
3 781
1 781
8 781
17 664
5 689
0 874
1 796
1 796
107 1464
5 1464
9 1464
0 548
3 382
17 233
2 663
11 257
462 506
8 1012
4 257
0 626
0 371
763 782
30 3816
9 3816
5 3816
6 3816
0 3816
32 3816
13 3816
5 340
2 1347
7 1347
0 149
1 554
6 364
4 364
8 295
12 435
19 695
2 1247
1 1247
6 423
7 914
1 265
7 631
9 631
3 186
2 518
161 171
425 511
11 431
0 2308
4 2308
3 2303
8 2303
12 145
6 145
1 145
1 467
4 518
1 405
17 318
8 423
3 324
2 389
3 8726
6 8726
275 8726
17 8726
88 8726
9 8726
299 8726
22 8726
93 8726
71 8726
0 8726
12 8726
10 8726
0 422
1 108
0 456
0 1036
1 1036
14 391
1 344
0 679
2 154
365 397
7 3066
8 3066
53 3066
5 1214
4 1214
38 1595
51 1595
24 764
0 457
0 368
0 376
6 209
2 209
1 1191
0 1191
31 592
2 378
5 141
0 389
1 446
1 264
2 526
18 1110
12123 12734
123 12734
764 12734
288 12734
167 12734
47 12734
12322 12734
55 12734
98 12734
92 12734
31 12734
11 12734
52 12734
49 12734
132 12734
197 12734
72 12734
179 12734
7 203
2 89
0 653
8 295
0 841
0 441
376 384
0 876
32 1264
1238 1264
1258 1264
1 404
0 1483
0 1110
7 590
8 590
260 264
0 107
1 1386
0 148
2 89
6 842
40 461
1 669
2 669
8 737
28 699
7 423
8 737
0 107
0 107
2 148
0 473
25 2629
80 2629
4 2629
17 2629
3 384
3 1589
1 1589
0 1589
2 113
1 2696
3 2696
5 2696
0 774
27 664
107 987
3 987
8 987
8 4344
2 4344
15 4344
30 4344
10 4344
1 4344
3 4344
2 222
4 626
9 1376
5 1376
1 1376
6 1376
5 558
3 680
5 680
8 234
1 177
1 177
5 384
20 441
413 441
1 376
7 1511
5 1511
4 522
17 522
0 169
3 737
27 664
6 479
2 2238
10 2238
21 2238
3 2238
27 1074
6 737
1 762
7 2517
733 788
19 2300
7 2300
0 762
1 618
0 183
20 270
8 558
1 252
10 295
18 1913
61 1913
11 656
14 656
10 656
5 240
1 423
3 764
4 373
16 446
1 357
9 423
1 632
7 590
1 562
8 456
0 9
293 587
1 562
13 1014
0 774
0 404
0 567
1 1407
0 594
1 690
0 690
3 250
1 127
10 295
3 2725
4 2725
2 2725
1 2725
5 2725
0 442
1 442
4 518
1 508
0 269
4 269
0 38
6 6094
4 6094
3 6094
2 6094
10 6094
1 1370
24 2737
21 2737
1313 1409
15 526
6 465
1 339
1 960
0 960
8 382
1 295
0 404
1 431
1 1536
1 615
0 844
0 308
4 504
3 560
1 730
0 730
1 764
1 1701
11 240
3 283
5 596
9 392
2 2339
1 2339
0 303
0 461
541 563
24 438
1 122
1 980
0 980
1 845
0 665
8 378
1 352
4 889
2 889
0 189
0 431
0 751
4 526
14 1955
22 1955
15 1955
10 1955
7 1955
24 1955
10 9453
69 9453
5 9453
21 9453
22 9453
6 9453
14 9453
9 9453
12 9453
7 9453
29 9453
3 9453
13 9453
4 9453
15 9453
4 3604
12 3604
0 3604
3501 3604
2 3604
4 2982
14 2982
17 2982
6 2982
10 2982
1 1152
0 499
0 181
1 181
239 249
7 613
11 395
0 575
1 122
1 1114
2 1114
271 283
280 283
0 241
5 55
4 655
5 1887
11 1887
0 1887
122 7512
29 7512
87 7512
74 7512
22 7512
8 7512
45 7512
141 7512
222 7512
371 7512
157 7512
91 7512
168 7512
532 7512
187 7512
9 328
1 623
0 106
9 82
3 305
0 196
7 151
7 439
1 328
8 2031
1 4370
2 4370
6 4370
0 4370
7 4370
10 4370
4 4370
3 4370
1 340
0 360
1 269
0 413
4 887
1 187
0 187
2 534
3 1539
1 726
226 257
2 202
20 764
9 764
0 473
0 729
2 729
1 729
2 174
2 593
0 326
4 282
57 59
19 2849
25 2849
23 2849
8 2849
1 225
1 435
0 435
0 522
140 146
11 479
1 399
2 587
1 562
727 788
19 788
731 788
724 788
740 788
1 788
0 788
743 788
730 788
22 473
2 473
3 1528
0 1528
0 1904
5 1904
0 733
1 219
2258 2417
2240 2417
29 594
11 594
15 594
4 620
3 620
0 476
1 476
2 405
1652 1695
2 91
1 91
1 1223
2 1223
5 1223
6 479
1 328
2 1879
6 1879
62 4834
13 4834
36 4834
39 4834
29 4834
20 4834
7 145
8 739
2 336
16 361
161 177
0 413
704 759
1 191
1 191
2 240
4 233
169 177
0 176
3 318
3 807
0 807
9 761
1 446
0 931
1 931
2 1074
7 812
29 287
50 764
8 1043
1 857
1 922
3 558
8 558
0 279
160 173
1 130
2 617
0 617
2 1707
11 1707
5 4275
3 4275
23 4275
8 4275
10 4275
0 1149
1 1149
4 1149
4 2971
7 2971
0 336
304 318
1 1026
1 92
0 92
1 311
0 161
0 774
9 127
0 379
0 400
0 428
15 381
1 562
2 497
2 393
2 279
2 323
352 395
0 223
1 362
501 509
0 2434
4 716
0 388
13 233
0 484
0 484
1 484
4 1075
8 1075
6 1075
8 1075
0 118
0 114
43 844
44 844
0 306
5 1742
2 1742
0 1742
6 441
0 655
606 764
0 509
3284 3737
4 3737
1 3737
0 3737
1 562
2105 2181
2 338
3 40
0 379
2 405
0 474
1 98
0 1143
12 368
683 699
0 343
10 126
3 1644
153 1644
0 767
1 767
733 767
0 20
14 310
0 354
4 61
1 297
39 727
16 395
3 1618
0 233
12 381
0 473
202 217
0 152
687 768
0 171
0 567
0 301
0 461
739 788
11 788
744 788
30 788
743 788
1 788
0 788
740 788
733 788
1 405
2 653
116 139
0 324
0 973
3 1386
0 633
12 664
0 1618
12 395
0 295
16 344
3 230
1109 2219
0 385
28 527
19 1926
12 1926
4 548
0 919
4 699
15 472
2 327
0 821
2 821
3 821
1 526
0 567
8 1012
5 1012
4 1012
5 562
683 739
1 266
5 227
0 241
20 635
1 391
1 177
0 407
4 435
2 535
35 527
5 371
8 371
6 240
0 57
269 297
2 262
2 361
33 1312
0 84
4 287
2 509
2 585
0 592
801 812
2071 2339
3 290
0 948
1 948
1 448
969 973
1 360
12 389
1545 1646
1 2101
2 2101
3 2101
4 2101
7 876
4 472
1 265
4 777
4 502
1 137
0 209
5 144
1 183
0 370
14 135
1 120
1 962
23 721
0 114
2 3218
2 1747
0 231
1 1110
0 153
0 290
2 397
316 325
12 319
6 382
18 5267
9 5267
1 5267
13 5267
19 5267
12 5267
25 5267
21 5267
2 5267
10 5267
7 5267
0 5267
20 5267
14 5267
0 1034
4 1034
1 2191
2 2191
0 247
0 247
2 1416
90 1027
0 319
0 1042
0 384
0 163
1 127
0 484
0 900
0 544
2 265
0 368
0 930
2 2416
0 2416
4 2416
6 919
2 407
0 382
0 247
2 233
1 1183
0 1183
2 1183
1 1185
0 382
1 340
1 3763
0 3763
4 177
2 477
0 141
1 242
0 295
1 295
3 395
574 615
0 308
0 1695
15 511
0 227
0 257
5 2339
3 395
0 359
6 761
4 257
0 176
2 336
1 195
1 365
7 240
1 230
5 196
8 338
3 1116
12 1116
0 1124
0 300
3 1623
9 906
0 57
0 188
0 1057
0 233
1 721
6 318
3 735
641 699
0 446
0 310
0 165
8 465
1 1130
672 679
3 392
331 348
7 1898
4 1898
0 472
13 950
19 950
7 950
6 191
1 1695
0 324
0 282
0 861
11 1695
323 360
1 960
0 388
0 1701
1 453
0 453
0 247
1 461
14 295
4 1042
6 549
15 319
1 1110
0 2517
1 866
0 866
4 141
2 387
44 48
0 1791
1 1791
3 511
9 275
4 286
0 423
4 191
921 950
12 509
0 861
0 364
4 364
0 378
1 3651
0 364
3 364
0 298
6 679
7 654
1 177
586 605
2 392
3 392
1 569
0 43
0 414
2 272
2 327
2 2050
0 2050
1 2050
0 617
0 927
6 1268
3 1268
4 1268
32 1413
147 157
7 317
18 790
771 790
1 812
18 1077
8 584
8 562
6 1360
2 1695
11 405
562 587
4 127
2 1592
1 1592
0 1719
2 1719
1 1719
1 548
0 548
2 195
1 352
0 1043
17 2703
24 2703
21 2703
25 2703
18 1165
361 395
0 1323
1 1323
2 1323
10 1323
3 1323
0 118
0 165
3 663
17 451
12 1536
4 1526
1 1526
11 1526
0 116
302 327
2 587
126 139
1 325
2 1288
0 116
16 240
0 217
695 712
7 1386
82 2339
0 2517
18 381
10 284
0 183
272 295
1 2517
3 2339
12 465
0 247
0 2517
0 55
1 281
0 247
5 1360
2 461
26 3761
1 590
3 594
3 378
8 1539
2 108
54 4338
1464 1552
3 152
0 646
2 306
17 657
2 657
3 1042
416 421
2 1042
5 222
1 1034
0 270
0 1104
0 486
0 502
1 57
797 816
1 2365
1 1074
0 187
2 2236
3 2236
4 2236
1 2236
3 405
3 1110
8 497
4 222
0 120
0 151
0 1392
0 230
75 86
4 78
1976 2339
0 9
2 1021
0 318
1 308
0 279
0 762
2 88
4 721
0 1027
4 500
0 89
5 86
7 159
13 733
21 725
0 276
1 497
7 1130
0 456
1 654
0 777
0 53
0 340
470 475
2 142
0 694
0 41
0 90
42 588
15 588
3 588
1 214
1 67
1 588
1 327
1 342
0 588
7 193
0 161
78 90
6 588
6 41
16 322
2 718
2 142
27 567
3 588
7 113
0 120
3 588
1 567
7 588
12 588
5 483
9 588
1 218
25 588
8 282
9 282
522 588
12 218
3 327
22 24
0 274
5 274
2 214
1 142
4 90
89 90
2 228
8 567
0 229
42 567
4 343
208 228
1 327
0 43
3 386
27 694
207 228
3 475
6 588
436 475
13 946
0 475
0 567
5 457
3 327
4 483
7 343
0 116
0 475
3 228
1 342
27 327
522 560
13 229
0 99
3 588
7 43
7 43
0 168
6 141
0 483
0 16
9 588
0 386
12 334
1 588
2 588
3 588
1 588
0 90
24 588
0 271
546 588
8 386
0 67
534 560
320 342
3 454
1 588
5 588
0 211
26 694
45 694
8 228
1 327
576 588
6 752
0 53
0 229
15 588
6 41
1 374
0 334
1 588
17 475
106 110
0 229
0 58
20 588
1 142
5 153
2 334
2 116
6 118
576 588
7 386
4 327
2 142
17 228
6 156
2 588
4 588
1 327
4 343
144 153
442 475
0 588
2 99
0 588
9 588
550 574
0 694
1 90
13 694
0 56
24 560
5 342
14 322
0 752
544 588
27 327
1 193
11 454
0 342
1 67
1 327
5 588
0 229
0 342
4 67
29 2673
0 211
6 483
3 327
3 228
4 33
4 962
1 1539
0 125
0 120
3 80
1 816
0 554
1 176
2 406
0 66
0 473
0 977
0 844
0 290
10 502
2 88
2 275
3 147
4 515
0 1205
3 1403
0 1695
5 605
4 605
8 1347
4 1347
12 1516
0 295
0 473
0 59
2 1021
756 788
217 228
0 1110
0 88
0 768
2 476
2 337
0 340
56 1695
4 127
0 308
1 378
0 241
0 452
0 284
1 1900
0 1900
2 3101
0 3101
0 6
4 218
8 664
0 158
0 423
3 951
17 951
0 623
0 399
6 1577
0 278
1 214
6 2150
0 2150
0 145
0 404
0 1074
1 336
0 362
3 594
0 216
0 439
0 527
3 1386
3 639
696 762
0 625
1 625
0 725
0 395
0 1036
5 1042
1 393
4 1539
1 368
2 1539
7 117
13 632
4 1042
0 518
0 567
2 452
0 1071
0 347
0 303
0 120
22 270
8 2237
19 2237
2 2237
0 2237
3 2237
0 233
1426 1552
0 409
0 1230
2 1230
3 853
1 400
0 126
0 446
15 857
0 973
0 274
2 274
0 3390
12 3390
10 3390
3 3390
0 584
6 890
1 626
9 216
0 1346
0 247
15 287
72 79
0 196
13 191
215 7353
73 7353
41 7353
7324 7353
195 7353
14 7353
319 7353
69 7353
84 7353
7035 7353
57 7353
181 7353
42 7353
236 7353
18 7353
8 7353
0 141
2 2466
1 2466
3 2466
0 2466
0 1456
46 10604
143 10604
109 10604
21 10604
161 10604
70 10604
44 10604
59 10604
111 10604
84 10604
11 10604
97 10604
72 10604
56 10604
77 10604
55 10604
9 1655
5 1655
0 407
3 1162
6 1162
1 1162
2 1162
1 479
18 623
0 87
0 564
9 391
0 295
0 590
1 508
1692 1695
1 47
17 788
12 788
28 788
13 788
20 788
3 788
1 788
10 788
15 788
1 230
0 739
0 436
4 1695
0 247
0 626
8 567
8 115
1 48
0 344
1 684
649 764
2 582
54 1072
5 1862
2 1862
10 369
29 876
1 625
0 233
3 937
1 937
2 937
0 230
1 421
0 272
1 218
1 812
20 826
0 919
0 887
1 1072
20 2339
0 958
4 958
2 1623
4 141
1 792
1 811
0 2330
1 2330
3 247
3 974
118 120
0 182
0 423
0 1967
0 30
2 384
0 549
13 1153
0 497
1 188
2 498
5 157
1 157
3 2339
4 950
1 57
0 135
1 473
0 962
1 448
0 163
0 414
3 1161
0 1161
2 1161
0 117
0 96
0 1403
0 1346
1 139
53 1110
0 473
1 318
0 318
1 700
0 162
0 1967
3 1539
0 1539
0 106
7 5662
6 5662
2 5662
4 5662
3 5662
5 1536
55 1536
5 625
11 2565
7 2565
10 2565
4 2565
13 2565
9 2565
1645 1747
5 384
6 183
8 1249
5 1249
0 87
0 812
2 746
9 2128
0 2128
7 2128
0 473
0 67
2 124
3 178
0 764
0 379
2 2396
0 2396
1 2396
15 890
11 890
5 890
0 38
0 2407
3 2407
4 2407
6 2407
0 735
2 581
0 581
0 385
1 385
14 615
1 139
0 641
3 448
0 1064
1 1064
3 2225
2 89
0 941
0 89
0 1419
11 452
3 80
6 554
0 89
3 1294
12 1294
14 381
17 1948
75 1948
13 1948
3 1948
0 962
0 448
0 352
0 137
0 594
2 1708
0 1708
2 287
0 25
0 816
0 626
0 90
22 2339
0 1536
0 233
2 69
2 319
1 796
0 446
0 527
0 142
1 369
1 153
1 590
0 385
29 413
0 446
1 2395
0 2395
0 404
295 592
15 2163
6 2163
17 2163
2 55
181 191
0 2423
2 2423
1 2423
1 344
1 196
0 452
14 1403
1 1205
0 1205
1 1014
2 294
4 448
10 86
0 395
6 844
0 844
0 303
2 1360
0 812
0 107
0 562
1 479
10 467
22 1733
38 1733
32 1733
1 80
0 739
0 446
245 247
0 389
0 733
3 215
4 295
2 431
0 175
5 130
4 187
1 135
1 284
6 371
3 330
4 1724
0 1724
1 1724
3 549
4 919
1038 1139
1 896
0 896
0 437
0 103
0 264
4 261
0 264
0 648
6 1577
0 1501
2 1501
1 1501
558 617
2 1618
0 285
5 504
2 115
46 48
0 247
0 737
0 223
0 509
0 311
36 594
2 477
0 345
1 733
6 789
4 789
0 605
0 1747
0 347
9 1511
7 1511
0 362
7 147
0 307
10 139
7 139
0 382
79 1766
762 788
2 788
11 788
8 788
761 788
0 788
1 788
748 788
5 788
7 694
0 694
9 307
2 174
4 371
1 1077
0 537
154 178
0 103
0 290
4 3159
2 3159
1 3159
4 1331
24 50
0 716
1 508
21 1909
12 1909
26 1909
0 1618
4 1618
0 384
1 384
0 102
0 94
0 585
0 474
502 535
0 261
2 295
2 169
0 148
3 183
3 876
1 733
8 1787
6 1787
4 1787
7 617
0 1553
1 1553
3 504
1 343
0 632
0 127
6 504
82 1083
2 65
1 1144
0 178
5 172
1 240
5 431
14 919
0 498
0 1618
1427 1475
11 368
3 26
6 1965
5 1965
3 1965
0 1965
4 1965
2 1965
7 125
0 175
50 55
1 379
0 229
0 229
0 230
1 1042
0 344
3 323
2 746
33 876
5 479
384 406
2 504
162 171
0 575
8 764
7 1913
1 1913
0 1057
1 269
0 173
8 344
0 772
0 242
1 1695
4 1695
2 382
1 764
0 175
0 94
0 811
0 394
0 1287
0 176
12 139
0 310
0 360
1 230
0 811
1 381
1 1129
19 1129
3 1129
0 638
0 1071
29 1410
22 1410
21 1410
0 811
0 497
0 37
0 285
1 305
1 256
0 360
8 233
1 623
0 1061
1 260
0 452
0 563
3 592
3 144
2 327
0 617
7 337
1 362
5940 5976
70 5976
34 5976
64 5976
68 5976
35 5976
82 5976
67 5976
27 5976
10 1075
1 379
13 661
0 162
1 2517
10 431
2 100
0 1386
3 850
0 511
2 405
1 1102
0 1102
0 370
2 196
1 361
20 841
7 698
0 124
0 290
208 218
0 439
12 229
0 349
2 89
0 360
9 333
11 333
1 526
0 122
0 412
1 196
0 874
0 247
0 896
0 338
2 338
0 142
39 1779
1774 1779
7 1779
1704 1779
0 1238
823 876
55 1853
12 1853
1 1853
0 592
1 564
0 173
1 1539
0 158
0 812
5 584
0 328
5 262
0 816
0 99
20 796
2 404
2 146
0 345
6 464
2 228
3 274
903 919
3 502
0 1110
1 122
3 446
7 518
0 141
3 585
3 561
1 2808
0 1357
15 1416
2 204
1 100
515 563
0 564
0 473
2 1110
0 339
314 327
0 308
5 295
0 587
0 777
3 558
0 149
3 209
0 279
0 962
0 3095
7 3095
3 3095
11 1617
4 1617
8 1617
3 1617
0 318
2 327
4 1767
10 1767
5 1767
1 1767
9 240
2 1071
0 522
0 1618
1 465
0 465
1 465
