14 384
9 375
374 392
7 576
8 576
37 776
34 776
469 511
9 2287
15 2287
9 745
1 745
10 914
13 338
6 448
1 691
3 691
1 183
34 914
26 1155
36 1155
1102 1155
3 1155
5 1155
13 1370
20 1623
196 7389
169 7389
136 7389
93 7389
79 7389
141 7389
111 7389
82 7389
302 7389
189 7389
101 7389
16 2339
4 615
1222 1288
4 176
18 1265
4 1265
11 1265
129 150
1 79
34 1983
26 1983
18 1983
10 1983
5 269
388 397
51 1208
47 1208
32 1208
1412 1474
229 240
9 448
13 558
4 1113
1 1113
71 79
7 305
383 400
4 388
11 590
10 1483
3 152
147 152
2 796
1534 1536
4 805
256 276
327 328
44 1267
46 1267
47 1267
11 1267
42 1267
23 522
188 198
3 1013
2 1013
150 152
12 1303
7 1008
16 1008
6 327
6 562
11 737
13 737
5 264
173 175
0 44
0 89
15 1913
13 1913
14 1539
34 973
796 855
291 301
101 7645
369 7645
371 7645
193 7645
100 7645
336 7645
402 7645
353 7645
367 7645
265 7645
189 7645
234 7645
229 7645
291 7645
183 7645
238 7645
285 7645
149 7645
106 7645
200 7645
9304 9306
86 9306
332 9306
501 9306
516 9306
263 9306
428 9306
712 9306
222 9306
854 9306
244 9306
476 9306
367 9306
603 9306
490 9306
423 9306
454 9306
146 9306
147 3760
154 3760
176 3760
217 3760
175 3760
137 3760
125 3760
185 3760
27 689
271 295
27 1454
31 1454
30 1454
25 1454
4 626
0 203
0 405
12 794
10 794
1 844
619 657
4 1110
141 150
0 1071
1 812
1 812
0 422
15 896
8 395
31 2339
1 135
9 324
2 721
77 79
193 204
5 811
1 368
9 380
8 380
0 384
147 152
95 98
7 68
3 446
4 777
10 777
10 884
11 884
1458 1514
833 876
334 348
0 169
23 663
19 663
16 303
11 240
3 441
1434 1474
5 733
7 1077
2 404
1 973
1 138
27 1618
1 567
838 876
1 176
24 2150
61 2150
16 876
283 311
17 1597
8 1597
19 1597
21 1597
613 618
4 98
2 184
29 776
32 776
4 497
55 57
367 392
18 670
21 670
371 392
7 511
9 247
2 876
341 344
26 965
1538 1539
1 509
5 215
8 176
4 215
5 215
1249 1386
2 283
5 764
7 465
1 792
227 10782
256 10782
209 10782
124 10782
225 10782
493 10782
329 10782
195 10782
239 10782
180 10782
336 10782
649 10782
300 10782
388 10782
320 10782
181 10782
410 10782
162 10782
285 10782
240 10782
169 10782
167 10782
289 10782
306 10782
336 10782
253 10782
2 224
19 767
10 144
525 540
19 2510
11 2510
240 269
4 269
6 1269
2 1269
3 919
5 782
4 448
0 931
2 931
2 247
4 89
29 2038
15 2038
14 2038
2 446
25 737
14 1898
19 1898
576 584
39 1360
22 2257
3 2257
24 1695
2195 2339
14 1072
2 746
6 746
1 2150
25 2150
39 3410
14 3410
65 3410
6 746
11 2150
30 2150
11 764
6 746
2 456
568 590
32 2449
50 2449
165 191
5 777
1 266
13 1027
910 976
15 976
10 3000
43 3000
13 3000
71 3000
28 3000
51 3000
3 202
2 456
8 777
5 381
0 295
4 186
427 441
1 94
33 68
5 287
9 240
70 142
230 240
23 655
7 1197
17 2831
13 2831
8 2831
9 2831
5 1331
53 4210
55 4210
84 4210
64 4210
63 4210
115 4210
99 4210
69 4210
108 4210
168 4210
189 4210
18 20
5 209
7 677
1 677
6 1547
8 1547
23 888
25 888
12 344
2 413
6 1012
16 1012
17 1012
7 269
11 467
3 504
1104 1110
4 585
13 2128
18 2128
19 2128
11 960
10 1483
25 1536
9 1536
32 1110
21 1069
23 1069
27 1069
9 1014
21 811
32 1110
16 423
1 93
174 183
2 384
5 724
17 2375
12 2375
20 2375
12 178
775 788
3 788
6 788
4 788
754 788
1 788
0 788
772 788
5 788
1 203
213 226
28 4949
33 4949
40 4949
70 4949
114 4949
21 4949
25 4949
2 120
53 2150
30 2150
22 2150
3 653
18 689
25 2955
6 2955
31 2955
12 2955
36 2955
21 2955
46 2955
11 1695
0 439
0 439
221 225
4 2163
5 2163
167 13875
200 13875
129 13875
91 13875
87 13875
139 13875
192 13875
215 13875
207 13875
238 13875
980 13875
356 13875
254 13875
274 13875
30 2339
3 222
2 150
9 1164
3 1164
1 1164
0 2347
2 2347
1 2347
3 2347
3 633
5 384
34 3126
40 3126
44 3126
24 3126
6 3126
31 3126
30 3126
8 1078
13 1078
4 1078
255 267
17 1926
489 526
20 812
13 858
19 5657
20 5657
40 5657
1 5657
26 5657
0 5657
17 5657
5656 5657
29 1042
421 423
4 218
164 172
19 1307
40 1021
14 384
398 400
237 240
243 247
3 176
5 247
4 124
605 618
6 247
4 1708
6 1708
0 1708
2 1708
12 762
11 762
1 152
19 371
9 264
29 442
32 442
1 389
79 5642
51 5642
32 5642
5463 5642
37 5642
66 5642
91 5642
2 416
215 223
85 86
42 543
11 1403
13 1403
20 679
13 2517
1 87
14 689
8 336
3 89
4 153
1323 1403
41 1963
42 1963
6 2002
4 2002
48 2002
138 147
11 147
3 163
262 264
1474 1539
259 264
24 590
0 181
214 241
1 465
45 764
31 764
15 764
9 295
6 1652
8 1652
10 1967
4 86
1 1110
10 1183
4 1183
6 1183
3 876
5 389
18 1124
11 1124
8 1014
12 961
13 961
2 961
4 526
1 359
60 1130
3 257
1374 1386
790 842
1039 1042
3 257
33 2403
37 2403
24 2403
1 106
9 375
15 617
26 270
26 270
12 340
4 327
10 380
12 518
8 587
5 587
8 384
1 424
9 264
18 699
23 1317
31 1317
13 1317
113 120
18 594
1 538
0 603
11 1130
2 344
13 240
1 1241
6 122
16 855
27 1898
25 1898
15 1898
13 1898
15 384
14 17
864 914
2 777
158 163
72 4713
78 4713
53 4713
273 4713
55 4713
73 4713
38 44
27 2150
24 2150
2 2150
1 2150
16 402
5 266
3 781
10 781
0 781
7 781
20 664
47 689
8 874
761 796
10 796
112 1464
32 1464
67 1464
5 548
357 382
231 233
2 663
10 257
503 506
20 1012
13 257
7 626
3 371
13 782
39 3816
81 3816
40 3816
37 3816
56 3816
71 3816
53 3816
10 340
13 1347
6 1347
1 149
8 554
6 364
5 364
284 295
405 435
14 695
3 1247
2 1247
9 423
9 914
6 265
7 631
17 631
5 186
8 518
170 171
504 511
19 431
3 2308
11 2308
11 2303
17 2303
9 145
14 145
3 145
13 467
449 518
2 405
275 318
13 423
7 324
11 389
50 8726
202 8726
106 8726
152 8726
326 8726
205 8726
402 8726
211 8726
292 8726
290 8726
35 8726
131 8726
64 8726
2 422
1 108
3 456
0 1036
1 1036
383 391
2 344
12 679
2 154
198 397
16 3066
19 3066
128 3066
6 1214
7 1214
21 1595
24 1595
701 764
0 457
2 368
0 376
8 209
9 209
2 1191
0 1191
544 592
11 378
140 141
10 389
16 446
259 264
8 526
1058 1110
6366 12734
372 12734
447 12734
171 12734
385 12734
425 12734
6366 12734
397 12734
281 12734
373 12734
145 12734
145 12734
212 12734
216 12734
276 12734
457 12734
164 12734
305 12734
4 203
85 89
0 653
286 295
1 841
1 441
375 384
7 876
1143 1264
1248 1264
43 1264
6 404
2 1483
2 1110
582 590
18 590
6 264
5 107
1218 1386
4 148
88 89
11 842
452 461
1 669
3 669
29 737
693 699
9 423
12 737
3 107
0 107
9 148
0 473
35 2629
39 2629
36 2629
43 2629
371 384
7 1589
3 1589
4 1589
2 113
6 2696
8 2696
7 2696
2 774
31 664
937 987
23 987
29 987
30 4344
26 4344
11 4344
40 4344
21 4344
27 4344
19 4344
3 222
614 626
19 1376
2 1376
7 1376
13 1376
13 558
6 680
5 680
2 234
1 177
173 177
15 384
17 441
30 441
5 376
27 1511
29 1511
8 522
9 522
0 169
6 737
32 664
9 479
33 2238
2093 2238
39 2238
16 2238
32 1074
692 737
1 762
2515 2517
767 788
47 2300
26 2300
5 762
13 618
1 183
26 270
10 558
234 252
6 295
4 1913
31 1913
33 656
11 656
24 656
228 240
1 423
23 764
360 373
3 446
0 357
12 423
0 632
14 590
539 562
451 456
0 9
293 587
550 562
9 1014
0 774
1 404
0 567
32 1407
5 594
0 690
1 690
5 250
3 127
294 295
3 2725
4 2725
5 2725
2 2725
6 2725
0 442
1 442
27 518
1 508
0 269
1 269
0 38
18 6094
19 6094
16 6094
9 6094
11 6094
7 1370
37 2737
13 2737
1399 1409
517 526
458 465
4 339
6 960
4 960
3 382
4 295
5 404
1 431
1 1536
4 615
0 844
1 308
7 504
5 560
1 730
0 730
1 764
0 1701
238 240
263 283
24 596
385 392
14 2339
10 2339
1 303
0 461
535 563
2 438
2 122
0 980
1 980
817 845
2 665
6 378
1 352
12 889
4 889
3 189
1 431
3 751
486 526
47 1955
44 1955
52 1955
45 1955
30 1955
48 1955
23 9453
31 9453
29 9453
55 9453
74 9453
38 9453
60 9453
40 9453
54 9453
34 9453
41 9453
39 9453
49 9453
28 9453
70 9453
23 3604
14 3604
15 3604
1801 3604
20 3604
33 2982
50 2982
53 2982
41 2982
30 2982
18 1152
5 499
1 181
0 181
247 249
574 613
371 395
2 575
1 122
7 1114
9 1114
141 283
141 283
0 241
53 55
4 655
7 1887
8 1887
3 1887
287 7512
259 7512
316 7512
270 7512
117 7512
231 7512
312 7512
441 7512
215 7512
365 7512
260 7512
338 7512
257 7512
87 7512
538 7512
5 328
2 623
1 106
2 82
8 305
182 196
144 151
3 439
1 328
18 2031
12 4370
18 4370
14 4370
10 4370
13 4370
17 4370
11 4370
19 4370
0 340
0 360
3 269
1 413
18 887
1 187
0 187
7 534
1455 1539
4 726
254 257
5 202
11 764
14 764
2 473
5 729
7 729
8 729
2 174
568 593
4 326
6 282
57 59
25 2849
32 2849
36 2849
17 2849
17 225
405 435
8 435
1 522
5 146
30 479
3 399
4 587
4 562
771 788
9 788
765 788
769 788
759 788
1 788
0 788
759 788
768 788
1 473
2 473
2 1528
1 1528
11 1904
13 1904
0 733
202 219
124 2417
64 2417
35 594
14 594
564 594
5 620
4 620
6 476
3 476
3 405
1657 1695
90 91
86 91
3 1223
1 1223
11 1223
13 479
2 328
4 1879
5 1879
95 4834
44 4834
87 4834
103 4834
36 4834
83 4834
1 145
26 739
334 336
9 361
6 177
3 413
746 759
2 191
1 191
6 240
6 233
5 177
1 176
4 318
6 807
4 807
8 761
2 446
0 931
3 931
28 1074
10 812
280 287
10 764
12 1043
8 857
2 922
7 558
4 558
0 279
86 173
4 130
2 617
1 617
6 1707
7 1707
20 4275
24 4275
25 4275
22 4275
21 4275
0 1149
4 1149
8 1149
11 2971
15 2971
12 336
310 318
19 1026
2 92
4 92
2 311
0 161
0 774
8 127
356 379
0 400
5 428
378 381
13 562
483 497
15 393
4 279
10 323
371 395
2 223
7 362
468 509
8 2434
14 716
3 388
17 233
1 484
5 484
5 484
17 1075
16 1075
22 1075
24 1075
116 118
0 114
818 844
12 844
0 306
10 1742
3 1742
1 1742
410 441
7 655
4 764
11 509
1868 3737
25 3737
16 3737
15 3737
4 562
1090 2181
6 338
4 40
0 379
8 405
4 474
3 98
7 1143
367 368
677 699
303 343
10 126
19 1644
24 1644
2 767
1 767
752 767
9 20
297 310
2 354
3 61
5 297
688 727
13 395
1472 1618
3 233
372 381
1 473
205 217
1 152
707 768
0 171
0 567
0 301
0 461
777 788
11 788
758 788
754 788
762 788
1 788
0 788
764 788
753 788
2 405
9 653
2 139
0 324
3 973
19 1386
3 633
18 664
1508 1618
15 395
2 295
7 344
7 230
1109 2219
1 385
3 527
1799 1926
1876 1926
5 548
0 919
18 699
23 472
7 327
5 821
4 821
3 821
3 526
1 567
11 1012
19 1012
21 1012
532 562
704 739
0 266
224 227
0 241
23 635
2 391
3 177
4 407
6 435
0 535
15 527
364 371
361 371
238 240
7 57
286 297
14 262
4 361
18 1312
0 84
7 287
11 509
5 585
10 592
739 812
2262 2339
7 290
0 948
2 948
2 448
926 973
1 360
6 389
6 1646
28 2101
30 2101
19 2101
23 2101
6 876
16 472
253 265
9 777
4 502
2 137
188 209
10 144
1 183
3 370
134 135
1 120
4 962
21 721
0 114
4 3218
9 1747
0 231
3 1110
0 153
1 290
3 397
12 325
8 319
366 382
5 5267
45 5267
34 5267
27 5267
35 5267
39 5267
30 5267
33 5267
42 5267
46 5267
37 5267
44 5267
9 5267
36 5267
0 1034
3 1034
7 2191
8 2191
2 247
3 247
7 1416
868 1027
0 319
0 1042
0 384
2 163
8 127
1 484
1 900
1 544
12 265
6 368
0 930
5 2416
1 2416
8 2416
4 919
5 407
0 382
2 247
4 233
6 1183
5 1183
8 1183
2 1185
2 382
2 340
5 3763
2 3763
170 177
476 477
2 141
22 242
4 295
3 295
19 395
18 615
1 308
2 1695
13 511
2 227
9 257
34 2339
12 395
1 359
23 761
11 257
3 176
14 336
1 195
2 365
13 240
2 230
6 196
309 338
26 1116
14 1116
3 1124
0 300
16 1623
844 906
52 57
172 188
3 1057
0 233
3 721
9 318
15 735
698 699
1 446
2 310
1 165
462 465
10 1130
663 679
3 392
3 348
22 1898
18 1898
0 472
39 950
53 950
29 950
6 191
2 1695
3 324
1 282
4 861
18 1695
349 360
31 960
3 388
14 1701
23 453
13 453
1 247
9 461
263 295
11 1042
4 549
313 319
5 1110
6 2517
2 866
1 866
1 141
2 387
45 48
8 1791
7 1791
10 511
2 275
279 286
0 423
7 191
7 950
477 509
1 861
6 364
7 364
3 378
3 3651
5 364
7 364
0 298
4 679
20 654
9 177
8 605
4 392
9 392
4 569
0 43
10 414
248 272
4 327
11 2050
8 2050
7 2050
1 617
6 927
6 1268
4 1268
5 1268
9 1413
155 157
10 317
37 790
759 790
12 812
8 1077
540 584
536 562
26 1360
5 1695
382 405
575 587
5 127
6 1592
5 1592
1 1719
5 1719
0 1719
13 548
11 548
191 195
1 352
0 1043
17 2703
16 2703
21 2703
15 2703
1154 1165
375 395
9 1323
18 1323
13 1323
47 1323
17 1323
2 118
1 165
10 663
7 451
29 1536
25 1526
14 1526
17 1526
2 116
6 327
5 587
0 139
4 325
0 1288
2 116
6 240
0 217
355 712
16 1386
2191 2339
4 2517
4 381
271 284
2 183
271 295
2477 2517
8 2339
21 465
7 247
6 2517
4 55
2 281
0 247
34 1360
7 461
3655 3761
21 590
8 594
11 378
1529 1539
9 108
4299 4338
1511 1552
2 152
1 646
11 306
80 657
26 657
36 1042
409 421
8 1042
209 222
5 1034
0 270
5 1104
1 486
8 502
1 57
810 816
53 2365
1019 1074
0 187
14 2236
10 2236
11 2236
6 2236
7 405
2 1110
490 497
208 222
0 120
1 151
2 1392
3 230
79 86
4 78
2232 2339
0 9
13 1021
1 318
1 308
0 279
2 762
3 88
684 721
4 1027
9 500
2 89
76 86
15 159
0 733
680 725
5 276
3 497
11 1130
1 456
1 654
3 777
1 53
0 340
439 475
137 142
11 694
4 41
5 90
41 588
13 588
9 588
4 214
2 67
6 588
3 327
317 342
3 588
191 193
2 161
87 90
567 588
6 41
12 322
2 718
2 142
18 567
6 588
2 113
1 120
26 588
3 567
7 588
565 588
24 483
25 588
2 218
23 588
280 282
262 282
550 588
216 218
5 327
22 24
8 274
3 274
7 214
1 142
6 90
44 90
2 228
3 567
2 229
554 567
11 343
12 228
3 327
1 43
21 386
664 694
17 228
15 475
14 588
454 475
24 946
2 475
0 567
1 457
6 327
16 483
14 343
1 116
3 475
207 228
10 342
326 327
545 560
3 229
0 99
9 588
42 43
41 43
0 168
15 141
3 483
14 16
18 588
9 386
12 334
7 588
8 588
537 588
6 588
5 90
561 588
13 271
13 588
14 386
60 67
536 560
330 342
25 454
11 588
7 588
3 211
647 694
8 694
215 228
296 327
13 588
29 752
3 53
3 229
28 588
6 41
7 374
6 334
2 588
437 475
109 110
1 229
1 58
40 588
2 142
6 153
12 334
3 116
107 118
18 588
383 386
9 327
3 142
227 228
151 156
2 588
9 588
1 327
328 343
150 153
433 475
8 588
8 99
5 588
9 588
562 574
10 694
4 90
18 694
0 56
20 560
332 342
20 322
8 752
11 588
16 327
2 193
14 454
3 342
1 67
15 327
19 588
6 229
8 342
66 67
37 2673
2 211
21 483
6 327
5 228
4 33
894 962
4 1539
1 125
0 120
74 80
8 816
2 554
1 176
5 406
60 66
0 473
0 977
2 844
0 290
9 502
2 88
259 275
3 147
4 515
1 1205
26 1403
6 1695
5 605
6 605
10 1347
11 1347
24 1516
0 295
2 473
1 59
6 1021
758 788
113 228
5 1110
3 88
3 768
5 476
310 337
0 340
15 1695
4 127
0 308
7 378
0 241
2 452
1 284
4 1900
2 1900
9 3101
3 3101
0 6
6 218
32 664
3 158
0 423
9 951
32 951
0 623
1 399
27 1577
1 278
7 214
19 2150
21 2150
1 145
0 404
7 1074
11 336
3 362
2 594
1 216
0 439
10 527
17 1386
20 639
12 762
4 625
5 625
0 725
9 395
1 1036
18 1042
1 393
6 1539
4 368
14 1539
110 117
600 632
19 1042
455 518
1 567
4 452
0 1071
0 347
2 303
0 120
27 270
11 2237
43 2237
21 2237
5 2237
19 2237
1 233
1395 1552
0 409
1 1230
0 1230
26 853
2 400
0 126
12 446
12 857
0 973
2 274
3 274
10 3390
27 3390
13 3390
9 3390
0 584
857 890
2 626
215 216
1 1346
0 247
285 287
76 79
0 196
172 191
107 7353
185 7353
54 7353
360 7353
121 7353
3 7353
252 7353
150 7353
242 7353
350 7353
189 7353
142 7353
198 7353
164 7353
127 7353
88 7353
4 141
8 2466
13 2466
12 2466
10 2466
1 1456
168 10604
95 10604
225 10604
30 10604
35 10604
248 10604
98 10604
93 10604
193 10604
177 10604
25 10604
33 10604
140 10604
87 10604
100 10604
116 10604
16 1655
14 1655
0 407
10 1162
12 1162
8 1162
5 1162
3 479
26 623
1 87
21 564
371 391
0 295
1 590
1 508
1663 1695
42 47
749 788
737 788
741 788
739 788
742 788
1 788
0 788
738 788
746 788
3 230
1 739
1 436
41 1695
0 247
7 626
11 567
106 115
44 48
7 344
2 684
654 764
1 582
17 1072
3 1862
6 1862
11 369
18 876
5 625
1 233
4 937
5 937
9 937
1 230
1 421
8 272
4 218
1 812
10 826
10 919
1 887
2 1072
2148 2339
9 958
10 958
12 1623
5 141
3 792
3 811
2 2330
3 2330
238 247
22 974
113 120
0 182
0 423
3 1967
2 30
8 384
3 549
53 1153
0 497
1 188
9 498
8 157
5 157
12 2339
6 950
3 57
0 135
21 473
1 962
3 448
0 163
4 414
3 1161
5 1161
4 1161
0 117
1 96
1339 1403
1 1346
2 139
51 1110
11 473
1 318
7 318
1 700
2 162
0 1967
5 1539
6 1539
0 106
12 5662
14 5662
9 5662
10 5662
11 5662
16 1536
65 1536
12 625
18 2565
15 2565
20 2565
12 2565
19 2565
14 2565
1685 1747
11 384
5 183
13 1249
15 1249
1 87
17 812
8 746
9 2128
0 2128
4 2128
2 473
0 67
109 124
1 178
3 764
1 379
2 2396
0 2396
1 2396
9 890
13 890
6 890
0 38
6 2407
4 2407
3 2407
10 2407
3 735
1 581
0 581
2 385
1 385
570 615
1 139
616 641
2 448
4 1064
13 1064
8 2225
3 89
10 941
1 89
0 1419
437 452
2 80
14 554
1 89
11 1294
30 1294
10 381
78 1948
144 1948
67 1948
82 1948
1 962
4 448
1 352
1 137
2 594
3 1708
0 1708
275 287
0 25
13 816
2 626
0 90
25 2339
0 1536
5 233
3 69
11 319
13 796
2 446
0 527
0 142
1 369
2 153
5 590
5 385
29 413
0 446
4 2395
5 2395
3 404
295 592
19 2163
39 2163
63 2163
2 55
21 191
13 2423
7 2423
16 2423
2 344
181 196
3 452
1334 1403
0 1205
1 1205
1 1014
1 294
3 448
5 86
12 395
808 844
11 844
291 303
5 1360
1 812
0 107
1 562
449 479
437 467
38 1733
26 1733
27 1733
4 80
1 739
5 446
123 247
0 389
0 733
208 215
7 295
23 431
0 175
5 130
18 187
120 135
1 284
5 371
4 330
8 1724
4 1724
5 1724
6 549
17 919
1120 1139
2 896
4 896
399 437
0 103
14 264
248 261
3 264
4 648
30 1577
0 1501
10 1501
3 1501
597 617
24 1618
5 285
6 504
5 115
1 48
0 247
1 737
0 223
0 509
0 311
2 594
476 477
1 345
1 733
6 789
5 789
5 605
6 1747
1 347
28 1511
29 1511
0 362
129 147
1 307
18 139
19 139
2 382
1757 1766
740 788
3 788
2 788
4 788
7 788
0 788
1 788
736 788
5 788
14 694
0 694
9 307
4 174
15 371
6 1077
0 537
166 178
1 103
3 290
25 3159
24 3159
13 3159
10 1331
24 50
1 716
1 508
33 1909
53 1909
25 1909
2 1618
26 1618
4 384
7 384
0 102
1 94
2 585
27 474
520 535
0 261
294 295
1 169
5 148
4 183
11 876
1 733
16 1787
23 1787
15 1787
9 617
1 1553
2 1553
7 504
3 343
0 632
2 127
20 504
26 1083
1 65
21 1144
1 178
9 172
225 240
385 431
900 919
0 498
1 1618
59 1475
344 368
3 26
11 1965
8 1965
5 1965
2 1965
7 1965
6 1965
16 125
0 175
1 55
6 379
6 229
7 229
0 230
5 1042
6 344
7 323
4 746
837 876
10 479
405 406
3 504
4 171
3 575
18 764
10 1913
9 1913
3 1057
3 269
1 173
336 344
0 772
13 242
5 1695
13 1695
4 382
9 764
0 175
0 94
0 811
0 394
0 1287
0 176
8 139
0 310
1 360
3 230
3 811
5 381
5 1129
12 1129
4 1129
1 638
1069 1071
21 1410
41 1410
29 1410
1 811
4 497
1 37
0 285
1 305
5 256
1 360
227 233
7 623
1 1061
3 260
0 452
1 563
571 592
4 144
319 327
0 617
302 337
10 362
5788 5976
70 5976
120 5976
126 5976
71 5976
148 5976
130 5976
84 5976
73 5976
1023 1075
1 379
8 661
2 162
1 2517
26 431
7 100
0 1386
5 850
3 511
6 405
4 1102
0 1102
1 370
3 196
1 361
23 841
30 698
0 124
0 290
217 218
1 439
209 229
0 349
4 89
0 360
321 333
330 333
8 526
115 122
0 412
180 196
9 874
0 247
5 896
0 338
1 338
3 142
1688 1779
1676 1779
40 1779
1729 1779
3 1238
19 876
19 1853
16 1853
5 1853
5 592
2 564
11 173
6 1539
0 158
9 812
3 584
0 328
9 262
5 816
2 99
10 796
6 404
5 146
339 345
1 464
222 228
4 274
459 919
9 502
1 1110
2 122
5 446
8 518
0 141
17 585
24 561
4 2808
6 1357
1315 1416
1 204
5 100
281 563
3 564
0 473
22 1110
8 339
163 327
5 308
263 295
3 587
1 777
14 558
141 149
196 209
0 279
10 962
12 3095
13 3095
11 3095
16 1617
1 1617
11 1617
0 1617
11 318
4 327
5 1767
11 1767
25 1767
14 1767
238 240
0 1071
6 522
0 1618
2 465
0 465
1 465
