383 384
374 375
391 392
19 576
3 576
772 776
774 776
505 511
27 2287
21 2287
7 745
7 745
898 914
334 338
444 448
2 691
5 691
182 183
911 914
27 1155
36 1155
577 1155
19 1155
23 1155
1323 1370
1608 1623
263 7389
203 7389
211 7389
169 7389
167 7389
176 7389
179 7389
136 7389
222 7389
146 7389
56 7389
2211 2339
14 615
1287 1288
174 176
18 1265
14 1265
24 1265
143 150
76 79
55 1983
54 1983
40 1983
39 1983
267 269
198 397
22 1208
67 1208
53 1208
1472 1474
239 240
4 448
22 558
5 1113
4 1113
2 79
304 305
399 400
4 388
15 590
1482 1483
75 152
149 152
8 796
767 1536
803 805
274 276
323 328
49 1267
58 1267
39 1267
45 1267
47 1267
521 522
197 198
2 1013
2 1013
148 152
1302 1303
17 1008
10 1008
320 327
549 562
14 737
736 737
261 264
172 175
42 44
0 89
37 1913
23 1913
1516 1539
953 973
854 855
300 301
462 7645
200 7645
652 7645
398 7645
396 7645
622 7645
609 7645
613 7645
582 7645
551 7645
543 7645
594 7645
558 7645
564 7645
557 7645
577 7645
591 7645
416 7645
545 7645
562 7645
641 9306
615 9306
626 9306
659 9306
689 9306
607 9306
752 9306
594 9306
653 9306
9298 9306
9090 9306
699 9306
608 9306
747 9306
726 9306
523 9306
336 9306
553 9306
205 3760
116 3760
245 3760
241 3760
180 3760
195 3760
221 3760
192 3760
682 689
289 295
41 1454
51 1454
48 1454
44 1454
624 626
5 203
6 405
793 794
780 794
843 844
328 657
1098 1110
141 150
1069 1071
805 812
811 812
412 422
881 896
394 395
2288 2339
130 135
321 324
715 721
76 79
201 204
810 811
366 368
379 380
379 380
379 384
151 152
97 98
65 68
443 446
759 777
773 777
869 884
873 884
1513 1514
862 876
340 348
167 169
20 663
25 663
302 303
12 240
440 441
5 1474
732 733
1067 1077
401 404
971 973
1 138
1612 1618
566 567
874 876
1 176
2149 2150
2148 2150
875 876
155 311
3 1597
24 1597
1 1597
31 1597
616 618
96 98
181 184
770 776
769 776
496 497
56 57
391 392
44 670
42 670
391 392
506 511
11 247
875 876
171 344
964 965
1536 1539
508 509
211 215
12 176
214 215
211 215
1380 1386
282 283
733 764
464 465
18 792
697 10782
690 10782
730 10782
522 10782
723 10782
481 10782
742 10782
705 10782
747 10782
750 10782
599 10782
12 10782
756 10782
731 10782
559 10782
743 10782
443 10782
527 10782
594 10782
605 10782
739 10782
694 10782
595 10782
771 10782
599 10782
548 10782
4 224
11 767
141 144
269 540
25 2510
23 2510
134 269
5 269
15 1269
11 1269
9 919
750 782
4 448
6 931
7 931
241 247
85 89
67 2038
23 2038
53 2038
435 446
736 737
31 1898
28 1898
291 584
1358 1360
43 2257
35 2257
1694 1695
2336 2339
1069 1072
740 746
745 746
36 2150
38 2150
102 3410
97 3410
91 3410
744 746
61 2150
41 2150
763 764
745 746
439 456
574 590
47 2449
50 2449
184 191
758 777
263 266
1025 1027
963 976
960 976
38 3000
2854 3000
22 3000
2963 3000
30 3000
91 3000
194 202
6 456
761 777
379 381
294 295
185 186
220 441
1 94
33 68
277 287
239 240
70 142
239 240
642 655
1188 1197
29 2831
30 2831
33 2831
37 2831
1306 1331
224 4210
175 4210
227 4210
173 4210
164 4210
204 4210
242 4210
257 4210
218 4210
151 4210
219 4210
19 20
206 209
10 677
2 677
12 1547
9 1547
37 888
31 888
343 344
394 413
14 1012
24 1012
14 1012
268 269
463 467
494 504
554 1110
12 585
43 2128
34 2128
38 2128
940 960
1480 1483
1535 1536
1518 1536
1109 1110
40 1069
42 1069
26 1069
1012 1014
806 811
1109 1110
15 423
1 93
180 183
383 384
702 724
25 2375
26 2375
30 2375
177 178
393 788
785 788
786 788
783 788
393 788
2 788
0 788
393 788
782 788
200 203
216 226
121 4949
124 4949
113 4949
5 4949
76 4949
64 4949
58 4949
118 120
2091 2150
60 2150
59 2150
652 653
671 689
46 2955
34 2955
40 2955
33 2955
60 2955
39 2955
35 2955
1664 1695
438 439
433 439
220 225
2133 2163
2132 2163
375 13875
388 13875
472 13875
302 13875
332 13875
464 13875
475 13875
466 13875
368 13875
378 13875
6937 13875
349 13875
432 13875
311 13875
2338 2339
216 222
4 150
1132 1164
7 1164
5 1164
53 2347
49 2347
50 2347
51 2347
628 633
380 384
76 3126
2 3126
67 3126
78 3126
65 3126
77 3126
75 3126
14 1078
21 1078
15 1078
3 267
1925 1926
262 526
811 812
856 858
86 5657
99 5657
119 5657
80 5657
88 5657
76 5657
91 5657
5538 5657
34 1042
418 423
7 218
85 172
1303 1307
1009 1021
15 384
399 400
237 240
6 247
166 176
246 247
122 124
613 618
246 247
12 1708
16 1708
5 1708
13 1708
16 762
9 762
148 152
335 371
261 264
34 442
45 442
9 389
79 5642
94 5642
21 5642
128 5642
98 5642
78 5642
131 5642
407 416
111 223
84 86
21 543
1392 1403
1402 1403
678 679
2516 2517
86 87
344 689
328 336
88 89
148 153
1386 1403
1953 1963
29 1963
10 2002
12 2002
2001 2002
136 147
146 147
156 163
131 264
1511 1539
131 264
580 590
0 181
120 241
445 465
752 764
381 764
760 764
6 295
15 1652
14 1652
1965 1967
85 86
1109 1110
13 1183
16 1183
15 1183
875 876
387 389
32 1124
31 1124
1013 1014
22 961
26 961
19 961
522 526
2 359
1128 1130
256 257
1348 1386
841 842
520 1042
253 257
50 2403
69 2403
45 2403
105 106
373 375
611 617
269 270
269 270
339 340
314 327
379 380
517 518
13 587
3 587
383 384
421 424
261 264
691 699
39 1317
37 1317
29 1317
119 120
592 594
530 538
596 603
1125 1130
342 344
239 240
6 1241
118 122
841 855
41 1898
47 1898
41 1898
29 1898
15 384
8 17
911 914
776 777
81 163
188 4713
185 4713
172 4713
2356 4713
157 4713
180 4713
43 44
45 2150
43 2150
5 2150
9 2150
401 402
132 266
9 781
15 781
8 781
7 781
658 664
675 689
15 874
795 796
795 796
1402 1464
1451 1464
1440 1464
547 548
374 382
116 233
662 663
251 257
252 506
1005 1012
248 257
616 626
2 371
390 782
108 3816
138 3816
119 3816
117 3816
122 3816
90 3816
94 3816
339 340
38 1347
19 1347
147 149
553 554
10 364
6 364
147 295
217 435
692 695
26 1247
23 1247
422 423
906 914
264 265
18 631
22 631
185 186
517 518
85 171
255 511
27 431
17 2308
16 2308
24 2303
31 2303
7 145
11 145
3 145
466 467
513 518
404 405
316 318
422 423
322 324
388 389
150 8726
293 8726
0 8726
267 8726
127 8726
285 8726
402 8726
266 8726
315 8726
302 8726
71 8726
61 8726
65 8726
393 422
105 108
455 456
6 1036
5 1036
3 391
4 344
667 679
2 154
198 397
37 3066
40 3066
46 3066
12 1214
11 1214
51 1595
44 1595
740 764
456 457
6 368
373 376
208 209
208 209
27 1191
29 1191
591 592
8 378
70 141
385 389
445 446
263 264
525 526
1097 1110
6366 12734
468 12734
594 12734
433 12734
428 12734
550 12734
6366 12734
528 12734
580 12734
607 12734
311 12734
311 12734
318 12734
5 12734
301 12734
639 12734
294 12734
332 12734
201 203
86 89
652 653
289 295
837 841
432 441
379 384
861 876
39 1264
631 1264
1230 1264
403 404
1482 1483
1103 1110
588 590
589 590
258 264
100 107
1323 1386
147 148
44 89
12 842
458 461
2 669
5 669
723 737
689 699
419 423
2 737
106 107
0 107
138 148
2 473
69 2629
67 2629
72 2629
74 2629
381 384
17 1589
16 1589
18 1589
3 113
23 2696
24 2696
26 2696
729 774
646 664
493 987
45 987
47 987
45 4344
50 4344
25 4344
87 4344
28 4344
42 4344
47 4344
221 222
621 626
33 1376
17 1376
24 1376
31 1376
557 558
9 680
7 680
226 234
175 177
173 177
376 384
434 441
417 441
374 376
32 1511
30 1511
7 522
12 522
167 169
13 737
33 664
477 479
2200 2238
60 2238
44 2238
55 2238
1068 1074
732 737
737 762
1258 2517
393 788
2296 2300
2293 2300
760 762
19 618
182 183
269 270
11 558
245 252
285 295
26 1913
13 1913
655 656
18 656
25 656
239 240
419 423
381 764
355 373
0 446
347 357
419 423
598 632
589 590
559 562
227 456
8 9
293 587
560 562
999 1014
773 774
399 404
553 567
1396 1407
593 594
3 690
4 690
249 250
125 127
293 295
12 2725
11 2725
13 2725
10 2725
14 2725
1 442
2 442
515 518
500 508
15 269
13 269
37 38
48 6094
46 6094
40 6094
33 6094
29 6094
1368 1370
43 2737
29 2737
1380 1409
262 526
458 465
338 339
11 960
8 960
360 382
294 295
403 404
8 431
3 1536
603 615
7 844
307 308
492 504
558 560
1 730
0 730
762 764
1642 1701
235 240
141 283
16 596
388 392
42 2339
32 2339
3 303
2 461
552 563
3 438
118 122
1 980
2 980
422 845
658 665
3 378
340 352
6 889
7 889
184 189
1 431
748 751
262 526
72 1955
62 1955
71 1955
70 1955
67 1955
68 1955
100 9453
35 9453
114 9453
120 9453
152 9453
72 9453
145 9453
119 9453
151 9453
122 9453
72 9453
125 9453
124 9453
118 9453
113 9453
54 3604
51 3604
53 3604
1801 3604
52 3604
65 2982
54 2982
70 2982
63 2982
37 2982
1137 1152
490 499
1 181
0 181
124 249
607 613
389 395
567 575
2 122
7 1114
15 1114
141 283
141 283
240 241
27 55
645 655
15 1887
13 1887
0 1887
324 7512
325 7512
312 7512
369 7512
102 7512
318 7512
345 7512
7260 7512
276 7512
7136 7512
358 7512
326 7512
356 7512
267 7512
7508 7512
326 328
622 623
105 106
0 82
9 305
193 196
75 151
434 439
323 328
2017 2031
40 4370
43 4370
38 4370
37 4370
42 4370
39 4370
36 4370
41 4370
333 340
359 360
3 269
396 413
884 887
1 187
0 187
3 534
1518 1539
705 726
128 257
199 202
14 764
19 764
9 473
8 729
7 729
6 729
173 174
296 593
324 326
279 282
29 59
5 2849
1 2849
37 2849
12 2849
219 225
217 435
433 435
521 522
72 146
478 479
395 399
586 587
7 562
393 788
0 788
393 788
393 788
393 788
2 788
2 788
393 788
393 788
1 473
2 473
4 1528
5 1528
1865 1904
1867 1904
728 733
216 219
2297 2417
2407 2417
571 594
13 594
296 594
4 620
5 620
8 476
5 476
404 405
1674 1695
90 91
45 91
1215 1223
1214 1223
1222 1223
477 479
325 328
3 1879
6 1879
152 4834
33 4834
56 4834
116 4834
25 4834
69 4834
1 145
9 739
331 336
357 361
88 177
400 413
379 759
2 191
2 191
236 240
225 233
176 177
0 176
5 318
8 807
7 807
751 761
2 446
6 931
7 931
34 1074
2 812
143 287
25 764
1042 1043
851 857
921 922
0 558
3 558
0 279
86 173
129 130
0 617
1 617
16 1707
11 1707
72 4275
64 4275
60 4275
76 4275
74 4275
13 1149
17 1149
18 1149
39 2971
37 2971
333 336
317 318
1022 1026
8 92
9 92
2 311
1 161
751 774
11 127
378 379
399 400
419 428
190 381
4 562
488 497
390 393
2 279
320 323
391 395
1 223
359 362
500 509
2426 2434
714 716
371 388
19 233
483 484
483 484
483 484
1073 1075
1069 1075
1070 1075
1069 1075
58 118
0 114
421 844
818 844
304 306
7 1742
11 1742
9 1742
438 441
650 655
747 764
491 509
1868 3737
49 3737
46 3737
47 3737
5 562
1090 2181
5 338
38 40
376 379
404 405
6 474
2 98
1140 1143
183 368
349 699
341 343
10 126
30 1644
29 1644
8 767
2 767
383 767
9 20
154 310
353 354
55 61
2 297
363 727
391 395
1614 1618
227 233
190 381
1 473
108 217
151 152
383 768
159 171
7 567
300 301
449 461
393 788
2 788
393 788
393 788
393 788
0 788
0 788
393 788
393 788
403 405
652 653
69 139
319 324
972 973
1379 1386
623 633
23 664
1599 1618
393 395
290 295
171 344
223 230
1109 2219
2 385
520 527
1924 1926
1919 1926
9 548
2 919
685 699
456 472
320 327
14 821
11 821
12 821
515 526
557 567
14 1012
14 1012
14 1012
561 562
369 739
6 266
113 227
240 241
628 635
382 391
4 177
403 407
11 435
502 535
508 527
368 371
370 371
239 240
56 57
148 297
260 262
360 361
1248 1312
82 84
279 287
508 509
580 585
582 592
792 812
1169 2339
284 290
935 948
5 948
437 448
486 973
357 360
8 389
9 1646
41 2101
46 2101
42 2101
40 2101
874 876
453 472
264 265
768 777
498 502
68 137
104 209
139 144
180 183
363 370
67 135
2 120
6 962
719 721
112 114
3216 3218
1742 1747
0 231
4 1110
0 153
289 290
392 397
322 325
317 319
190 382
61 5267
81 5267
72 5267
74 5267
52 5267
70 5267
2 5267
40 5267
90 5267
75 5267
76 5267
80 5267
60 5267
50 5267
3 1034
5 1034
9 2191
8 2191
239 247
245 247
1415 1416
513 1027
0 319
5 1042
0 384
162 163
10 127
473 484
899 900
543 544
132 265
361 368
918 930
12 2416
11 2416
14 2416
5 919
406 407
381 382
243 247
226 233
17 1183
13 1183
16 1183
1184 1185
380 382
5 340
9 3763
10 3763
176 177
475 477
140 141
241 242
7 295
6 295
387 395
307 615
295 308
7 1695
506 511
2 227
256 257
36 2339
394 395
353 359
753 761
256 257
172 176
334 336
2 195
363 365
239 240
3 230
194 196
332 338
1104 1116
997 1116
10 1124
2 300
36 1623
904 906
56 57
187 188
1056 1057
1 233
720 721
307 318
733 735
698 699
436 446
305 310
162 165
232 465
1111 1130
339 679
378 392
173 348
37 1898
30 1898
9 472
48 950
60 950
47 950
190 191
1684 1695
323 324
276 282
854 861
1682 1695
179 360
939 960
3 388
1647 1701
36 453
34 453
246 247
454 461
294 295
1039 1042
546 549
159 319
1057 1110
8 2517
4 866
3 866
133 141
6 387
23 48
17 1791
16 1791
509 511
1 275
142 286
415 423
2 191
941 950
506 509
860 861
10 364
3 364
377 378
3650 3651
9 364
8 364
0 298
670 679
652 654
176 177
9 605
386 392
387 392
568 569
42 43
400 414
271 272
307 327
16 2050
15 2050
11 2050
609 617
885 927
7 1268
3 1268
2 1268
706 1413
78 157
306 317
786 790
394 790
806 812
538 1077
580 584
280 562
1359 1360
1692 1695
202 405
293 587
126 127
15 1592
14 1592
11 1719
13 1719
12 1719
17 548
15 548
97 195
350 352
1 1043
53 2703
57 2703
54 2703
41 2703
1148 1165
393 395
26 1323
30 1323
25 1323
28 1323
27 1323
117 118
3 165
661 663
3 451
1510 1536
27 1526
24 1526
32 1526
115 116
321 327
585 587
137 139
321 325
1250 1288
114 116
119 240
215 217
355 712
1368 1386
2307 2339
7 2517
380 381
141 284
171 183
147 295
2516 2517
2268 2339
443 465
240 247
2451 2517
54 55
277 281
0 247
1359 1360
452 461
3692 3761
587 590
576 594
363 378
1511 1539
107 108
2168 4338
775 1552
147 152
637 646
11 306
655 657
651 657
1040 1042
210 421
18 1042
221 222
978 1034
269 270
1077 1104
476 486
501 502
56 57
407 816
2305 2365
536 1074
186 187
28 2236
25 2236
23 2236
11 2236
402 405
1040 1110
490 497
110 222
119 120
150 151
6 1392
4 230
84 86
77 78
1169 2339
8 9
1018 1021
298 318
304 308
0 279
753 762
87 88
711 721
11 1027
499 500
88 89
85 86
158 159
1 733
723 725
273 276
4 497
1118 1130
447 456
5 654
776 777
52 53
1 340
237 475
141 142
691 694
40 41
8 90
587 588
586 588
583 588
213 214
66 67
580 588
326 327
332 342
587 588
96 193
159 161
44 90
587 588
40 41
305 322
705 718
141 142
541 567
581 588
56 113
117 120
587 588
4 567
585 588
585 588
481 483
579 588
209 218
581 588
280 282
280 282
293 588
108 218
312 327
11 24
15 274
13 274
213 214
137 142
86 90
44 90
7 228
4 567
3 229
556 567
341 343
227 228
7 327
42 43
384 386
687 694
113 228
27 475
2 588
237 475
943 946
474 475
563 567
3 457
325 327
482 483
342 343
115 116
28 475
113 228
341 342
163 327
279 560
225 229
98 99
587 588
21 43
21 43
167 168
137 141
5 483
7 16
585 588
383 386
328 334
587 588
585 588
585 588
293 588
89 90
587 588
270 271
579 588
384 386
66 67
279 560
170 342
453 454
14 588
574 588
210 211
690 694
688 694
225 228
321 327
581 588
750 752
52 53
227 229
587 588
39 41
365 374
331 334
4 588
474 475
102 110
228 229
57 58
585 588
141 142
152 153
320 334
3 116
58 118
587 588
373 386
325 327
141 142
218 228
77 156
576 588
587 588
318 327
341 343
152 153
453 475
587 588
98 99
569 588
587 588
286 574
690 694
88 90
684 694
0 56
279 560
6 342
313 322
742 752
584 588
20 327
190 193
434 454
341 342
66 67
326 327
578 588
226 229
341 342
66 67
1336 2673
210 211
472 483
326 327
221 228
4 33
480 962
1500 1539
123 125
119 120
39 80
804 816
553 554
175 176
405 406
65 66
1 473
975 977
841 844
1 290
495 502
87 88
274 275
146 147
5 515
1192 1205
1402 1403
16 1695
4 605
559 605
25 1347
34 1347
1499 1516
4 295
8 473
57 59
14 1021
768 788
113 228
8 1110
3 88
758 768
463 476
336 337
335 340
1694 1695
5 127
3 308
377 378
229 241
442 452
283 284
12 1900
3 1900
20 3101
21 3101
5 6
214 218
663 664
156 158
412 423
14 951
879 951
622 623
398 399
1576 1577
275 278
213 214
2063 2150
2079 2150
144 145
0 404
0 1074
11 336
361 362
587 594
214 216
7 439
526 527
1385 1386
637 639
755 762
623 625
622 625
724 725
394 395
1035 1036
1018 1042
387 393
1527 1539
367 368
1535 1539
58 117
551 632
1040 1042
258 518
561 567
445 452
1069 1071
346 347
300 303
118 120
268 270
2105 2237
2236 2237
27 2237
28 2237
48 2237
232 233
775 1552
408 409
12 1230
10 1230
851 853
395 400
125 126
445 446
856 857
972 973
3 274
4 274
0 3390
32 3390
2 3390
23 3390
582 584
874 890
614 626
107 216
0 1346
6 247
143 287
39 79
195 196
182 191
190 7353
351 7353
113 7353
407 7353
181 7353
177 7353
362 7353
330 7353
341 7353
7266 7353
273 7353
329 7353
369 7353
358 7353
356 7353
262 7353
140 141
25 2466
23 2466
24 2466
22 2466
5 1456
141 10604
160 10604
310 10604
201 10604
129 10604
186 10604
140 10604
238 10604
157 10604
202 10604
130 10604
136 10604
173 10604
218 10604
270 10604
124 10604
30 1655
31 1655
2 407
19 1162
17 1162
5 1162
18 1162
468 479
619 623
86 87
543 564
195 391
294 295
2 590
505 508
1681 1695
23 47
393 788
0 788
784 788
8 788
393 788
2 788
1 788
784 788
393 788
229 230
738 739
2 436
1694 1695
241 247
624 626
566 567
114 115
23 48
341 344
3 684
381 764
6 582
5 1072
9 1862
13 1862
368 369
875 876
623 625
223 233
4 937
8 937
0 937
224 230
419 421
271 272
213 218
2 812
818 826
918 919
850 887
1067 1072
2290 2339
13 958
9 958
21 1623
140 141
790 792
799 811
4 2330
6 2330
6 247
938 974
114 120
0 182
0 423
1955 1967
29 30
383 384
545 549
1143 1153
0 497
1 188
497 498
2 157
3 157
2335 2339
943 950
56 57
2 135
472 473
951 962
447 448
1 163
5 414
5 1161
10 1161
11 1161
1 117
93 96
1402 1403
1345 1346
138 139
1049 1110
472 473
317 318
4 318
5 700
2 162
7 1967
1537 1539
1511 1539
105 106
46 5662
40 5662
38 5662
40 5662
41 5662
1535 1536
1505 1536
12 625
18 2565
17 2565
28 2565
26 2565
15 2565
24 2565
1744 1747
367 384
182 183
8 1249
14 1249
85 87
810 812
743 746
32 2128
28 2128
23 2128
1 473
66 67
123 124
172 178
743 764
378 379
47 2396
2392 2396
2395 2396
22 890
880 890
23 890
37 38
25 2407
27 2407
24 2407
21 2407
8 735
3 581
0 581
2 385
2 385
609 615
135 139
636 641
437 448
7 1064
20 1064
2216 2225
88 89
940 941
1 89
13 1419
450 452
78 80
539 554
85 89
1293 1294
1249 1294
375 381
104 1948
108 1948
114 1948
117 1948
945 962
444 448
1 352
136 137
593 594
6 1708
7 1708
143 287
24 25
810 816
625 626
89 90
3 2339
1535 1536
10 233
0 69
314 319
790 796
445 446
526 527
139 142
1 369
148 153
589 590
384 385
406 413
1 446
9 2395
13 2395
401 404
295 592
26 2163
13 2163
16 2163
27 55
175 191
35 2423
22 2423
38 2423
336 344
3 196
440 452
1365 1403
20 1205
22 1205
985 1014
292 294
447 448
85 86
394 395
841 844
19 844
301 303
1340 1360
4 812
106 107
561 562
478 479
465 467
1729 1733
40 1733
1640 1733
79 80
738 739
434 446
123 247
388 389
721 733
214 215
290 295
428 431
172 175
127 130
186 187
130 135
283 284
345 371
328 330
12 1724
9 1724
10 1724
548 549
902 919
569 1139
5 896
7 896
424 437
51 103
261 264
255 261
262 264
647 648
1535 1577
15 1501
22 1501
16 1501
616 617
1612 1618
284 285
503 504
114 115
47 48
234 247
16 737
215 223
508 509
3 311
592 594
238 477
344 345
732 733
13 789
10 789
15 605
1719 1747
343 347
27 1511
28 1511
361 362
146 147
306 307
135 139
136 139
381 382
1759 1766
393 788
785 788
783 788
786 788
393 788
0 788
1 788
393 788
784 788
18 694
2 694
301 307
171 174
368 371
1075 1077
536 537
88 178
96 103
285 290
34 3159
33 3159
18 3159
1304 1331
24 50
713 716
507 508
47 1909
13 1909
37 1909
1589 1618
1604 1618
383 384
383 384
0 102
91 94
9 585
455 474
267 535
260 261
294 295
168 169
146 148
179 183
18 876
732 733
29 1787
41 1787
43 1787
598 617
10 1553
13 1553
502 504
329 343
614 632
126 127
503 504
1082 1083
2 65
1125 1144
177 178
170 172
119 240
215 431
913 919
486 498
10 1618
1474 1475
183 368
3 26
17 1965
16 1965
13 1965
12 1965
11 1965
6 1965
123 125
3 175
27 55
2 379
3 229
2 229
229 230
986 1042
7 344
10 323
745 746
875 876
472 479
404 406
4 504
166 171
3 575
17 764
32 1913
18 1913
1055 1057
4 269
2 173
338 344
5 772
23 242
1675 1695
1677 1695
381 382
763 764
174 175
92 94
810 811
393 394
1280 1287
0 176
138 139
303 310
359 360
226 230
810 811
11 381
13 1129
16 1129
12 1129
622 638
1070 1071
39 1410
58 1410
33 1410
810 811
493 497
18 37
282 285
304 305
250 256
359 360
116 233
12 623
12 1061
259 260
5 452
562 563
591 592
135 144
163 327
603 617
13 337
12 362
5864 5976
153 5976
230 5976
226 5976
237 5976
212 5976
268 5976
207 5976
196 5976
1074 1075
378 379
7 661
161 162
3 2517
427 431
97 100
1377 1386
837 850
7 511
403 405
9 1102
5 1102
368 370
2 196
360 361
840 841
677 698
123 124
289 290
108 218
2 439
223 229
347 349
0 89
359 360
325 333
329 333
525 526
121 122
410 412
97 196
13 874
0 247
895 896
2 338
1 338
2 142
1761 1779
889 1779
1778 1779
889 1779
1236 1238
867 876
26 1853
25 1853
13 1853
580 592
563 564
171 173
1531 1539
153 158
10 812
6 584
2 328
258 262
13 816
98 99
792 796
403 404
5 146
343 345
463 464
113 228
5 274
459 919
492 502
1109 1110
119 122
434 446
513 518
0 141
582 585
550 561
2778 2808
15 1357
707 1416
193 204
98 100
281 563
563 564
472 473
1090 1110
331 339
163 327
297 308
290 295
580 587
8 777
20 558
148 149
205 209
2 279
960 962
20 3095
12 3095
24 3095
14 1617
1 1617
31 1617
2 1617
317 318
8 327
42 1767
37 1767
40 1767
43 1767
239 240
1065 1071
515 522
1617 1618
2 465
1 465
464 465
