371 384
9 375
375 392
8 576
12 576
754 776
37 776
481 511
9 2287
19 2287
9 745
1 745
22 914
12 338
7 448
1 691
3 691
1 183
37 914
25 1155
39 1155
1116 1155
5 1155
7 1155
1262 1370
27 1623
224 7389
184 7389
117 7389
109 7389
94 7389
155 7389
126 7389
91 7389
488 7389
217 7389
111 7389
18 2339
4 615
45 1288
5 176
15 1265
4 1265
11 1265
135 150
1 79
35 1983
29 1983
16 1983
10 1983
5 269
377 397
44 1208
50 1208
29 1208
21 1474
230 240
5 448
16 558
4 1113
1 1113
72 79
12 305
395 400
9 388
11 590
10 1483
146 152
146 152
4 796
1522 1536
4 805
259 276
327 328
42 1267
51 1267
46 1267
15 1267
35 1267
500 522
192 198
3 1013
2 1013
145 152
10 1303
7 1008
10 1008
1 327
6 562
12 737
15 737
5 264
173 175
38 44
0 89
17 1913
19 1913
16 1539
39 973
38 855
18 301
120 7645
421 7645
400 7645
123 7645
121 7645
339 7645
418 7645
344 7645
365 7645
318 7645
175 7645
277 7645
197 7645
283 7645
158 7645
186 7645
345 7645
143 7645
139 7645
176 7645
9305 9306
147 9306
338 9306
531 9306
556 9306
378 9306
566 9306
857 9306
287 9306
9131 9306
312 9306
523 9306
429 9306
715 9306
589 9306
492 9306
485 9306
170 9306
141 3760
163 3760
152 3760
209 3760
161 3760
124 3760
134 3760
179 3760
22 689
269 295
33 1454
32 1454
35 1454
31 1454
6 626
0 203
1 405
20 794
12 794
1 844
328 657
5 1110
9 150
1 1071
1 812
1 812
0 422
17 896
7 395
45 2339
1 135
9 324
5 721
78 79
192 204
5 811
1 368
9 380
9 380
0 384
148 152
94 98
6 68
3 446
6 777
12 777
10 884
11 884
1455 1514
845 876
323 348
0 169
21 663
18 663
17 303
11 240
3 441
1445 1474
14 733
8 1077
2 404
1 973
1 138
29 1618
4 567
21 876
1 176
29 2150
59 2150
15 876
289 311
18 1597
9 1597
20 1597
22 1597
617 618
4 98
2 184
31 776
35 776
5 497
4 57
381 392
33 670
22 670
376 392
9 511
10 247
7 876
342 344
18 965
1536 1539
1 509
5 215
9 176
4 215
5 215
1274 1386
2 283
6 764
8 465
1 792
391 10782
442 10782
384 10782
252 10782
279 10782
516 10782
527 10782
360 10782
406 10782
296 10782
425 10782
595 10782
502 10782
513 10782
486 10782
280 10782
344 10782
329 10782
419 10782
416 10782
275 10782
269 10782
475 10782
404 10782
425 10782
353 10782
4 224
22 767
10 144
521 540
20 2510
13 2510
241 269
4 269
7 1269
5 1269
3 919
4 782
4 448
0 931
2 931
2 247
4 89
28 2038
2 2038
6 2038
2 446
26 737
14 1898
20 1898
580 584
1239 1360
23 2257
7 2257
26 1695
108 2339
25 1072
3 746
7 746
0 2150
26 2150
51 3410
6 3410
71 3410
7 746
14 2150
30 2150
11 764
8 746
3 456
538 590
36 2449
50 2449
176 191
8 777
1 266
16 1027
937 976
18 976
11 3000
60 3000
15 3000
70 3000
17 3000
59 3000
4 202
2 456
8 777
3 381
1 295
3 186
434 441
1 94
33 68
5 287
10 240
70 142
236 240
18 655
7 1197
27 2831
14 2831
12 2831
13 2831
8 1331
65 4210
67 4210
103 4210
76 4210
79 4210
145 4210
131 4210
89 4210
132 4210
167 4210
199 4210
19 20
2 209
8 677
2 677
7 1547
6 1547
23 888
26 888
322 344
2 413
6 1012
17 1012
16 1012
7 269
12 467
4 504
1109 1110
5 585
21 2128
24 2128
25 2128
12 960
11 1483
28 1536
10 1536
42 1110
18 1069
23 1069
27 1069
9 1014
23 811
1058 1110
407 423
1 93
176 183
3 384
5 724
13 2375
15 2375
18 2375
171 178
765 788
4 788
5 788
6 788
731 788
1 788
0 788
776 788
7 788
1 203
212 226
34 4949
39 4949
51 4949
83 4949
121 4949
24 4949
30 4949
2 120
46 2150
33 2150
23 2150
4 653
19 689
25 2955
11 2955
34 2955
10 2955
49 2955
27 2955
35 2955
10 1695
0 439
3 439
223 225
4 2163
5 2163
172 13875
215 13875
127 13875
111 13875
99 13875
142 13875
221 13875
223 13875
225 13875
267 13875
13000 13875
317 13875
209 13875
222 13875
30 2339
5 222
2 150
9 1164
4 1164
1 1164
0 2347
4 2347
1 2347
3 2347
2 633
10 384
43 3126
37 3126
38 3126
32 3126
12 3126
41 3126
40 3126
8 1078
12 1078
4 1078
8 267
18 1926
498 526
28 812
14 858
23 5657
22 5657
49 5657
2 5657
31 5657
0 5657
21 5657
5656 5657
31 1042
422 423
4 218
168 172
25 1307
903 1021
14 384
390 400
12 240
239 247
1 176
5 247
7 124
600 618
229 247
4 1708
6 1708
0 1708
2 1708
12 762
10 762
1 152
23 371
4 264
31 442
37 442
2 389
82 5642
48 5642
32 5642
194 5642
40 5642
65 5642
94 5642
2 416
222 223
85 86
38 543
11 1403
16 1403
17 679
40 2517
2 87
652 689
10 336
4 89
1 153
1345 1403
78 1963
54 1963
6 2002
4 2002
81 2002
139 147
11 147
4 163
263 264
1503 1539
263 264
30 590
0 181
233 241
1 465
52 764
32 764
13 764
12 295
8 1652
9 1652
8 1967
4 86
1 1110
13 1183
4 1183
10 1183
3 876
7 389
22 1124
13 1124
13 1014
13 961
19 961
8 961
4 526
1 359
1009 1130
3 257
1376 1386
12 842
1039 1042
4 257
37 2403
43 2403
28 2403
96 106
9 375
17 617
27 270
26 270
322 340
4 327
10 380
19 518
8 587
6 587
9 384
1 424
9 264
26 699
23 1317
28 1317
14 1317
115 120
27 594
2 538
0 603
13 1130
2 344
236 240
1 1241
113 122
21 855
26 1898
30 1898
21 1898
18 1898
371 384
15 17
862 914
4 777
161 163
75 4713
80 4713
62 4713
271 4713
65 4713
84 4713
38 44
29 2150
26 2150
3 2150
2 2150
383 402
3 266
4 781
12 781
0 781
10 781
21 664
26 689
10 874
788 796
9 796
1403 1464
32 1464
69 1464
5 548
352 382
232 233
3 663
10 257
495 506
956 1012
9 257
7 626
3 371
735 782
48 3816
89 3816
45 3816
40 3816
67 3816
61 3816
65 3816
12 340
16 1347
7 1347
1 149
10 554
7 364
4 364
292 295
414 435
20 695
5 1247
2 1247
10 423
11 914
6 265
7 631
18 631
4 186
9 518
159 171
496 511
18 431
8 2308
13 2308
12 2303
19 2303
10 145
14 145
2 145
15 467
496 518
2 405
286 318
14 423
10 324
9 389
74 8726
237 8726
120 8726
172 8726
397 8726
233 8726
249 8726
226 8726
326 8726
315 8726
54 8726
157 8726
94 8726
2 422
1 108
5 456
0 1036
1 1036
383 391
2 344
13 679
2 154
198 397
18 3066
21 3066
152 3066
6 1214
7 1214
25 1595
29 1595
720 764
0 457
3 368
1 376
200 209
197 209
2 1191
1 1191
26 592
9 378
137 141
11 389
16 446
254 264
10 526
1068 1110
6366 12734
398 12734
475 12734
216 12734
433 12734
472 12734
6366 12734
424 12734
330 12734
414 12734
176 12734
176 12734
249 12734
259 12734
326 12734
496 12734
201 12734
340 12734
4 203
84 89
0 653
283 295
1 841
2 441
362 384
11 876
42 1264
1188 1264
44 1264
6 404
3 1483
2 1110
574 590
30 590
6 264
3 107
1254 1386
7 148
88 89
12 842
454 461
1 669
4 669
703 737
688 699
10 423
20 737
2 107
0 107
11 148
0 473
38 2629
40 2629
37 2629
45 2629
374 384
8 1589
5 1589
4 1589
2 113
8 2696
11 2696
9 2696
2 774
32 664
967 987
28 987
34 987
34 4344
28 4344
15 4344
53 4344
19 4344
30 4344
26 4344
3 222
603 626
21 1376
2 1376
8 1376
17 1376
13 558
8 680
7 680
2 234
1 177
176 177
14 384
18 441
32 441
3 376
25 1511
28 1511
8 522
9 522
0 169
6 737
32 664
9 479
36 2238
2145 2238
25 2238
26 2238
34 1074
15 737
3 762
2516 2517
760 788
50 2300
34 2300
8 762
15 618
1 183
28 270
11 558
8 252
6 295
4 1913
34 1913
38 656
13 656
23 656
230 240
1 423
24 764
372 373
0 446
1 357
16 423
0 632
15 590
537 562
437 456
0 9
293 587
558 562
10 1014
0 774
2 404
0 567
29 1407
9 594
0 690
1 690
5 250
115 127
294 295
5 2725
4 2725
6 2725
2 2725
3 2725
0 442
2 442
33 518
1 508
0 269
1 269
0 38
20 6094
21 6094
17 6094
12 6094
11 6094
8 1370
33 2737
14 2737
1403 1409
509 526
464 465
3 339
8 960
5 960
4 382
4 295
8 404
2 431
2 1536
4 615
4 844
5 308
7 504
5 560
1 730
0 730
1 764
0 1701
239 240
5 283
568 596
385 392
16 2339
9 2339
1 303
0 461
530 563
2 438
2 122
0 980
1 980
826 845
3 665
4 378
1 352
13 889
4 889
3 189
1 431
3 751
499 526
50 1955
46 1955
54 1955
49 1955
38 1955
48 1955
26 9453
36 9453
35 9453
66 9453
84 9453
44 9453
67 9453
45 9453
62 9453
40 9453
49 9453
48 9453
57 9453
33 9453
79 9453
24 3604
15 3604
17 3604
1801 3604
22 3604
37 2982
56 2982
49 2982
39 2982
30 2982
33 1152
5 499
1 181
0 181
248 249
585 613
14 395
6 575
2 122
8 1114
9 1114
141 283
141 283
0 241
27 55
5 655
8 1887
7 1887
3 1887
301 7512
227 7512
320 7512
266 7512
133 7512
235 7512
334 7512
431 7512
230 7512
373 7512
264 7512
321 7512
234 7512
125 7512
551 7512
5 328
3 623
2 106
2 82
7 305
194 196
146 151
4 439
1 328
64 2031
16 4370
20 4370
15 4370
14 4370
17 4370
19 4370
13 4370
24 4370
0 340
0 360
3 269
1 413
11 887
1 187
0 187
9 534
1461 1539
4 726
255 257
5 202
11 764
14 764
3 473
6 729
8 729
7 729
3 174
576 593
4 326
7 282
55 59
26 2849
34 2849
36 2849
22 2849
15 225
424 435
9 435
1 522
4 146
30 479
4 399
5 587
4 562
781 788
10 788
772 788
778 788
764 788
1 788
0 788
764 788
779 788
1 473
2 473
3 1528
1 1528
11 1904
15 1904
1 733
213 219
2291 2417
60 2417
502 594
15 594
572 594
5 620
4 620
6 476
3 476
3 405
1650 1695
82 91
83 91
4 1223
2 1223
15 1223
13 479
2 328
4 1879
5 1879
94 4834
47 4834
98 4834
116 4834
39 4834
97 4834
1 145
19 739
12 336
340 361
10 177
3 413
733 759
2 191
1 191
7 240
6 233
5 177
1 176
4 318
6 807
4 807
10 761
1 446
1 931
3 931
29 1074
1 812
282 287
16 764
14 1043
6 857
3 922
8 558
4 558
0 279
86 173
5 130
0 617
1 617
7 1707
5 1707
24 4275
26 4275
34 4275
31 4275
28 4275
3 1149
6 1149
10 1149
12 2971
14 2971
11 336
316 318
25 1026
4 92
3 92
2 311
1 161
7 774
8 127
365 379
0 400
14 428
375 381
11 562
488 497
379 393
2 279
13 323
361 395
2 223
7 362
19 509
9 2434
15 716
3 388
17 233
2 484
6 484
7 484
18 1075
19 1075
23 1075
30 1075
111 118
0 114
802 844
35 844
1 306
11 1742
3 1742
1 1742
417 441
8 655
5 764
3 509
1868 3737
28 3737
19 3737
20 3737
4 562
1090 2181
8 338
4 40
2 379
372 405
4 474
2 98
5 1143
362 368
670 699
314 343
10 126
20 1644
26 1644
3 767
1 767
753 767
9 20
6 310
2 354
3 61
3 297
695 727
16 395
1555 1618
5 233
375 381
1 473
201 217
1 152
719 768
0 171
0 567
0 301
1 461
774 788
744 788
764 788
759 788
766 788
1 788
0 788
768 788
762 788
2 405
11 653
3 139
0 324
13 973
16 1386
3 633
17 664
1584 1618
16 395
2 295
323 344
4 230
1109 2219
1 385
5 527
1802 1926
1845 1926
5 548
0 919
24 699
412 472
8 327
6 821
5 821
4 821
3 526
1 567
13 1012
22 1012
20 1012
526 562
10 739
2 266
218 227
0 241
35 635
2 391
3 177
5 407
6 435
0 535
483 527
365 371
357 371
236 240
7 57
289 297
248 262
3 361
19 1312
1 84
6 287
13 509
5 585
14 592
735 812
2319 2339
268 290
1 948
4 948
2 448
943 973
3 360
7 389
6 1646
31 2101
32 2101
21 2101
27 2101
7 876
30 472
260 265
9 777
5 502
2 137
189 209
10 144
1 183
4 370
134 135
1 120
4 962
22 721
1 114
5 3218
10 1747
0 231
3 1110
0 153
2 290
4 397
301 325
5 319
358 382
6 5267
50 5267
42 5267
27 5267
38 5267
44 5267
32 5267
36 5267
49 5267
55 5267
41 5267
53 5267
28 5267
39 5267
0 1034
3 1034
4 2191
7 2191
3 247
3 247
9 1416
931 1027
0 319
0 1042
0 384
2 163
8 127
2 484
1 900
1 544
18 265
6 368
0 930
6 2416
1 2416
9 2416
5 919
6 407
1 382
2 247
4 233
8 1183
6 1183
9 1183
2 1185
2 382
2 340
6 3763
5 3763
175 177
476 477
4 141
22 242
4 295
3 295
372 395
567 615
1 308
3 1695
14 511
2 227
244 257
34 2339
9 395
1 359
19 761
11 257
165 176
12 336
1 195
3 365
230 240
3 230
181 196
317 338
26 1116
14 1116
3 1124
0 300
18 1623
867 906
0 57
180 188
5 1057
0 233
3 721
273 318
687 735
698 699
1 446
4 310
1 165
463 465
15 1130
595 679
4 392
4 348
21 1898
19 1898
2 472
40 950
52 950
31 950
167 191
3 1695
4 324
1 282
5 861
19 1695
351 360
918 960
3 388
15 1701
27 453
12 453
2 247
431 461
276 295
16 1042
3 549
311 319
4 1110
6 2517
2 866
1 866
2 141
3 387
43 48
8 1791
5 1791
14 511
4 275
284 286
0 423
7 191
5 950
490 509
1 861
6 364
7 364
3 378
5 3651
4 364
8 364
0 298
5 679
19 654
6 177
11 605
3 392
4 392
5 569
0 43
10 414
256 272
5 327
12 2050
8 2050
7 2050
1 617
8 927
7 1268
5 1268
6 1268
9 1413
154 157
9 317
760 790
779 790
7 812
10 1077
556 584
541 562
51 1360
6 1695
385 405
565 587
121 127
7 1592
8 1592
3 1719
7 1719
2 1719
14 548
11 548
192 195
1 352
0 1043
21 2703
29 2703
23 2703
16 2703
1115 1165
381 395
7 1323
18 1323
11 1323
64 1323
16 1323
2 118
1 165
9 663
9 451
49 1536
25 1526
13 1526
22 1526
2 116
5 327
6 587
0 139
4 325
1 1288
2 116
211 240
2 217
355 712
38 1386
2236 2339
4 2517
6 381
271 284
4 183
272 295
2498 2517
9 2339
11 465
14 247
7 2517
4 55
2 281
0 247
31 1360
11 461
3706 3761
19 590
7 594
11 378
1537 1539
9 108
3990 4338
1466 1552
2 152
1 646
10 306
66 657
36 657
963 1042
210 421
9 1042
210 222
8 1034
0 270
4 1104
1 486
9 502
1 57
799 816
2215 2365
1024 1074
0 187
21 2236
17 2236
19 2236
8 2236
376 405
4 1110
491 497
211 222
0 120
2 151
3 1392
4 230
80 86
5 78
2281 2339
0 9
15 1021
4 318
2 308
0 279
2 762
3 88
8 721
4 1027
12 500
2 89
11 86
13 159
1 733
8 725
5 276
3 497
12 1130
2 456
1 654
4 777
1 53
0 340
450 475
138 142
644 694
5 41
4 90
550 588
13 588
8 588
6 214
2 67
7 588
5 327
6 342
3 588
189 193
3 161
87 90
571 588
6 41
12 322
1 718
2 142
11 567
8 588
3 113
3 120
24 588
5 567
10 588
572 588
464 483
31 588
3 218
538 588
279 282
259 282
13 588
217 218
7 327
0 24
13 274
6 274
7 214
1 142
5 90
44 90
3 228
3 567
3 229
560 567
12 343
13 228
5 327
1 43
368 386
666 694
13 228
20 475
14 588
447 475
26 946
3 475
0 567
1 457
9 327
17 483
13 343
1 116
6 475
208 228
326 342
326 327
551 560
3 229
7 99
12 588
7 43
41 43
0 168
12 141
3 483
0 16
19 588
7 386
15 334
10 588
12 588
552 588
15 588
7 90
581 588
11 271
15 588
14 386
63 67
551 560
335 342
24 454
11 588
9 588
3 211
657 694
9 694
218 228
298 327
11 588
17 752
4 53
1 229
30 588
6 41
7 374
8 334
2 588
442 475
106 110
1 229
1 58
46 588
2 142
7 153
12 334
3 116
111 118
20 588
385 386
15 327
4 142
224 228
10 156
3 588
20 588
3 327
331 343
152 153
430 475
10 588
9 99
11 588
10 588
566 574
11 694
4 90
17 694
0 56
531 560
7 342
20 322
9 752
11 588
16 327
2 193
14 454
314 342
2 67
17 327
19 588
6 229
324 342
66 67
44 2673
3 211
14 483
7 327
4 228
3 33
931 962
8 1539
7 125
0 120
5 80
12 816
5 554
3 176
9 406
0 66
0 473
5 977
3 844
0 290
16 502
3 88
4 275
3 147
4 515
1 1205
1389 1403
6 1695
6 605
5 605
12 1347
13 1347
27 1516
3 295
5 473
1 59
6 1021
765 788
113 228
5 1110
3 88
3 768
5 476
324 337
0 340
16 1695
4 127
0 308
345 378
0 241
4 452
1 284
3 1900
4 1900
11 3101
8 3101
0 6
5 218
34 664
3 158
0 423
11 951
824 951
2 623
3 399
45 1577
1 278
8 214
20 2150
31 2150
1 145
1 404
11 1074
16 336
6 362
3 594
2 216
0 439
499 527
19 1386
607 639
13 762
6 625
5 625
2 725
11 395
1 1036
23 1042
2 393
6 1539
7 368
15 1539
111 117
621 632
21 1042
465 518
1 567
2 452
1 1071
1 347
7 303
0 120
27 270
15 2237
51 2237
24 2237
10 2237
19 2237
1 233
1436 1552
0 409
1 1230
0 1230
28 853
2 400
0 126
12 446
12 857
0 973
3 274
2 274
11 3390
28 3390
14 3390
13 3390
1 584
870 890
2 626
215 216
5 1346
1 247
285 287
73 79
0 196
25 191
134 7353
193 7353
63 7353
356 7353
107 7353
36 7353
120 7353
135 7353
240 7353
367 7353
221 7353
122 7353
222 7353
191 7353
156 7353
100 7353
4 141
12 2466
16 2466
17 2466
13 2466
0 1456
177 10604
120 10604
235 10604
32 10604
44 10604
258 10604
77 10604
116 10604
181 10604
192 10604
26 10604
38 10604
173 10604
106 10604
125 10604
109 10604
15 1655
14 1655
0 407
11 1162
14 1162
6 1162
5 1162
3 479
27 623
2 87
513 564
380 391
0 295
1 590
1 508
1639 1695
45 47
775 788
750 788
760 788
756 788
761 788
1 788
0 788
752 788
773 788
3 230
1 739
1 436
41 1695
0 247
12 626
12 567
109 115
44 48
8 344
3 684
19 764
1 582
18 1072
4 1862
6 1862
11 369
20 876
5 625
1 233
3 937
6 937
11 937
1 230
1 421
255 272
5 218
1 812
10 826
31 919
1 887
12 1072
30 2339
10 958
9 958
12 1623
7 141
4 792
3 811
2 2330
3 2330
240 247
21 974
118 120
0 182
0 423
7 1967
2 30
8 384
4 549
73 1153
0 497
1 188
17 498
8 157
5 157
13 2339
7 950
3 57
0 135
21 473
1 962
2 448
0 163
4 414
2 1161
6 1161
5 1161
0 117
1 96
30 1403
20 1346
3 139
51 1110
19 473
1 318
9 318
2 700
2 162
1 1967
5 1539
6 1539
0 106
15 5662
16 5662
11 5662
13 5662
12 5662
21 1536
1469 1536
12 625
18 2565
16 2565
20 2565
13 2565
19 2565
15 2565
1698 1747
12 384
5 183
13 1249
15 1249
3 87
19 812
718 746
5 2128
0 2128
4 2128
2 473
0 67
123 124
1 178
3 764
2 379
3 2396
0 2396
1 2396
8 890
22 890
9 890
6 38
4 2407
3 2407
5 2407
10 2407
3 735
1 581
0 581
2 385
1 385
563 615
1 139
628 641
5 448
4 1064
14 1064
8 2225
3 89
18 941
0 89
4 1419
4 452
3 80
524 554
1 89
12 1294
31 1294
355 381
77 1948
187 1948
79 1948
85 1948
1 962
4 448
1 352
1 137
2 594
3 1708
0 1708
283 287
1 25
14 816
2 626
0 90
37 2339
0 1536
5 233
55 69
13 319
14 796
2 446
0 527
0 142
1 369
1 153
4 590
6 385
29 413
0 446
5 2395
8 2395
5 404
295 592
39 2163
44 2163
75 2163
2 55
26 191
13 2423
9 2423
16 2423
3 344
188 196
9 452
1380 1403
0 1205
3 1205
4 1014
1 294
3 448
81 86
11 395
21 844
12 844
298 303
8 1360
1 812
0 107
1 562
453 479
17 467
44 1733
24 1733
32 1733
76 80
1 739
8 446
123 247
0 389
1 733
214 215
5 295
21 431
0 175
6 130
18 187
122 135
2 284
6 371
4 330
5 1724
4 1724
6 1724
5 549
19 919
1112 1139
2 896
4 896
19 437
100 103
13 264
257 261
5 264
4 648
93 1577
0 1501
9 1501
3 1501
585 617
34 1618
6 285
7 504
5 115
1 48
0 247
1 737
1 223
0 509
1 311
3 594
476 477
1 345
2 733
6 789
5 789
6 605
7 1747
2 347
30 1511
28 1511
11 362
133 147
5 307
20 139
15 139
2 382
1677 1766
754 788
4 788
2 788
3 788
7 788
0 788
1 788
747 788
6 788
16 694
1 694
10 307
167 174
8 371
12 1077
1 537
167 178
0 103
4 290
19 3159
17 3159
10 3159
13 1331
24 50
1 716
1 508
38 1909
1770 1909
33 1909
2 1618
36 1618
5 384
7 384
0 102
1 94
2 585
15 474
504 535
0 261
294 295
0 169
5 148
4 183
15 876
1 733
13 1787
22 1787
19 1787
9 617
1 1553
3 1553
7 504
4 343
0 632
2 127
484 504
14 1083
1 65
1076 1144
2 178
159 172
230 240
403 431
892 919
0 498
1 1618
1441 1475
354 368
3 26
12 1965
7 1965
4 1965
5 1965
8 1965
2 1965
16 125
0 175
1 55
8 379
9 229
212 229
0 230
5 1042
7 344
8 323
8 746
22 876
9 479
394 406
3 504
2 171
3 575
17 764
18 1913
19 1913
3 1057
4 269
1 173
329 344
0 772
17 242
7 1695
15 1695
6 382
10 764
1 175
0 94
0 811
0 394
0 1287
0 176
9 139
1 310
1 360
3 230
6 811
5 381
4 1129
12 1129
3 1129
1 638
1070 1071
24 1410
37 1410
32 1410
3 811
5 497
33 37
1 285
1 305
6 256
1 360
230 233
8 623
2 1061
4 260
0 452
2 563
550 592
3 144
326 327
6 617
12 337
11 362
5425 5976
64 5976
127 5976
118 5976
81 5976
153 5976
134 5976
97 5976
85 5976
1013 1075
1 379
6 661
160 162
2 2517
23 431
6 100
0 1386
6 850
3 511
366 405
4 1102
0 1102
1 370
4 196
1 361
11 841
665 698
0 124
0 290
215 218
0 439
214 229
0 349
4 89
1 360
331 333
331 333
9 526
118 122
1 412
194 196
8 874
0 247
5 896
0 338
1 338
3 142
1729 1779
1706 1779
46 1779
1689 1779
3 1238
16 876
20 1853
16 1853
6 1853
4 592
4 564
11 173
6 1539
0 158
6 812
3 584
1 328
9 262
6 816
6 99
16 796
6 404
5 146
338 345
1 464
223 228
4 274
459 919
9 502
1 1110
3 122
5 446
8 518
0 141
556 585
516 561
3 2808
9 1357
1340 1416
1 204
5 100
281 563
6 564
4 473
1038 1110
6 339
163 327
8 308
266 295
9 587
1 777
16 558
1 149
204 209
0 279
7 962
12 3095
13 3095
11 3095
17 1617
1 1617
11 1617
0 1617
296 318
5 327
8 1767
17 1767
27 1767
15 1767
237 240
1 1071
7 522
0 1618
2 465
0 465
1 465
