383 384
374 375
391 392
17 576
3 576
765 776
770 776
507 511
24 2287
20 2287
6 745
4 745
883 914
336 338
440 448
2 691
5 691
3 183
900 914
28 1155
36 1155
577 1155
19 1155
20 1155
1292 1370
1581 1623
266 7389
197 7389
211 7389
161 7389
159 7389
171 7389
174 7389
128 7389
215 7389
138 7389
56 7389
83 2339
14 615
1287 1288
173 176
18 1265
14 1265
20 1265
149 150
3 79
56 1983
54 1983
34 1983
36 1983
262 269
391 397
18 1208
69 1208
48 1208
1471 1474
239 240
4 448
22 558
5 1113
4 1113
2 79
304 305
398 400
4 388
14 590
1473 1483
149 152
146 152
8 796
767 1536
766 805
275 276
321 328
49 1267
56 1267
43 1267
41 1267
48 1267
520 522
195 198
2 1013
2 1013
147 152
1300 1303
11 1008
9 1008
9 327
6 562
20 737
724 737
260 264
5 175
43 44
0 89
37 1913
19 1913
1532 1539
30 973
854 855
300 301
423 7645
324 7645
653 7645
573 7645
385 7645
617 7645
611 7645
606 7645
589 7645
516 7645
548 7645
593 7645
507 7645
607 7645
563 7645
603 7645
586 7645
584 7645
427 7645
592 7645
696 9306
549 9306
587 9306
600 9306
634 9306
524 9306
724 9306
619 9306
621 9306
9271 9306
9073 9306
674 9306
550 9306
746 9306
694 9306
606 9306
506 9306
533 9306
192 3760
160 3760
229 3760
228 3760
193 3760
140 3760
182 3760
202 3760
676 689
289 295
44 1454
53 1454
52 1454
46 1454
10 626
3 203
6 405
789 794
780 794
843 844
328 657
1048 1110
140 150
1057 1071
5 812
799 812
3 422
890 896
393 395
2275 2339
2 135
323 324
700 721
76 79
200 204
810 811
367 368
379 380
379 380
375 384
147 152
97 98
66 68
442 446
22 777
775 777
13 884
875 884
1513 1514
855 876
1 348
1 169
19 663
24 663
300 303
11 240
440 441
5 1474
732 733
1057 1077
394 404
965 973
1 138
1598 1618
566 567
875 876
1 176
2148 2150
2149 2150
875 876
307 311
18 1597
22 1597
20 1597
30 1597
614 618
4 98
180 184
774 776
770 776
496 497
56 57
391 392
44 670
40 670
391 392
502 511
246 247
875 876
171 344
964 965
1520 1539
508 509
5 215
12 176
214 215
211 215
1330 1386
282 283
728 764
464 465
3 792
598 10782
569 10782
666 10782
423 10782
660 10782
697 10782
600 10782
532 10782
640 10782
591 10782
687 10782
565 10782
680 10782
659 10782
626 10782
603 10782
315 10782
480 10782
631 10782
604 10782
617 10782
627 10782
539 10782
721 10782
687 10782
622 10782
4 224
10 767
143 144
535 540
22 2510
20 2510
134 269
5 269
12 1269
10 1269
5 919
745 782
4 448
5 931
7 931
237 247
84 89
62 2038
22 2038
46 2038
437 446
731 737
15 1898
34 1898
572 584
1359 1360
37 2257
26 2257
1694 1695
2338 2339
1068 1072
732 746
745 746
30 2150
33 2150
106 3410
90 3410
86 3410
743 746
55 2150
50 2150
763 764
742 746
6 456
18 590
44 2449
50 2449
182 191
756 777
261 266
1025 1027
973 976
966 976
35 3000
2837 3000
16 3000
2872 3000
26 3000
82 3000
7 202
3 456
11 777
375 381
285 295
185 186
220 441
1 94
33 68
12 287
239 240
70 142
235 240
627 655
1191 1197
28 2831
27 2831
32 2831
35 2831
1297 1331
244 4210
192 4210
215 4210
155 4210
176 4210
182 4210
227 4210
4015 4210
189 4210
170 4210
218 4210
16 20
7 209
9 677
2 677
11 1547
7 1547
37 888
30 888
343 344
3 413
14 1012
0 1012
14 1012
267 269
462 467
494 504
554 1110
12 585
40 2128
32 2128
12 2128
13 960
1468 1483
1535 1536
38 1536
1109 1110
36 1069
41 1069
34 1069
1001 1014
794 811
1109 1110
407 423
1 93
175 183
380 384
691 724
24 2375
25 2375
29 2375
177 178
784 788
779 788
787 788
780 788
784 788
2 788
1 788
784 788
783 788
190 203
214 226
119 4949
121 4949
118 4949
2 4949
68 4949
58 4949
6 4949
119 120
70 2150
53 2150
41 2150
634 653
651 689
38 2955
28 2955
40 2955
24 2955
2791 2955
36 2955
29 2955
1640 1695
409 439
403 439
209 225
2106 2163
2105 2163
336 13875
354 13875
428 13875
262 13875
293 13875
420 13875
434 13875
464 13875
332 13875
338 13875
6937 13875
313 13875
433 13875
278 13875
2295 2339
4 222
140 150
14 1164
6 1164
4 1164
56 2347
53 2347
52 2347
54 2347
627 633
382 384
85 3126
86 3126
21 3126
82 3126
83 3126
22 3126
32 3126
14 1078
20 1078
15 1078
260 267
1924 1926
262 526
810 812
845 858
68 5657
81 5657
109 5657
57 5657
89 5657
49 5657
75 5657
5654 5657
30 1042
419 423
7 218
85 172
1271 1307
997 1021
378 384
399 400
236 240
5 247
1 176
246 247
122 124
616 618
246 247
12 1708
16 1708
5 1708
13 1708
15 762
8 762
1 152
369 371
256 264
34 442
40 442
4 389
78 5642
91 5642
32 5642
129 5642
97 5642
77 5642
130 5642
2 416
221 223
84 86
537 543
1375 1403
1381 1403
677 679
2516 2517
86 87
680 689
333 336
88 89
3 153
1385 1403
1852 1963
1784 1963
11 2002
13 2002
2001 2002
132 147
146 147
154 163
131 264
1502 1539
131 264
584 590
0 181
120 241
436 465
756 764
752 764
759 764
274 295
14 1652
13 1652
1963 1967
85 86
1109 1110
1 1183
16 1183
15 1183
875 876
388 389
28 1124
25 1124
1011 1014
17 961
22 961
14 961
10 526
2 359
1115 1130
256 257
35 1386
838 842
520 1042
6 257
40 2403
65 2403
44 2403
105 106
367 375
614 617
269 270
269 270
337 340
311 327
379 380
517 518
13 587
1 587
383 384
419 424
255 264
694 699
35 1317
34 1317
31 1317
115 120
590 594
480 538
593 603
1091 1130
340 344
239 240
8 1241
121 122
31 855
37 1898
40 1898
38 1898
18 1898
14 384
8 17
911 914
764 777
158 163
169 4713
131 4713
93 4713
4639 4713
40 4713
104 4713
42 44
43 2150
40 2150
3 2150
7 2150
401 402
132 266
9 781
10 781
8 781
7 781
653 664
650 689
14 874
795 796
793 796
59 1464
1461 1464
1443 1464
545 548
380 382
116 233
662 663
249 257
252 506
979 1012
243 257
600 626
3 371
390 782
99 3816
113 3816
104 3816
103 3816
114 3816
73 3816
61 3816
339 340
25 1347
20 1347
1 149
553 554
9 364
5 364
147 295
217 435
685 695
24 1247
21 1247
422 423
898 914
254 265
18 631
22 631
185 186
517 518
85 171
255 511
27 431
14 2308
16 2308
27 2303
30 2303
7 145
11 145
3 145
466 467
516 518
403 405
315 318
417 423
322 324
388 389
181 8726
307 8726
45 8726
259 8726
305 8726
309 8726
488 8726
277 8726
356 8726
321 8726
117 8726
203 8726
206 8726
389 422
105 108
455 456
7 1036
6 1036
1 391
3 344
656 679
2 154
198 397
38 3066
39 3066
46 3066
11 1214
10 1214
47 1595
44 1595
758 764
456 457
6 368
370 376
204 209
207 209
29 1191
26 1191
591 592
10 378
70 141
388 389
444 446
263 264
525 526
1089 1110
6366 12734
474 12734
594 12734
452 12734
512 12734
541 12734
6366 12734
519 12734
562 12734
602 12734
409 12734
409 12734
369 12734
340 12734
458 12734
636 12734
384 12734
425 12734
199 203
85 89
642 653
287 295
819 841
429 441
371 384
862 876
36 1264
631 1264
1217 1264
403 404
1413 1483
16 1110
584 590
589 590
263 264
95 107
1312 1386
147 148
88 89
9 842
454 461
2 669
5 669
714 737
686 699
419 423
8 737
106 107
0 107
137 148
2 473
63 2629
68 2629
65 2629
69 2629
382 384
15 1589
14 1589
16 1589
108 113
23 2696
24 2696
26 2696
744 774
645 664
493 987
44 987
45 987
48 4344
52 4344
25 4344
78 4344
39 4344
41 4344
46 4344
217 222
623 626
30 1376
15 1376
23 1376
29 1376
557 558
9 680
6 680
228 234
174 177
165 177
15 384
436 441
430 441
374 376
32 1511
33 1511
7 522
12 522
168 169
12 737
33 664
476 479
62 2238
73 2238
41 2238
56 2238
1065 1074
718 737
5 762
2516 2517
393 788
2294 2300
68 2300
760 762
601 618
177 183
269 270
11 558
243 252
281 295
22 1913
21 1913
654 656
13 656
28 656
239 240
422 423
381 764
372 373
0 446
341 357
422 423
596 632
589 590
561 562
454 456
8 9
293 587
556 562
994 1014
751 774
396 404
564 567
1372 1407
593 594
2 690
4 690
249 250
126 127
294 295
12 2725
11 2725
14 2725
10 2725
13 2725
0 442
2 442
513 518
497 508
11 269
10 269
36 38
42 6094
39 6094
34 6094
30 6094
26 6094
1369 1370
43 2737
27 2737
1370 1409
262 526
457 465
337 339
10 960
8 960
5 382
294 295
403 404
8 431
2 1536
15 615
7 844
307 308
8 504
545 560
1 730
0 730
752 764
1636 1701
236 240
141 283
15 596
378 392
42 2339
30 2339
3 303
2 461
16 563
3 438
1 122
1 980
2 980
841 845
632 665
3 378
351 352
23 889
6 889
184 189
1 431
11 751
262 526
69 1955
58 1955
74 1955
66 1955
63 1955
68 1955
87 9453
72 9453
102 9453
147 9453
138 9453
72 9453
132 9453
110 9453
136 9453
112 9453
72 9453
129 9453
111 9453
107 9453
105 9453
53 3604
49 3604
51 3604
1801 3604
50 3604
63 2982
56 2982
66 2982
60 2982
45 2982
1129 1152
2 499
1 181
0 181
124 249
600 613
392 395
566 575
2 122
7 1114
1 1114
141 283
141 283
240 241
27 55
635 655
14 1887
12 1887
0 1887
334 7512
333 7512
328 7512
381 7512
98 7512
344 7512
362 7512
465 7512
262 7512
441 7512
361 7512
348 7512
366 7512
254 7512
7508 7512
314 328
622 623
105 106
0 82
11 305
190 196
75 151
433 439
318 328
2000 2031
35 4370
38 4370
33 4370
32 4370
36 4370
34 4370
31 4370
37 4370
332 340
359 360
3 269
3 413
877 887
1 187
0 187
529 534
1490 1539
690 726
128 257
198 202
14 764
18 764
9 473
8 729
7 729
6 729
173 174
296 593
325 326
279 282
29 59
1 2849
0 2849
33 2849
10 2849
218 225
217 435
428 435
520 522
145 146
478 479
393 399
586 587
8 562
393 788
0 788
393 788
393 788
393 788
2 788
2 788
393 788
393 788
1 473
2 473
4 1528
7 1528
16 1904
1861 1904
726 733
215 219
68 2417
2346 2417
557 594
13 594
584 594
4 620
5 620
8 476
5 476
402 405
5 1695
90 91
45 91
1215 1223
12 1223
1222 1223
475 479
2 328
3 1879
6 1879
144 4834
33 4834
55 4834
124 4834
24 4834
80 4834
1 145
10 739
334 336
354 361
88 177
396 413
379 759
2 191
2 191
229 240
12 233
176 177
0 176
4 318
8 807
6 807
753 761
2 446
6 931
7 931
34 1074
2 812
143 287
19 764
1039 1043
838 857
918 922
0 558
3 558
0 279
86 173
127 130
0 617
1 617
15 1707
8 1707
52 4275
53 4275
41 4275
58 4275
57 4275
16 1149
17 1149
18 1149
39 2971
37 2971
333 336
316 318
1003 1026
7 92
8 92
5 311
1 161
764 774
11 127
376 379
399 400
405 428
190 381
4 562
486 497
386 393
2 279
316 323
391 395
207 223
354 362
497 509
2423 2434
699 716
369 388
20 233
479 484
483 484
483 484
1074 1075
1054 1075
1073 1075
1074 1075
58 118
0 114
837 844
840 844
303 306
7 1742
9 1742
8 1742
435 441
617 655
733 764
473 509
1868 3737
48 3737
44 3737
49 3737
4 562
1090 2181
5 338
39 40
376 379
402 405
6 474
90 98
1142 1143
183 368
694 699
338 343
10 126
28 1644
27 1644
8 767
2 767
383 767
9 20
154 310
350 354
55 61
2 297
363 727
384 395
1614 1618
225 233
190 381
1 473
108 217
144 152
383 768
158 171
7 567
300 301
5 461
393 788
2 788
393 788
393 788
393 788
0 788
0 788
393 788
393 788
404 405
652 653
136 139
322 324
972 973
1347 1386
3 633
22 664
1582 1618
394 395
3 295
171 344
6 230
1109 2219
2 385
510 527
1909 1926
1925 1926
7 548
2 919
689 699
427 472
319 327
13 821
11 821
12 821
513 526
548 567
14 1012
14 1012
22 1012
560 562
737 739
6 266
113 227
238 241
632 635
381 391
5 177
400 407
5 435
500 535
500 527
367 371
370 371
239 240
56 57
148 297
257 262
360 361
23 1312
80 84
279 287
504 509
582 585
572 592
784 812
1169 2339
282 290
924 948
5 948
2 448
972 973
346 360
8 389
9 1646
37 2101
44 2101
36 2101
35 2101
863 876
433 472
263 265
713 777
495 502
136 137
104 209
10 144
180 183
369 370
134 135
2 120
6 962
720 721
107 114
3196 3218
1722 1747
0 231
4 1110
0 153
9 290
389 397
319 325
312 319
376 382
59 5267
82 5267
70 5267
66 5267
50 5267
69 5267
3 5267
19 5267
87 5267
81 5267
73 5267
75 5267
58 5267
51 5267
3 1034
5 1034
7 2191
6 2191
246 247
245 247
1394 1416
513 1027
0 319
3 1042
0 384
155 163
10 127
3 484
899 900
541 544
262 265
357 368
1 930
12 2416
11 2416
14 2416
5 919
406 407
380 382
245 247
220 233
16 1183
15 1183
14 1183
1183 1185
381 382
5 340
7 3763
6 3763
176 177
468 477
140 141
241 242
7 295
6 295
394 395
307 615
292 308
1673 1695
499 511
2 227
256 257
62 2339
389 395
3 359
750 761
255 257
175 176
334 336
2 195
362 365
239 240
223 230
190 196
329 338
1097 1116
989 1116
10 1124
2 300
33 1623
902 906
56 57
185 188
1056 1057
1 233
708 721
315 318
730 735
690 699
430 446
305 310
159 165
232 465
1074 1130
339 679
379 392
173 348
28 1898
23 1898
8 472
48 950
59 950
43 950
189 191
1643 1695
323 324
2 282
850 861
1671 1695
179 360
924 960
2 388
22 1701
28 453
30 453
246 247
452 461
294 295
1024 1042
548 549
159 319
6 1110
6 2517
4 866
2 866
131 141
384 387
23 48
17 1791
13 1791
504 511
1 275
142 286
414 423
2 191
948 950
507 509
857 861
10 364
8 364
372 378
3602 3651
9 364
8 364
0 298
559 679
648 654
175 177
9 605
3 392
385 392
551 569
0 43
399 414
268 272
312 327
14 2050
13 2050
10 2050
596 617
24 927
8 1268
3 1268
2 1268
1400 1413
78 157
303 317
787 790
394 790
799 812
538 1077
564 584
557 562
1358 1360
1694 1695
202 405
293 587
124 127
14 1592
13 1592
9 1719
11 1719
10 1719
17 548
15 548
194 195
344 352
1 1043
48 2703
53 2703
50 2703
47 2703
1135 1165
388 395
27 1323
30 1323
25 1323
28 1323
26 1323
117 118
3 165
646 663
3 451
1524 1536
27 1526
26 1526
31 1526
114 116
317 327
575 587
135 139
5 325
2 1288
112 116
237 240
3 217
355 712
1374 1386
2281 2339
9 2517
380 381
141 284
175 183
147 295
2516 2517
17 2339
435 465
236 247
20 2517
5 55
7 281
0 247
1357 1360
460 461
3637 3761
589 590
567 594
353 378
36 1539
107 108
2168 4338
775 1552
1 152
3 646
9 306
656 657
653 657
1038 1042
210 421
34 1042
220 222
18 1034
269 270
1092 1104
3 486
499 502
56 57
407 816
2317 2365
1065 1074
180 187
24 2236
21 2236
20 2236
8 2236
389 405
1035 1110
488 497
110 222
119 120
5 151
6 1392
4 230
84 86
77 78
1169 2339
8 9
979 1021
301 318
298 308
0 279
8 762
87 88
702 721
0 1027
498 500
86 89
82 86
13 159
1 733
722 725
259 276
4 497
1095 1130
4 456
3 654
8 777
52 53
0 340
237 475
140 142
693 694
40 41
8 90
587 588
580 588
25 588
212 214
66 67
583 588
324 327
329 342
587 588
96 193
160 161
44 90
587 588
40 41
13 322
18 718
141 142
551 567
562 588
112 113
118 120
587 588
7 567
566 588
582 588
477 483
587 588
5 218
578 588
280 282
276 282
587 588
108 218
310 327
11 24
15 274
13 274
213 214
2 142
6 90
44 90
6 228
4 567
3 229
553 567
337 343
227 228
7 327
42 43
385 386
680 694
226 228
463 475
3 588
467 475
933 946
16 475
552 567
3 457
325 327
482 483
342 343
4 116
24 475
113 228
341 342
163 327
279 560
222 229
8 99
585 588
42 43
42 43
167 168
134 141
5 483
15 16
577 588
382 386
322 334
587 588
585 588
576 588
583 588
89 90
585 588
270 271
575 588
379 386
66 67
279 560
170 342
453 454
14 588
561 588
205 211
684 694
680 694
226 228
321 327
579 588
751 752
52 53
0 229
583 588
39 41
8 374
329 334
4 588
474 475
100 110
227 229
57 58
587 588
141 142
152 153
15 334
3 116
58 118
587 588
366 386
321 327
141 142
216 228
77 156
567 588
586 588
9 327
340 343
151 153
9 475
587 588
98 99
570 588
587 588
286 574
685 694
86 90
679 694
0 56
279 560
5 342
319 322
19 752
577 588
18 327
4 193
430 454
341 342
66 67
326 327
578 588
227 229
337 342
66 67
2657 2673
207 211
477 483
326 327
11 228
3 33
480 962
7 1539
123 125
119 120
78 80
814 816
553 554
175 176
405 406
0 66
1 473
972 977
840 844
1 290
11 502
87 88
273 275
141 147
5 515
1190 1205
1399 1403
9 1695
3 605
8 605
23 1347
34 1347
1482 1516
294 295
456 473
7 59
13 1021
780 788
113 228
33 1110
3 88
744 768
465 476
336 337
1 340
1692 1695
5 127
301 308
376 378
229 241
447 452
283 284
11 1900
12 1900
17 3101
19 3101
5 6
216 218
662 664
156 158
1 423
16 951
865 951
619 623
397 399
1576 1577
7 278
213 214
54 2150
86 2150
142 145
0 404
1070 1074
10 336
358 362
9 594
215 216
12 439
525 527
1368 1386
634 639
733 762
8 625
7 625
724 725
394 395
1027 1036
999 1042
392 393
1482 1539
367 368
1520 1539
58 117
563 632
1018 1042
513 518
554 567
440 452
1057 1071
329 347
296 303
118 120
269 270
45 2237
2232 2237
19 2237
21 2237
42 2237
232 233
775 1552
408 409
15 1230
9 1230
852 853
398 400
124 126
440 446
856 857
972 973
3 274
4 274
0 3390
32 3390
2 3390
6 3390
582 584
873 890
11 626
107 216
18 1346
244 247
143 287
39 79
195 196
188 191
184 7353
337 7353
113 7353
7229 7353
160 7353
157 7353
352 7353
277 7353
326 7353
7238 7353
260 7353
275 7353
355 7353
349 7353
342 7353
251 7353
134 141
21 2466
20 2466
22 2466
19 2466
6 1456
215 10604
157 10604
300 10604
194 10604
226 10604
256 10604
134 10604
228 10604
144 10604
184 10604
137 10604
146 10604
212 10604
203 10604
262 10604
139 10604
28 1655
27 1655
2 407
18 1162
16 1162
5 1162
15 1162
466 479
612 623
86 87
534 564
195 391
291 295
1 590
502 508
1681 1695
23 47
393 788
0 788
784 788
8 788
393 788
2 788
0 788
784 788
393 788
3 230
738 739
2 436
1694 1695
237 247
609 626
563 567
114 115
23 48
335 344
1 684
734 764
6 582
5 1072
8 1862
11 1862
361 369
872 876
617 625
1 233
4 937
8 937
0 937
5 230
420 421
271 272
214 218
9 812
822 826
917 919
3 887
3 1072
2289 2339
13 958
8 958
20 1623
139 141
762 792
740 811
4 2330
5 2330
6 247
937 974
117 120
0 182
0 423
1914 1967
29 30
383 384
540 549
1141 1153
0 497
1 188
493 498
8 157
2 157
50 2339
938 950
56 57
2 135
472 473
13 962
447 448
1 163
4 414
6 1161
9 1161
11 1161
1 117
1 96
1402 1403
1324 1346
2 139
1047 1110
472 473
6 318
4 318
11 700
2 162
1 1967
1489 1539
1489 1539
105 106
36 5662
29 5662
25 5662
27 5662
28 5662
1535 1536
1493 1536
14 625
26 2565
25 2565
27 2565
21 2565
22 2565
18 2565
1745 1747
12 384
180 183
6 1249
23 1249
86 87
799 812
745 746
30 2128
23 2128
45 2128
2 473
66 67
122 124
169 178
9 764
376 379
48 2396
49 2396
2377 2396
21 890
25 890
22 890
37 38
24 2407
27 2407
26 2407
21 2407
8 735
4 581
2 581
2 385
0 385
597 615
2 139
640 641
432 448
7 1064
18 1064
2219 2225
88 89
916 941
1 89
12 1419
451 452
77 80
532 554
1 89
1281 1294
1242 1294
374 381
88 1948
109 1948
96 1948
108 1948
6 962
441 448
1 352
136 137
574 594
7 1708
6 1708
143 287
1 25
805 816
623 626
85 90
3 2339
1535 1536
9 233
0 69
9 319
792 796
445 446
526 527
139 142
1 369
3 153
588 590
384 385
400 413
1 446
9 2395
13 2395
395 404
295 592
25 2163
13 2163
14 2163
53 55
19 191
26 2423
14 2423
29 2423
5 344
3 196
442 452
1398 1403
22 1205
21 1205
30 1014
290 294
445 448
85 86
394 395
843 844
19 844
300 303
30 1360
4 812
101 107
556 562
478 479
460 467
1732 1733
37 1733
38 1733
78 80
735 739
445 446
123 247
387 389
32 733
214 215
292 295
425 431
170 175
129 130
182 187
1 135
282 284
325 371
325 330
10 1724
7 1724
11 1724
544 549
9 919
569 1139
5 896
7 896
435 437
51 103
19 264
260 261
263 264
647 648
1523 1577
15 1501
18 1501
16 1501
616 617
1611 1618
279 285
503 504
114 115
47 48
3 247
10 737
205 223
508 509
302 311
590 594
467 477
344 345
732 733
13 789
12 789
15 605
1697 1747
341 347
25 1511
27 1511
361 362
144 147
297 307
136 139
137 139
381 382
1746 1766
393 788
4 788
5 788
7 788
393 788
0 788
2 788
393 788
6 788
17 694
2 694
5 307
170 174
364 371
1076 1077
535 537
88 178
95 103
289 290
35 3159
31 3159
18 3159
1268 1331
24 50
705 716
507 508
53 1909
54 1909
30 1909
4 1618
1615 1618
383 384
380 384
0 102
93 94
11 585
435 474
267 535
3 261
294 295
167 169
146 148
181 183
19 876
732 733
23 1787
37 1787
36 1787
592 617
10 1553
14 1553
502 504
329 343
1 632
125 127
503 504
1058 1083
2 65
1114 1144
177 178
168 172
119 240
215 431
892 919
485 498
4 1618
1472 1475
183 368
3 26
16 1965
15 1965
12 1965
11 1965
10 1965
6 1965
124 125
3 175
27 55
2 379
3 229
1 229
229 230
993 1042
10 344
10 323
744 746
860 876
12 479
405 406
4 504
2 171
3 575
15 764
32 1913
18 1913
1045 1057
4 269
1 173
338 344
14 772
23 242
1660 1695
1691 1695
381 382
762 764
174 175
92 94
810 811
393 394
1275 1287
0 176
138 139
301 310
359 360
226 230
810 811
377 381
13 1129
16 1129
10 1129
3 638
1070 1071
37 1410
45 1410
28 1410
810 811
496 497
18 37
282 285
304 305
2 256
359 360
116 233
14 623
21 1061
259 260
4 452
562 563
590 592
134 144
163 327
599 617
13 337
12 362
5838 5976
126 5976
217 5976
231 5976
218 5976
204 5976
321 5976
177 5976
166 5976
1068 1075
378 379
7 661
161 162
2 2517
415 431
96 100
1334 1386
847 850
7 511
403 405
9 1102
4 1102
4 370
4 196
360 361
835 841
687 698
119 124
289 290
108 218
1 439
217 229
348 349
3 89
359 360
322 333
332 333
525 526
121 122
411 412
194 196
13 874
0 247
862 896
1 338
0 338
1 142
1778 1779
889 1779
1777 1779
889 1779
1236 1238
870 876
25 1853
24 1853
13 1853
566 592
562 564
166 173
1502 1539
3 158
11 812
5 584
2 328
255 262
14 816
98 99
791 796
403 404
5 146
344 345
461 464
226 228
5 274
459 919
15 502
1109 1110
117 122
5 446
513 518
0 141
581 585
539 561
2775 2808
14 1357
707 1416
196 204
98 100
281 563
563 564
472 473
1079 1110
11 339
163 327
304 308
293 295
572 587
13 777
20 558
148 149
203 209
2 279
929 962
19 3095
21 3095
20 3095
11 1617
0 1617
14 1617
1 1617
314 318
319 327
40 1767
35 1767
39 1767
41 1767
239 240
15 1071
518 522
1616 1618
2 465
1 465
449 465
