383 384
372 375
385 392
17 576
3 576
765 776
769 776
506 511
20 2287
24 2287
5 745
4 745
867 914
11 338
440 448
3 691
4 691
5 183
894 914
28 1155
36 1155
577 1155
17 1155
19 1155
5 1370
1574 1623
271 7389
191 7389
206 7389
166 7389
157 7389
171 7389
167 7389
136 7389
221 7389
132 7389
56 7389
2151 2339
14 615
1286 1288
171 176
16 1265
12 1265
19 1265
149 150
3 79
51 1983
50 1983
29 1983
31 1983
265 269
387 397
18 1208
68 1208
43 1208
1459 1474
239 240
4 448
21 558
4 1113
3 1113
2 79
302 305
396 400
4 388
11 590
1460 1483
148 152
147 152
8 796
767 1536
762 805
274 276
323 328
48 1267
66 1267
40 1267
44 1267
50 1267
520 522
193 198
2 1013
2 1013
147 152
1291 1303
11 1008
10 1008
7 327
5 562
17 737
16 737
260 264
5 175
43 44
0 89
35 1913
20 1913
1525 1539
29 973
854 855
300 301
396 7645
289 7645
598 7645
454 7645
287 7645
578 7645
572 7645
565 7645
560 7645
513 7645
452 7645
523 7645
437 7645
510 7645
468 7645
522 7645
478 7645
461 7645
313 7645
487 7645
728 9306
398 9306
610 9306
626 9306
669 9306
382 9306
737 9306
657 9306
621 9306
9216 9306
9016 9306
706 9306
618 9306
709 9306
711 9306
498 9306
360 9306
383 9306
175 3760
111 3760
211 3760
212 3760
183 3760
147 3760
155 3760
167 3760
676 689
288 295
40 1454
51 1454
49 1454
41 1454
8 626
2 203
5 405
787 794
785 794
843 844
328 657
1037 1110
148 150
15 1071
5 812
789 812
0 422
863 896
394 395
2310 2339
126 135
323 324
697 721
76 79
199 204
810 811
367 368
379 380
379 380
378 384
146 152
97 98
66 68
442 446
20 777
775 777
20 884
21 884
1513 1514
848 876
2 348
1 169
19 663
24 663
302 303
10 240
440 441
1459 1474
732 733
1051 1077
3 404
8 973
1 138
1569 1618
561 567
870 876
1 176
2149 2150
2145 2150
869 876
308 311
17 1597
21 1597
18 1597
27 1597
614 618
4 98
3 184
773 776
774 776
496 497
56 57
386 392
43 670
42 670
391 392
13 511
246 247
874 876
343 344
961 965
1537 1539
508 509
7 215
12 176
214 215
6 215
1330 1386
282 283
718 764
464 465
2 792
624 10782
596 10782
621 10782
547 10782
614 10782
674 10782
646 10782
435 10782
608 10782
551 10782
664 10782
649 10782
729 10782
672 10782
670 10782
607 10782
277 10782
558 10782
665 10782
637 10782
622 10782
653 10782
592 10782
727 10782
664 10782
595 10782
4 224
750 767
143 144
512 540
22 2510
20 2510
134 269
5 269
14 1269
11 1269
5 919
11 782
4 448
5 931
7 931
246 247
84 89
60 2038
15 2038
27 2038
430 446
719 737
30 1898
50 1898
571 584
1359 1360
32 2257
24 2257
1694 1695
2338 2339
1064 1072
732 746
745 746
35 2150
39 2150
98 3410
72 3410
88 3410
744 746
53 2150
57 2150
760 764
741 746
5 456
561 590
43 2449
49 2449
177 191
754 777
256 266
1021 1027
971 976
966 976
32 3000
161 3000
14 3000
176 3000
24 3000
53 3000
7 202
3 456
11 777
368 381
284 295
183 186
220 441
1 94
33 68
8 287
239 240
70 142
233 240
619 655
1169 1197
28 2831
27 2831
34 2831
35 2831
11 1331
225 4210
177 4210
210 4210
140 4210
167 4210
175 4210
226 4210
265 4210
190 4210
152 4210
213 4210
16 20
4 209
9 677
2 677
9 1547
0 1547
35 888
30 888
343 344
3 413
14 1012
0 1012
14 1012
268 269
457 467
493 504
554 1110
11 585
42 2128
32 2128
36 2128
12 960
1399 1483
1525 1536
37 1536
1108 1110
29 1069
37 1069
21 1069
980 1014
789 811
1109 1110
407 423
1 93
174 183
382 384
687 724
21 2375
22 2375
29 2375
177 178
784 788
3 788
785 788
778 788
784 788
2 788
1 788
784 788
779 788
188 203
212 226
121 4949
120 4949
115 4949
68 4949
94 4949
91 4949
65 4949
5 120
70 2150
58 2150
40 2150
627 653
680 689
38 2955
28 2955
42 2955
23 2955
101 2955
35 2955
29 2955
14 1695
403 439
394 439
14 225
2078 2163
21 2163
318 13875
327 13875
397 13875
241 13875
272 13875
384 13875
460 13875
436 13875
312 13875
320 13875
6937 13875
296 13875
396 13875
254 13875
2280 2339
218 222
140 150
14 1164
7 1164
4 1164
57 2347
48 2347
55 2347
51 2347
619 633
382 384
78 3126
82 3126
19 3126
76 3126
79 3126
20 3126
30 3126
12 1078
21 1078
13 1078
3 267
1909 1926
262 526
811 812
841 858
62 5657
71 5657
103 5657
49 5657
79 5657
43 5657
66 5657
5649 5657
27 1042
420 423
7 218
85 172
1258 1307
987 1021
379 384
399 400
239 240
235 247
174 176
246 247
119 124
615 618
246 247
10 1708
15 1708
5 1708
12 1708
16 762
8 762
1 152
369 371
253 264
38 442
40 442
2 389
72 5642
84 5642
21 5642
127 5642
87 5642
71 5642
123 5642
2 416
222 223
84 86
534 543
17 1403
1380 1403
677 679
2511 2517
85 87
677 689
328 336
88 89
2 153
1380 1403
1855 1963
1765 1963
10 2002
13 2002
2001 2002
137 147
135 147
153 163
131 264
1516 1539
131 264
583 590
0 181
120 241
3 465
751 764
749 764
726 764
7 295
14 1652
15 1652
1965 1967
85 86
1103 1110
12 1183
16 1183
13 1183
875 876
388 389
27 1124
18 1124
1012 1014
15 961
33 961
13 961
10 526
2 359
1075 1130
252 257
35 1386
829 842
520 1042
5 257
39 2403
65 2403
44 2403
105 106
365 375
614 617
269 270
268 270
334 340
309 327
379 380
517 518
14 587
0 587
383 384
3 424
253 264
696 699
33 1317
32 1317
30 1317
117 120
580 594
6 538
2 603
1088 1130
4 344
239 240
6 1241
121 122
30 855
35 1898
37 1898
30 1898
1 1898
373 384
8 17
911 914
736 777
157 163
145 4713
121 4713
112 4713
4602 4713
81 4713
95 4713
42 44
41 2150
37 2150
9 2150
10 2150
400 402
132 266
8 781
10 781
6 781
9 781
649 664
671 689
13 874
795 796
776 796
56 1464
1443 1464
1462 1464
539 548
381 382
116 233
662 663
247 257
252 506
980 1012
238 257
7 626
3 371
390 782
103 3816
119 3816
101 3816
100 3816
112 3816
82 3816
59 3816
339 340
23 1347
12 1347
1 149
543 554
8 364
3 364
147 295
217 435
672 695
22 1247
20 1247
417 423
872 914
247 265
15 631
24 631
185 186
517 518
85 171
255 511
27 431
14 2308
16 2308
22 2303
29 2303
7 145
11 145
3 145
466 467
511 518
403 405
314 318
416 423
322 324
388 389
158 8726
270 8726
44 8726
222 8726
280 8726
273 8726
463 8726
244 8726
319 8726
317 8726
98 8726
197 8726
182 8726
2 422
5 108
455 456
7 1036
6 1036
1 391
3 344
660 679
2 154
198 397
30 3066
35 3066
44 3066
9 1214
10 1214
42 1595
44 1595
729 764
456 457
6 368
5 376
203 209
208 209
43 1191
26 1191
589 592
8 378
70 141
388 389
442 446
262 264
525 526
1106 1110
6366 12734
470 12734
588 12734
446 12734
509 12734
537 12734
6366 12734
514 12734
557 12734
601 12734
405 12734
405 12734
363 12734
332 12734
453 12734
636 12734
377 12734
419 12734
195 203
85 89
646 653
9 295
17 841
5 441
370 384
856 876
36 1264
631 1264
1214 1264
402 404
25 1483
11 1110
588 590
589 590
261 264
0 107
1212 1386
147 148
88 89
9 842
453 461
2 669
5 669
725 737
683 699
15 423
8 737
106 107
0 107
139 148
1 473
59 2629
64 2629
62 2629
67 2629
382 384
17 1589
12 1589
11 1589
3 113
23 2696
24 2696
22 2696
7 774
33 664
493 987
42 987
44 987
43 4344
56 4344
19 4344
65 4344
33 4344
42 4344
47 4344
213 222
621 626
29 1376
14 1376
21 1376
28 1376
552 558
9 680
6 680
223 234
171 177
164 177
14 384
438 441
430 441
371 376
32 1511
33 1511
7 522
11 522
167 169
12 737
33 664
476 479
2192 2238
2193 2238
40 2238
52 2238
1059 1074
715 737
6 762
2516 2517
393 788
2295 2300
57 2300
758 762
600 618
5 183
267 270
11 558
246 252
275 295
21 1913
20 1913
655 656
9 656
610 656
239 240
422 423
381 764
369 373
0 446
340 357
421 423
2 632
589 590
561 562
452 456
8 9
293 587
548 562
22 1014
749 774
392 404
556 567
1362 1407
593 594
2 690
3 690
249 250
125 127
294 295
11 2725
10 2725
13 2725
8 2725
12 2725
0 442
2 442
502 518
497 508
9 269
10 269
0 38
36 6094
34 6094
28 6094
23 6094
19 6094
1368 1370
44 2737
26 2737
1368 1409
262 526
448 465
333 339
10 960
8 960
7 382
294 295
403 404
8 431
2 1536
16 615
7 844
304 308
7 504
546 560
1 730
0 730
719 764
4 1701
236 240
141 283
14 596
379 392
41 2339
29 2339
3 303
1 461
15 563
4 438
2 122
1 980
2 980
830 845
643 665
3 378
351 352
18 889
6 889
181 189
1 431
11 751
524 526
72 1955
60 1955
74 1955
67 1955
64 1955
63 1955
75 9453
8 9453
92 9453
137 9453
128 9453
35 9453
123 9453
102 9453
127 9453
106 9453
71 9453
121 9453
104 9453
96 9453
94 9453
48 3604
44 3604
45 3604
1801 3604
46 3604
60 2982
54 2982
63 2982
57 2982
43 2982
1136 1152
488 499
1 181
0 181
124 249
611 613
388 395
551 575
4 122
7 1114
1 1114
141 283
141 283
237 241
27 55
633 655
12 1887
11 1887
0 1887
318 7512
323 7512
310 7512
364 7512
97 7512
329 7512
343 7512
445 7512
256 7512
438 7512
357 7512
334 7512
356 7512
244 7512
7475 7512
318 328
622 623
104 106
0 82
9 305
190 196
75 151
429 439
312 328
2027 2031
32 4370
36 4370
31 4370
30 4370
34 4370
33 4370
28 4370
35 4370
0 340
359 360
3 269
2 413
885 887
1 187
0 187
522 534
1482 1539
6 726
128 257
197 202
14 764
18 764
7 473
8 729
6 729
4 729
169 174
296 593
325 326
280 282
29 59
1 2849
0 2849
35 2849
15 2849
214 225
432 435
433 435
492 522
145 146
478 479
392 399
583 587
7 562
393 788
0 788
393 788
393 788
393 788
2 788
2 788
393 788
393 788
1 473
2 473
3 1528
5 1528
16 1904
17 1904
1 733
214 219
67 2417
2328 2417
548 594
13 594
570 594
4 620
5 620
8 476
4 476
387 405
5 1695
90 91
89 91
21 1223
12 1223
1222 1223
474 479
5 328
3 1879
6 1879
142 4834
40 4834
97 4834
131 4834
21 4834
121 4834
1 145
8 739
333 336
352 361
176 177
12 413
379 759
2 191
2 191
229 240
10 233
174 177
0 176
4 318
8 807
6 807
743 761
2 446
6 931
7 931
34 1074
2 812
143 287
15 764
1034 1043
836 857
919 922
0 558
3 558
0 279
86 173
127 130
0 617
1 617
15 1707
8 1707
50 4275
42 4275
35 4275
56 4275
54 4275
16 1149
17 1149
18 1149
35 2971
34 2971
334 336
317 318
1002 1026
7 92
8 92
3 311
1 161
715 774
11 127
370 379
399 400
419 428
376 381
4 562
485 497
391 393
2 279
316 323
390 395
2 223
8 362
10 509
2408 2434
697 716
367 388
19 233
479 484
482 484
483 484
1068 1075
1073 1075
1061 1075
1059 1075
58 118
0 114
842 844
834 844
304 306
25 1742
26 1742
24 1742
436 441
614 655
725 764
471 509
1868 3737
46 3737
42 3737
45 3737
5 562
1090 2181
3 338
39 40
367 379
401 405
6 474
90 98
1142 1143
183 368
692 699
331 343
9 126
26 1644
29 1644
8 767
2 767
383 767
9 20
154 310
349 354
56 61
278 297
363 727
391 395
1604 1618
4 233
190 381
1 473
108 217
144 152
383 768
157 171
7 567
295 301
4 461
393 788
2 788
393 788
393 788
393 788
0 788
0 788
393 788
393 788
403 405
648 653
136 139
314 324
972 973
1316 1386
4 633
22 664
1581 1618
394 395
4 295
343 344
6 230
1109 2219
2 385
508 527
1917 1926
1925 1926
7 548
0 919
698 699
468 472
5 327
13 821
11 821
12 821
516 526
6 567
14 1012
14 1012
14 1012
559 562
729 739
5 266
113 227
10 241
618 635
388 391
5 177
396 407
9 435
499 535
500 527
370 371
370 371
238 240
55 57
148 297
257 262
359 361
26 1312
83 84
17 287
472 509
569 585
569 592
809 812
2306 2339
279 290
6 948
5 948
2 448
970 973
334 360
8 389
9 1646
38 2101
43 2101
35 2101
32 2101
852 876
436 472
259 265
715 777
467 502
136 137
104 209
11 144
179 183
368 370
134 135
2 120
7 962
713 721
107 114
3128 3218
1722 1747
0 231
4 1110
0 153
5 290
10 397
317 325
306 319
373 382
54 5267
83 5267
69 5267
63 5267
9 5267
72 5267
3 5267
40 5267
85 5267
77 5267
73 5267
74 5267
53 5267
55 5267
3 1034
5 1034
7 2191
6 2191
245 247
242 247
1379 1416
1014 1027
0 319
3 1042
0 384
155 163
10 127
3 484
888 900
530 544
261 265
8 368
1 930
12 2416
11 2416
14 2416
5 919
406 407
379 382
236 247
4 233
15 1183
16 1183
14 1183
1180 1185
381 382
5 340
6 3763
5 3763
176 177
465 477
140 141
241 242
7 295
6 295
394 395
307 615
291 308
1657 1695
492 511
2 227
255 257
2258 2339
386 395
3 359
742 761
246 257
174 176
334 336
2 195
358 365
239 240
5 230
186 196
336 338
1072 1116
992 1116
9 1124
2 300
31 1623
902 906
56 57
171 188
1053 1057
1 233
705 721
314 318
727 735
689 699
4 446
304 310
158 165
232 465
1064 1130
339 679
376 392
173 348
27 1898
22 1898
8 472
51 950
60 950
39 950
185 191
7 1695
323 324
2 282
840 861
1674 1695
179 360
919 960
2 388
19 1701
26 453
31 453
242 247
452 461
294 295
997 1042
546 549
159 319
9 1110
6 2517
4 866
2 866
130 141
383 387
23 48
17 1791
12 1791
500 511
4 275
281 286
420 423
189 191
942 950
508 509
845 861
9 364
8 364
367 378
3543 3651
8 364
7 364
0 298
573 679
632 654
172 177
8 605
3 392
382 392
548 569
0 43
399 414
260 272
320 327
13 2050
11 2050
10 2050
4 617
22 927
8 1268
3 1268
2 1268
1412 1413
78 157
291 317
789 790
394 790
797 812
538 1077
566 584
555 562
1342 1360
1685 1695
202 405
584 587
124 127
15 1592
13 1592
9 1719
11 1719
10 1719
17 548
13 548
194 195
342 352
1 1043
47 2703
50 2703
51 2703
46 2703
1135 1165
388 395
25 1323
28 1323
24 1323
1274 1323
26 1323
117 118
3 165
641 663
3 451
1514 1536
22 1526
18 1526
25 1526
114 116
323 327
3 587
135 139
5 325
2 1288
112 116
229 240
3 217
355 712
1357 1386
78 2339
7 2517
379 381
141 284
182 183
294 295
2513 2517
17 2339
16 465
234 247
19 2517
4 55
5 281
0 247
1355 1360
459 461
3612 3761
588 590
9 594
12 378
36 1539
107 108
2168 4338
775 1552
147 152
3 646
9 306
656 657
635 657
1020 1042
210 421
29 1042
218 222
10 1034
261 270
1091 1104
3 486
501 502
56 57
810 816
2360 2365
1048 1074
1 187
24 2236
18 2236
19 2236
12 2236
397 405
1031 1110
487 497
110 222
119 120
5 151
6 1392
4 230
85 86
77 78
1169 2339
8 9
29 1021
298 318
298 308
0 279
5 762
3 88
700 721
0 1027
499 500
85 89
77 86
13 159
1 733
718 725
249 276
4 497
25 1130
3 456
2 654
8 777
1 53
1 340
237 475
139 142
693 694
39 41
8 90
587 588
587 588
24 588
208 214
66 67
578 588
321 327
3 342
581 588
192 193
160 161
44 90
586 588
40 41
13 322
19 718
140 142
550 567
561 588
112 113
113 120
585 588
7 567
566 588
580 588
478 483
587 588
3 218
577 588
281 282
275 282
584 588
108 218
9 327
11 24
16 274
11 274
212 214
2 142
5 90
44 90
5 228
4 567
3 229
537 567
16 343
227 228
7 327
42 43
379 386
691 694
222 228
27 475
11 588
463 475
913 946
15 475
542 567
4 457
321 327
482 483
338 343
4 116
24 475
225 228
340 342
163 327
279 560
222 229
8 99
586 588
42 43
42 43
167 168
17 141
4 483
15 16
574 588
379 386
322 334
579 588
580 588
561 588
578 588
89 90
581 588
266 271
11 588
383 386
66 67
279 560
170 342
450 454
13 588
551 588
204 211
682 694
670 694
225 228
320 327
572 588
749 752
52 53
0 229
580 588
6 41
8 374
9 334
5 588
474 475
99 110
227 229
57 58
586 588
140 142
152 153
15 334
3 116
58 118
586 588
383 386
325 327
139 142
214 228
77 156
13 588
586 588
308 327
342 343
151 153
9 475
586 588
98 99
13 588
586 588
571 574
681 694
84 90
678 694
1 56
279 560
5 342
317 322
19 752
13 588
18 327
4 193
424 454
338 342
66 67
326 327
560 588
226 229
340 342
66 67
2663 2673
206 211
477 483
325 327
9 228
3 33
960 962
6 1539
123 125
118 120
77 80
815 816
553 554
174 176
400 406
0 66
1 473
972 977
843 844
1 290
11 502
87 88
272 275
140 147
5 515
1181 1205
1401 1403
16 1695
4 605
7 605
18 1347
29 1347
1475 1516
292 295
455 473
6 59
13 1021
781 788
113 228
28 1110
3 88
13 768
8 476
336 337
1 340
1685 1695
5 127
298 308
376 378
6 241
447 452
281 284
11 1900
12 1900
19 3101
18 3101
5 6
215 218
660 664
4 158
0 423
15 951
21 951
11 623
397 399
1570 1577
265 278
213 214
52 2150
58 2150
142 145
1 404
1068 1074
10 336
360 362
4 594
215 216
11 439
526 527
1352 1386
628 639
17 762
8 625
9 625
724 725
394 395
1035 1036
964 1042
378 393
1467 1539
367 368
25 1539
58 117
577 632
1009 1042
517 518
6 567
436 452
15 1071
325 347
300 303
118 120
267 270
44 2237
2223 2237
25 2237
19 2237
40 2237
232 233
775 1552
408 409
15 1230
3 1230
847 853
379 400
0 126
440 446
849 857
972 973
2 274
3 274
0 3390
30 3390
1 3390
3 3390
582 584
858 890
598 626
107 216
4 1346
243 247
143 287
39 79
195 196
187 191
175 7353
328 7353
113 7353
7223 7353
149 7353
147 7353
346 7353
268 7353
317 7353
7238 7353
259 7353
267 7353
349 7353
344 7353
331 7353
244 7353
5 141
20 2466
18 2466
22 2466
19 2466
6 1456
211 10604
152 10604
291 10604
186 10604
216 10604
302 10604
126 10604
218 10604
137 10604
174 10604
127 10604
136 10604
203 10604
195 10604
253 10604
130 10604
27 1655
25 1655
2 407
17 1162
13 1162
5 1162
11 1162
463 479
611 623
86 87
533 564
195 391
6 295
1 590
1 508
1674 1695
46 47
393 788
0 788
780 788
5 788
393 788
2 788
0 788
781 788
393 788
3 230
731 739
3 436
1687 1695
1 247
623 626
556 567
114 115
23 48
333 344
2 684
716 764
6 582
5 1072
8 1862
11 1862
357 369
863 876
616 625
1 233
4 937
8 937
3 937
227 230
413 421
271 272
214 218
4 812
816 826
917 919
3 887
2 1072
2261 2339
12 958
9 958
18 1623
137 141
7 792
735 811
4 2330
5 2330
7 247
967 974
114 120
0 182
0 423
1918 1967
29 30
383 384
533 549
1144 1153
0 497
1 188
490 498
8 157
6 157
46 2339
947 950
56 57
2 135
472 473
15 962
447 448
1 163
4 414
5 1161
8 1161
10 1161
1 117
1 96
1402 1403
1325 1346
2 139
53 1110
472 473
5 318
9 318
6 700
2 162
1 1967
9 1539
1501 1539
105 106
36 5662
29 5662
25 5662
26 5662
28 5662
1533 1536
1478 1536
15 625
26 2565
24 2565
25 2565
20 2565
21 2565
16 2565
1743 1747
366 384
180 183
6 1249
22 1249
85 87
33 812
745 746
25 2128
21 2128
43 2128
1 473
66 67
122 124
168 178
9 764
376 379
49 2396
46 2396
47 2396
19 890
25 890
24 890
37 38
23 2407
25 2407
24 2407
18 2407
5 735
4 581
3 581
2 385
1 385
612 615
3 139
640 641
4 448
8 1064
17 1064
27 2225
87 89
919 941
1 89
9 1419
450 452
3 80
532 554
1 89
1280 1294
34 1294
372 381
82 1948
108 1948
101 1948
88 1948
5 962
439 448
1 352
136 137
580 594
7 1708
5 1708
143 287
0 25
802 816
625 626
89 90
4 2339
1535 1536
9 233
0 69
9 319
787 796
438 446
524 527
9 142
1 369
2 153
557 590
381 385
400 413
1 446
7 2395
12 2395
392 404
295 592
23 2163
13 2163
15 2163
52 55
18 191
23 2423
15 2423
27 2423
5 344
3 196
436 452
1401 1403
21 1205
24 1205
17 1014
6 294
443 448
85 86
394 395
843 844
834 844
302 303
27 1360
3 812
101 107
8 562
477 479
455 467
1721 1733
38 1733
37 1733
78 80
734 739
445 446
123 247
387 389
715 733
213 215
289 295
28 431
170 175
129 130
182 187
1 135
277 284
329 371
325 330
9 1724
6 1724
10 1724
537 549
900 919
569 1139
5 896
6 896
431 437
51 103
19 264
258 261
263 264
647 648
1556 1577
15 1501
18 1501
9 1501
614 617
1597 1618
284 285
503 504
114 115
47 48
3 247
12 737
205 223
508 509
5 311
572 594
475 477
344 345
723 733
13 789
11 789
15 605
6 1747
340 347
24 1511
26 1511
360 362
139 147
303 307
134 139
133 139
376 382
1742 1766
785 788
4 788
782 788
5 788
786 788
0 788
2 788
786 788
781 788
18 694
3 694
5 307
168 174
365 371
1076 1077
536 537
88 178
94 103
288 290
38 3159
32 3159
18 3159
1223 1331
24 50
707 716
503 508
46 1909
58 1909
28 1909
1 1618
1603 1618
381 384
378 384
0 102
92 94
4 585
423 474
267 535
3 261
294 295
166 169
146 148
179 183
18 876
732 733
21 1787
37 1787
35 1787
13 617
8 1553
12 1553
503 504
330 343
0 632
7 127
503 504
1046 1083
2 65
1118 1144
176 178
171 172
119 240
421 431
889 919
0 498
7 1618
1454 1475
183 368
3 26
16 1965
14 1965
10 1965
9 1965
11 1965
6 1965
123 125
3 175
27 55
2 379
226 229
1 229
226 230
985 1042
10 344
7 323
740 746
857 876
474 479
405 406
4 504
2 171
3 575
15 764
49 1913
34 1913
1021 1057
4 269
1 173
337 344
11 772
23 242
1686 1695
1684 1695
381 382
742 764
174 175
90 94
810 811
393 394
7 1287
0 176
137 139
3 310
359 360
223 230
810 811
371 381
13 1129
16 1129
10 1129
1 638
1070 1071
32 1410
44 1410
28 1410
810 811
496 497
18 37
278 285
304 305
2 256
359 360
116 233
13 623
9 1061
259 260
3 452
562 563
591 592
133 144
163 327
16 617
13 337
12 362
5797 5976
114 5976
207 5976
220 5976
211 5976
193 5976
292 5976
171 5976
159 5976
1059 1075
377 379
7 661
161 162
2 2517
28 431
97 100
1364 1386
847 850
7 511
404 405
9 1102
4 1102
1 370
6 196
359 361
826 841
693 698
0 124
289 290
108 218
1 439
11 229
348 349
4 89
359 360
332 333
332 333
525 526
121 122
411 412
195 196
13 874
0 247
859 896
1 338
0 338
1 142
1774 1779
889 1779
1778 1779
889 1779
1234 1238
857 876
23 1853
22 1853
13 1853
4 592
562 564
159 173
1488 1539
3 158
9 812
5 584
2 328
253 262
12 816
98 99
783 796
403 404
5 146
344 345
461 464
227 228
4 274
459 919
15 502
1109 1110
118 122
7 446
517 518
0 141
584 585
543 561
16 2808
16 1357
707 1416
1 204
98 100
281 563
563 564
472 473
1072 1110
11 339
163 327
303 308
292 295
569 587
12 777
20 558
148 149
203 209
1 279
928 962
20 3095
19 3095
17 3095
31 1617
11 1617
27 1617
10 1617
310 318
318 327
35 1767
36 1767
40 1767
37 1767
239 240
17 1071
515 522
1587 1618
2 465
1 465
3 465
