16 384
7 375
25 392
7 576
11 576
42 776
34 776
23 511
9 2287
15 2287
8 745
1 745
13 914
10 338
5 448
2 691
3 691
1 183
16 914
21 1155
31 1155
1082 1155
3 1155
5 1155
8 1370
16 1623
139 7389
195 7389
120 7389
57 7389
60 7389
119 7389
101 7389
71 7389
397 7389
191 7389
270 7389
2 2339
4 615
39 1288
4 176
19 1265
3 1265
10 1265
5 150
1 79
22 1983
9 1983
2 1983
1 1983
7 269
390 397
40 1208
43 1208
26 1208
51 1474
12 240
4 448
10 558
3 1113
1 1113
69 79
8 305
14 400
5 388
9 590
7 1483
2 152
1 152
4 796
1531 1536
1 805
259 276
301 328
31 1267
25 1267
33 1267
10 1267
37 1267
507 522
188 198
1 1013
3 1013
149 152
6 1303
7 1008
13 1008
3 327
3 562
10 737
9 737
3 264
167 175
0 44
0 89
8 1913
5 1913
6 1539
24 973
27 855
274 301
59 7645
381 7645
288 7645
113 7645
35 7645
252 7645
414 7645
268 7645
312 7645
159 7645
97 7645
146 7645
197 7645
187 7645
93 7645
170 7645
241 7645
98 7645
62 7645
141 7645
9064 9306
36 9306
166 9306
395 9306
257 9306
212 9306
104 9306
547 9306
88 9306
568 9306
85 9306
223 9306
184 9306
465 9306
191 9306
404 9306
258 9306
143 9306
146 3760
139 3760
159 3760
203 3760
157 3760
129 3760
131 3760
169 3760
19 689
4 295
33 1454
26 1454
28 1454
21 1454
2 626
0 203
0 405
8 794
6 794
1 844
626 657
2 1110
136 150
1 1071
0 812
1 812
0 422
10 896
6 395
20 2339
0 135
8 324
1 721
78 79
1 204
1 811
1 368
4 380
0 380
2 384
139 152
90 98
64 68
2 446
5 777
22 777
8 884
30 884
28 1514
836 876
4 348
0 169
22 663
19 663
14 303
11 240
3 441
53 1474
0 733
9 1077
2 404
0 973
1 138
17 1618
3 567
841 876
1 176
13 2150
41 2150
19 876
7 311
16 1597
6 1597
15 1597
8 1597
25 618
4 98
2 184
30 776
32 776
4 497
55 57
17 392
21 670
17 670
373 392
10 511
9 247
0 876
8 344
11 965
1538 1539
1 509
5 215
6 176
4 215
5 215
40 1386
2 283
5 764
4 465
1 792
139 10782
193 10782
163 10782
86 10782
124 10782
441 10782
237 10782
127 10782
136 10782
108 10782
248 10782
597 10782
173 10782
295 10782
249 10782
121 10782
301 10782
109 10782
309 10782
177 10782
100 10782
140 10782
271 10782
205 10782
248 10782
181 10782
1 224
16 767
11 144
528 540
11 2510
4 2510
246 269
4 269
3 1269
1 1269
2 919
3 782
3 448
0 931
1 931
1 247
3 89
38 2038
4 2038
5 2038
1 446
24 737
16 1898
15 1898
569 584
18 1360
20 2257
4 2257
16 1695
96 2339
9 1072
2 746
6 746
1 2150
17 2150
47 3410
1 3410
40 3410
5 746
6 2150
23 2150
12 764
4 746
1 456
577 590
22 2449
57 2449
20 191
7 777
0 266
6 1027
28 976
920 976
11 3000
32 3000
30 3000
51 3000
48 3000
38 3000
3 202
2 456
6 777
6 381
0 295
3 186
440 441
1 94
61 68
5 287
10 240
70 142
12 240
26 655
6 1197
9 2831
8 2831
2 2831
3 2831
5 1331
30 4210
31 4210
136 4210
40 4210
39 4210
143 4210
123 4210
20 4210
106 4210
151 4210
173 4210
6 20
3 209
7 677
1 677
5 1547
8 1547
18 888
20 888
3 344
7 413
6 1012
14 1012
15 1012
5 269
7 467
3 504
1104 1110
4 585
15 2128
17 2128
14 2128
7 960
8 1483
16 1536
7 1536
23 1110
17 1069
18 1069
27 1069
5 1014
16 811
5 1110
19 423
1 93
5 183
1 384
4 724
10 2375
7 2375
25 2375
0 178
781 788
2 788
8 788
5 788
785 788
1 788
0 788
777 788
4 788
0 203
223 226
25 4949
27 4949
28 4949
54 4949
103 4949
13 4949
19 4949
2 120
60 2150
25 2150
23 2150
3 653
16 689
9 2955
3 2955
18 2955
5 2955
27 2955
8 2955
37 2955
8 1695
0 439
0 439
213 225
3 2163
4 2163
150 13875
163 13875
60 13875
54 13875
77 13875
159 13875
144 13875
185 13875
127 13875
170 13875
13520 13875
322 13875
229 13875
283 13875
24 2339
4 222
2 150
6 1164
3 1164
1 1164
0 2347
3 2347
1 2347
2 2347
1 633
7 384
37 3126
27 3126
54 3126
25 3126
12 3126
32 3126
30 3126
10 1078
12 1078
3 1078
7 267
17 1926
522 526
14 812
13 858
9 5657
11 5657
33 5657
8 5657
19 5657
4 5657
30 5657
5566 5657
46 1042
15 423
4 218
153 172
24 1307
952 1021
17 384
16 400
238 240
222 247
7 176
5 247
4 124
23 618
5 247
10 1708
6 1708
3 1708
4 1708
10 762
8 762
1 152
7 371
5 264
12 442
15 442
3 389
54 5642
34 5642
30 5642
254 5642
42 5642
47 5642
78 5642
4 416
213 223
83 86
23 543
11 1403
12 1403
13 679
4 2517
1 87
21 689
8 336
3 89
5 153
1317 1403
15 1963
19 1963
5 2002
2 2002
21 2002
137 147
10 147
3 163
263 264
1449 1539
253 264
16 590
0 181
216 241
0 465
45 764
36 764
12 764
7 295
6 1652
8 1652
3 1967
3 86
0 1110
5 1183
3 1183
4 1183
2 876
1 389
10 1124
5 1124
7 1014
15 961
12 961
0 961
3 526
0 359
994 1130
1 257
1251 1386
804 842
1035 1042
1 257
31 2403
29 2403
23 2403
0 106
7 375
7 617
25 270
24 270
11 340
3 327
0 380
7 518
9 587
7 587
7 384
1 424
9 264
15 699
15 1317
30 1317
8 1317
6 120
24 594
1 538
0 603
6 1130
2 344
12 240
1 1241
6 122
11 855
13 1898
9 1898
13 1898
10 1898
375 384
14 17
890 914
1 777
151 163
55 4713
79 4713
47 4713
294 4713
58 4713
53 4713
0 44
24 2150
23 2150
3 2150
1 2150
10 402
3 266
4 781
7 781
0 781
6 781
18 664
23 689
6 874
15 796
757 796
78 1464
22 1464
36 1464
3 548
15 382
217 233
2 663
8 257
475 506
9 1012
4 257
3 626
3 371
13 782
44 3816
59 3816
30 3816
24 3816
31 3816
60 3816
38 3816
8 340
9 1347
5 1347
1 149
7 554
5 364
7 364
275 295
405 435
15 695
2 1247
1 1247
7 423
10 914
4 265
7 631
10 631
3 186
5 518
167 171
470 511
18 431
1 2308
8 2308
5 2303
12 2303
7 145
14 145
1 145
11 467
15 518
2 405
9 318
11 423
7 324
8 389
39 8726
142 8726
134 8726
98 8726
298 8726
147 8726
456 8726
140 8726
289 8726
216 8726
29 8726
111 8726
34 8726
0 422
0 108
1 456
0 1036
1 1036
364 391
2 344
12 679
2 154
198 397
14 3066
18 3066
88 3066
4 1214
5 1214
19 1595
25 1595
696 764
0 457
0 368
0 376
190 209
7 209
1 1191
0 1191
44 592
20 378
135 141
3 389
440 446
13 264
8 526
16 1110
12687 12734
295 12734
398 12734
146 12734
384 12734
434 12734
12585 12734
359 12734
239 12734
409 12734
110 12734
110 12734
236 12734
184 12734
319 12734
393 12734
124 12734
261 12734
8 203
81 89
0 653
282 295
0 841
0 441
377 384
3 876
50 1264
1180 1264
1150 1264
5 404
0 1483
0 1110
525 590
526 590
4 264
2 107
23 1386
0 148
86 89
14 842
39 461
1 669
4 669
11 737
684 699
9 423
8 737
2 107
0 107
7 148
0 473
35 2629
66 2629
25 2629
39 2629
364 384
8 1589
5 1589
6 1589
2 113
7 2696
9 2696
5 2696
1 774
31 664
969 987
13 987
22 987
22 4344
18 4344
23 4344
46 4344
15 4344
5 4344
8 4344
3 222
578 626
18 1376
0 1376
4 1376
9 1376
11 558
5 680
12 680
2 234
1 177
169 177
14 384
16 441
36 441
4 376
22 1511
26 1511
8 522
11 522
0 169
8 737
35 664
9 479
25 2238
69 2238
50 2238
11 2238
28 1074
27 737
2 762
2445 2517
753 788
36 2300
24 2300
3 762
10 618
1 183
26 270
9 558
239 252
7 295
13 1913
28 1913
25 656
7 656
19 656
13 240
1 423
14 764
341 373
3 446
1 357
7 423
0 632
9 590
8 562
429 456
0 9
293 587
7 562
8 1014
0 774
1 404
0 567
5 1407
3 594
0 690
1 690
4 250
1 127
294 295
3 2725
4 2725
5 2725
2 2725
6 2725
0 442
2 442
17 518
1 508
0 269
1 269
0 38
14 6094
12 6094
9 6094
5 6094
15 6094
5 1370
24 2737
17 2737
1336 1409
507 526
419 465
4 339
5 960
1 960
10 382
3 295
4 404
1 431
1 1536
4 615
0 844
0 308
7 504
4 560
1 730
0 730
1 764
0 1701
237 240
8 283
16 596
381 392
11 2339
6 2339
0 303
0 461
29 563
3 438
2 122
0 980
1 980
786 845
2 665
5 378
1 352
8 889
2 889
3 189
0 431
2 751
0 526
41 1955
33 1955
42 1955
34 1955
19 1955
43 1955
17 9453
18 9453
23 9453
61 9453
62 9453
38 9453
54 9453
40 9453
42 9453
29 9453
24 9453
43 9453
46 9453
20 9453
74 9453
17 3604
9 3604
10 3604
1801 3604
14 3604
25 2982
40 2982
47 2982
35 2982
31 2982
12 1152
5 499
1 181
0 181
242 249
28 613
21 395
2 575
1 122
1 1114
7 1114
272 283
141 283
0 241
52 55
4 655
6 1887
7 1887
3 1887
247 7512
190 7512
241 7512
166 7512
64 7512
168 7512
278 7512
308 7512
399 7512
317 7512
187 7512
327 7512
167 7512
313 7512
386 7512
5 328
1 623
2 106
2 82
5 305
7 196
136 151
1 439
1 328
4 2031
6 4370
8 4370
7 4370
3 4370
5 4370
10 4370
4 4370
9 4370
0 340
0 360
3 269
1 413
14 887
1 187
0 187
5 534
19 1539
4 726
241 257
5 202
10 764
13 764
1 473
2 729
4 729
5 729
2 174
23 593
1 326
2 282
56 59
24 2849
30 2849
35 2849
15 2849
12 225
14 435
2 435
1 522
145 146
20 479
4 399
2 587
3 562
745 788
6 788
751 788
744 788
761 788
1 788
0 788
748 788
740 788
1 473
14 473
3 1528
1 1528
4 1904
3 1904
1 733
5 219
58 2417
83 2417
53 594
31 594
541 594
5 620
4 620
3 476
1 476
3 405
1644 1695
84 91
3 91
3 1223
1 1223
7 1223
11 479
1 328
4 1879
5 1879
93 4834
55 4834
74 4834
85 4834
24 4834
76 4834
1 145
10 739
325 336
10 361
7 177
2 413
720 759
2 191
1 191
211 240
6 233
162 177
1 176
4 318
5 807
3 807
8 761
1 446
0 931
1 931
4 1074
18 812
280 287
7 764
9 1043
6 857
2 922
7 558
4 558
0 279
147 173
1 130
2 617
1 617
6 1707
8 1707
19 4275
13 4275
17 4275
20 4275
18 4275
0 1149
1 1149
5 1149
16 2971
17 2971
8 336
314 318
4 1026
2 92
4 92
2 311
0 161
4 774
7 127
368 379
0 400
4 428
360 381
13 562
476 497
9 393
2 279
10 323
354 395
1 223
7 362
491 509
8 2434
10 716
5 388
17 233
1 484
1 484
4 484
13 1075
13 1075
11 1075
21 1075
108 118
0 114
812 844
21 844
1 306
8 1742
1 1742
0 1742
11 441
0 655
6 764
0 509
1868 3737
22 3737
11 3737
8 3737
4 562
1090 2181
4 338
4 40
0 379
10 405
2 474
4 98
2 1143
362 368
42 699
5 343
11 126
14 1644
29 1644
2 767
1 767
762 767
15 20
295 310
2 354
6 61
4 297
716 727
19 395
36 1618
1 233
378 381
0 473
208 217
0 152
673 768
0 171
0 567
0 301
0 461
751 788
9 788
743 788
738 788
753 788
1 788
0 788
757 788
734 788
2 405
6 653
1 139
0 324
2 973
7 1386
3 633
16 664
26 1618
15 395
2 295
320 344
8 230
1109 2219
1 385
4 527
37 1926
83 1926
5 548
0 919
15 699
426 472
6 327
2 821
3 821
5 821
2 526
1 567
9 1012
15 1012
17 1012
10 562
15 739
0 266
213 227
0 241
20 635
2 391
3 177
1 407
5 435
5 535
11 527
353 371
356 371
235 240
7 57
274 297
11 262
3 361
13 1312
0 84
7 287
7 509
6 585
4 592
18 812
2157 2339
7 290
0 948
1 948
2 448
928 973
1 360
3 389
9 1646
15 2101
19 2101
14 2101
10 2101
22 876
8 472
216 265
9 777
19 502
1 137
2 209
10 144
1 183
3 370
134 135
1 120
3 962
682 721
0 114
4 3218
7 1747
0 231
3 1110
0 153
1 290
3 397
303 325
3 319
368 382
1 5267
38 5267
25 5267
32 5267
24 5267
43 5267
17 5267
23 5267
33 5267
35 5267
22 5267
36 5267
18 5267
21 5267
1 1034
3 1034
5 2191
6 2191
1 247
1 247
5 1416
38 1027
0 319
0 1042
0 384
1 163
7 127
2 484
1 900
1 544
18 265
1 368
0 930
4 2416
1 2416
7 2416
4 919
5 407
0 382
1 247
4 233
4 1183
7 1183
9 1183
2 1185
1 382
2 340
4 3763
1 3763
10 177
453 477
1 141
19 242
4 295
3 295
11 395
24 615
1 308
2 1695
20 511
0 227
0 257
28 2339
8 395
1 359
17 761
17 257
2 176
15 336
1 195
2 365
12 240
2 230
2 196
15 338
20 1116
9 1116
3 1124
0 300
7 1623
23 906
0 57
8 188
0 1057
0 233
2 721
7 318
11 735
677 699
5 446
0 310
1 165
428 465
3 1130
667 679
4 392
5 348
15 1898
11 1898
0 472
29 950
46 950
27 950
162 191
2 1695
2 324
0 282
1 861
27 1695
9 360
42 960
3 388
10 1701
8 453
6 453
1 247
2 461
30 295
8 1042
7 549
285 319
3 1110
6 2517
2 866
1 866
118 141
1 387
45 48
3 1791
4 1791
4 511
0 275
6 286
0 423
2 191
8 950
478 509
0 861
5 364
6 364
2 378
1 3651
2 364
5 364
0 298
19 679
19 654
7 177
10 605
3 392
8 392
3 569
0 43
5 414
2 272
2 327
7 2050
3 2050
4 2050
1 617
4 927
6 1268
4 1268
5 1268
9 1413
154 157
7 317
38 790
762 790
16 812
993 1077
542 584
19 562
17 1360
4 1695
377 405
575 587
4 127
4 1592
1 1592
3 1719
5 1719
2 1719
13 548
5 548
7 195
1 352
0 1043
10 2703
11 2703
15 2703
17 2703
1081 1165
364 395
3 1323
13 1323
5 1323
25 1323
12 1323
0 118
0 165
11 663
6 451
17 1536
15 1526
6 1526
16 1526
1 116
300 327
7 587
1 139
4 325
1 1288
2 116
217 240
0 217
355 712
21 1386
2124 2339
3 2517
10 381
264 284
0 183
278 295
2503 2517
11 2339
21 465
2 247
3 2517
3 55
3 281
0 247
20 1360
2 461
96 3761
15 590
7 594
6 378
57 1539
9 108
4011 4338
1381 1552
2 152
1 646
7 306
54 657
17 657
946 1042
398 421
6 1042
6 222
4 1034
0 270
2 1104
1 486
4 502
1 57
794 816
16 2365
28 1074
0 187
7 2236
9 2236
10 2236
1 2236
8 405
42 1110
492 497
5 222
0 120
1 151
0 1392
2 230
6 86
3 78
2147 2339
0 9
10 1021
0 318
1 308
0 279
0 762
3 88
696 721
3 1027
9 500
2 89
70 86
11 159
0 733
690 725
4 276
2 497
6 1130
1 456
2 654
2 777
0 53
0 340
447 475
133 142
6 694
0 41
1 90
586 588
6 588
6 588
5 214
2 67
3 588
1 327
6 342
2 588
189 193
0 161
10 90
17 588
6 41
11 322
2 718
2 142
14 567
4 588
111 113
0 120
16 588
3 567
7 588
39 588
15 483
26 588
1 218
25 588
281 282
275 282
570 588
210 218
5 327
0 24
6 274
3 274
6 214
1 142
5 90
44 90
1 228
3 567
2 229
563 567
9 343
215 228
1 327
1 43
16 386
663 694
215 228
11 475
14 588
448 475
24 946
2 475
0 567
1 457
5 327
8 483
8 343
1 116
1 475
8 228
2 342
318 327
537 560
3 229
0 99
9 588
7 43
7 43
0 168
11 141
2 483
14 16
15 588
4 386
301 334
3 588
4 588
10 588
3 588
0 90
567 588
7 271
14 588
11 386
4 67
554 560
339 342
9 454
11 588
9 588
2 211
25 694
9 694
9 228
317 327
23 588
18 752
2 53
2 229
26 588
6 41
3 374
3 334
1 588
37 475
102 110
0 229
1 58
25 588
2 142
141 153
7 334
3 116
103 118
17 588
362 386
4 327
3 142
220 228
148 156
2 588
6 588
1 327
22 343
143 153
27 475
7 588
8 99
3 588
6 588
529 574
7 694
4 90
15 694
0 56
548 560
335 342
292 322
6 752
8 588
16 327
2 193
11 454
2 342
1 67
11 327
19 588
4 229
1 342
66 67
27 2673
1 211
22 483
4 327
6 228
4 33
887 962
3 1539
0 125
0 120
5 80
2 816
0 554
1 176
4 406
0 66
0 473
0 977
0 844
0 290
9 502
2 88
9 275
3 147
5 515
1 1205
8 1403
4 1695
2 605
17 605
7 1347
13 1347
22 1516
0 295
1 473
0 59
5 1021
785 788
113 228
4 1110
3 88
3 768
4 476
15 337
0 340
28 1695
4 127
0 308
10 378
0 241
0 452
1 284
3 1900
0 1900
5 3101
0 3101
0 6
5 218
26 664
0 158
0 423
10 951
32 951
0 623
1 399
17 1577
0 278
3 214
3 2150
1 2150
0 145
0 404
0 1074
9 336
1 362
2 594
0 216
0 439
4 527
7 1386
7 639
33 762
1 625
3 625
0 725
0 395
0 1036
12 1042
1 393
5 1539
3 368
3 1539
108 117
34 632
11 1042
11 518
1 567
4 452
1 1071
0 347
2 303
0 120
27 270
13 2237
46 2237
18 2237
4 2237
20 2237
1 233
1480 1552
0 409
0 1230
1 1230
23 853
0 400
0 126
7 446
22 857
0 973
1 274
2 274
9 3390
24 3390
10 3390
6 3390
0 584
20 890
1 626
215 216
0 1346
0 247
286 287
74 79
0 196
171 191
252 7353
163 7353
63 7353
7294 7353
95 7353
0 7353
271 7353
168 7353
161 7353
7350 7353
102 7353
96 7353
164 7353
157 7353
81 7353
57 7353
4 141
7 2466
8 2466
10 2466
9 2466
0 1456
129 10604
101 10604
221 10604
27 10604
40 10604
199 10604
68 10604
79 10604
158 10604
151 10604
25 10604
95 10604
112 10604
69 10604
91 10604
86 10604
12 1655
9 1655
0 407
5 1162
6 1162
4 1162
3 1162
3 479
23 623
0 87
3 564
8 391
0 295
0 590
1 508
1662 1695
43 47
25 788
19 788
22 788
23 788
20 788
3 788
2 788
21 788
740 788
2 230
0 739
6 436
21 1695
0 247
7 626
9 567
6 115
2 48
6 344
1 684
639 764
1 582
13 1072
5 1862
6 1862
9 369
820 876
3 625
1 233
2 937
3 937
7 937
0 230
1 421
4 272
5 218
1 812
9 826
2 919
1 887
1 1072
68 2339
8 958
9 958
13 1623
140 141
3 792
3 811
2 2330
3 2330
13 247
47 974
109 120
0 182
0 423
0 1967
0 30
6 384
2 549
27 1153
0 497
1 188
8 498
7 157
4 157
10 2339
3 950
3 57
0 135
443 473
0 962
4 448
0 163
3 414
4 1161
2 1161
3 1161
0 117
1 96
5 1403
1 1346
1 139
40 1110
2 473
1 318
0 318
1 700
2 162
0 1967
5 1539
5 1539
0 106
7 5662
10 5662
5 5662
8 5662
6 5662
7 1536
1454 1536
13 625
19 2565
17 2565
15 2565
11 2565
20 2565
12 2565
76 1747
9 384
5 183
13 1249
8 1249
0 87
13 812
4 746
5 2128
0 2128
4 2128
0 473
0 67
7 124
1 178
0 764
1 379
3 2396
0 2396
1 2396
18 890
20 890
22 890
0 38
3 2407
5 2407
0 2407
10 2407
2 735
1 581
0 581
2 385
1 385
14 615
1 139
5 641
10 448
2 1064
11 1064
6 2225
3 89
2 941
0 89
0 1419
437 452
2 80
7 554
1 89
6 1294
23 1294
9 381
73 1948
109 1948
59 1948
74 1948
1 962
1 448
1 352
0 137
2 594
3 1708
0 1708
13 287
0 25
10 816
1 626
0 90
45 2339
0 1536
4 233
1 69
8 319
6 796
0 446
0 527
0 142
1 369
2 153
7 590
5 385
29 413
0 446
4 2395
2 2395
2 404
295 592
21 2163
31 2163
93 2163
2 55
29 191
5 2423
3 2423
12 2423
2 344
171 196
5 452
22 1403
0 1205
1 1205
0 1014
1 294
1 448
79 86
5 395
21 844
1 844
3 303
3 1360
1 812
0 107
0 562
6 479
8 467
90 1733
65 1733
31 1733
3 80
0 739
0 446
123 247
0 389
0 733
205 215
5 295
15 431
0 175
5 130
5 187
3 135
1 284
2 371
15 330
5 1724
2 1724
6 1724
10 549
10 919
1127 1139
0 896
2 896
15 437
0 103
10 264
7 261
1 264
2 648
29 1577
0 1501
3 1501
1 1501
547 617
19 1618
1 285
6 504
3 115
1 48
0 247
1 737
0 223
0 509
0 311
507 594
423 477
0 345
1 733
6 789
5 789
0 605
8 1747
0 347
25 1511
24 1511
0 362
16 147
0 307
12 139
16 139
1 382
1751 1766
724 788
3 788
5 788
2 788
772 788
0 788
1 788
778 788
4 788
12 694
1 694
10 307
5 174
8 371
3 1077
0 537
6 178
0 103
3 290
12 3159
13 3159
7 3159
8 1331
24 50
0 716
1 508
24 1909
43 1909
27 1909
1 1618
10 1618
2 384
6 384
0 102
1 94
5 585
4 474
518 535
0 261
285 295
0 169
5 148
4 183
8 876
1 733
17 1787
22 1787
12 1787
5 617
1 1553
3 1553
6 504
2 343
4 632
0 127
14 504
11 1083
1 65
11 1144
0 178
6 172
7 240
14 431
906 919
0 498
1 1618
1445 1475
4 368
3 26
9 1965
8 1965
5 1965
1 1965
7 1965
6 1965
16 125
0 175
1 55
3 379
1 229
4 229
0 230
5 1042
0 344
7 323
6 746
21 876
10 479
405 406
3 504
4 171
2 575
9 764
8 1913
4 1913
3 1057
2 269
1 173
8 344
0 772
0 242
1 1695
10 1695
3 382
3 764
0 175
0 94
0 811
0 394
0 1287
0 176
7 139
0 310
0 360
4 230
2 811
5 381
5 1129
12 1129
4 1129
1 638
16 1071
21 1410
37 1410
27 1410
0 811
0 497
32 37
0 285
1 305
2 256
1 360
232 233
5 623
0 1061
2 260
0 452
1 563
30 592
3 144
302 327
0 617
312 337
9 362
5935 5976
63 5976
92 5976
120 5976
82 5976
115 5976
139 5976
87 5976
70 5976
966 1075
1 379
7 661
2 162
1 2517
20 431
6 100
0 1386
5 850
2 511
2 405
2 1102
0 1102
1 370
2 196
1 361
12 841
21 698
0 124
0 290
216 218
0 439
208 229
0 349
3 89
0 360
321 333
328 333
5 526
3 122
0 412
183 196
7 874
0 247
5 896
1 338
2 338
2 142
82 1779
93 1779
36 1779
1750 1779
2 1238
16 876
11 1853
15 1853
4 1853
5 592
3 564
17 173
6 1539
0 158
5 812
3 584
0 328
240 262
4 816
0 99
20 796
5 404
5 146
329 345
5 464
221 228
4 274
459 919
8 502
0 1110
1 122
6 446
5 518
0 141
8 585
22 561
2 2808
1 1357
1306 1416
1 204
5 100
558 563
0 564
0 473
18 1110
6 339
163 327
3 308
17 295
1 587
0 777
9 558
1 149
187 209
0 279
12 962
10 3095
11 3095
7 3095
14 1617
0 1617
10 1617
7 1617
2 318
4 327
2 1767
8 1767
12 1767
4 1767
14 240
0 1071
6 522
0 1618
1 465
0 465
1 465
