383 384
374 375
385 392
17 576
3 576
765 776
770 776
507 511
20 2287
26 2287
6 745
4 745
873 914
336 338
440 448
3 691
4 691
5 183
894 914
28 1155
36 1155
577 1155
17 1155
19 1155
5 1370
1570 1623
274 7389
195 7389
210 7389
171 7389
160 7389
176 7389
170 7389
139 7389
217 7389
135 7389
56 7389
2178 2339
14 615
1287 1288
173 176
18 1265
14 1265
20 1265
145 150
3 79
54 1983
53 1983
33 1983
35 1983
265 269
389 397
18 1208
68 1208
44 1208
1462 1474
239 240
4 448
21 558
4 1113
3 1113
2 79
301 305
394 400
4 388
10 590
1481 1483
148 152
148 152
8 796
767 1536
753 805
274 276
325 328
48 1267
62 1267
41 1267
47 1267
50 1267
520 522
193 198
2 1013
2 1013
148 152
30 1303
11 1008
10 1008
7 327
5 562
18 737
723 737
259 264
172 175
43 44
0 89
33 1913
15 1913
1529 1539
30 973
854 855
300 301
411 7645
289 7645
597 7645
467 7645
295 7645
583 7645
557 7645
568 7645
559 7645
428 7645
465 7645
531 7645
452 7645
522 7645
485 7645
534 7645
494 7645
479 7645
330 7645
506 7645
737 9306
484 9306
594 9306
606 9306
655 9306
482 9306
724 9306
631 9306
608 9306
9232 9306
9017 9306
689 9306
583 9306
718 9306
696 9306
552 9306
446 9306
476 9306
184 3760
121 3760
212 3760
215 3760
188 3760
152 3760
167 3760
177 3760
671 689
289 295
40 1454
52 1454
49 1454
41 1454
10 626
3 203
5 405
786 794
782 794
843 844
328 657
1022 1110
144 150
1054 1071
5 812
798 812
0 422
873 896
394 395
2285 2339
2 135
323 324
700 721
76 79
199 204
810 811
367 368
379 380
379 380
380 384
146 152
97 98
66 68
432 446
18 777
775 777
20 884
873 884
1513 1514
855 876
2 348
1 169
19 663
24 663
300 303
10 240
440 441
5 1474
732 733
1053 1077
393 404
13 973
1 138
1570 1618
565 567
875 876
1 176
2143 2150
2097 2150
869 876
305 311
17 1597
21 1597
18 1597
27 1597
614 618
4 98
3 184
775 776
774 776
496 497
56 57
386 392
43 670
38 670
391 392
500 511
246 247
874 876
343 344
956 965
1516 1539
508 509
207 215
12 176
213 215
205 215
1330 1386
282 283
713 764
464 465
2 792
570 10782
537 10782
643 10782
409 10782
632 10782
680 10782
573 10782
465 10782
625 10782
568 10782
670 10782
546 10782
708 10782
636 10782
606 10782
622 10782
305 10782
460 10782
610 10782
579 10782
599 10782
605 10782
516 10782
722 10782
670 10782
602 10782
4 224
750 767
143 144
512 540
22 2510
20 2510
134 269
5 269
12 1269
10 1269
5 919
744 782
4 448
6 931
7 931
246 247
84 89
60 2038
15 2038
28 2038
434 446
722 737
32 1898
52 1898
572 584
1359 1360
34 2257
25 2257
1694 1695
2338 2339
1069 1072
4 746
742 746
37 2150
39 2150
100 3410
79 3410
88 3410
744 746
55 2150
54 2150
759 764
740 746
5 456
577 590
43 2449
49 2449
180 191
760 777
258 266
1022 1027
971 976
966 976
33 3000
2864 3000
16 3000
2861 3000
25 3000
55 3000
7 202
3 456
11 777
371 381
284 295
183 186
220 441
1 94
33 68
10 287
239 240
70 142
236 240
624 655
1189 1197
28 2831
27 2831
32 2831
35 2831
11 1331
236 4210
185 4210
212 4210
142 4210
169 4210
178 4210
229 4210
274 4210
204 4210
157 4210
213 4210
16 20
4 209
9 677
2 677
11 1547
0 1547
37 888
30 888
343 344
3 413
14 1012
0 1012
14 1012
267 269
457 467
496 504
554 1110
12 585
39 2128
32 2128
36 2128
13 960
1440 1483
1528 1536
37 1536
1109 1110
34 1069
40 1069
25 1069
978 1014
789 811
1109 1110
407 423
1 93
174 183
376 384
688 724
21 2375
23 2375
29 2375
177 178
784 788
3 788
787 788
780 788
784 788
2 788
1 788
784 788
781 788
188 203
204 226
122 4949
121 4949
116 4949
71 4949
100 4949
96 4949
68 4949
118 120
70 2150
55 2150
38 2150
634 653
650 689
38 2955
28 2955
40 2955
24 2955
129 2955
36 2955
29 2955
14 1695
404 439
405 439
14 225
2105 2163
2097 2163
334 13875
347 13875
418 13875
259 13875
289 13875
409 13875
451 13875
456 13875
327 13875
336 13875
6937 13875
310 13875
416 13875
273 13875
2284 2339
3 222
146 150
14 1164
7 1164
4 1164
55 2347
56 2347
54 2347
52 2347
629 633
382 384
82 3126
86 3126
20 3126
80 3126
84 3126
21 3126
32 3126
13 1078
20 1078
14 1078
3 267
1914 1926
262 526
811 812
844 858
66 5657
77 5657
107 5657
53 5657
85 5657
46 5657
70 5657
5653 5657
27 1042
422 423
212 218
85 172
1263 1307
988 1021
378 384
399 400
239 240
235 247
175 176
246 247
119 124
616 618
246 247
10 1708
15 1708
5 1708
12 1708
16 762
4 762
1 152
369 371
255 264
38 442
42 442
2 389
73 5642
85 5642
21 5642
126 5642
88 5642
72 5642
123 5642
2 416
222 223
84 86
535 543
16 1403
1381 1403
658 679
2515 2517
86 87
678 689
329 336
88 89
3 153
1382 1403
1889 1963
1768 1963
10 2002
13 2002
2001 2002
11 147
137 147
154 163
131 264
1518 1539
131 264
584 590
0 181
120 241
3 465
757 764
754 764
745 764
272 295
16 1652
13 1652
1963 1967
85 86
1109 1110
12 1183
16 1183
13 1183
875 876
388 389
26 1124
23 1124
1012 1014
17 961
25 961
14 961
10 526
2 359
1087 1130
254 257
35 1386
833 842
520 1042
5 257
39 2403
65 2403
44 2403
105 106
365 375
614 617
269 270
268 270
336 340
309 327
379 380
517 518
14 587
1 587
383 384
3 424
253 264
694 699
34 1317
32 1317
31 1317
118 120
586 594
479 538
2 603
1088 1130
4 344
239 240
6 1241
121 122
28 855
35 1898
37 1898
30 1898
13 1898
373 384
8 17
912 914
744 777
157 163
149 4713
123 4713
114 4713
4620 4713
85 4713
96 4713
42 44
41 2150
38 2150
9 2150
10 2150
400 402
132 266
8 781
10 781
6 781
9 781
659 664
673 689
13 874
795 796
781 796
58 1464
1460 1464
1447 1464
536 548
379 382
116 233
662 663
248 257
252 506
4 1012
239 257
7 626
3 371
390 782
106 3816
122 3816
105 3816
103 3816
116 3816
83 3816
60 3816
339 340
23 1347
14 1347
1 149
552 554
8 364
4 364
147 295
217 435
677 695
24 1247
21 1247
421 423
878 914
247 265
18 631
22 631
184 186
517 518
85 171
255 511
27 431
14 2308
16 2308
22 2303
30 2303
7 145
11 145
3 145
466 467
516 518
404 405
314 318
422 423
322 324
388 389
167 8726
284 8726
44 8726
240 8726
296 8726
290 8726
462 8726
259 8726
332 8726
330 8726
103 8726
190 8726
192 8726
2 422
3 108
455 456
7 1036
6 1036
1 391
3 344
665 679
2 154
198 397
36 3066
38 3066
44 3066
11 1214
10 1214
47 1595
44 1595
745 764
456 457
6 368
3 376
203 209
208 209
31 1191
26 1191
591 592
8 378
70 141
388 389
442 446
263 264
525 526
1089 1110
6366 12734
483 12734
588 12734
447 12734
509 12734
537 12734
6366 12734
514 12734
557 12734
600 12734
405 12734
405 12734
363 12734
332 12734
453 12734
634 12734
377 12734
419 12734
198 203
85 89
650 653
9 295
812 841
9 441
371 384
861 876
36 1264
631 1264
1214 1264
403 404
25 1483
13 1110
589 590
589 590
263 264
0 107
1215 1386
147 148
88 89
9 842
452 461
2 669
5 669
727 737
682 699
418 423
8 737
106 107
0 107
136 148
1 473
61 2629
65 2629
63 2629
67 2629
382 384
17 1589
12 1589
11 1589
3 113
23 2696
24 2696
22 2696
735 774
33 664
493 987
44 987
45 987
44 4344
52 4344
21 4344
70 4344
35 4344
41 4344
48 4344
217 222
623 626
29 1376
14 1376
21 1376
28 1376
552 558
9 680
6 680
224 234
170 177
164 177
15 384
438 441
431 441
371 376
32 1511
33 1511
7 522
12 522
167 169
12 737
33 664
477 479
2196 2238
2190 2238
41 2238
53 2238
1062 1074
715 737
6 762
2516 2517
393 788
2293 2300
59 2300
760 762
608 618
176 183
269 270
11 558
243 252
276 295
22 1913
21 1913
655 656
10 656
29 656
238 240
422 423
381 764
371 373
0 446
3 357
420 423
2 632
588 590
561 562
453 456
8 9
293 587
553 562
24 1014
745 774
392 404
557 567
1364 1407
593 594
2 690
3 690
249 250
126 127
294 295
12 2725
11 2725
14 2725
10 2725
13 2725
0 442
2 442
507 518
500 508
9 269
10 269
36 38
39 6094
37 6094
30 6094
27 6094
24 6094
1363 1370
44 2737
26 2737
1369 1409
262 526
456 465
334 339
10 960
8 960
7 382
294 295
403 404
8 431
2 1536
16 615
7 844
307 308
483 504
547 560
1 730
0 730
726 764
1628 1701
236 240
141 283
14 596
381 392
41 2339
29 2339
3 303
1 461
15 563
4 438
116 122
1 980
2 980
833 845
624 665
3 378
351 352
20 889
6 889
181 189
1 431
7 751
262 526
72 1955
62 1955
74 1955
69 1955
66 1955
65 1955
76 9453
35 9453
92 9453
137 9453
128 9453
35 9453
123 9453
102 9453
127 9453
106 9453
72 9453
121 9453
104 9453
97 9453
95 9453
48 3604
44 3604
46 3604
1801 3604
45 3604
62 2982
54 2982
64 2982
58 2982
43 2982
1132 1152
493 499
1 181
0 181
124 249
611 613
392 395
557 575
2 122
11 1114
1 1114
141 283
141 283
237 241
27 55
633 655
12 1887
11 1887
0 1887
326 7512
327 7512
321 7512
368 7512
98 7512
333 7512
348 7512
452 7512
258 7512
436 7512
358 7512
336 7512
359 7512
248 7512
7507 7512
319 328
622 623
104 106
0 82
11 305
189 196
75 151
429 439
312 328
1983 2031
33 4370
37 4370
32 4370
31 4370
35 4370
34 4370
30 4370
36 4370
0 340
359 360
3 269
2 413
885 887
1 187
0 187
524 534
1483 1539
6 726
128 257
197 202
14 764
18 764
7 473
8 729
7 729
6 729
170 174
296 593
322 326
279 282
29 59
1 2849
0 2849
34 2849
15 2849
216 225
217 435
428 435
494 522
145 146
478 479
392 399
585 587
7 562
393 788
0 788
393 788
393 788
393 788
2 788
2 788
393 788
393 788
1 473
2 473
3 1528
5 1528
16 1904
17 1904
1 733
215 219
70 2417
2330 2417
548 594
13 594
570 594
4 620
5 620
8 476
5 476
397 405
5 1695
90 91
89 91
21 1223
12 1223
1211 1223
474 479
2 328
3 1879
6 1879
142 4834
40 4834
97 4834
133 4834
21 4834
121 4834
1 145
10 739
333 336
352 361
176 177
12 413
379 759
2 191
2 191
229 240
11 233
176 177
0 176
4 318
8 807
6 807
746 761
2 446
6 931
7 931
34 1074
2 812
143 287
15 764
1037 1043
836 857
918 922
0 558
3 558
0 279
86 173
127 130
0 617
1 617
15 1707
8 1707
44 4275
43 4275
34 4275
51 4275
50 4275
16 1149
17 1149
19 1149
37 2971
36 2971
332 336
316 318
1007 1026
7 92
8 92
3 311
1 161
716 774
11 127
370 379
399 400
408 428
376 381
4 562
485 497
391 393
2 279
317 323
391 395
207 223
8 362
10 509
2412 2434
697 716
368 388
20 233
479 484
482 484
483 484
1070 1075
1059 1075
1065 1075
1068 1075
58 118
0 114
842 844
835 844
304 306
8 1742
12 1742
10 1742
434 441
618 655
725 764
472 509
1868 3737
46 3737
44 3737
47 3737
5 562
1090 2181
4 338
39 40
373 379
402 405
6 474
90 98
1142 1143
183 368
694 699
331 343
9 126
26 1644
31 1644
8 767
2 767
383 767
9 20
154 310
349 354
57 61
278 297
363 727
392 395
1608 1618
225 233
190 381
1 473
108 217
144 152
383 768
158 171
7 567
300 301
4 461
393 788
2 788
393 788
393 788
393 788
0 788
0 788
393 788
393 788
404 405
651 653
136 139
316 324
972 973
1321 1386
618 633
22 664
1581 1618
394 395
4 295
171 344
6 230
1109 2219
2 385
508 527
1920 1926
1924 1926
7 548
2 919
697 699
458 472
5 327
13 821
11 821
12 821
516 526
7 567
14 1012
14 1012
14 1012
559 562
734 739
6 266
113 227
7 241
623 635
388 391
5 177
399 407
3 435
500 535
500 527
370 371
370 371
238 240
55 57
148 297
257 262
358 361
26 1312
82 84
17 287
474 509
571 585
569 592
809 812
2311 2339
280 290
6 948
5 948
2 448
971 973
342 360
8 389
9 1646
34 2101
43 2101
35 2101
32 2101
860 876
437 472
262 265
712 777
471 502
136 137
104 209
140 144
179 183
369 370
134 135
2 120
7 962
714 721
107 114
3140 3218
1724 1747
0 231
4 1110
0 153
5 290
10 397
320 325
311 319
373 382
54 5267
83 5267
69 5267
63 5267
47 5267
72 5267
3 5267
19 5267
86 5267
77 5267
73 5267
74 5267
53 5267
55 5267
3 1034
5 1034
7 2191
6 2191
245 247
243 247
1392 1416
513 1027
0 319
3 1042
0 384
156 163
10 127
3 484
892 900
532 544
261 265
8 368
1 930
12 2416
11 2416
14 2416
5 919
406 407
377 382
240 247
5 233
15 1183
16 1183
14 1183
1161 1185
381 382
5 340
7 3763
6 3763
176 177
467 477
140 141
237 242
7 295
6 295
394 395
307 615
291 308
1669 1695
492 511
2 227
255 257
59 2339
386 395
3 359
750 761
249 257
175 176
334 336
2 195
360 365
239 240
5 230
188 196
327 338
1072 1116
992 1116
9 1124
2 300
31 1623
902 906
56 57
178 188
1055 1057
1 233
708 721
314 318
727 735
690 699
4 446
304 310
158 165
232 465
1066 1130
339 679
377 392
173 348
24 1898
12 1898
8 472
51 950
62 950
40 950
188 191
1637 1695
323 324
2 282
844 861
1681 1695
179 360
919 960
2 388
20 1701
29 453
35 453
244 247
450 461
294 295
1007 1042
547 549
159 319
6 1110
6 2517
4 866
2 866
130 141
383 387
23 48
17 1791
11 1791
500 511
4 275
142 286
414 423
182 191
944 950
508 509
846 861
10 364
8 364
368 378
3557 3651
10 364
8 364
0 298
575 679
633 654
172 177
8 605
3 392
382 392
550 569
0 43
399 414
262 272
320 327
14 2050
12 2050
10 2050
4 617
22 927
8 1268
3 1268
2 1268
1412 1413
78 157
291 317
789 790
394 790
803 812
538 1077
567 584
557 562
1353 1360
1686 1695
202 405
584 587
124 127
15 1592
13 1592
9 1719
11 1719
10 1719
16 548
15 548
194 195
342 352
1 1043
48 2703
52 2703
50 2703
47 2703
1134 1165
388 395
26 1323
28 1323
24 1323
1279 1323
25 1323
117 118
3 165
642 663
3 451
1511 1536
23 1526
19 1526
26 1526
114 116
314 327
3 587
135 139
5 325
2 1288
112 116
231 240
3 217
355 712
1361 1386
79 2339
7 2517
380 381
141 284
182 183
294 295
2514 2517
17 2339
16 465
9 247
19 2517
4 55
7 281
0 247
1348 1360
459 461
3620 3761
589 590
10 594
12 378
36 1539
107 108
2168 4338
775 1552
147 152
3 646
9 306
656 657
644 657
1036 1042
210 421
16 1042
216 222
10 1034
267 270
1099 1104
3 486
501 502
56 57
812 816
2361 2365
1063 1074
1 187
22 2236
20 2236
18 2236
7 2236
400 405
1031 1110
488 497
110 222
119 120
5 151
6 1392
4 230
82 86
77 78
1169 2339
8 9
962 1021
300 318
298 308
0 279
5 762
86 88
700 721
0 1027
498 500
87 89
77 86
13 159
1 733
720 725
254 276
4 497
26 1130
3 456
2 654
8 777
1 53
0 340
237 475
140 142
693 694
39 41
8 90
587 588
587 588
26 588
208 214
66 67
584 588
322 327
3 342
583 588
191 193
160 161
44 90
587 588
40 41
13 322
17 718
141 142
551 567
562 588
112 113
113 120
587 588
7 567
566 588
580 588
478 483
587 588
4 218
577 588
281 282
276 282
584 588
108 218
310 327
11 24
16 274
11 274
213 214
2 142
6 90
44 90
5 228
4 567
3 229
537 567
17 343
227 228
8 327
42 43
382 386
680 694
224 228
462 475
3 588
463 475
916 946
15 475
539 567
6 457
322 327
479 483
339 343
3 116
21 475
226 228
341 342
163 327
279 560
222 229
8 99
584 588
42 43
42 43
167 168
17 141
5 483
15 16
574 588
380 386
322 334
579 588
580 588
569 588
580 588
89 90
583 588
270 271
11 588
378 386
66 67
279 560
170 342
451 454
14 588
552 588
204 211
682 694
677 694
226 228
320 327
573 588
751 752
52 53
0 229
581 588
6 41
8 374
10 334
5 588
474 475
99 110
226 229
57 58
587 588
141 142
152 153
15 334
3 116
58 118
586 588
382 386
326 327
140 142
215 228
77 156
568 588
586 588
308 327
342 343
151 153
9 475
587 588
98 99
14 588
586 588
571 574
683 694
84 90
679 694
1 56
279 560
5 342
319 322
19 752
576 588
18 327
4 193
426 454
339 342
66 67
326 327
560 588
226 229
340 342
66 67
2663 2673
206 211
477 483
325 327
9 228
4 33
960 962
6 1539
123 125
118 120
77 80
815 816
553 554
174 176
401 406
0 66
1 473
972 977
842 844
1 290
11 502
87 88
273 275
140 147
5 515
1181 1205
1401 1403
19 1695
3 605
8 605
18 1347
31 1347
1477 1516
293 295
455 473
6 59
13 1021
784 788
113 228
34 1110
3 88
13 768
463 476
336 337
334 340
1689 1695
5 127
298 308
376 378
6 241
447 452
282 284
11 1900
12 1900
18 3101
19 3101
5 6
214 218
660 664
4 158
1 423
15 951
23 951
607 623
397 399
1576 1577
7 278
213 214
52 2150
64 2150
142 145
1 404
1069 1074
10 336
361 362
4 594
215 216
419 439
526 527
1352 1386
632 639
733 762
7 625
9 625
724 725
394 395
1035 1036
31 1042
380 393
1477 1539
367 368
26 1539
58 117
581 632
1015 1042
509 518
6 567
438 452
1054 1071
327 347
300 303
118 120
269 270
44 2237
2231 2237
25 2237
19 2237
40 2237
232 233
775 1552
408 409
15 1230
8 1230
848 853
397 400
122 126
441 446
854 857
972 973
3 274
4 274
0 3390
30 3390
1 3390
4 3390
582 584
858 890
604 626
107 216
18 1346
244 247
143 287
39 79
195 196
188 191
178 7353
329 7353
113 7353
7223 7353
152 7353
147 7353
346 7353
269 7353
318 7353
7234 7353
259 7353
267 7353
349 7353
343 7353
332 7353
244 7353
131 141
20 2466
19 2466
22 2466
17 2466
6 1456
212 10604
153 10604
293 10604
187 10604
218 10604
283 10604
127 10604
219 10604
138 10604
175 10604
128 10604
137 10604
204 10604
196 10604
255 10604
131 10604
27 1655
26 1655
2 407
17 1162
16 1162
5 1162
11 1162
9 479
610 623
86 87
534 564
195 391
286 295
1 590
1 508
1674 1695
23 47
393 788
0 788
782 788
5 788
393 788
2 788
0 788
782 788
393 788
3 230
732 739
2 436
1692 1695
236 247
607 626
556 567
114 115
23 48
13 344
1 684
722 764
6 582
5 1072
8 1862
11 1862
357 369
21 876
8 625
1 233
4 937
8 937
3 937
228 230
415 421
271 272
214 218
4 812
820 826
918 919
3 887
3 1072
2263 2339
13 958
8 958
20 1623
137 141
8 792
740 811
4 2330
5 2330
6 247
970 974
117 120
0 182
0 423
1928 1967
29 30
383 384
533 549
1148 1153
0 497
1 188
491 498
8 157
6 157
2210 2339
948 950
55 57
2 135
472 473
941 962
447 448
1 163
4 414
5 1161
8 1161
10 1161
1 117
1 96
1402 1403
1325 1346
2 139
1045 1110
472 473
6 318
4 318
6 700
2 162
1 1967
10 1539
1490 1539
105 106
36 5662
29 5662
25 5662
27 5662
28 5662
1533 1536
1479 1536
15 625
26 2565
24 2565
25 2565
20 2565
21 2565
16 2565
1743 1747
11 384
180 183
6 1249
22 1249
86 87
791 812
745 746
28 2128
23 2128
45 2128
1 473
66 67
122 124
169 178
10 764
376 379
2366 2396
48 2396
47 2396
19 890
25 890
21 890
37 38
19 2407
26 2407
23 2407
20 2407
8 735
4 581
2 581
2 385
0 385
612 615
2 139
640 641
430 448
7 1064
17 1064
2207 2225
87 89
920 941
1 89
9 1419
450 452
78 80
532 554
1 89
1292 1294
35 1294
372 381
87 1948
108 1948
107 1948
100 1948
5 962
440 448
1 352
136 137
579 594
7 1708
5 1708
143 287
0 25
803 816
623 626
84 90
4 2339
1535 1536
9 233
0 69
9 319
789 796
439 446
524 527
9 142
1 369
3 153
574 590
382 385
400 413
1 446
8 2395
12 2395
394 404
295 592
24 2163
13 2163
15 2163
52 55
19 191
24 2423
15 2423
30 2423
5 344
3 196
439 452
1402 1403
21 1205
23 1205
26 1014
7 294
447 448
85 86
394 395
843 844
834 844
302 303
25 1360
3 812
101 107
555 562
478 479
455 467
1727 1733
39 1733
37 1733
78 80
730 739
445 446
123 247
386 389
718 733
213 215
290 295
424 431
170 175
129 130
182 187
1 135
279 284
323 371
325 330
10 1724
8 1724
11 1724
537 549
901 919
569 1139
5 896
6 896
434 437
51 103
19 264
259 261
263 264
647 648
1561 1577
15 1501
17 1501
10 1501
615 617
1600 1618
284 285
503 504
114 115
47 48
3 247
10 737
2 223
507 509
5 311
579 594
476 477
344 345
732 733
13 789
11 789
15 605
6 1747
343 347
25 1511
27 1511
361 362
143 147
303 307
134 139
133 139
376 382
1742 1766
785 788
4 788
782 788
780 788
786 788
1 788
2 788
786 788
781 788
18 694
3 694
5 307
170 174
365 371
1076 1077
536 537
88 178
94 103
289 290
39 3159
35 3159
19 3159
1215 1331
24 50
715 716
503 508
46 1909
58 1909
29 1909
1 1618
1608 1618
382 384
377 384
0 102
92 94
5 585
424 474
267 535
3 261
294 295
166 169
145 148
181 183
18 876
732 733
21 1787
35 1787
36 1787
14 617
9 1553
12 1553
503 504
327 343
0 632
7 127
503 504
1049 1083
2 65
1106 1144
177 178
167 172
119 240
423 431
891 919
0 498
3 1618
1462 1475
183 368
3 26
15 1965
14 1965
10 1965
9 1965
11 1965
6 1965
123 125
3 175
27 55
2 379
3 229
1 229
229 230
996 1042
11 344
8 323
744 746
860 876
474 479
405 406
4 504
2 171
3 575
15 764
39 1913
32 1913
1035 1057
4 269
1 173
339 344
16 772
23 242
1655 1695
1684 1695
381 382
758 764
174 175
91 94
810 811
393 394
1275 1287
0 176
137 139
292 310
359 360
223 230
810 811
372 381
14 1129
16 1129
11 1129
2 638
1070 1071
34 1410
45 1410
27 1410
810 811
496 497
18 37
279 285
303 305
2 256
359 360
116 233
13 623
9 1061
259 260
4 452
562 563
591 592
133 144
163 327
602 617
13 337
12 362
5818 5976
118 5976
210 5976
224 5976
215 5976
198 5976
302 5976
174 5976
162 5976
1064 1075
377 379
7 661
161 162
2 2517
413 431
98 100
1360 1386
846 850
7 511
404 405
9 1102
4 1102
4 370
6 196
354 361
833 841
685 698
117 124
289 290
108 218
1 439
216 229
348 349
4 89
359 360
332 333
332 333
525 526
121 122
411 412
194 196
13 874
0 247
860 896
1 338
0 338
1 142
1776 1779
889 1779
1778 1779
889 1779
1236 1238
863 876
24 1853
23 1853
13 1853
4 592
560 564
159 173
1488 1539
2 158
10 812
5 584
2 328
254 262
13 816
98 99
786 796
403 404
5 146
344 345
461 464
227 228
5 274
459 919
15 502
1109 1110
117 122
5 446
517 518
0 141
584 585
539 561
16 2808
14 1357
707 1416
3 204
98 100
281 563
563 564
472 473
1073 1110
11 339
163 327
304 308
293 295
577 587
13 777
20 558
148 149
203 209
1 279
937 962
19 3095
20 3095
18 3095
11 1617
0 1617
13 1617
1 1617
310 318
320 327
35 1767
33 1767
36 1767
38 1767
239 240
1058 1071
516 522
1610 1618
2 465
1 465
3 465
