368 384
7 375
365 392
7 576
13 576
44 776
41 776
21 511
11 2287
15 2287
7 745
1 745
36 914
314 338
4 448
2 691
3 691
1 183
19 914
21 1155
29 1155
1082 1155
3 1155
5 1155
9 1370
15 1623
126 7389
175 7389
131 7389
51 7389
55 7389
111 7389
99 7389
66 7389
290 7389
178 7389
262 7389
4 2339
4 615
32 1288
3 176
18 1265
3 1265
13 1265
11 150
0 79
16 1983
12 1983
1 1983
2 1983
6 269
388 397
39 1208
43 1208
24 1208
1397 1474
12 240
3 448
10 558
3 1113
1 1113
4 79
9 305
362 400
5 388
8 590
7 1483
2 152
1 152
4 796
1528 1536
1 805
255 276
14 328
30 1267
19 1267
35 1267
11 1267
36 1267
506 522
187 198
0 1013
3 1013
147 152
4 1303
7 1008
14 1008
3 327
3 562
9 737
8 737
2 264
167 175
0 44
0 89
8 1913
5 1913
6 1539
26 973
22 855
18 301
48 7645
358 7645
277 7645
91 7645
30 7645
227 7645
376 7645
261 7645
298 7645
125 7645
71 7645
100 7645
199 7645
193 7645
64 7645
137 7645
220 7645
80 7645
55 7645
104 7645
1016 9306
21 9306
112 9306
382 9306
199 9306
150 9306
83 9306
482 9306
55 9306
567 9306
51 9306
175 9306
125 9306
414 9306
144 9306
565 9306
375 9306
190 9306
151 3760
133 3760
156 3760
180 3760
155 3760
122 3760
130 3760
162 3760
17 689
4 295
33 1454
26 1454
31 1454
19 1454
2 626
0 203
0 405
6 794
7 794
1 844
608 657
2 1110
147 150
1 1071
0 812
0 812
0 422
8 896
5 395
20 2339
0 135
9 324
1 721
78 79
1 204
0 811
1 368
0 380
0 380
1 384
146 152
92 98
67 68
2 446
4 777
17 777
6 884
828 884
28 1514
840 876
2 348
0 169
21 663
19 663
12 303
12 240
2 441
37 1474
0 733
6 1077
2 404
0 973
1 138
17 1618
4 567
835 876
1 176
13 2150
39 2150
19 876
6 311
16 1597
6 1597
15 1597
8 1597
18 618
3 98
2 184
27 776
30 776
4 497
55 57
17 392
23 670
16 670
371 392
10 511
7 247
0 876
6 344
9 965
1535 1539
1 509
5 215
8 176
4 215
4 215
30 1386
2 283
3 764
4 465
1 792
123 10782
176 10782
163 10782
78 10782
110 10782
407 10782
228 10782
117 10782
120 10782
98 10782
222 10782
555 10782
179 10782
258 10782
215 10782
140 10782
270 10782
97 10782
274 10782
156 10782
89 10782
121 10782
244 10782
180 10782
222 10782
161 10782
1 224
12 767
10 144
522 540
9 2510
4 2510
236 269
4 269
3 1269
1 1269
1 919
3 782
3 448
0 931
1 931
1 247
3 89
40 2038
4 2038
5 2038
1 446
24 737
16 1898
12 1898
560 584
16 1360
20 2257
4 2257
16 1695
98 2339
16 1072
2 746
6 746
1 2150
18 2150
45 3410
1 3410
37 3410
4 746
6 2150
22 2150
12 764
4 746
1 456
573 590
24 2449
58 2449
19 191
6 777
0 266
3 1027
16 976
909 976
9 3000
27 3000
29 3000
54 3000
42 3000
36 3000
2 202
2 456
6 777
7 381
0 295
3 186
440 441
1 94
67 68
5 287
10 240
134 142
12 240
17 655
6 1197
9 2831
8 2831
2 2831
3 2831
5 1331
36 4210
31 4210
197 4210
54 4210
35 4210
178 4210
199 4210
17 4210
120 4210
133 4210
134 4210
6 20
3 209
6 677
1 677
2 1547
7 1547
19 888
20 888
3 344
6 413
6 1012
13 1012
15 1012
5 269
6 467
3 504
1096 1110
4 585
11 2128
14 2128
10 2128
6 960
6 1483
15 1536
6 1536
19 1110
12 1069
14 1069
25 1069
4 1014
16 811
10 1110
16 423
1 93
4 183
1 384
4 724
10 2375
7 2375
21 2375
0 178
775 788
2 788
6 788
5 788
777 788
1 788
0 788
772 788
4 788
1 203
221 226
19 4949
24 4949
26 4949
49 4949
87 4949
17 4949
45 4949
1 120
63 2150
23 2150
21 2150
3 653
13 689
12 2955
3 2955
15 2955
5 2955
27 2955
8 2955
34 2955
7 1695
0 439
0 439
208 225
3 2163
4 2163
130 13875
144 13875
48 13875
45 13875
61 13875
138 13875
118 13875
158 13875
112 13875
151 13875
13364 13875
333 13875
205 13875
274 13875
23 2339
3 222
2 150
5 1164
3 1164
1 1164
0 2347
3 2347
1 2347
2 2347
1 633
7 384
34 3126
38 3126
55 3126
24 3126
10 3126
28 3126
25 3126
8 1078
11 1078
3 1078
6 267
17 1926
522 526
13 812
12 858
10 5657
11 5657
31 5657
8 5657
20 5657
4 5657
24 5657
5598 5657
34 1042
15 423
4 218
153 172
17 1307
958 1021
11 384
15 400
233 240
226 247
4 176
5 247
4 124
587 618
5 247
9 1708
5 1708
3 1708
6 1708
10 762
8 762
1 152
5 371
6 264
5 442
9 442
2 389
58 5642
33 5642
24 5642
5257 5642
46 5642
48 5642
64 5642
9 416
201 223
83 86
23 543
9 1403
11 1403
12 679
5 2517
1 87
9 689
7 336
3 89
5 153
1313 1403
13 1963
19 1963
4 2002
1 2002
15 2002
26 147
9 147
3 163
263 264
1454 1539
247 264
12 590
0 181
214 241
0 465
38 764
31 764
12 764
6 295
6 1652
8 1652
2 1967
3 86
0 1110
6 1183
3 1183
5 1183
1 876
2 389
7 1124
5 1124
6 1014
15 961
10 961
0 961
2 526
0 359
977 1130
1 257
1245 1386
801 842
1041 1042
1 257
34 2403
28 2403
26 2403
0 106
7 375
548 617
25 270
24 270
11 340
3 327
0 380
7 518
9 587
7 587
6 384
1 424
10 264
15 699
15 1317
23 1317
7 1317
7 120
20 594
1 538
0 603
2 1130
2 344
11 240
0 1241
8 122
10 855
11 1898
7 1898
12 1898
9 1898
17 384
13 17
880 914
0 777
147 163
42 4713
73 4713
39 4713
286 4713
54 4713
52 4713
1 44
26 2150
23 2150
3 2150
1 2150
10 402
3 266
4 781
7 781
0 781
6 781
18 664
20 689
6 874
15 796
14 796
93 1464
20 1464
33 1464
1 548
15 382
216 233
2 663
5 257
492 506
7 1012
4 257
5 626
2 371
12 782
38 3816
53 3816
24 3816
21 3816
27 3816
55 3816
35 3816
7 340
11 1347
7 1347
0 149
7 554
5 364
6 364
273 295
397 435
14 695
2 1247
1 1247
7 423
9 914
4 265
7 631
9 631
3 186
6 518
165 171
506 511
20 431
1 2308
9 2308
5 2303
12 2303
13 145
12 145
1 145
7 467
35 518
2 405
18 318
10 423
7 324
7 389
41 8726
105 8726
175 8726
67 8726
260 8726
100 8726
392 8726
120 8726
247 8726
190 8726
25 8726
98 8726
30 8726
0 422
0 108
1 456
0 1036
1 1036
353 391
2 344
12 679
2 154
198 397
14 3066
17 3066
70 3066
5 1214
4 1214
14 1595
33 1595
661 764
0 457
0 368
0 376
185 209
7 209
1 1191
0 1191
35 592
27 378
137 141
3 389
423 446
9 264
7 526
14 1110
12628 12734
311 12734
373 12734
131 12734
364 12734
407 12734
12706 12734
331 12734
246 12734
397 12734
98 12734
98 12734
215 12734
166 12734
293 12734
377 12734
113 12734
247 12734
7 203
6 89
0 653
288 295
0 841
0 441
371 384
3 876
60 1264
1171 1264
1242 1264
5 404
0 1483
0 1110
515 590
35 590
3 264
2 107
19 1386
0 148
85 89
13 842
42 461
1 669
4 669
11 737
680 699
8 423
8 737
2 107
0 107
6 148
0 473
29 2629
56 2629
24 2629
34 2629
11 384
9 1589
3 1589
4 1589
2 113
5 2696
8 2696
6 2696
1 774
31 664
956 987
14 987
27 987
22 4344
10 4344
21 4344
40 4344
13 4344
3 4344
6 4344
3 222
43 626
16 1376
0 1376
4 1376
9 1376
9 558
4 680
11 680
2 234
2 177
172 177
12 384
18 441
32 441
4 376
19 1511
25 1511
8 522
12 522
0 169
15 737
35 664
9 479
21 2238
52 2238
45 2238
9 2238
26 1074
24 737
3 762
2426 2517
775 788
32 2300
21 2300
2 762
10 618
1 183
26 270
9 558
229 252
7 295
18 1913
27 1913
24 656
5 656
19 656
12 240
1 423
13 764
333 373
3 446
1 357
7 423
0 632
11 590
3 562
428 456
0 9
293 587
6 562
7 1014
0 774
1 404
0 567
4 1407
2 594
1 690
0 690
4 250
1 127
294 295
3 2725
4 2725
5 2725
2 2725
6 2725
0 442
2 442
8 518
1 508
0 269
1 269
0 38
13 6094
12 6094
9 6094
1 6094
15 6094
5 1370
53 2737
15 2737
1309 1409
498 526
430 465
3 339
5 960
1 960
8 382
3 295
4 404
1 431
1 1536
4 615
0 844
0 308
6 504
4 560
1 730
0 730
1 764
0 1701
236 240
252 283
15 596
390 392
11 2339
6 2339
0 303
0 461
23 563
3 438
2 122
0 980
1 980
782 845
4 665
5 378
1 352
8 889
2 889
3 189
0 431
1 751
2 526
42 1955
28 1955
40 1955
27 1955
16 1955
38 1955
16 9453
22 9453
24 9453
57 9453
61 9453
37 9453
53 9453
35 9453
43 9453
27 9453
21 9453
39 9453
42 9453
19 9453
71 9453
17 3604
8 3604
10 3604
1801 3604
12 3604
18 2982
36 2982
45 2982
34 2982
28 2982
7 1152
5 499
1 181
0 181
245 249
16 613
18 395
2 575
1 122
1 1114
4 1114
271 283
141 283
0 241
52 55
3 655
5 1887
6 1887
3 1887
260 7512
182 7512
238 7512
159 7512
62 7512
160 7512
276 7512
306 7512
358 7512
304 7512
208 7512
334 7512
155 7512
293 7512
350 7512
4 328
1 623
2 106
3 82
5 305
5 196
139 151
6 439
2 328
9 2031
6 4370
8 4370
7 4370
3 4370
4 4370
10 4370
5 4370
9 4370
0 340
0 360
3 269
1 413
12 887
1 187
0 187
3 534
36 1539
4 726
240 257
5 202
10 764
13 764
1 473
2 729
3 729
4 729
4 174
567 593
1 326
2 282
55 59
25 2849
30 2849
33 2849
14 2849
11 225
11 435
2 435
1 522
145 146
17 479
2 399
2 587
3 562
19 788
4 788
739 788
18 788
747 788
1 788
0 788
737 788
20 788
1 473
13 473
3 1528
1 1528
5 1904
2 1904
1 733
4 219
53 2417
98 2417
44 594
21 594
519 594
5 620
4 620
2 476
1 476
2 405
1624 1695
83 91
82 91
2 1223
1 1223
6 1223
11 479
1 328
4 1879
5 1879
90 4834
52 4834
66 4834
82 4834
23 4834
69 4834
3 145
9 739
318 336
8 361
6 177
2 413
708 759
2 191
1 191
7 240
5 233
157 177
1 176
4 318
5 807
3 807
8 761
1 446
0 931
1 931
4 1074
16 812
265 287
7 764
7 1043
7 857
1 922
7 558
4 558
0 279
145 173
2 130
2 617
1 617
6 1707
7 1707
19 4275
12 4275
16 4275
20 4275
18 4275
0 1149
1 1149
2 1149
16 2971
14 2971
7 336
314 318
4 1026
2 92
3 92
1 311
0 161
1 774
7 127
361 379
0 400
4 428
354 381
9 562
479 497
6 393
2 279
10 323
358 395
1 223
7 362
479 509
7 2434
10 716
5 388
17 233
1 484
1 484
2 484
13 1075
12 1075
11 1075
17 1075
107 118
0 114
811 844
17 844
0 306
7 1742
1 1742
0 1742
11 441
0 655
5 764
0 509
3680 3737
18 3737
10 3737
8 3737
4 562
1090 2181
4 338
4 40
0 379
8 405
2 474
4 98
1 1143
358 368
38 699
3 343
11 126
14 1644
26 1644
2 767
1 767
754 767
16 20
306 310
2 354
4 61
4 297
725 727
372 395
38 1618
1 233
377 381
0 473
203 217
0 152
662 768
0 171
0 567
0 301
0 461
758 788
9 788
737 788
733 788
746 788
1 788
0 788
753 788
17 788
2 405
5 653
3 139
0 324
2 973
7 1386
2 633
16 664
25 1618
15 395
1 295
334 344
5 230
1109 2219
1 385
4 527
48 1926
57 1926
5 548
0 919
14 699
45 472
6 327
2 821
3 821
5 821
1 526
1 567
12 1012
7 1012
10 1012
11 562
15 739
0 266
11 227
0 241
20 635
2 391
3 177
1 407
7 435
5 535
506 527
352 371
12 371
238 240
7 57
270 297
13 262
3 361
14 1312
0 84
6 287
6 509
5 585
1 592
12 812
2098 2339
6 290
0 948
1 948
2 448
956 973
1 360
3 389
8 1646
14 2101
16 2101
12 2101
9 2101
17 876
8 472
214 265
8 777
18 502
0 137
2 209
10 144
1 183
2 370
134 135
1 120
3 962
643 721
0 114
4 3218
6 1747
0 231
3 1110
0 153
1 290
3 397
12 325
3 319
370 382
1 5267
32 5267
19 5267
28 5267
20 5267
37 5267
15 5267
21 5267
29 5267
30 5267
17 5267
31 5267
16 5267
18 5267
1 1034
3 1034
5 2191
7 2191
1 247
2 247
5 1416
37 1027
0 319
0 1042
0 384
1 163
6 127
2 484
1 900
0 544
14 265
1 368
0 930
3 2416
1 2416
5 2416
4 919
5 407
0 382
1 247
4 233
4 1183
7 1183
8 1183
1 1185
0 382
2 340
2 3763
1 3763
8 177
436 477
1 141
15 242
4 295
3 295
11 395
20 615
1 308
1 1695
20 511
0 227
0 257
69 2339
8 395
1 359
18 761
16 257
0 176
13 336
1 195
2 365
12 240
2 230
2 196
316 338
19 1116
8 1116
3 1124
0 300
5 1623
32 906
0 57
6 188
0 1057
0 233
2 721
6 318
10 735
687 699
5 446
0 310
1 165
427 465
5 1130
656 679
4 392
328 348
16 1898
11 1898
0 472
34 950
45 950
31 950
153 191
1 1695
1 324
0 282
1 861
27 1695
8 360
34 960
3 388
4 1701
6 453
5 453
1 247
1 461
27 295
7 1042
5 549
22 319
3 1110
7 2517
2 866
1 866
135 141
1 387
47 48
3 1791
4 1791
3 511
0 275
5 286
0 423
2 191
7 950
480 509
0 861
5 364
6 364
2 378
1 3651
3 364
5 364
0 298
62 679
17 654
6 177
12 605
3 392
7 392
2 569
0 43
4 414
2 272
1 327
7 2050
3 2050
6 2050
1 617
4 927
6 1268
4 1268
5 1268
34 1413
156 157
6 317
29 790
755 790
8 812
999 1077
535 584
14 562
17 1360
5 1695
13 405
560 587
4 127
4 1592
1 1592
3 1719
5 1719
2 1719
13 548
2 548
4 195
1 352
0 1043
14 2703
13 2703
21 2703
23 2703
1069 1165
360 395
3 1323
11 1323
5 1323
22 1323
10 1323
0 118
0 165
11 663
7 451
27 1536
19 1526
6 1526
13 1526
1 116
304 327
8 587
1 139
4 325
14 1288
1 116
16 240
0 217
355 712
21 1386
107 2339
3 2517
7 381
264 284
0 183
271 295
2503 2517
10 2339
24 465
1 247
2 2517
2 55
3 281
0 247
21 1360
2 461
74 3761
13 590
9 594
10 378
55 1539
9 108
3996 4338
90 1552
2 152
1 646
8 306
54 657
16 657
43 1042
393 421
6 1042
208 222
4 1034
0 270
2 1104
0 486
3 502
1 57
789 816
19 2365
25 1074
0 187
6 2236
8 2236
9 2236
1 2236
12 405
30 1110
491 497
5 222
0 120
0 151
0 1392
2 230
83 86
2 78
2108 2339
0 9
10 1021
0 318
3 308
0 279
0 762
2 88
686 721
2 1027
9 500
0 89
3 86
11 159
0 733
681 725
3 276
1 497
6 1130
1 456
2 654
1 777
0 53
0 340
468 475
5 142
3 694
0 41
1 90
587 588
5 588
4 588
5 214
2 67
2 588
1 327
6 342
2 588
184 193
1 161
8 90
14 588
6 41
19 322
2 718
2 142
13 567
4 588
109 113
0 120
15 588
2 567
7 588
41 588
12 483
25 588
1 218
19 588
281 282
276 282
554 588
207 218
5 327
0 24
2 274
5 274
6 214
1 142
5 90
88 90
2 228
2 567
2 229
557 567
12 343
220 228
2 327
1 43
13 386
652 694
214 228
13 475
11 588
429 475
22 946
2 475
0 567
1 457
5 327
8 483
7 343
1 116
1 475
202 228
3 342
320 327
533 560
3 229
0 99
6 588
7 43
7 43
0 168
11 141
1 483
0 16
15 588
3 386
24 334
3 588
4 588
5 588
2 588
0 90
577 588
7 271
22 588
10 386
2 67
556 560
331 342
9 454
9 588
9 588
2 211
21 694
9 694
9 228
309 327
22 588
17 752
2 53
2 229
26 588
6 41
3 374
2 334
1 588
32 475
101 110
0 229
1 58
25 588
2 142
137 153
5 334
3 116
2 118
16 588
371 386
6 327
3 142
221 228
10 156
2 588
6 588
1 327
20 343
148 153
20 475
7 588
8 99
3 588
7 588
559 574
7 694
4 90
13 694
0 56
541 560
330 342
22 322
5 752
7 588
16 327
2 193
9 454
2 342
1 67
11 327
18 588
4 229
1 342
66 67
24 2673
1 211
21 483
3 327
6 228
4 33
17 962
3 1539
0 125
0 120
5 80
2 816
0 554
1 176
3 406
0 66
0 473
0 977
0 844
0 290
8 502
2 88
9 275
3 147
5 515
1 1205
5 1403
4 1695
2 605
15 605
7 1347
11 1347
24 1516
0 295
0 473
0 59
5 1021
777 788
222 228
4 1110
2 88
3 768
3 476
14 337
0 340
30 1695
4 127
0 308
8 378
0 241
0 452
1 284
5 1900
0 1900
4 3101
0 3101
0 6
4 218
23 664
0 158
0 423
7 951
37 951
0 623
0 399
21 1577
0 278
3 214
2 2150
1 2150
0 145
0 404
0 1074
9 336
0 362
2 594
0 216
0 439
4 527
6 1386
5 639
31 762
0 625
2 625
0 725
0 395
0 1036
13 1042
1 393
5 1539
1 368
4 1539
105 117
31 632
10 1042
9 518
1 567
2 452
1 1071
0 347
1 303
0 120
27 270
11 2237
45 2237
17 2237
3 2237
19 2237
1 233
1465 1552
0 409
0 1230
1 1230
20 853
0 400
0 126
3 446
31 857
0 973
1 274
2 274
9 3390
24 3390
10 3390
5 3390
0 584
21 890
1 626
214 216
0 1346
0 247
282 287
71 79
0 196
166 191
231 7353
174 7353
62 7353
7262 7353
95 7353
0 7353
264 7353
169 7353
163 7353
7352 7353
99 7353
88 7353
170 7353
147 7353
75 7353
48 7353
4 141
7 2466
10 2466
8 2466
9 2466
0 1456
128 10604
94 10604
199 10604
26 10604
37 10604
176 10604
81 10604
73 10604
146 10604
142 10604
23 10604
80 10604
100 10604
65 10604
87 10604
77 10604
12 1655
10 1655
0 407
4 1162
6 1162
5 1162
3 1162
3 479
14 623
0 87
3 564
3 391
0 295
0 590
1 508
1678 1695
40 47
22 788
16 788
19 788
20 788
17 788
3 788
1 788
18 788
26 788
2 230
0 739
3 436
16 1695
0 247
6 626
7 567
6 115
2 48
6 344
2 684
43 764
1 582
11 1072
4 1862
6 1862
12 369
827 876
2 625
1 233
2 937
3 937
7 937
0 230
1 421
4 272
4 218
1 812
9 826
2 919
1 887
1 1072
2132 2339
8 958
9 958
13 1623
140 141
3 792
3 811
2 2330
3 2330
9 247
44 974
111 120
0 182
0 423
0 1967
0 30
7 384
4 549
23 1153
0 497
1 188
6 498
7 157
4 157
10 2339
4 950
3 57
0 135
18 473
0 962
1 448
0 163
3 414
4 1161
2 1161
3 1161
0 117
1 96
3 1403
1 1346
1 139
41 1110
1 473
1 318
0 318
1 700
2 162
0 1967
5 1539
4 1539
0 106
7 5662
10 5662
5 5662
8 5662
6 5662
7 1536
1449 1536
13 625
18 2565
16 2565
15 2565
10 2565
19 2565
12 2565
67 1747
12 384
4 183
14 1249
15 1249
0 87
13 812
4 746
8 2128
0 2128
3 2128
0 473
0 67
4 124
1 178
0 764
1 379
3 2396
0 2396
1 2396
19 890
17 890
20 890
0 38
3 2407
5 2407
0 2407
10 2407
2 735
1 581
0 581
2 385
1 385
15 615
1 139
5 641
13 448
2 1064
11 1064
5 2225
3 89
2 941
0 89
0 1419
435 452
2 80
6 554
1 89
8 1294
17 1294
372 381
63 1948
94 1948
50 1948
62 1948
1 962
1 448
1 352
0 137
1 594
3 1708
0 1708
10 287
0 25
4 816
1 626
0 90
57 2339
0 1536
4 233
0 69
6 319
3 796
0 446
0 527
0 142
1 369
1 153
7 590
5 385
29 413
0 446
3 2395
2 2395
2 404
295 592
26 2163
22 2163
77 2163
2 55
27 191
4 2423
3 2423
11 2423
3 344
168 196
1 452
20 1403
0 1205
1 1205
0 1014
1 294
1 448
7 86
3 395
19 844
0 844
4 303
2 1360
1 812
0 107
0 562
8 479
8 467
87 1733
72 1733
34 1733
3 80
0 739
0 446
232 247
0 389
0 733
203 215
5 295
12 431
0 175
5 130
8 187
3 135
1 284
2 371
9 330
6 1724
2 1724
5 1724
16 549
8 919
1117 1139
0 896
1 896
15 437
0 103
9 264
5 261
1 264
1 648
24 1577
0 1501
3 1501
1 1501
531 617
14 1618
1 285
6 504
3 115
1 48
0 247
1 737
0 223
0 509
0 311
47 594
14 477
0 345
1 733
6 789
5 789
0 605
1 1747
0 347
23 1511
24 1511
0 362
16 147
0 307
12 139
14 139
1 382
1693 1766
714 788
3 788
5 788
2 788
749 788
0 788
1 788
760 788
4 788
13 694
1 694
9 307
5 174
3 371
2 1077
0 537
5 178
0 103
2 290
12 3159
13 3159
7 3159
6 1331
24 50
0 716
1 508
28 1909
37 1909
34 1909
1 1618
8 1618
1 384
6 384
0 102
1 94
4 585
3 474
516 535
0 261
291 295
0 169
0 148
4 183
7 876
1 733
17 1787
21 1787
12 1787
15 617
1 1553
3 1553
6 504
6 343
4 632
0 127
13 504
10 1083
1 65
16 1144
0 178
9 172
7 240
11 431
908 919
0 498
1 1618
1408 1475
9 368
3 26
7 1965
6 1965
5 1965
2 1965
3 1965
4 1965
16 125
0 175
1 55
2 379
1 229
3 229
0 230
5 1042
0 344
7 323
5 746
22 876
8 479
404 406
4 504
4 171
2 575
10 764
5 1913
2 1913
1 1057
2 269
1 173
325 344
0 772
0 242
1 1695
10 1695
3 382
3 764
0 175
0 94
0 811
0 394
0 1287
0 176
8 139
0 310
0 360
3 230
1 811
4 381
4 1129
11 1129
7 1129
1 638
8 1071
20 1410
37 1410
28 1410
0 811
0 497
31 37
0 285
1 305
1 256
1 360
222 233
4 623
0 1061
2 260
0 452
0 563
24 592
3 144
310 327
0 617
312 337
8 362
5913 5976
77 5976
83 5976
110 5976
71 5976
122 5976
145 5976
82 5976
68 5976
34 1075
1 379
6 661
2 162
1 2517
21 431
6 100
1 1386
5 850
1 511
2 405
2 1102
0 1102
1 370
3 196
1 361
24 841
21 698
0 124
0 290
215 218
0 439
209 229
0 349
3 89
0 360
310 333
318 333
4 526
3 122
0 412
177 196
8 874
0 247
5 896
1 338
2 338
2 142
111 1779
93 1779
34 1779
1756 1779
1 1238
15 876
19 1853
14 1853
4 1853
3 592
1 564
14 173
6 1539
0 158
5 812
3 584
1 328
240 262
4 816
1 99
15 796
5 404
5 146
335 345
5 464
224 228
4 274
459 919
8 502
0 1110
1 122
5 446
4 518
0 141
8 585
20 561
1 2808
1 1357
1286 1416
1 204
5 100
550 563
0 564
0 473
18 1110
5 339
163 327
4 308
18 295
1 587
0 777
8 558
1 149
188 209
0 279
5 962
10 3095
9 3095
6 3095
14 1617
0 1617
9 1617
7 1617
2 318
4 327
1 1767
9 1767
11 1767
2 1767
14 240
0 1071
6 522
0 1618
1 465
0 465
1 465
