379 384
14 375
382 392
12 576
11 576
38 776
37 776
510 511
11 2287
32 2287
9 745
1 745
12 914
10 338
429 448
3 691
4 691
4 183
36 914
24 1155
36 1155
577 1155
13 1155
14 1155
1271 1370
26 1623
306 7389
144 7389
168 7389
150 7389
159 7389
201 7389
169 7389
132 7389
411 7389
161 7389
101 7389
34 2339
6 615
1245 1288
11 176
10 1265
2 1265
14 1265
147 150
3 79
39 1983
38 1983
27 1983
23 1983
7 269
389 397
47 1208
50 1208
37 1208
1374 1474
239 240
4 448
20 558
4 1113
3 1113
75 79
291 305
398 400
7 388
8 590
13 1483
146 152
146 152
8 796
767 1536
6 805
273 276
327 328
57 1267
52 1267
38 1267
35 1267
47 1267
520 522
3 198
4 1013
3 1013
147 152
25 1303
14 1008
17 1008
3 327
552 562
12 737
11 737
4 264
173 175
42 44
0 89
22 1913
28 1913
11 1539
939 973
837 855
300 301
204 7645
512 7645
528 7645
376 7645
174 7645
472 7645
510 7645
499 7645
501 7645
422 7645
309 7645
403 7645
246 7645
408 7645
331 7645
401 7645
323 7645
379 7645
194 7645
371 7645
9059 9306
318 9306
555 9306
517 9306
504 9306
457 9306
657 9306
626 9306
441 9306
9081 9306
579 9306
494 9306
573 9306
618 9306
628 9306
556 9306
614 9306
373 9306
141 3760
139 3760
180 3760
196 3760
154 3760
113 3760
133 3760
179 3760
657 689
279 295
35 1454
43 1454
41 1454
36 1454
7 626
1 203
5 405
773 794
779 794
13 844
328 657
8 1110
141 150
6 1071
3 812
3 812
0 422
26 896
370 395
2220 2339
132 135
319 324
5 721
5 79
202 204
30 811
353 368
20 380
367 380
0 384
9 152
96 98
8 68
5 446
11 777
18 777
16 884
15 884
1513 1514
863 876
1 348
0 169
11 663
20 663
301 303
12 240
32 441
1468 1474
724 733
9 1077
3 404
4 973
1 138
1543 1618
551 567
17 876
1 176
36 2150
2103 2150
15 876
301 311
10 1597
24 1597
22 1597
27 1597
616 618
4 98
4 184
32 776
35 776
496 497
4 57
380 392
36 670
31 670
390 392
12 511
235 247
872 876
341 344
889 965
1530 1539
2 509
7 215
13 176
7 215
6 215
1364 1386
267 283
9 764
10 465
3 792
467 10782
505 10782
528 10782
394 10782
503 10782
601 10782
544 10782
430 10782
469 10782
411 10782
582 10782
651 10782
687 10782
682 10782
630 10782
527 10782
336 10782
473 10782
565 10782
499 10782
444 10782
476 10782
463 10782
563 10782
582 10782
592 10782
4 224
756 767
139 144
499 540
20 2510
19 2510
134 269
5 269
12 1269
9 1269
4 919
4 782
4 448
4 931
5 931
5 247
4 89
44 2038
9 2038
13 2038
5 446
29 737
31 1898
41 1898
569 584
1356 1360
34 2257
17 2257
1587 1695
85 2339
21 1072
11 746
10 746
29 2150
41 2150
67 3410
73 3410
89 3410
714 746
23 2150
41 2150
22 764
744 746
3 456
571 590
42 2449
47 2449
172 191
28 777
1 266
26 1027
973 976
937 976
21 3000
81 3000
18 3000
98 3000
23 3000
70 3000
6 202
3 456
9 777
2 381
1 295
5 186
220 441
1 94
33 68
6 287
239 240
70 142
233 240
610 655
10 1197
22 2831
14 2831
32 2831
28 2831
10 1331
87 4210
92 4210
183 4210
69 4210
146 4210
148 4210
168 4210
163 4210
108 4210
201 4210
223 4210
4 20
2 209
9 677
7 677
4 1547
0 1547
28 888
32 888
329 344
3 413
14 1012
0 1012
14 1012
13 269
12 467
5 504
1057 1110
8 585
38 2128
29 2128
28 2128
11 960
14 1483
33 1536
14 1536
1047 1110
18 1069
33 1069
30 1069
15 1014
741 811
1082 1110
407 423
1 93
182 183
362 384
11 724
24 2375
23 2375
19 2375
175 178
758 788
3 788
7 788
5 788
759 788
1 788
0 788
759 788
6 788
1 203
221 226
80 4949
97 4949
98 4949
104 4949
81 4949
59 4949
41 4949
4 120
63 2150
46 2150
32 2150
8 653
676 689
46 2955
16 2955
44 2955
18 2955
73 2955
33 2955
23 2955
12 1695
0 439
0 439
224 225
14 2163
11 2163
231 13875
232 13875
205 13875
168 13875
151 13875
217 13875
298 13875
248 13875
289 13875
253 13875
13251 13875
294 13875
237 13875
222 13875
33 2339
211 222
4 150
12 1164
4 1164
1 1164
2 2347
5 2347
4 2347
17 2347
4 633
11 384
30 3126
33 3126
52 3126
36 3126
27 3126
7 3126
11 3126
9 1078
19 1078
6 1078
3 267
24 1926
262 526
788 812
18 858
48 5657
49 5657
72 5657
28 5657
57 5657
1 5657
41 5657
5640 5657
29 1042
416 423
7 218
165 172
24 1307
35 1021
15 384
398 400
238 240
5 247
4 176
233 247
7 124
609 618
245 247
9 1708
12 1708
2 1708
8 1708
13 762
11 762
1 152
368 371
251 264
37 442
42 442
4 389
109 5642
70 5642
38 5642
165 5642
63 5642
85 5642
122 5642
2 416
219 223
84 86
36 543
14 1403
1351 1403
633 679
2485 2517
86 87
688 689
325 336
80 89
4 153
1378 1403
1791 1963
51 1963
13 2002
11 2002
1899 2002
136 147
11 147
3 163
259 264
1483 1539
261 264
570 590
0 181
120 241
2 465
699 764
701 764
23 764
7 295
11 1652
14 1652
1870 1967
84 86
1068 1110
13 1183
14 1183
15 1183
3 876
378 389
24 1124
16 1124
985 1014
18 961
24 961
11 961
9 526
2 359
1038 1130
10 257
1341 1386
819 842
1031 1042
7 257
33 2403
57 2403
36 2403
105 106
12 375
583 617
260 270
27 270
332 340
11 327
369 380
469 518
9 587
8 587
380 384
1 424
14 264
667 699
28 1317
19 1317
27 1317
114 120
17 594
3 538
0 603
14 1130
3 344
239 240
3 1241
121 122
25 855
29 1898
31 1898
29 1898
24 1898
373 384
8 17
912 914
4 777
157 163
118 4713
90 4713
110 4713
4518 4713
103 4713
97 4713
43 44
38 2150
31 2150
5 2150
2 2150
396 402
249 266
7 781
9 781
5 781
11 781
22 664
664 689
9 874
793 796
13 796
1388 1464
46 1464
1361 1464
25 548
380 382
230 233
7 663
239 257
498 506
7 1012
9 257
7 626
2 371
763 782
68 3816
106 3816
53 3816
52 3816
91 3816
73 3816
62 3816
14 340
19 1347
10 1347
1 149
10 554
6 364
0 364
285 295
217 435
22 695
14 1247
10 1247
11 423
13 914
8 265
8 631
20 631
9 186
428 518
85 171
508 511
19 431
9 2308
15 2308
18 2303
21 2303
7 145
16 145
2 145
466 467
514 518
4 405
303 318
407 423
297 324
367 389
103 8726
252 8726
154 8726
195 8726
309 8726
302 8726
290 8726
227 8726
394 8726
277 8726
96 8726
225 8726
127 8726
0 422
1 108
444 456
3 1036
4 1036
372 391
2 344
28 679
2 154
198 397
27 3066
29 3066
137 3066
7 1214
9 1214
33 1595
41 1595
690 764
2 457
6 368
2 376
202 209
208 209
41 1191
4 1191
589 592
7 378
132 141
387 389
438 446
253 264
513 526
1083 1110
6366 12734
407 12734
524 12734
369 12734
453 12734
497 12734
6366 12734
447 12734
477 12734
513 12734
319 12734
319 12734
269 12734
302 12734
412 12734
554 12734
281 12734
325 12734
6 203
84 89
1 653
9 295
1 841
5 441
366 384
5 876
45 1264
1257 1264
1203 1264
7 404
10 1483
8 1110
589 590
577 590
250 264
0 107
16 1386
138 148
88 89
9 842
450 461
1 669
5 669
694 737
698 699
412 423
17 737
3 107
0 107
14 148
1 473
48 2629
51 2629
55 2629
61 2629
383 384
6 1589
8 1589
7 1589
3 113
14 2696
13 2696
12 2696
4 774
32 664
493 987
32 987
39 987
54 4344
52 4344
19 4344
265 4344
38 4344
42 4344
44 4344
208 222
619 626
26 1376
11 1376
16 1376
24 1376
542 558
8 680
12 680
4 234
1 177
175 177
13 384
406 441
422 441
1 376
27 1511
28 1511
8 522
9 522
0 169
12 737
33 664
11 479
62 2238
2184 2238
38 2238
42 2238
1045 1074
724 737
4 762
2514 2517
393 788
98 2300
41 2300
726 762
18 618
3 183
28 270
11 558
5 252
8 295
6 1913
30 1913
655 656
10 656
26 656
236 240
412 423
707 764
371 373
0 446
2 357
7 423
0 632
535 590
553 562
443 456
8 9
293 587
541 562
16 1014
4 774
11 404
10 567
1382 1407
538 594
0 690
2 690
7 250
121 127
294 295
8 2725
7 2725
9 2725
5 2725
6 2725
0 442
2 442
21 518
1 508
3 269
4 269
0 38
23 6094
24 6094
20 6094
17 6094
15 6094
1366 1370
39 2737
22 2737
1345 1409
262 526
433 465
326 339
10 960
7 960
6 382
271 295
392 404
2 431
2 1536
12 615
5 844
6 308
9 504
8 560
1 730
0 730
4 764
0 1701
235 240
265 283
20 596
383 392
28 2339
19 2339
1 303
0 461
561 563
2 438
3 122
0 980
1 980
837 845
5 665
3 378
1 352
18 889
4 889
3 189
1 431
6 751
512 526
61 1955
55 1955
65 1955
63 1955
57 1955
50 1955
63 9453
62 9453
79 9453
111 9453
130 9453
96 9453
122 9453
100 9453
112 9453
97 9453
106 9453
104 9453
94 9453
78 9453
120 9453
37 3604
29 3604
30 3604
1801 3604
31 3604
46 2982
51 2982
52 2982
47 2982
43 2982
39 1152
1 499
1 181
0 181
124 249
610 613
384 395
6 575
3 122
11 1114
1 1114
141 283
141 283
1 241
27 55
5 655
13 1887
9 1887
0 1887
295 7512
279 7512
335 7512
298 7512
122 7512
290 7512
324 7512
381 7512
228 7512
425 7512
302 7512
343 7512
322 7512
140 7512
7338 7512
311 328
6 623
5 106
0 82
9 305
185 196
75 151
420 439
2 328
2025 2031
27 4370
31 4370
25 4370
20 4370
26 4370
29 4370
19 4370
30 4370
0 340
2 360
3 269
1 413
866 887
1 187
0 187
3 534
9 1539
6 726
128 257
6 202
11 764
18 764
3 473
9 729
6 729
7 729
3 174
588 593
5 326
2 282
56 59
1 2849
0 2849
29 2849
12 2849
16 225
433 435
424 435
9 522
145 146
478 479
3 399
582 587
6 562
773 788
3 788
393 788
393 788
393 788
1 788
0 788
393 788
777 788
1 473
2 473
4 1528
3 1528
19 1904
20 1904
1 733
2 219
86 2417
92 2417
579 594
13 594
587 594
4 620
5 620
7 476
4 476
3 405
3 1695
86 91
84 91
12 1223
10 1223
1191 1223
13 479
2 328
1 1879
6 1879
105 4834
55 4834
76 4834
124 4834
59 4834
90 4834
1 145
26 739
327 336
353 361
168 177
8 413
749 759
2 191
1 191
2 240
7 233
3 177
1 176
4 318
7 807
5 807
744 761
8 446
2 931
3 931
27 1074
2 812
283 287
17 764
28 1043
6 857
10 922
7 558
4 558
0 279
86 173
4 130
0 617
1 617
11 1707
5 1707
45 4275
33 4275
27 4275
48 4275
47 4275
13 1149
14 1149
15 1149
12 2971
18 2971
335 336
316 318
40 1026
4 92
3 92
2 311
1 161
19 774
9 127
376 379
1 400
418 428
375 381
559 562
482 497
392 393
264 279
12 323
2 395
4 223
7 362
10 509
11 2434
14 716
3 388
17 233
469 484
469 484
472 484
21 1075
1022 1075
32 1075
1072 1075
113 118
0 114
829 844
818 844
300 306
18 1742
16 1742
5 1742
427 441
11 655
4 764
499 509
1868 3737
30 3737
18 3737
24 3737
4 562
1090 2181
6 338
38 40
342 379
7 405
21 474
2 98
1098 1143
183 368
683 699
341 343
11 126
26 1644
27 1644
4 767
0 767
383 767
9 20
295 310
2 354
3 61
8 297
363 727
379 395
1590 1618
4 233
190 381
1 473
208 217
3 152
750 768
0 171
4 567
0 301
1 461
393 788
8 788
770 788
771 788
393 788
2 788
0 788
393 788
780 788
389 405
633 653
136 139
2 324
965 973
7 1386
3 633
21 664
1617 1618
375 395
3 295
335 344
225 230
1109 2219
2 385
8 527
1873 1926
1923 1926
6 548
0 919
671 699
471 472
5 327
10 821
9 821
8 821
4 526
2 567
17 1012
16 1012
20 1012
546 562
707 739
5 266
225 227
0 241
604 635
8 391
4 177
370 407
8 435
2 535
504 527
369 371
363 371
238 240
8 57
148 297
261 262
341 361
22 1312
80 84
8 287
16 509
11 585
548 592
790 812
2197 2339
276 290
15 948
3 948
2 448
956 973
3 360
7 389
9 1646
36 2101
35 2101
28 2101
26 2101
6 876
447 472
247 265
10 777
3 502
133 137
197 209
10 144
1 183
351 370
134 135
1 120
5 962
665 721
1 114
8 3218
27 1747
0 231
3 1110
0 153
3 290
8 397
309 325
299 319
364 382
8 5267
69 5267
55 5267
50 5267
7 5267
60 5267
5 5267
19 5267
73 5267
70 5267
64 5267
66 5267
44 5267
47 5267
0 1034
3 1034
4 2191
7 2191
229 247
223 247
22 1416
1021 1027
0 319
0 1042
0 384
2 163
9 127
2 484
6 900
4 544
261 265
7 368
0 930
9 2416
10 2416
12 2416
4 919
387 407
2 382
4 247
5 233
11 1183
13 1183
12 1183
18 1185
378 382
2 340
6 3763
0 3763
176 177
465 477
132 141
23 242
7 295
6 295
380 395
586 615
1 308
7 1695
491 511
2 227
256 257
91 2339
12 395
2 359
736 761
13 257
170 176
326 336
2 195
6 365
238 240
3 230
182 196
336 338
39 1116
23 1116
4 1124
2 300
23 1623
891 906
54 57
178 188
17 1057
0 233
699 721
295 318
731 735
690 699
3 446
16 310
2 165
464 465
1013 1130
651 679
7 392
338 348
24 1898
19 1898
4 472
49 950
54 950
34 950
177 191
7 1695
7 324
1 282
9 861
1627 1695
355 360
892 960
3 388
36 1701
20 453
21 453
7 247
450 461
292 295
23 1042
519 549
314 319
5 1110
7 2517
2 866
3 866
2 141
6 387
23 48
13 1791
9 1791
17 511
4 275
284 286
403 423
176 191
12 950
508 509
3 861
9 364
8 364
5 378
10 3651
6 364
8 364
0 298
598 679
616 654
6 177
8 605
3 392
5 392
6 569
0 43
402 414
258 272
5 327
12 2050
11 2050
13 2050
2 617
11 927
5 1268
6 1268
7 1268
1363 1413
78 157
2 317
760 790
394 790
781 812
1058 1077
7 584
561 562
1278 1360
1665 1695
202 405
586 587
121 127
9 1592
10 1592
2 1719
8 1719
3 1719
13 548
10 548
192 195
3 352
1 1043
40 2703
42 2703
32 2703
33 2703
1160 1165
391 395
22 1323
27 1323
26 1323
1283 1323
25 1323
117 118
2 165
19 663
3 451
51 1536
14 1526
11 1526
24 1526
2 116
324 327
3 587
0 139
5 325
3 1288
2 116
232 240
3 217
355 712
1295 1386
2245 2339
7 2517
367 381
283 284
7 183
282 295
2494 2517
12 2339
432 465
13 247
62 2517
4 55
4 281
0 247
1313 1360
440 461
69 3761
567 590
7 594
10 378
1535 1539
106 108
4145 4338
775 1552
149 152
2 646
9 306
83 657
73 657
21 1042
210 421
12 1042
219 222
7 1034
1 270
1053 1104
2 486
11 502
2 57
789 816
2304 2365
1053 1074
0 187
25 2236
17 2236
19 2236
5 2236
397 405
7 1110
491 497
219 222
0 120
4 151
6 1392
4 230
85 86
77 78
2261 2339
0 9
28 1021
5 318
1 308
0 279
4 762
3 88
708 721
1 1027
474 500
2 89
76 86
156 159
1 733
16 725
8 276
3 497
16 1130
2 456
2 654
4 777
1 53
0 340
237 475
138 142
693 694
6 41
8 90
587 588
559 588
22 588
8 214
66 67
557 588
326 327
335 342
5 588
191 193
154 161
89 90
587 588
6 41
13 322
10 718
137 142
22 567
10 588
107 113
4 120
574 588
6 567
12 588
563 588
482 483
584 588
3 218
581 588
281 282
10 282
559 588
108 218
17 327
23 24
15 274
11 274
10 214
1 142
85 90
44 90
4 228
4 567
3 229
537 567
14 343
215 228
10 327
3 43
382 386
692 694
221 228
26 475
17 588
459 475
28 946
6 475
4 567
1 457
312 327
466 483
18 343
2 116
14 475
224 228
340 342
315 327
279 560
3 229
8 99
571 588
42 43
41 43
160 168
12 141
3 483
15 16
26 588
366 386
323 334
578 588
579 588
579 588
584 588
87 90
32 588
270 271
15 588
376 386
66 67
279 560
338 342
448 454
15 588
12 588
5 211
693 694
12 694
225 228
314 327
12 588
737 752
5 53
0 229
577 588
6 41
8 374
7 334
5 588
464 475
109 110
217 229
53 58
585 588
2 142
146 153
14 334
4 116
117 118
21 588
385 386
314 327
4 142
215 228
154 156
7 588
545 588
7 327
342 343
150 153
10 475
12 588
96 99
564 588
546 588
546 574
683 694
3 90
22 694
0 56
543 560
4 342
308 322
15 752
11 588
17 327
2 193
19 454
339 342
2 67
325 327
23 588
224 229
331 342
66 67
2548 2673
5 211
18 483
317 327
7 228
3 33
939 962
8 1539
119 125
0 120
76 80
805 816
531 554
4 176
21 406
0 66
0 473
7 977
13 844
1 290
455 502
4 88
3 275
3 147
5 515
4 1205
27 1403
9 1695
3 605
9 605
13 1347
16 1347
36 1516
5 295
5 473
6 59
7 1021
764 788
113 228
10 1110
3 88
5 768
7 476
321 337
0 340
1627 1695
5 127
2 308
373 378
3 241
437 452
5 284
9 1900
11 1900
17 3101
23 3101
0 6
6 218
650 664
150 158
0 423
19 951
20 951
3 623
396 399
1562 1577
1 278
7 214
45 2150
61 2150
1 145
1 404
1043 1074
10 336
9 362
0 594
209 216
2 439
522 527
25 1386
627 639
16 762
7 625
8 625
724 725
11 395
1035 1036
37 1042
2 393
16 1539
348 368
15 1539
58 117
629 632
36 1042
517 518
2 567
2 452
6 1071
4 347
298 303
118 120
252 270
24 2237
57 2237
19 2237
18 2237
23 2237
232 233
775 1552
0 409
18 1230
2 1230
45 853
365 400
111 126
443 446
815 857
3 973
3 274
2 274
0 3390
25 3390
11 3390
1 3390
570 584
16 890
7 626
107 216
17 1346
12 247
282 287
76 79
5 196
185 191
291 7353
266 7353
64 7353
438 7353
147 7353
84 7353
221 7353
187 7353
247 7353
461 7353
294 7353
149 7353
348 7353
173 7353
223 7353
153 7353
5 141
17 2466
15 2466
20 2466
16 2466
4 1456
208 10604
127 10604
257 10604
111 10604
140 10604
303 10604
160 10604
153 10604
155 10604
186 10604
89 10604
77 10604
199 10604
136 10604
175 10604
197 10604
23 1655
20 1655
1 407
6 1162
11 1162
3 1162
7 1162
461 479
606 623
86 87
505 564
381 391
5 295
1 590
1 508
1668 1695
46 47
769 788
759 788
777 788
760 788
780 788
1 788
0 788
761 788
769 788
3 230
3 739
1 436
27 1695
0 247
612 626
540 567
114 115
47 48
11 344
3 684
690 764
2 582
2 1072
5 1862
9 1862
358 369
854 876
7 625
1 233
5 937
6 937
17 937
223 230
407 421
267 272
6 218
3 812
12 826
893 919
1 887
3 1072
2248 2339
10 958
8 958
15 1623
139 141
5 792
5 811
3 2330
4 2330
246 247
28 974
119 120
0 182
0 423
30 1967
2 30
377 384
4 549
1144 1153
0 497
1 188
497 498
7 157
5 157
14 2339
900 950
3 57
0 135
456 473
9 962
4 448
1 163
4 414
3 1161
5 1161
4 1161
0 117
2 96
1402 1403
1340 1346
130 139
45 1110
464 473
4 318
9 318
2 700
2 162
1 1967
5 1539
6 1539
1 106
27 5662
20 5662
0 5662
2 5662
19 5662
33 1536
1533 1536
12 625
25 2565
23 2565
24 2565
20 2565
21 2565
17 2565
1734 1747
13 384
176 183
6 1249
22 1249
86 87
22 812
745 746
8 2128
3 2128
4 2128
6 473
66 67
120 124
1 178
4 764
362 379
2 2396
0 2396
1 2396
17 890
25 890
23 890
7 38
5 2407
15 2407
14 2407
20 2407
4 735
1 581
0 581
2 385
1 385
598 615
1 139
638 641
4 448
5 1064
17 1064
10 2225
4 89
7 941
0 89
6 1419
439 452
3 80
10 554
1 89
19 1294
42 1294
376 381
95 1948
116 1948
78 1948
110 1948
2 962
437 448
1 352
131 137
24 594
4 1708
2 1708
281 287
1 25
781 816
8 626
85 90
9 2339
16 1536
8 233
62 69
11 319
15 796
8 446
512 527
4 142
1 369
2 153
11 590
8 385
29 413
0 446
4 2395
12 2395
388 404
295 592
73 2163
21 2163
90 2163
51 55
17 191
15 2423
13 2423
32 2423
2 344
190 196
4 452
1401 1403
7 1205
21 1205
10 1014
2 294
433 448
85 86
11 395
834 844
18 844
302 303
17 1360
3 812
5 107
0 562
476 479
15 467
57 1733
30 1733
31 1733
79 80
4 739
445 446
123 247
9 389
716 733
214 215
275 295
416 431
3 175
127 130
169 187
1 135
272 284
8 371
5 330
9 1724
8 1724
11 1724
5 549
23 919
569 1139
4 896
5 896
423 437
101 103
16 264
256 261
259 264
635 648
1533 1577
5 1501
14 1501
6 1501
536 617
34 1618
279 285
493 504
109 115
46 48
0 247
11 737
4 223
506 509
2 311
8 594
476 477
344 345
678 733
10 789
9 789
15 605
4 1747
7 347
28 1511
23 1511
356 362
134 147
1 307
133 139
131 139
6 382
1750 1766
772 788
3 788
6 788
4 788
773 788
0 788
1 788
773 788
5 788
13 694
2 694
299 307
166 174
353 371
1076 1077
3 537
173 178
0 103
5 290
28 3159
24 3159
12 3159
22 1331
24 50
7 716
1 508
46 1909
57 1909
25 1909
11 1618
23 1618
7 384
8 384
0 102
2 94
6 585
405 474
267 535
3 261
292 295
166 169
7 148
176 183
17 876
679 733
19 1787
40 1787
29 1787
7 617
0 1553
4 1553
482 504
327 343
5 632
4 127
497 504
11 1083
2 65
8 1144
171 178
162 172
229 240
406 431
904 919
0 498
3 1618
1469 1475
362 368
3 26
13 1965
8 1965
4 1965
5 1965
9 1965
2 1965
124 125
1 175
53 55
3 379
228 229
228 229
3 230
6 1042
12 344
6 323
727 746
19 876
12 479
405 406
3 504
2 171
3 575
15 764
25 1913
24 1913
10 1057
4 269
1 173
340 344
4 772
22 242
12 1695
18 1695
381 382
16 764
3 175
1 94
792 811
15 394
2 1287
0 176
10 139
1 310
359 360
5 230
773 811
5 381
14 1129
16 1129
9 1129
1 638
1070 1071
28 1410
44 1410
35 1410
790 811
6 497
34 37
2 285
4 305
240 256
355 360
231 233
10 623
2 1061
6 260
1 452
10 563
582 592
4 144
163 327
22 617
317 337
11 362
345 5976
75 5976
168 5976
211 5976
161 5976
187 5976
222 5976
131 5976
130 5976
1073 1075
8 379
6 661
161 162
2 2517
27 431
95 100
18 1386
814 850
5 511
402 405
9 1102
1 1102
2 370
4 196
5 361
11 841
697 698
0 124
1 290
215 218
1 439
226 229
9 349
4 89
10 360
328 333
331 333
514 526
121 122
404 412
188 196
12 874
0 247
7 896
0 338
1 338
2 142
1778 1779
1751 1779
1673 1779
1703 1779
9 1238
21 876
17 1853
18 1853
16 1853
0 592
550 564
163 173
6 1539
2 158
10 812
3 584
1 328
253 262
7 816
98 99
753 796
12 404
5 146
344 345
3 464
221 228
4 274
459 919
14 502
1081 1110
118 122
5 446
14 518
0 141
579 585
551 561
10 2808
13 1357
707 1416
1 204
5 100
281 563
541 564
10 473
14 1110
10 339
163 327
5 308
285 295
562 587
8 777
21 558
147 149
4 209
1 279
5 962
10 3095
15 3095
0 3095
19 1617
9 1617
15 1617
1 1617
307 318
10 327
15 1767
20 1767
33 1767
25 1767
239 240
6 1071
9 522
14 1618
2 465
0 465
1 465
