383 384
374 375
391 392
19 576
3 576
767 776
775 776
505 511
26 2287
21 2287
7 745
4 745
906 914
336 338
442 448
2 691
5 691
3 183
910 914
27 1155
36 1155
577 1155
19 1155
21 1155
1295 1370
1583 1623
272 7389
203 7389
216 7389
169 7389
167 7389
176 7389
180 7389
136 7389
221 7389
146 7389
56 7389
2210 2339
14 615
1287 1288
175 176
18 1265
14 1265
20 1265
149 150
70 79
55 1983
54 1983
35 1983
34 1983
266 269
396 397
19 1208
71 1208
49 1208
1470 1474
239 240
4 448
22 558
5 1113
4 1113
2 79
304 305
398 400
4 388
15 590
1482 1483
149 152
146 152
8 796
767 1536
798 805
273 276
321 328
50 1267
66 1267
43 1267
41 1267
48 1267
521 522
197 198
2 1013
2 1013
147 152
1300 1303
17 1008
10 1008
317 327
550 562
723 737
724 737
260 264
5 175
42 44
0 89
38 1913
21 1913
1508 1539
953 973
854 855
300 301
450 7645
298 7645
641 7645
404 7645
381 7645
616 7645
619 7645
617 7645
610 7645
538 7645
571 7645
603 7645
533 7645
592 7645
527 7645
590 7645
575 7645
439 7645
512 7645
534 7645
708 9306
570 9306
524 9306
619 9306
653 9306
540 9306
738 9306
584 9306
641 9306
9287 9306
9108 9306
684 9306
517 9306
704 9306
703 9306
617 9306
526 9306
551 9306
203 3760
116 3760
244 3760
241 3760
177 3760
192 3760
220 3760
190 3760
678 689
289 295
1 1454
50 1454
47 1454
42 1454
624 626
195 203
5 405
792 794
782 794
843 844
328 657
1082 1110
140 150
1068 1071
5 812
802 812
409 422
874 896
394 395
2282 2339
128 135
322 324
701 721
76 79
202 204
810 811
366 368
379 380
379 380
378 384
147 152
97 98
65 68
445 446
759 777
776 777
15 884
874 884
1513 1514
862 876
339 348
167 169
20 663
25 663
302 303
12 240
440 441
5 1474
732 733
1069 1077
403 404
971 973
1 138
1612 1618
566 567
874 876
1 176
2149 2150
2148 2150
875 876
308 311
3 1597
24 1597
1 1597
30 1597
615 618
96 98
183 184
774 776
773 776
496 497
56 57
391 392
44 670
40 670
390 392
503 511
246 247
875 876
171 344
964 965
1528 1539
508 509
5 215
12 176
214 215
209 215
1335 1386
282 283
709 764
464 465
3 792
659 10782
563 10782
712 10782
487 10782
729 10782
739 10782
687 10782
639 10782
695 10782
696 10782
723 10782
675 10782
716 10782
743 10782
715 10782
689 10782
386 10782
481 10782
720 10782
661 10782
686 10782
683 10782
560 10782
760 10782
723 10782
713 10782
4 224
10 767
140 144
536 540
24 2510
22 2510
134 269
5 269
15 1269
12 1269
5 919
759 782
4 448
4 931
7 931
239 247
84 89
63 2038
22 2038
51 2038
433 446
736 737
27 1898
23 1898
574 584
1356 1360
41 2257
34 2257
1694 1695
2338 2339
1070 1072
737 746
745 746
31 2150
36 2150
102 3410
95 3410
85 3410
743 746
57 2150
54 2150
763 764
743 746
7 456
19 590
44 2449
50 2449
182 191
754 777
261 266
1026 1027
974 976
970 976
36 3000
2885 3000
18 3000
2880 3000
27 3000
90 3000
194 202
3 456
752 777
379 381
293 295
185 186
220 441
1 94
33 68
275 287
239 240
70 142
237 240
641 655
1191 1197
28 2831
29 2831
31 2831
37 2831
1297 1331
236 4210
191 4210
223 4210
177 4210
188 4210
192 4210
235 4210
4031 4210
205 4210
179 4210
218 4210
19 20
7 209
10 677
2 677
12 1547
9 1547
37 888
30 888
343 344
394 413
14 1012
24 1012
14 1012
262 269
464 467
494 504
554 1110
13 585
42 2128
33 2128
37 2128
13 960
1470 1483
1535 1536
1524 1536
1109 1110
37 1069
41 1069
35 1069
997 1014
797 811
1109 1110
409 423
1 93
178 183
383 384
695 724
24 2375
25 2375
29 2375
176 178
784 788
780 788
787 788
779 788
784 788
2 788
1 788
784 788
781 788
190 203
214 226
118 4949
120 4949
112 4949
5 4949
72 4949
60 4949
6 4949
119 120
75 2150
60 2150
36 2150
644 653
650 689
40 2955
28 2955
35 2955
24 2955
2832 2955
36 2955
29 2955
1646 1695
430 439
417 439
218 225
2128 2163
2127 2163
356 13875
373 13875
454 13875
279 13875
309 13875
445 13875
458 13875
447 13875
351 13875
360 13875
6937 13875
328 13875
404 13875
289 13875
2332 2339
212 222
140 150
14 1164
6 1164
5 1164
55 2347
51 2347
53 2347
54 2347
631 633
382 384
32 3126
30 3126
19 3126
31 3126
35 3126
25 3126
27 3126
14 1078
20 1078
15 1078
3 267
1925 1926
262 526
811 812
847 858
75 5657
90 5657
114 5657
61 5657
83 5657
58 5657
81 5657
5635 5657
30 1042
422 423
214 218
85 172
1288 1307
997 1021
378 384
399 400
237 240
5 247
1 176
246 247
123 124
615 618
246 247
12 1708
16 1708
5 1708
13 1708
15 762
9 762
148 152
367 371
261 264
31 442
40 442
6 389
78 5642
92 5642
21 5642
129 5642
97 5642
77 5642
130 5642
406 416
111 223
84 86
21 543
1389 1403
1384 1403
678 679
2516 2517
86 87
344 689
333 336
88 89
141 153
1380 1403
1908 1963
28 1963
13 2002
11 2002
2001 2002
135 147
146 147
154 163
131 264
1496 1539
131 264
583 590
0 181
120 241
441 465
759 764
757 764
750 764
4 295
15 1652
13 1652
1958 1967
85 86
1109 1110
0 1183
16 1183
14 1183
875 876
387 389
31 1124
28 1124
1010 1014
18 961
24 961
15 961
10 526
2 359
1127 1130
256 257
36 1386
840 842
520 1042
252 257
49 2403
69 2403
46 2403
104 106
372 375
614 617
269 270
269 270
339 340
311 327
379 380
517 518
13 587
3 587
383 384
421 424
256 264
695 699
35 1317
34 1317
28 1317
117 120
589 594
479 538
601 603
1094 1130
341 344
239 240
6 1241
120 122
836 855
37 1898
40 1898
39 1898
30 1898
15 384
8 17
910 914
760 777
81 163
189 4713
183 4713
168 4713
2356 4713
81 4713
169 4713
43 44
43 2150
42 2150
4 2150
8 2150
401 402
132 266
9 781
11 781
8 781
7 781
653 664
655 689
14 874
795 796
794 796
60 1464
1463 1464
1423 1464
547 548
380 382
116 233
662 663
248 257
252 506
988 1012
245 257
607 626
3 371
390 782
118 3816
131 3816
121 3816
120 3816
125 3816
91 3816
78 3816
339 340
33 1347
21 1347
144 149
551 554
10 364
5 364
147 295
217 435
693 695
25 1247
22 1247
422 423
906 914
264 265
18 631
23 631
185 186
517 518
85 171
255 511
27 431
15 2308
17 2308
23 2303
25 2303
7 145
11 145
3 145
466 467
512 518
403 405
316 318
422 423
322 324
388 389
173 8726
318 8726
63 8726
274 8726
121 8726
315 8726
387 8726
275 8726
355 8726
322 8726
139 8726
256 8726
120 8726
391 422
105 108
455 456
8 1036
7 1036
4 391
3 344
658 679
2 154
198 397
38 3066
39 3066
47 3066
12 1214
11 1214
49 1595
44 1595
760 764
456 457
6 368
374 376
207 209
208 209
28 1191
27 1191
591 592
9 378
70 141
388 389
444 446
263 264
525 526
1103 1110
6366 12734
482 12734
586 12734
461 12734
520 12734
552 12734
6366 12734
526 12734
572 12734
609 12734
417 12734
417 12734
374 12734
342 12734
465 12734
641 12734
387 12734
430 12734
200 203
85 89
650 653
289 295
829 841
429 441
378 384
871 876
37 1264
631 1264
1222 1264
403 404
1454 1483
1073 1110
584 590
589 590
258 264
95 107
1321 1386
147 148
88 89
11 842
456 461
2 669
5 669
717 737
688 699
422 423
8 737
106 107
0 107
138 148
2 473
67 2629
74 2629
70 2629
72 2629
382 384
14 1589
16 1589
17 1589
109 113
22 2696
20 2696
25 2696
754 774
645 664
493 987
44 987
45 987
36 4344
50 4344
21 4344
71 4344
35 4344
33 4344
42 4344
217 222
625 626
32 1376
16 1376
24 1376
31 1376
557 558
9 680
7 680
226 234
174 177
170 177
15 384
434 441
416 441
374 376
32 1511
31 1511
7 522
12 522
168 169
12 737
33 664
477 479
60 2238
2201 2238
42 2238
54 2238
1069 1074
723 737
5 762
2516 2517
393 788
2299 2300
2232 2300
758 762
605 618
182 183
269 270
11 558
243 252
285 295
24 1913
6 1913
654 656
14 656
28 656
239 240
419 423
381 764
372 373
0 446
343 357
410 423
2 632
589 590
561 562
227 456
8 9
293 587
558 562
1000 1014
772 774
398 404
564 567
1377 1407
593 594
3 690
4 690
249 250
126 127
294 295
12 2725
11 2725
14 2725
10 2725
13 2725
0 442
2 442
510 518
506 508
14 269
10 269
37 38
43 6094
40 6094
36 6094
30 6094
26 6094
1365 1370
44 2737
29 2737
1372 1409
262 526
457 465
337 339
11 960
8 960
5 382
294 295
403 404
8 431
3 1536
597 615
7 844
307 308
8 504
549 560
1 730
0 730
759 764
5 1701
11 240
141 283
16 596
385 392
42 2339
29 2339
3 303
4 461
549 563
3 438
118 122
1 980
2 980
422 845
647 665
3 378
351 352
6 889
7 889
188 189
1 431
745 751
262 526
69 1955
58 1955
74 1955
67 1955
62 1955
63 1955
98 9453
35 9453
111 9453
149 9453
150 9453
72 9453
145 9453
119 9453
147 9453
139 9453
35 9453
144 9453
120 9453
116 9453
114 9453
54 3604
50 3604
52 3604
1801 3604
51 3604
62 2982
58 2982
69 2982
61 2982
46 2982
1129 1152
487 499
1 181
0 181
124 249
606 613
393 395
573 575
2 122
7 1114
1 1114
141 283
141 283
240 241
27 55
637 655
15 1887
12 1887
0 1887
330 7512
337 7512
311 7512
368 7512
99 7512
336 7512
361 7512
7182 7512
265 7512
444 7512
346 7512
333 7512
349 7512
262 7512
7504 7512
315 328
622 623
105 106
0 82
9 305
192 196
75 151
431 439
319 328
2014 2031
38 4370
41 4370
36 4370
35 4370
39 4370
37 4370
34 4370
40 4370
332 340
359 360
3 269
396 413
884 887
1 187
0 187
530 534
1492 1539
697 726
128 257
199 202
14 764
19 764
9 473
8 729
7 729
6 729
173 174
296 593
323 326
279 282
29 59
1 2849
0 2849
33 2849
10 2849
218 225
217 435
427 435
521 522
72 146
478 479
394 399
586 587
7 562
393 788
0 788
393 788
393 788
393 788
2 788
2 788
393 788
393 788
1 473
2 473
4 1528
7 1528
1863 1904
1864 1904
727 733
215 219
2280 2417
2389 2417
557 594
13 594
589 594
4 620
5 620
8 476
5 476
403 405
1667 1695
90 91
45 91
1215 1223
13 1223
1222 1223
476 479
5 328
3 1879
6 1879
149 4834
33 4834
56 4834
113 4834
25 4834
67 4834
1 145
10 739
329 336
356 361
88 177
399 413
379 759
2 191
2 191
231 240
224 233
176 177
0 176
5 318
8 807
6 807
749 761
2 446
6 931
7 931
33 1074
2 812
143 287
20 764
1042 1043
848 857
915 922
0 558
3 558
0 279
86 173
127 130
0 617
1 617
16 1707
6 1707
59 4275
61 4275
49 4275
64 4275
63 4275
14 1149
17 1149
18 1149
37 2971
33 2971
333 336
316 318
1009 1026
7 92
9 92
5 311
1 161
743 774
11 127
376 379
399 400
408 428
190 381
4 562
488 497
386 393
2 279
321 323
391 395
208 223
355 362
500 509
2431 2434
704 716
371 388
20 233
483 484
483 484
483 484
1074 1075
1068 1075
1068 1075
1063 1075
58 118
0 114
839 844
841 844
303 306
8 1742
11 1742
10 1742
435 441
637 655
738 764
486 509
1868 3737
49 3737
46 3737
48 3737
5 562
1090 2181
5 338
39 40
376 379
404 405
6 474
2 98
1142 1143
183 368
697 699
340 343
10 126
30 1644
29 1644
8 767
2 767
383 767
9 20
154 310
351 354
55 61
2 297
363 727
385 395
1613 1618
4 233
190 381
1 473
108 217
145 152
383 768
159 171
552 567
300 301
447 461
393 788
2 788
393 788
393 788
393 788
0 788
0 788
393 788
393 788
404 405
652 653
138 139
322 324
972 973
1364 1386
620 633
23 664
1587 1618
391 395
3 295
171 344
225 230
1109 2219
2 385
513 527
1923 1926
1923 1926
9 548
2 919
698 699
456 472
319 327
14 821
12 821
13 821
6 526
552 567
14 1012
14 1012
14 1012
561 562
369 739
6 266
113 227
240 241
633 635
380 391
4 177
402 407
5 435
501 535
506 527
370 371
369 371
239 240
56 57
148 297
258 262
360 361
25 1312
80 84
280 287
508 509
575 585
578 592
795 812
1169 2339
282 290
946 948
5 948
2 448
971 973
347 360
8 389
9 1646
37 2101
46 2101
36 2101
35 2101
873 876
459 472
264 265
727 777
497 502
136 137
104 209
139 144
180 183
365 370
67 135
2 120
6 962
719 721
113 114
3212 3218
1729 1747
0 231
4 1110
0 153
287 290
391 397
322 325
314 319
377 382
59 5267
84 5267
70 5267
66 5267
51 5267
69 5267
2 5267
40 5267
88 5267
83 5267
74 5267
78 5267
58 5267
50 5267
3 1034
5 1034
7 2191
6 2191
245 247
245 247
1415 1416
513 1027
0 319
4 1042
0 384
157 163
10 127
3 484
899 900
543 544
256 265
360 368
1 930
12 2416
11 2416
14 2416
5 919
406 407
381 382
241 247
222 233
17 1183
16 1183
15 1183
1184 1185
381 382
4 340
8 3763
7 3763
176 177
470 477
140 141
241 242
7 295
6 295
394 395
307 615
295 308
12 1695
499 511
2 227
253 257
34 2339
389 395
3 359
753 761
256 257
175 176
334 336
1 195
358 365
239 240
223 230
192 196
327 338
1085 1116
998 1116
10 1124
2 300
35 1623
904 906
56 57
186 188
1056 1057
1 233
715 721
315 318
734 735
690 699
436 446
307 310
161 165
232 465
1097 1130
339 679
376 392
173 348
29 1898
24 1898
8 472
48 950
58 950
46 950
190 191
1664 1695
323 324
274 282
856 861
1679 1695
179 360
929 960
3 388
1638 1701
34 453
28 453
246 247
451 461
294 295
1039 1042
548 549
159 319
1053 1110
6 2517
4 866
3 866
130 141
6 387
23 48
18 1791
14 1791
508 511
1 275
142 286
415 423
2 191
940 950
507 509
860 861
10 364
2 364
377 378
3649 3651
10 364
8 364
0 298
665 679
651 654
176 177
9 605
385 392
386 392
556 569
42 43
398 414
271 272
307 327
14 2050
13 2050
10 2050
608 617
25 927
4 1268
3 1268
2 1268
706 1413
78 157
304 317
785 790
394 790
791 812
538 1077
578 584
280 562
1359 1360
1688 1695
202 405
293 587
125 127
14 1592
13 1592
9 1719
11 1719
10 1719
17 548
15 548
97 195
345 352
1 1043
49 2703
53 2703
50 2703
20 2703
1148 1165
393 395
27 1323
30 1323
25 1323
28 1323
26 1323
117 118
3 165
661 663
3 451
1527 1536
28 1526
27 1526
32 1526
115 116
320 327
581 587
137 139
319 325
1242 1288
112 116
119 240
214 217
355 712
1362 1386
2281 2339
9 2517
379 381
141 284
167 183
147 295
2515 2517
2256 2339
441 465
239 247
2467 2517
4 55
7 281
0 247
1359 1360
459 461
3670 3761
589 590
579 594
357 378
37 1539
107 108
2168 4338
775 1552
1 152
635 646
9 306
655 657
652 657
1041 1042
210 421
17 1042
221 222
965 1034
269 270
1077 1104
3 486
501 502
56 57
407 816
2351 2365
536 1074
183 187
26 2236
24 2236
22 2236
10 2236
401 405
1037 1110
490 497
110 222
119 120
150 151
6 1392
4 230
84 86
77 78
1169 2339
8 9
994 1021
302 318
299 308
0 279
8 762
87 88
702 721
7 1027
499 500
88 89
85 86
157 159
1 733
724 725
269 276
4 497
1109 1130
4 456
5 654
757 777
52 53
332 340
237 475
140 142
693 694
40 41
8 90
587 588
573 588
23 588
210 214
66 67
580 588
326 327
332 342
587 588
96 193
160 161
44 90
585 588
40 41
304 322
22 718
140 142
11 567
565 588
112 113
117 120
587 588
4 567
581 588
583 588
479 483
576 588
5 218
580 588
281 282
280 282
293 588
108 218
312 327
11 24
15 274
13 274
213 214
2 142
85 90
44 90
7 228
541 567
3 229
555 567
339 343
227 228
7 327
42 43
376 386
681 694
226 228
463 475
2 588
467 475
934 946
452 475
562 567
3 457
326 327
480 483
342 343
115 116
28 475
113 228
341 342
163 327
279 560
223 229
98 99
586 588
42 43
21 43
167 168
135 141
5 483
7 16
578 588
381 386
325 334
587 588
585 588
580 588
587 588
89 90
585 588
270 271
576 588
383 386
66 67
279 560
170 342
453 454
577 588
570 588
210 211
687 694
687 694
225 228
321 327
579 588
751 752
50 53
0 229
584 588
39 41
363 374
329 334
4 588
474 475
102 110
228 229
57 58
587 588
141 142
152 153
15 334
3 116
58 118
587 588
371 386
323 327
141 142
216 228
77 156
576 588
586 588
320 327
340 343
151 153
452 475
587 588
98 99
572 588
587 588
286 574
688 694
86 90
683 694
0 56
279 560
6 342
321 322
736 752
579 588
18 327
189 193
431 454
341 342
66 67
326 327
580 588
226 229
341 342
66 67
1336 2673
208 211
467 483
326 327
219 228
4 33
480 962
8 1539
123 125
119 120
78 80
802 816
553 554
175 176
405 406
65 66
1 473
972 977
841 844
1 290
11 502
87 88
274 275
141 147
5 515
1192 1205
1400 1403
10 1695
3 605
9 605
24 1347
36 1347
1494 1516
293 295
8 473
57 59
13 1021
768 788
113 228
37 1110
3 88
764 768
462 476
336 337
1 340
1693 1695
5 127
2 308
377 378
7 241
448 452
283 284
12 1900
3 1900
16 3101
17 3101
5 6
217 218
663 664
156 158
410 423
18 951
868 951
622 623
398 399
1576 1577
272 278
213 214
56 2150
70 2150
143 145
1 404
1065 1074
10 336
361 362
8 594
212 216
6 439
526 527
1385 1386
637 639
737 762
619 625
618 625
724 725
394 395
1035 1036
1003 1042
385 393
1484 1539
367 368
1531 1539
58 117
558 632
1033 1042
515 518
560 567
4 452
1068 1071
340 347
298 303
118 120
269 270
46 2237
2236 2237
22 2237
24 2237
43 2237
232 233
775 1552
408 409
19 1230
10 1230
851 853
393 400
122 126
443 446
856 857
972 973
3 274
4 274
0 3390
32 3390
2 3390
6 3390
582 584
867 890
614 626
107 216
16 1346
6 247
143 287
39 79
195 196
188 191
176 7353
340 7353
56 7353
7247 7353
166 7353
163 7353
353 7353
316 7353
331 7353
7255 7353
264 7353
315 7353
359 7353
350 7353
345 7353
256 7353
138 141
25 2466
23 2466
24 2466
22 2466
4 1456
222 10604
163 10604
307 10604
201 10604
186 10604
264 10604
140 10604
234 10604
148 10604
190 10604
141 10604
151 10604
219 10604
211 10604
269 10604
143 10604
28 1655
27 1655
2 407
18 1162
16 1162
5 1162
17 1162
468 479
616 623
86 87
539 564
195 391
294 295
1 590
502 508
1684 1695
23 47
393 788
0 788
783 788
8 788
393 788
2 788
0 788
784 788
393 788
223 230
738 739
414 436
1694 1695
246 247
621 626
565 567
113 115
23 48
338 344
2 684
740 764
6 582
5 1072
9 1862
12 1862
365 369
875 876
615 625
1 233
4 937
8 937
0 937
4 230
417 421
271 272
215 218
2 812
811 826
918 919
3 887
1054 1072
2290 2339
13 958
8 958
21 1623
140 141
762 792
785 811
4 2330
6 2330
6 247
934 974
114 120
0 182
0 423
1932 1967
29 30
383 384
539 549
1141 1153
0 497
1 188
497 498
8 157
2 157
2254 2339
947 950
56 57
2 135
470 473
11 962
447 448
1 163
5 414
7 1161
10 1161
11 1161
1 117
93 96
1402 1403
1333 1346
137 139
1049 1110
472 473
9 318
4 318
10 700
2 162
1 1967
1519 1539
1502 1539
105 106
45 5662
38 5662
37 5662
38 5662
40 5662
1535 1536
1500 1536
12 625
26 2565
25 2565
29 2565
24 2565
18 2565
21 2565
1746 1747
366 384
181 183
7 1249
22 1249
85 87
805 812
743 746
30 2128
24 2128
33 2128
8 473
66 67
123 124
169 178
747 764
375 379
45 2396
2385 2396
2389 2396
22 890
880 890
23 890
37 38
24 2407
27 2407
25 2407
22 2407
8 735
4 581
2 581
2 385
2 385
600 615
136 139
637 641
434 448
7 1064
19 1064
2219 2225
88 89
929 941
1 89
9 1419
451 452
78 80
537 554
83 89
1293 1294
1246 1294
374 381
91 1948
96 1948
109 1948
110 1948
940 962
441 448
1 352
136 137
590 594
7 1708
6 1708
143 287
1 25
805 816
624 626
86 90
3 2339
1535 1536
9 233
0 69
9 319
790 796
445 446
526 527
140 142
1 369
4 153
588 590
384 385
406 413
1 446
9 2395
13 2395
399 404
295 592
27 2163
15 2163
17 2163
27 55
19 191
26 2423
14 2423
31 2423
6 344
3 196
438 452
1356 1403
22 1205
12 1205
29 1014
290 294
447 448
85 86
394 395
841 844
836 844
300 303
1277 1360
8 812
105 107
560 562
476 479
462 467
1732 1733
39 1733
42 1733
78 80
738 739
445 446
123 247
388 389
720 733
214 215
290 295
426 431
171 175
129 130
186 187
131 135
283 284
327 371
325 330
10 1724
7 1724
12 1724
546 549
14 919
569 1139
5 896
7 896
424 437
51 103
19 264
255 261
263 264
647 648
1493 1577
15 1501
18 1501
16 1501
615 617
1613 1618
281 285
502 504
114 115
47 48
223 247
12 737
213 223
508 509
303 311
593 594
469 477
344 345
732 733
13 789
10 789
15 605
1704 1747
341 347
26 1511
28 1511
361 362
146 147
298 307
134 139
135 139
381 382
1752 1766
393 788
5 788
4 788
786 788
393 788
0 788
2 788
393 788
6 788
18 694
2 694
5 307
171 174
367 371
1075 1077
536 537
88 178
96 103
285 290
33 3159
32 3159
17 3159
1314 1331
24 50
710 716
507 508
48 1909
49 1909
32 1909
1597 1618
1598 1618
383 384
380 384
0 102
93 94
11 585
437 474
267 535
260 261
294 295
168 169
146 148
181 183
20 876
732 733
24 1787
40 1787
39 1787
593 617
10 1553
12 1553
502 504
330 343
3 632
126 127
503 504
1078 1083
2 65
1118 1144
177 178
169 172
119 240
215 431
896 919
485 498
2 1618
1472 1475
183 368
3 26
17 1965
16 1965
13 1965
12 1965
11 1965
6 1965
123 125
3 175
27 55
2 379
3 229
2 229
229 230
989 1042
10 344
10 323
745 746
875 876
13 479
405 406
489 504
2 171
3 575
16 764
31 1913
15 1913
1055 1057
4 269
1 173
337 344
5 772
23 242
1670 1695
1668 1695
381 382
763 764
174 175
91 94
810 811
393 394
1279 1287
0 176
138 139
307 310
359 360
225 230
810 811
10 381
13 1129
16 1129
12 1129
4 638
1070 1071
36 1410
57 1410
27 1410
810 811
496 497
18 37
283 285
300 305
2 256
359 360
116 233
12 623
1040 1061
259 260
4 452
562 563
591 592
134 144
163 327
599 617
13 337
12 362
5858 5976
143 5976
224 5976
220 5976
232 5976
214 5976
5827 5976
196 5976
188 5976
1072 1075
378 379
7 661
161 162
2 2517
421 431
98 100
1330 1386
834 850
7 511
396 405
9 1102
5 1102
363 370
4 196
360 361
840 841
680 698
120 124
289 290
108 218
2 439
217 229
348 349
0 89
359 360
323 333
332 333
525 526
121 122
409 412
195 196
15 874
0 247
892 896
2 338
1 338
2 142
1775 1779
889 1779
1778 1779
889 1779
1237 1238
864 876
26 1853
25 1853
20 1853
569 592
563 564
166 173
1530 1539
1 158
9 812
6 584
2 328
258 262
13 816
98 99
793 796
403 404
5 146
344 345
461 464
226 228
5 274
459 919
15 502
1109 1110
117 122
430 446
515 518
0 141
582 585
545 561
2801 2808
14 1357
707 1416
196 204
99 100
281 563
563 564
472 473
1085 1110
11 339
163 327
303 308
292 295
573 587
12 777
20 558
148 149
204 209
2 279
938 962
13 3095
2 3095
24 3095
12 1617
0 1617
27 1617
2 1617
316 318
317 327
40 1767
35 1767
39 1767
41 1767
239 240
1065 1071
516 522
1616 1618
2 465
1 465
454 465
