383 384
374 375
390 392
20 576
3 576
773 776
772 776
508 511
28 2287
26 2287
4 745
4 745
911 914
335 338
446 448
4 691
5 691
182 183
890 914
29 1155
1145 1155
577 1155
23 1155
25 1155
1362 1370
1622 1623
353 7389
235 7389
262 7389
283 7389
281 7389
286 7389
253 7389
261 7389
280 7389
267 7389
114 7389
2338 2339
612 615
1287 1288
175 176
5 1265
3 1265
1252 1265
74 150
78 79
59 1983
63 1983
53 1983
48 1983
265 269
198 397
23 1208
76 1208
63 1208
1473 1474
239 240
4 448
557 558
4 1113
7 1113
76 79
152 305
399 400
385 388
589 590
1482 1483
75 152
75 152
9 796
767 1536
794 805
275 276
327 328
50 1267
56 1267
42 1267
55 1267
53 1267
520 522
197 198
2 1013
2 1013
75 152
1302 1303
17 1008
11 1008
314 327
559 562
11 737
736 737
131 264
173 175
42 44
0 89
17 1913
28 1913
1527 1539
971 973
854 855
296 301
612 7645
255 7645
645 7645
434 7645
433 7645
506 7645
511 7645
621 7645
501 7645
609 7645
485 7645
622 7645
588 7645
628 7645
608 7645
640 7645
596 7645
453 7645
479 7645
597 7645
289 9306
721 9306
696 9306
661 9306
693 9306
728 9306
753 9306
623 9306
669 9306
9242 9306
9212 9306
592 9306
579 9306
730 9306
738 9306
555 9306
517 9306
712 9306
0 3760
116 3760
227 3760
250 3760
217 3760
4 3760
245 3760
2 3760
661 689
147 295
49 1454
57 1454
56 1454
44 1454
625 626
202 203
404 405
781 794
783 794
836 844
328 657
1109 1110
148 150
1068 1071
1 812
808 812
421 422
895 896
394 395
2307 2339
134 135
161 324
709 721
77 79
202 204
810 811
367 368
379 380
379 380
379 384
151 152
48 98
33 68
443 446
766 777
764 777
881 884
879 884
1510 1514
437 876
342 348
168 169
26 663
28 663
302 303
238 240
440 441
6 1474
732 733
1075 1077
403 404
965 973
137 138
1611 1618
566 567
874 876
174 176
2149 2150
15 2150
875 876
155 311
2 1597
23 1597
1 1597
23 1597
617 618
97 98
183 184
769 776
771 776
496 497
56 57
391 392
45 670
42 670
391 392
510 511
244 247
875 876
171 344
963 965
769 1539
508 509
214 215
169 176
214 215
214 215
1384 1386
141 283
739 764
464 465
791 792
703 10782
715 10782
772 10782
706 10782
686 10782
576 10782
735 10782
782 10782
20 10782
608 10782
11 10782
541 10782
666 10782
575 10782
556 10782
717 10782
588 10782
701 10782
7 10782
714 10782
759 10782
770 10782
536 10782
794 10782
11 10782
12 10782
223 224
10 767
143 144
269 540
28 2510
27 2510
134 269
5 269
15 1269
13 1269
918 919
781 782
446 448
7 931
8 931
245 247
88 89
2037 2038
8 2038
54 2038
445 446
736 737
53 1898
56 1898
291 584
1357 1360
47 2257
37 2257
1694 1695
2335 2339
1070 1072
743 746
743 746
44 2150
46 2150
33 3410
61 3410
51 3410
741 746
40 2150
21 2150
763 764
739 746
451 456
589 590
45 2449
50 2449
95 191
750 777
253 266
1026 1027
487 976
487 976
42 3000
2910 3000
27 3000
2988 3000
30 3000
123 3000
196 202
455 456
776 777
376 381
294 295
185 186
220 441
93 94
33 68
286 287
239 240
70 142
239 240
646 655
1183 1197
21 2831
35 2831
38 2831
40 2831
1329 1331
240 4210
227 4210
263 4210
199 4210
151 4210
280 4210
289 4210
279 4210
285 4210
185 4210
171 4210
19 20
208 209
10 677
2 677
20 1547
11 1547
40 888
34 888
171 344
412 413
14 1012
26 1012
14 1012
268 269
465 467
501 504
554 1110
584 585
54 2128
32 2128
50 2128
955 960
1466 1483
1535 1536
1534 1536
1108 1110
42 1069
41 1069
43 1069
1013 1014
807 811
1109 1110
418 423
1 93
181 183
383 384
723 724
25 2375
40 2375
23 2375
170 178
393 788
783 788
786 788
785 788
393 788
2 788
0 788
393 788
784 788
200 203
219 226
137 4949
136 4949
101 4949
81 4949
92 4949
85 4949
82 4949
119 120
2134 2150
67 2150
68 2150
650 653
680 689
37 2955
28 2955
40 2955
24 2955
2730 2955
39 2955
22 2955
1694 1695
438 439
438 439
217 225
2161 2163
2152 2163
519 13875
484 13875
512 13875
480 13875
498 13875
477 13875
531 13875
533 13875
511 13875
497 13875
6937 13875
509 13875
432 13875
502 13875
2338 2339
221 222
148 150
1136 1164
7 1164
6 1164
53 2347
52 2347
51 2347
54 2347
629 633
383 384
77 3126
1 3126
70 3126
79 3126
68 3126
75 3126
74 3126
22 1078
26 1078
0 1078
266 267
1924 1926
262 526
811 812
857 858
119 5657
118 5657
122 5657
108 5657
115 5657
99 5657
109 5657
5599 5657
1008 1042
422 423
215 218
85 172
653 1307
510 1021
380 384
398 400
119 240
246 247
170 176
246 247
123 124
617 618
246 247
12 1708
12 1708
12 1708
18 1708
19 762
12 762
150 152
360 371
263 264
35 442
44 442
388 389
90 5642
4 5642
43 5642
43 5642
88 5642
89 5642
5572 5642
413 416
111 223
85 86
515 543
1401 1403
1402 1403
677 679
2515 2517
86 87
344 689
329 336
88 89
150 153
701 1403
1951 1963
1833 1963
10 2002
15 2002
2000 2002
146 147
145 147
159 163
131 264
1536 1539
131 264
589 590
179 181
120 241
459 465
381 764
381 764
763 764
288 295
17 1652
15 1652
1966 1967
85 86
1109 1110
15 1183
18 1183
16 1183
875 876
388 389
37 1124
34 1124
1013 1014
23 961
26 961
21 961
525 526
2 359
1128 1130
253 257
1366 1386
420 842
520 1042
256 257
69 2403
36 2403
61 2403
104 106
374 375
308 617
269 270
268 270
339 340
326 327
379 380
514 518
14 587
12 587
383 384
423 424
263 264
349 699
45 1317
44 1317
30 1317
116 120
593 594
537 538
602 603
564 1130
343 344
119 240
1240 1241
119 122
850 855
48 1898
47 1898
54 1898
55 1898
380 384
8 17
903 914
776 777
81 163
195 4713
96 4713
103 4713
2356 4713
185 4713
93 4713
43 44
13 2150
5 2150
11 2150
10 2150
398 402
132 266
10 781
9 781
8 781
7 781
663 664
685 689
873 874
794 796
795 796
1452 1464
1460 1464
1458 1464
547 548
379 382
116 233
662 663
255 257
252 506
1011 1012
254 257
624 626
366 371
390 782
112 3816
122 3816
125 3816
120 3816
123 3816
109 3816
41 3816
339 340
34 1347
33 1347
148 149
553 554
10 364
7 364
147 295
217 435
694 695
26 1247
24 1247
421 423
899 914
264 265
18 631
22 631
185 186
517 518
85 171
255 511
430 431
19 2308
0 2308
2288 2303
2279 2303
8 145
11 145
4 145
233 467
258 518
404 405
317 318
421 423
322 324
388 389
120 8726
332 8726
0 8726
345 8726
215 8726
292 8726
400 8726
327 8726
317 8726
329 8726
122 8726
118 8726
129 8726
421 422
107 108
455 456
8 1036
7 1036
377 391
343 344
676 679
1 154
198 397
45 3066
44 3066
50 3066
11 1214
3 1214
1593 1595
1579 1595
758 764
456 457
367 368
373 376
205 209
104 209
27 1191
25 1191
591 592
373 378
70 141
388 389
445 446
261 264
525 526
1109 1110
6366 12734
541 12734
624 12734
600 12734
559 12734
555 12734
6366 12734
564 12734
654 12734
548 12734
570 12734
570 12734
396 12734
517 12734
556 12734
572 12734
553 12734
197 12734
202 203
88 89
652 653
293 295
840 841
440 441
382 384
867 876
40 1264
631 1264
1261 1264
403 404
1482 1483
1109 1110
294 590
588 590
262 264
106 107
1342 1386
146 148
44 89
841 842
456 461
7 669
8 669
736 737
349 699
415 423
13 737
106 107
0 107
147 148
469 473
76 2629
75 2629
77 2629
79 2629
383 384
25 1589
22 1589
24 1589
107 113
29 2696
27 2696
25 2696
749 774
657 664
493 987
49 987
51 987
72 4344
77 4344
50 4344
61 4344
52 4344
66 4344
73 4344
221 222
312 626
37 1376
24 1376
28 1376
36 1376
557 558
10 680
9 680
233 234
174 177
88 177
379 384
437 441
430 441
187 376
36 1511
35 1511
7 522
13 522
168 169
735 737
657 664
478 479
2237 2238
2229 2238
50 2238
61 2238
1062 1074
733 737
754 762
1258 2517
393 788
2298 2300
2299 2300
759 762
617 618
182 183
266 270
554 558
247 252
282 295
35 1913
13 1913
28 656
31 656
29 656
239 240
415 423
381 764
367 373
0 446
356 357
421 423
620 632
589 590
280 562
227 456
8 9
293 587
555 562
1013 1014
773 774
403 404
566 567
1377 1407
593 594
2 690
3 690
249 250
126 127
294 295
11 2725
13 2725
12 2725
10 2725
14 2725
1 442
2 442
515 518
507 508
19 269
18 269
37 38
49 6094
44 6094
40 6094
39 6094
32 6094
1364 1370
34 2737
32 2737
1403 1409
262 526
232 465
338 339
11 960
9 960
374 382
293 295
403 404
428 431
1535 1536
613 615
841 844
300 308
503 504
559 560
1 730
0 730
755 764
1658 1701
238 240
141 283
15 596
391 392
42 2339
36 2339
300 303
459 461
558 563
424 438
120 122
1 980
2 980
422 845
664 665
375 378
351 352
886 889
888 889
188 189
1 431
742 751
262 526
77 1955
68 1955
72 1955
79 1955
75 1955
76 1955
121 9453
72 9453
129 9453
132 9453
135 9453
72 9453
167 9453
134 9453
169 9453
137 9453
72 9453
139 9453
138 9453
133 9453
72 9453
64 3604
27 3604
27 3604
1801 3604
27 3604
92 2982
1 2982
86 2982
89 2982
66 2982
1145 1152
495 499
1 181
0 181
124 249
306 613
394 395
574 575
121 122
7 1114
14 1114
141 283
141 283
240 241
27 55
644 655
1 1887
0 1887
2 1887
321 7512
256 7512
197 7512
373 7512
145 7512
274 7512
270 7512
7229 7512
356 7512
447 7512
365 7512
252 7512
333 7512
386 7512
7506 7512
319 328
622 623
104 106
78 82
303 305
97 196
75 151
219 439
326 328
2030 2031
39 4370
43 4370
42 4370
37 4370
44 4370
38 4370
40 4370
41 4370
339 340
359 360
262 269
412 413
882 887
1 187
1 187
533 534
1535 1539
725 726
128 257
190 202
22 764
27 764
472 473
8 729
6 729
9 729
173 174
296 593
324 326
140 282
29 59
5 2849
4 2849
37 2849
12 2849
223 225
217 435
432 435
521 522
72 146
478 479
199 399
584 587
561 562
393 788
0 788
393 788
393 788
393 788
2 788
2 788
393 788
393 788
1 473
2 473
1 1528
6 1528
1894 1904
1883 1904
729 733
109 219
72 2417
2364 2417
593 594
584 594
296 594
4 620
5 620
8 476
3 476
404 405
1693 1695
45 91
45 91
12 1223
11 1223
1222 1223
478 479
327 328
6 1879
4 1879
4652 4834
37 4834
65 4834
97 4834
29 4834
78 4834
143 145
706 739
167 336
180 361
88 177
411 413
379 759
190 191
190 191
119 240
231 233
176 177
0 176
5 318
8 807
7 807
760 761
444 446
7 931
8 931
1073 1074
803 812
143 287
742 764
1042 1043
848 857
921 922
0 558
3 558
275 279
86 173
64 130
2 617
1 617
19 1707
16 1707
57 4275
68 4275
62 4275
70 4275
73 4275
18 1149
19 1149
20 1149
40 2971
42 2971
334 336
314 318
1024 1026
0 92
1 92
2 311
158 161
773 774
125 127
376 379
399 400
423 428
190 381
559 562
495 497
391 393
275 279
322 323
197 395
218 223
361 362
506 509
2433 2434
710 716
383 388
18 233
483 484
483 484
483 484
1074 1075
1074 1075
1074 1075
1074 1075
58 118
112 114
421 844
831 844
302 306
8 1742
23 1742
15 1742
220 441
654 655
763 764
500 509
1868 3737
55 3737
53 3737
51 3737
554 562
1090 2181
332 338
39 40
378 379
401 405
12 474
96 98
1129 1143
183 368
349 699
337 343
123 126
1613 1644
30 1644
9 767
2 767
383 767
9 20
154 310
351 354
58 61
291 297
363 727
394 395
1601 1618
229 233
190 381
470 473
108 217
151 152
383 768
170 171
566 567
297 301
455 461
393 788
3 788
393 788
393 788
393 788
0 788
0 788
393 788
393 788
404 405
652 653
69 139
323 324
963 973
1383 1386
632 633
658 664
808 1618
394 395
293 295
171 344
226 230
1109 2219
383 385
516 527
1925 1926
1910 1926
546 548
907 919
697 699
469 472
326 327
14 821
12 821
11 821
525 526
565 567
14 1012
14 1012
14 1012
559 562
369 739
1 266
113 227
240 241
317 635
390 391
4 177
405 407
433 435
533 535
516 527
370 371
364 371
119 240
56 57
148 297
260 262
359 361
1310 1312
83 84
284 287
508 509
574 585
295 592
405 812
1169 2339
144 290
947 948
943 948
447 448
486 973
358 360
8 389
1631 1646
46 2101
48 2101
36 2101
35 2101
875 876
235 472
132 265
775 777
501 502
68 137
104 209
141 144
178 183
369 370
67 135
2 120
7 962
360 721
113 114
3216 3218
1731 1747
227 231
4 1110
151 153
289 290
396 397
162 325
159 319
190 382
81 5267
85 5267
90 5267
94 5267
68 5267
82 5267
4 5267
40 5267
97 5267
87 5267
80 5267
101 5267
77 5267
40 5267
3 1034
5 1034
11 2191
10 2191
123 247
123 247
1410 1416
513 1027
0 319
1039 1042
0 384
161 163
10 127
4 484
899 900
543 544
132 265
367 368
928 930
8 2416
8 2416
8 2416
911 919
406 407
381 382
246 247
232 233
20 1183
18 1183
19 1183
1165 1185
380 382
339 340
9 3763
10 3763
176 177
238 477
140 141
241 242
7 295
6 295
394 395
307 615
307 308
1676 1695
505 511
224 227
251 257
2328 2339
394 395
358 359
752 761
238 257
175 176
167 336
192 195
364 365
239 240
229 230
192 196
168 338
1109 1116
1106 1116
1123 1124
299 300
1618 1623
452 906
28 57
187 188
1040 1057
223 233
720 721
315 318
734 735
349 699
444 446
309 310
163 165
232 465
1107 1130
339 679
391 392
173 348
0 1898
17 1898
468 472
55 950
63 950
57 950
190 191
1668 1695
323 324
281 282
860 861
1691 1695
179 360
959 960
381 388
1700 1701
32 453
33 453
246 247
452 461
294 295
1012 1042
274 549
159 319
1104 1110
2498 2517
4 866
3 866
70 141
386 387
23 48
19 1791
13 1791
509 511
273 275
142 286
422 423
188 191
949 950
254 509
860 861
10 364
6 364
377 378
3627 3651
10 364
1 364
297 298
662 679
653 654
176 177
598 605
388 392
391 392
568 569
42 43
409 414
270 272
324 327
18 2050
17 2050
16 2050
616 617
926 927
8 1268
3 1268
2 1268
706 1413
78 157
309 317
786 790
394 790
811 812
538 1077
291 584
280 562
1359 1360
1665 1695
202 405
293 587
126 127
11 1592
16 1592
12 1719
14 1719
13 1719
17 548
15 548
97 195
349 352
1 1043
41 2703
41 2703
41 2703
41 2703
582 1165
393 395
26 1323
29 1323
27 1323
25 1323
28 1323
117 118
3 165
662 663
446 451
1533 1536
10 1526
10 1526
10 1526
115 116
163 327
586 587
138 139
324 325
1267 1288
113 116
119 240
216 217
355 712
1357 1386
2337 2339
2474 2517
190 381
141 284
177 183
147 295
2514 2517
2317 2339
458 465
238 247
2513 2517
54 55
280 281
0 247
1357 1360
456 461
1880 3761
589 590
591 594
370 378
1528 1539
53 108
2168 4338
775 1552
149 152
642 646
304 306
653 657
656 657
520 1042
210 421
1041 1042
221 222
1016 1034
269 270
6 1104
485 486
501 502
56 57
407 816
2315 2365
536 1074
186 187
23 2236
22 2236
25 2236
10 2236
404 405
1098 1110
495 497
110 222
119 120
150 151
1387 1392
229 230
84 86
76 78
1169 2339
8 9
1020 1021
307 318
301 308
272 279
760 762
87 88
360 721
7 1027
499 500
88 89
82 86
158 159
1 733
710 725
275 276
496 497
1129 1130
455 456
650 654
776 777
52 53
338 340
237 475
141 142
691 694
40 41
89 90
581 588
587 588
587 588
213 214
66 67
582 588
326 327
341 342
587 588
96 193
160 161
44 90
581 588
40 41
321 322
16 718
141 142
562 567
587 588
56 113
119 120
587 588
546 567
293 588
587 588
477 483
586 588
216 218
293 588
281 282
280 282
293 588
108 218
325 327
11 24
15 274
11 274
212 214
2 142
89 90
44 90
6 228
3 567
228 229
283 567
342 343
224 228
8 327
42 43
379 386
346 694
113 228
474 475
3 588
237 475
940 946
474 475
566 567
451 457
319 327
482 483
341 343
115 116
24 475
113 228
341 342
163 327
279 560
114 229
98 99
583 588
21 43
21 43
167 168
139 141
481 483
7 16
587 588
380 386
332 334
293 588
293 588
293 588
293 588
89 90
587 588
269 271
586 588
385 386
66 67
279 560
170 342
452 454
586 588
584 588
210 211
346 694
346 694
226 228
163 327
586 588
749 752
52 53
227 229
587 588
40 41
373 374
333 334
578 588
474 475
108 110
228 229
57 58
582 588
141 142
76 153
331 334
115 116
58 118
293 588
192 386
325 327
141 142
113 228
77 156
584 588
587 588
8 327
171 343
76 153
473 475
587 588
98 99
586 588
585 588
286 574
693 694
89 90
693 694
54 56
279 560
333 342
160 322
751 752
586 588
321 327
192 193
451 454
341 342
66 67
326 327
587 588
228 229
341 342
66 67
1336 2673
210 211
481 483
326 327
227 228
4 33
480 962
1519 1539
124 125
0 120
39 80
815 816
553 554
87 176
405 406
65 66
465 473
976 977
843 844
289 290
497 502
87 88
137 275
146 147
5 515
1204 1205
1402 1403
1694 1695
2 605
569 605
34 1347
30 1347
1511 1516
0 295
472 473
57 59
16 1021
777 788
113 228
1103 1110
87 88
767 768
475 476
336 337
339 340
1687 1695
5 127
306 308
375 378
240 241
450 452
283 284
6 1900
12 1900
14 3101
23 3101
5 6
214 218
661 664
157 158
422 423
928 951
944 951
622 623
398 399
1576 1577
277 278
207 214
67 2150
66 2150
144 145
402 404
0 1074
331 336
361 362
590 594
215 216
438 439
526 527
1385 1386
637 639
760 762
624 625
623 625
724 725
394 395
1035 1036
1041 1042
388 393
1533 1539
367 368
1534 1539
58 117
616 632
1041 1042
258 518
566 567
449 452
1069 1071
346 347
301 303
119 120
269 270
57 2237
2220 2237
39 2237
52 2237
2188 2237
232 233
775 1552
408 409
17 1230
0 1230
851 853
399 400
125 126
445 446
428 857
972 973
5 274
4 274
29 3390
3388 3390
25 3390
3377 3390
583 584
884 890
625 626
107 216
0 1346
246 247
143 287
39 79
195 196
95 191
241 7353
409 7353
113 7353
113 7353
236 7353
233 7353
420 7353
404 7353
413 7353
3676 7353
330 7353
320 7353
411 7353
113 7353
407 7353
235 7353
140 141
36 2466
35 2466
34 2466
33 2466
1450 1456
176 10604
191 10604
258 10604
235 10604
81 10604
183 10604
147 10604
156 10604
194 10604
81 10604
159 10604
163 10604
210 10604
187 10604
269 10604
81 10604
30 1655
36 1655
406 407
15 1162
0 1162
20 1162
14 1162
472 479
311 623
86 87
552 564
195 391
294 295
589 590
507 508
847 1695
23 47
393 788
2 788
393 788
781 788
393 788
0 788
2 788
393 788
393 788
229 230
736 739
3 436
1694 1695
246 247
624 626
562 567
57 115
23 48
343 344
678 684
381 764
577 582
1061 1072
13 1862
22 1862
368 369
437 876
623 625
232 233
6 937
8 937
6 937
229 230
420 421
267 272
215 218
806 812
822 826
918 919
884 887
1071 1072
1169 2339
14 958
11 958
1613 1623
70 141
791 792
805 811
5 2330
6 2330
245 247
970 974
59 120
181 182
0 423
1956 1967
29 30
383 384
544 549
1152 1153
496 497
184 188
248 498
2 157
3 157
2334 2339
949 950
56 57
2 135
236 473
961 962
447 448
1 163
413 414
3 1161
11 1161
10 1161
1 117
95 96
701 1403
1340 1346
138 139
1081 1110
472 473
315 318
317 318
692 700
161 162
1965 1967
1533 1539
9 1539
105 106
55 5662
51 5662
50 5662
51 5662
53 5662
1535 1536
1533 1536
13 625
22 2565
21 2565
30 2565
25 2565
19 2565
24 2565
873 1747
377 384
91 183
23 1249
28 1249
86 87
811 812
372 746
39 2128
38 2128
47 2128
470 473
66 67
116 124
175 178
763 764
377 379
2388 2396
2386 2396
2387 2396
24 890
889 890
25 890
37 38
30 2407
23 2407
29 2407
19 2407
733 735
3 581
2 581
2 385
2 385
613 615
136 139
635 641
446 448
15 1064
23 1064
2224 2225
88 89
940 941
1 89
1418 1419
450 452
79 80
549 554
88 89
1293 1294
1280 1294
190 381
112 1948
124 1948
141 1948
156 1948
961 962
223 448
351 352
136 137
592 594
11 1708
7 1708
143 287
24 25
802 816
625 626
88 90
2303 2339
1535 1536
232 233
67 69
315 319
793 796
445 446
526 527
141 142
1 369
152 153
589 590
384 385
206 413
440 446
13 2395
15 2395
399 404
295 592
3 2163
22 2163
7 2163
27 55
188 191
30 2423
19 2423
44 2423
342 344
194 196
450 452
701 1403
21 1205
12 1205
972 1014
292 294
447 448
85 86
394 395
839 844
843 844
151 303
1337 1360
803 812
106 107
561 562
478 479
463 467
1730 1733
1671 1733
1665 1733
78 80
736 739
444 446
123 247
388 389
732 733
214 215
288 295
423 431
174 175
129 130
186 187
131 135
283 284
351 371
164 330
12 1724
10 1724
5 1724
547 549
905 919
569 1139
6 896
7 896
430 437
51 103
263 264
260 261
259 264
647 648
1557 1577
15 1501
6 1501
14 1501
308 617
1617 1618
284 285
496 504
114 115
47 48
241 247
723 737
217 223
508 509
306 311
592 594
238 477
344 345
732 733
12 789
13 789
604 605
1745 1747
346 347
31 1511
39 1511
359 362
146 147
306 307
137 139
136 139
381 382
882 1766
393 788
786 788
787 788
785 788
393 788
2 788
1 788
393 788
784 788
670 694
2 694
300 307
172 174
363 371
538 1077
536 537
88 178
98 103
289 290
35 3159
33 3159
34 3159
1315 1331
24 50
714 716
507 508
28 1909
28 1909
28 1909
1612 1618
808 1618
383 384
383 384
0 102
91 94
583 585
5 474
267 535
260 261
294 295
168 169
147 148
180 183
874 876
732 733
19 1787
42 1787
45 1787
611 617
4 1553
5 1553
503 504
337 343
625 632
126 127
500 504
1079 1083
64 65
1135 1144
177 178
169 172
119 240
215 431
914 919
493 498
1608 1618
737 1475
183 368
25 26
20 1965
18 1965
16 1965
17 1965
15 1965
6 1965
124 125
172 175
27 55
3 379
228 229
227 229
229 230
1041 1042
341 344
319 323
744 746
875 876
475 479
202 406
496 504
169 171
564 575
759 764
23 1913
38 1913
1056 1057
262 269
164 173
171 344
761 772
241 242
1693 1695
1688 1695
377 382
763 764
174 175
93 94
810 811
393 394
1283 1287
175 176
135 139
309 310
359 360
227 230
810 811
380 381
17 1129
15 1129
16 1129
634 638
1069 1071
48 1410
14 1410
59 1410
805 811
496 497
18 37
284 285
304 305
253 256
359 360
116 233
622 623
1045 1061
259 260
447 452
562 563
590 592
143 144
163 327
607 617
14 337
357 362
2987 5976
11 5976
251 5976
185 5976
185 5976
249 5976
238 5976
229 5976
248 5976
537 1075
378 379
653 661
161 162
2497 2517
430 431
99 100
1385 1386
846 850
496 511
404 405
10 1102
8 1102
1 370
188 196
360 361
839 841
697 698
123 124
289 290
108 218
438 439
217 229
348 349
3 89
359 360
330 333
330 333
525 526
121 122
410 412
97 196
873 874
0 247
895 896
2 338
1 338
141 142
1768 1779
889 1779
1776 1779
889 1779
1237 1238
875 876
27 1853
27 1853
27 1853
591 592
559 564
86 173
10 1539
157 158
811 812
582 584
326 328
130 262
811 816
86 99
397 796
403 404
5 146
342 345
463 464
113 228
273 274
459 919
501 502
1109 1110
118 122
442 446
515 518
140 141
10 585
559 561
2805 2808
1356 1357
707 1416
202 204
96 100
281 563
281 564
472 473
1101 1110
336 339
163 327
306 308
147 295
576 587
21 777
20 558
74 149
104 209
267 279
947 962
27 3095
24 3095
3063 3095
37 1617
40 1617
43 1617
38 1617
314 318
325 327
45 1767
38 1767
43 1767
52 1767
239 240
1 1071
521 522
1612 1618
2 465
1 465
461 465
