381 384
374 375
390 392
20 576
3 576
773 776
772 776
508 511
2229 2287
25 2287
4 745
4 745
913 914
168 338
447 448
5 691
1 691
182 183
892 914
29 1155
1147 1155
577 1155
27 1155
17 1155
1369 1370
1619 1623
303 7389
232 7389
259 7389
279 7389
278 7389
283 7389
260 7389
258 7389
282 7389
265 7389
56 7389
2338 2339
614 615
1287 1288
174 176
18 1265
2 1265
1261 1265
74 150
78 79
62 1983
64 1983
54 1983
50 1983
265 269
198 397
23 1208
76 1208
65 1208
1473 1474
236 240
447 448
557 558
5 1113
4 1113
76 79
152 305
199 400
387 388
589 590
1482 1483
75 152
75 152
11 796
767 1536
804 805
275 276
327 328
70 1267
71 1267
56 1267
66 1267
77 1267
260 522
98 198
0 1013
0 1013
75 152
1302 1303
18 1008
6 1008
315 327
559 562
724 737
368 737
131 264
173 175
43 44
87 89
15 1913
41 1913
1538 1539
971 973
846 855
295 301
624 7645
254 7645
638 7645
442 7645
419 7645
462 7645
614 7645
578 7645
576 7645
477 7645
480 7645
592 7645
601 7645
633 7645
629 7645
650 7645
620 7645
456 7645
562 7645
630 7645
580 9306
641 9306
0 9306
731 9306
605 9306
580 9306
763 9306
645 9306
717 9306
9269 9306
9299 9306
684 9306
612 9306
707 9306
740 9306
618 9306
608 9306
655 9306
4 3760
116 3760
10 3760
8 3760
116 3760
6 3760
116 3760
5 3760
687 689
147 295
51 1454
56 1454
53 1454
44 1454
625 626
202 203
404 405
786 794
793 794
843 844
328 657
1109 1110
148 150
1068 1071
811 812
811 812
421 422
870 896
394 395
2326 2339
133 135
161 324
709 721
39 79
202 204
810 811
360 368
379 380
379 380
383 384
150 152
48 98
33 68
445 446
775 777
770 777
883 884
879 884
1508 1514
437 876
345 348
168 169
27 663
28 663
300 303
237 240
440 441
1461 1474
732 733
1065 1077
403 404
969 973
137 138
1617 1618
283 567
437 876
175 176
2100 2150
15 2150
437 876
155 311
2 1597
23 1597
1 1597
23 1597
308 618
97 98
181 184
770 776
775 776
496 497
28 57
390 392
43 670
19 670
195 392
510 511
244 247
437 876
171 344
963 965
769 1539
508 509
214 215
175 176
214 215
214 215
1377 1386
141 283
746 764
460 465
791 792
741 10782
802 10782
811 10782
753 10782
623 10782
647 10782
768 10782
606 10782
617 10782
668 10782
607 10782
610 10782
714 10782
645 10782
639 10782
805 10782
653 10782
740 10782
18 10782
804 10782
806 10782
809 10782
630 10782
737 10782
607 10782
603 10782
223 224
11 767
143 144
269 540
28 2510
29 2510
134 269
267 269
1268 1269
12 1269
915 919
781 782
446 448
8 931
6 931
245 247
44 89
2027 2038
30 2038
59 2038
443 446
736 737
55 1898
57 1898
291 584
679 1360
2253 2257
38 2257
1694 1695
2338 2339
1070 1072
742 746
741 746
42 2150
45 2150
77 3410
52 3410
65 3410
372 746
45 2150
7 2150
763 764
372 746
455 456
589 590
50 2449
37 2449
95 191
751 777
257 266
1026 1027
487 976
487 976
34 3000
2906 3000
37 3000
2968 3000
39 3000
2902 3000
198 202
455 456
776 777
379 381
294 295
185 186
220 441
93 94
33 68
286 287
119 240
70 142
239 240
649 655
1187 1197
21 2831
36 2831
37 2831
41 2831
1322 1331
199 4210
197 4210
4157 4210
200 4210
168 4210
261 4210
4171 4210
212 4210
250 4210
167 4210
149 4210
16 20
208 209
10 677
2 677
20 1547
19 1547
40 888
39 888
171 344
400 413
14 1012
27 1012
14 1012
268 269
466 467
503 504
554 1110
584 585
54 2128
32 2128
0 2128
954 960
1482 1483
1535 1536
1529 1536
1109 1110
43 1069
42 1069
44 1069
1013 1014
405 811
1106 1110
422 423
89 93
91 183
383 384
722 724
44 2375
43 2375
17 2375
175 178
393 788
2 788
393 788
393 788
393 788
0 788
0 788
393 788
393 788
201 203
224 226
4929 4949
134 4949
127 4949
108 4949
122 4949
113 4949
110 4949
119 120
2149 2150
71 2150
72 2150
652 653
686 689
42 2955
29 2955
44 2955
26 2955
2946 2955
41 2955
27 2955
1694 1695
434 439
435 439
220 225
2147 2163
2146 2163
565 13875
533 13875
556 13875
536 13875
550 13875
532 13875
570 13875
571 13875
558 13875
549 13875
6937 13875
555 13875
432 13875
432 13875
2338 2339
221 222
149 150
1161 1164
7 1164
6 1164
57 2347
59 2347
58 2347
60 2347
631 633
383 384
85 3126
2 3126
76 3126
87 3126
73 3126
82 3126
81 3126
22 1078
25 1078
20 1078
266 267
1925 1926
262 526
809 812
856 858
103 5657
126 5657
130 5657
117 5657
123 5657
109 5657
118 5657
5625 5657
1011 1042
422 423
216 218
85 172
653 1307
510 1021
383 384
396 400
119 240
246 247
170 176
246 247
122 124
617 618
123 247
12 1708
12 1708
12 1708
18 1708
10 762
19 762
151 152
185 371
262 264
35 442
41 442
388 389
100 5642
83 5642
43 5642
43 5642
98 5642
99 5642
5599 5642
415 416
111 223
85 86
540 543
1400 1403
1402 1403
675 679
2515 2517
86 87
344 689
331 336
88 89
146 153
701 1403
1961 1963
1920 1963
14 2002
24 2002
1997 2002
146 147
145 147
162 163
131 264
1537 1539
131 264
294 590
178 181
120 241
461 465
381 764
381 764
763 764
290 295
16 1652
14 1652
1954 1967
85 86
1109 1110
16 1183
18 1183
17 1183
875 876
388 389
37 1124
38 1124
1009 1014
26 961
14 961
24 961
525 526
358 359
1128 1130
253 257
1383 1386
420 842
520 1042
256 257
71 2403
36 2403
65 2403
104 106
374 375
308 617
269 270
269 270
339 340
326 327
379 380
515 518
14 587
12 587
383 384
422 424
259 264
349 699
40 1317
42 1317
40 1317
59 120
296 594
536 538
602 603
564 1130
343 344
119 240
1240 1241
121 122
854 855
46 1898
43 1898
18 1898
59 1898
381 384
8 17
909 914
776 777
81 163
194 4713
71 4713
188 4713
2356 4713
187 4713
69 4713
43 44
3 2150
7 2150
11 2150
14 2150
398 402
132 266
12 781
11 781
10 781
9 781
663 664
686 689
869 874
793 796
794 796
1455 1464
1451 1464
1462 1464
547 548
379 382
116 233
662 663
128 257
252 506
1011 1012
247 257
624 626
370 371
390 782
147 3816
78 3816
123 3816
125 3816
126 3816
143 3816
69 3816
339 340
10 1347
38 1347
148 149
553 554
10 364
10 364
147 295
217 435
694 695
30 1247
29 1247
211 423
912 914
264 265
25 631
28 631
185 186
517 518
85 171
255 511
430 431
2307 2308
4 2308
2302 2303
2299 2303
8 145
12 145
4 145
233 467
258 518
404 405
158 318
422 423
161 324
388 389
135 8726
257 8726
92 8726
312 8726
155 8726
255 8726
8255 8726
309 8726
293 8726
284 8726
129 8726
117 8726
142 8726
421 422
107 108
454 456
8 1036
7 1036
380 391
339 344
676 679
2 154
198 397
48 3066
47 3066
2899 3066
12 1214
8 1214
1593 1595
1585 1595
381 764
456 457
367 368
375 376
104 209
104 209
28 1191
27 1191
583 592
375 378
70 141
388 389
440 446
261 264
525 526
1109 1110
6366 12734
564 12734
640 12734
623 12734
577 12734
578 12734
6366 12734
582 12734
670 12734
571 12734
591 12734
591 12734
396 12734
539 12734
569 12734
590 12734
575 12734
396 12734
5 203
44 89
652 653
293 295
840 841
440 441
191 384
4 876
1252 1264
631 1264
1262 1264
403 404
1482 1483
1108 1110
294 590
585 590
131 264
106 107
1375 1386
147 148
44 89
840 842
460 461
334 669
4 669
736 737
349 699
419 423
734 737
102 107
0 107
147 148
472 473
81 2629
77 2629
80 2629
82 2629
381 384
22 1589
27 1589
19 1589
109 113
2695 2696
27 2696
24 2696
770 774
657 664
493 987
55 987
53 987
41 4344
63 4344
57 4344
44 4344
47 4344
55 4344
61 4344
221 222
312 626
37 1376
29 1376
32 1376
34 1376
557 558
10 680
9 680
233 234
176 177
88 177
383 384
437 441
220 441
187 376
37 1511
36 1511
11 522
13 522
166 169
735 737
662 664
478 479
2237 2238
2220 2238
52 2238
2217 2238
1065 1074
728 737
755 762
1258 2517
393 788
2290 2300
2299 2300
380 762
617 618
182 183
267 270
557 558
246 252
288 295
38 1913
13 1913
28 656
652 656
29 656
238 240
421 423
381 764
372 373
443 446
355 357
421 423
626 632
583 590
280 562
227 456
4 9
293 587
556 562
1013 1014
772 774
403 404
565 567
1404 1407
296 594
3 690
2 690
249 250
126 127
147 295
8 2725
16 2725
7 2725
14 2725
6 2725
4 442
3 442
517 518
507 508
19 269
18 269
37 38
47 6094
42 6094
43 6094
39 6094
22 6094
684 1370
35 2737
33 2737
704 1409
262 526
232 465
338 339
10 960
11 960
374 382
292 295
403 404
430 431
1535 1536
614 615
843 844
300 308
503 504
559 560
1 730
0 730
757 764
1691 1701
239 240
141 283
16 596
391 392
41 2339
36 2339
302 303
460 461
281 563
424 438
121 122
0 980
0 980
422 845
654 665
375 378
350 352
888 889
867 889
188 189
428 431
750 751
262 526
72 1955
62 1955
70 1955
74 1955
71 1955
75 1955
128 9453
17 9453
136 9453
138 9453
72 9453
72 9453
146 9453
140 9453
145 9453
142 9453
72 9453
144 9453
143 9453
139 9453
72 9453
67 3604
55 3604
55 3604
1801 3604
55 3604
93 2982
1 2982
92 2982
78 2982
69 2982
1149 1152
498 499
1 181
0 181
124 249
306 613
394 395
569 575
121 122
3 1114
16 1114
141 283
141 283
240 241
27 55
646 655
1 1887
0 1887
2 1887
449 7512
11 7512
361 7512
390 7512
392 7512
399 7512
370 7512
7420 7512
405 7512
233 7512
465 7512
7 7512
396 7512
475 7512
3755 7512
325 328
620 623
104 106
80 82
303 305
97 196
75 151
219 439
327 328
2027 2031
39 4370
45 4370
44 4370
36 4370
43 4370
37 4370
40 4370
41 4370
339 340
359 360
264 269
412 413
443 887
1 187
1 187
266 534
1535 1539
722 726
128 257
201 202
22 764
28 764
472 473
8 729
7 729
9 729
173 174
296 593
324 326
140 282
29 59
4 2849
5 2849
16 2849
21 2849
224 225
217 435
217 435
521 522
72 146
476 479
199 399
584 587
561 562
393 788
393 788
393 788
393 788
393 788
786 788
786 788
393 788
393 788
2 473
2 473
4 1528
9 1528
1900 1904
1889 1904
732 733
109 219
36 2417
2398 2417
296 594
586 594
296 594
3 620
3 620
7 476
2 476
404 405
1694 1695
45 91
45 91
12 1223
13 1223
1210 1223
478 479
327 328
6 1879
4 1879
4789 4834
46 4834
140 4834
80 4834
39 4834
51 4834
144 145
709 739
167 336
180 361
88 177
412 413
379 759
190 191
190 191
119 240
232 233
88 177
0 176
4 318
7 807
6 807
760 761
445 446
7 931
8 931
1073 1074
806 812
143 287
752 764
1042 1043
854 857
920 922
7 558
3 558
278 279
86 173
64 130
3 617
1 617
10 1707
21 1707
67 4275
74 4275
66 4275
89 4275
78 4275
18 1149
19 1149
20 1149
43 2971
41 2971
167 336
158 318
1025 1026
11 92
12 92
308 311
1 161
773 774
124 127
376 379
199 400
413 428
190 381
561 562
493 497
196 393
276 279
322 323
197 395
219 223
361 362
508 509
2433 2434
713 716
386 388
228 233
483 484
483 484
483 484
1074 1075
1071 1075
1071 1075
1074 1075
58 118
0 114
421 844
842 844
303 306
28 1742
25 1742
24 1742
220 441
654 655
763 764
506 509
1868 3737
63 3737
62 3737
60 3737
559 562
1090 2181
331 338
39 40
189 379
402 405
466 474
96 98
1142 1143
183 368
349 699
171 343
124 126
1637 1644
12 1644
10 767
5 767
383 767
9 20
154 310
176 354
30 61
294 297
363 727
393 395
808 1618
229 233
190 381
472 473
108 217
150 152
383 768
170 171
566 567
299 301
458 461
393 788
3 788
393 788
393 788
393 788
0 788
0 788
393 788
393 788
404 405
652 653
69 139
323 324
957 973
1380 1386
631 633
663 664
808 1618
394 395
293 295
171 344
226 230
1109 2219
384 385
522 527
1925 1926
962 1926
545 548
918 919
696 699
471 472
326 327
6 821
13 821
12 821
525 526
566 567
14 1012
14 1012
14 1012
560 562
369 739
257 266
113 227
240 241
317 635
390 391
3 177
405 407
217 435
533 535
263 527
368 371
368 371
119 240
56 57
148 297
261 262
180 361
1311 1312
83 84
286 287
508 509
584 585
295 592
405 812
1169 2339
144 290
947 948
946 948
447 448
486 973
179 360
9 389
1638 1646
58 2101
52 2101
1 2101
0 2101
875 876
235 472
132 265
770 777
498 502
68 137
104 209
143 144
180 183
369 370
67 135
2 120
7 962
360 721
113 114
3209 3218
1746 1747
229 231
1105 1110
151 153
289 290
396 397
162 325
159 319
190 382
104 5267
109 5267
106 5267
111 5267
19 5267
108 5267
6 5267
81 5267
100 5267
81 5267
102 5267
96 5267
4 5267
81 5267
3 1034
7 1034
7 2191
7 2191
123 247
123 247
707 1416
513 1027
318 319
1041 1042
383 384
162 163
10 127
4 484
899 900
543 544
132 265
365 368
929 930
8 2416
8 2416
8 2416
915 919
406 407
381 382
246 247
232 233
18 1183
1 1183
11 1183
1184 1185
380 382
339 340
10 3763
11 3763
176 177
238 477
138 141
120 242
7 295
3 295
394 395
307 615
307 308
1694 1695
255 511
224 227
254 257
2338 2339
394 395
357 359
758 761
251 257
175 176
167 336
194 195
361 365
119 240
229 230
97 196
168 338
1098 1116
1115 1116
1123 1124
299 300
1609 1623
452 906
28 57
187 188
1056 1057
228 233
360 721
315 318
734 735
349 699
445 446
309 310
163 165
232 465
1107 1130
339 679
390 392
173 348
18 1898
59 1898
464 472
43 950
43 950
43 950
190 191
1679 1695
323 324
281 282
860 861
1688 1695
179 360
479 960
381 388
1699 1701
452 453
34 453
246 247
455 461
287 295
1041 1042
274 549
159 319
1109 1110
2507 2517
4 866
3 866
70 141
383 387
23 48
25 1791
13 1791
503 511
272 275
142 286
422 423
188 191
474 950
254 509
860 861
10 364
7 364
377 378
3650 3651
356 364
4 364
297 298
676 679
653 654
176 177
598 605
391 392
195 392
568 569
42 43
206 414
271 272
317 327
2043 2050
2042 2050
22 2050
616 617
926 927
9 1268
3 1268
2 1268
706 1413
78 157
158 317
394 790
394 790
807 812
538 1077
291 584
280 562
679 1360
1689 1695
202 405
293 587
126 127
17 1592
16 1592
12 1719
14 1719
13 1719
17 548
18 548
97 195
350 352
1027 1043
41 2703
20 2703
41 2703
20 2703
582 1165
394 395
28 1323
1309 1323
26 1323
25 1323
27 1323
117 118
160 165
662 663
449 451
1522 1536
10 1526
10 1526
10 1526
113 116
163 327
586 587
69 139
324 325
1285 1288
57 116
119 240
216 217
355 712
1383 1386
2324 2339
2516 2517
190 381
141 284
182 183
147 295
1258 2517
2327 2339
461 465
242 247
2515 2517
54 55
279 281
0 247
679 1360
459 461
1880 3761
589 590
585 594
377 378
1526 1539
53 108
2168 4338
775 1552
149 152
645 646
303 306
652 657
656 657
520 1042
210 421
1041 1042
221 222
1031 1034
269 270
1099 1104
482 486
501 502
56 57
407 816
2348 2365
536 1074
186 187
41 2236
39 2236
42 2236
31 2236
202 405
1103 1110
248 497
110 222
119 120
150 151
1391 1392
229 230
42 86
77 78
1169 2339
8 9
1020 1021
310 318
303 308
274 279
759 762
87 88
360 721
7 1027
499 500
88 89
42 86
158 159
1 733
713 725
275 276
496 497
1129 1130
455 456
652 654
776 777
52 53
339 340
237 475
141 142
692 694
40 41
89 90
293 588
587 588
587 588
213 214
66 67
585 588
326 327
341 342
587 588
96 193
80 161
44 90
585 588
40 41
320 322
717 718
141 142
560 567
586 588
56 113
119 120
587 588
560 567
293 588
587 588
481 483
587 588
216 218
293 588
140 282
281 282
293 588
108 218
326 327
11 24
15 274
7 274
213 214
140 142
89 90
44 90
6 228
566 567
228 229
283 567
341 343
113 228
326 327
42 43
379 386
346 694
113 228
18 475
3 588
237 475
938 946
474 475
566 567
453 457
163 327
482 483
336 343
115 116
474 475
113 228
341 342
163 327
279 560
114 229
98 99
583 588
21 43
21 43
167 168
134 141
482 483
7 16
587 588
383 386
332 334
293 588
293 588
293 588
293 588
89 90
587 588
135 271
586 588
192 386
66 67
279 560
170 342
452 454
587 588
581 588
210 211
346 694
346 694
113 228
163 327
587 588
746 752
52 53
227 229
587 588
38 41
373 374
333 334
580 588
465 475
106 110
228 229
56 58
587 588
141 142
76 153
331 334
115 116
58 118
293 588
192 386
163 327
141 142
113 228
77 156
585 588
587 588
324 327
171 343
76 153
473 475
587 588
98 99
586 588
587 588
286 574
346 694
89 90
346 694
55 56
279 560
336 342
160 322
751 752
586 588
323 327
192 193
433 454
170 342
66 67
325 327
587 588
228 229
341 342
66 67
1336 2673
210 211
482 483
326 327
227 228
32 33
480 962
1538 1539
124 125
119 120
39 80
815 816
553 554
87 176
405 406
65 66
471 473
976 977
843 844
288 290
492 502
87 88
137 275
146 147
5 515
1204 1205
1402 1403
1694 1695
3 605
573 605
39 1347
40 1347
1514 1516
294 295
472 473
58 59
997 1021
784 788
113 228
1106 1110
87 88
767 768
475 476
336 337
339 340
1668 1695
126 127
307 308
188 378
240 241
225 452
283 284
6 1900
12 1900
11 3101
21 3101
5 6
216 218
661 664
157 158
422 423
950 951
19 951
622 623
398 399
788 1577
273 278
210 214
72 2150
71 2150
144 145
403 404
1072 1074
335 336
361 362
591 594
107 216
438 439
526 527
1383 1386
319 639
761 762
624 625
623 625
362 725
394 395
1034 1036
1036 1042
390 393
1538 1539
367 368
1538 1539
58 117
626 632
1033 1042
258 518
566 567
450 452
1068 1071
346 347
151 303
119 120
265 270
59 2237
2235 2237
43 2237
56 2237
55 2237
232 233
775 1552
408 409
18 1230
0 1230
849 853
399 400
125 126
445 446
428 857
972 973
5 274
4 274
27 3390
3388 3390
13 3390
3389 3390
583 584
444 890
625 626
107 216
1344 1346
246 247
143 287
39 79
195 196
95 191
327 7353
410 7353
113 7353
228 7353
315 7353
311 7353
423 7353
413 7353
412 7353
3676 7353
346 7353
350 7353
397 7353
228 7353
407 7353
4 7353
140 141
40 2466
39 2466
37 2466
36 2466
1455 1456
81 10604
199 10604
266 10604
81 10604
81 10604
191 10604
156 10604
166 10604
202 10604
81 10604
169 10604
173 10604
211 10604
192 10604
278 10604
81 10604
28 1655
29 1655
406 407
18 1162
0 1162
17 1162
16 1162
477 479
311 623
85 87
563 564
195 391
294 295
589 590
507 508
847 1695
23 47
393 788
2 788
393 788
781 788
393 788
0 788
2 788
393 788
393 788
229 230
738 739
4 436
1681 1695
246 247
623 626
562 567
57 115
23 48
343 344
681 684
381 764
579 582
1065 1072
13 1862
22 1862
368 369
437 876
623 625
232 233
6 937
10 937
6 937
229 230
420 421
271 272
216 218
811 812
412 826
918 919
867 887
5 1072
1169 2339
13 958
0 958
1616 1623
70 141
790 792
810 811
6 2330
4 2330
245 247
486 974
59 120
181 182
0 423
1962 1967
29 30
383 384
544 549
1143 1153
496 497
185 188
248 498
8 157
3 157
2338 2339
948 950
56 57
2 135
236 473
954 962
446 448
162 163
413 414
8 1161
13 1161
12 1161
116 117
95 96
701 1403
1343 1346
138 139
1101 1110
472 473
315 318
317 318
698 700
161 162
1966 1967
1538 1539
1531 1539
105 106
54 5662
51 5662
50 5662
51 5662
53 5662
1534 1536
1534 1536
15 625
19 2565
19 2565
19 2565
19 2565
19 2565
19 2565
873 1747
382 384
91 183
24 1249
29 1249
86 87
811 812
372 746
42 2128
10 2128
45 2128
472 473
66 67
118 124
177 178
761 764
376 379
4 2396
48 2396
0 2396
24 890
889 890
25 890
37 38
31 2407
30 2407
29 2407
16 2407
734 735
3 581
3 581
2 385
2 385
307 615
138 139
637 641
447 448
15 1064
15 1064
2207 2225
88 89
940 941
88 89
1418 1419
225 452
79 80
549 554
88 89
1293 1294
19 1294
190 381
139 1948
138 1948
161 1948
171 1948
954 962
223 448
351 352
136 137
593 594
2 1708
0 1708
143 287
24 25
808 816
625 626
88 90
2307 2339
1535 1536
231 233
68 69
318 319
795 796
444 446
526 527
135 142
368 369
150 153
589 590
380 385
206 413
443 446
8 2395
14 2395
403 404
295 592
1 2163
24 2163
9 2163
27 55
189 191
36 2423
26 2423
41 2423
343 344
97 196
450 452
701 1403
20 1205
21 1205
978 1014
293 294
446 448
42 86
394 395
842 844
843 844
151 303
1359 1360
811 812
106 107
554 562
239 479
465 467
1731 1733
1720 1733
32 1733
79 80
369 739
444 446
123 247
388 389
732 733
107 215
289 295
429 431
174 175
129 130
186 187
134 135
283 284
351 371
164 330
12 1724
11 1724
5 1724
274 549
909 919
569 1139
7 896
8 896
434 437
51 103
263 264
130 261
263 264
647 648
1574 1577
14 1501
16 1501
15 1501
308 617
1617 1618
284 285
496 504
113 115
47 48
246 247
734 737
2 223
508 509
309 311
587 594
238 477
344 345
731 733
8 789
788 789
604 605
1746 1747
346 347
28 1511
28 1511
180 362
146 147
306 307
126 139
125 139
381 382
882 1766
393 788
3 788
393 788
393 788
393 788
2 788
2 788
393 788
393 788
16 694
1 694
305 307
86 174
185 371
538 1077
536 537
88 178
99 103
289 290
69 3159
70 3159
67 3159
1330 1331
24 50
715 716
507 508
28 1909
28 1909
28 1909
1617 1618
808 1618
383 384
383 384
101 102
92 94
584 585
459 474
267 535
130 261
294 295
167 169
147 148
181 183
875 876
732 733
26 1787
45 1787
1775 1787
308 617
9 1553
7 1553
251 504
342 343
631 632
126 127
499 504
1075 1083
64 65
1143 1144
174 178
169 172
119 240
215 431
916 919
497 498
1617 1618
737 1475
183 368
25 26
14 1965
14 1965
21 1965
22 1965
20 1965
14 1965
124 125
3 175
27 55
359 379
1 229
228 229
229 230
1041 1042
343 344
319 323
740 746
437 876
475 479
202 406
5 504
85 171
574 575
762 764
31 1913
36 1913
1056 1057
261 269
171 173
171 344
771 772
241 242
1694 1695
1693 1695
381 382
763 764
173 175
93 94
810 811
393 394
1285 1287
175 176
136 139
308 310
359 360
228 230
405 811
379 381
16 1129
16 1129
16 1129
637 638
1069 1071
37 1410
14 1410
21 1410
810 811
496 497
18 37
283 285
304 305
253 256
358 360
116 233
620 623
1060 1061
259 260
451 452
562 563
571 592
71 144
163 327
613 617
14 337
361 362
2987 5976
4 5976
265 5976
185 5976
185 5976
263 5976
185 5976
256 5976
185 5976
537 1075
378 379
658 661
161 162
2516 2517
430 431
99 100
1385 1386
846 850
496 511
404 405
11 1102
9 1102
1 370
192 196
360 361
840 841
696 698
123 124
289 290
108 218
435 439
221 229
348 349
86 89
359 360
166 333
166 333
525 526
121 122
411 412
97 196
869 874
245 247
895 896
3 338
1 338
141 142
1778 1779
889 1779
889 1779
889 1779
1235 1238
875 876
27 1853
27 1853
27 1853
591 592
555 564
86 173
1538 1539
157 158
809 812
582 584
327 328
130 262
815 816
97 99
397 796
397 404
145 146
342 345
231 464
113 228
273 274
459 919
501 502
1103 1110
119 122
442 446
517 518
140 141
10 585
558 561
2807 2808
1355 1357
707 1416
202 204
96 100
281 563
281 564
472 473
554 1110
338 339
163 327
306 308
147 295
586 587
21 777
2 558
74 149
104 209
271 279
953 962
26 3095
13 3095
3094 3095
29 1617
32 1617
46 1617
31 1617
316 318
326 327
47 1767
41 1767
46 1767
55 1767
119 240
1067 1071
521 522
1615 1618
2 465
1 465
464 465
