383 384
372 375
391 392
566 576
8 576
387 776
387 776
255 511
2285 2287
29 2287
10 745
10 745
456 914
168 338
223 448
345 691
4 691
181 183
906 914
31 1155
1150 1155
577 1155
30 1155
17 1155
684 1370
811 1623
229 7389
229 7389
344 7389
229 7389
344 7389
229 7389
229 7389
344 7389
344 7389
229 7389
229 7389
2329 2339
610 615
1285 1288
87 176
18 1265
2 1265
1264 1265
74 150
78 79
1982 1983
0 1983
4 1983
4 1983
266 269
198 397
55 1208
1207 1208
68 1208
736 1474
119 240
223 448
556 558
7 1113
8 1113
76 79
152 305
199 400
386 388
588 590
1480 1483
75 152
75 152
794 796
767 1536
804 805
274 276
163 328
1266 1267
78 1267
38 1267
633 1267
1263 1267
260 522
98 198
2 1013
2 1013
75 152
1302 1303
14 1008
14 1008
321 327
559 562
733 737
368 737
131 264
174 175
43 44
88 89
37 1913
1903 1913
1537 1539
969 973
427 855
150 301
118 7645
490 7645
3822 7645
58 7645
132 7645
560 7645
58 7645
132 7645
132 7645
497 7645
237 7645
132 7645
553 7645
3822 7645
568 7645
132 7645
570 7645
3822 7645
177 7645
3822 7645
289 9306
793 9306
783 9306
770 9306
770 9306
289 9306
801 9306
785 9306
289 9306
4652 9306
9299 9306
788 9306
289 9306
580 9306
580 9306
770 9306
8 9306
770 9306
234 3760
234 3760
264 3760
6 3760
234 3760
234 3760
234 3760
6 3760
686 689
147 295
21 1454
21 1454
21 1454
21 1454
623 626
202 203
404 405
790 794
788 794
843 844
328 657
1106 1110
74 150
1066 1071
811 812
405 812
420 422
895 896
197 395
2334 2339
134 135
161 324
360 721
39 79
101 204
810 811
366 368
377 380
379 380
382 384
150 152
48 98
33 68
442 446
776 777
388 777
882 884
441 884
756 1514
437 876
173 348
168 169
4 663
331 663
151 303
237 240
434 441
1473 1474
728 733
1066 1077
402 404
972 973
137 138
808 1618
283 567
437 876
175 176
2101 2150
7 2150
437 876
155 311
11 1597
11 1597
11 1597
23 1597
308 618
97 98
181 184
387 776
774 776
248 497
28 57
195 392
45 670
40 670
195 392
510 511
123 247
437 876
171 344
957 965
769 1539
507 509
107 215
174 176
107 215
107 215
1383 1386
141 283
758 764
464 465
787 792
41 10782
672 10782
10762 10782
756 10782
756 10782
756 10782
672 10782
714 10782
750 10782
714 10782
41 10782
672 10782
5390 10782
41 10782
771 10782
774 10782
750 10782
672 10782
672 10782
41 10782
41 10782
41 10782
761 10782
756 10782
41 10782
41 10782
223 224
762 767
35 144
269 540
2508 2510
2486 2510
134 269
268 269
1264 1269
1 1269
918 919
780 782
223 448
929 931
929 931
245 247
44 89
0 2038
62 2038
68 2038
442 446
736 737
57 1898
0 1898
291 584
679 1360
2255 2257
3 2257
1688 1695
2338 2339
535 1072
743 746
372 746
68 2150
32 2150
101 3410
2 3410
52 3410
372 746
32 2150
32 2150
381 764
372 746
454 456
587 590
37 2449
37 2449
95 191
771 777
132 266
1022 1027
487 976
487 976
50 3000
2839 3000
50 3000
2859 3000
10 3000
2841 3000
200 202
455 456
776 777
378 381
293 295
92 186
220 441
93 94
33 68
284 287
119 240
70 142
119 240
327 655
1195 1197
21 2831
21 2831
21 2831
0 2831
665 1331
268 4210
0 4210
64 4210
270 4210
266 4210
264 4210
269 4210
64 4210
15 4210
64 4210
130 4210
17 20
203 209
676 677
1 677
1546 1547
1545 1547
873 888
874 888
171 344
409 413
14 1012
14 1012
22 1012
260 269
233 467
502 504
554 1110
583 585
32 2128
32 2128
48 2128
959 960
1481 1483
767 1536
1517 1536
1107 1110
1 1069
32 1069
0 1069
1012 1014
405 811
554 1110
422 423
92 93
91 183
382 384
721 724
17 2375
17 2375
17 2375
88 178
393 788
2 788
393 788
393 788
393 788
0 788
0 788
393 788
393 788
201 203
112 226
4916 4949
4917 4949
131 4949
126 4949
128 4949
123 4949
126 4949
118 120
2135 2150
2124 2150
2124 2150
650 653
344 689
22 2955
40 2955
2750 2955
4 2955
2755 2955
1 2955
7 2955
1691 1695
219 439
219 439
221 225
2161 2163
2150 2163
432 13875
587 13875
2 13875
432 13875
26 13875
432 13875
590 13875
598 13875
2 13875
587 13875
6937 13875
432 13875
432 13875
432 13875
2334 2339
110 222
149 150
1160 1164
8 1164
10 1164
2331 2347
1173 2347
2328 2347
8 2347
631 633
383 384
3125 3126
7 3126
3 3126
3093 3126
111 3126
2 3126
112 3126
27 1078
2 1078
15 1078
266 267
1924 1926
262 526
810 812
842 858
114 5657
106 5657
5628 5657
123 5657
5627 5657
87 5657
117 5657
5639 5657
1041 1042
211 423
217 218
85 172
653 1307
510 1021
383 384
387 400
119 240
123 247
175 176
123 247
61 124
308 618
123 247
12 1708
18 1708
12 1708
18 1708
10 762
10 762
150 152
185 371
261 264
26 442
26 442
382 389
125 5642
43 5642
87 5642
87 5642
141 5642
140 5642
1 5642
415 416
111 223
85 86
540 543
701 1403
701 1403
339 679
2516 2517
86 87
344 689
335 336
44 89
76 153
701 1403
1961 1963
1962 1963
6 2002
6 2002
1990 2002
145 147
145 147
81 163
131 264
1535 1539
131 264
294 590
180 181
120 241
463 465
381 764
381 764
752 764
290 295
1 1652
23 1652
1961 1967
85 86
1108 1110
21 1183
19 1183
0 1183
875 876
388 389
40 1124
1123 1124
1012 1014
960 961
14 961
0 961
522 526
358 359
564 1130
254 257
1375 1386
420 842
520 1042
255 257
74 2403
36 2403
74 2403
52 106
187 375
308 617
269 270
134 270
338 340
163 327
189 380
513 518
15 587
3 587
383 384
211 424
131 264
349 699
19 1317
40 1317
40 1317
59 120
296 594
535 538
602 603
564 1130
171 344
119 240
1240 1241
60 122
851 855
948 1898
948 1898
948 1898
948 1898
381 384
8 17
456 914
775 777
81 163
72 4713
72 4713
0 4713
2356 4713
72 4713
72 4713
21 44
15 2150
15 2150
2097 2150
2101 2150
200 402
132 266
779 781
23 781
390 781
780 781
331 664
683 689
436 874
397 796
792 796
1450 1464
1459 1464
1462 1464
539 548
190 382
116 233
661 663
128 257
252 506
505 1012
255 257
623 626
370 371
390 782
1907 3816
118 3816
149 3816
148 3816
28 3816
1907 3816
28 3816
334 340
9 1347
673 1347
147 149
553 554
1 364
1 364
147 295
217 435
689 695
18 1247
18 1247
211 423
912 914
264 265
0 631
630 631
184 186
509 518
85 171
255 511
427 431
22 2308
10 2308
2302 2303
17 2303
2 145
131 145
1 145
233 467
258 518
404 405
158 318
421 423
161 324
385 389
207 8726
8723 8726
169 8726
8705 8726
215 8726
8723 8726
8453 8726
8715 8726
8623 8726
8166 8726
186 8726
186 8726
200 8726
418 422
53 108
454 456
1033 1036
7 1036
195 391
343 344
339 679
151 154
198 397
2894 3066
36 3066
3058 3066
8 1214
8 1214
797 1595
797 1595
381 764
456 457
367 368
375 376
104 209
104 209
32 1191
1 1191
585 592
376 378
70 141
388 389
444 446
131 264
524 526
1107 1110
6366 12734
98 12734
694 12734
669 12734
98 12734
98 12734
6366 12734
98 12734
3 12734
396 12734
98 12734
98 12734
396 12734
23 12734
396 12734
23 12734
396 12734
396 12734
202 203
44 89
650 653
293 295
834 841
440 441
191 384
875 876
1254 1264
631 1264
631 1264
201 404
1475 1483
1107 1110
294 590
294 590
131 264
53 107
692 1386
147 148
44 89
838 842
457 461
334 669
6 669
368 737
349 699
420 423
734 737
53 107
106 107
147 148
471 473
40 2629
40 2629
40 2629
40 2629
191 384
25 1589
27 1589
23 1589
56 113
2691 2696
2695 2696
0 2696
773 774
331 664
493 987
44 987
44 987
49 4344
60 4344
0 4344
46 4344
46 4344
58 4344
61 4344
110 222
312 626
1367 1376
0 1376
1365 1376
20 1376
557 558
677 680
4 680
232 234
88 177
88 177
382 384
220 441
220 441
187 376
43 1511
22 1511
7 522
7 522
84 169
734 737
331 664
239 479
2235 2238
2232 2238
57 2238
2231 2238
1069 1074
368 737
761 762
1258 2517
393 788
2295 2300
2295 2300
380 762
617 618
181 183
134 270
556 558
250 252
147 295
43 1913
43 1913
19 656
652 656
650 656
119 240
211 423
381 764
186 373
445 446
356 357
211 423
629 632
586 590
280 562
227 456
4 9
293 587
280 562
1006 1014
386 774
402 404
283 567
1404 1407
296 594
689 690
688 690
249 250
63 127
147 295
12 2725
2724 2725
10 2725
12 2725
11 2725
0 442
3 442
515 518
507 508
267 269
268 269
37 38
46 6094
22 6094
22 6094
0 6094
46 6094
684 1370
0 2737
41 2737
704 1409
262 526
232 465
169 339
2 960
479 960
380 382
147 295
201 404
429 431
1535 1536
307 615
843 844
153 308
503 504
557 560
1 730
1 730
763 764
1699 1701
119 240
141 283
595 596
195 392
2324 2339
1 2339
302 303
459 461
281 563
431 438
60 122
2 980
2 980
422 845
659 665
377 378
175 352
2 889
888 889
188 189
430 431
749 751
262 526
60 1955
60 1955
0 1955
60 1955
80 1955
60 1955
146 9453
146 9453
146 9453
146 9453
146 9453
164 9453
146 9453
146 9453
146 9453
146 9453
146 9453
146 9453
146 9453
146 9453
146 9453
27 3604
27 3604
27 3604
1801 3604
27 3604
99 2982
22 2982
94 2982
98 2982
97 2982
1128 1152
249 499
1 181
0 181
124 249
306 613
197 395
574 575
120 122
7 1114
17 1114
141 283
141 283
120 241
27 55
327 655
22 1887
22 1887
13 1887
495 7512
13 7512
468 7512
468 7512
468 7512
9 7512
468 7512
233 7512
233 7512
468 7512
7466 7512
489 7512
233 7512
7474 7512
3755 7512
325 328
311 623
52 106
81 82
303 305
97 196
75 151
219 439
163 328
1015 2031
0 4370
39 4370
1 4370
43 4370
40 4370
5 4370
41 4370
43 4370
339 340
356 360
267 269
411 413
443 887
1 187
1 187
266 534
1523 1539
721 726
128 257
100 202
22 764
22 764
471 473
8 729
7 729
728 729
86 174
296 593
325 326
140 282
29 59
21 2849
21 2849
21 2849
1424 2849
221 225
217 435
217 435
515 522
72 146
478 479
199 399
293 587
560 562
393 788
787 788
393 788
393 788
393 788
786 788
786 788
393 788
393 788
2 473
2 473
4 1528
11 1528
951 1904
951 1904
366 733
109 219
36 2417
2415 2417
296 594
593 594
296 594
3 620
3 620
2 476
2 476
404 405
1691 1695
45 91
45 91
1221 1223
0 1223
1222 1223
239 479
325 328
6 1879
6 1879
74 4834
74 4834
74 4834
156 4834
74 4834
74 4834
72 145
727 739
167 336
180 361
88 177
412 413
379 759
190 191
190 191
119 240
232 233
88 177
175 176
316 318
802 807
801 807
380 761
444 446
929 931
929 931
1069 1074
808 812
143 287
381 764
1042 1043
856 857
918 922
3 558
3 558
278 279
86 173
64 130
3 617
3 617
15 1707
853 1707
2137 4275
70 4275
69 4275
2137 4275
71 4275
22 1149
0 1149
16 1149
53 2971
0 2971
167 336
158 318
1001 1026
0 92
91 92
310 311
160 161
386 774
126 127
376 379
199 400
424 428
190 381
561 562
248 497
196 393
139 279
322 323
197 395
111 223
361 362
254 509
2433 2434
357 716
193 388
227 233
481 484
241 484
241 484
537 1075
537 1075
537 1075
537 1075
58 118
113 114
421 844
421 844
152 306
0 1742
29 1742
30 1742
220 441
327 655
758 764
254 509
1868 3737
0 3737
1 3737
67 3737
559 562
1090 2181
335 338
39 40
189 379
402 405
466 474
97 98
1140 1143
183 368
349 699
171 343
124 126
1640 1644
24 1644
0 767
5 767
383 767
9 20
154 310
176 354
30 61
296 297
363 727
393 395
808 1618
231 233
190 381
472 473
108 217
150 152
383 768
85 171
560 567
150 301
459 461
393 788
0 788
393 788
393 788
393 788
786 788
786 788
393 788
393 788
404 405
651 653
69 139
161 324
971 973
692 1386
631 633
663 664
808 1618
197 395
294 295
171 344
114 230
1109 2219
384 385
263 527
962 1926
962 1926
547 548
918 919
693 699
469 472
325 327
820 821
5 821
5 821
524 526
565 567
14 1012
14 1012
14 1012
280 562
369 739
257 266
113 227
239 241
317 635
389 391
172 177
203 407
217 435
267 535
263 527
185 371
185 371
119 240
55 57
148 297
130 262
180 361
655 1312
81 84
284 287
507 509
292 585
295 592
405 812
1169 2339
144 290
947 948
946 948
446 448
486 973
179 360
388 389
822 1646
62 2101
15 2101
0 2101
15 2101
874 876
235 472
132 265
776 777
250 502
68 137
104 209
35 144
182 183
367 370
67 135
119 120
959 962
360 721
56 114
3217 3218
1745 1747
230 231
554 1110
76 153
289 290
198 397
162 325
159 319
190 382
91 5267
9 5267
81 5267
113 5267
81 5267
81 5267
109 5267
81 5267
81 5267
81 5267
81 5267
91 5267
2 5267
81 5267
3 1034
3 1034
3 2191
3 2191
123 247
123 247
707 1416
513 1027
318 319
1041 1042
191 384
81 163
126 127
483 484
449 900
543 544
132 265
367 368
928 930
8 2416
8 2416
8 2416
915 919
406 407
381 382
244 247
231 233
591 1183
591 1183
591 1183
1183 1185
380 382
338 340
16 3763
0 3763
88 177
238 477
70 141
120 242
0 295
3 295
197 395
307 615
307 308
1693 1695
255 511
225 227
254 257
2336 2339
197 395
179 359
380 761
248 257
175 176
167 336
194 195
363 365
119 240
229 230
97 196
168 338
16 1116
1107 1116
1121 1124
299 300
1610 1623
452 906
28 57
187 188
528 1057
232 233
360 721
158 318
367 735
349 699
444 446
305 310
82 165
232 465
1125 1130
339 679
195 392
173 348
948 1898
948 1898
468 472
28 950
28 950
28 950
95 191
1691 1695
323 324
281 282
850 861
847 1695
179 360
479 960
193 388
1674 1701
452 453
43 453
246 247
457 461
292 295
1037 1042
274 549
159 319
1105 1110
2516 2517
863 866
0 866
70 141
386 387
23 48
27 1791
13 1791
509 511
273 275
142 286
211 423
190 191
474 950
254 509
430 861
10 364
10 364
377 378
3646 3651
362 364
0 364
297 298
339 679
653 654
176 177
603 605
195 392
195 392
564 569
21 43
206 414
271 272
321 327
2039 2050
2040 2050
2049 2050
616 617
926 927
3 1268
1266 1268
633 1268
706 1413
78 157
158 317
394 790
394 790
811 812
538 1077
291 584
280 562
679 1360
847 1695
202 405
293 587
63 127
0 1592
11 1592
10 1719
1718 1719
10 1719
16 548
16 548
97 195
351 352
1042 1043
41 2703
41 2703
41 2703
41 2703
582 1165
393 395
1320 1323
1319 1323
1322 1323
19 1323
1321 1323
117 118
164 165
331 663
225 451
1523 1536
22 1526
22 1526
22 1526
57 116
163 327
586 587
69 139
324 325
643 1288
57 116
119 240
108 217
355 712
692 1386
2334 2339
2516 2517
190 381
141 284
91 183
147 295
1258 2517
1169 2339
232 465
123 247
2507 2517
54 55
279 281
246 247
679 1360
460 461
1880 3761
588 590
593 594
188 378
1526 1539
53 108
2168 4338
775 1552
151 152
644 646
305 306
636 657
636 657
520 1042
210 421
1035 1042
110 222
1031 1034
134 270
1101 1104
484 486
498 502
55 57
407 816
2362 2365
536 1074
93 187
1 2236
47 2236
46 2236
2 2236
202 405
1108 1110
248 497
110 222
119 120
149 151
1391 1392
229 230
42 86
77 78
1169 2339
4 9
1019 1021
317 318
305 308
278 279
759 762
87 88
360 721
1010 1027
499 500
87 89
42 86
79 159
732 733
722 725
275 276
495 497
1128 1130
455 456
652 654
776 777
52 53
169 340
237 475
70 142
346 694
40 41
88 90
293 588
583 588
586 588
212 214
33 67
585 588
163 327
170 342
587 588
96 193
80 161
44 90
293 588
40 41
321 322
715 718
70 142
562 567
587 588
56 113
119 120
587 588
562 567
293 588
586 588
241 483
293 588
108 218
293 588
140 282
140 282
293 588
108 218
325 327
11 24
272 274
7 274
213 214
141 142
44 90
44 90
227 228
283 567
228 229
283 567
338 343
113 228
163 327
21 43
192 386
346 694
113 228
463 475
587 588
237 475
472 946
473 475
565 567
455 457
163 327
241 483
338 343
115 116
474 475
113 228
341 342
163 327
279 560
114 229
98 99
293 588
21 43
21 43
165 168
139 141
482 483
7 16
293 588
192 386
166 334
293 588
293 588
293 588
293 588
89 90
293 588
135 271
293 588
192 386
33 67
279 560
170 342
439 454
585 588
586 588
210 211
346 694
346 694
113 228
163 327
586 588
375 752
52 53
228 229
293 588
20 41
373 374
333 334
583 588
237 475
54 110
114 229
57 58
586 588
70 142
76 153
332 334
115 116
58 118
293 588
192 386
163 327
70 142
113 228
77 156
587 588
586 588
326 327
171 343
76 153
237 475
587 588
98 99
583 588
586 588
286 574
346 694
89 90
346 694
27 56
279 560
340 342
160 322
751 752
293 588
324 327
192 193
439 454
170 342
66 67
163 327
583 588
114 229
170 342
66 67
1336 2673
210 211
241 483
325 327
226 228
32 33
480 962
1535 1539
124 125
59 120
39 80
407 816
553 554
87 176
404 406
65 66
471 473
975 977
843 844
289 290
498 502
43 88
137 275
73 147
514 515
1204 1205
701 1403
1694 1695
604 605
577 605
673 1347
673 1347
1515 1516
294 295
472 473
58 59
1009 1021
393 788
113 228
1108 1110
87 88
766 768
475 476
168 337
337 340
1688 1695
126 127
306 308
188 378
120 241
225 452
141 284
13 1900
13 1900
23 3101
24 3101
5 6
108 218
658 664
157 158
422 423
475 951
6 951
620 623
398 399
788 1577
277 278
212 214
66 2150
66 2150
144 145
402 404
536 1074
333 336
180 362
296 594
107 216
437 439
263 527
1369 1386
319 639
380 762
624 625
622 625
362 725
197 395
517 1036
520 1042
391 393
1538 1539
183 368
1537 1539
58 117
602 632
520 1042
258 518
564 567
451 452
1066 1071
346 347
151 303
119 120
134 270
33 2237
33 2237
33 2237
33 2237
33 2237
232 233
775 1552
407 409
14 1230
614 1230
850 853
399 400
125 126
444 446
428 857
972 973
1 274
0 274
1694 3390
1694 3390
1694 3390
1694 3390
583 584
444 890
623 626
107 216
672 1346
246 247
143 287
39 79
192 196
95 191
228 7353
13 7353
228 7353
228 7353
408 7353
113 7353
113 7353
431 7353
427 7353
3676 7353
13 7353
228 7353
228 7353
228 7353
429 7353
228 7353
136 141
0 2466
45 2466
44 2466
1 2466
1454 1456
164 10604
164 10604
1 10604
164 10604
330 10604
164 10604
164 10604
330 10604
330 10604
330 10604
330 10604
330 10604
164 10604
330 10604
164 10604
330 10604
0 1655
35 1655
406 407
26 1162
24 1162
8 1162
25 1162
239 479
311 623
86 87
561 564
195 391
147 295
589 590
507 508
847 1695
23 47
393 788
2 788
393 788
393 788
393 788
2 788
2 788
393 788
393 788
229 230
369 739
435 436
847 1695
123 247
312 626
283 567
57 115
23 48
342 344
682 684
381 764
577 582
1067 1072
16 1862
13 1862
184 369
437 876
623 625
232 233
6 937
2 937
2 937
229 230
420 421
271 272
108 218
811 812
412 826
917 919
878 887
535 1072
1169 2339
13 958
6 958
1619 1623
70 141
395 792
807 811
1 2330
2 2330
245 247
486 974
59 120
181 182
422 423
1955 1967
14 30
191 384
274 549
576 1153
496 497
186 188
248 498
156 157
3 157
2336 2339
948 950
55 57
133 135
236 473
961 962
223 448
162 163
413 414
8 1161
8 1161
8 1161
116 117
95 96
701 1403
1343 1346
138 139
1092 1110
471 473
158 318
158 318
698 700
161 162
1966 1967
769 1539
1537 1539
52 106
43 5662
43 5662
21 5662
43 5662
21 5662
1534 1536
1529 1536
623 625
19 2565
31 2565
4 2565
31 2565
19 2565
19 2565
873 1747
377 384
91 183
28 1249
624 1249
43 87
811 812
372 746
3 2128
3 2128
51 2128
471 473
65 67
122 124
88 178
760 764
189 379
2395 2396
2394 2396
2386 2396
1 890
889 890
888 890
37 38
1 2407
1203 2407
1203 2407
3 2407
734 735
3 581
3 581
2 385
2 385
307 615
138 139
640 641
223 448
15 1064
15 1064
2216 2225
44 89
939 941
88 89
1415 1419
225 452
39 80
276 554
88 89
1283 1294
19 1294
190 381
120 1948
120 1948
120 1948
120 1948
958 962
223 448
351 352
135 137
591 594
12 1708
0 1708
143 287
12 25
813 816
625 626
89 90
2324 2339
767 1536
231 233
68 69
318 319
785 796
445 446
525 527
70 142
368 369
150 153
588 590
192 385
206 413
444 446
17 2395
17 2395
397 404
295 592
7 2163
27 2163
15 2163
27 55
182 191
0 2423
17 2423
17 2423
338 344
97 196
451 452
701 1403
2 1205
1 1205
1010 1014
293 294
447 448
42 86
197 395
421 844
421 844
151 303
1349 1360
808 812
53 107
280 562
239 479
233 467
0 1733
43 1733
1732 1733
39 80
369 739
222 446
123 247
387 389
713 733
107 215
294 295
215 431
173 175
128 130
93 187
67 135
141 284
185 371
164 330
5 1724
12 1724
5 1724
274 549
459 919
569 1139
0 896
8 896
218 437
51 103
263 264
130 261
261 264
323 648
788 1577
14 1501
17 1501
4 1501
308 617
1611 1618
142 285
251 504
57 115
47 48
243 247
734 737
222 223
507 509
308 311
296 594
238 477
344 345
366 733
394 789
785 789
302 605
1744 1747
346 347
755 1511
755 1511
180 362
146 147
153 307
137 139
134 139
380 382
882 1766
393 788
2 788
393 788
393 788
393 788
2 788
2 788
393 788
393 788
20 694
20 694
306 307
86 174
185 371
538 1077
535 537
88 178
102 103
144 290
1579 3159
48 3159
1579 3159
1297 1331
24 50
357 716
506 508
28 1909
28 1909
28 1909
1617 1618
808 1618
383 384
383 384
101 102
93 94
583 585
464 474
267 535
130 261
294 295
84 169
147 148
91 183
870 876
366 733
26 1787
26 1787
893 1787
308 617
776 1553
12 1553
251 504
171 343
315 632
126 127
251 504
541 1083
64 65
571 1144
88 178
85 172
119 240
215 431
459 919
497 498
1617 1618
737 1475
183 368
12 26
6 1965
14 1965
14 1965
6 1965
14 1965
14 1965
62 125
174 175
27 55
377 379
227 229
226 229
229 230
1033 1042
343 344
322 323
372 746
437 876
478 479
202 406
499 504
85 171
574 575
763 764
1872 1913
1862 1913
528 1057
267 269
172 173
171 344
771 772
241 242
1693 1695
847 1695
190 382
757 764
87 175
46 94
405 811
393 394
1285 1287
175 176
69 139
154 310
179 360
114 230
405 811
380 381
16 1129
7 1129
16 1129
637 638
1070 1071
1401 1410
21 1410
1408 1410
809 811
248 497
18 37
283 285
302 305
127 256
179 360
116 233
618 623
530 1061
259 260
451 452
560 563
591 592
71 144
163 327
614 617
335 337
359 362
2987 5976
92 5976
92 5976
185 5976
185 5976
1 5976
92 5976
1 5976
185 5976
537 1075
189 379
330 661
80 162
2513 2517
427 431
49 100
1378 1386
424 850
509 511
202 405
1101 1102
0 1102
369 370
97 196
180 361
420 841
692 698
123 124
289 290
108 218
435 439
114 229
347 349
88 89
354 360
166 333
166 333
523 526
60 122
205 412
97 196
436 874
246 247
894 896
1 338
1 338
70 142
889 1779
889 1779
889 1779
889 1779
618 1238
437 876
27 1853
27 1853
27 1853
295 592
555 564
86 173
1538 1539
156 158
806 812
582 584
326 328
130 262
812 816
49 99
397 796
201 404
145 146
172 345
231 464
113 228
136 274
459 919
498 502
1107 1110
60 122
445 446
258 518
140 141
583 585
558 561
2802 2808
1355 1357
707 1416
101 204
49 100
281 563
281 564
471 473
554 1110
338 339
163 327
307 308
147 295
293 587
767 777
557 558
74 149
104 209
277 279
960 962
1547 3095
1547 3095
1547 3095
24 1617
5 1617
36 1617
36 1617
316 318
326 327
1 1767
54 1767
58 1767
0 1767
119 240
535 1071
519 522
808 1618
0 465
232 465
464 465
