16 384
7 375
21 392
8 576
11 576
745 776
37 776
24 511
8 2287
15 2287
8 745
1 745
41 914
11 338
6 448
1 691
3 691
1 183
25 914
22 1155
33 1155
1088 1155
3 1155
5 1155
9 1370
18 1623
159 7389
163 7389
123 7389
78 7389
82 7389
128 7389
111 7389
89 7389
245 7389
186 7389
91 7389
11 2339
4 615
46 1288
4 176
18 1265
3 1265
11 1265
129 150
1 79
27 1983
19 1983
5 1983
3 1983
7 269
387 397
42 1208
44 1208
26 1208
1391 1474
13 240
6 448
10 558
3 1113
1 1113
71 79
8 305
365 400
4 388
10 590
7 1483
1 152
1 152
4 796
1534 1536
1 805
19 276
311 328
37 1267
34 1267
38 1267
10 1267
41 1267
504 522
190 198
3 1013
1 1013
149 152
9 1303
7 1008
13 1008
3 327
3 562
10 737
9 737
5 264
170 175
38 44
0 89
10 1913
8 1913
10 1539
25 973
28 855
274 301
75 7645
412 7645
318 7645
149 7645
63 7645
251 7645
395 7645
243 7645
275 7645
194 7645
153 7645
160 7645
215 7645
239 7645
96 7645
204 7645
293 7645
117 7645
129 7645
157 7645
9114 9306
51 9306
168 9306
442 9306
225 9306
249 9306
170 9306
577 9306
113 9306
626 9306
129 9306
290 9306
172 9306
523 9306
267 9306
471 9306
362 9306
128 9306
154 3760
134 3760
156 3760
197 3760
168 3760
110 3760
148 3760
182 3760
24 689
5 295
31 1454
29 1454
26 1454
22 1454
3 626
0 203
0 405
8 794
7 794
1 844
635 657
2 1110
131 150
1 1071
0 812
1 812
0 422
13 896
5 395
14 2339
0 135
8 324
2 721
78 79
1 204
1 811
1 368
7 380
0 380
1 384
141 152
92 98
9 68
2 446
6 777
30 777
8 884
16 884
27 1514
847 876
321 348
0 169
23 663
20 663
14 303
12 240
3 441
1405 1474
0 733
8 1077
2 404
0 973
1 138
19 1618
3 567
22 876
1 176
15 2150
45 2150
15 876
7 311
16 1597
6 1597
15 1597
11 1597
26 618
4 98
2 184
29 776
31 776
4 497
55 57
20 392
18 670
20 670
367 392
11 511
9 247
0 876
322 344
12 965
1538 1539
1 509
5 215
8 176
4 215
5 215
41 1386
1 283
5 764
3 465
1 792
163 10782
220 10782
165 10782
78 10782
144 10782
489 10782
243 10782
142 10782
147 10782
121 10782
266 10782
600 10782
191 10782
327 10782
270 10782
139 10782
305 10782
113 10782
322 10782
173 10782
95 10782
131 10782
281 10782
259 10782
266 10782
199 10782
1 224
17 767
11 144
507 540
12 2510
5 2510
253 269
4 269
3 1269
1 1269
2 919
4 782
3 448
0 931
1 931
2 247
3 89
36 2038
5 2038
8 2038
1 446
26 737
17 1898
13 1898
558 584
22 1360
20 2257
3 2257
16 1695
91 2339
10 1072
2 746
6 746
0 2150
20 2150
41 3410
2 3410
43 3410
5 746
7 2150
26 2150
11 764
5 746
1 456
575 590
23 2449
56 2449
161 191
4 777
1 266
6 1027
907 976
930 976
9 3000
35 3000
28 3000
57 3000
49 3000
33 3000
3 202
2 456
6 777
8 381
0 295
3 186
438 441
1 94
61 68
5 287
9 240
70 142
13 240
19 655
6 1197
12 2831
9 2831
2 2831
3 2831
4 1331
25 4210
33 4210
155 4210
46 4210
52 4210
147 4210
115 4210
18 4210
116 4210
167 4210
174 4210
6 20
4 209
7 677
1 677
5 1547
7 1547
19 888
24 888
3 344
7 413
6 1012
16 1012
17 1012
6 269
10 467
3 504
1109 1110
4 585
12 2128
14 2128
16 2128
8 960
9 1483
19 1536
7 1536
20 1110
18 1069
20 1069
27 1069
8 1014
18 811
12 1110
25 423
1 93
5 183
2 384
4 724
10 2375
8 2375
20 2375
1 178
770 788
2 788
7 788
4 788
778 788
1 788
0 788
769 788
3 788
1 203
217 226
22 4949
25 4949
32 4949
61 4949
104 4949
13 4949
15 4949
2 120
65 2150
28 2150
26 2150
3 653
15 689
11 2955
4 2955
20 2955
6 2955
26 2955
10 2955
43 2955
10 1695
0 439
0 439
215 225
4 2163
5 2163
148 13875
170 13875
77 13875
61 13875
82 13875
140 13875
141 13875
174 13875
139 13875
180 13875
13647 13875
318 13875
236 13875
275 13875
26 2339
3 222
2 150
8 1164
2 1164
0 1164
0 2347
3 2347
1 2347
2 2347
1 633
8 384
43 3126
34 3126
49 3126
30 3126
13 3126
37 3126
35 3126
10 1078
12 1078
3 1078
248 267
19 1926
517 526
14 812
13 858
12 5657
16 5657
33 5657
7 5657
18 5657
0 5657
27 5657
5553 5657
34 1042
15 423
4 218
158 172
23 1307
945 1021
13 384
20 400
237 240
222 247
5 176
5 247
7 124
592 618
5 247
10 1708
6 1708
3 1708
4 1708
12 762
7 762
1 152
9 371
7 264
20 442
26 442
2 389
59 5642
37 5642
23 5642
5254 5642
44 5642
46 5642
78 5642
4 416
215 223
82 86
27 543
11 1403
12 1403
13 679
8 2517
1 87
5 689
10 336
3 89
6 153
1358 1403
15 1963
23 1963
5 2002
2 2002
31 2002
141 147
10 147
3 163
263 264
1487 1539
261 264
16 590
0 181
211 241
0 465
49 764
39 764
12 764
5 295
6 1652
8 1652
4 1967
3 86
0 1110
5 1183
3 1183
4 1183
3 876
2 389
11 1124
5 1124
7 1014
16 961
10 961
0 961
3 526
1 359
996 1130
1 257
1314 1386
817 842
1040 1042
1 257
35 2403
32 2403
28 2403
1 106
7 375
11 617
25 270
25 270
11 340
3 327
0 380
8 518
7 587
5 587
6 384
1 424
7 264
15 699
18 1317
31 1317
12 1317
6 120
18 594
1 538
0 603
4 1130
2 344
11 240
1 1241
7 122
13 855
16 1898
18 1898
13 1898
10 1898
374 384
15 17
884 914
1 777
154 163
60 4713
70 4713
49 4713
255 4713
54 4713
61 4713
1 44
25 2150
24 2150
18 2150
1 2150
13 402
3 266
4 781
9 781
0 781
7 781
18 664
27 689
6 874
20 796
753 796
94 1464
29 1464
42 1464
4 548
345 382
228 233
2 663
9 257
492 506
10 1012
6 257
6 626
4 371
12 782
45 3816
69 3816
31 3816
30 3816
34 3816
66 3816
41 3816
9 340
13 1347
6 1347
1 149
7 554
5 364
7 364
274 295
413 435
15 695
2 1247
1 1247
8 423
9 914
5 265
7 631
10 631
4 186
6 518
169 171
497 511
16 431
3 2308
10 2308
8 2303
15 2303
8 145
14 145
3 145
12 467
29 518
2 405
17 318
10 423
7 324
6 389
44 8726
151 8726
154 8726
112 8726
258 8726
172 8726
336 8726
164 8726
320 8726
249 8726
37 8726
132 8726
42 8726
0 422
1 108
1 456
0 1036
1 1036
372 391
2 344
12 679
2 154
198 397
14 3066
18 3066
104 3066
4 1214
5 1214
16 1595
15 1595
716 764
0 457
0 368
0 376
9 209
7 209
1 1191
0 1191
42 592
14 378
140 141
4 389
439 446
247 264
8 526
19 1110
12711 12734
329 12734
405 12734
167 12734
412 12734
454 12734
12618 12734
376 12734
268 12734
434 12734
125 12734
125 12734
248 12734
204 12734
314 12734
416 12734
141 12734
289 12734
9 203
77 89
0 653
283 295
0 841
0 441
364 384
3 876
57 1264
1199 1264
36 1264
5 404
0 1483
0 1110
541 590
40 590
4 264
0 107
52 1386
0 148
87 89
12 842
37 461
1 669
3 669
9 737
680 699
12 423
8 737
3 107
0 107
8 148
0 473
33 2629
78 2629
29 2629
38 2629
366 384
8 1589
5 1589
6 1589
2 113
7 2696
9 2696
5 2696
1 774
31 664
941 987
15 987
25 987
24 4344
12 4344
8 4344
39 4344
19 4344
9 4344
6 4344
3 222
591 626
18 1376
0 1376
4 1376
12 1376
12 558
5 680
11 680
2 234
1 177
169 177
14 384
16 441
40 441
5 376
23 1511
26 1511
8 522
10 522
0 169
6 737
35 664
9 479
26 2238
84 2238
55 2238
12 2238
30 1074
687 737
3 762
2492 2517
759 788
38 2300
24 2300
4 762
10 618
1 183
26 270
9 558
241 252
5 295
12 1913
28 1913
24 656
7 656
20 656
13 240
1 423
15 764
364 373
3 446
0 357
7 423
0 632
9 590
9 562
440 456
0 9
293 587
11 562
9 1014
0 774
1 404
0 567
11 1407
3 594
0 690
1 690
4 250
1 127
294 295
3 2725
4 2725
5 2725
2 2725
6 2725
0 442
2 442
19 518
1 508
0 269
1 269
0 38
16 6094
15 6094
13 6094
5 6094
6 6094
5 1370
30 2737
18 2737
1344 1409
496 526
428 465
4 339
6 960
2 960
3 382
3 295
4 404
1 431
1 1536
4 615
0 844
0 308
7 504
5 560
1 730
0 730
2 764
0 1701
239 240
9 283
20 596
387 392
13 2339
8 2339
1 303
0 461
30 563
2 438
2 122
0 980
1 980
810 845
6 665
6 378
1 352
8 889
2 889
3 189
0 431
2 751
2 526
45 1955
34 1955
44 1955
37 1955
23 1955
46 1955
19 9453
23 9453
22 9453
57 9453
63 9453
28 9453
47 9453
38 9453
34 9453
25 9453
29 9453
26 9453
49 9453
21 9453
64 9453
18 3604
9 3604
10 3604
1801 3604
15 3604
18 2982
42 2982
40 2982
27 2982
24 2982
12 1152
8 499
1 181
0 181
246 249
586 613
372 395
4 575
1 122
2 1114
7 1114
278 283
141 283
0 241
54 55
4 655
6 1887
9 1887
2 1887
267 7512
215 7512
260 7512
156 7512
79 7512
175 7512
322 7512
351 7512
369 7512
341 7512
204 7512
373 7512
192 7512
321 7512
429 7512
5 328
1 623
0 106
2 82
8 305
173 196
139 151
2 439
1 328
4 2031
7 4370
12 4370
9 4370
4 4370
5 4370
11 4370
6 4370
13 4370
0 340
0 360
3 269
1 413
10 887
1 187
0 187
6 534
35 1539
4 726
246 257
8 202
10 764
13 764
1 473
4 729
7 729
8 729
2 174
567 593
3 326
2 282
56 59
26 2849
30 2849
37 2849
15 2849
14 225
398 435
3 435
1 522
135 146
22 479
4 399
3 587
4 562
753 788
5 788
749 788
750 788
751 788
1 788
0 788
751 788
745 788
1 473
2 473
3 1528
1 1528
4 1904
3 1904
4 733
7 219
71 2417
115 2417
511 594
499 594
531 594
5 620
4 620
3 476
1 476
3 405
1684 1695
84 91
82 91
2 1223
0 1223
7 1223
11 479
2 328
4 1879
5 1879
96 4834
64 4834
82 4834
88 4834
24 4834
85 4834
1 145
16 739
329 336
8 361
7 177
2 413
746 759
2 191
1 191
218 240
6 233
3 177
0 176
4 318
5 807
3 807
7 761
1 446
0 931
2 931
17 1074
20 812
284 287
8 764
10 1043
7 857
2 922
7 558
4 558
0 279
147 173
3 130
2 617
1 617
6 1707
9 1707
22 4275
16 4275
18 4275
25 4275
21 4275
0 1149
1 1149
5 1149
15 2971
16 2971
9 336
317 318
5 1026
2 92
3 92
1 311
0 161
3 774
7 127
10 379
0 400
4 428
365 381
9 562
480 497
9 393
2 279
10 323
361 395
1 223
7 362
469 509
8 2434
11 716
4 388
17 233
1 484
3 484
4 484
15 1075
16 1075
13 1075
16 1075
112 118
0 114
832 844
26 844
1 306
9 1742
1 1742
0 1742
9 441
0 655
8 764
2 509
1868 3737
23 3737
14 3737
13 3737
4 562
1090 2181
5 338
4 40
0 379
10 405
2 474
6 98
4 1143
357 368
666 699
6 343
117 126
15 1644
21 1644
2 767
1 767
765 767
9 20
289 310
2 354
4 61
6 297
713 727
370 395
43 1618
1 233
378 381
1 473
210 217
1 152
697 768
0 171
0 567
0 301
0 461
754 788
10 788
744 788
740 788
755 788
1 788
0 788
758 788
737 788
2 405
7 653
2 139
0 324
3 973
13 1386
3 633
17 664
31 1618
15 395
2 295
9 344
9 230
1109 2219
1 385
5 527
39 1926
80 1926
5 548
0 919
11 699
419 472
6 327
3 821
4 821
5 821
2 526
1 567
10 1012
16 1012
18 1012
501 562
679 739
0 266
216 227
0 241
25 635
2 391
3 177
2 407
5 435
5 535
15 527
357 371
10 371
238 240
7 57
281 297
11 262
3 361
14 1312
0 84
6 287
9 509
5 585
5 592
24 812
2148 2339
7 290
0 948
1 948
2 448
23 973
2 360
3 389
11 1646
18 2101
21 2101
16 2101
13 2101
31 876
13 472
216 265
9 777
2 502
1 137
3 209
10 144
1 183
3 370
134 135
1 120
3 962
698 721
0 114
4 3218
8 1747
0 231
3 1110
0 153
1 290
3 397
10 325
4 319
18 382
3 5267
43 5267
34 5267
23 5267
29 5267
37 5267
25 5267
28 5267
38 5267
40 5267
31 5267
42 5267
21 5267
27 5267
1 1034
3 1034
6 2191
7 2191
2 247
3 247
5 1416
39 1027
0 319
0 1042
0 384
2 163
8 127
2 484
1 900
1 544
31 265
6 368
0 930
4 2416
1 2416
7 2416
4 919
5 407
0 382
1 247
4 233
5 1183
4 1183
9 1183
2 1185
1 382
2 340
4 3763
1 3763
161 177
473 477
1 141
19 242
4 295
3 295
13 395
20 615
1 308
2 1695
16 511
0 227
1 257
36 2339
8 395
1 359
16 761
11 257
1 176
13 336
1 195
2 365
12 240
2 230
5 196
6 338
22 1116
10 1116
3 1124
0 300
8 1623
24 906
0 57
11 188
0 1057
0 233
2 721
10 318
12 735
686 699
3 446
0 310
1 165
434 465
4 1130
670 679
4 392
4 348
16 1898
13 1898
0 472
32 950
48 950
26 950
11 191
2 1695
3 324
0 282
3 861
11 1695
9 360
29 960
3 388
10 1701
8 453
6 453
1 247
3 461
30 295
8 1042
2 549
290 319
3 1110
6 2517
2 866
1 866
121 141
1 387
45 48
4 1791
5 1791
5 511
0 275
7 286
0 423
2 191
4 950
34 509
0 861
5 364
6 364
3 378
2 3651
4 364
6 364
0 298
2 679
19 654
8 177
7 605
3 392
9 392
3 569
0 43
5 414
245 272
3 327
10 2050
8 2050
6 2050
1 617
6 927
6 1268
4 1268
5 1268
11 1413
156 157
9 317
740 790
775 790
21 812
4 1077
539 584
20 562
20 1360
5 1695
380 405
557 587
4 127
5 1592
3 1592
0 1719
5 1719
1 1719
13 548
10 548
185 195
1 352
0 1043
15 2703
14 2703
18 2703
13 2703
1078 1165
379 395
3 1323
16 1323
6 1323
24 1323
15 1323
0 118
0 165
11 663
8 451
19 1536
19 1526
8 1526
15 1526
1 116
305 327
18 587
3 139
4 325
0 1288
2 116
223 240
0 217
355 712
28 1386
2189 2339
3 2517
340 381
267 284
0 183
2 295
2515 2517
17 2339
22 465
3 247
4 2517
3 55
3 281
0 247
22 1360
2 461
134 3761
16 590
6 594
8 378
1444 1539
9 108
4087 4338
1419 1552
2 152
1 646
9 306
33 657
18 657
930 1042
399 421
6 1042
206 222
3 1034
0 270
2 1104
1 486
7 502
1 57
795 816
26 2365
25 1074
0 187
8 2236
10 2236
11 2236
2 2236
9 405
2 1110
491 497
5 222
0 120
1 151
0 1392
2 230
7 86
4 78
2155 2339
0 9
13 1021
1 318
2 308
0 279
0 762
3 88
687 721
3 1027
9 500
2 89
71 86
12 159
0 733
693 725
4 276
2 497
7 1130
1 456
2 654
2 777
0 53
0 340
444 475
133 142
7 694
4 41
2 90
573 588
8 588
5 588
4 214
2 67
2 588
1 327
9 342
2 588
182 193
0 161
86 90
18 588
6 41
10 322
2 718
2 142
14 567
6 588
111 113
1 120
20 588
3 567
7 588
38 588
23 483
27 588
1 218
537 588
281 282
265 282
584 588
215 218
4 327
0 24
4 274
7 274
6 214
1 142
5 90
44 90
2 228
2 567
2 229
558 567
9 343
225 228
2 327
1 43
18 386
689 694
207 228
12 475
14 588
433 475
24 946
2 475
0 567
1 457
6 327
11 483
8 343
1 116
1 475
8 228
4 342
321 327
541 560
3 229
0 99
8 588
7 43
7 43
0 168
11 141
2 483
14 16
17 588
4 386
308 334
3 588
4 588
20 588
3 588
0 90
582 588
10 271
12 588
11 386
4 67
549 560
336 342
17 454
11 588
10 588
2 211
34 694
6 694
206 228
5 327
21 588
22 752
2 53
1 229
27 588
6 41
3 374
4 334
1 588
40 475
106 110
0 229
1 58
25 588
2 142
7 153
8 334
3 116
107 118
21 588
362 386
5 327
3 142
227 228
149 156
3 588
6 588
1 327
22 343
7 153
420 475
7 588
8 99
3 588
6 588
528 574
8 694
4 90
16 694
0 56
555 560
326 342
288 322
6 752
11 588
16 327
2 193
10 454
2 342
1 67
11 327
19 588
5 229
1 342
66 67
33 2673
2 211
23 483
4 327
6 228
3 33
884 962
3 1539
0 125
0 120
5 80
2 816
0 554
1 176
4 406
0 66
0 473
0 977
1 844
0 290
9 502
2 88
11 275
3 147
5 515
1 1205
11 1403
5 1695
2 605
12 605
9 1347
13 1347
27 1516
0 295
1 473
0 59
5 1021
778 788
113 228
4 1110
1 88
3 768
4 476
16 337
0 340
35 1695
4 127
0 308
5 378
0 241
0 452
1 284
3 1900
0 1900
5 3101
0 3101
0 6
4 218
22 664
1 158
0 423
9 951
26 951
0 623
1 399
19 1577
0 278
4 214
5 2150
3 2150
1 145
0 404
0 1074
12 336
2 362
2 594
0 216
0 439
3 527
8 1386
8 639
37 762
2 625
3 625
0 725
5 395
1 1036
15 1042
1 393
6 1539
3 368
8 1539
109 117
35 632
15 1042
12 518
1 567
5 452
1 1071
0 347
3 303
0 120
27 270
11 2237
55 2237
23 2237
4 2237
18 2237
1 233
81 1552
0 409
1 1230
0 1230
23 853
0 400
0 126
9 446
26 857
0 973
1 274
2 274
9 3390
25 3390
11 3390
6 3390
0 584
28 890
1 626
215 216
1 1346
0 247
283 287
77 79
0 196
165 191
204 7353
184 7353
70 7353
7285 7353
87 7353
0 7353
210 7353
169 7353
175 7353
7220 7353
123 7353
110 7353
191 7353
167 7353
98 7353
61 7353
4 141
8 2466
10 2466
12 2466
11 2466
0 1456
141 10604
86 10604
193 10604
27 10604
40 10604
210 10604
84 10604
101 10604
171 10604
164 10604
23 10604
60 10604
113 10604
85 10604
104 10604
106 10604
15 1655
11 1655
0 407
5 1162
7 1162
6 1162
4 1162
3 479
29 623
0 87
5 564
10 391
0 295
1 590
1 508
1631 1695
44 47
739 788
22 788
23 788
738 788
21 788
3 788
2 788
736 788
745 788
2 230
0 739
4 436
26 1695
0 247
7 626
9 567
6 115
42 48
6 344
2 684
40 764
1 582
14 1072
5 1862
6 1862
11 369
818 876
3 625
1 233
3 937
4 937
7 937
0 230
1 421
5 272
5 218
1 812
9 826
3 919
1 887
1 1072
85 2339
9 958
8 958
14 1623
132 141
3 792
3 811
2 2330
3 2330
12 247
34 974
109 120
0 182
0 423
2 1967
0 30
9 384
2 549
34 1153
0 497
1 188
7 498
7 157
4 157
10 2339
6 950
3 57
0 135
23 473
0 962
4 448
0 163
4 414
5 1161
3 1161
4 1161
0 117
1 96
20 1403
1 1346
1 139
42 1110
4 473
0 318
3 318
1 700
2 162
0 1967
5 1539
6 1539
0 106
8 5662
10 5662
5 5662
7 5662
6 5662
8 1536
1458 1536
11 625
19 2565
16 2565
18 2565
10 2565
20 2565
12 2565
1663 1747
9 384
5 183
12 1249
9 1249
0 87
15 812
4 746
5 2128
0 2128
4 2128
1 473
0 67
5 124
1 178
0 764
1 379
3 2396
0 2396
1 2396
20 890
22 890
21 890
0 38
4 2407
6 2407
0 2407
10 2407
3 735
1 581
0 581
2 385
1 385
18 615
1 139
8 641
8 448
2 1064
11 1064
6 2225
3 89
2 941
0 89
0 1419
430 452
2 80
10 554
1 89
7 1294
24 1294
4 381
72 1948
116 1948
66 1948
79 1948
1 962
1 448
1 352
0 137
2 594
3 1708
0 1708
245 287
0 25
11 816
1 626
0 90
83 2339
0 1536
5 233
2 69
7 319
5 796
0 446
1 527
0 142
1 369
2 153
8 590
5 385
29 413
0 446
2 2395
3 2395
4 404
295 592
29 2163
39 2163
93 2163
2 55
30 191
6 2423
3 2423
13 2423
3 344
168 196
5 452
26 1403
0 1205
1 1205
0 1014
1 294
2 448
79 86
6 395
25 844
0 844
4 303
5 1360
1 812
0 107
0 562
7 479
11 467
75 1733
39 1733
33 1733
3 80
0 739
0 446
123 247
0 389
0 733
204 215
5 295
18 431
0 175
5 130
6 187
8 135
1 284
2 371
4 330
6 1724
4 1724
5 1724
15 549
11 919
1134 1139
0 896
2 896
13 437
0 103
10 264
249 261
1 264
3 648
44 1577
0 1501
3 1501
1 1501
565 617
20 1618
1 285
6 504
3 115
1 48
0 247
1 737
0 223
0 509
0 311
54 594
443 477
0 345
1 733
6 789
5 789
0 605
8 1747
1 347
24 1511
23 1511
0 362
17 147
0 307
15 139
22 139
1 382
1759 1766
731 788
3 788
4 788
2 788
762 788
0 788
1 788
776 788
5 788
15 694
0 694
10 307
163 174
3 371
3 1077
0 537
8 178
0 103
3 290
16 3159
18 3159
10 3159
12 1331
24 50
0 716
1 508
26 1909
62 1909
31 1909
1 1618
18 1618
2 384
6 384
0 102
1 94
2 585
7 474
525 535
0 261
273 295
0 169
5 148
4 183
10 876
1 733
18 1787
23 1787
12 1787
6 617
0 1553
2 1553
6 504
4 343
1 632
2 127
15 504
14 1083
1 65
13 1144
0 178
7 172
11 240
12 431
902 919
0 498
1 1618
1464 1475
5 368
3 26
9 1965
8 1965
5 1965
1 1965
7 1965
6 1965
16 125
0 175
1 55
2 379
1 229
6 229
0 230
4 1042
3 344
7 323
4 746
23 876
10 479
404 406
3 504
5 171
2 575
12 764
9 1913
3 1913
3 1057
4 269
1 173
11 344
0 772
8 242
6 1695
12 1695
3 382
4 764
0 175
0 94
0 811
0 394
0 1287
0 176
7 139
0 310
1 360
3 230
3 811
5 381
5 1129
13 1129
4 1129
1 638
1022 1071
22 1410
36 1410
27 1410
0 811
0 497
32 37
1 285
1 305
3 256
1 360
232 233
6 623
0 1061
3 260
0 452
1 563
40 592
3 144
301 327
0 617
311 337
8 362
5876 5976
69 5976
109 5976
132 5976
93 5976
129 5976
152 5976
87 5976
70 5976
1004 1075
1 379
8 661
2 162
1 2517
22 431
6 100
0 1386
5 850
3 511
2 405
2 1102
0 1102
1 370
3 196
1 361
14 841
21 698
0 124
0 290
216 218
0 439
211 229
0 349
3 89
0 360
322 333
330 333
6 526
105 122
0 412
172 196
8 874
0 247
5 896
1 338
2 338
2 142
88 1779
100 1779
38 1779
1768 1779
2 1238
16 876
11 1853
16 1853
6 1853
8 592
4 564
153 173
6 1539
0 158
5 812
3 584
0 328
248 262
4 816
1 99
5 796
6 404
5 146
327 345
6 464
221 228
4 274
459 919
9 502
0 1110
2 122
6 446
6 518
0 141
9 585
25 561
2 2808
1 1357
75 1416
1 204
5 100
281 563
0 564
0 473
18 1110
10 339
163 327
1 308
21 295
1 587
0 777
10 558
2 149
193 209
0 279
19 962
11 3095
10 3095
9 3095
15 1617
0 1617
11 1617
7 1617
2 318
4 327
3 1767
10 1767
12 1767
4 1767
230 240
0 1071
6 522
0 1618
1 465
0 465
1 465
