16 384
7 375
22 392
6 576
10 576
751 776
37 776
24 511
9 2287
17 2287
9 745
1 745
846 914
12 338
6 448
1 691
3 691
1 183
30 914
25 1155
34 1155
1097 1155
3 1155
5 1155
20 1370
17 1623
173 7389
170 7389
120 7389
84 7389
70 7389
125 7389
122 7389
74 7389
272 7389
189 7389
93 7389
14 2339
4 615
1198 1288
5 176
19 1265
3 1265
11 1265
8 150
1 79
32 1983
17 1983
7 1983
4 1983
5 269
367 397
46 1208
50 1208
27 1208
1421 1474
13 240
11 448
11 558
3 1113
1 1113
71 79
6 305
371 400
4 388
11 590
7 1483
4 152
1 152
5 796
1534 1536
4 805
255 276
327 328
40 1267
36 1267
42 1267
10 1267
38 1267
515 522
186 198
3 1013
1 1013
149 152
10 1303
7 1008
12 1008
2 327
3 562
10 737
12 737
5 264
172 175
39 44
0 89
9 1913
8 1913
11 1539
32 973
33 855
277 301
84 7645
353 7645
343 7645
185 7645
72 7645
308 7645
409 7645
295 7645
326 7645
233 7645
195 7645
209 7645
249 7645
266 7645
125 7645
239 7645
283 7645
135 7645
157 7645
170 7645
9249 9306
54 9306
216 9306
489 9306
384 9306
280 9306
265 9306
661 9306
144 9306
714 9306
175 9306
405 9306
296 9306
581 9306
377 9306
470 9306
392 9306
108 9306
130 3760
138 3760
159 3760
196 3760
180 3760
114 3760
134 3760
182 3760
28 689
6 295
25 1454
27 1454
30 1454
24 1454
4 626
0 203
0 405
10 794
8 794
1 844
606 657
3 1110
137 150
2 1071
1 812
1 812
0 422
11 896
6 395
19 2339
0 135
8 324
1 721
78 79
2 204
2 811
1 368
7 380
4 380
0 384
144 152
92 98
7 68
3 446
6 777
11 777
8 884
11 884
29 1514
857 876
329 348
0 169
27 663
20 663
17 303
12 240
3 441
1440 1474
2 733
6 1077
2 404
1 973
1 138
19 1618
5 567
19 876
1 176
14 2150
51 2150
13 876
7 311
16 1597
6 1597
17 1597
10 1597
598 618
4 98
2 184
30 776
32 776
4 497
55 57
18 392
17 670
20 670
21 392
6 511
9 247
0 876
330 344
20 965
1537 1539
1 509
5 215
8 176
4 215
5 215
44 1386
2 283
5 764
7 465
1 792
207 10782
253 10782
209 10782
97 10782
185 10782
469 10782
295 10782
180 10782
186 10782
146 10782
275 10782
576 10782
260 10782
367 10782
319 10782
141 10782
353 10782
147 10782
331 10782
213 10782
126 10782
144 10782
252 10782
270 10782
275 10782
251 10782
1 224
19 767
11 144
515 540
15 2510
7 2510
236 269
4 269
5 1269
1 1269
3 919
4 782
3 448
0 931
2 931
2 247
3 89
38 2038
12 2038
15 2038
2 446
25 737
11 1898
13 1898
566 584
30 1360
20 2257
3 2257
20 1695
110 2339
17 1072
2 746
5 746
1 2150
23 2150
41 3410
3 3410
48 3410
5 746
10 2150
28 2150
11 764
5 746
1 456
576 590
27 2449
53 2449
157 191
4 777
1 266
12 1027
15 976
11 976
12 3000
40 3000
30 3000
58 3000
29 3000
36 3000
3 202
2 456
7 777
6 381
0 295
3 186
437 441
1 94
64 68
5 287
9 240
70 142
13 240
16 655
7 1197
13 2831
12 2831
2 2831
5 2831
2 1331
45 4210
42 4210
106 4210
51 4210
58 4210
99 4210
107 4210
49 4210
109 4210
158 4210
178 4210
6 20
4 209
6 677
1 677
5 1547
8 1547
20 888
23 888
3 344
5 413
6 1012
16 1012
17 1012
6 269
10 467
3 504
1109 1110
4 585
12 2128
15 2128
18 2128
10 960
10 1483
24 1536
8 1536
24 1110
19 1069
21 1069
27 1069
9 1014
20 811
14 1110
16 423
1 93
7 183
2 384
4 724
11 2375
8 2375
22 2375
7 178
781 788
3 788
8 788
5 788
777 788
1 788
0 788
780 788
4 788
1 203
20 226
25 4949
30 4949
36 4949
65 4949
121 4949
13 4949
16 4949
2 120
59 2150
26 2150
24 2150
3 653
17 689
17 2955
5 2955
28 2955
10 2955
30 2955
16 2955
53 2955
11 1695
0 439
0 439
220 225
4 2163
5 2163
134 13875
180 13875
84 13875
71 13875
102 13875
163 13875
150 13875
203 13875
164 13875
187 13875
845 13875
342 13875
227 13875
274 13875
29 2339
3 222
2 150
9 1164
3 1164
1 1164
0 2347
3 2347
1 2347
2 2347
3 633
5 384
38 3126
33 3126
36 3126
27 3126
13 3126
39 3126
32 3126
9 1078
11 1078
3 1078
7 267
20 1926
510 526
15 812
13 858
16 5657
14 5657
36 5657
1 5657
20 5657
0 5657
32 5657
5650 5657
45 1042
397 423
4 218
168 172
16 1307
899 1021
13 384
382 400
236 240
241 247
8 176
5 247
4 124
597 618
5 247
4 1708
6 1708
0 1708
2 1708
14 762
8 762
1 152
14 371
10 264
20 442
28 442
2 389
71 5642
44 5642
27 5642
5386 5642
30 5642
60 5642
81 5642
3 416
217 223
83 86
36 543
11 1403
13 1403
16 679
10 2517
1 87
9 689
10 336
3 89
3 153
1342 1403
24 1963
29 1963
5 2002
3 2002
33 2002
141 147
11 147
3 163
263 264
1483 1539
256 264
19 590
0 181
214 241
0 465
48 764
30 764
12 764
6 295
6 1652
8 1652
8 1967
3 86
1 1110
8 1183
4 1183
5 1183
3 876
3 389
17 1124
9 1124
7 1014
12 961
11 961
1 961
4 526
1 359
56 1130
1 257
1380 1386
833 842
1040 1042
3 257
33 2403
35 2403
25 2403
1 106
7 375
12 617
25 270
26 270
13 340
3 327
6 380
11 518
7 587
5 587
6 384
1 424
10 264
15 699
20 1317
32 1317
12 1317
8 120
20 594
1 538
0 603
10 1130
2 344
13 240
1 1241
6 122
16 855
24 1898
26 1898
17 1898
14 1898
15 384
13 17
835 914
1 777
157 163
69 4713
75 4713
41 4713
260 4713
48 4713
67 4713
38 44
24 2150
25 2150
2 2150
1 2150
15 402
3 266
3 781
11 781
0 781
9 781
19 664
37 689
8 874
768 796
9 796
106 1464
31 1464
44 1464
4 548
346 382
228 233
2 663
8 257
498 506
12 1012
7 257
7 626
4 371
12 782
32 3816
75 3816
36 3816
34 3816
43 3816
69 3816
38 3816
9 340
11 1347
5 1347
1 149
7 554
5 364
6 364
279 295
414 435
14 695
2 1247
1 1247
9 423
10 914
5 265
9 631
18 631
4 186
7 518
169 171
491 511
18 431
3 2308
11 2308
10 2303
16 2303
9 145
14 145
3 145
13 467
445 518
2 405
9 318
11 423
7 324
8 389
44 8726
164 8726
145 8726
122 8726
299 8726
186 8726
387 8726
173 8726
318 8726
252 8726
37 8726
114 8726
47 8726
1 422
1 108
3 456
0 1036
1 1036
389 391
2 344
12 679
2 154
198 397
14 3066
18 3066
112 3066
4 1214
5 1214
22 1595
23 1595
676 764
0 457
1 368
0 376
9 209
7 209
1 1191
0 1191
36 592
14 378
140 141
5 389
438 446
254 264
8 526
1037 1110
6366 12734
337 12734
439 12734
149 12734
353 12734
399 12734
6366 12734
365 12734
314 12734
345 12734
126 12734
126 12734
292 12734
190 12734
246 12734
437 12734
145 12734
276 12734
10 203
79 89
0 653
285 295
0 841
0 441
367 384
4 876
62 1264
1237 1264
41 1264
5 404
0 1483
1 1110
570 590
38 590
5 264
2 107
52 1386
0 148
86 89
13 842
39 461
1 669
3 669
11 737
690 699
12 423
9 737
5 107
0 107
9 148
0 473
34 2629
33 2629
32 2629
41 2629
369 384
7 1589
3 1589
4 1589
2 113
6 2696
10 2696
7 2696
2 774
31 664
930 987
17 987
24 987
28 4344
23 4344
10 4344
48 4344
15 4344
21 4344
9 4344
3 222
601 626
19 1376
0 1376
5 1376
12 1376
13 558
6 680
5 680
2 234
1 177
176 177
14 384
26 441
29 441
5 376
26 1511
28 1511
8 522
9 522
0 169
6 737
34 664
10 479
29 2238
73 2238
51 2238
11 2238
36 1074
687 737
3 762
2499 2517
753 788
40 2300
25 2300
3 762
12 618
1 183
26 270
9 558
239 252
5 295
14 1913
30 1913
29 656
9 656
22 656
14 240
1 423
18 764
340 373
3 446
1 357
8 423
0 632
11 590
9 562
450 456
0 9
293 587
533 562
9 1014
0 774
1 404
0 567
21 1407
3 594
1 690
0 690
4 250
2 127
294 295
3 2725
4 2725
5 2725
2 2725
6 2725
0 442
2 442
26 518
1 508
0 269
1 269
0 38
16 6094
17 6094
14 6094
8 6094
9 6094
7 1370
35 2737
13 2737
1367 1409
508 526
445 465
3 339
8 960
5 960
3 382
3 295
4 404
1 431
1 1536
4 615
0 844
1 308
7 504
5 560
0 730
1 730
2 764
0 1701
238 240
254 283
20 596
383 392
12 2339
8 2339
1 303
0 461
527 563
2 438
2 122
0 980
1 980
812 845
5 665
7 378
1 352
10 889
3 889
3 189
1 431
3 751
3 526
44 1955
38 1955
47 1955
39 1955
26 1955
51 1955
22 9453
28 9453
27 9453
49 9453
68 9453
35 9453
55 9453
37 9453
48 9453
32 9453
38 9453
36 9453
45 9453
26 9453
62 9453
20 3604
12 3604
14 3604
1801 3604
18 3604
25 2982
48 2982
50 2982
31 2982
26 2982
14 1152
5 499
1 181
0 181
247 249
589 613
375 395
2 575
1 122
1 1114
6 1114
141 283
141 283
0 241
54 55
4 655
7 1887
10 1887
3 1887
279 7512
256 7512
288 7512
202 7512
87 7512
197 7512
343 7512
394 7512
402 7512
367 7512
203 7512
372 7512
212 7512
89 7512
478 7512
7 328
1 623
0 106
1 82
8 305
181 196
140 151
3 439
1 328
6 2031
12 4370
15 4370
13 4370
8 4370
11 4370
14 4370
9 4370
18 4370
0 340
0 360
3 269
1 413
13 887
1 187
0 187
7 534
30 1539
4 726
252 257
7 202
10 764
13 764
2 473
4 729
5 729
7 729
2 174
569 593
3 326
2 282
55 59
26 2849
30 2849
35 2849
15 2849
16 225
15 435
7 435
1 522
5 146
27 479
5 399
3 587
4 562
759 788
6 788
752 788
756 788
750 788
1 788
0 788
750 788
753 788
1 473
2 473
3 1528
1 1528
4 1904
3 1904
0 733
201 219
107 2417
2131 2417
28 594
24 594
565 594
5 620
4 620
5 476
1 476
3 405
1686 1695
88 91
84 91
4 1223
0 1223
8 1223
11 479
2 328
4 1879
5 1879
102 4834
58 4834
91 4834
96 4834
27 4834
92 4834
1 145
20 739
333 336
328 361
8 177
2 413
748 759
2 191
1 191
225 240
6 233
158 177
0 176
4 318
6 807
4 807
8 761
2 446
0 931
2 931
21 1074
19 812
278 287
10 764
10 1043
5 857
2 922
8 558
4 558
0 279
159 173
3 130
2 617
1 617
5 1707
6 1707
22 4275
20 4275
23 4275
25 4275
24 4275
0 1149
3 1149
7 1149
15 2971
16 2971
11 336
316 318
10 1026
2 92
3 92
2 311
0 161
2 774
7 127
12 379
0 400
5 428
370 381
11 562
487 497
13 393
2 279
10 323
363 395
1 223
7 362
14 509
8 2434
11 716
3 388
16 233
1 484
3 484
5 484
16 1075
16 1075
15 1075
22 1075
113 118
0 114
840 844
22 844
0 306
9 1742
2 1742
0 1742
10 441
0 655
2 764
4 509
1868 3737
25 3737
17 3737
14 3737
4 562
1090 2181
5 338
4 40
0 379
375 405
3 474
7 98
4 1143
366 368
673 699
9 343
118 126
16 1644
22 1644
2 767
1 767
764 767
9 20
291 310
2 354
3 61
7 297
721 727
15 395
1479 1618
1 233
373 381
1 473
212 217
1 152
712 768
0 171
0 567
0 301
0 461
758 788
10 788
749 788
742 788
752 788
1 788
0 788
751 788
740 788
2 405
7 653
2 139
0 324
4 973
13 1386
3 633
17 664
34 1618
15 395
2 295
321 344
7 230
1109 2219
1 385
6 527
54 1926
1809 1926
5 548
0 919
14 699
22 472
5 327
4 821
3 821
5 821
2 526
1 567
10 1012
16 1012
19 1012
506 562
693 739
0 266
221 227
0 241
24 635
2 391
3 177
2 407
5 435
0 535
486 527
363 371
9 371
237 240
7 57
290 297
15 262
5 361
16 1312
0 84
7 287
13 509
4 585
7 592
34 812
2151 2339
7 290
0 948
2 948
2 448
32 973
2 360
5 389
6 1646
19 2101
22 2101
11 2101
16 2101
13 876
22 472
229 265
9 777
2 502
1 137
5 209
10 144
1 183
3 370
134 135
1 120
4 962
639 721
0 114
4 3218
7 1747
0 231
3 1110
0 153
1 290
3 397
10 325
4 319
359 382
5 5267
45 5267
36 5267
26 5267
33 5267
39 5267
27 5267
32 5267
38 5267
43 5267
35 5267
40 5267
7 5267
34 5267
1 1034
3 1034
6 2191
7 2191
2 247
3 247
5 1416
857 1027
0 319
0 1042
0 384
2 163
8 127
2 484
2 900
1 544
14 265
6 368
0 930
4 2416
1 2416
6 2416
4 919
5 407
0 382
1 247
4 233
5 1183
4 1183
7 1183
2 1185
2 382
2 340
4 3763
0 3763
165 177
466 477
3 141
20 242
4 295
3 295
15 395
15 615
1 308
2 1695
12 511
0 227
4 257
34 2339
9 395
1 359
22 761
8 257
2 176
13 336
1 195
2 365
13 240
2 230
5 196
6 338
22 1116
12 1116
3 1124
0 300
11 1623
29 906
0 57
16 188
1 1057
0 233
3 721
10 318
13 735
691 699
1 446
2 310
1 165
454 465
6 1130
673 679
6 392
3 348
24 1898
18 1898
0 472
36 950
51 950
27 950
162 191
2 1695
3 324
1 282
3 861
14 1695
10 360
46 960
3 388
12 1701
14 453
7 453
1 247
4 461
34 295
9 1042
4 549
299 319
4 1110
6 2517
2 866
1 866
127 141
2 387
45 48
5 1791
6 1791
6 511
2 275
267 286
0 423
3 191
5 950
462 509
1 861
6 364
7 364
3 378
3 3651
5 364
7 364
0 298
5 679
19 654
10 177
8 605
3 392
11 392
3 569
0 43
5 414
246 272
4 327
10 2050
8 2050
7 2050
1 617
6 927
6 1268
4 1268
5 1268
7 1413
156 157
10 317
757 790
779 790
15 812
6 1077
533 584
528 562
23 1360
5 1695
376 405
573 587
4 127
5 1592
4 1592
0 1719
6 1719
1 1719
13 548
11 548
189 195
1 352
0 1043
15 2703
14 2703
19 2703
13 2703
1099 1165
376 395
4 1323
16 1323
8 1323
33 1323
15 1323
0 118
0 165
13 663
9 451
21 1536
18 1526
9 1526
14 1526
2 116
5 327
14 587
0 139
4 325
0 1288
2 116
9 240
0 217
355 712
16 1386
2221 2339
3 2517
3 381
270 284
1 183
3 295
2515 2517
12 2339
16 465
5 247
5 2517
3 55
3 281
0 247
30 1360
5 461
3566 3761
18 590
8 594
10 378
1478 1539
9 108
4274 4338
1465 1552
2 152
1 646
11 306
46 657
19 657
934 1042
405 421
7 1042
207 222
4 1034
0 270
3 1104
1 486
8 502
1 57
801 816
47 2365
30 1074
0 187
10 2236
11 2236
14 2236
5 2236
15 405
2 1110
488 497
5 222
0 120
1 151
0 1392
2 230
78 86
4 78
2168 2339
0 9
12 1021
0 318
1 308
0 279
2 762
3 88
694 721
3 1027
9 500
2 89
74 86
13 159
0 733
701 725
4 276
2 497
8 1130
1 456
2 654
3 777
1 53
0 340
448 475
134 142
7 694
4 41
4 90
36 588
11 588
6 588
4 214
2 67
4 588
1 327
12 342
2 588
186 193
1 161
87 90
19 588
6 41
12 322
2 718
2 142
14 567
6 588
4 113
1 120
17 588
4 567
8 588
561 588
28 483
24 588
1 218
536 588
281 282
274 282
586 588
213 218
4 327
0 24
4 274
7 274
7 214
1 142
5 90
44 90
2 228
3 567
2 229
559 567
10 343
11 228
3 327
1 43
19 386
686 694
217 228
15 475
14 588
460 475
24 946
2 475
0 567
1 457
6 327
13 483
11 343
1 116
3 475
8 228
6 342
326 327
544 560
3 229
0 99
12 588
42 43
7 43
0 168
12 141
3 483
14 16
19 588
4 386
310 334
6 588
8 588
15 588
5 588
2 90
578 588
18 271
10 588
13 386
5 67
530 560
340 342
21 454
11 588
10 588
2 211
32 694
7 694
213 228
6 327
17 588
19 752
3 53
2 229
28 588
6 41
5 374
5 334
1 588
36 475
107 110
0 229
1 58
38 588
2 142
7 153
10 334
3 116
109 118
31 588
374 386
5 327
3 142
227 228
149 156
3 588
10 588
1 327
21 343
145 153
426 475
7 588
8 99
6 588
5 588
541 574
7 694
4 90
17 694
0 56
535 560
328 342
304 322
6 752
11 588
16 327
2 193
10 454
2 342
1 67
12 327
19 588
6 229
6 342
66 67
34 2673
2 211
24 483
4 327
10 228
4 33
882 962
3 1539
0 125
0 120
5 80
2 816
0 554
1 176
4 406
0 66
0 473
0 977
1 844
0 290
11 502
2 88
9 275
3 147
5 515
1 1205
26 1403
6 1695
4 605
11 605
6 1347
11 1347
37 1516
0 295
2 473
0 59
6 1021
780 788
113 228
5 1110
1 88
3 768
4 476
16 337
0 340
12 1695
4 127
0 308
5 378
0 241
0 452
1 284
3 1900
2 1900
6 3101
0 3101
0 6
5 218
29 664
1 158
0 423
9 951
28 951
0 623
1 399
23 1577
1 278
7 214
20 2150
21 2150
1 145
0 404
0 1074
13 336
2 362
2 594
0 216
0 439
6 527
11 1386
14 639
33 762
2 625
4 625
0 725
5 395
1 1036
16 1042
1 393
6 1539
3 368
9 1539
111 117
48 632
18 1042
26 518
1 567
5 452
2 1071
0 347
3 303
0 120
27 270
10 2237
49 2237
23 2237
4 2237
18 2237
1 233
1368 1552
0 409
1 1230
0 1230
27 853
1 400
0 126
10 446
27 857
0 973
2 274
3 274
9 3390
26 3390
11 3390
6 3390
0 584
35 890
1 626
215 216
1 1346
0 247
285 287
77 79
0 196
25 191
236 7353
192 7353
46 7353
6945 7353
101 7353
1 7353
237 7353
171 7353
206 7353
7094 7353
154 7353
127 7353
194 7353
140 7353
105 7353
72 7353
3 141
8 2466
12 2466
10 2466
9 2466
1 1456
160 10604
82 10604
205 10604
28 10604
32 10604
233 10604
105 10604
92 10604
178 10604
172 10604
24 10604
29 10604
137 10604
79 10604
100 10604
133 10604
16 1655
14 1655
0 407
9 1162
10 1162
8 1162
6 1162
3 479
561 623
1 87
9 564
361 391
0 295
1 590
1 508
1647 1695
41 47
741 788
23 788
743 788
742 788
739 788
1 788
0 788
21 788
754 788
3 230
0 739
2 436
36 1695
0 247
7 626
11 567
6 115
43 48
6 344
2 684
42 764
1 582
17 1072
3 1862
6 1862
13 369
22 876
4 625
1 233
3 937
7 937
8 937
0 230
1 421
6 272
6 218
1 812
8 826
5 919
1 887
2 1072
2116 2339
9 958
10 958
15 1623
133 141
3 792
3 811
3 2330
2 2330
228 247
21 974
10 120
0 182
0 423
2 1967
0 30
8 384
3 549
45 1153
0 497
1 188
9 498
7 157
4 157
11 2339
6 950
3 57
0 135
21 473
1 962
4 448
0 163
4 414
5 1161
4 1161
3 1161
0 117
1 96
34 1403
1 1346
1 139
48 1110
6 473
1 318
5 318
1 700
2 162
0 1967
5 1539
6 1539
0 106
9 5662
11 5662
6 5662
8 5662
7 5662
8 1536
57 1536
11 625
16 2565
13 2565
20 2565
10 2565
17 2565
12 2565
92 1747
10 384
172 183
10 1249
11 1249
0 87
15 812
5 746
8 2128
0 2128
4 2128
1 473
0 67
5 124
1 178
2 764
2 379
3 2396
0 2396
1 2396
8 890
18 890
10 890
0 38
4 2407
6 2407
2 2407
8 2407
3 735
1 581
0 581
2 385
1 385
23 615
1 139
592 641
6 448
3 1064
12 1064
6 2225
3 89
4 941
1 89
0 1419
431 452
2 80
14 554
1 89
12 1294
25 1294
7 381
58 1948
128 1948
70 1948
75 1948
1 962
1 448
1 352
0 137
2 594
3 1708
0 1708
253 287
0 25
13 816
1 626
0 90
44 2339
0 1536
5 233
3 69
9 319
7 796
4 446
0 527
0 142
1 369
2 153
6 590
5 385
29 413
0 446
2 2395
4 2395
6 404
295 592
36 2163
39 2163
50 2163
1 55
166 191
9 2423
3 2423
15 2423
3 344
176 196
8 452
46 1403
0 1205
1 1205
1 1014
1 294
3 448
81 86
10 395
27 844
9 844
285 303
5 1360
1 812
0 107
0 562
9 479
13 467
41 1733
24 1733
27 1733
3 80
1 739
0 446
123 247
0 389
0 733
206 215
5 295
20 431
0 175
5 130
7 187
8 135
1 284
2 371
4 330
5 1724
4 1724
6 1724
4 549
15 919
1115 1139
1 896
3 896
18 437
0 103
12 264
246 261
2 264
4 648
38 1577
0 1501
5 1501
1 1501
602 617
23 1618
2 285
6 504
4 115
1 48
0 247
1 737
0 223
0 509
0 311
507 594
467 477
0 345
1 733
6 789
5 789
0 605
19 1747
1 347
25 1511
27 1511
0 362
18 147
0 307
16 139
18 139
2 382
1756 1766
737 788
3 788
2 788
4 788
747 788
0 788
1 788
734 788
5 788
15 694
0 694
9 307
163 174
7 371
5 1077
0 537
160 178
0 103
3 290
21 3159
19 3159
11 3159
10 1331
24 50
1 716
1 508
29 1909
1762 1909
27 1909
1 1618
27 1618
4 384
6 384
0 102
1 94
2 585
8 474
514 535
0 261
283 295
0 169
5 148
5 183
10 876
1 733
17 1787
24 1787
16 1787
6 617
0 1553
2 1553
6 504
3 343
1 632
2 127
18 504
16 1083
1 65
16 1144
0 178
7 172
218 240
12 431
900 919
0 498
1 1618
1474 1475
5 368
3 26
9 1965
8 1965
5 1965
1 1965
7 1965
6 1965
16 125
0 175
1 55
4 379
4 229
5 229
0 230
5 1042
6 344
7 323
4 746
835 876
9 479
404 406
3 504
160 171
2 575
16 764
11 1913
5 1913
3 1057
3 269
1 173
330 344
0 772
11 242
7 1695
10 1695
3 382
7 764
0 175
0 94
0 811
0 394
0 1287
0 176
7 139
0 310
1 360
3 230
2 811
6 381
5 1129
14 1129
4 1129
1 638
1037 1071
20 1410
41 1410
28 1410
0 811
2 497
32 37
1 285
1 305
3 256
1 360
230 233
7 623
0 1061
3 260
0 452
1 563
554 592
3 144
312 327
0 617
307 337
9 362
5604 5976
64 5976
116 5976
127 5976
62 5976
142 5976
154 5976
87 5976
71 5976
1005 1075
1 379
8 661
2 162
1 2517
23 431
7 100
0 1386
5 850
3 511
2 405
2 1102
0 1102
1 370
3 196
1 361
16 841
27 698
0 124
0 290
216 218
0 439
206 229
0 349
4 89
0 360
324 333
331 333
9 526
106 122
0 412
179 196
8 874
0 247
5 896
1 338
2 338
2 142
1659 1779
1646 1779
39 1779
1688 1779
3 1238
18 876
11 1853
19 1853
7 1853
2 592
2 564
11 173
6 1539
0 158
6 812
3 584
0 328
258 262
5 816
1 99
7 796
6 404
5 146
327 345
3 464
226 228
4 274
459 919
9 502
1 1110
2 122
6 446
6 518
0 141
13 585
21 561
2 2808
2 1357
1286 1416
1 204
5 100
281 563
2 564
0 473
19 1110
7 339
163 327
2 308
255 295
1 587
1 777
13 558
1 149
196 209
0 279
10 962
12 3095
11 3095
10 3095
15 1617
1 1617
11 1617
0 1617
6 318
4 327
6 1767
12 1767
23 1767
10 1767
234 240
0 1071
6 522
0 1618
1 465
0 465
1 465
