383 384
374 375
391 392
20 576
3 576
772 776
773 776
510 511
2158 2287
21 2287
4 745
4 745
908 914
334 338
444 448
2 691
686 691
182 183
913 914
28 1155
36 1155
577 1155
20 1155
23 1155
1326 1370
1621 1623
276 7389
213 7389
218 7389
180 7389
176 7389
185 7389
188 7389
146 7389
231 7389
152 7389
27 7389
2337 2339
609 615
1287 1288
175 176
18 1265
15 1265
1244 1265
146 150
76 79
60 1983
62 1983
48 1983
47 1983
267 269
198 397
22 1208
68 1208
54 1208
1471 1474
239 240
4 448
557 558
6 1113
7 1113
75 79
304 305
399 400
378 388
15 590
1476 1483
75 152
151 152
8 796
767 1536
803 805
275 276
326 328
49 1267
54 1267
40 1267
45 1267
48 1267
521 522
197 198
2 1013
2 1013
151 152
1302 1303
17 1008
11 1008
321 327
3 562
14 737
736 737
262 264
172 175
42 44
0 89
20 1913
24 1913
1519 1539
960 973
854 855
299 301
510 7645
227 7645
668 7645
414 7645
432 7645
650 7645
649 7645
480 7645
472 7645
590 7645
500 7645
618 7645
608 7645
521 7645
611 7645
632 7645
633 7645
425 7645
604 7645
621 7645
289 9306
695 9306
651 9306
645 9306
729 9306
686 9306
767 9306
573 9306
692 9306
9304 9306
9170 9306
731 9306
498 9306
690 9306
755 9306
496 9306
458 9306
671 9306
2 3760
116 3760
221 3760
251 3760
209 3760
4 3760
240 3760
3 3760
675 689
289 295
42 1454
51 1454
48 1454
21 1454
625 626
199 203
403 405
793 794
788 794
843 844
328 657
1100 1110
142 150
1069 1071
805 812
811 812
416 422
881 896
394 395
37 2339
134 135
319 324
719 721
76 79
202 204
810 811
367 368
379 380
379 380
379 384
151 152
48 98
65 68
439 446
767 777
776 777
872 884
883 884
1513 1514
437 876
339 348
168 169
20 663
25 663
302 303
12 240
440 441
6 1474
732 733
1073 1077
395 404
965 973
1 138
1615 1618
566 567
875 876
1 176
2149 2150
2128 2150
875 876
155 311
2 1597
26 1597
1 1597
31 1597
616 618
97 98
183 184
770 776
769 776
496 497
56 57
390 392
44 670
40 670
391 392
509 511
241 247
874 876
171 344
964 965
769 1539
507 509
214 215
167 176
214 215
210 215
1384 1386
282 283
725 764
461 465
775 792
748 10782
711 10782
754 10782
682 10782
683 10782
538 10782
765 10782
749 10782
702 10782
707 10782
481 10782
20 10782
745 10782
690 10782
607 10782
704 10782
534 10782
689 10782
498 10782
630 10782
741 10782
752 10782
518 10782
782 10782
481 10782
566 10782
221 224
10 767
141 144
269 540
27 2510
26 2510
134 269
5 269
1243 1269
12 1269
898 919
775 782
4 448
6 931
7 931
239 247
88 89
2008 2038
24 2038
56 2038
442 446
736 737
17 1898
55 1898
291 584
1359 1360
44 2257
36 2257
1694 1695
2336 2339
1071 1072
741 746
745 746
28 2150
27 2150
106 3410
103 3410
57 3410
743 746
59 2150
41 2150
763 764
743 746
441 456
574 590
47 2449
50 2449
186 191
762 777
263 266
1021 1027
487 976
487 976
36 3000
2891 3000
24 3000
2933 3000
26 3000
53 3000
3 202
3 456
776 777
380 381
294 295
185 186
220 441
1 94
33 68
286 287
239 240
70 142
238 240
642 655
1186 1197
29 2831
31 2831
32 2831
37 2831
1317 1331
197 4210
169 4210
236 4210
180 4210
166 4210
225 4210
254 4210
242 4210
218 4210
159 4210
228 4210
19 20
206 209
10 677
2 677
18 1547
10 1547
36 888
32 888
343 344
399 413
14 1012
26 1012
14 1012
267 269
465 467
10 504
554 1110
579 585
53 2128
43 2128
47 2128
13 960
1449 1483
1535 1536
1522 1536
1079 1110
39 1069
42 1069
26 1069
1013 1014
802 811
1109 1110
15 423
1 93
180 183
383 384
713 724
27 2375
28 2375
31 2375
177 178
393 788
784 788
786 788
783 788
393 788
2 788
0 788
393 788
782 788
199 203
216 226
125 4949
131 4949
121 4949
67 4949
81 4949
72 4949
69 4949
119 120
2099 2150
59 2150
61 2150
649 653
652 689
47 2955
33 2955
40 2955
31 2955
2718 2955
37 2955
35 2955
1692 1695
438 439
438 439
218 225
2162 2163
2161 2163
378 13875
396 13875
492 13875
309 13875
332 13875
489 13875
390 13875
403 13875
375 13875
381 13875
6937 13875
355 13875
432 13875
318 13875
2338 2339
221 222
147 150
1134 1164
8 1164
5 1164
55 2347
51 2347
52 2347
50 2347
616 633
381 384
74 3126
1 3126
67 3126
78 3126
65 3126
72 3126
71 3126
18 1078
24 1078
19 1078
3 267
1925 1926
262 526
811 812
857 858
89 5657
102 5657
121 5657
84 5657
94 5657
80 5657
95 5657
5549 5657
32 1042
422 423
216 218
85 172
1306 1307
1013 1021
378 384
399 400
237 240
6 247
166 176
246 247
120 124
615 618
246 247
14 1708
18 1708
5 1708
15 1708
17 762
12 762
149 152
335 371
263 264
39 442
45 442
9 389
84 5642
81 5642
21 5642
131 5642
69 5642
83 5642
5472 5642
409 416
111 223
85 86
21 543
1396 1403
1399 1403
677 679
2515 2517
86 87
344 689
330 336
88 89
151 153
1400 1403
1953 1963
1828 1963
10 2002
12 2002
1999 2002
136 147
146 147
156 163
131 264
1513 1539
131 264
589 590
1 181
120 241
450 465
381 764
381 764
754 764
6 295
16 1652
14 1652
1964 1967
85 86
1109 1110
0 1183
2 1183
1 1183
875 876
388 389
33 1124
35 1124
1012 1014
23 961
26 961
19 961
522 526
2 359
1122 1130
255 257
1366 1386
839 842
520 1042
255 257
50 2403
2255 2403
45 2403
104 106
374 375
612 617
269 270
268 270
339 340
317 327
379 380
514 518
13 587
12 587
383 384
423 424
261 264
692 699
40 1317
38 1317
30 1317
119 120
589 594
537 538
600 603
1127 1130
343 344
238 240
7 1241
118 122
845 855
39 1898
43 1898
40 1898
33 1898
16 384
8 17
912 914
776 777
81 163
185 4713
189 4713
181 4713
2356 4713
120 4713
188 4713
43 44
45 2150
44 2150
5 2150
13 2150
401 402
132 266
9 781
15 781
8 781
7 781
662 664
680 689
860 874
795 796
794 796
60 1464
1462 1464
1461 1464
547 548
377 382
116 233
662 663
251 257
252 506
1004 1012
242 257
617 626
363 371
390 782
113 3816
132 3816
126 3816
115 3816
123 3816
98 3816
102 3816
339 340
38 1347
22 1347
148 149
553 554
10 364
6 364
147 295
217 435
694 695
26 1247
23 1247
420 423
911 914
264 265
17 631
23 631
185 186
517 518
85 171
255 511
27 431
18 2308
0 2308
31 2303
30 2303
7 145
11 145
3 145
466 467
513 518
404 405
313 318
422 423
322 324
388 389
157 8726
310 8726
0 8726
279 8726
133 8726
294 8726
416 8726
273 8726
327 8726
321 8726
74 8726
61 8726
66 8726
414 422
107 108
455 456
8 1036
5 1036
366 391
4 344
658 679
2 154
198 397
40 3066
42 3066
47 3066
12 1214
11 1214
1568 1595
46 1595
747 764
456 457
6 368
373 376
208 209
205 209
18 1191
28 1191
591 592
8 378
70 141
387 389
445 446
262 264
525 526
1099 1110
6366 12734
495 12734
634 12734
579 12734
501 12734
493 12734
6366 12734
512 12734
612 12734
483 12734
513 12734
513 12734
396 12734
462 12734
497 12734
713 12734
488 12734
396 12734
201 203
86 89
652 653
290 295
840 841
440 441
382 384
859 876
43 1264
631 1264
1259 1264
403 404
1482 1483
1108 1110
588 590
588 590
259 264
102 107
1336 1386
147 148
44 89
840 842
459 461
2 669
5 669
729 737
688 699
421 423
6 737
106 107
0 107
147 148
3 473
69 2629
67 2629
72 2629
74 2629
382 384
19 1589
18 1589
21 1589
3 113
25 2696
26 2696
27 2696
745 774
649 664
493 987
49 987
50 987
64 4344
63 4344
43 4344
99 4344
45 4344
57 4344
61 4344
221 222
312 626
31 1376
19 1376
22 1376
32 1376
557 558
10 680
8 680
228 234
173 177
173 177
377 384
438 441
421 441
374 376
33 1511
32 1511
7 522
12 522
168 169
13 737
654 664
478 479
2215 2238
59 2238
47 2238
57 2238
1073 1074
733 737
752 762
1258 2517
393 788
2298 2300
2299 2300
759 762
19 618
182 183
269 270
11 558
247 252
292 295
30 1913
13 1913
654 656
23 656
27 656
239 240
415 423
381 764
362 373
0 446
354 357
421 423
601 632
577 590
280 562
227 456
8 9
293 587
561 562
1003 1014
773 774
403 404
557 567
1403 1407
593 594
3 690
4 690
249 250
126 127
292 295
12 2725
11 2725
13 2725
10 2725
14 2725
2 442
3 442
515 518
500 508
14 269
9 269
37 38
48 6094
47 6094
43 6094
34 6094
31 6094
1356 1370
32 2737
34 2737
1391 1409
262 526
459 465
338 339
11 960
9 960
359 382
294 295
403 404
424 431
3 1536
608 615
7 844
301 308
496 504
558 560
1 730
0 730
761 764
1646 1701
237 240
141 283
16 596
391 392
41 2339
34 2339
299 303
2 461
556 563
3 438
118 122
1 980
2 980
422 845
664 665
375 378
350 352
7 889
8 889
187 189
1 431
750 751
262 526
75 1955
64 1955
73 1955
72 1955
68 1955
70 1955
102 9453
72 9453
116 9453
122 9453
154 9453
72 9453
151 9453
121 9453
153 9453
124 9453
72 9453
126 9453
125 9453
120 9453
115 9453
58 3604
52 3604
55 3604
1801 3604
53 3604
79 2982
47 2982
83 2982
73 2982
0 2982
1146 1152
491 499
1 181
0 181
124 249
609 613
389 395
574 575
2 122
7 1114
15 1114
141 283
141 283
240 241
27 55
651 655
15 1887
13 1887
0 1887
343 7512
345 7512
318 7512
377 7512
133 7512
336 7512
363 7512
7328 7512
302 7512
440 7512
359 7512
333 7512
347 7512
334 7512
7501 7512
326 328
622 623
105 106
78 82
299 305
97 196
75 151
435 439
322 328
2022 2031
41 4370
44 4370
39 4370
38 4370
43 4370
40 4370
37 4370
42 4370
333 340
359 360
5 269
403 413
879 887
1 187
0 187
525 534
1508 1539
724 726
128 257
199 202
14 764
19 764
471 473
8 729
6 729
9 729
173 174
296 593
325 326
280 282
29 59
5 2849
1 2849
37 2849
15 2849
221 225
217 435
433 435
521 522
72 146
478 479
397 399
580 587
555 562
393 788
0 788
393 788
393 788
393 788
2 788
2 788
393 788
393 788
1 473
2 473
2 1528
5 1528
1866 1904
1873 1904
728 733
218 219
2312 2417
2386 2417
579 594
570 594
296 594
4 620
5 620
8 476
5 476
404 405
1678 1695
90 91
45 91
1213 1223
1215 1223
1222 1223
477 479
326 328
3 1879
6 1879
141 4834
34 4834
57 4834
118 4834
26 4834
70 4834
142 145
10 739
332 336
358 361
88 177
403 413
379 759
2 191
2 191
238 240
228 233
176 177
0 176
5 318
8 807
7 807
758 761
3 446
6 931
7 931
1057 1074
771 812
143 287
25 764
1042 1043
855 857
921 922
0 558
3 558
270 279
86 173
64 130
0 617
1 617
18 1707
16 1707
73 4275
67 4275
60 4275
77 4275
76 4275
17 1149
16 1149
18 1149
39 2971
37 2971
335 336
317 318
1013 1026
8 92
9 92
6 311
1 161
767 774
11 127
377 379
399 400
411 428
190 381
555 562
490 497
391 393
2 279
322 323
393 395
2 223
361 362
503 509
2432 2434
707 716
374 388
19 233
483 484
481 484
483 484
1074 1075
1073 1075
1071 1075
1071 1075
58 118
112 114
421 844
820 844
299 306
8 1742
13 1742
10 1742
439 441
654 655
750 764
500 509
1868 3737
50 3737
47 3737
48 3737
5 562
1090 2181
5 338
38 40
377 379
400 405
12 474
2 98
1120 1143
183 368
349 699
340 343
10 126
30 1644
29 1644
8 767
2 767
383 767
9 20
154 310
353 354
58 61
287 297
363 727
394 395
1614 1618
228 233
190 381
1 473
108 217
151 152
383 768
170 171
564 567
300 301
453 461
393 788
2 788
393 788
393 788
393 788
0 788
0 788
393 788
393 788
404 405
652 653
69 139
320 324
972 973
1385 1386
629 633
653 664
1605 1618
393 395
293 295
171 344
223 230
1109 2219
2 385
522 527
1920 1926
1910 1926
10 548
905 919
688 699
466 472
326 327
14 821
12 821
13 821
518 526
562 567
14 1012
14 1012
14 1012
561 562
369 739
6 266
113 227
239 241
633 635
381 391
4 177
403 407
421 435
508 535
513 527
369 371
363 371
239 240
56 57
148 297
261 262
360 361
1257 1312
83 84
281 287
508 509
582 585
588 592
792 812
1169 2339
144 290
947 948
936 948
447 448
486 973
344 360
8 389
1597 1646
44 2101
47 2101
42 2101
41 2101
875 876
469 472
262 265
774 777
501 502
68 137
104 209
141 144
180 183
367 370
67 135
2 120
6 962
710 721
112 114
3217 3218
1713 1747
0 231
2 1110
0 153
289 290
394 397
322 325
317 319
190 382
71 5267
70 5267
77 5267
84 5267
60 5267
68 5267
2 5267
40 5267
87 5267
81 5267
69 5267
90 5267
65 5267
40 5267
3 1034
5 1034
9 2191
8 2191
243 247
244 247
1415 1416
513 1027
0 319
4 1042
0 384
162 163
10 127
474 484
899 900
543 544
132 265
366 368
916 930
13 2416
11 2416
14 2416
5 919
406 407
381 382
246 247
232 233
17 1183
14 1183
16 1183
1184 1185
375 382
6 340
9 3763
10 3763
174 177
474 477
140 141
241 242
7 295
6 295
389 395
307 615
306 308
7 1695
509 511
2 227
252 257
36 2339
394 395
353 359
754 761
256 257
173 176
334 336
2 195
359 365
239 240
224 230
195 196
332 338
1099 1116
1048 1116
1117 1124
2 300
41 1623
452 906
28 57
187 188
1056 1057
221 233
720 721
309 318
732 735
349 699
4 446
306 310
163 165
232 465
1129 1130
339 679
383 392
173 348
35 1898
34 1898
452 472
49 950
61 950
48 950
190 191
1691 1695
323 324
281 282
859 861
1679 1695
179 360
942 960
3 388
1688 1701
36 453
35 453
246 247
449 461
294 295
1039 1042
274 549
159 319
1056 1110
9 2517
4 866
3 866
136 141
381 387
23 48
20 1791
17 1791
498 511
270 275
142 286
422 423
2 191
941 950
507 509
860 861
10 364
7 364
377 378
3649 3651
10 364
8 364
293 298
670 679
653 654
176 177
9 605
386 392
390 392
562 569
42 43
400 414
270 272
324 327
16 2050
15 2050
13 2050
610 617
921 927
8 1268
3 1268
2 1268
706 1413
78 157
308 317
787 790
394 790
811 812
538 1077
581 584
280 562
1359 1360
1649 1695
202 405
293 587
126 127
15 1592
16 1592
12 1719
14 1719
13 1719
17 548
15 548
97 195
351 352
1 1043
53 2703
58 2703
55 2703
41 2703
1146 1165
393 395
26 1323
29 1323
25 1323
27 1323
28 1323
117 118
158 165
662 663
438 451
1525 1536
22 1526
22 1526
22 1526
115 116
323 327
586 587
138 139
323 325
1254 1288
115 116
119 240
215 217
355 712
1316 1386
2321 2339
8 2517
190 381
141 284
172 183
147 295
2516 2517
2294 2339
445 465
242 247
2492 2517
54 55
279 281
0 247
1359 1360
455 461
3738 3761
589 590
584 594
366 378
1515 1539
107 108
2168 4338
775 1552
148 152
638 646
300 306
656 657
655 657
1040 1042
210 421
1011 1042
220 222
1032 1034
269 270
1087 1104
476 486
501 502
56 57
407 816
2319 2365
536 1074
186 187
29 2236
23 2236
20 2236
16 2236
404 405
2 1110
492 497
110 222
119 120
150 151
1379 1392
225 230
84 86
77 78
1169 2339
8 9
1020 1021
0 318
303 308
268 279
747 762
87 88
714 721
11 1027
499 500
88 89
85 86
158 159
1 733
724 725
275 276
492 497
1122 1130
447 456
640 654
776 777
52 53
335 340
237 475
141 142
678 694
40 41
88 90
587 588
587 588
587 588
211 214
66 67
587 588
325 327
336 342
587 588
96 193
160 161
44 90
581 588
40 41
306 322
704 718
140 142
547 567
587 588
56 113
118 120
587 588
5 567
293 588
585 588
482 483
584 588
209 218
585 588
280 282
280 282
293 588
108 218
312 327
11 24
15 274
13 274
213 214
2 142
86 90
44 90
7 228
551 567
225 229
562 567
342 343
227 228
7 327
42 43
379 386
346 694
113 228
28 475
2 588
237 475
928 946
474 475
566 567
5 457
319 327
482 483
342 343
115 116
471 475
113 228
341 342
163 327
279 560
225 229
98 99
587 588
21 43
21 43
167 168
137 141
471 483
7 16
587 588
382 386
329 334
293 588
293 588
585 588
293 588
89 90
587 588
270 271
583 588
383 386
66 67
279 560
170 342
453 454
585 588
575 588
206 211
346 694
691 694
225 228
324 327
11 588
751 752
52 53
227 229
587 588
40 41
372 374
333 334
6 588
472 475
103 110
228 229
57 58
586 588
141 142
152 153
321 334
3 116
58 118
583 588
378 386
323 327
141 142
218 228
77 156
585 588
587 588
10 327
337 343
76 153
454 475
587 588
98 99
578 588
587 588
286 574
693 694
89 90
684 694
0 56
279 560
6 342
160 322
751 752
583 588
321 327
192 193
442 454
341 342
66 67
326 327
587 588
226 229
341 342
66 67
1336 2673
210 211
482 483
326 327
227 228
4 33
480 962
1507 1539
124 125
119 120
39 80
815 816
553 554
175 176
405 406
65 66
461 473
976 977
8 844
285 290
497 502
87 88
273 275
146 147
5 515
1193 1205
1402 1403
1692 1695
3 605
565 605
28 1347
30 1347
1512 1516
4 295
462 473
57 59
14 1021
769 788
113 228
9 1110
86 88
759 768
468 476
336 337
337 340
1693 1695
124 127
302 308
377 378
237 241
443 452
283 284
12 1900
3 1900
20 3101
21 3101
5 6
214 218
663 664
157 158
416 423
16 951
905 951
622 623
398 399
1576 1577
276 278
213 214
58 2150
64 2150
144 145
0 404
0 1074
327 336
359 362
585 594
215 216
5 439
526 527
1385 1386
636 639
759 762
623 625
622 625
724 725
394 395
1035 1036
1013 1042
2 393
1533 1539
366 368
1538 1539
58 117
604 632
1041 1042
258 518
566 567
446 452
1069 1071
346 347
300 303
119 120
269 270
2152 2237
2236 2237
34 2237
39 2237
51 2237
231 233
775 1552
408 409
16 1230
0 1230
851 853
398 400
125 126
445 446
851 857
972 973
4 274
5 274
0 3390
33 3390
3 3390
27 3390
583 584
879 890
622 626
107 216
6 1346
7 247
143 287
39 79
195 196
182 191
210 7353
376 7353
113 7353
420 7353
203 7353
200 7353
379 7353
354 7353
365 7353
7295 7353
297 7353
353 7353
374 7353
381 7353
383 7353
281 7353
140 141
25 2466
23 2466
24 2466
22 2466
1377 1456
152 10604
171 10604
303 10604
209 10604
142 10604
163 10604
123 10604
246 10604
164 10604
211 10604
144 10604
148 10604
181 10604
226 10604
282 10604
137 10604
30 1655
31 1655
2 407
13 1162
0 1162
15 1162
12 1162
5 479
622 623
86 87
547 564
195 391
294 295
2 590
504 508
847 1695
23 47
393 788
0 788
786 788
8 788
393 788
2 788
0 788
787 788
393 788
229 230
738 739
1 436
1694 1695
246 247
610 626
566 567
57 115
23 48
343 344
664 684
381 764
7 582
1048 1072
10 1862
14 1862
368 369
875 876
624 625
232 233
2 937
10 937
0 937
4 230
419 421
267 272
213 218
2 812
820 826
917 919
871 887
1071 1072
2306 2339
14 958
10 958
17 1623
136 141
791 792
810 811
5 2330
7 2330
8 247
962 974
114 120
1 182
0 423
1962 1967
29 30
383 384
547 549
1150 1153
0 497
2 188
497 498
2 157
3 157
2281 2339
949 950
56 57
2 135
471 473
953 962
447 448
1 163
5 414
3 1161
10 1161
11 1161
1 117
94 96
1401 1403
1340 1346
138 139
1052 1110
472 473
317 318
4 318
676 700
161 162
12 1967
1536 1539
1511 1539
105 106
49 5662
43 5662
41 5662
43 5662
44 5662
1535 1536
1527 1536
11 625
19 2565
18 2565
28 2565
22 2565
16 2565
21 2565
1726 1747
367 384
182 183
11 1249
28 1249
85 87
811 812
743 746
46 2128
30 2128
23 2128
5 473
66 67
123 124
172 178
747 764
376 379
2383 2396
2394 2396
2395 2396
24 890
879 890
22 890
37 38
25 2407
26 2407
24 2407
22 2407
4 735
3 581
0 581
2 385
2 385
611 615
2 139
636 641
4 448
7 1064
20 1064
20 2225
88 89
940 941
1 89
1397 1419
447 452
78 80
547 554
87 89
1292 1294
1251 1294
190 381
114 1948
112 1948
137 1948
136 1948
949 962
445 448
349 352
136 137
593 594
7 1708
11 1708
143 287
24 25
803 816
625 626
89 90
5 2339
1535 1536
9 233
0 69
9 319
793 796
445 446
526 527
141 142
1 369
146 153
588 590
384 385
406 413
1 446
9 2395
13 2395
394 404
295 592
26 2163
15 2163
17 2163
27 55
174 191
31 2423
20 2423
39 2423
340 344
194 196
441 452
1392 1403
19 1205
17 1205
21 1014
290 294
439 448
85 86
394 395
843 844
843 844
151 303
1295 1360
4 812
106 107
561 562
478 479
466 467
1723 1733
39 1733
1648 1733
78 80
738 739
437 446
123 247
388 389
732 733
214 215
279 295
428 431
172 175
129 130
186 187
130 135
281 284
328 371
329 330
12 1724
8 1724
10 1724
546 549
908 919
569 1139
5 896
7 896
425 437
51 103
263 264
255 261
256 264
647 648
1538 1577
20 1501
1465 1501
23 1501
615 617
1615 1618
284 285
503 504
114 115
47 48
7 247
16 737
219 223
508 509
4 311
592 594
238 477
344 345
732 733
13 789
11 789
17 605
1727 1747
341 347
27 1511
28 1511
361 362
145 147
306 307
136 139
137 139
381 382
882 1766
393 788
783 788
785 788
786 788
393 788
2 788
0 788
393 788
784 788
21 694
3 694
301 307
171 174
360 371
538 1077
536 537
88 178
96 103
287 290
26 3159
25 3159
14 3159
1314 1331
24 50
715 716
507 508
47 1909
28 1909
38 1909
2 1618
1614 1618
383 384
383 384
0 102
90 94
12 585
451 474
267 535
260 261
294 295
168 169
147 148
180 183
19 876
732 733
29 1787
42 1787
1723 1787
607 617
12 1553
14 1553
501 504
333 343
616 632
126 127
503 504
1078 1083
2 65
1127 1144
177 178
171 172
119 240
215 431
917 919
494 498
11 1618
1461 1475
183 368
3 26
18 1965
17 1965
14 1965
15 1965
13 1965
6 1965
124 125
3 175
27 55
3 379
3 229
2 229
229 230
1028 1042
14 344
10 323
745 746
875 876
475 479
402 406
486 504
166 171
3 575
21 764
22 1913
23 1913
1056 1057
4 269
2 173
341 344
758 772
23 242
1693 1695
1667 1695
381 382
763 764
174 175
92 94
810 811
393 394
1273 1287
0 176
138 139
302 310
359 360
227 230
810 811
378 381
14 1129
17 1129
13 1129
625 638
1069 1071
43 1410
15 1410
56 1410
810 811
496 497
18 37
3 285
302 305
251 256
359 360
116 233
15 623
1030 1061
259 260
444 452
562 563
591 592
136 144
163 327
615 617
13 337
12 362
5864 5976
139 5976
226 5976
228 5976
239 5976
202 5976
241 5976
214 5976
208 5976
1073 1075
378 379
642 661
161 162
4 2517
428 431
98 100
1385 1386
847 850
7 511
403 405
8 1102
6 1102
367 370
2 196
360 361
839 841
680 698
123 124
289 290
108 218
423 439
4 229
348 349
0 89
359 360
330 333
332 333
525 526
121 122
411 412
97 196
13 874
0 247
889 896
2 338
1 338
139 142
1765 1779
889 1779
1777 1779
889 1779
1237 1238
873 876
28 1853
27 1853
13 1853
580 592
563 564
86 173
13 1539
155 158
800 812
6 584
303 328
261 262
14 816
96 99
397 796
403 404
5 146
342 345
463 464
113 228
268 274
459 919
494 502
1109 1110
120 122
436 446
517 518
0 141
584 585
555 561
2769 2808
1331 1357
707 1416
196 204
98 100
281 563
563 564
472 473
1097 1110
332 339
163 327
301 308
147 295
583 587
11 777
21 558
74 149
104 209
2 279
951 962
21 3095
20 3095
25 3095
29 1617
1 1617
33 1617
2 1617
315 318
8 327
44 1767
40 1767
42 1767
46 1767
239 240
9 1071
520 522
1617 1618
2 465
1 465
464 465
