1841.000000
263.000000
126.000000
69.000000
38.000000
25.000000
22.000000
11.000000
10.000000
5.000000
8.000000
1.000000
5.000000
1.000000
1.000000
1.000000
0.000000
0.000000
0.000000
1.000000
0.000000
0.000000
0.000000
0.000000
0.000000
0.000000
0.000000
0.000000
0.000000
0.000000
0.000000
0.000000
0.000000
0.000000
0.000000
0.000000
0.000000
0.000000
0.000000
0.000000
0.000000
0.000000
0.000000
0.000000
0.000000
0.000000
0.000000
0.000000
0.000000
1.000000
0.000000
0.000000
0.000000
0.000000
0.000000
0.000000
0.000000
0.000000
0.000000
0.000000
0.000000
0.000000
0.000000
0.000000
1.000000
0.000000
0.000000
0.000000
0.000000
0.000000
0.000000
0.000000
0.000000
0.000000
0.000000
0.000000
0.000000
0.000000
1.000000
0.000000
2.000000
0.000000
0.000000
2.000000
2.000000
3.000000
4.000000
6.000000
3.000000
6.000000
11.000000
5.000000
18.000000
8.000000
10.000000
8.000000
9.000000
4.000000
12.000000
6.000000
