1806.000000
278.000000
137.000000
76.000000
35.000000
16.000000
19.000000
11.000000
13.000000
4.000000
3.000000
1.000000
2.000000
1.000000
3.000000
0.000000
0.000000
0.000000
0.000000
1.000000
0.000000
0.000000
0.000000
0.000000
0.000000
0.000000
0.000000
0.000000
0.000000
0.000000
0.000000
0.000000
0.000000
0.000000
0.000000
0.000000
0.000000
0.000000
0.000000
0.000000
0.000000
0.000000
0.000000
0.000000
0.000000
0.000000
0.000000
0.000000
1.000000
2.000000
0.000000
0.000000
0.000000
0.000000
0.000000
0.000000
0.000000
0.000000
0.000000
0.000000
0.000000
0.000000
0.000000
0.000000
0.000000
0.000000
0.000000
0.000000
0.000000
0.000000
0.000000
0.000000
0.000000
0.000000
0.000000
0.000000
0.000000
1.000000
0.000000
0.000000
0.000000
2.000000
1.000000
3.000000
2.000000
2.000000
2.000000
6.000000
6.000000
9.000000
7.000000
8.000000
9.000000
15.000000
8.000000
13.000000
13.000000
8.000000
13.000000
13.000000
