1516.000000
383.000000
176.000000
103.000000
53.000000
43.000000
17.000000
14.000000
13.000000
6.000000
3.000000
1.000000
1.000000
2.000000
2.000000
2.000000
1.000000
0.000000
0.000000
0.000000
0.000000
0.000000
0.000000
0.000000
0.000000
0.000000
0.000000
0.000000
0.000000
0.000000
0.000000
0.000000
0.000000
0.000000
0.000000
0.000000
0.000000
0.000000
0.000000
0.000000
0.000000
0.000000
0.000000
0.000000
0.000000
0.000000
0.000000
0.000000
1.000000
5.000000
0.000000
0.000000
0.000000
0.000000
0.000000
0.000000
0.000000
0.000000
0.000000
0.000000
1.000000
0.000000
0.000000
0.000000
0.000000
0.000000
0.000000
0.000000
0.000000
0.000000
0.000000
0.000000
0.000000
0.000000
0.000000
0.000000
0.000000
0.000000
0.000000
0.000000
1.000000
1.000000
2.000000
2.000000
2.000000
4.000000
4.000000
3.000000
5.000000
7.000000
7.000000
21.000000
22.000000
18.000000
19.000000
28.000000
17.000000
13.000000
17.000000
14.000000
