1848.000000
241.000000
126.000000
67.000000
54.000000
21.000000
17.000000
16.000000
6.000000
8.000000
3.000000
3.000000
7.000000
2.000000
1.000000
1.000000
1.000000
0.000000
0.000000
1.000000
0.000000
0.000000
0.000000
0.000000
0.000000
0.000000
0.000000
0.000000
0.000000
0.000000
0.000000
0.000000
0.000000
0.000000
0.000000
0.000000
0.000000
0.000000
0.000000
0.000000
0.000000
0.000000
0.000000
0.000000
0.000000
0.000000
0.000000
0.000000
0.000000
1.000000
0.000000
0.000000
0.000000
0.000000
0.000000
0.000000
0.000000
0.000000
0.000000
0.000000
0.000000
0.000000
0.000000
0.000000
0.000000
0.000000
0.000000
0.000000
0.000000
0.000000
0.000000
0.000000
0.000000
0.000000
0.000000
0.000000
0.000000
0.000000
0.000000
1.000000
0.000000
2.000000
2.000000
1.000000
1.000000
3.000000
7.000000
2.000000
3.000000
5.000000
14.000000
8.000000
13.000000
11.000000
12.000000
6.000000
6.000000
12.000000
10.000000
7.000000
