1779.000000
278.000000
142.000000
73.000000
41.000000
25.000000
18.000000
16.000000
8.000000
1.000000
1.000000
3.000000
2.000000
1.000000
2.000000
0.000000
1.000000
0.000000
0.000000
0.000000
0.000000
0.000000
0.000000
0.000000
0.000000
0.000000
0.000000
0.000000
0.000000
0.000000
0.000000
0.000000
0.000000
0.000000
0.000000
0.000000
0.000000
0.000000
0.000000
0.000000
0.000000
0.000000
0.000000
0.000000
0.000000
0.000000
0.000000
0.000000
1.000000
2.000000
0.000000
0.000000
0.000000
0.000000
0.000000
0.000000
0.000000
0.000000
0.000000
0.000000
0.000000
0.000000
0.000000
0.000000
0.000000
0.000000
0.000000
0.000000
0.000000
0.000000
0.000000
0.000000
0.000000
0.000000
0.000000
0.000000
0.000000
0.000000
2.000000
0.000000
0.000000
1.000000
1.000000
3.000000
4.000000
2.000000
2.000000
3.000000
6.000000
3.000000
9.000000
12.000000
17.000000
19.000000
16.000000
12.000000
9.000000
12.000000
13.000000
10.000000
