3 384
6 375
5 392
0 576
4 576
13 776
9 776
459 511
9 2287
8 2287
2 745
0 745
18 914
0 338
4 448
2 691
1 691
0 183
6 914
18 1155
55 1155
1077 1155
0 1155
2 1155
1 1370
2 1623
51 7389
214 7389
173 7389
5 7389
13 7389
111 7389
117 7389
10 7389
174 7389
93 7389
558 7389
2 2339
2 615
27 1288
2 176
28 1265
25 1265
9 1265
0 150
0 79
0 1983
5 1983
3 1983
128 1983
8 269
6 397
27 1208
18 1208
29 1208
24 1474
8 240
3 448
2 558
1 1113
0 1113
0 79
5 305
5 400
0 388
7 590
1 1483
4 152
139 152
0 796
1525 1536
0 805
6 276
287 328
3 1267
8 1267
19 1267
9 1267
16 1267
7 522
2 198
1 1013
0 1013
139 152
0 1303
3 1008
1 1008
3 327
1 562
8 737
8 737
235 264
162 175
0 44
0 89
3 1913
1 1913
4 1539
8 973
7 855
1 301
18 7645
75 7645
28 7645
9 7645
12 7645
205 7645
192 7645
55 7645
126 7645
26 7645
22 7645
8 7645
101 7645
3 7645
4 7645
7 7645
20 7645
10 7645
116 7645
5 7645
359 9306
22 9306
7 9306
135 9306
32 9306
243 9306
2 9306
143 9306
4 9306
236 9306
3 9306
34 9306
8 9306
323 9306
6 9306
328 9306
387 9306
55 9306
33 3760
244 3760
133 3760
46 3760
101 3760
42 3760
40 3760
116 3760
2 689
5 295
37 1454
14 1454
5 1454
6 1454
1 626
0 203
0 405
0 794
2 794
1 844
615 657
0 1110
9 150
1 1071
0 812
0 812
0 422
10 896
3 395
7 2339
0 135
4 324
0 721
71 79
0 204
0 811
1 368
0 380
0 380
1 384
8 152
1 98
67 68
1 446
1 777
3 777
0 884
882 884
0 1514
821 876
328 348
0 169
9 663
4 663
6 303
6 240
0 441
2 1474
0 733
4 1077
0 404
0 973
0 138
14 1618
5 567
804 876
1 176
0 2150
11 2150
27 876
2 311
5 1597
1 1597
6 1597
2 1597
3 618
0 98
0 184
8 776
5 776
1 497
54 57
4 392
15 670
9 670
4 392
7 511
2 247
0 876
1 344
4 965
25 1539
0 509
3 215
6 176
4 215
2 215
3 1386
1 283
0 764
0 465
0 792
7 10782
34 10782
5 10782
4 10782
55 10782
49 10782
44 10782
145 10782
33 10782
14 10782
47 10782
284 10782
19 10782
114 10782
83 10782
35 10782
52 10782
26 10782
108 10782
11 10782
18 10782
16 10782
42 10782
45 10782
47 10782
78 10782
1 224
16 767
3 144
33 540
3 2510
0 2510
253 269
3 269
0 1269
1 1269
2 919
0 782
7 448
0 931
1 931
2 247
0 89
26 2038
1 2038
0 2038
0 446
13 737
5 1898
4 1898
6 584
4 1360
5 2257
7 2257
1 1695
11 2339
15 1072
2 746
1 746
1 2150
13 2150
32 3410
6 3410
15 3410
2 746
1 2150
16 2150
11 764
2 746
0 456
36 590
8 2449
77 2449
16 191
10 777
0 266
1 1027
2 976
23 976
10 3000
27 3000
14 3000
30 3000
29 3000
5 3000
1 202
0 456
5 777
1 381
0 295
3 186
412 441
0 94
53 68
1 287
4 240
3 142
4 240
1 655
0 1197
6 2831
5 2831
3 2831
1 2831
2 1331
4 4210
40 4210
74 4210
16 4210
84 4210
86 4210
32 4210
1 4210
49 4210
153 4210
236 4210
0 20
2 209
0 677
4 677
1 1547
10 1547
5 888
34 888
0 344
0 413
6 1012
4 1012
11 1012
1 269
0 467
2 504
28 1110
0 585
4 2128
0 2128
8 2128
1 960
1 1483
8 1536
6 1536
1 1110
3 1069
4 1069
8 1069
4 1014
67 811
1 1110
2 423
1 93
177 183
1 384
1 724
10 2375
0 2375
3 2375
0 178
15 788
3 788
10 788
5 788
25 788
0 788
1 788
12 788
4 788
1 203
206 226
0 4949
2 4949
5 4949
33 4949
105 4949
9 4949
41 4949
0 120
47 2150
1 2150
14 2150
0 653
4 689
3 2955
1 2955
44 2955
4 2955
14 2955
2 2955
100 2955
2 1695
0 439
0 439
6 225
2 2163
3 2163
152 13875
41 13875
5 13875
14 13875
19 13875
149 13875
22 13875
17 13875
181 13875
25 13875
13577 13875
98 13875
85 13875
110 13875
10 2339
2 222
0 150
2 1164
5 1164
17 1164
0 2347
1 2347
3 2347
2 2347
0 633
0 384
20 3126
23 3126
31 3126
6 3126
3 3126
15 3126
13 3126
4 1078
1 1078
0 1078
9 267
5 1926
10 526
4 812
8 858
5 5657
4 5657
16 5657
8 5657
13 5657
3 5657
87 5657
65 5657
37 1042
9 423
1 218
3 172
24 1307
978 1021
4 384
0 400
7 240
4 247
1 176
0 247
1 124
3 618
1 247
4 1708
2 1708
0 1708
1 1708
0 762
1 762
3 152
8 371
2 264
2 442
0 442
6 389
39 5642
11 5642
2 5642
306 5642
78 5642
37 5642
18 5642
7 416
9 223
2 86
9 543
8 1403
4 1403
0 679
1 2517
0 87
2 689
1 336
1 89
1 153
9 1403
5 1963
16 1963
5 2002
8 2002
2 2002
9 147
7 147
4 163
253 264
0 1539
220 264
6 590
0 181
201 241
0 465
741 764
31 764
8 764
7 295
0 1652
1 1652
0 1967
2 86
0 1110
4 1183
0 1183
3 1183
0 876
0 389
2 1124
1 1124
3 1014
0 961
4 961
1 961
0 526
0 359
42 1130
0 257
3 1386
2 842
29 1042
0 257
3 2403
43 2403
15 2403
0 106
5 375
4 617
3 270
18 270
7 340
3 327
0 380
7 518
2 587
5 587
0 384
0 424
4 264
635 699
1 1317
3 1317
6 1317
9 120
3 594
0 538
0 603
0 1130
1 344
5 240
0 1241
0 122
8 855
12 1898
10 1898
8 1898
4 1898
8 384
16 17
15 914
0 777
4 163
13 4713
9 4713
2 4713
4428 4713
3 4713
19 4713
0 44
10 2150
13 2150
1 2150
0 2150
10 402
238 266
2 781
3 781
0 781
10 781
19 664
1 689
0 874
0 796
0 796
132 1464
4 1464
11 1464
0 548
5 382
19 233
2 663
2 257
473 506
16 1012
4 257
0 626
0 371
776 782
41 3816
6 3816
5 3816
4 3816
0 3816
38 3816
8 3816
5 340
2 1347
5 1347
0 149
1 554
3 364
0 364
277 295
7 435
11 695
2 1247
1 1247
8 423
8 914
0 265
5 631
6 631
3 186
0 518
168 171
24 511
3 431
0 2308
4 2308
2 2303
9 2303
12 145
6 145
4 145
0 467
3 518
1 405
14 318
8 423
4 324
5 389
1 8726
6 8726
218 8726
12 8726
109 8726
9 8726
336 8726
16 8726
79 8726
86 8726
0 8726
15 8726
41 8726
0 422
1 108
0 456
0 1036
1 1036
8 391
1 344
0 679
2 154
364 397
8 3066
7 3066
43 3066
4 1214
5 1214
38 1595
35 1595
18 764
0 457
0 368
0 376
3 209
0 209
1 1191
0 1191
517 592
8 378
3 141
0 389
1 446
0 264
0 526
24 1110
11836 12734
91 12734
12004 12734
496 12734
125 12734
120 12734
11823 12734
63 12734
108 12734
113 12734
33 12734
9 12734
74 12734
24 12734
82 12734
164 12734
53 12734
194 12734
5 203
2 89
0 653
7 295
0 841
0 441
379 384
0 876
1112 1264
1246 1264
1261 1264
1 404
0 1483
0 1110
6 590
6 590
248 264
0 107
2 1386
0 148
1 89
4 842
40 461
0 669
1 669
8 737
622 699
8 423
8 737
0 107
0 107
2 148
0 473
17 2629
128 2629
6 2629
14 2629
2 384
2 1589
1 1589
0 1589
1 113
0 2696
1 2696
4 2696
0 774
24 664
103 987
5 987
9 987
7 4344
0 4344
20 4344
30 4344
5 4344
1 4344
3 4344
2 222
0 626
9 1376
5 1376
1 1376
6 1376
4 558
3 680
5 680
7 234
1 177
1 177
5 384
27 441
38 441
1 376
3 1511
2 1511
3 522
13 522
0 169
2 737
25 664
6 479
0 2238
10 2238
17 2238
5 2238
22 1074
11 737
0 762
4 2517
26 788
19 2300
5 2300
0 762
0 618
0 183
20 270
8 558
0 252
9 295
5 1913
82 1913
7 656
9 656
12 656
5 240
1 423
3 764
3 373
13 446
1 357
7 423
1 632
7 590
1 562
10 456
0 9
293 587
0 562
18 1014
0 774
0 404
0 567
1 1407
0 594
1 690
0 690
2 250
1 127
8 295
4 2725
3 2725
2 2725
0 2725
5 2725
0 442
1 442
2 518
1 508
0 269
3 269
0 38
5 6094
3 6094
1 6094
4 6094
9 6094
1 1370
17 2737
41 2737
47 1409
9 526
8 465
1 339
1 960
0 960
14 382
1 295
0 404
0 431
1 1536
1 615
0 844
0 308
2 504
3 560
1 730
0 730
0 764
1 1701
10 240
1 283
5 596
2 392
1 2339
0 2339
0 303
0 461
44 563
21 438
1 122
1 980
0 980
1 845
0 665
5 378
1 352
1 889
10 889
0 189
0 431
0 751
10 526
14 1955
12 1955
20 1955
10 1955
5 1955
21 1955
9 9453
86 9453
8 9453
20 9453
22 9453
3 9453
18 9453
5 9453
19 9453
7 9453
28 9453
10 9453
14 9453
2 9453
4 9453
7 3604
39 3604
3 3604
3426 3604
2 3604
1 2982
13 2982
20 2982
3 2982
8 2982
0 1152
0 499
0 181
1 181
240 249
13 613
6 395
0 575
1 122
1 1114
2 1114
264 283
274 283
0 241
49 55
7 655
2 1887
7 1887
1 1887
142 7512
24 7512
90 7512
47 7512
32 7512
5 7512
53 7512
143 7512
200 7512
290 7512
119 7512
99 7512
114 7512
476 7512
133 7512
7 328
1 623
0 106
7 82
2 305
0 196
5 151
7 439
1 328
11 2031
2 4370
1 4370
6 4370
0 4370
7 4370
9 4370
4 4370
3 4370
0 340
0 360
1 269
0 413
3 887
1 187
0 187
2 534
3 1539
1 726
6 257
1 202
18 764
28 764
0 473
0 729
2 729
1 729
3 174
3 593
0 326
4 282
57 59
19 2849
22 2849
18 2849
4 2849
1 225
1 435
0 435
0 522
136 146
9 479
6 399
2 587
1 562
27 788
14 788
38 788
24 788
31 788
1 788
0 788
34 788
30 788
442 473
2 473
3 1528
0 1528
1 1904
4 1904
5 733
0 219
187 2417
291 2417
37 594
10 594
15 594
4 620
3 620
2 476
0 476
2 405
1558 1695
2 91
0 91
1 1223
2 1223
3 1223
6 479
1 328
3 1879
6 1879
50 4834
16 4834
22 4834
18 4834
26 4834
19 4834
143 145
19 739
2 336
18 361
156 177
0 413
27 759
1 191
1 191
1 240
12 233
171 177
0 176
2 318
2 807
1 807
7 761
0 446
0 931
1 931
1 1074
5 812
240 287
14 764
5 1043
1 857
0 922
1 558
7 558
0 279
141 173
1 130
3 617
1 617
0 1707
9 1707
3 4275
1 4275
20 4275
5 4275
9 4275
0 1149
1 1149
3 1149
2 2971
4 2971
0 336
283 318
0 1026
1 92
0 92
0 311
0 161
0 774
6 127
0 379
0 400
0 428
7 381
1 562
0 497
2 393
2 279
1 323
9 395
1 223
0 362
461 509
0 2434
1 716
1 388
10 233
0 484
0 484
1 484
4 1075
6 1075
6 1075
7 1075
0 118
0 114
58 844
41 844
2 306
3 1742
2 1742
0 1742
5 441
0 655
656 764
0 509
3221 3737
4 3737
1 3737
0 3737
1 562
2109 2181
3 338
1 40
0 379
2 405
0 474
0 98
0 1143
6 368
649 699
0 343
7 126
2 1644
134 1644
2 767
1 767
727 767
0 20
9 310
0 354
2 61
1 297
35 727
12 395
2 1618
0 233
3 381
0 473
210 217
0 152
67 768
0 171
0 567
0 301
0 461
27 788
6 788
28 788
16 788
31 788
1 788
0 788
26 788
20 788
1 405
1 653
3 139
0 324
0 973
2 1386
0 633
13 664
0 1618
9 395
0 295
18 344
7 230
2109 2219
0 385
9 527
9 1926
11 1926
3 548
0 919
2 699
10 472
2 327
0 821
2 821
3 821
0 526
0 567
9 1012
4 1012
5 1012
5 562
30 739
1 266
6 227
0 241
14 635
6 391
0 177
0 407
2 435
7 535
10 527
8 371
7 371
0 240
0 57
252 297
3 262
1 361
40 1312
0 84
3 287
5 509
2 585
0 592
797 812
182 2339
2 290
0 948
1 948
1 448
971 973
1 360
349 389
67 1646
0 2101
2 2101
3 2101
6 2101
48 876
4 472
1 265
4 777
4 502
1 137
4 209
3 144
1 183
0 370
131 135
1 120
1 962
23 721
0 114
2 3218
3 1747
0 231
0 1110
0 153
1 290
2 397
319 325
6 319
6 382
16 5267
5 5267
0 5267
15 5267
21 5267
10 5267
31 5267
20 5267
2 5267
13 5267
3 5267
1 5267
18 5267
14 5267
0 1034
5 1034
0 2191
1 2191
0 247
0 247
2 1416
82 1027
0 319
0 1042
0 384
0 163
1 127
1 484
0 900
0 544
1 265
0 368
0 930
2 2416
1 2416
4 2416
5 919
1 407
0 382
0 247
2 233
1 1183
0 1183
2 1183
1 1185
0 382
1 340
1 3763
0 3763
2 177
1 477
0 141
0 242
0 295
1 295
2 395
601 615
0 308
0 1695
14 511
0 227
0 257
7 2339
1 395
0 359
2 761
2 257
0 176
2 336
1 195
1 365
3 240
1 230
3 196
7 338
4 1116
70 1116
0 1124
0 300
5 1623
829 906
0 57
0 188
0 1057
0 233
1 721
6 318
3 735
20 699
0 446
0 310
0 165
3 465
1 1130
672 679
2 392
331 348
4 1898
2 1898
0 472
15 950
20 950
3 950
3 191
1 1695
0 324
0 282
0 861
6 1695
320 360
1 960
0 388
0 1701
1 453
0 453
0 247
2 461
16 295
3 1042
5 549
269 319
1 1110
2 2517
1 866
0 866
2 141
3 387
39 48
0 1791
1 1791
12 511
6 275
3 286
0 423
0 191
944 950
21 509
0 861
0 364
3 364
0 378
1 3651
0 364
3 364
0 298
0 679
5 654
1 177
583 605
3 392
3 392
1 569
0 43
0 414
2 272
2 327
2 2050
0 2050
1 2050
1 617
0 927
5 1268
3 1268
4 1268
7 1413
150 157
14 317
20 790
775 790
0 812
2 1077
9 584
4 562
4 1360
4 1695
376 405
16 587
4 127
2 1592
1 1592
0 1719
2 1719
1 1719
1 548
0 548
2 195
1 352
0 1043
33 2703
15 2703
52 2703
24 2703
8 1165
376 395
1 1323
0 1323
2 1323
6 1323
3 1323
0 118
0 165
3 663
16 451
13 1536
3 1526
1 1526
7 1526
0 116
291 327
2 587
7 139
1 325
2 1288
0 116
210 240
0 217
654 712
6 1386
60 2339
0 2517
24 381
9 284
0 183
7 295
0 2517
3 2339
12 465
0 247
1 2517
0 55
1 281
0 247
5 1360
2 461
14 3761
0 590
2 594
3 378
6 1539
1 108
36 4338
1337 1552
3 152
0 646
1 306
7 657
3 657
4 1042
420 421
1 1042
4 222
1 1034
0 270
0 1104
0 486
0 502
1 57
770 816
0 2365
2 1074
0 187
1 2236
2 2236
3 2236
0 2236
3 405
5 1110
2 497
5 222
0 120
0 151
0 1392
0 230
76 86
2 78
74 2339
0 9
1 1021
0 318
1 308
0 279
0 762
1 88
6 721
0 1027
3 500
0 89
3 86
14 159
13 733
10 725
0 276
1 497
5 1130
0 456
1 654
0 777
0 53
0 340
472 475
1 142
0 694
0 41
0 90
36 588
16 588
3 588
2 214
0 67
1 588
1 327
1 342
0 588
6 193
1 161
77 90
4 588
6 41
34 322
1 718
2 142
20 567
3 588
4 113
0 120
3 588
4 567
7 588
10 588
5 483
8 588
1 218
25 588
7 282
7 282
14 588
10 218
3 327
23 24
0 274
5 274
1 214
1 142
2 90
87 90
1 228
9 567
0 229
523 567
3 343
217 228
1 327
0 43
7 386
32 694
200 228
1 475
3 588
431 475
11 946
0 475
0 567
5 457
3 327
4 483
7 343
0 116
0 475
2 228
0 342
296 327
27 560
12 229
0 99
2 588
40 43
6 43
0 168
3 141
0 483
0 16
7 588
0 386
13 334
1 588
2 588
1 588
1 588
0 90
16 588
0 271
580 588
25 386
0 67
543 560
309 342
1 454
1 588
4 588
0 211
22 694
620 694
7 228
1 327
575 588
7 752
0 53
0 229
13 588
6 41
1 374
0 334
1 588
11 475
5 110
0 229
0 58
14 588
1 142
12 153
2 334
2 116
8 118
585 588
15 386
4 327
2 142
10 228
5 156
2 588
4 588
1 327
4 343
14 153
437 475
0 588
0 99
0 588
6 588
553 574
0 694
1 90
14 694
0 56
34 560
2 342
11 322
0 752
578 588
292 327
2 193
9 454
0 342
0 67
0 327
9 588
0 229
0 342
2 67
18 2673
0 211
5 483
2 327
3 228
4 33
3 962
1 1539
0 125
0 120
3 80
1 816
0 554
1 176
2 406
0 66
0 473
0 977
0 844
0 290
10 502
2 88
1 275
2 147
4 515
0 1205
3 1403
0 1695
8 605
6 605
8 1347
3 1347
9 1516
0 295
0 473
0 59
2 1021
749 788
8 228
0 1110
1 88
0 768
1 476
1 337
0 340
55 1695
4 127
0 308
2 378
0 241
0 452
0 284
1 1900
0 1900
2 3101
0 3101
0 6
3 218
10 664
0 158
0 423
3 951
7 951
0 623
0 399
4 1577
0 278
1 214
5 2150
0 2150
0 145
0 404
0 1074
1 336
0 362
4 594
0 216
0 439
0 527
3 1386
1 639
46 762
0 625
1 625
0 725
0 395
0 1036
3 1042
1 393
2 1539
1 368
2 1539
105 117
26 632
4 1042
0 518
0 567
1 452
1 1071
0 347
0 303
0 120
22 270
11 2237
12 2237
1 2237
0 2237
3 2237
0 233
1548 1552
0 409
0 1230
2 1230
7 853
0 400
0 126
0 446
8 857
0 973
0 274
1 274
0 3390
13 3390
7 3390
4 3390
0 584
13 890
1 626
4 216
0 1346
0 247
6 287
73 79
0 196
16 191
185 7353
48 7353
53 7353
7246 7353
222 7353
16 7353
272 7353
51 7353
72 7353
748 7353
49 7353
146 7353
52 7353
245 7353
10 7353
6 7353
0 141
2 2466
1 2466
3 2466
0 2466
0 1456
50 10604
160 10604
101 10604
34 10604
348 10604
55 10604
37 10604
32 10604
107 10604
74 10604
9 10604
141 10604
51 10604
33 10604
99 10604
46 10604
10 1655
3 1655
0 407
2 1162
5 1162
1 1162
3 1162
1 479
547 623
0 87
0 564
14 391
0 295
0 590
1 508
51 1695
1 47
16 788
11 788
20 788
13 788
18 788
2 788
1 788
8 788
10 788
1 230
0 739
0 436
2 1695
0 247
0 626
15 567
4 115
2 48
0 344
5 684
631 764
1 582
93 1072
5 1862
1 1862
4 369
32 876
1 625
0 233
1 937
0 937
2 937
0 230
1 421
0 272
0 218
1 812
19 826
0 919
0 887
1 1072
60 2339
3 958
2 958
1 1623
3 141
0 792
3 811
0 2330
1 2330
2 247
3 974
117 120
0 182
3 423
0 1967
0 30
2 384
4 549
9 1153
0 497
3 188
1 498
5 157
1 157
3 2339
9 950
1 57
0 135
1 473
0 962
1 448
0 163
0 414
3 1161
0 1161
2 1161
0 117
0 96
1 1403
0 1346
1 139
51 1110
0 473
1 318
0 318
1 700
0 162
0 1967
2 1539
0 1539
0 106
6 5662
5 5662
3 5662
4 5662
1 5662
4 1536
12 1536
4 625
9 2565
7 2565
8 2565
4 2565
12 2565
11 2565
1731 1747
5 384
10 183
8 1249
6 1249
0 87
0 812
2 746
8 2128
0 2128
7 2128
0 473
0 67
2 124
6 178
0 764
1 379
2 2396
0 2396
1 2396
15 890
8 890
9 890
0 38
0 2407
3 2407
7 2407
6 2407
0 735
2 581
0 581
0 385
1 385
7 615
1 139
0 641
3 448
1 1064
0 1064
3 2225
1 89
0 941
0 89
0 1419
11 452
2 80
4 554
0 89
2 1294
9 1294
19 381
36 1948
53 1948
9 1948
1 1948
4 962
0 448
0 352
0 137
0 594
3 1708
0 1708
1 287
0 25
0 816
0 626
0 90
16 2339
0 1536
0 233
10 69
3 319
1 796
0 446
0 527
0 142
1 369
0 153
1 590
0 385
29 413
0 446
1 2395
0 2395
0 404
295 592
5 2163
3 2163
7 2163
1 55
37 191
0 2423
4 2423
1 2423
1 344
1 196
0 452
69 1403
1 1205
0 1205
1 1014
2 294
2 448
8 86
0 395
2 844
0 844
0 303
0 1360
0 812
0 107
0 562
1 479
8 467
12 1733
27 1733
22 1733
1 80
0 739
0 446
240 247
0 389
0 733
2 215
4 295
2 431
0 175
3 130
1 187
1 135
0 284
3 371
3 330
2 1724
0 1724
1 1724
3 549
8 919
25 1139
1 896
0 896
0 437
0 103
0 264
2 261
0 264
0 648
6 1577
0 1501
2 1501
1 1501
47 617
2 1618
0 285
4 504
2 115
47 48
0 247
1 737
0 223
0 509
0 311
36 594
2 477
0 345
1 733
5 789
3 789
0 605
0 1747
0 347
11 1511
6 1511
0 362
7 147
0 307
8 139
7 139
0 382
92 1766
737 788
2 788
12 788
8 788
753 788
0 788
1 788
727 788
4 788
0 694
1 694
277 307
2 174
2 371
1 1077
0 537
6 178
0 103
0 290
4 3159
2 3159
1 3159
2 1331
24 50
0 716
1 508
21 1909
12 1909
26 1909
0 1618
5 1618
0 384
1 384
0 102
0 94
0 585
0 474
529 535
0 261
2 295
1 169
1 148
2 183
3 876
1 733
8 1787
5 1787
6 1787
3 617
0 1553
1 1553
3 504
1 343
1 632
0 127
5 504
82 1083
2 65
1 1144
0 178
2 172
1 240
5 431
13 919
0 498
0 1618
1432 1475
9 368
3 26
7 1965
5 1965
2 1965
0 1965
4 1965
3 1965
3 125
0 175
3 55
1 379
0 229
0 229
0 230
0 1042
0 344
0 323
2 746
23 876
3 479
10 406
2 504
154 171
1 575
9 764
10 1913
1 1913
0 1057
1 269
0 173
320 344
0 772
0 242
3 1695
2 1695
2 382
4 764
0 175
0 94
0 811
0 394
0 1287
0 176
13 139
0 310
0 360
1 230
0 811
1 381
1 1129
14 1129
4 1129
0 638
0 1071
30 1410
16 1410
21 1410
0 811
0 497
1 37
0 285
1 305
4 256
0 360
8 233
1 623
0 1061
1 260
0 452
0 563
2 592
2 144
3 327
0 617
5 337
1 362
5970 5976
54 5976
42 5976
61 5976
53 5976
38 5976
74 5976
70 5976
23 5976
8 1075
1 379
26 661
0 162
1 2517
5 431
2 100
0 1386
2 850
0 511
1 405
1 1102
0 1102
0 370
1 196
1 361
18 841
6 698
0 124
0 290
205 218
0 439
6 229
0 349
1 89
0 360
6 333
9 333
0 526
0 122
0 412
1 196
0 874
0 247
0 896
1 338
2 338
0 142
39 1779
1774 1779
7 1779
1704 1779
0 1238
815 876
48 1853
18 1853
0 1853
0 592
0 564
0 173
2 1539
0 158
0 812
8 584
0 328
9 262
2 816
0 99
14 796
1 404
2 146
0 345
9 464
6 228
2 274
879 919
2 502
0 1110
2 122
7 446
3 518
0 141
0 585
2 561
1 2808
0 1357
51 1416
1 204
0 100
18 563
0 564
0 473
3 1110
0 339
314 327
0 308
5 295
0 587
1 777
3 558
0 149
11 209
0 279
0 962
0 3095
7 3095
5 3095
11 1617
4 1617
9 1617
3 1617
0 318
2 327
3 1767
11 1767
5 1767
1 1767
5 240
2 1071
0 522
0 1618
0 465
1 465
1 465
