10 384
6 375
19 392
2 576
9 576
21 776
22 776
440 511
9 2287
11 2287
4 745
0 745
16 914
6 338
2 448
2 691
3 691
1 183
8 914
23 1155
45 1155
1093 1155
1 1155
6 1155
1 1370
7 1623
42 7389
160 7389
96 7389
16 7389
21 7389
61 7389
26 7389
25 7389
220 7389
114 7389
341 7389
1 2339
2 615
26 1288
5 176
14 1265
9 1265
8 1265
3 150
0 79
0 1983
5 1983
3 1983
4 1983
5 269
10 397
45 1208
26 1208
22 1208
18 1474
8 240
1 448
3 558
3 1113
0 1113
0 79
5 305
10 400
2 388
10 590
1 1483
3 152
1 152
1 796
1514 1536
0 805
8 276
27 328
11 1267
7 1267
22 1267
9 1267
16 1267
509 522
5 198
0 1013
1 1013
145 152
1 1303
4 1008
6 1008
4 327
1 562
8 737
7 737
8 264
9 175
0 44
0 89
7 1913
2 1913
4 1539
16 973
12 855
12 301
24 7645
147 7645
120 7645
42 7645
3 7645
233 7645
277 7645
116 7645
185 7645
11 7645
6 7645
43 7645
178 7645
52 7645
5 7645
34 7645
53 7645
17 7645
69 7645
67 7645
561 9306
7 9306
19 9306
260 9306
24 9306
343 9306
6 9306
198 9306
12 9306
358 9306
4 9306
49 9306
22 9306
420 9306
18 9306
448 9306
437 9306
67 9306
73 3760
151 3760
101 3760
88 3760
82 3760
64 3760
75 3760
95 3760
6 689
7 295
25 1454
23 1454
16 1454
10 1454
1 626
0 203
0 405
0 794
2 794
1 844
30 657
1 1110
133 150
0 1071
0 812
0 812
0 422
13 896
5 395
4 2339
0 135
5 324
0 721
77 79
2 204
0 811
1 368
0 380
0 380
5 384
135 152
4 98
67 68
1 446
2 777
10 777
0 884
877 884
12 1514
842 876
2 348
0 169
16 663
10 663
10 303
8 240
0 441
9 1474
0 733
7 1077
1 404
0 973
0 138
18 1618
0 567
796 876
1 176
1 2150
18 2150
30 876
2 311
9 1597
5 1597
14 1597
6 1597
11 618
3 98
1 184
16 776
15 776
3 497
56 57
11 392
16 670
0 670
361 392
6 511
6 247
0 876
1 344
7 965
55 1539
0 509
4 215
5 176
4 215
2 215
7 1386
2 283
0 764
0 465
0 792
32 10782
74 10782
28 10782
16 10782
86 10782
119 10782
97 10782
90 10782
36 10782
46 10782
80 10782
432 10782
57 10782
117 10782
104 10782
38 10782
103 10782
26 10782
125 10782
47 10782
31 10782
33 10782
134 10782
41 10782
80 10782
56 10782
1 224
6 767
7 144
510 540
7 2510
0 2510
237 269
4 269
1 1269
0 1269
2 919
0 782
1 448
0 931
1 931
2 247
3 89
34 2038
14 2038
12 2038
1 446
17 737
18 1898
9 1898
23 584
8 1360
14 2257
10 2257
5 1695
19 2339
20 1072
1 746
3 746
1 2150
8 2150
32 3410
2 3410
13 3410
4 746
1 2150
20 2150
11 764
4 746
0 456
490 590
13 2449
34 2449
20 191
5 777
0 266
1 1027
6 976
16 976
12 3000
28 3000
11 3000
48 3000
23 3000
15 3000
2 202
0 456
6 777
6 381
0 295
3 186
424 441
1 94
62 68
3 287
5 240
18 142
9 240
4 655
0 1197
6 2831
5 2831
2 2831
1 2831
12 1331
10 4210
24 4210
140 4210
40 4210
48 4210
128 4210
87 4210
4 4210
61 4210
144 4210
234 4210
2 20
3 209
2 677
4 677
0 1547
4 1547
6 888
27 888
1 344
1 413
8 1012
5 1012
9 1012
3 269
4 467
2 504
1003 1110
2 585
8 2128
6 2128
5 2128
3 960
1 1483
8 1536
5 1536
10 1110
7 1069
6 1069
12 1069
1 1014
49 811
5 1110
9 423
1 93
2 183
0 384
2 724
6 2375
3 2375
7 2375
0 178
739 788
2 788
11 788
5 788
745 788
0 788
1 788
729 788
4 788
1 203
216 226
2 4949
7 4949
4 4949
28 4949
115 4949
17 4949
35 4949
0 120
45 2150
13 2150
18 2150
1 653
7 689
3 2955
1 2955
12 2955
4 2955
16 2955
2 2955
51 2955
4 1695
0 439
0 439
16 225
2 2163
3 2163
341 13875
101 13875
13 13875
21 13875
14 13875
87 13875
42 13875
51 13875
167 13875
53 13875
13634 13875
248 13875
174 13875
254 13875
23 2339
2 222
1 150
2 1164
5 1164
15 1164
0 2347
1 2347
3 2347
2 2347
1 633
3 384
13 3126
21 3126
43 3126
5 3126
2 3126
15 3126
6 3126
7 1078
8 1078
0 1078
3 267
10 1926
491 526
6 812
10 858
11 5657
7 5657
13 5657
6 5657
14 5657
3 5657
42 5657
112 5657
62 1042
9 423
3 218
10 172
24 1307
937 1021
10 384
4 400
14 240
9 247
1 176
0 247
2 124
9 618
4 247
7 1708
5 1708
2 1708
3 1708
1 762
6 762
2 152
9 371
6 264
0 442
2 442
3 389
61 5642
10 5642
8 5642
5220 5642
32 5642
52 5642
40 5642
4 416
9 223
5 86
11 543
11 1403
10 1403
7 679
1 2517
0 87
1 689
5 336
2 89
3 153
19 1403
8 1963
14 1963
9 2002
7 2002
8 2002
10 147
8 147
151 163
255 264
9 1539
223 264
7 590
0 181
21 241
0 465
39 764
27 764
11 764
8 295
0 1652
1 1652
0 1967
2 86
0 1110
3 1183
0 1183
2 1183
0 876
0 389
5 1124
3 1124
3 1014
2 961
4 961
0 961
0 526
0 359
51 1130
2 257
6 1386
787 842
59 1042
0 257
20 2403
87 2403
27 2403
0 106
7 375
10 617
17 270
22 270
8 340
1 327
0 380
6 518
8 587
7 587
1 384
0 424
5 264
34 699
4 1317
10 1317
3 1317
11 120
7 594
0 538
0 603
1 1130
1 344
7 240
0 1241
1 122
7 855
10 1898
9 1898
5 1898
2 1898
14 384
14 17
53 914
0 777
141 163
24 4713
20 4713
8 4713
256 4713
16 4713
22 4713
0 44
15 2150
18 2150
3 2150
1 2150
17 402
4 266
2 781
5 781
1 781
9 781
15 664
14 689
2 874
6 796
3 796
85 1464
8 1464
14 1464
0 548
4 382
17 233
2 663
9 257
473 506
5 1012
4 257
2 626
0 371
29 782
37 3816
21 3816
6 3816
7 3816
4 3816
41 3816
17 3816
6 340
5 1347
6 1347
0 149
2 554
7 364
4 364
4 295
28 435
14 695
2 1247
1 1247
6 423
6 914
4 265
8 631
10 631
3 186
3 518
166 171
479 511
16 431
0 2308
4 2308
2 2303
15 2303
13 145
8 145
2 145
2 467
12 518
2 405
20 318
8 423
5 324
3 389
4 8726
23 8726
189 8726
19 8726
138 8726
18 8726
320 8726
30 8726
110 8726
103 8726
3 8726
21 8726
7 8726
0 422
1 108
0 456
0 1036
1 1036
11 391
1 344
7 679
2 154
393 397
10 3066
9 3066
60 3066
5 1214
4 1214
25 1595
39 1595
44 764
0 457
0 368
0 376
6 209
3 209
1 1191
0 1191
520 592
19 378
8 141
0 389
6 446
1 264
4 526
25 1110
11931 12734
135 12734
422 12734
204 12734
321 12734
99 12734
12248 12734
102 12734
180 12734
193 12734
58 12734
41 12734
76 12734
54 12734
190 12734
382 12734
45 12734
268 12734
7 203
8 89
0 653
16 295
0 841
0 441
369 384
0 876
61 1264
1219 1264
1262 1264
2 404
0 1483
0 1110
9 590
15 590
235 264
1 107
4 1386
0 148
78 89
6 842
45 461
1 669
3 669
9 737
38 699
5 423
6 737
0 107
0 107
0 148
0 473
40 2629
78 2629
9 2629
24 2629
7 384
4 1589
0 1589
1 1589
2 113
1 2696
4 2696
5 2696
0 774
30 664
115 987
5 987
10 987
10 4344
4 4344
11 4344
26 4344
6 4344
5 4344
3 4344
2 222
14 626
9 1376
5 1376
1 1376
6 1376
8 558
7 680
10 680
10 234
4 177
1 177
7 384
12 441
407 441
1 376
9 1511
10 1511
8 522
16 522
0 169
5 737
32 664
7 479
3 2238
12 2238
27 2238
5 2238
31 1074
11 737
1 762
18 2517
730 788
19 2300
16 2300
0 762
3 618
0 183
23 270
8 558
2 252
19 295
20 1913
32 1913
14 656
12 656
15 656
8 240
1 423
3 764
10 373
6 446
1 357
6 423
0 632
22 590
1 562
427 456
0 9
293 587
1 562
3 1014
0 774
0 404
0 567
1 1407
0 594
1 690
0 690
4 250
1 127
13 295
2 2725
4 2725
3 2725
1 2725
5 2725
0 442
1 442
3 518
1 508
0 269
1 269
0 38
6 6094
4 6094
3 6094
2 6094
10 6094
2 1370
36 2737
9 2737
31 1409
14 526
22 465
1 339
3 960
1 960
7 382
1 295
0 404
1 431
1 1536
1 615
0 844
0 308
5 504
3 560
1 730
0 730
1 764
2 1701
226 240
5 283
7 596
19 392
3 2339
1 2339
0 303
0 461
31 563
14 438
1 122
0 980
1 980
2 845
0 665
10 378
1 352
3 889
2 889
1 189
0 431
0 751
0 526
23 1955
17 1955
26 1955
15 1955
6 1955
32 1955
17 9453
57 9453
16 9453
25 9453
39 9453
15 9453
26 9453
23 9453
13 9453
7 9453
27 9453
12 9453
22 9453
10 9453
31 9453
8 3604
7 3604
3 3604
3295 3604
0 3604
6 2982
17 2982
13 2982
9 2982
15 2982
4 1152
1 499
1 181
0 181
235 249
2 613
12 395
1 575
1 122
1 1114
2 1114
274 283
282 283
0 241
2 55
9 655
4 1887
13 1887
1 1887
100 7512
70 7512
63 7512
98 7512
35 7512
23 7512
92 7512
109 7512
244 7512
341 7512
121 7512
112 7512
96 7512
574 7512
240 7512
5 328
1 623
1 106
1 82
2 305
1 196
134 151
407 439
1 328
21 2031
4 4370
3 4370
6 4370
0 4370
7 4370
9 4370
5 4370
2 4370
0 340
0 360
1 269
0 413
7 887
1 187
0 187
3 534
14 1539
2 726
241 257
3 202
13 764
10 764
0 473
0 729
2 729
1 729
3 174
8 593
0 326
2 282
57 59
22 2849
28 2849
29 2849
8 2849
2 225
10 435
0 435
1 522
128 146
30 479
2 399
1 587
0 562
745 788
729 788
744 788
737 788
746 788
1 788
0 788
747 788
740 788
445 473
6 473
3 1528
0 1528
0 1904
6 1904
6 733
0 219
125 2417
161 2417
42 594
13 594
12 594
4 620
5 620
1 476
0 476
3 405
1640 1695
3 91
2 91
2 1223
1 1223
5 1223
8 479
1 328
2 1879
5 1879
83 4834
17 4834
49 4834
48 4834
22 4834
24 4834
4 145
4 739
8 336
4 361
163 177
0 413
727 759
1 191
3 191
2 240
4 233
13 177
0 176
3 318
5 807
2 807
5 761
4 446
0 931
1 931
1 1074
17 812
253 287
21 764
8 1043
2 857
0 922
5 558
3 558
0 279
170 173
2 130
2 617
1 617
2 1707
11 1707
9 4275
6 4275
23 4275
7 4275
8 4275
0 1149
1 1149
3 1149
7 2971
8 2971
0 336
4 318
1 1026
0 92
1 92
1 311
0 161
1 774
7 127
0 379
0 400
1 428
5 381
1 562
2 497
4 393
0 279
5 323
353 395
0 223
2 362
504 509
1 2434
5 716
2 388
13 233
0 484
1 484
2 484
5 1075
8 1075
10 1075
8 1075
2 118
0 114
37 844
25 844
0 306
9 1742
7 1742
5 1742
6 441
0 655
619 764
0 509
3311 3737
7 3737
1 3737
0 3737
2 562
2087 2181
1 338
3 40
0 379
2 405
2 474
1 98
0 1143
15 368
661 699
1 343
12 126
4 1644
1596 1644
0 767
1 767
749 767
1 20
286 310
0 354
4 61
2 297
60 727
364 395
7 1618
0 233
360 381
0 473
199 217
0 152
653 768
4 171
0 567
0 301
0 461
766 788
719 788
773 788
737 788
772 788
1 788
0 788
770 788
734 788
1 405
2 653
124 139
0 324
0 973
3 1386
1 633
16 664
4 1618
11 395
0 295
13 344
2 230
1109 2219
0 385
490 527
20 1926
29 1926
4 548
0 919
6 699
14 472
2 327
1 821
2 821
3 821
1 526
0 567
9 1012
5 1012
6 1012
5 562
27 739
0 266
5 227
0 241
28 635
1 391
3 177
0 407
4 435
2 535
27 527
359 371
2 371
10 240
2 57
284 297
2 262
2 361
14 1312
0 84
5 287
2 509
2 585
0 592
796 812
2134 2339
5 290
0 948
1 948
1 448
934 973
1 360
10 389
1555 1646
0 2101
2 2101
3 2101
4 2101
29 876
6 472
1 265
6 777
0 502
0 137
0 209
7 144
1 183
0 370
17 135
1 120
2 962
55 721
0 114
2 3218
3 1747
0 231
3 1110
0 153
1 290
2 397
309 325
8 319
9 382
20 5267
10 5267
5 5267
14 5267
22 5267
15 5267
13 5267
26 5267
6 5267
12 5267
8 5267
0 5267
29 5267
19 5267
0 1034
4 1034
2 2191
3 2191
2 247
0 247
2 1416
52 1027
0 319
0 1042
0 384
0 163
1 127
1 484
0 900
0 544
8 265
0 368
0 930
4 2416
2 2416
8 2416
9 919
3 407
0 382
0 247
2 233
0 1183
1 1183
5 1183
1 1185
0 382
2 340
1 3763
0 3763
6 177
3 477
0 141
7 242
0 295
1 295
6 395
561 615
0 308
0 1695
7 511
0 227
0 257
8 2339
5 395
0 359
12 761
7 257
0 176
6 336
1 195
2 365
7 240
2 230
5 196
321 338
7 1116
11 1116
1 1124
0 300
3 1623
12 906
0 57
1 188
0 1057
0 233
1 721
6 318
5 735
649 699
3 446
0 310
0 165
406 465
3 1130
674 679
3 392
11 348
10 1898
5 1898
0 472
16 950
25 950
19 950
7 191
0 1695
0 324
0 282
0 861
23 1695
16 360
0 960
2 388
1 1701
1 453
0 453
0 247
1 461
16 295
4 1042
2 549
24 319
2 1110
3 2517
1 866
0 866
8 141
0 387
43 48
0 1791
2 1791
1 511
3 275
5 286
0 423
0 191
900 950
15 509
0 861
1 364
4 364
1 378
1 3651
0 364
4 364
0 298
11 679
9 654
5 177
9 605
1 392
6 392
2 569
0 43
3 414
1 272
1 327
2 2050
0 2050
1 2050
0 617
1 927
5 1268
3 1268
4 1268
22 1413
154 157
2 317
11 790
739 790
2 812
978 1077
10 584
5 562
7 1360
2 1695
375 405
546 587
4 127
3 1592
2 1592
0 1719
3 1719
1 1719
8 548
0 548
2 195
2 352
0 1043
10 2703
15 2703
21 2703
20 2703
23 1165
24 395
0 1323
1 1323
3 1323
14 1323
4 1323
0 118
0 165
3 663
8 451
15 1536
10 1526
3 1526
16 1526
0 116
304 327
3 587
1 139
2 325
4 1288
0 116
18 240
0 217
668 712
19 1386
83 2339
0 2517
17 381
11 284
0 183
3 295
2 2517
3 2339
7 465
0 247
0 2517
1 55
2 281
0 247
8 1360
2 461
70 3761
3 590
4 594
4 378
12 1539
2 108
108 4338
1434 1552
1 152
0 646
6 306
21 657
8 657
5 1042
413 421
4 1042
5 222
3 1034
0 270
0 1104
0 486
1 502
1 57
811 816
3 2365
2 1074
0 187
2 2236
4 2236
3 2236
1 2236
3 405
11 1110
470 497
4 222
0 120
0 151
0 1392
0 230
82 86
2 78
129 2339
0 9
4 1021
0 318
2 308
0 279
0 762
2 88
9 721
0 1027
4 500
0 89
1 86
9 159
0 733
662 725
0 276
1 497
6 1130
0 456
0 654
0 777
0 53
0 340
474 475
2 142
0 694
0 41
0 90
559 588
7 588
4 588
2 214
1 67
2 588
1 327
1 342
1 588
10 193
1 161
85 90
6 588
6 41
21 322
2 718
2 142
16 567
2 588
5 113
0 120
10 588
2 567
7 588
19 588
4 483
10 588
2 218
53 588
263 282
268 282
18 588
19 218
4 327
23 24
0 274
5 274
2 214
1 142
5 90
86 90
2 228
7 567
0 229
555 567
5 343
17 228
1 327
0 43
2 386
27 694
6 228
5 475
4 588
19 475
15 946
1 475
0 567
1 457
3 327
5 483
6 343
0 116
0 475
4 228
1 342
21 327
29 560
210 229
0 99
2 588
40 43
8 43
0 168
9 141
0 483
0 16
11 588
0 386
12 334
1 588
2 588
4 588
1 588
0 90
25 588
2 271
536 588
5 386
0 67
546 560
329 342
6 454
4 588
5 588
1 211
35 694
660 694
6 228
4 327
552 588
16 752
2 53
0 229
20 588
4 41
2 374
0 334
1 588
25 475
97 110
0 229
0 58
16 588
1 142
5 153
3 334
3 116
106 118
573 588
28 386
4 327
2 142
9 228
10 156
2 588
6 588
1 327
7 343
148 153
12 475
1 588
5 99
0 588
6 588
527 574
0 694
2 90
11 694
0 56
27 560
10 342
14 322
0 752
13 588
19 327
1 193
11 454
0 342
1 67
5 327
15 588
2 229
0 342
65 67
36 2673
0 211
5 483
2 327
3 228
4 33
5 962
1 1539
0 125
0 120
4 80
1 816
0 554
1 176
2 406
0 66
0 473
0 977
0 844
0 290
11 502
2 88
2 275
2 147
5 515
0 1205
2 1403
0 1695
4 605
6 605
7 1347
8 1347
45 1516
0 295
0 473
0 59
3 1021
745 788
220 228
1 1110
0 88
0 768
2 476
10 337
0 340
88 1695
4 127
0 308
4 378
0 241
0 452
0 284
2 1900
0 1900
1 3101
0 3101
0 6
4 218
13 664
0 158
0 423
3 951
31 951
0 623
0 399
9 1577
0 278
3 214
6 2150
0 2150
0 145
0 404
0 1074
1 336
0 362
3 594
0 216
0 439
1 527
2 1386
2 639
31 762
0 625
1 625
0 725
0 395
0 1036
5 1042
1 393
4 1539
1 368
2 1539
108 117
16 632
4 1042
0 518
0 567
2 452
0 1071
0 347
0 303
0 120
24 270
14 2237
21 2237
2 2237
1 2237
7 2237
0 233
1482 1552
0 409
0 1230
2 1230
9 853
0 400
0 126
0 446
12 857
0 973
1 274
2 274
1 3390
19 3390
9 3390
0 3390
0 584
9 890
1 626
199 216
0 1346
0 247
18 287
68 79
0 196
17 191
104 7353
131 7353
36 7353
7209 7353
173 7353
9 7353
307 7353
94 7353
122 7353
7234 7353
75 7353
161 7353
71 7353
119 7353
28 7353
12 7353
1 141
3 2466
2 2466
8 2466
0 2466
0 1456
75 10604
101 10604
166 10604
23 10604
31 10604
98 10604
43 10604
77 10604
129 10604
102 10604
9 10604
134 10604
55 10604
69 10604
86 10604
74 10604
11 1655
7 1655
0 407
4 1162
6 1162
2 1162
3 1162
2 479
12 623
0 87
1 564
15 391
0 295
0 590
1 508
1692 1695
0 47
737 788
746 788
755 788
740 788
743 788
7 788
4 788
23 788
757 788
1 230
0 739
1 436
4 1695
0 247
2 626
9 567
4 115
1 48
0 344
2 684
25 764
1 582
17 1072
5 1862
3 1862
12 369
801 876
1 625
0 233
1 937
3 937
2 937
0 230
1 421
0 272
3 218
1 812
9 826
0 919
1 887
1 1072
66 2339
2 958
5 958
7 1623
11 141
1 792
1 811
1 2330
0 2330
3 247
9 974
118 120
0 182
0 423
0 1967
0 30
4 384
2 549
13 1153
0 497
1 188
2 498
5 157
2 157
3 2339
3 950
1 57
0 135
3 473
0 962
1 448
0 163
0 414
3 1161
1 1161
2 1161
0 117
3 96
0 1403
0 1346
1 139
43 1110
0 473
1 318
0 318
1 700
0 162
0 1967
4 1539
0 1539
0 106
5 5662
7 5662
3 5662
4 5662
2 5662
6 1536
46 1536
6 625
13 2565
10 2565
11 2565
4 2565
15 2565
8 2565
1641 1747
6 384
4 183
11 1249
5 1249
0 87
0 812
4 746
9 2128
0 2128
3 2128
0 473
0 67
2 124
6 178
0 764
1 379
3 2396
0 2396
1 2396
11 890
14 890
6 890
0 38
0 2407
2 2407
3 2407
7 2407
0 735
2 581
0 581
0 385
1 385
10 615
1 139
0 641
1 448
0 1064
1 1064
3 2225
3 89
0 941
0 89
0 1419
426 452
1 80
7 554
0 89
5 1294
14 1294
21 381
38 1948
65 1948
20 1948
7 1948
1 962
1 448
0 352
0 137
0 594
1 1708
0 1708
3 287
0 25
4 816
0 626
0 90
40 2339
0 1536
1 233
1 69
1 319
2 796
0 446
1 527
0 142
1 369
1 153
2 590
0 385
29 413
0 446
1 2395
0 2395
0 404
295 592
15 2163
17 2163
47 2163
2 55
171 191
0 2423
3 2423
2 2423
1 344
1 196
0 452
15 1403
1 1205
0 1205
1 1014
1 294
2 448
5 86
0 395
10 844
0 844
1 303
2 1360
0 812
0 107
0 562
1 479
4 467
53 1733
59 1733
28 1733
1 80
0 739
0 446
245 247
0 389
0 733
5 215
4 295
7 431
0 175
5 130
5 187
1 135
1 284
2 371
3 330
6 1724
2 1724
3 1724
6 549
2 919
1086 1139
1 896
0 896
3 437
0 103
0 264
4 261
0 264
0 648
7 1577
0 1501
3 1501
1 1501
554 617
3 1618
0 285
5 504
2 115
46 48
0 247
0 737
0 223
0 509
0 311
30 594
3 477
0 345
1 733
4 789
3 789
0 605
0 1747
0 347
14 1511
16 1511
0 362
8 147
0 307
13 139
9 139
0 382
1631 1766
760 788
2 788
6 788
4 788
757 788
0 788
1 788
754 788
3 788
9 694
1 694
10 307
2 174
5 371
1 1077
0 537
6 178
0 103
2 290
5 3159
4 3159
1 3159
3 1331
24 50
0 716
1 508
14 1909
19 1909
25 1909
1 1618
5 1618
1 384
1 384
0 102
1 94
0 585
0 474
510 535
0 261
13 295
2 169
0 148
4 183
4 876
1 733
10 1787
13 1787
8 1787
10 617
0 1553
2 1553
5 504
1 343
1 632
0 127
9 504
11 1083
2 65
2 1144
0 178
7 172
1 240
4 431
12 919
0 498
0 1618
1446 1475
11 368
3 26
6 1965
5 1965
4 1965
0 1965
2 1965
3 1965
9 125
0 175
50 55
1 379
0 229
0 229
0 230
2 1042
0 344
5 323
3 746
799 876
6 479
399 406
3 504
163 171
1 575
14 764
6 1913
1 1913
0 1057
1 269
1 173
3 344
0 772
0 242
3 1695
5 1695
2 382
4 764
0 175
0 94
0 811
0 394
0 1287
0 176
125 139
0 310
0 360
1 230
0 811
1 381
1 1129
12 1129
2 1129
0 638
0 1071
19 1410
27 1410
23 1410
0 811
0 497
30 37
0 285
1 305
2 256
0 360
18 233
1 623
0 1061
1 260
0 452
0 563
14 592
3 144
1 327
0 617
10 337
3 362
5925 5976
55 5976
49 5976
74 5976
70 5976
52 5976
95 5976
58 5976
46 5976
10 1075
1 379
6 661
0 162
1 2517
12 431
3 100
0 1386
3 850
0 511
2 405
2 1102
0 1102
0 370
2 196
1 361
17 841
9 698
0 124
0 290
216 218
0 439
17 229
0 349
2 89
0 360
13 333
12 333
4 526
0 122
0 412
2 196
2 874
0 247
0 896
1 338
2 338
1 142
56 1779
1772 1779
8 1779
1754 1779
0 1238
812 876
5 1853
8 1853
1 1853
0 592
1 564
0 173
3 1539
0 158
1 812
4 584
0 328
2 262
0 816
0 99
22 796
4 404
2 146
1 345
5 464
1 228
5 274
883 919
5 502
0 1110
2 122
3 446
12 518
0 141
3 585
4 561
1 2808
0 1357
30 1416
1 204
3 100
527 563
0 564
0 473
7 1110
2 339
163 327
0 308
5 295
0 587
0 777
3 558
2 149
5 209
0 279
0 962
3 3095
9 3095
2 3095
10 1617
0 1617
11 1617
5 1617
1 318
2 327
1 1767
9 1767
10 1767
5 1767
9 240
0 1071
0 522
0 1618
1 465
0 465
1 465
