2 384
5 375
2 392
0 576
1 576
8 776
4 776
24 511
6 2287
4 2287
3 745
0 745
14 914
2 338
8 448
2 691
1 691
0 183
8 914
15 1155
43 1155
1093 1155
0 1155
2 1155
1 1370
1 1623
49 7389
154 7389
376 7389
2 7389
6 7389
161 7389
103 7389
8 7389
68 7389
42 7389
377 7389
10 2339
2 615
35 1288
2 176
10 1265
34 1265
6 1265
7 150
2 79
2 1983
3 1983
4 1983
89 1983
8 269
5 397
45 1208
29 1208
25 1208
16 1474
8 240
10 448
1 558
1 1113
0 1113
0 79
4 305
9 400
1 388
5 590
1 1483
141 152
141 152
0 796
1460 1536
0 805
0 276
13 328
0 1267
1 1267
19 1267
10 1267
11 1267
4 522
0 198
3 1013
0 1013
145 152
0 1303
2 1008
0 1008
2 327
0 562
7 737
7 737
7 264
162 175
0 44
0 89
4 1913
0 1913
2 1539
4 973
3 855
0 301
5 7645
198 7645
13 7645
2 7645
20 7645
178 7645
77 7645
18 7645
25 7645
14 7645
16 7645
3 7645
31 7645
4 7645
15 7645
1 7645
11 7645
9 7645
98 7645
10 7645
237 9306
34 9306
54 9306
130 9306
14 9306
210 9306
2 9306
66 9306
15 9306
117 9306
4 9306
16 9306
18 9306
325 9306
7 9306
275 9306
351 9306
85 9306
31 3760
171 3760
199 3760
21 3760
37 3760
76 3760
40 3760
50 3760
0 689
268 295
63 1454
22 1454
9 1454
11 1454
1 626
0 203
0 405
0 794
2 794
1 844
612 657
0 1110
133 150
3 1071
0 812
0 812
0 422
25 896
2 395
9 2339
1 135
4 324
1 721
77 79
0 204
0 811
0 368
0 380
0 380
1 384
7 152
0 98
67 68
1 446
1 777
4 777
0 884
881 884
0 1514
20 876
328 348
0 169
4 663
2 663
2 303
4 240
0 441
2 1474
0 733
2 1077
0 404
0 973
0 138
12 1618
512 567
20 876
1 176
0 2150
6 2150
26 876
2 311
3 1597
2 1597
5 1597
1 1597
2 618
0 98
0 184
8 776
3 776
1 497
54 57
3 392
7 670
6 670
3 392
445 511
0 247
0 876
0 344
2 965
25 1539
0 509
1 215
6 176
4 215
3 215
3 1386
0 283
0 764
0 465
0 792
3 10782
22 10782
2 10782
5 10782
81 10782
23 10782
26 10782
332 10782
64 10782
52 10782
24 10782
212 10782
14 10782
77 10782
59 10782
7 10782
309 10782
108 10782
72 10782
6 10782
50 10782
20 10782
31 10782
8 10782
24 10782
148 10782
1 224
684 767
4 144
36 540
4 2510
0 2510
230 269
2 269
0 1269
1 1269
2 919
0 782
8 448
0 931
1 931
1 247
0 89
19 2038
1 2038
0 2038
0 446
8 737
5 1898
4 1898
7 584
4 1360
3 2257
4 2257
0 1695
1980 2339
11 1072
1 746
1 746
4 2150
13 2150
29 3410
6 3410
14 3410
2 746
1 2150
16 2150
10 764
1 746
0 456
14 590
28 2449
53 2449
21 191
669 777
7 266
1 1027
46 976
871 976
32 3000
15 3000
26 3000
27 3000
58 3000
5 3000
1 202
0 456
7 777
1 381
0 295
2 186
17 441
0 94
9 68
0 287
4 240
7 142
1 240
1 655
0 1197
6 2831
4 2831
3 2831
1 2831
2 1331
3 4210
76 4210
55 4210
21 4210
112 4210
35 4210
17 4210
1 4210
22 4210
107 4210
194 4210
0 20
1 209
0 677
7 677
2 1547
11 1547
3 888
19 888
0 344
2 413
6 1012
4 1012
11 1012
1 269
0 467
2 504
14 1110
0 585
2 2128
0 2128
7 2128
1 960
1 1483
7 1536
6 1536
0 1110
2 1069
3 1069
4 1069
1 1014
99 811
1 1110
4 423
0 93
180 183
1 384
3 724
18 2375
3 2375
0 2375
0 178
16 788
2 788
10 788
7 788
18 788
0 788
1 788
13 788
3 788
2 203
12 226
0 4949
2 4949
6 4949
34 4949
87 4949
10 4949
75 4949
0 120
50 2150
3 2150
12 2150
0 653
4 689
2 2955
1 2955
67 2955
5 2955
12 2955
0 2955
118 2955
3 1695
0 439
0 439
10 225
0 2163
2 2163
210 13875
39 13875
8 13875
36 13875
34 13875
64 13875
10 13875
4 13875
336 13875
28 13875
12986 13875
37 13875
88 13875
60 13875
7 2339
2 222
0 150
3 1164
5 1164
43 1164
0 2347
2 2347
3 2347
1 2347
0 633
0 384
21 3126
13 3126
42 3126
5 3126
3 3126
9 3126
14 3126
4 1078
1 1078
0 1078
251 267
2 1926
3 526
3 812
6 858
1 5657
2 5657
10 5657
24 5657
13 5657
6 5657
101 5657
37 5657
30 1042
3 423
0 218
1 172
14 1307
871 1021
4 384
0 400
4 240
3 247
1 176
0 247
1 124
1 618
0 247
3 1708
2 1708
1 1708
0 1708
0 762
1 762
5 152
9 371
3 264
1 442
0 442
3 389
58 5642
7 5642
1 5642
146 5642
208 5642
55 5642
17 5642
1 416
2 223
2 86
9 543
11 1403
4 1403
0 679
1 2517
0 87
16 689
1 336
0 89
0 153
8 1403
4 1963
17 1963
14 2002
11 2002
0 2002
6 147
4 147
2 163
5 264
1 1539
11 264
4 590
0 181
15 241
0 465
748 764
759 764
9 764
8 295
0 1652
1 1652
0 1967
1 86
0 1110
3 1183
0 1183
2 1183
0 876
0 389
4 1124
1 1124
1 1014
0 961
3 961
1 961
0 526
0 359
44 1130
1 257
3 1386
2 842
25 1042
0 257
0 2403
28 2403
9 2403
0 106
4 375
17 617
2 270
17 270
5 340
2 327
0 380
2 518
0 587
6 587
0 384
0 424
3 264
676 699
1 1317
3 1317
7 1317
10 120
3 594
0 538
0 603
0 1130
1 344
3 240
0 1241
0 122
9 855
5 1898
4 1898
5 1898
4 1898
5 384
11 17
23 914
0 777
4 163
11 4713
14 4713
3 4713
4304 4713
2 4713
8 4713
0 44
3 2150
10 2150
1 2150
0 2150
6 402
241 266
2 781
1 781
0 781
6 781
14 664
2 689
0 874
0 796
0 796
1269 1464
2 1464
15 1464
0 548
3 382
18 233
2 663
3 257
22 506
15 1012
0 257
0 626
0 371
773 782
97 3816
2 3816
3 3816
0 3816
1 3816
20 3816
7 3816
3 340
1 1347
8 1347
0 149
0 554
0 364
5 364
265 295
3 435
5 695
2 1247
1 1247
6 423
3 914
0 265
5 631
4 631
3 186
0 518
170 171
13 511
0 431
0 2308
2 2308
1 2303
15 2303
9 145
6 145
5 145
0 467
5 518
1 405
14 318
11 423
4 324
25 389
1 8726
2 8726
171 8726
6 8726
268 8726
3 8726
355 8726
21 8726
61 8726
160 8726
0 8726
24 8726
149 8726
0 422
1 108
0 456
0 1036
1 1036
5 391
1 344
0 679
2 154
358 397
11 3066
4 3066
18 3066
18 1214
10 1214
29 1595
76 1595
12 764
0 457
0 368
0 376
2 209
1 209
1 1191
0 1191
26 592
4 378
3 141
0 389
5 446
1 264
0 526
21 1110
11859 12734
60 12734
896 12734
881 12734
107 12734
207 12734
12269 12734
300 12734
98 12734
297 12734
50 12734
30 12734
146 12734
48 12734
115 12734
187 12734
52 12734
245 12734
2 203
1 89
0 653
2 295
0 841
0 441
372 384
0 876
96 1264
1147 1264
1261 1264
0 404
0 1483
0 1110
5 590
4 590
4 264
0 107
3 1386
0 148
1 89
2 842
29 461
0 669
1 669
8 737
668 699
6 423
7 737
0 107
0 107
1 148
0 473
14 2629
59 2629
9 2629
5 2629
1 384
2 1589
1 1589
0 1589
1 113
0 2696
1 2696
4 2696
0 774
25 664
66 987
2 987
7 987
5 4344
0 4344
16 4344
52 4344
3 4344
1 4344
2 4344
2 222
1 626
9 1376
5 1376
1 1376
6 1376
0 558
0 680
3 680
11 234
1 177
1 177
5 384
405 441
402 441
1 376
1 1511
0 1511
2 522
8 522
1 169
3 737
24 664
5 479
0 2238
4 2238
23 2238
5 2238
55 1074
10 737
0 762
2 2517
17 788
9 2300
2 2300
0 762
0 618
0 183
21 270
8 558
0 252
20 295
21 1913
269 1913
1 656
8 656
6 656
4 240
1 423
18 764
0 373
10 446
1 357
7 423
0 632
1 590
0 562
25 456
0 9
293 587
0 562
16 1014
1 774
0 404
0 567
0 1407
0 594
1 690
0 690
2 250
1 127
4 295
3 2725
1 2725
0 2725
2 2725
5 2725
1 442
0 442
10 518
1 508
0 269
4 269
0 38
5 6094
2 6094
0 6094
4 6094
77 6094
1 1370
14 2737
15 2737
64 1409
11 526
6 465
1 339
1 960
0 960
350 382
0 295
0 404
0 431
1 1536
1 615
0 844
0 308
0 504
3 560
1 730
0 730
0 764
1 1701
6 240
3 283
4 596
3 392
1 2339
0 2339
0 303
0 461
44 563
13 438
0 122
1 980
0 980
2 845
0 665
12 378
1 352
0 889
12 889
0 189
0 431
0 751
15 526
17 1955
11 1955
13 1955
16 1955
4 1955
15 1955
12 9453
8804 9453
5 9453
32 9453
18 9453
4 9453
7 9453
3 9453
22 9453
14 9453
21 9453
9 9453
8 9453
10 9453
2 9453
9 3604
57 3604
5 3604
3581 3604
3 3604
0 2982
11 2982
22 2982
1 2982
2 2982
1 1152
0 499
0 181
1 181
242 249
22 613
3 395
0 575
1 122
2 1114
3 1114
270 283
277 283
0 241
4 55
568 655
3 1887
8 1887
4 1887
78 7512
10 7512
48 7512
215 7512
112 7512
2 7512
5 7512
171 7512
203 7512
181 7512
25 7512
15 7512
18 7512
413 7512
61 7512
11 328
2 623
0 106
6 82
1 305
0 196
3 151
5 439
7 328
1 2031
1 4370
0 4370
5 4370
2 4370
6 4370
9 4370
4 4370
3 4370
0 340
0 360
0 269
1 413
2 887
1 187
0 187
2 534
4 1539
1 726
4 257
1 202
54 764
654 764
0 473
0 729
2 729
1 729
1 174
4 593
0 326
5 282
57 59
18 2849
14 2849
19 2849
2 2849
0 225
1 435
0 435
0 522
5 146
10 479
2 399
3 587
0 562
28 788
13 788
35 788
26 788
29 788
1 788
2 788
33 788
21 788
429 473
5 473
4 1528
0 1528
1 1904
2 1904
8 733
0 219
12 2417
168 2417
90 594
9 594
46 594
3 620
2 620
0 476
1 476
2 405
47 1695
1 91
0 91
0 1223
2 1223
3 1223
5 479
1 328
2 1879
10 1879
45 4834
18 4834
17 4834
5 4834
21 4834
7 4834
0 145
672 739
1 336
18 361
3 177
0 413
4 759
0 191
1 191
2 240
7 233
11 177
0 176
2 318
3 807
1 807
2 761
0 446
0 931
1 931
0 1074
2 812
11 287
14 764
2 1043
0 857
1 922
1 558
3 558
0 279
147 173
0 130
32 617
35 617
0 1707
9 1707
2 4275
1 4275
20 4275
3 4275
5 4275
0 1149
1 1149
3 1149
1 2971
4 2971
0 336
273 318
1 1026
1 92
0 92
0 311
0 161
0 774
5 127
0 379
0 400
0 428
3 381
0 562
0 497
0 393
1 279
0 323
5 395
1 223
0 362
27 509
0 2434
15 716
0 388
3 233
0 484
0 484
0 484
4 1075
6 1075
5 1075
8 1075
2 118
0 114
72 844
42 844
288 306
1 1742
2 1742
0 1742
11 441
0 655
660 764
0 509
3433 3737
5 3737
1 3737
0 3737
3 562
247 2181
2 338
1 40
0 379
1 405
1 474
0 98
0 1143
5 368
682 699
0 343
5 126
1 1644
136 1644
3 767
5 767
737 767
1 20
6 310
0 354
2 61
1 297
25 727
6 395
0 1618
0 233
5 381
0 473
215 217
0 152
709 768
0 171
0 567
0 301
0 461
22 788
9 788
29 788
15 788
28 788
0 788
1 788
23 788
14 788
1 405
0 653
1 139
0 324
0 973
1 1386
0 633
14 664
0 1618
3 395
0 295
6 344
3 230
2019 2219
0 385
7 527
6 1926
9 1926
3 548
0 919
1 699
2 472
1 327
0 821
2 821
3 821
1 526
0 567
5 1012
4 1012
10 1012
1 562
12 739
0 266
5 227
0 241
3 635
19 391
0 177
0 407
4 435
17 535
5 527
5 371
7 371
0 240
0 57
10 297
6 262
1 361
76 1312
0 84
2 287
8 509
1 585
0 592
88 812
182 2339
1 290
0 948
1 948
0 448
961 973
1 360
9 389
32 1646
1 2101
2 2101
6 2101
20 2101
806 876
3 472
4 265
3 777
2 502
2 137
4 209
2 144
1 183
0 370
13 135
1 120
6 962
10 721
0 114
3 3218
4 1747
0 231
0 1110
0 153
1 290
1 397
318 325
6 319
4 382
14 5267
5 5267
1 5267
10 5267
19 5267
6 5267
31 5267
18 5267
2 5267
9 5267
0 5267
4 5267
23 5267
13 5267
3 1034
11 1034
2 2191
0 2191
0 247
0 247
1 1416
75 1027
0 319
0 1042
0 384
0 163
0 127
1 484
0 900
0 544
0 265
0 368
0 930
0 2416
2 2416
1 2416
12 919
1 407
0 382
0 247
0 233
2 1183
0 1183
1 1183
1 1185
0 382
0 340
2 3763
0 3763
0 177
1 477
0 141
0 242
0 295
1 295
2 395
597 615
0 308
0 1695
11 511
0 227
0 257
8 2339
1 395
0 359
1 761
1 257
0 176
1 336
0 195
1 365
1 240
1 230
3 196
14 338
10 1116
45 1116
0 1124
0 300
30 1623
34 906
0 57
0 188
0 1057
0 233
0 721
11 318
3 735
658 699
0 446
0 310
0 165
1 465
2 1130
604 679
0 392
315 348
6 1898
5 1898
0 472
5 950
6 950
0 950
7 191
1 1695
0 324
0 282
0 861
4 1695
16 360
0 960
0 388
0 1701
1 453
0 453
0 247
0 461
9 295
1 1042
3 549
301 319
0 1110
1 2517
1 866
0 866
2 141
2 387
44 48
0 1791
5 1791
6 511
1 275
6 286
0 423
0 191
934 950
17 509
0 861
0 364
3 364
0 378
1 3651
0 364
1 364
0 298
2 679
0 654
0 177
576 605
12 392
7 392
0 569
0 43
0 414
1 272
2 327
2 2050
0 2050
1 2050
1 617
0 927
6 1268
2 1268
3 1268
2 1413
6 157
6 317
24 790
62 790
0 812
1 1077
15 584
3 562
5 1360
4 1695
11 405
6 587
4 127
1 1592
2 1592
0 1719
2 1719
1 1719
0 548
1 548
1 195
1 352
0 1043
78 2703
27 2703
86 2703
15 2703
6 1165
9 395
2 1323
0 1323
3 1323
6 1323
1 1323
0 118
0 165
3 663
17 451
26 1536
3 1526
1 1526
6 1526
0 116
19 327
2 587
3 139
0 325
2 1288
0 116
207 240
0 217
704 712
2 1386
48 2339
2 2517
13 381
256 284
0 183
8 295
0 2517
6 2339
32 465
0 247
1 2517
0 55
3 281
4 247
5 1360
0 461
9 3761
0 590
0 594
7 378
3 1539
0 108
68 4338
1485 1552
140 152
0 646
1 306
27 657
0 657
16 1042
410 421
1 1042
4 222
0 1034
0 270
0 1104
0 486
0 502
1 57
42 816
4 2365
2 1074
0 187
1 2236
2 2236
3 2236
0 2236
2 405
9 1110
0 497
2 222
0 120
0 151
0 1392
0 230
72 86
1 78
112 2339
0 9
1 1021
0 318
1 308
0 279
0 762
3 88
2 721
0 1027
2 500
0 89
1 86
145 159
8 733
2 725
0 276
0 497
4 1130
0 456
0 654
0 777
0 53
0 340
458 475
1 142
0 694
0 41
0 90
11 588
13 588
3 588
2 214
0 67
0 588
1 327
0 342
0 588
8 193
1 161
1 90
3 588
6 41
10 322
2 718
1 142
13 567
3 588
2 113
0 120
3 588
5 567
8 588
7 588
1 483
7 588
1 218
25 588
9 282
6 282
9 588
18 218
1 327
22 24
0 274
9 274
1 214
1 142
2 90
85 90
1 228
7 567
0 229
24 567
3 343
214 228
1 327
0 43
8 386
8 694
8 228
0 475
4 588
33 475
8 946
0 475
0 567
3 457
2 327
1 483
4 343
0 116
0 475
1 228
0 342
19 327
23 560
218 229
0 99
3 588
41 43
6 43
0 168
2 141
1 483
0 16
14 588
0 386
21 334
1 588
2 588
2 588
1 588
0 90
9 588
0 271
549 588
11 386
0 67
520 560
15 342
1 454
0 588
1 588
0 211
18 694
47 694
10 228
13 327
557 588
5 752
0 53
0 229
14 588
4 41
1 374
0 334
1 588
3 475
11 110
0 229
0 58
9 588
0 142
138 153
2 334
2 116
104 118
546 588
4 386
3 327
2 142
13 228
142 156
2 588
3 588
1 327
4 343
7 153
428 475
0 588
0 99
0 588
0 588
531 574
0 694
1 90
25 694
0 56
17 560
20 342
4 322
0 752
566 588
289 327
1 193
6 454
0 342
0 67
0 327
13 588
0 229
0 342
0 67
16 2673
0 211
4 483
0 327
10 228
4 33
2 962
2 1539
0 125
0 120
1 80
0 816
0 554
1 176
2 406
0 66
0 473
0 977
0 844
0 290
7 502
2 88
2 275
1 147
5 515
0 1205
3 1403
0 1695
30 605
0 605
9 1347
1 1347
9 1516
0 295
0 473
0 59
2 1021
28 788
4 228
0 1110
2 88
0 768
1 476
0 337
0 340
43 1695
4 127
0 308
1 378
0 241
0 452
0 284
1 1900
0 1900
2 3101
0 3101
0 6
1 218
14 664
0 158
0 423
0 951
5 951
0 623
0 399
2 1577
0 278
1 214
5 2150
0 2150
0 145
0 404
0 1074
1 336
0 362
4 594
0 216
0 439
0 527
3 1386
0 639
22 762
0 625
1 625
0 725
0 395
0 1036
3 1042
1 393
1 1539
1 368
2 1539
98 117
21 632
6 1042
0 518
0 567
1 452
3 1071
0 347
0 303
0 120
33 270
16 2237
14 2237
1 2237
0 2237
3 2237
0 233
1491 1552
0 409
0 1230
2 1230
1 853
0 400
0 126
0 446
12 857
0 973
0 274
1 274
2 3390
31 3390
7 3390
1 3390
0 584
7 890
1 626
4 216
0 1346
0 247
11 287
1 79
0 196
23 191
425 7353
13 7353
79 7353
833 7353
253 7353
32 7353
284 7353
20 7353
65 7353
449 7353
28 7353
231 7353
21 7353
490 7353
6 7353
5 7353
0 141
0 2466
1 2466
3 2466
2 2466
0 1456
151 10604
224 10604
63 10604
49 10604
470 10604
71 10604
95 10604
18 10604
335 10604
223 10604
17 10604
112 10604
35 10604
21 10604
79 10604
30 10604
9 1655
4 1655
0 407
2 1162
12 1162
1 1162
4 1162
1 479
98 623
0 87
0 564
341 391
0 295
0 590
1 508
51 1695
1 47
22 788
12 788
33 788
15 788
25 788
0 788
1 788
13 788
9 788
1 230
0 739
0 436
3 1695
0 247
0 626
33 567
4 115
1 48
0 344
20 684
645 764
1 582
51 1072
12 1862
0 1862
3 369
9 876
1 625
0 233
3 937
0 937
9 937
0 230
1 421
0 272
0 218
3 812
24 826
0 919
0 887
1 1072
119 2339
2 958
3 958
1 1623
1 141
0 792
5 811
2 2330
0 2330
1 247
3 974
11 120
0 182
1 423
0 1967
0 30
2 384
5 549
6 1153
0 497
5 188
1 498
4 157
1 157
3 2339
7 950
1 57
0 135
0 473
0 962
3 448
0 163
0 414
3 1161
0 1161
1 1161
0 117
4 96
2 1403
0 1346
1 139
14 1110
0 473
1 318
0 318
1 700
0 162
2 1967
2 1539
0 1539
0 106
5 5662
4 5662
3 5662
2 5662
0 5662
4 1536
11 1536
3 625
5 2565
1 2565
8 2565
0 2565
10 2565
19 2565
1646 1747
4 384
174 183
8 1249
3 1249
0 87
0 812
1 746
5 2128
0 2128
6 2128
0 473
0 67
1 124
4 178
0 764
1 379
2 2396
0 2396
1 2396
802 890
5 890
11 890
0 38
1 2407
2 2407
3 2407
10 2407
0 735
3 581
0 581
0 385
2 385
4 615
1 139
0 641
7 448
6 1064
0 1064
3 2225
0 89
0 941
0 89
0 1419
1 452
0 80
5 554
0 89
0 1294
7 1294
337 381
58 1948
23 1948
3 1948
0 1948
15 962
0 448
0 352
0 137
0 594
6 1708
0 1708
1 287
0 25
0 816
0 626
0 90
22 2339
0 1536
0 233
55 69
1 319
0 796
1 446
0 527
0 142
0 369
0 153
1 590
0 385
29 413
0 446
1 2395
0 2395
0 404
543 592
5 2163
3 2163
7 2163
1 55
37 191
0 2423
7 2423
1 2423
1 344
1 196
0 452
95 1403
1 1205
0 1205
4 1014
2 294
6 448
81 86
0 395
2 844
0 844
0 303
0 1360
0 812
1 107
0 562
0 479
6 467
4 1733
15 1733
13 1733
1 80
0 739
0 446
201 247
0 389
0 733
1 215
1 295
8 431
0 175
1 130
0 187
3 135
0 284
4 371
2 330
3 1724
0 1724
1 1724
3 549
3 919
59 1139
1 896
0 896
0 437
0 103
0 264
1 261
0 264
0 648
7 1577
0 1501
2 1501
1 1501
77 617
3 1618
0 285
1 504
0 115
47 48
0 247
1 737
0 223
0 509
0 311
36 594
4 477
0 345
0 733
4 789
0 789
0 605
0 1747
0 347
6 1511
2 1511
0 362
4 147
0 307
6 139
4 139
0 382
1572 1766
15 788
2 788
7 788
6 788
20 788
0 788
1 788
13 788
3 788
0 694
1 694
296 307
1 174
4 371
1 1077
0 537
4 178
1 103
0 290
4 3159
2 3159
1 3159
3 1331
44 50
0 716
1 508
21 1909
12 1909
26 1909
0 1618
3 1618
0 384
0 384
0 102
0 94
0 585
0 474
482 535
0 261
2 295
0 169
1 148
1 183
3 876
0 733
6 1787
5 1787
4 1787
15 617
0 1553
1 1553
1 504
0 343
1 632
0 127
5 504
82 1083
2 65
1 1144
0 178
1 172
1 240
2 431
29 919
0 498
0 1618
1454 1475
9 368
1 26
16 1965
6 1965
2 1965
0 1965
4 1965
3 1965
0 125
0 175
1 55
1 379
0 229
0 229
0 230
1 1042
0 344
0 323
1 746
23 876
2 479
10 406
0 504
164 171
37 575
62 764
5 1913
1 1913
0 1057
2 269
0 173
2 344
0 772
0 242
1 1695
3 1695
1 382
3 764
0 175
0 94
0 811
0 394
0 1287
0 176
16 139
0 310
0 360
3 230
0 811
1 381
0 1129
8 1129
11 1129
0 638
0 1071
31 1410
15 1410
18 1410
0 811
0 497
4 37
1 285
3 305
2 256
0 360
8 233
1 623
0 1061
1 260
0 452
0 563
1 592
4 144
1 327
0 617
3 337
0 362
5834 5976
43 5976
45 5976
56 5976
30 5976
41 5976
49 5976
90 5976
14 5976
8 1075
1 379
36 661
0 162
1 2517
2 431
1 100
0 1386
1 850
0 511
1 405
1 1102
0 1102
0 370
0 196
1 361
7 841
5 698
0 124
0 290
215 218
0 439
5 229
0 349
0 89
0 360
8 333
6 333
0 526
0 122
0 412
0 196
0 874
0 247
0 896
2 338
0 338
0 142
39 1779
1774 1779
7 1779
1704 1779
0 1238
809 876
30 1853
26 1853
14 1853
0 592
0 564
1 173
0 1539
0 158
0 812
9 584
0 328
2 262
1 816
0 99
3 796
1 404
1 146
0 345
10 464
2 228
2 274
835 919
0 502
0 1110
2 122
13 446
4 518
0 141
0 585
2 561
1 2808
0 1357
22 1416
1 204
0 100
22 563
0 564
0 473
5 1110
0 339
308 327
0 308
5 295
0 587
1 777
2 558
0 149
11 209
0 279
1 962
1 3095
4 3095
2 3095
17 1617
0 1617
11 1617
1 1617
0 318
1 327
5 1767
9 1767
4 1767
1 1767
3 240
2 1071
0 522
0 1618
1 465
0 465
1 465
