16 384
7 375
26 392
2 576
16 576
27 776
29 776
34 511
9 2287
11 2287
6 745
1 745
16 914
10 338
1 448
2 691
3 691
1 183
10 914
22 1155
29 1155
80 1155
3 1155
4 1155
3 1370
8 1623
54 7389
162 7389
93 7389
23 7389
32 7389
87 7389
47 7389
28 7389
263 7389
182 7389
381 7389
2 2339
2 615
27 1288
5 176
15 1265
8 1265
7 1265
6 150
0 79
4 1983
12 1983
3 1983
6 1983
5 269
337 397
37 1208
39 1208
22 1208
20 1474
11 240
2 448
7 558
3 1113
1 1113
0 79
7 305
13 400
2 388
13 590
2 1483
1 152
1 152
1 796
1453 1536
0 805
246 276
300 328
20 1267
12 1267
23 1267
11 1267
27 1267
502 522
176 198
0 1013
1 1013
5 152
1 1303
6 1008
8 1008
2 327
3 562
8 737
8 737
3 264
11 175
1 44
0 89
6 1913
8 1913
5 1539
18 973
12 855
23 301
43 7645
222 7645
214 7645
47 7645
12 7645
197 7645
289 7645
162 7645
235 7645
68 7645
16 7645
72 7645
258 7645
112 7645
23 7645
67 7645
84 7645
18 7645
122 7645
124 7645
681 9306
10 9306
62 9306
332 9306
51 9306
263 9306
14 9306
344 9306
15 9306
471 9306
19 9306
56 9306
80 9306
453 9306
64 9306
466 9306
431 9306
108 9306
104 3760
156 3760
138 3760
121 3760
114 3760
106 3760
99 3760
150 3760
12 689
8 295
27 1454
24 1454
20 1454
11 1454
1 626
0 203
0 405
2 794
5 794
1 844
561 657
1 1110
136 150
1 1071
0 812
0 812
0 422
8 896
6 395
10 2339
0 135
7 324
1 721
78 79
1 204
0 811
1 368
0 380
0 380
5 384
13 152
4 98
65 68
2 446
2 777
10 777
3 884
830 884
36 1514
819 876
318 348
0 169
20 663
18 663
10 303
9 240
2 441
19 1474
0 733
1 1077
2 404
0 973
1 138
16 1618
0 567
25 876
1 176
1 2150
28 2150
17 876
5 311
15 1597
5 1597
14 1597
8 1597
18 618
5 98
1 184
27 776
25 776
3 497
55 57
13 392
20 670
13 670
23 392
7 511
6 247
0 876
6 344
9 965
1483 1539
0 509
5 215
5 176
4 215
2 215
14 1386
4 283
2 764
3 465
0 792
50 10782
120 10782
81 10782
23 10782
132 10782
259 10782
110 10782
127 10782
49 10782
44 10782
164 10782
500 10782
85 10782
185 10782
136 10782
68 10782
153 10782
40 10782
231 10782
73 10782
38 10782
54 10782
96 10782
103 10782
164 10782
90 10782
1 224
7 767
10 144
493 540
8 2510
2 2510
20 269
3 269
0 1269
1 1269
2 919
1 782
1 448
0 931
1 931
2 247
3 89
40 2038
14 2038
4 2038
1 446
17 737
16 1898
12 1898
550 584
9 1360
15 2257
11 2257
8 1695
43 2339
9 1072
1 746
4 746
1 2150
14 2150
39 3410
2 3410
13 3410
4 746
4 2150
21 2150
11 764
4 746
1 456
537 590
22 2449
82 2449
30 191
4 777
2 266
3 1027
3 976
24 976
6 3000
24 3000
22 3000
31 3000
28 3000
23 3000
2 202
0 456
6 777
14 381
0 295
3 186
440 441
1 94
59 68
3 287
6 240
119 142
9 240
12 655
2 1197
7 2831
5 2831
2 2831
3 2831
2 1331
15 4210
20 4210
183 4210
47 4210
33 4210
144 4210
147 4210
8 4210
91 4210
129 4210
201 4210
3 20
4 209
3 677
4 677
3 1547
5 1547
15 888
22 888
2 344
2 413
12 1012
6 1012
13 1012
4 269
5 467
2 504
1046 1110
3 585
7 2128
10 2128
5 2128
5 960
3 1483
13 1536
6 1536
20 1110
6 1069
7 1069
21 1069
1 1014
25 811
4 1110
11 423
1 93
1 183
0 384
4 724
6 2375
4 2375
8 2375
0 178
765 788
3 788
15 788
12 788
774 788
0 788
1 788
759 788
6 788
1 203
219 226
13 4949
20 4949
17 4949
36 4949
64 4949
26 4949
55 4949
0 120
45 2150
15 2150
17 2150
1 653
10 689
4 2955
1 2955
18 2955
2 2955
32 2955
5 2955
30 2955
4 1695
0 439
0 439
193 225
2 2163
3 2163
206 13875
139 13875
30 13875
27 13875
29 13875
104 13875
51 13875
95 13875
68 13875
83 13875
1116 13875
278 13875
185 13875
224 13875
17 2339
2 222
2 150
3 1164
7 1164
13 1164
0 2347
2 2347
1 2347
3 2347
1 633
6 384
19 3126
23 3126
38 3126
13 3126
4 3126
32 3126
14 3126
5 1078
8 1078
0 1078
1 267
17 1926
514 526
12 812
12 858
7 5657
8 5657
17 5657
4 5657
14 5657
0 5657
26 5657
271 5657
50 1042
12 423
3 218
159 172
89 1307
966 1021
11 384
4 400
229 240
13 247
1 176
1 247
3 124
14 618
5 247
9 1708
4 1708
1 1708
3 1708
5 762
13 762
1 152
3 371
3 264
0 442
2 442
3 389
48 5642
17 5642
15 5642
331 5642
36 5642
52 5642
59 5642
6 416
19 223
81 86
21 543
11 1403
11 1403
10 679
1 2517
0 87
3 689
5 336
2 89
4 153
36 1403
11 1963
22 1963
5 2002
2 2002
11 2002
15 147
8 147
158 163
262 264
48 1539
227 264
13 590
0 181
16 241
2 465
41 764
20 764
11 764
5 295
0 1652
4 1652
2 1967
3 86
0 1110
4 1183
2 1183
6 1183
1 876
0 389
8 1124
2 1124
1 1014
3 961
8 961
0 961
0 526
0 359
50 1130
1 257
13 1386
766 842
1031 1042
0 257
25 2403
27 2403
31 2403
0 106
7 375
31 617
18 270
23 270
9 340
2 327
0 380
9 518
10 587
5 587
2 384
1 424
8 264
18 699
6 1317
16 1317
1 1317
6 120
12 594
0 538
0 603
0 1130
2 344
9 240
0 1241
1 122
10 855
11 1898
8 1898
8 1898
6 1898
17 384
14 17
844 914
0 777
6 163
26 4713
53 4713
37 4713
257 4713
42 4713
38 4713
1 44
19 2150
18 2150
3 2150
2 2150
373 402
8 266
3 781
6 781
0 781
8 781
17 664
18 689
4 874
5 796
8 796
73 1464
14 1464
20 1464
0 548
5 382
214 233
2 663
6 257
23 506
4 1012
4 257
2 626
1 371
8 782
23 3816
42 3816
14 3816
10 3816
7 3816
52 3816
21 3816
7 340
8 1347
2 1347
0 149
4 554
5 364
6 364
8 295
20 435
11 695
2 1247
1 1247
6 423
10 914
4 265
7 631
9 631
3 186
3 518
158 171
480 511
18 431
0 2308
4 2308
2 2303
14 2303
9 145
8 145
2 145
4 467
22 518
2 405
7 318
8 423
6 324
3 389
19 8726
69 8726
252 8726
55 8726
168 8726
76 8726
267 8726
71 8726
187 8726
148 8726
7 8726
41 8726
25 8726
0 422
1 108
0 456
0 1036
1 1036
24 391
2 344
8 679
2 154
374 397
10 3066
11 3066
60 3066
5 1214
4 1214
15 1595
26 1595
649 764
0 457
0 368
0 376
11 209
4 209
1 1191
0 1191
45 592
15 378
136 141
2 389
15 446
2 264
4 526
16 1110
12166 12734
254 12734
287 12734
123 12734
412 12734
208 12734
12683 12734
274 12734
193 12734
294 12734
72 12734
77 12734
99 12734
110 12734
370 12734
327 12734
84 12734
285 12734
8 203
3 89
0 653
277 295
0 841
0 441
376 384
1 876
53 1264
1172 1264
1199 1264
4 404
0 1483
0 1110
24 590
31 590
7 264
0 107
13 1386
0 148
74 89
8 842
42 461
1 669
3 669
9 737
666 699
7 423
8 737
0 107
0 107
2 148
0 473
46 2629
87 2629
17 2629
30 2629
8 384
5 1589
2 1589
3 1589
2 113
3 2696
6 2696
2 2696
1 774
31 664
954 987
11 987
18 987
19 4344
6 4344
14 4344
54 4344
10 4344
7 4344
5 4344
2 222
8 626
13 1376
0 1376
3 1376
6 1376
9 558
6 680
23 680
5 234
2 177
162 177
11 384
24 441
26 441
2 376
13 1511
18 1511
8 522
22 522
0 169
14 737
32 664
8 479
9 2238
23 2238
31 2238
6 2238
24 1074
23 737
0 762
27 2517
784 788
20 2300
18 2300
1 762
8 618
1 183
24 270
9 558
8 252
5 295
16 1913
26 1913
22 656
10 656
19 656
10 240
1 423
10 764
21 373
411 446
1 357
6 423
0 632
8 590
5 562
427 456
0 9
293 587
2 562
4 1014
0 774
0 404
0 567
1 1407
0 594
0 690
1 690
4 250
1 127
32 295
2 2725
5 2725
3 2725
1 2725
6 2725
0 442
2 442
7 518
1 508
0 269
3 269
0 38
6 6094
4 6094
3 6094
1 6094
12 6094
4 1370
51 2737
13 2737
8 1409
488 526
413 465
2 339
4 960
1 960
4 382
3 295
2 404
1 431
0 1536
2 615
0 844
0 308
5 504
4 560
1 730
0 730
1 764
1 1701
13 240
251 283
9 596
376 392
6 2339
2 2339
0 303
1 461
521 563
4 438
0 122
0 980
1 980
8 845
2 665
3 378
1 352
7 889
2 889
2 189
0 431
0 751
3 526
30 1955
21 1955
28 1955
20 1955
10 1955
26 1955
27 9453
46 9453
30 9453
42 9453
58 9453
22 9453
45 9453
34 9453
29 9453
12 9453
28 9453
23 9453
25 9453
10 9453
57 9453
10 3604
8 3604
6 3604
3317 3604
5 3604
16 2982
28 2982
27 2982
22 2982
26 2982
4 1152
1 499
1 181
0 181
233 249
3 613
11 395
1 575
1 122
1 1114
3 1114
270 283
270 283
0 241
51 55
3 655
8 1887
7 1887
2 1887
191 7512
109 7512
160 7512
135 7512
33 7512
88 7512
159 7512
204 7512
286 7512
283 7512
155 7512
218 7512
131 7512
257 7512
232 7512
4 328
1 623
1 106
2 82
4 305
3 196
130 151
10 439
1 328
25 2031
6 4370
5 4370
8 4370
3 4370
7 4370
15 4370
10 4370
4 4370
0 340
0 360
1 269
1 413
9 887
1 187
0 187
3 534
11 1539
4 726
234 257
3 202
10 764
9 764
1 473
2 729
4 729
3 729
2 174
28 593
0 326
2 282
58 59
22 2849
35 2849
34 2849
9 2849
4 225
2 435
0 435
1 522
145 146
25 479
13 399
2 587
2 562
746 788
731 788
777 788
739 788
773 788
1 788
0 788
752 788
740 788
4 473
11 473
6 1528
0 1528
2 1904
4 1904
1 733
3 219
113 2417
118 2417
18 594
40 594
19 594
4 620
5 620
2 476
1 476
3 405
1620 1695
83 91
81 91
2 1223
1 1223
6 1223
9 479
1 328
4 1879
5 1879
63 4834
25 4834
60 4834
73 4834
26 4834
33 4834
1 145
7 739
14 336
2 361
164 177
0 413
723 759
2 191
1 191
3 240
5 233
163 177
0 176
3 318
5 807
2 807
3 761
3 446
0 931
1 931
2 1074
38 812
263 287
4 764
7 1043
3 857
0 922
6 558
2 558
0 279
167 173
3 130
2 617
1 617
7 1707
8 1707
11 4275
9 4275
16 4275
13 4275
10 4275
0 1149
1 1149
2 1149
13 2971
9 2971
5 336
10 318
1 1026
0 92
1 92
1 311
0 161
1 774
7 127
2 379
0 400
3 428
359 381
2 562
13 497
5 393
1 279
6 323
6 395
1 223
5 362
462 509
2 2434
7 716
5 388
16 233
0 484
1 484
5 484
7 1075
8 1075
9 1075
10 1075
1 118
0 114
38 844
17 844
0 306
12 1742
1 1742
0 1742
7 441
0 655
688 764
0 509
3650 3737
8 3737
2 3737
0 3737
2 562
2172 2181
2 338
3 40
0 379
3 405
1 474
3 98
0 1143
339 368
661 699
1 343
11 126
7 1644
23 1644
1 767
0 767
706 767
12 20
285 310
0 354
5 61
4 297
705 727
379 395
23 1618
0 233
362 381
0 473
8 217
0 152
31 768
0 171
0 567
0 301
0 461
779 788
728 788
774 788
747 788
770 788
1 788
0 788
775 788
764 788
2 405
5 653
3 139
0 324
1 973
6 1386
1 633
18 664
6 1618
15 395
1 295
17 344
3 230
1109 2219
0 385
504 527
48 1926
68 1926
4 548
0 919
6 699
37 472
5 327
1 821
3 821
5 821
1 526
1 567
9 1012
5 1012
6 1012
6 562
15 739
0 266
8 227
0 241
16 635
1 391
3 177
0 407
8 435
1 535
480 527
356 371
3 371
9 240
5 57
284 297
4 262
2 361
14 1312
0 84
7 287
7 509
3 585
1 592
705 812
2189 2339
7 290
0 948
1 948
2 448
930 973
2 360
2 389
43 1646
1 2101
5 2101
2 2101
3 2101
14 876
5 472
15 265
6 777
3 502
0 137
2 209
10 144
1 183
1 370
18 135
1 120
2 962
25 721
0 114
2 3218
4 1747
0 231
3 1110
0 153
1 290
2 397
18 325
7 319
13 382
0 5267
23 5267
2 5267
18 5267
20 5267
27 5267
6 5267
21 5267
5 5267
28 5267
19 5267
7 5267
29 5267
26 5267
0 1034
4 1034
5 2191
2 2191
2 247
3 247
5 1416
20 1027
0 319
0 1042
0 384
0 163
2 127
1 484
1 900
0 544
4 265
1 368
0 930
2 2416
1 2416
6 2416
3 919
4 407
0 382
1 247
3 233
2 1183
4 1183
6 1183
1 1185
0 382
2 340
2 3763
0 3763
8 177
9 477
0 141
14 242
1 295
2 295
7 395
31 615
1 308
1 1695
8 511
0 227
0 257
26 2339
5 395
1 359
16 761
14 257
0 176
8 336
1 195
2 365
9 240
2 230
4 196
303 338
9 1116
6 1116
2 1124
0 300
5 1623
16 906
0 57
1 188
0 1057
0 233
1 721
6 318
6 735
669 699
4 446
0 310
1 165
417 465
0 1130
671 679
4 392
329 348
12 1898
10 1898
0 472
27 950
38 950
31 950
10 191
1 1695
1 324
0 282
1 861
26 1695
17 360
11 960
1 388
1 1701
5 453
2 453
0 247
1 461
29 295
5 1042
3 549
11 319
3 1110
5 2517
2 866
0 866
116 141
0 387
44 48
1 1791
2 1791
3 511
1 275
5 286
0 423
0 191
883 950
44 509
0 861
3 364
6 364
1 378
1 3651
2 364
3 364
0 298
34 679
12 654
6 177
10 605
3 392
3 392
2 569
0 43
3 414
1 272
3 327
3 2050
2 2050
1 2050
0 617
2 927
6 1268
4 1268
5 1268
1337 1413
155 157
7 317
22 790
733 790
2 812
983 1077
525 584
5 562
14 1360
2 1695
8 405
557 587
4 127
4 1592
1 1592
0 1719
4 1719
1 1719
12 548
0 548
2 195
3 352
0 1043
8 2703
7 2703
20 2703
21 2703
31 1165
16 395
0 1323
4 1323
3 1323
16 1323
7 1323
0 118
0 165
5 663
16 451
21 1536
15 1526
3 1526
12 1526
0 116
311 327
12 587
0 139
3 325
5 1288
2 116
219 240
0 217
355 712
20 1386
105 2339
0 2517
11 381
257 284
0 183
275 295
14 2517
5 2339
18 465
0 247
0 2517
1 55
2 281
0 247
12 1360
2 461
39 3761
7 590
5 594
6 378
36 1539
8 108
97 4338
80 1552
1 152
1 646
8 306
32 657
12 657
20 1042
403 421
5 1042
5 222
3 1034
0 270
0 1104
0 486
1 502
1 57
798 816
6 2365
5 1074
0 187
2 2236
6 2236
4 2236
1 2236
7 405
20 1110
495 497
4 222
0 120
0 151
0 1392
0 230
79 86
2 78
2190 2339
0 9
5 1021
0 318
3 308
0 279
0 762
2 88
10 721
0 1027
5 500
0 89
7 86
9 159
0 733
679 725
1 276
1 497
7 1130
1 456
1 654
2 777
0 53
0 340
434 475
4 142
2 694
0 41
0 90
578 588
3 588
5 588
2 214
3 67
1 588
1 327
5 342
2 588
10 193
0 161
6 90
4 588
6 41
20 322
2 718
2 142
14 567
4 588
106 113
0 120
13 588
3 567
8 588
33 588
6 483
21 588
2 218
42 588
269 282
270 282
28 588
203 218
5 327
0 24
0 274
4 274
4 214
1 142
7 90
85 90
4 228
4 567
1 229
554 567
7 343
12 228
1 327
1 43
5 386
37 694
9 228
8 475
10 588
21 475
20 946
2 475
0 567
1 457
4 327
4 483
7 343
1 116
0 475
6 228
2 342
25 327
532 560
10 229
0 99
2 588
6 43
7 43
0 168
10 141
2 483
0 16
16 588
0 386
297 334
1 588
2 588
4 588
1 588
0 90
553 588
3 271
18 588
13 386
0 67
536 560
341 342
7 454
7 588
8 588
1 211
16 694
636 694
4 228
5 327
535 588
14 752
2 53
1 229
22 588
6 41
3 374
1 334
1 588
426 475
6 110
0 229
1 58
18 588
1 142
5 153
3 334
3 116
109 118
22 588
20 386
6 327
2 142
8 228
10 156
3 588
6 588
1 327
14 343
152 153
14 475
4 588
7 99
1 588
6 588
526 574
2 694
2 90
14 694
0 56
31 560
327 342
11 322
0 752
5 588
12 327
2 193
14 454
0 342
1 67
8 327
15 588
5 229
0 342
65 67
34 2673
1 211
9 483
3 327
4 228
4 33
9 962
7 1539
0 125
0 120
5 80
1 816
0 554
1 176
3 406
0 66
0 473
0 977
0 844
0 290
9 502
2 88
3 275
4 147
5 515
1 1205
3 1403
0 1695
2 605
8 605
7 1347
9 1347
35 1516
0 295
0 473
0 59
3 1021
757 788
221 228
1 1110
2 88
2 768
3 476
13 337
0 340
70 1695
5 127
0 308
3 378
0 241
0 452
1 284
3 1900
0 1900
2 3101
0 3101
0 6
4 218
17 664
0 158
0 423
4 951
22 951
0 623
0 399
12 1577
0 278
3 214
3 2150
0 2150
0 145
0 404
0 1074
4 336
0 362
3 594
0 216
0 439
1 527
2 1386
4 639
34 762
0 625
1 625
0 725
0 395
0 1036
6 1042
1 393
4 1539
1 368
2 1539
10 117
12 632
4 1042
2 518
0 567
2 452
1 1071
0 347
0 303
0 120
26 270
9 2237
38 2237
11 2237
2 2237
14 2237
0 233
1512 1552
0 409
0 1230
2 1230
18 853
0 400
0 126
0 446
9 857
0 973
1 274
2 274
6 3390
18 3390
8 3390
2 3390
0 584
12 890
1 626
200 216
0 1346
0 247
264 287
69 79
0 196
15 191
167 7353
179 7353
53 7353
7007 7353
88 7353
12 7353
290 7353
152 7353
161 7353
7240 7353
112 7353
76 7353
106 7353
124 7353
48 7353
35 7353
2 141
4 2466
6 2466
7 2466
5 2466
0 1456
86 10604
112 10604
192 10604
34 10604
25 10604
129 10604
49 10604
68 10604
120 10604
125 10604
12 10604
109 10604
69 10604
70 10604
110 10604
57 10604
13 1655
7 1655
0 407
4 1162
8 1162
5 1162
3 1162
2 479
7 623
0 87
1 564
21 391
0 295
0 590
1 508
1676 1695
1 47
733 788
742 788
741 788
730 788
728 788
2 788
0 788
26 788
751 788
2 230
0 739
1 436
12 1695
0 247
5 626
12 567
3 115
2 48
0 344
2 684
29 764
1 582
7 1072
5 1862
4 1862
9 369
20 876
1 625
0 233
1 937
2 937
3 937
0 230
1 421
0 272
4 218
1 812
8 826
0 919
1 887
1 1072
41 2339
4 958
6 958
8 1623
136 141
1 792
3 811
2 2330
1 2330
5 247
19 974
110 120
0 182
0 423
0 1967
0 30
7 384
2 549
19 1153
0 497
1 188
2 498
6 157
4 157
3 2339
2 950
2 57
0 135
9 473
0 962
1 448
0 163
2 414
4 1161
1 1161
2 1161
0 117
0 96
7 1403
0 1346
1 139
46 1110
0 473
1 318
0 318
1 700
0 162
0 1967
4 1539
0 1539
0 106
7 5662
9 5662
4 5662
6 5662
5 5662
7 1536
1494 1536
11 625
16 2565
14 2565
13 2565
7 2565
17 2565
9 2565
1633 1747
8 384
4 183
12 1249
11 1249
0 87
7 812
4 746
10 2128
0 2128
3 2128
0 473
0 67
3 124
2 178
0 764
1 379
2 2396
0 2396
1 2396
13 890
19 890
9 890
0 38
0 2407
4 2407
3 2407
7 2407
2 735
1 581
0 581
1 385
0 385
8 615
1 139
1 641
9 448
0 1064
4 1064
3 2225
3 89
0 941
0 89
0 1419
439 452
1 80
11 554
1 89
8 1294
13 1294
369 381
65 1948
83 1948
28 1948
21 1948
3 962
1 448
1 352
0 137
1 594
1 1708
0 1708
8 287
0 25
3 816
0 626
0 90
38 2339
0 1536
3 233
1 69
2 319
3 796
0 446
1 527
0 142
1 369
1 153
2 590
1 385
29 413
0 446
2 2395
1 2395
2 404
295 592
49 2163
19 2163
73 2163
2 55
178 191
0 2423
3 2423
7 2423
2 344
3 196
1 452
12 1403
0 1205
1 1205
0 1014
1 294
4 448
3 86
0 395
12 844
0 844
1 303
3 1360
0 812
0 107
0 562
2 479
4 467
63 1733
43 1733
25 1733
1 80
0 739
0 446
223 247
0 389
0 733
8 215
5 295
6 431
0 175
4 130
5 187
3 135
1 284
2 371
4 330
6 1724
2 1724
5 1724
7 549
2 919
1129 1139
0 896
1 896
7 437
0 103
0 264
8 261
1 264
0 648
16 1577
0 1501
3 1501
1 1501
525 617
8 1618
0 285
5 504
2 115
1 48
0 247
0 737
0 223
0 509
0 311
477 594
6 477
0 345
1 733
6 789
4 789
0 605
3 1747
0 347
15 1511
18 1511
0 362
12 147
0 307
13 139
12 139
0 382
1758 1766
769 788
2 788
5 788
4 788
771 788
0 788
1 788
777 788
3 788
13 694
1 694
2 307
3 174
10 371
1 1077
0 537
154 178
0 103
2 290
5 3159
8 3159
4 3159
4 1331
24 50
0 716
1 508
19 1909
33 1909
22 1909
1 1618
3 1618
1 384
1 384
0 102
1 94
1 585
2 474
510 535
0 261
29 295
2 169
0 148
4 183
5 876
1 733
13 1787
15 1787
10 1787
23 617
0 1553
2 1553
5 504
2 343
2 632
0 127
11 504
8 1083
1 65
4 1144
0 178
18 172
1 240
9 431
25 919
0 498
0 1618
1420 1475
337 368
3 26
6 1965
5 1965
7 1965
1 1965
3 1965
4 1965
12 125
0 175
1 55
2 379
0 229
1 229
0 230
3 1042
0 344
7 323
3 746
24 876
8 479
389 406
2 504
153 171
1 575
20 764
8 1913
1 1913
0 1057
2 269
1 173
325 344
0 772
0 242
4 1695
9 1695
3 382
4 764
0 175
0 94
0 811
0 394
0 1287
0 176
123 139
0 310
0 360
2 230
0 811
3 381
3 1129
11 1129
7 1129
0 638
4 1071
22 1410
32 1410
25 1410
0 811
0 497
30 37
0 285
1 305
1 256
0 360
205 233
3 623
0 1061
1 260
0 452
0 563
32 592
3 144
8 327
0 617
314 337
4 362
5927 5976
50 5976
67 5976
84 5976
61 5976
76 5976
117 5976
70 5976
69 5976
16 1075
1 379
6 661
1 162
1 2517
20 431
5 100
1 1386
5 850
1 511
2 405
2 1102
0 1102
0 370
2 196
1 361
17 841
15 698
0 124
0 290
217 218
0 439
201 229
0 349
2 89
0 360
16 333
18 333
4 526
1 122
0 412
2 196
5 874
0 247
2 896
1 338
2 338
3 142
90 1779
1776 1779
18 1779
1750 1779
1 1238
14 876
10 1853
9 1853
4 1853
1 592
1 564
5 173
4 1539
0 158
4 812
3 584
0 328
4 262
3 816
0 99
10 796
5 404
5 146
5 345
1 464
4 228
4 274
902 919
5 502
1 1110
0 122
5 446
8 518
0 141
5 585
29 561
1 2808
1 1357
51 1416
1 204
4 100
543 563
0 564
0 473
10 1110
3 339
163 327
0 308
8 295
0 587
0 777
10 558
1 149
6 209
0 279
1 962
7 3095
9 3095
4 3095
12 1617
0 1617
10 1617
7 1617
2 318
3 327
1 1767
8 1767
10 1767
4 1767
11 240
0 1071
5 522
0 1618
1 465
0 465
1 465
