3 384
6 375
3 392
0 576
2 576
8 776
7 776
432 511
6 2287
3 2287
3 745
0 745
24 914
1 338
8 448
1 691
2 691
0 183
7 914
17 1155
38 1155
1072 1155
1 1155
2 1155
1 1370
1 1623
53 7389
210 7389
178 7389
5 7389
7 7389
108 7389
179 7389
15 7389
181 7389
110 7389
628 7389
2 2339
1 615
33 1288
2 176
21 1265
42 1265
8 1265
9 150
0 79
0 1983
4 1983
3 1983
98 1983
7 269
4 397
35 1208
25 1208
33 1208
28 1474
8 240
1 448
1 558
1 1113
0 1113
0 79
3 305
9 400
0 388
6 590
1 1483
5 152
4 152
0 796
1525 1536
0 805
2 276
20 328
0 1267
5 1267
26 1267
10 1267
12 1267
6 522
0 198
2 1013
0 1013
4 152
0 1303
2 1008
0 1008
3 327
0 562
8 737
8 737
243 264
159 175
0 44
0 89
3 1913
1 1913
3 1539
4 973
4 855
0 301
13 7645
156 7645
15 7645
6 7645
14 7645
171 7645
172 7645
37 7645
79 7645
17 7645
19 7645
5 7645
45 7645
4 7645
7 7645
2 7645
18 7645
8 7645
96 7645
10 7645
357 9306
27 9306
12 9306
191 9306
43 9306
351 9306
2 9306
155 9306
4 9306
173 9306
5 9306
59 9306
14 9306
296 9306
10 9306
359 9306
395 9306
44 9306
37 3760
242 3760
140 3760
43 3760
72 3760
57 3760
39 3760
90 3760
2 689
9 295
27 1454
11 1454
4 1454
9 1454
1 626
0 203
0 405
0 794
2 794
1 844
632 657
0 1110
8 150
3 1071
0 812
0 812
0 422
6 896
2 395
7 2339
0 135
4 324
0 721
71 79
0 204
0 811
1 368
0 380
0 380
3 384
8 152
0 98
67 68
2 446
1 777
2 777
0 884
883 884
0 1514
20 876
328 348
0 169
6 663
5 663
3 303
6 240
0 441
0 1474
0 733
2 1077
0 404
0 973
0 138
20 1618
10 567
792 876
1 176
0 2150
6 2150
20 876
2 311
5 1597
2 1597
4 1597
1 1597
3 618
0 98
0 184
9 776
3 776
1 497
52 57
3 392
13 670
7 670
4 392
21 511
2 247
0 876
0 344
3 965
25 1539
0 509
3 215
5 176
4 215
2 215
3 1386
1 283
0 764
0 465
0 792
6 10782
29 10782
4 10782
5 10782
77 10782
47 10782
53 10782
216 10782
44 10782
27 10782
42 10782
248 10782
21 10782
95 10782
70 10782
12 10782
57 10782
31 10782
96 10782
7 10782
36 10782
18 10782
24 10782
22 10782
42 10782
99 10782
1 224
658 767
3 144
63 540
4 2510
0 2510
251 269
2 269
0 1269
1 1269
1 919
0 782
5 448
0 931
1 931
1 247
0 89
24 2038
2 2038
0 2038
1 446
10 737
5 1898
4 1898
7 584
6 1360
3 2257
5 2257
1 1695
23 2339
13 1072
2 746
1 746
4 2150
13 2150
30 3410
5 3410
17 3410
2 746
1 2150
16 2150
10 764
2 746
0 456
17 590
9 2449
54 2449
24 191
17 777
3 266
1 1027
5 976
12 976
23 3000
22 3000
17 3000
25 3000
24 3000
5 3000
0 202
0 456
6 777
2 381
0 295
3 186
398 441
0 94
53 68
1 287
4 240
6 142
3 240
1 655
0 1197
6 2831
4 2831
3 2831
1 2831
2 1331
3 4210
49 4210
69 4210
26 4210
114 4210
70 4210
24 4210
1 4210
30 4210
131 4210
207 4210
0 20
3 209
0 677
4 677
0 1547
11 1547
4 888
28 888
0 344
1 413
6 1012
4 1012
11 1012
1 269
0 467
3 504
22 1110
0 585
5 2128
0 2128
9 2128
1 960
1 1483
7 1536
6 1536
0 1110
2 1069
3 1069
4 1069
2 1014
99 811
1 1110
3 423
0 93
176 183
0 384
3 724
10 2375
0 2375
1 2375
0 178
10 788
2 788
6 788
5 788
16 788
0 788
1 788
9 788
3 788
1 203
22 226
0 4949
2 4949
6 4949
35 4949
102 4949
9 4949
37 4949
0 120
44 2150
2 2150
14 2150
0 653
4 689
3 2955
1 2955
81 2955
5 2955
13 2955
2 2955
145 2955
1 1695
0 439
0 439
14 225
1 2163
3 2163
185 13875
34 13875
5 13875
46 13875
19 13875
134 13875
27 13875
8 13875
355 13875
20 13875
13269 13875
72 13875
115 13875
75 13875
10 2339
2 222
0 150
2 1164
5 1164
16 1164
0 2347
1 2347
3 2347
2 2347
0 633
0 384
20 3126
21 3126
42 3126
6 3126
3 3126
11 3126
14 3126
2 1078
1 1078
0 1078
243 267
3 1926
477 526
4 812
7 858
6 5657
4 5657
12 5657
9 5657
10 5657
3 5657
82 5657
57 5657
36 1042
9 423
0 218
1 172
18 1307
958 1021
5 384
0 400
5 240
3 247
1 176
0 247
1 124
2 618
0 247
4 1708
2 1708
0 1708
1 1708
0 762
1 762
3 152
9 371
2 264
2 442
0 442
8 389
55 5642
9 5642
1 5642
402 5642
73 5642
63 5642
18 5642
4 416
6 223
2 86
8 543
9 1403
3 1403
0 679
1 2517
0 87
1 689
1 336
0 89
1 153
10 1403
5 1963
16 1963
6 2002
10 2002
2 2002
8 147
6 147
5 163
242 264
0 1539
219 264
5 590
0 181
15 241
0 465
742 764
26 764
8 764
7 295
0 1652
1 1652
0 1967
2 86
0 1110
2 1183
0 1183
3 1183
0 876
0 389
3 1124
1 1124
1 1014
0 961
3 961
1 961
0 526
0 359
111 1130
0 257
3 1386
2 842
27 1042
0 257
2 2403
40 2403
16 2403
0 106
5 375
8 617
2 270
18 270
7 340
2 327
0 380
3 518
1 587
5 587
0 384
0 424
5 264
626 699
1 1317
2 1317
9 1317
10 120
3 594
0 538
0 603
0 1130
1 344
5 240
0 1241
0 122
5 855
9 1898
7 1898
6 1898
4 1898
5 384
14 17
20 914
0 777
10 163
15 4713
17 4713
2 4713
4304 4713
3 4713
16 4713
0 44
3 2150
10 2150
1 2150
0 2150
10 402
251 266
1 781
2 781
0 781
9 781
21 664
1 689
0 874
0 796
0 796
120 1464
4 1464
10 1464
0 548
3 382
11 233
2 663
1 257
460 506
11 1012
3 257
0 626
0 371
776 782
37 3816
5 3816
3 3816
4 3816
0 3816
35 3816
7 3816
4 340
3 1347
6 1347
0 149
1 554
0 364
2 364
273 295
4 435
9 695
2 1247
1 1247
6 423
5 914
0 265
4 631
6 631
3 186
0 518
164 171
35 511
2 431
0 2308
2 2308
1 2303
21 2303
11 145
5 145
3 145
0 467
5 518
1 405
18 318
11 423
4 324
14 389
1 8726
5 8726
200 8726
12 8726
131 8726
6 8726
357 8726
26 8726
66 8726
90 8726
0 8726
28 8726
143 8726
0 422
1 108
0 456
0 1036
1 1036
13 391
1 344
0 679
2 154
359 397
8 3066
7 3066
33 3066
4 1214
6 1214
38 1595
51 1595
12 764
0 457
0 368
0 376
2 209
0 209
1 1191
0 1191
46 592
11 378
3 141
0 389
1 446
1 264
0 526
18 1110
1019 12734
67 12734
11830 12734
559 12734
114 12734
106 12734
12025 12734
64 12734
72 12734
121 12734
31 12734
8 12734
88 12734
26 12734
74 12734
170 12734
48 12734
178 12734
3 203
1 89
0 653
8 295
0 841
0 441
377 384
0 876
109 1264
1220 1264
1263 1264
1 404
0 1483
0 1110
6 590
4 590
221 264
0 107
2 1386
0 148
0 89
4 842
37 461
0 669
1 669
8 737
625 699
7 423
8 737
0 107
0 107
0 148
0 473
18 2629
81 2629
4 2629
11 2629
2 384
2 1589
1 1589
0 1589
1 113
0 2696
1 2696
4 2696
0 774
24 664
80 987
7 987
12 987
7 4344
0 4344
20 4344
46 4344
5 4344
1 4344
4 4344
2 222
0 626
9 1376
5 1376
1 1376
6 1376
2 558
3 680
4 680
8 234
1 177
1 177
5 384
32 441
26 441
1 376
2 1511
1 1511
2 522
9 522
0 169
0 737
28 664
5 479
0 2238
6 2238
23 2238
4 2238
20 1074
12 737
0 762
2 2517
725 788
10 2300
4 2300
0 762
0 618
0 183
18 270
9 558
0 252
15 295
14 1913
1687 1913
6 656
7 656
8 656
5 240
1 423
4 764
1 373
16 446
1 357
7 423
0 632
5 590
0 562
11 456
0 9
293 587
0 562
10 1014
0 774
0 404
0 567
0 1407
0 594
1 690
0 690
2 250
1 127
8 295
4 2725
2 2725
1 2725
0 2725
5 2725
0 442
1 442
2 518
1 508
0 269
3 269
0 38
5 6094
3 6094
1 6094
4 6094
9 6094
1 1370
21 2737
18 2737
48 1409
4 526
4 465
1 339
1 960
0 960
17 382
1 295
0 404
0 431
1 1536
1 615
0 844
0 308
0 504
3 560
1 730
0 730
0 764
1 1701
9 240
3 283
5 596
2 392
1 2339
0 2339
0 303
0 461
44 563
21 438
1 122
1 980
0 980
2 845
0 665
6 378
1 352
1 889
11 889
0 189
0 431
0 751
2 526
15 1955
14 1955
19 1955
11 1955
4 1955
18 1955
7 9453
347 9453
6 9453
21 9453
23 9453
5 9453
12 9453
4 9453
14 9453
10 9453
24 9453
8 9453
11 9453
3 9453
2 9453
11 3604
66 3604
5 3604
3370 3604
2 3604
2 2982
17 2982
27 2982
6 2982
7 2982
0 1152
0 499
0 181
1 181
242 249
16 613
4 395
0 575
1 122
1 1114
2 1114
260 283
279 283
0 241
49 55
568 655
2 1887
4 1887
1 1887
123 7512
21 7512
54 7512
124 7512
149 7512
4 7512
26 7512
134 7512
152 7512
284 7512
77 7512
52 7512
65 7512
446 7512
96 7512
6 328
0 623
0 106
6 82
2 305
0 196
4 151
8 439
3 328
6 2031
2 4370
1 4370
5 4370
0 4370
7 4370
9 4370
4 4370
3 4370
0 340
0 360
1 269
0 413
1 887
1 187
0 187
2 534
3 1539
1 726
4 257
1 202
24 764
38 764
0 473
0 729
2 729
1 729
2 174
5 593
0 326
4 282
55 59
22 2849
17 2849
16 2849
2 2849
0 225
1 435
0 435
0 522
129 146
8 479
3 399
2 587
1 562
17 788
10 788
27 788
16 788
18 788
0 788
1 788
23 788
19 788
435 473
3 473
2 1528
0 1528
1 1904
4 1904
13 733
0 219
33 2417
185 2417
29 594
9 594
12 594
4 620
2 620
1 476
0 476
2 405
1573 1695
1 91
0 91
0 1223
2 1223
3 1223
6 479
1 328
3 1879
5 1879
53 4834
22 4834
28 4834
15 4834
21 4834
12 4834
138 145
26 739
2 336
18 361
154 177
0 413
16 759
1 191
1 191
1 240
19 233
160 177
0 176
2 318
3 807
1 807
3 761
0 446
0 931
1 931
1 1074
3 812
239 287
14 764
3 1043
0 857
1 922
2 558
6 558
0 279
18 173
1 130
32 617
35 617
0 1707
7 1707
2 4275
1 4275
18 4275
3 4275
7 4275
0 1149
1 1149
3 1149
2 2971
5 2971
0 336
295 318
1 1026
1 92
0 92
0 311
0 161
0 774
6 127
0 379
0 400
0 428
6 381
1 562
0 497
2 393
1 279
0 323
5 395
0 223
0 362
450 509
0 2434
6 716
0 388
6 233
0 484
0 484
0 484
4 1075
6 1075
6 1075
8 1075
1 118
0 114
56 844
44 844
3 306
2 1742
1 1742
0 1742
14 441
0 655
645 764
0 509
3350 3737
4 3737
1 3737
0 3737
3 562
2131 2181
2 338
1 40
0 379
2 405
0 474
0 98
0 1143
5 368
650 699
0 343
9 126
1 1644
183 1644
0 767
2 767
724 767
0 20
8 310
0 354
2 61
1 297
30 727
8 395
0 1618
0 233
6 381
0 473
213 217
0 152
89 768
0 171
0 567
0 301
0 461
20 788
6 788
23 788
14 788
26 788
0 788
1 788
21 788
15 788
1 405
1 653
1 139
0 324
0 973
2 1386
0 633
26 664
0 1618
9 395
0 295
10 344
4 230
2060 2219
0 385
6 527
8 1926
12 1926
3 548
0 919
3 699
11 472
2 327
0 821
2 821
3 821
0 526
0 567
6 1012
7 1012
5 1012
3 562
16 739
0 266
5 227
0 241
14 635
11 391
0 177
0 407
2 435
15 535
4 527
7 371
9 371
0 240
0 57
251 297
5 262
1 361
43 1312
0 84
3 287
12 509
1 585
0 592
789 812
182 2339
1 290
0 948
1 948
1 448
969 973
1 360
20 389
60 1646
0 2101
2 2101
3 2101
11 2101
811 876
5 472
2 265
3 777
8 502
1 137
4 209
2 144
1 183
0 370
15 135
1 120
1 962
12 721
0 114
3 3218
2 1747
0 231
0 1110
0 153
1 290
2 397
321 325
6 319
4 382
16 5267
4 5267
0 5267
14 5267
20 5267
6 5267
31 5267
18 5267
3 5267
12 5267
1 5267
2 5267
19 5267
15 5267
0 1034
4 1034
0 2191
1 2191
0 247
0 247
2 1416
849 1027
0 319
0 1042
0 384
0 163
1 127
1 484
0 900
0 544
1 265
0 368
0 930
1 2416
0 2416
3 2416
10 919
1 407
0 382
0 247
2 233
1 1183
0 1183
2 1183
1 1185
0 382
1 340
2 3763
0 3763
1 177
1 477
0 141
0 242
0 295
1 295
2 395
608 615
0 308
0 1695
12 511
0 227
0 257
10 2339
1 395
1 359
4 761
2 257
0 176
2 336
0 195
1 365
3 240
1 230
4 196
1 338
2 1116
75 1116
0 1124
0 300
4 1623
47 906
0 57
0 188
0 1057
0 233
0 721
6 318
3 735
626 699
0 446
0 310
0 165
2 465
2 1130
672 679
1 392
314 348
6 1898
5 1898
0 472
15 950
13 950
1 950
5 191
0 1695
0 324
0 282
0 861
5 1695
12 360
1 960
0 388
0 1701
1 453
0 453
0 247
2 461
10 295
3 1042
2 549
27 319
1 1110
2 2517
1 866
0 866
2 141
2 387
41 48
0 1791
3 1791
10 511
3 275
5 286
0 423
1 191
944 950
37 509
0 861
0 364
4 364
0 378
1 3651
0 364
3 364
0 298
1 679
1 654
1 177
578 605
6 392
2 392
1 569
0 43
0 414
2 272
2 327
2 2050
0 2050
1 2050
1 617
0 927
5 1268
1 1268
4 1268
5 1413
7 157
7 317
43 790
754 790
0 812
1 1077
7 584
3 562
4 1360
4 1695
14 405
7 587
4 127
2 1592
1 1592
0 1719
2 1719
1 1719
0 548
1 548
2 195
1 352
0 1043
36 2703
18 2703
67 2703
27 2703
8 1165
16 395
1 1323
0 1323
3 1323
6 1323
2 1323
0 118
0 165
2 663
20 451
10 1536
3 1526
2 1526
6 1526
0 116
27 327
2 587
4 139
0 325
1 1288
0 116
198 240
0 217
622 712
3 1386
53 2339
2 2517
16 381
265 284
0 183
1 295
0 2517
2 2339
5 465
0 247
1 2517
0 55
2 281
3 247
5 1360
2 461
12 3761
0 590
0 594
1 378
5 1539
0 108
43 4338
1353 1552
3 152
0 646
1 306
8 657
3 657
9 1042
420 421
1 1042
4 222
1 1034
0 270
0 1104
0 486
0 502
1 57
761 816
0 2365
2 1074
0 187
1 2236
2 2236
3 2236
0 2236
3 405
7 1110
2 497
7 222
0 120
0 151
0 1392
0 230
73 86
1 78
115 2339
0 9
1 1021
0 318
1 308
1 279
0 762
1 88
3 721
0 1027
3 500
0 89
1 86
11 159
19 733
9 725
0 276
1 497
6 1130
0 456
1 654
0 777
0 53
0 340
470 475
1 142
0 694
0 41
0 90
22 588
24 588
3 588
2 214
0 67
0 588
1 327
1 342
0 588
8 193
0 161
3 90
4 588
6 41
22 322
2 718
2 142
16 567
3 588
2 113
0 120
3 588
5 567
7 588
9 588
2 483
8 588
1 218
25 588
8 282
7 282
15 588
7 218
3 327
23 24
0 274
7 274
1 214
1 142
2 90
86 90
1 228
8 567
0 229
33 567
3 343
209 228
1 327
0 43
8 386
26 694
14 228
1 475
3 588
52 475
10 946
0 475
0 567
5 457
2 327
4 483
6 343
1 116
0 475
1 228
0 342
289 327
15 560
9 229
0 99
3 588
40 43
6 43
0 168
3 141
0 483
0 16
8 588
0 386
24 334
1 588
2 588
1 588
1 588
0 90
13 588
0 271
573 588
329 386
0 67
534 560
311 342
1 454
0 588
2 588
0 211
18 694
641 694
8 228
11 327
562 588
4 752
0 53
0 229
12 588
6 41
0 374
0 334
1 588
10 475
6 110
0 229
0 58
10 588
1 142
139 153
2 334
2 116
5 118
578 588
7 386
3 327
2 142
9 228
9 156
2 588
3 588
1 327
4 343
12 153
53 475
0 588
0 99
0 588
3 588
540 574
0 694
1 90
21 694
0 56
19 560
11 342
12 322
0 752
571 588
296 327
1 193
7 454
0 342
0 67
0 327
6 588
0 229
0 342
0 67
16 2673
0 211
5 483
2 327
5 228
4 33
3 962
0 1539
0 125
0 120
2 80
0 816
0 554
1 176
2 406
0 66
0 473
0 977
0 844
0 290
9 502
2 88
2 275
1 147
4 515
0 1205
2 1403
0 1695
7 605
3 605
8 1347
3 1347
16 1516
0 295
0 473
0 59
2 1021
769 788
8 228
0 1110
0 88
0 768
1 476
0 337
0 340
59 1695
4 127
0 308
2 378
0 241
0 452
0 284
1 1900
0 1900
2 3101
0 3101
0 6
2 218
9 664
0 158
0 423
1 951
6 951
0 623
0 399
3 1577
0 278
1 214
5 2150
0 2150
0 145
0 404
0 1074
1 336
0 362
4 594
0 216
0 439
0 527
3 1386
0 639
35 762
0 625
1 625
0 725
0 395
0 1036
2 1042
1 393
2 1539
1 368
2 1539
9 117
22 632
3 1042
0 518
0 567
1 452
3 1071
0 347
0 303
0 120
24 270
16 2237
13 2237
1 2237
0 2237
2 2237
0 233
1535 1552
0 409
0 1230
2 1230
6 853
1 400
0 126
0 446
7 857
0 973
0 274
1 274
0 3390
23 3390
7 3390
2 3390
0 584
12 890
1 626
3 216
0 1346
0 247
3 287
72 79
0 196
14 191
184 7353
33 7353
50 7353
7170 7353
327 7353
16 7353
278 7353
37 7353
72 7353
634 7353
51 7353
243 7353
42 7353
477 7353
14 7353
5 7353
0 141
2 2466
1 2466
3 2466
0 2466
0 1456
97 10604
284 10604
96 10604
41 10604
551 10604
75 10604
80 10604
25 10604
178 10604
141 10604
21 10604
129 10604
67 10604
30 10604
81 10604
42 10604
9 1655
4 1655
0 407
2 1162
5 1162
1 1162
3 1162
1 479
555 623
0 87
0 564
12 391
0 295
0 590
0 508
51 1695
1 47
22 788
12 788
33 788
15 788
25 788
0 788
1 788
13 788
9 788
1 230
0 739
0 436
2 1695
0 247
0 626
38 567
4 115
2 48
0 344
5 684
84 764
1 582
45 1072
7 1862
1 1862
2 369
20 876
1 625
0 233
3 937
0 937
9 937
0 230
1 421
0 272
0 218
1 812
39 826
0 919
0 887
1 1072
108 2339
2 958
1 958
1 1623
2 141
0 792
3 811
0 2330
1 2330
1 247
4 974
111 120
0 182
2 423
0 1967
0 30
2 384
9 549
6 1153
0 497
4 188
1 498
5 157
1 157
3 2339
10 950
1 57
0 135
0 473
0 962
2 448
0 163
0 414
3 1161
0 1161
2 1161
0 117
3 96
1 1403
0 1346
1 139
39 1110
0 473
1 318
0 318
1 700
0 162
0 1967
2 1539
0 1539
0 106
5 5662
4 5662
3 5662
2 5662
0 5662
4 1536
10 1536
4 625
9 2565
7 2565
8 2565
2 2565
11 2565
12 2565
1646 1747
5 384
169 183
8 1249
5 1249
0 87
0 812
2 746
7 2128
0 2128
6 2128
0 473
0 67
2 124
6 178
0 764
1 379
2 2396
0 2396
1 2396
19 890
8 890
9 890
0 38
1 2407
3 2407
6 2407
7 2407
0 735
3 581
0 581
0 385
1 385
3 615
1 139
0 641
5 448
2 1064
0 1064
3 2225
1 89
0 941
0 89
0 1419
8 452
2 80
4 554
0 89
1 1294
10 1294
348 381
43 1948
34 1948
7 1948
0 1948
4 962
0 448
0 352
0 137
0 594
5 1708
0 1708
2 287
0 25
0 816
0 626
0 90
17 2339
0 1536
0 233
8 69
2 319
1 796
0 446
0 527
0 142
0 369
0 153
1 590
0 385
29 413
0 446
1 2395
0 2395
0 404
295 592
5 2163
3 2163
7 2163
1 55
37 191
0 2423
6 2423
1 2423
1 344
1 196
0 452
41 1403
1 1205
0 1205
1 1014
2 294
7 448
75 86
0 395
3 844
0 844
0 303
0 1360
0 812
0 107
0 562
1 479
8 467
10 1733
22 1733
18 1733
1 80
0 739
0 446
226 247
0 389
0 733
2 215
4 295
1 431
0 175
2 130
0 187
1 135
1 284
4 371
3 330
2 1724
0 1724
1 1724
2 549
14 919
32 1139
1 896
0 896
0 437
0 103
0 264
1 261
0 264
0 648
6 1577
0 1501
2 1501
1 1501
44 617
2 1618
0 285
4 504
1 115
47 48
0 247
1 737
0 223
0 509
0 311
36 594
2 477
0 345
0 733
4 789
1 789
0 605
0 1747
0 347
7 1511
4 1511
0 362
6 147
0 307
9 139
7 139
0 382
69 1766
23 788
2 788
10 788
6 788
723 788
0 788
1 788
17 788
3 788
0 694
1 694
276 307
1 174
3 371
1 1077
0 537
4 178
0 103
0 290
4 3159
2 3159
1 3159
2 1331
46 50
0 716
1 508
21 1909
12 1909
26 1909
0 1618
4 1618
0 384
0 384
0 102
0 94
0 585
0 474
521 535
0 261
2 295
1 169
1 148
1 183
3 876
1 733
7 1787
5 1787
4 1787
9 617
0 1553
1 1553
2 504
0 343
1 632
0 127
5 504
82 1083
2 65
1 1144
0 178
1 172
2 240
4 431
20 919
0 498
0 1618
1454 1475
9 368
2 26
12 1965
5 1965
2 1965
0 1965
4 1965
3 1965
2 125
0 175
2 55
1 379
0 229
0 229
0 230
1 1042
0 344
0 323
2 746
24 876
3 479
10 406
2 504
152 171
4 575
7 764
5 1913
1 1913
0 1057
1 269
0 173
13 344
0 772
0 242
3 1695
3 1695
2 382
4 764
0 175
0 94
0 811
0 394
0 1287
0 176
15 139
0 310
0 360
1 230
0 811
1 381
1 1129
11 1129
8 1129
0 638
0 1071
29 1410
17 1410
21 1410
0 811
0 497
1 37
0 285
2 305
4 256
0 360
8 233
1 623
0 1061
1 260
0 452
0 563
1 592
2 144
1 327
0 617
5 337
1 362
5933 5976
39 5976
30 5976
63 5976
40 5976
34 5976
69 5976
80 5976
27 5976
8 1075
1 379
35 661
0 162
1 2517
0 431
2 100
0 1386
2 850
0 511
1 405
1 1102
0 1102
0 370
1 196
1 361
23 841
5 698
0 124
0 290
208 218
0 439
6 229
0 349
0 89
0 360
5 333
7 333
0 526
0 122
0 412
1 196
0 874
0 247
0 896
1 338
2 338
0 142
39 1779
1774 1779
7 1779
1704 1779
0 1238
823 876
44 1853
31 1853
11 1853
0 592
0 564
0 173
1 1539
0 158
0 812
7 584
0 328
3 262
1 816
0 99
6 796
1 404
2 146
0 345
8 464
3 228
2 274
870 919
0 502
0 1110
2 122
12 446
3 518
0 141
0 585
2 561
1 2808
0 1357
28 1416
1 204
0 100
19 563
0 564
0 473
2 1110
0 339
313 327
0 308
5 295
0 587
1 777
3 558
0 149
11 209
0 279
0 962
0 3095
7 3095
2 3095
12 1617
2 1617
9 1617
0 1617
0 318
2 327
2 1767
10 1767
9 1767
1 1767
5 240
2 1071
0 522
0 1618
1 465
0 465
1 465
