3 384
6 375
3 392
0 576
2 576
8 776
6 776
430 511
5 2287
7 2287
3 745
0 745
18 914
0 338
10 448
2 691
1 691
0 183
6 914
17 1155
28 1155
1072 1155
1 1155
2 1155
1 1370
1 1623
52 7389
136 7389
236 7389
5 7389
7 7389
111 7389
101 7389
15 7389
118 7389
72 7389
440 7389
5 2339
2 615
1151 1288
2 176
14 1265
27 1265
6 1265
118 150
0 79
2 1983
3 1983
4 1983
113 1983
8 269
5 397
48 1208
28 1208
25 1208
27 1474
8 240
9 448
1 558
1 1113
0 1113
0 79
3 305
9 400
0 388
6 590
1 1483
141 152
141 152
0 796
1507 1536
0 805
0 276
18 328
0 1267
3 1267
22 1267
10 1267
11 1267
4 522
0 198
2 1013
0 1013
145 152
0 1303
2 1008
0 1008
2 327
0 562
7 737
7 737
234 264
158 175
0 44
0 89
3 1913
0 1913
3 1539
4 973
3 855
0 301
10 7645
235 7645
13 7645
3 7645
18 7645
162 7645
88 7645
28 7645
39 7645
16 7645
17 7645
5 7645
36 7645
2 7645
4 7645
1 7645
15 7645
12 7645
98 7645
11 7645
296 9306
38 9306
13 9306
179 9306
22 9306
263 9306
2 9306
99 9306
5 9306
152 9306
3 9306
29 9306
14 9306
339 9306
10 9306
298 9306
329 9306
31 9306
27 3760
178 3760
171 3760
28 3760
51 3760
74 3760
42 3760
56 3760
1 689
14 295
36 1454
11 1454
7 1454
9 1454
1 626
0 203
0 405
0 794
2 794
1 844
609 657
0 1110
125 150
3 1071
0 812
0 812
0 422
4 896
2 395
10 2339
0 135
4 324
1 721
76 79
0 204
0 811
0 368
0 380
0 380
2 384
8 152
0 98
67 68
2 446
1 777
2 777
0 884
883 884
0 1514
20 876
328 348
0 169
6 663
3 663
2 303
4 240
0 441
2 1474
0 733
4 1077
0 404
0 973
0 138
16 1618
12 567
24 876
1 176
0 2150
6 2150
36 876
2 311
4 1597
2 1597
5 1597
1 1597
2 618
0 98
0 184
10 776
3 776
1 497
54 57
3 392
12 670
7 670
3 392
443 511
1 247
0 876
1 344
3 965
25 1539
0 509
3 215
6 176
4 215
3 215
3 1386
1 283
0 764
0 465
0 792
6 10782
28 10782
3 10782
5 10782
73 10782
29 10782
51 10782
277 10782
57 10782
55 10782
35 10782
164 10782
17 10782
77 10782
53 10782
12 10782
60 10782
41 10782
72 10782
10 10782
40 10782
11 10782
23 10782
9 10782
35 10782
115 10782
1 224
684 767
4 144
54 540
3 2510
0 2510
240 269
2 269
0 1269
1 1269
1 919
0 782
10 448
0 931
1 931
1 247
0 89
22 2038
1 2038
0 2038
0 446
9 737
5 1898
4 1898
4 584
7 1360
3 2257
4 2257
1 1695
38 2339
11 1072
1 746
1 746
3 2150
14 2150
28 3410
5 3410
16 3410
2 746
1 2150
17 2150
10 764
2 746
0 456
11 590
21 2449
18 2449
20 191
41 777
6 266
1 1027
24 976
42 976
22 3000
18 3000
17 3000
25 3000
42 3000
5 3000
0 202
0 456
6 777
2 381
0 295
3 186
14 441
0 94
55 68
1 287
5 240
7 142
2 240
1 655
0 1197
6 2831
5 2831
3 2831
1 2831
2 1331
3 4210
74 4210
66 4210
20 4210
126 4210
49 4210
28 4210
1 4210
24 4210
113 4210
202 4210
1 20
2 209
0 677
7 677
1 1547
11 1547
3 888
29 888
0 344
0 413
6 1012
4 1012
11 1012
1 269
0 467
3 504
16 1110
0 585
4 2128
0 2128
8 2128
1 960
1 1483
7 1536
6 1536
0 1110
2 1069
3 1069
4 1069
1 1014
99 811
1 1110
3 423
0 93
179 183
0 384
3 724
18 2375
3 2375
0 2375
0 178
15 788
2 788
9 788
5 788
19 788
0 788
1 788
14 788
3 788
1 203
15 226
0 4949
2 4949
5 4949
34 4949
93 4949
11 4949
62 4949
0 120
46 2150
9 2150
12 2150
0 653
4 689
3 2955
1 2955
84 2955
5 2955
12 2955
2 2955
152 2955
3 1695
0 439
0 439
9 225
2 2163
3 2163
263 13875
43 13875
5 13875
53 13875
31 13875
87 13875
18 13875
6 13875
491 13875
22 13875
13273 13875
58 13875
84 13875
85 13875
10 2339
2 222
0 150
3 1164
5 1164
24 1164
0 2347
1 2347
3 2347
2 2347
0 633
0 384
20 3126
19 3126
42 3126
6 3126
3 3126
11 3126
14 3126
4 1078
1 1078
0 1078
246 267
2 1926
477 526
3 812
7 858
8 5657
3 5657
16 5657
13 5657
11 5657
2 5657
100 5657
48 5657
33 1042
7 423
0 218
1 172
17 1307
931 1021
3 384
0 400
4 240
3 247
1 176
0 247
1 124
1 618
0 247
3 1708
2 1708
1 1708
0 1708
0 762
1 762
3 152
9 371
2 264
2 442
0 442
9 389
62 5642
12 5642
1 5642
246 5642
154 5642
44 5642
15 5642
3 416
4 223
2 86
9 543
10 1403
4 1403
0 679
1 2517
0 87
3 689
1 336
0 89
0 153
12 1403
4 1963
12 1963
9 2002
10 2002
1 2002
6 147
4 147
2 163
222 264
1 1539
11 264
5 590
0 181
15 241
0 465
755 764
671 764
8 764
7 295
0 1652
1 1652
0 1967
2 86
0 1110
2 1183
0 1183
3 1183
0 876
0 389
3 1124
1 1124
1 1014
1 961
3 961
0 961
0 526
0 359
40 1130
0 257
3 1386
1 842
27 1042
0 257
2 2403
33 2403
13 2403
0 106
5 375
4 617
4 270
19 270
6 340
2 327
0 380
3 518
0 587
6 587
0 384
0 424
3 264
627 699
1 1317
2 1317
8 1317
10 120
3 594
0 538
0 603
0 1130
1 344
3 240
0 1241
0 122
7 855
5 1898
2 1898
5 1898
3 1898
4 384
11 17
22 914
0 777
5 163
10 4713
11 4713
2 4713
4380 4713
4 4713
14 4713
0 44
9 2150
10 2150
1 2150
0 2150
9 402
248 266
2 781
1 781
0 781
7 781
17 664
1 689
0 874
0 796
0 796
79 1464
2 1464
15 1464
0 548
3 382
11 233
2 663
1 257
26 506
13 1012
2 257
0 626
0 371
762 782
70 3816
6 3816
1 3816
0 3816
3 3816
26 3816
7 3816
4 340
1 1347
8 1347
0 149
0 554
0 364
3 364
269 295
3 435
7 695
2 1247
1 1247
7 423
4 914
0 265
7 631
6 631
3 186
1 518
164 171
33 511
1 431
0 2308
2 2308
1 2303
16 2303
10 145
6 145
4 145
0 467
5 518
1 405
12 318
11 423
4 324
50 389
1 8726
2 8726
192 8726
10 8726
170 8726
6 8726
335 8726
27 8726
54 8726
81 8726
0 8726
33 8726
142 8726
0 422
1 108
0 456
0 1036
1 1036
12 391
1 344
0 679
2 154
359 397
9 3066
7 3066
22 3066
10 1214
9 1214
34 1595
61 1595
12 764
0 457
0 368
0 376
3 209
0 209
1 1191
0 1191
27 592
7 378
3 141
0 389
4 446
1 264
0 526
23 1110
11776 12734
60 12734
11817 12734
958 12734
134 12734
140 12734
11894 12734
101 12734
81 12734
154 12734
35 12734
10 12734
83 12734
25 12734
76 12734
216 12734
49 12734
200 12734
3 203
1 89
0 653
4 295
0 841
0 441
380 384
0 876
109 1264
1202 1264
1262 1264
1 404
0 1483
0 1110
5 590
5 590
9 264
0 107
2 1386
0 148
0 89
4 842
31 461
0 669
1 669
8 737
643 699
7 423
8 737
0 107
0 107
0 148
0 473
13 2629
91 2629
5 2629
6 2629
2 384
2 1589
1 1589
0 1589
1 113
0 2696
1 2696
3 2696
0 774
32 664
72 987
7 987
12 987
5 4344
0 4344
16 4344
64 4344
4 4344
3 4344
2 4344
2 222
0 626
9 1376
5 1376
1 1376
6 1376
1 558
2 680
4 680
8 234
1 177
1 177
4 384
405 441
32 441
1 376
2 1511
0 1511
2 522
7 522
1 169
1 737
24 664
4 479
0 2238
4 2238
25 2238
5 2238
28 1074
13 737
0 762
1 2517
17 788
11 2300
3 2300
0 762
0 618
0 183
20 270
8 558
0 252
8 295
15 1913
1655 1913
3 656
7 656
6 656
4 240
1 423
18 764
1 373
12 446
1 357
7 423
0 632
2 590
0 562
15 456
0 9
293 587
0 562
11 1014
0 774
0 404
0 567
0 1407
0 594
1 690
0 690
2 250
1 127
4 295
4 2725
1 2725
0 2725
2 2725
5 2725
1 442
0 442
4 518
1 508
0 269
3 269
0 38
5 6094
3 6094
0 6094
4 6094
15 6094
1 1370
20 2737
15 2737
74 1409
4 526
3 465
1 339
1 960
0 960
13 382
1 295
0 404
0 431
1 1536
1 615
0 844
0 308
0 504
2 560
1 730
0 730
0 764
1 1701
8 240
3 283
5 596
1 392
1 2339
0 2339
0 303
0 461
44 563
15 438
0 122
0 980
1 980
2 845
0 665
6 378
1 352
1 889
11 889
0 189
0 431
0 751
10 526
16 1955
12 1955
17 1955
11 1955
4 1955
18 1955
8 9453
637 9453
6 9453
18 9453
23 9453
3 9453
10 9453
2 9453
13 9453
9 9453
19 9453
7 9453
11 9453
5 9453
4 9453
9 3604
47 3604
4 3604
3552 3604
3 3604
2 2982
17 2982
25 2982
5 2982
6 2982
1 1152
0 499
0 181
1 181
240 249
17 613
3 395
0 575
1 122
1 1114
4 1114
256 283
280 283
0 241
48 55
568 655
1 1887
5 1887
3 1887
78 7512
10 7512
48 7512
215 7512
112 7512
2 7512
5 7512
171 7512
203 7512
181 7512
25 7512
15 7512
18 7512
413 7512
61 7512
8 328
1 623
0 106
6 82
2 305
0 196
4 151
8 439
1 328
4 2031
1 4370
0 4370
5 4370
3 4370
7 4370
9 4370
4 4370
2 4370
1 340
0 360
0 269
0 413
1 887
1 187
0 187
2 534
3 1539
1 726
5 257
1 202
36 764
68 764
0 473
0 729
2 729
1 729
1 174
3 593
0 326
4 282
57 59
22 2849
17 2849
15 2849
2 2849
0 225
1 435
0 435
0 522
8 146
9 479
2 399
3 587
0 562
16 788
8 788
21 788
15 788
17 788
0 788
2 788
20 788
14 788
438 473
4 473
3 1528
0 1528
1 1904
3 1904
9 733
0 219
17 2417
208 2417
49 594
13 594
17 594
4 620
2 620
0 476
1 476
2 405
64 1695
1 91
0 91
0 1223
2 1223
3 1223
6 479
1 328
3 1879
7 1879
52 4834
24 4834
22 4834
12 4834
19 4834
13 4834
5 145
34 739
1 336
21 361
9 177
0 413
9 759
1 191
1 191
2 240
13 233
155 177
0 176
2 318
3 807
1 807
4 761
0 446
0 931
1 931
0 1074
3 812
12 287
14 764
2 1043
0 857
1 922
0 558
4 558
0 279
151 173
0 130
32 617
35 617
0 1707
9 1707
2 4275
1 4275
22 4275
4 4275
7 4275
0 1149
1 1149
3 1149
2 2971
7 2971
0 336
278 318
0 1026
1 92
0 92
0 311
0 161
0 774
5 127
0 379
0 400
0 428
7 381
0 562
0 497
0 393
1 279
0 323
6 395
0 223
0 362
447 509
0 2434
11 716
2 388
4 233
0 484
0 484
0 484
4 1075
7 1075
5 1075
8 1075
1 118
0 114
72 844
42 844
288 306
2 1742
1 1742
0 1742
15 441
0 655
69 764
0 509
3305 3737
5 3737
1 3737
0 3737
3 562
2101 2181
2 338
1 40
0 379
2 405
0 474
0 98
0 1143
5 368
661 699
0 343
8 126
1 1644
177 1644
1 767
5 767
728 767
0 20
8 310
0 354
2 61
1 297
26 727
4 395
0 1618
0 233
9 381
0 473
210 217
0 152
75 768
0 171
0 567
0 301
0 461
18 788
7 788
23 788
16 788
26 788
0 788
1 788
22 788
15 788
1 405
0 653
2 139
0 324
0 973
1 1386
0 633
19 664
0 1618
4 395
0 295
6 344
3 230
2045 2219
0 385
6 527
7 1926
9 1926
3 548
0 919
3 699
9 472
1 327
0 821
3 821
2 821
1 526
0 567
5 1012
4 1012
6 1012
4 562
11 739
0 266
4 227
0 241
7 635
17 391
0 177
0 407
3 435
9 535
7 527
3 371
12 371
0 240
0 57
249 297
9 262
1 361
30 1312
0 84
2 287
8 509
1 585
0 592
751 812
182 2339
1 290
0 948
1 948
1 448
968 973
1 360
12 389
48 1646
1 2101
2 2101
5 2101
13 2101
54 876
4 472
2 265
3 777
3 502
2 137
4 209
3 144
1 183
0 370
14 135
1 120
3 962
10 721
0 114
3 3218
3 1747
0 231
0 1110
0 153
1 290
2 397
322 325
7 319
3 382
17 5267
4 5267
3 5267
12 5267
20 5267
6 5267
31 5267
19 5267
2 5267
9 5267
1 5267
0 5267
18 5267
14 5267
1 1034
9 1034
1 2191
0 2191
0 247
0 247
1 1416
98 1027
0 319
0 1042
0 384
0 163
0 127
1 484
0 900
0 544
0 265
0 368
0 930
2 2416
3 2416
1 2416
10 919
1 407
0 382
0 247
0 233
2 1183
0 1183
1 1183
1 1185
0 382
1 340
2 3763
0 3763
1 177
2 477
0 141
0 242
0 295
1 295
2 395
608 615
0 308
0 1695
13 511
0 227
0 257
12 2339
0 395
0 359
2 761
1 257
0 176
1 336
0 195
1 365
3 240
1 230
3 196
14 338
5 1116
71 1116
0 1124
0 300
20 1623
35 906
0 57
0 188
0 1057
0 233
0 721
6 318
2 735
631 699
0 446
0 310
0 165
1 465
2 1130
650 679
0 392
323 348
7 1898
5 1898
0 472
10 950
8 950
0 950
7 191
0 1695
0 324
0 282
0 861
3 1695
12 360
1 960
0 388
0 1701
1 453
0 453
0 247
0 461
7 295
1 1042
1 549
289 319
1 1110
2 2517
1 866
0 866
2 141
2 387
41 48
0 1791
3 1791
9 511
2 275
6 286
0 423
0 191
935 950
15 509
0 861
0 364
3 364
0 378
1 3651
0 364
2 364
0 298
1 679
1 654
0 177
29 605
9 392
1 392
0 569
0 43
0 414
2 272
2 327
2 2050
0 2050
1 2050
1 617
0 927
5 1268
2 1268
4 1268
3 1413
5 157
7 317
32 790
736 790
0 812
1 1077
9 584
3 562
5 1360
4 1695
11 405
7 587
4 127
1 1592
2 1592
0 1719
2 1719
1 1719
1 548
0 548
1 195
1 352
0 1043
50 2703
29 2703
102 2703
21 2703
6 1165
10 395
1 1323
0 1323
3 1323
6 1323
2 1323
0 118
0 165
0 663
23 451
20 1536
2 1526
1 1526
6 1526
0 116
25 327
2 587
4 139
0 325
4 1288
0 116
193 240
0 217
673 712
2 1386
42 2339
3 2517
9 381
256 284
0 183
6 295
0 2517
5 2339
9 465
0 247
1 2517
0 55
2 281
4 247
5 1360
1 461
9 3761
0 590
0 594
2 378
4 1539
0 108
35 4338
1474 1552
4 152
0 646
1 306
21 657
3 657
9 1042
414 421
1 1042
4 222
1 1034
0 270
0 1104
0 486
0 502
1 57
739 816
1 2365
2 1074
0 187
1 2236
2 2236
3 2236
0 2236
3 405
8 1110
1 497
3 222
0 120
0 151
0 1392
0 230
77 86
2 78
130 2339
0 9
1 1021
0 318
1 308
0 279
0 762
2 88
2 721
0 1027
2 500
0 89
1 86
16 159
12 733
5 725
0 276
0 497
6 1130
0 456
0 654
0 777
0 53
0 340
468 475
1 142
0 694
0 41
0 90
16 588
17 588
3 588
2 214
0 67
0 588
1 327
1 342
0 588
9 193
1 161
3 90
3 588
6 41
14 322
2 718
1 142
13 567
2 588
2 113
0 120
3 588
5 567
8 588
7 588
3 483
7 588
1 218
25 588
8 282
5 282
14 588
11 218
3 327
23 24
0 274
7 274
1 214
1 142
2 90
87 90
1 228
6 567
0 229
35 567
3 343
211 228
1 327
0 43
8 386
14 694
8 228
1 475
3 588
33 475
10 946
0 475
0 567
3 457
2 327
1 483
5 343
0 116
0 475
0 228
0 342
21 327
20 560
222 229
0 99
3 588
40 43
6 43
0 168
2 141
0 483
0 16
15 588
1 386
22 334
1 588
2 588
2 588
1 588
0 90
10 588
0 271
548 588
23 386
0 67
525 560
14 342
2 454
0 588
1 588
0 211
16 694
30 694
9 228
12 327
556 588
3 752
0 53
0 229
12 588
5 41
0 374
0 334
0 588
6 475
7 110
0 229
0 58
17 588
1 142
142 153
2 334
2 116
4 118
557 588
5 386
3 327
2 142
11 228
10 156
2 588
3 588
1 327
4 343
6 153
46 475
0 588
0 99
0 588
2 588
536 574
0 694
1 90
26 694
0 56
26 560
6 342
8 322
0 752
562 588
294 327
1 193
6 454
0 342
0 67
0 327
6 588
0 229
0 342
0 67
17 2673
0 211
4 483
0 327
6 228
4 33
2 962
1 1539
0 125
0 120
1 80
0 816
0 554
1 176
2 406
0 66
0 473
0 977
0 844
0 290
8 502
2 88
2 275
1 147
5 515
0 1205
1 1403
0 1695
14 605
3 605
9 1347
1 1347
17 1516
0 295
0 473
0 59
2 1021
732 788
5 228
0 1110
1 88
0 768
1 476
0 337
0 340
54 1695
4 127
0 308
2 378
0 241
0 452
0 284
1 1900
0 1900
2 3101
0 3101
0 6
1 218
10 664
0 158
0 423
0 951
6 951
0 623
0 399
3 1577
0 278
1 214
5 2150
0 2150
0 145
0 404
0 1074
0 336
0 362
4 594
0 216
0 439
0 527
3 1386
1 639
25 762
0 625
1 625
0 725
0 395
0 1036
3 1042
1 393
1 1539
1 368
2 1539
100 117
21 632
6 1042
0 518
0 567
1 452
3 1071
0 347
0 303
0 120
24 270
16 2237
13 2237
1 2237
0 2237
3 2237
0 233
1527 1552
0 409
0 1230
2 1230
3 853
1 400
0 126
0 446
12 857
0 973
0 274
1 274
1 3390
32 3390
7 3390
2 3390
0 584
9 890
1 626
3 216
0 1346
0 247
19 287
2 79
0 196
17 191
425 7353
13 7353
79 7353
833 7353
253 7353
32 7353
284 7353
20 7353
65 7353
449 7353
28 7353
231 7353
21 7353
490 7353
6 7353
5 7353
0 141
2 2466
3 2466
0 2466
1 2466
0 1456
112 10604
293 10604
87 10604
49 10604
462 10604
72 10604
85 10604
25 10604
207 10604
159 10604
28 10604
136 10604
38 10604
26 10604
78 10604
33 10604
7 1655
5 1655
0 407
2 1162
6 1162
1 1162
3 1162
1 479
98 623
0 87
0 564
336 391
0 295
0 590
1 508
51 1695
1 47
22 788
12 788
33 788
15 788
25 788
0 788
1 788
13 788
9 788
1 230
0 739
0 436
3 1695
0 247
0 626
46 567
4 115
2 48
0 344
9 684
81 764
1 582
36 1072
10 1862
1 1862
3 369
15 876
1 625
0 233
3 937
0 937
9 937
0 230
1 421
0 272
0 218
2 812
34 826
0 919
0 887
1 1072
116 2339
2 958
1 958
1 1623
1 141
0 792
4 811
1 2330
0 2330
1 247
2 974
112 120
0 182
2 423
0 1967
0 30
2 384
7 549
6 1153
0 497
4 188
1 498
3 157
1 157
3 2339
8 950
1 57
0 135
0 473
0 962
3 448
0 163
0 414
3 1161
0 1161
2 1161
0 117
6 96
1 1403
0 1346
1 139
21 1110
0 473
1 318
0 318
1 700
0 162
0 1967
2 1539
0 1539
0 106
5 5662
4 5662
3 5662
2 5662
1 5662
4 1536
11 1536
3 625
8 2565
2 2565
6 2565
1 2565
11 2565
13 2565
1646 1747
4 384
169 183
8 1249
4 1249
0 87
0 812
2 746
6 2128
0 2128
5 2128
0 473
0 67
2 124
5 178
0 764
0 379
2 2396
0 2396
1 2396
23 890
6 890
9 890
0 38
1 2407
2 2407
6 2407
7 2407
0 735
2 581
0 581
0 385
2 385
0 615
1 139
0 641
8 448
2 1064
0 1064
3 2225
0 89
0 941
0 89
0 1419
6 452
0 80
6 554
0 89
0 1294
8 1294
339 381
36 1948
26 1948
5 1948
0 1948
10 962
0 448
0 352
0 137
0 594
5 1708
0 1708
2 287
0 25
0 816
0 626
0 90
23 2339
0 1536
0 233
6 69
1 319
0 796
0 446
0 527
0 142
0 369
0 153
1 590
0 385
29 413
0 446
1 2395
0 2395
0 404
543 592
5 2163
3 2163
7 2163
1 55
37 191
0 2423
5 2423
1 2423
1 344
1 196
0 452
55 1403
1 1205
0 1205
4 1014
2 294
6 448
8 86
0 395
3 844
0 844
0 303
0 1360
0 812
1 107
0 562
0 479
6 467
5 1733
15 1733
16 1733
1 80
0 739
0 446
213 247
0 389
0 733
1 215
4 295
2 431
0 175
2 130
0 187
1 135
0 284
4 371
3 330
3 1724
0 1724
1 1724
3 549
14 919
50 1139
1 896
0 896
0 437
0 103
0 264
1 261
0 264
0 648
8 1577
0 1501
2 1501
1 1501
77 617
2 1618
0 285
2 504
0 115
47 48
0 247
1 737
0 223
0 509
0 311
36 594
2 477
0 345
1 733
5 789
1 789
0 605
0 1747
0 347
8 1511
3 1511
0 362
5 147
0 307
9 139
7 139
0 382
80 1766
17 788
2 788
7 788
5 788
19 788
0 788
1 788
15 788
3 788
0 694
1 694
304 307
2 174
1 371
1 1077
0 537
5 178
1 103
0 290
4 3159
2 3159
1 3159
3 1331
45 50
0 716
1 508
21 1909
12 1909
26 1909
0 1618
5 1618
0 384
0 384
0 102
0 94
0 585
0 474
494 535
0 261
2 295
1 169
1 148
2 183
2 876
1 733
6 1787
5 1787
4 1787
7 617
0 1553
1 1553
2 504
0 343
1 632
0 127
5 504
82 1083
2 65
1 1144
0 178
1 172
2 240
4 431
27 919
0 498
0 1618
1450 1475
9 368
1 26
13 1965
6 1965
3 1965
0 1965
4 1965
2 1965
1 125
0 175
1 55
1 379
0 229
0 229
0 230
1 1042
0 344
0 323
1 746
19 876
2 479
10 406
2 504
154 171
27 575
28 764
5 1913
1 1913
0 1057
1 269
0 173
5 344
0 772
0 242
3 1695
3 1695
1 382
4 764
0 175
0 94
0 811
0 394
0 1287
0 176
14 139
0 310
0 360
2 230
0 811
1 381
0 1129
8 1129
14 1129
0 638
0 1071
29 1410
16 1410
20 1410
0 811
0 497
4 37
0 285
5 305
2 256
0 360
8 233
1 623
0 1061
1 260
0 452
0 563
1 592
3 144
1 327
0 617
4 337
0 362
5825 5976
46 5976
39 5976
66 5976
26 5976
35 5976
61 5976
90 5976
22 5976
8 1075
1 379
40 661
0 162
1 2517
0 431
1 100
0 1386
2 850
0 511
1 405
1 1102
0 1102
0 370
1 196
1 361
17 841
5 698
0 124
0 290
210 218
0 439
5 229
0 349
1 89
0 360
6 333
3 333
0 526
0 122
0 412
1 196
0 874
0 247
0 896
2 338
1 338
0 142
39 1779
1774 1779
7 1779
1704 1779
0 1238
811 876
35 1853
31 1853
11 1853
0 592
0 564
1 173
1 1539
0 158
0 812
7 584
0 328
2 262
1 816
0 99
5 796
1 404
2 146
0 345
6 464
2 228
2 274
834 919
1 502
0 1110
2 122
10 446
4 518
0 141
0 585
1 561
1 2808
0 1357
29 1416
1 204
0 100
33 563
0 564
0 473
6 1110
0 339
314 327
0 308
5 295
0 587
1 777
3 558
0 149
11 209
0 279
0 962
0 3095
6 3095
3 3095
15 1617
0 1617
9 1617
2 1617
0 318
1 327
2 1767
10 1767
7 1767
1 1767
3 240
2 1071
0 522
0 1618
1 465
0 465
1 465
