5 384
6 375
8 392
0 576
3 576
13 776
11 776
451 511
6 2287
12 2287
3 745
0 745
30 914
2 338
11 448
2 691
1 691
0 183
7 914
18 1155
38 1155
1119 1155
0 1155
2 1155
1 1370
3 1623
37 7389
303 7389
173 7389
6 7389
10 7389
78 7389
132 7389
15 7389
152 7389
120 7389
435 7389
2 2339
2 615
23 1288
3 176
20 1265
21 1265
6 1265
13 150
0 79
0 1983
5 1983
4 1983
102 1983
8 269
4 397
34 1208
19 1208
28 1208
23 1474
10 240
2 448
2 558
2 1113
0 1113
0 79
5 305
11 400
0 388
6 590
2 1483
3 152
5 152
0 796
1499 1536
0 805
6 276
21 328
5 1267
12 1267
21 1267
6 1267
15 1267
18 522
3 198
1 1013
0 1013
140 152
0 1303
2 1008
3 1008
3 327
1 562
8 737
7 737
238 264
7 175
0 44
0 89
3 1913
1 1913
4 1539
4 973
10 855
1 301
11 7645
87 7645
31 7645
4 7645
14 7645
216 7645
196 7645
46 7645
111 7645
15 7645
17 7645
9 7645
120 7645
12 7645
2 7645
6 7645
18 7645
5 7645
97 7645
8 7645
436 9306
9 9306
10 9306
126 9306
28 9306
267 9306
2 9306
148 9306
3 9306
187 9306
4 9306
30 9306
13 9306
263 9306
7 9306
381 9306
413 9306
62 9306
32 3760
205 3760
113 3760
36 3760
81 3760
67 3760
46 3760
111 3760
3 689
5 295
25 1454
13 1454
7 1454
6 1454
1 626
0 203
0 405
0 794
2 794
1 844
631 657
0 1110
10 150
1 1071
0 812
0 812
0 422
10 896
3 395
9 2339
0 135
4 324
0 721
6 79
1 204
0 811
1 368
0 380
0 380
2 384
10 152
1 98
67 68
1 446
1 777
1 777
0 884
881 884
0 1514
822 876
327 348
0 169
14 663
9 663
9 303
6 240
0 441
1 1474
0 733
4 1077
0 404
0 973
0 138
22 1618
5 567
818 876
1 176
0 2150
9 2150
791 876
2 311
10 1597
1 1597
7 1597
2 1597
3 618
0 98
0 184
9 776
7 776
2 497
52 57
7 392
17 670
11 670
9 392
6 511
4 247
0 876
1 344
3 965
25 1539
0 509
2 215
5 176
4 215
2 215
4 1386
2 283
0 764
0 465
0 792
8 10782
53 10782
5 10782
4 10782
48 10782
56 10782
58 10782
109 10782
31 10782
19 10782
45 10782
283 10782
37 10782
98 10782
73 10782
50 10782
76 10782
30 10782
102 10782
14 10782
17 10782
20 10782
65 10782
32 10782
45 10782
71 10782
1 224
17 767
3 144
65 540
4 2510
0 2510
251 269
3 269
1 1269
0 1269
3 919
0 782
4 448
0 931
1 931
2 247
1 89
30 2038
2 2038
0 2038
0 446
17 737
7 1898
5 1898
5 584
5 1360
9 2257
10 2257
2 1695
7 2339
14 1072
2 746
2 746
1 2150
10 2150
33 3410
5 3410
14 3410
2 746
1 2150
14 2150
9 764
3 746
0 456
28 590
8 2449
88 2449
13 191
8 777
0 266
1 1027
4 976
11 976
10 3000
31 3000
13 3000
37 3000
34 3000
6 3000
1 202
0 456
4 777
2 381
0 295
3 186
409 441
0 94
57 68
2 287
6 240
8 142
7 240
2 655
0 1197
6 2831
5 2831
2 2831
1 2831
5 1331
5 4210
35 4210
100 4210
40 4210
65 4210
102 4210
33 4210
2 4210
48 4210
164 4210
234 4210
0 20
4 209
1 677
4 677
0 1547
9 1547
2 888
30 888
0 344
0 413
6 1012
5 1012
8 1012
2 269
1 467
2 504
21 1110
2 585
5 2128
1 2128
7 2128
1 960
1 1483
7 1536
5 1536
2 1110
4 1069
3 1069
7 1069
2 1014
57 811
2 1110
9 423
1 93
174 183
0 384
1 724
8 2375
3 2375
6 2375
0 178
26 788
3 788
12 788
5 788
730 788
0 788
1 788
19 788
4 788
1 203
210 226
0 4949
2 4949
3 4949
32 4949
124 4949
9 4949
45 4949
0 120
55 2150
1 2150
15 2150
1 653
4 689
3 2955
1 2955
44 2955
6 2955
18 2955
2 2955
103 2955
3 1695
0 439
0 439
18 225
1 2163
3 2163
192 13875
52 13875
6 13875
14 13875
16 13875
86 13875
25 13875
18 13875
168 13875
26 13875
13284 13875
142 13875
95 13875
182 13875
13 2339
2 222
0 150
2 1164
5 1164
16 1164
0 2347
1 2347
3 2347
2 2347
0 633
1 384
23 3126
15 3126
35 3126
10 3126
3 3126
17 3126
12 3126
8 1078
3 1078
0 1078
0 267
7 1926
467 526
4 812
9 858
7 5657
3 5657
16 5657
6 5657
15 5657
5 5657
72 5657
73 5657
53 1042
9 423
2 218
3 172
19 1307
1009 1021
5 384
0 400
7 240
5 247
1 176
0 247
2 124
3 618
2 247
8 1708
3 1708
1 1708
2 1708
0 762
2 762
3 152
8 371
2 264
1 442
0 442
4 389
20 5642
7 5642
3 5642
327 5642
92 5642
33 5642
22 5642
9 416
9 223
2 86
9 543
5 1403
3 1403
0 679
1 2517
0 87
1 689
2 336
0 89
2 153
12 1403
7 1963
23 1963
4 2002
7 2002
2 2002
9 147
7 147
6 163
251 264
1 1539
220 264
6 590
0 181
229 241
0 465
740 764
26 764
11 764
8 295
0 1652
1 1652
0 1967
2 86
0 1110
2 1183
0 1183
4 1183
0 876
0 389
4 1124
1 1124
3 1014
1 961
3 961
0 961
0 526
0 359
25 1130
0 257
3 1386
7 842
38 1042
0 257
7 2403
54 2403
19 2403
0 106
6 375
3 617
8 270
21 270
7 340
3 327
0 380
5 518
4 587
5 587
0 384
0 424
5 264
644 699
1 1317
7 1317
4 1317
10 120
3 594
0 538
0 603
0 1130
1 344
6 240
0 1241
0 122
9 855
15 1898
11 1898
8 1898
4 1898
9 384
15 17
26 914
0 777
4 163
20 4713
12 4713
4 4713
4590 4713
5 4713
8 4713
0 44
12 2150
13 2150
2 2150
0 2150
10 402
15 266
2 781
3 781
0 781
8 781
18 664
3 689
0 874
1 796
1 796
1330 1464
4 1464
10 1464
0 548
4 382
18 233
2 663
4 257
24 506
5 1012
3 257
0 626
0 371
740 782
28 3816
10 3816
3 3816
5 3816
0 3816
32 3816
12 3816
5 340
2 1347
6 1347
0 149
1 554
5 364
4 364
268 295
11 435
16 695
2 1247
1 1247
6 423
6 914
1 265
8 631
9 631
3 186
2 518
159 171
434 511
6 431
0 2308
4 2308
2 2303
6 2303
11 145
6 145
3 145
1 467
6 518
1 405
15 318
8 423
3 324
3 389
1 8726
6 8726
255 8726
13 8726
108 8726
8 8726
306 8726
20 8726
78 8726
87 8726
0 8726
9 8726
19 8726
0 422
1 108
0 456
0 1036
1 1036
12 391
1 344
0 679
2 154
364 397
7 3066
8 3066
44 3066
4 1214
6 1214
47 1595
51 1595
21 764
0 457
0 368
0 376
6 209
2 209
1 1191
0 1191
51 592
2 378
3 141
0 389
1 446
1 264
2 526
18 1110
11895 12734
113 12734
814 12734
326 12734
141 12734
68 12734
12347 12734
29 12734
75 12734
101 12734
19 12734
13 12734
47 12734
39 12734
132 12734
157 12734
59 12734
184 12734
7 203
2 89
0 653
7 295
0 841
0 441
383 384
0 876
29 1264
1244 1264
1257 1264
1 404
0 1483
0 1110
6 590
7 590
259 264
0 107
1 1386
0 148
1 89
6 842
40 461
0 669
2 669
7 737
33 699
8 423
8 737
0 107
0 107
2 148
0 473
22 2629
66 2629
4 2629
16 2629
2 384
3 1589
1 1589
0 1589
1 113
0 2696
2 2696
4 2696
0 774
25 664
101 987
1 987
5 987
7 4344
2 4344
16 4344
33 4344
9 4344
1 4344
4 4344
2 222
0 626
9 1376
5 1376
1 1376
6 1376
3 558
5 680
8 680
6 234
1 177
1 177
5 384
20 441
403 441
1 376
4 1511
3 1511
3 522
20 522
0 169
3 737
26 664
6 479
1 2238
10 2238
19 2238
3 2238
26 1074
7 737
1 762
5 2517
730 788
18 2300
7 2300
0 762
1 618
0 183
21 270
8 558
0 252
9 295
9 1913
78 1913
10 656
12 656
11 656
5 240
1 423
4 764
4 373
13 446
1 357
13 423
1 632
7 590
1 562
13 456
0 9
293 587
1 562
9 1014
0 774
0 404
0 567
0 1407
0 594
1 690
0 690
2 250
1 127
9 295
4 2725
3 2725
2 2725
1 2725
5 2725
0 442
1 442
4 518
1 508
0 269
4 269
0 38
5 6094
4 6094
2 6094
1 6094
9 6094
2 1370
22 2737
23 2737
1308 1409
10 526
7 465
1 339
1 960
0 960
7 382
1 295
0 404
0 431
1 1536
2 615
0 844
0 308
2 504
3 560
1 730
0 730
1 764
1 1701
10 240
1 283
5 596
6 392
2 2339
1 2339
0 303
0 461
44 563
23 438
1 122
1 980
0 980
2 845
0 665
7 378
1 352
1 889
6 889
0 189
0 431
0 751
7 526
14 1955
16 1955
18 1955
12 1955
6 1955
23 1955
13 9453
106 9453
4 9453
20 9453
22 9453
6 9453
10 9453
8 9453
11 9453
5 9453
31 9453
2 9453
14 9453
3 9453
12 9453
6 3604
26 3604
2 3604
3409 3604
3 3604
2 2982
15 2982
19 2982
3 2982
8 2982
1 1152
0 499
0 181
1 181
243 249
9 613
9 395
0 575
1 122
1 1114
2 1114
278 283
277 283
0 241
51 55
5 655
4 1887
9 1887
0 1887
143 7512
31 7512
121 7512
65 7512
25 7512
7 7512
59 7512
173 7512
246 7512
336 7512
144 7512
122 7512
133 7512
513 7512
152 7512
8 328
1 623
0 106
7 82
3 305
0 196
5 151
6 439
1 328
4 2031
1 4370
2 4370
8 4370
0 4370
5 4370
9 4370
4 4370
3 4370
0 340
0 360
1 269
0 413
5 887
1 187
0 187
2 534
3 1539
1 726
10 257
2 202
11 764
6 764
0 473
0 729
2 729
1 729
2 174
5 593
0 326
4 282
57 59
18 2849
25 2849
23 2849
11 2849
1 225
1 435
0 435
0 522
142 146
11 479
1 399
2 587
1 562
22 788
14 788
25 788
21 788
31 788
1 788
0 788
732 788
23 788
29 473
2 473
3 1528
0 1528
0 1904
6 1904
2 733
0 219
278 2417
2296 2417
31 594
10 594
16 594
4 620
3 620
0 476
1 476
2 405
1622 1695
3 91
1 91
1 1223
2 1223
4 1223
6 479
1 328
2 1879
5 1879
52 4834
22 4834
33 4834
32 4834
26 4834
21 4834
134 145
8 739
2 336
318 361
154 177
0 413
712 759
1 191
1 191
2 240
4 233
165 177
0 176
2 318
3 807
0 807
11 761
1 446
0 931
1 931
1 1074
7 812
25 287
600 764
7 1043
1 857
0 922
1 558
7 558
0 279
150 173
1 130
2 617
0 617
1 1707
9 1707
5 4275
3 4275
26 4275
9 4275
11 4275
0 1149
2 1149
4 1149
2 2971
5 2971
0 336
299 318
1 1026
1 92
0 92
1 311
0 161
0 774
9 127
0 379
0 400
0 428
15 381
1 562
2 497
2 393
2 279
2 323
17 395
1 223
1 362
469 509
0 2434
3 716
0 388
13 233
0 484
0 484
1 484
4 1075
8 1075
5 1075
8 1075
1 118
0 114
47 844
42 844
0 306
3 1742
2 1742
0 1742
3 441
0 655
598 764
0 509
3219 3737
4 3737
1 3737
0 3737
1 562
2081 2181
2 338
2 40
0 379
2 405
0 474
1 98
0 1143
9 368
669 699
0 343
10 126
3 1644
150 1644
1 767
0 767
719 767
0 20
11 310
0 354
4 61
1 297
39 727
15 395
2 1618
0 233
9 381
0 473
199 217
0 152
677 768
0 171
0 567
0 301
0 461
37 788
9 788
736 788
20 788
737 788
1 788
0 788
38 788
30 788
1 405
2 653
2 139
1 324
0 973
2 1386
0 633
12 664
0 1618
12 395
0 295
17 344
4 230
2150 2219
0 385
16 527
13 1926
12 1926
3 548
0 919
5 699
17 472
2 327
0 821
2 821
3 821
1 526
0 567
8 1012
5 1012
3 1012
3 562
689 739
0 266
5 227
0 241
12 635
2 391
1 177
0 407
5 435
4 535
27 527
4 371
7 371
3 240
0 57
263 297
4 262
2 361
41 1312
0 84
4 287
3 509
2 585
0 592
788 812
2004 2339
3 290
0 948
1 948
1 448
969 973
1 360
17 389
76 1646
1 2101
2 2101
3 2101
4 2101
25 876
4 472
1 265
4 777
3 502
1 137
2 209
5 144
1 183
0 370
133 135
1 120
1 962
22 721
0 114
2 3218
1 1747
0 231
1 1110
0 153
0 290
2 397
317 325
13 319
6 382
17 5267
8 5267
0 5267
15 5267
19 5267
10 5267
32 5267
18 5267
2 5267
11 5267
3 5267
1 5267
21 5267
13 5267
0 1034
5 1034
0 2191
1 2191
0 247
0 247
2 1416
870 1027
0 319
0 1042
0 384
0 163
1 127
1 484
0 900
0 544
2 265
0 368
0 930
3 2416
1 2416
4 2416
4 919
2 407
0 382
0 247
2 233
1 1183
0 1183
2 1183
1 1185
0 382
1 340
1 3763
0 3763
3 177
2 477
0 141
1 242
0 295
1 295
3 395
572 615
0 308
0 1695
11 511
0 227
0 257
8 2339
1 395
1 359
5 761
5 257
0 176
2 336
0 195
1 365
5 240
1 230
4 196
18 338
2 1116
25 1116
0 1124
0 300
2 1623
6 906
0 57
0 188
0 1057
0 233
1 721
6 318
3 735
28 699
0 446
0 310
0 165
6 465
1 1130
673 679
2 392
327 348
8 1898
4 1898
0 472
14 950
21 950
5 950
4 191
1 1695
0 324
0 282
0 861
7 1695
14 360
1 960
0 388
0 1701
1 453
0 453
0 247
1 461
14 295
3 1042
4 549
268 319
1 1110
1 2517
1 866
0 866
4 141
2 387
41 48
0 1791
2 1791
15 511
7 275
3 286
0 423
2 191
939 950
18 509
0 861
0 364
3 364
0 378
1 3651
0 364
3 364
0 298
1 679
7 654
1 177
577 605
2 392
3 392
1 569
0 43
0 414
2 272
2 327
1 2050
0 2050
2 2050
0 617
0 927
5 1268
3 1268
4 1268
23 1413
153 157
8 317
18 790
774 790
1 812
9 1077
8 584
6 562
5 1360
2 1695
11 405
556 587
4 127
2 1592
1 1592
0 1719
2 1719
1 1719
1 548
0 548
2 195
1 352
0 1043
19 2703
21 2703
23 2703
24 2703
13 1165
372 395
0 1323
1 1323
2 1323
8 1323
3 1323
0 118
0 165
3 663
17 451
12 1536
4 1526
1 1526
9 1526
0 116
301 327
2 587
121 139
1 325
2 1288
0 116
199 240
0 217
673 712
7 1386
51 2339
0 2517
21 381
8 284
0 183
5 295
0 2517
3 2339
9 465
0 247
1 2517
0 55
1 281
0 247
5 1360
2 461
14 3761
0 590
2 594
1 378
6 1539
2 108
42 4338
1411 1552
3 152
0 646
0 306
17 657
3 657
5 1042
415 421
1 1042
4 222
1 1034
0 270
0 1104
0 486
0 502
1 57
769 816
1 2365
2 1074
0 187
2 2236
3 2236
4 2236
0 2236
3 405
3 1110
7 497
6 222
0 120
0 151
0 1392
0 230
72 86
4 78
96 2339
0 9
1 1021
0 318
1 308
0 279
0 762
2 88
5 721
0 1027
4 500
0 89
4 86
8 159
18 733
14 725
0 276
1 497
5 1130
0 456
1 654
0 777
0 53
0 340
474 475
2 142
0 694
0 41
0 90
35 588
13 588
3 588
1 214
1 67
1 588
1 327
1 342
0 588
6 193
0 161
79 90
5 588
6 41
22 322
2 718
2 142
21 567
3 588
4 113
0 120
3 588
1 567
7 588
10 588
3 483
9 588
1 218
25 588
8 282
7 282
20 588
10 218
3 327
22 24
0 274
5 274
1 214
1 142
1 90
89 90
1 228
8 567
0 229
517 567
4 343
18 228
1 327
0 43
6 386
26 694
206 228
3 475
6 588
433 475
13 946
0 475
0 567
5 457
3 327
4 483
7 343
0 116
0 475
5 228
0 342
23 327
508 560
13 229
0 99
2 588
6 43
7 43
0 168
5 141
0 483
0 16
8 588
0 386
15 334
1 588
2 588
2 588
1 588
0 90
22 588
0 271
555 588
10 386
0 67
547 560
320 342
3 454
1 588
5 588
1 211
19 694
37 694
6 228
1 327
578 588
7 752
0 53
0 229
13 588
6 41
2 374
0 334
2 588
13 475
103 110
0 229
0 58
24 588
1 142
7 153
2 334
2 116
8 118
581 588
8 386
4 327
2 142
15 228
5 156
2 588
4 588
1 327
3 343
140 153
440 475
0 588
0 99
0 588
8 588
534 574
0 694
1 90
19 694
0 56
28 560
3 342
11 322
0 752
555 588
24 327
1 193
9 454
0 342
0 67
1 327
9 588
0 229
0 342
4 67
24 2673
0 211
6 483
3 327
3 228
4 33
4 962
1 1539
0 125
0 120
3 80
1 816
0 554
1 176
2 406
0 66
0 473
0 977
0 844
0 290
9 502
2 88
2 275
3 147
4 515
0 1205
2 1403
0 1695
4 605
5 605
8 1347
4 1347
9 1516
0 295
0 473
0 59
2 1021
743 788
216 228
0 1110
0 88
0 768
2 476
1 337
0 340
55 1695
4 127
0 308
2 378
0 241
0 452
0 284
1 1900
0 1900
2 3101
0 3101
0 6
3 218
8 664
0 158
0 423
3 951
12 951
0 623
0 399
5 1577
0 278
1 214
4 2150
0 2150
0 145
0 404
0 1074
1 336
0 362
3 594
0 216
0 439
0 527
3 1386
3 639
29 762
0 625
1 625
0 725
0 395
0 1036
5 1042
1 393
3 1539
1 368
2 1539
105 117
26 632
3 1042
0 518
0 567
2 452
1 1071
0 347
0 303
0 120
22 270
9 2237
16 2237
2 2237
0 2237
3 2237
0 233
1449 1552
0 409
0 1230
2 1230
7 853
1 400
0 126
0 446
14 857
0 973
0 274
1 274
0 3390
12 3390
8 3390
1 3390
0 584
8 890
1 626
6 216
0 1346
0 247
9 287
74 79
0 196
13 191
213 7353
60 7353
41 7353
7290 7353
219 7353
13 7353
281 7353
61 7353
83 7353
6960 7353
57 7353
158 7353
44 7353
220 7353
19 7353
7 7353
0 141
2 2466
1 2466
3 2466
0 2466
0 1456
39 10604
143 10604
88 10604
19 10604
188 10604
57 10604
45 10604
42 10604
106 10604
75 10604
11 10604
125 10604
66 10604
51 10604
78 10604
69 10604
10 1655
4 1655
0 407
2 1162
6 1162
1 1162
3 1162
1 479
48 623
0 87
0 564
6 391
0 295
0 590
0 508
1693 1695
1 47
28 788
14 788
729 788
19 788
30 788
3 788
2 788
13 788
16 788
1 230
0 739
0 436
2 1695
0 247
0 626
11 567
8 115
2 48
0 344
1 684
626 764
1 582
977 1072
5 1862
2 1862
8 369
788 876
1 625
0 233
2 937
1 937
0 937
0 230
1 421
0 272
1 218
1 812
16 826
0 919
0 887
1 1072
42 2339
1 958
2 958
2 1623
4 141
1 792
1 811
0 2330
1 2330
2 247
3 974
118 120
0 182
1 423
0 1967
0 30
2 384
1 549
12 1153
0 497
2 188
2 498
5 157
1 157
3 2339
9 950
1 57
0 135
0 473
0 962
1 448
0 163
0 414
3 1161
0 1161
2 1161
0 117
0 96
0 1403
0 1346
1 139
48 1110
0 473
1 318
0 318
1 700
0 162
1 1967
3 1539
0 1539
0 106
6 5662
5 5662
2 5662
4 5662
3 5662
4 1536
25 1536
6 625
9 2565
7 2565
10 2565
4 2565
12 2565
11 2565
1672 1747
4 384
6 183
8 1249
7 1249
0 87
0 812
2 746
9 2128
0 2128
7 2128
0 473
0 67
2 124
2 178
0 764
0 379
2 2396
0 2396
1 2396
11 890
12 890
7 890
0 38
0 2407
3 2407
4 2407
6 2407
0 735
2 581
0 581
0 385
1 385
13 615
1 139
0 641
3 448
1 1064
0 1064
5 2225
2 89
0 941
0 89
0 1419
428 452
2 80
5 554
0 89
3 1294
11 1294
16 381
25 1948
63 1948
12 1948
2 1948
1 962
0 448
0 352
0 137
0 594
2 1708
0 1708
3 287
0 25
0 816
0 626
0 90
19 2339
0 1536
0 233
2 69
2 319
1 796
0 446
0 527
0 142
1 369
0 153
0 590
0 385
29 413
0 446
1 2395
0 2395
0 404
295 592
5 2163
3 2163
7 2163
1 55
175 191
0 2423
3 2423
1 2423
1 344
1 196
0 452
32 1403
1 1205
0 1205
1 1014
2 294
4 448
6 86
0 395
5 844
0 844
0 303
0 1360
0 812
0 107
0 562
1 479
6 467
19 1733
38 1733
24 1733
1 80
0 739
0 446
244 247
0 389
0 733
3 215
4 295
2 431
0 175
5 130
3 187
1 135
1 284
4 371
3 330
2 1724
0 1724
1 1724
3 549
6 919
1051 1139
1 896
0 896
0 437
0 103
0 264
3 261
0 264
0 648
5 1577
0 1501
2 1501
1 1501
74 617
2 1618
0 285
5 504
2 115
46 48
0 247
1 737
0 223
0 509
0 311
36 594
2 477
0 345
1 733
5 789
4 789
0 605
1 1747
0 347
9 1511
7 1511
0 362
7 147
0 307
10 139
7 139
0 382
1581 1766
764 788
3 788
17 788
10 788
772 788
0 788
1 788
752 788
7 788
5 694
1 694
10 307
2 174
3 371
1 1077
0 537
11 178
0 103
0 290
4 3159
2 3159
1 3159
4 1331
24 50
0 716
1 508
21 1909
12 1909
26 1909
0 1618
8 1618
0 384
1 384
0 102
0 94
0 585
0 474
505 535
0 261
2 295
2 169
0 148
3 183
3 876
1 733
8 1787
5 1787
6 1787
6 617
0 1553
1 1553
3 504
1 343
0 632
0 127
5 504
82 1083
2 65
1 1144
0 178
4 172
1 240
8 431
14 919
0 498
0 1618
1433 1475
10 368
3 26
6 1965
4 1965
3 1965
0 1965
5 1965
2 1965
5 125
0 175
51 55
1 379
0 229
0 229
0 230
0 1042
0 344
3 323
2 746
30 876
3 479
378 406
2 504
157 171
1 575
6 764
8 1913
1 1913
0 1057
1 269
0 173
313 344
0 772
0 242
1 1695
3 1695
2 382
4 764
0 175
0 94
0 811
0 394
0 1287
0 176
126 139
0 310
0 360
1 230
0 811
1 381
1 1129
18 1129
3 1129
0 638
0 1071
28 1410
19 1410
21 1410
0 811
0 497
0 37
0 285
1 305
1 256
0 360
8 233
1 623
0 1061
1 260
0 452
0 563
2 592
3 144
3 327
0 617
7 337
1 362
5968 5976
62 5976
30 5976
61 5976
63 5976
32 5976
78 5976
66 5976
27 5976
8 1075
1 379
21 661
0 162
1 2517
10 431
2 100
0 1386
2 850
0 511
1 405
1 1102
0 1102
0 370
2 196
1 361
17 841
7 698
0 124
0 290
207 218
0 439
10 229
0 349
1 89
0 360
11 333
13 333
0 526
0 122
0 412
1 196
0 874
0 247
0 896
0 338
2 338
0 142
39 1779
1774 1779
7 1779
1704 1779
0 1238
798 876
61 1853
12 1853
0 1853
0 592
0 564
0 173
1 1539
0 158
0 812
7 584
0 328
2 262
2 816
0 99
14 796
1 404
2 146
0 345
13 464
1 228
2 274
889 919
3 502
0 1110
1 122
7 446
7 518
0 141
2 585
2 561
1 2808
0 1357
15 1416
1 204
1 100
34 563
0 564
0 473
2 1110
0 339
315 327
0 308
5 295
0 587
1 777
3 558
0 149
177 209
0 279
0 962
0 3095
6 3095
5 3095
10 1617
3 1617
8 1617
4 1617
0 318
2 327
3 1767
10 1767
4 1767
1 1767
8 240
2 1071
0 522
0 1618
1 465
0 465
1 465
