11 384
7 375
16 392
0 576
9 576
20 776
19 776
439 511
10 2287
9 2287
4 745
0 745
30 914
6 338
1 448
1 691
3 691
1 183
8 914
20 1155
33 1155
1074 1155
1 1155
5 1155
1 1370
6 1623
39 7389
164 7389
106 7389
10 7389
26 7389
77 7389
38 7389
21 7389
345 7389
146 7389
545 7389
3 2339
2 615
32 1288
4 176
15 1265
6 1265
5 1265
3 150
0 79
0 1983
8 1983
2 1983
22 1983
2 269
8 397
42 1208
19 1208
21 1208
38 1474
10 240
1 448
3 558
3 1113
0 1113
0 79
5 305
17 400
2 388
9 590
1 1483
2 152
3 152
1 796
1484 1536
0 805
7 276
23 328
7 1267
5 1267
27 1267
11 1267
16 1267
33 522
3 198
0 1013
1 1013
141 152
1 1303
3 1008
5 1008
6 327
1 562
8 737
7 737
5 264
7 175
0 44
0 89
6 1913
1 1913
4 1539
10 973
13 855
7 301
10 7645
118 7645
71 7645
20 7645
2 7645
242 7645
224 7645
76 7645
131 7645
9 7645
8 7645
25 7645
157 7645
29 7645
4 7645
12 7645
41 7645
13 7645
60 7645
34 7645
498 9306
2 9306
16 9306
218 9306
22 9306
351 9306
3 9306
222 9306
5 9306
291 9306
4 9306
50 9306
15 9306
370 9306
10 9306
439 9306
436 9306
40 9306
70 3760
163 3760
87 3760
63 3760
59 3760
57 3760
77 3760
86 3760
6 689
5 295
22 1454
20 1454
16 1454
10 1454
1 626
0 203
0 405
0 794
2 794
1 844
607 657
1 1110
132 150
0 1071
0 812
0 812
0 422
10 896
3 395
4 2339
0 135
4 324
0 721
74 79
1 204
0 811
1 368
0 380
0 380
2 384
17 152
2 98
67 68
1 446
1 777
8 777
0 884
869 884
3 1514
839 876
4 348
0 169
17 663
9 663
10 303
7 240
0 441
5 1474
0 733
4 1077
1 404
0 973
0 138
15 1618
2 567
20 876
1 176
0 2150
14 2150
26 876
2 311
9 1597
4 1597
13 1597
6 1597
7 618
3 98
1 184
11 776
12 776
2 497
54 57
10 392
14 670
0 670
25 392
6 511
6 247
0 876
1 344
7 965
25 1539
0 509
3 215
7 176
4 215
2 215
6 1386
3 283
0 764
0 465
0 792
29 10782
61 10782
19 10782
14 10782
63 10782
102 10782
85 10782
71 10782
38 10782
34 10782
83 10782
376 10782
58 10782
121 10782
122 10782
46 10782
77 10782
23 10782
115 10782
36 10782
30 10782
31 10782
110 10782
56 10782
83 10782
47 10782
1 224
13 767
7 144
487 540
6 2510
0 2510
237 269
3 269
0 1269
1 1269
4 919
0 782
1 448
0 931
1 931
4 247
3 89
34 2038
12 2038
4 2038
1 446
16 737
17 1898
7 1898
13 584
7 1360
11 2257
7 2257
5 1695
16 2339
25 1072
2 746
2 746
1 2150
9 2150
32 3410
1 3410
11 3410
3 746
2 2150
19 2150
11 764
4 746
0 456
31 590
13 2449
33 2449
16 191
3 777
0 266
1 1027
4 976
13 976
9 3000
39 3000
11 3000
48 3000
22 3000
12 3000
2 202
0 456
6 777
4 381
0 295
3 186
430 441
1 94
60 68
3 287
6 240
9 142
7 240
2 655
0 1197
6 2831
5 2831
2 2831
1 2831
11 1331
9 4210
28 4210
126 4210
31 4210
73 4210
104 4210
69 4210
3 4210
55 4210
131 4210
221 4210
2 20
2 209
1 677
4 677
0 1547
4 1547
5 888
23 888
0 344
1 413
7 1012
4 1012
8 1012
3 269
4 467
2 504
33 1110
2 585
7 2128
4 2128
5 2128
3 960
1 1483
8 1536
5 1536
7 1110
4 1069
3 1069
12 1069
1 1014
42 811
4 1110
9 423
1 93
167 183
1 384
2 724
7 2375
3 2375
6 2375
0 178
24 788
2 788
9 788
5 788
724 788
0 788
1 788
22 788
3 788
1 203
205 226
0 4949
3 4949
4 4949
30 4949
209 4949
18 4949
35 4949
0 120
43 2150
13 2150
16 2150
1 653
6 689
4 2955
1 2955
23 2955
3 2955
27 2955
2 2955
57 2955
3 1695
0 439
0 439
11 225
2 2163
3 2163
277 13875
92 13875
10 13875
20 13875
16 13875
110 13875
26 13875
33 13875
263 13875
46 13875
13393 13875
185 13875
163 13875
220 13875
26 2339
2 222
0 150
2 1164
6 1164
15 1164
0 2347
1 2347
3 2347
2 2347
1 633
3 384
13 3126
15 3126
33 3126
5 3126
2 3126
18 3126
7 3126
8 1078
7 1078
0 1078
2 267
10 1926
480 526
6 812
10 858
10 5657
6 5657
13 5657
5 5657
14 5657
4 5657
41 5657
109 5657
73 1042
9 423
4 218
4 172
15 1307
943 1021
7 384
3 400
13 240
6 247
1 176
0 247
2 124
8 618
3 247
8 1708
3 1708
1 1708
2 1708
1 762
4 762
3 152
8 371
6 264
1 442
0 442
3 389
51 5642
10 5642
8 5642
269 5642
28 5642
36 5642
31 5642
5 416
6 223
4 86
9 543
8 1403
8 1403
4 679
1 2517
0 87
1 689
2 336
1 89
4 153
16 1403
8 1963
13 1963
5 2002
10 2002
3 2002
9 147
8 147
10 163
254 264
4 1539
261 264
7 590
0 181
206 241
0 465
56 764
25 764
11 764
6 295
0 1652
1 1652
0 1967
2 86
0 1110
2 1183
0 1183
3 1183
0 876
0 389
3 1124
5 1124
2 1014
2 961
4 961
0 961
0 526
0 359
49 1130
1 257
6 1386
39 842
67 1042
0 257
16 2403
75 2403
27 2403
0 106
7 375
5 617
11 270
21 270
7 340
4 327
0 380
5 518
5 587
4 587
1 384
0 424
5 264
32 699
2 1317
9 1317
3 1317
10 120
6 594
0 538
0 603
1 1130
1 344
6 240
0 1241
0 122
8 855
11 1898
7 1898
6 1898
2 1898
15 384
12 17
34 914
0 777
141 163
25 4713
14 4713
9 4713
4524 4713
12 4713
21 4713
0 44
15 2150
16 2150
2 2150
1 2150
13 402
5 266
2 781
5 781
1 781
11 781
18 664
8 689
0 874
1 796
2 796
92 1464
7 1464
10 1464
0 548
4 382
20 233
2 663
11 257
471 506
9 1012
4 257
0 626
0 371
762 782
23 3816
17 3816
4 3816
5 3816
0 3816
32 3816
10 3816
6 340
4 1347
7 1347
0 149
2 554
7 364
6 364
5 295
12 435
12 695
2 1247
1 1247
6 423
7 914
4 265
8 631
10 631
3 186
3 518
167 171
460 511
13 431
0 2308
4 2308
3 2303
10 2303
15 145
9 145
2 145
2 467
10 518
2 405
21 318
8 423
5 324
2 389
4 8726
14 8726
219 8726
27 8726
108 8726
15 8726
353 8726
21 8726
91 8726
85 8726
3 8726
12 8726
20 8726
0 422
1 108
0 456
0 1036
1 1036
16 391
1 344
5 679
2 154
386 397
10 3066
9 3066
131 3066
5 1214
4 1214
41 1595
43 1595
36 764
0 457
0 368
0 376
5 209
3 209
1 1191
0 1191
61 592
9 378
8 141
0 389
4 446
1 264
3 526
1003 1110
12577 12734
145 12734
465 12734
198 12734
241 12734
83 12734
12308 12734
72 12734
141 12734
149 12734
41 12734
28 12734
74 12734
60 12734
163 12734
300 12734
68 12734
217 12734
7 203
3 89
0 653
14 295
0 841
0 441
361 384
0 876
45 1264
1162 1264
1261 1264
2 404
0 1483
0 1110
9 590
15 590
239 264
1 107
3 1386
0 148
6 89
6 842
41 461
1 669
2 669
9 737
31 699
5 423
6 737
0 107
0 107
3 148
0 473
31 2629
82 2629
6 2629
23 2629
6 384
4 1589
0 1589
1 1589
2 113
0 2696
4 2696
3 2696
0 774
28 664
120 987
5 987
9 987
7 4344
3 4344
15 4344
21 4344
4 4344
2 4344
1 4344
2 222
13 626
9 1376
5 1376
1 1376
6 1376
7 558
5 680
17 680
11 234
2 177
1 177
5 384
12 441
26 441
1 376
7 1511
10 1511
5 522
16 522
0 169
5 737
29 664
7 479
2 2238
12 2238
23 2238
4 2238
28 1074
11 737
1 762
13 2517
723 788
25 2300
8 2300
0 762
2 618
0 183
23 270
8 558
1 252
18 295
20 1913
32 1913
14 656
15 656
12 656
5 240
1 423
2 764
9 373
4 446
1 357
8 423
1 632
12 590
1 562
15 456
0 9
293 587
1 562
7 1014
0 774
0 404
0 567
1 1407
0 594
1 690
0 690
4 250
1 127
12 295
2 2725
4 2725
3 2725
1 2725
5 2725
0 442
1 442
3 518
1 508
0 269
4 269
0 38
5 6094
4 6094
3 6094
1 6094
9 6094
1 1370
30 2737
11 2737
1265 1409
489 526
12 465
1 339
2 960
1 960
5 382
1 295
0 404
1 431
0 1536
1 615
0 844
0 308
5 504
3 560
1 730
0 730
1 764
1 1701
225 240
3 283
6 596
13 392
2 2339
1 2339
0 303
0 461
521 563
16 438
1 122
1 980
0 980
1 845
0 665
10 378
1 352
4 889
1 889
2 189
0 431
0 751
2 526
18 1955
15 1955
24 1955
12 1955
3 1955
26 1955
19 9453
54 9453
8 9453
20 9453
36 9453
10 9453
29 9453
16 9453
14 9453
9 9453
26 9453
5 9453
21 9453
4 9453
27 9453
8 3604
11 3604
1 3604
3540 3604
3 3604
6 2982
15 2982
13 2982
7 2982
11 2982
2 1152
1 499
1 181
0 181
235 249
2 613
9 395
1 575
1 122
1 1114
2 1114
279 283
278 283
0 241
3 55
6 655
4 1887
10 1887
1 1887
126 7512
50 7512
72 7512
77 7512
33 7512
18 7512
63 7512
151 7512
251 7512
355 7512
148 7512
117 7512
134 7512
502 7512
200 7512
4 328
1 623
0 106
3 82
2 305
1 196
9 151
9 439
1 328
19 2031
3 4370
2 4370
6 4370
1 4370
7 4370
9 4370
5 4370
0 4370
0 340
0 360
1 269
0 413
6 887
1 187
0 187
2 534
7 1539
1 726
237 257
2 202
11 764
10 764
0 473
0 729
2 729
1 729
3 174
4 593
0 326
4 282
57 59
21 2849
28 2849
25 2849
12 2849
1 225
5 435
0 435
1 522
145 146
20 479
2 399
2 587
0 562
732 788
720 788
733 788
729 788
735 788
1 788
0 788
739 788
730 788
432 473
4 473
4 1528
0 1528
1 1904
4 1904
3 733
0 219
122 2417
159 2417
45 594
14 594
23 594
5 620
4 620
0 476
1 476
2 405
1649 1695
2 91
1 91
2 1223
1 1223
4 1223
8 479
1 328
2 1879
5 1879
71 4834
16 4834
39 4834
36 4834
22 4834
20 4834
9 145
7 739
4 336
4 361
163 177
0 413
712 759
1 191
2 191
3 240
4 233
169 177
0 176
2 318
5 807
2 807
14 761
4 446
0 931
1 931
2 1074
13 812
249 287
21 764
11 1043
2 857
0 922
5 558
3 558
0 279
168 173
1 130
2 617
1 617
1 1707
13 1707
10 4275
4 4275
27 4275
5 4275
8 4275
0 1149
1 1149
4 1149
7 2971
12 2971
0 336
2 318
1 1026
0 92
1 92
1 311
0 161
1 774
7 127
1 379
0 400
1 428
346 381
1 562
6 497
2 393
0 279
3 323
369 395
0 223
1 362
504 509
1 2434
7 716
1 388
13 233
0 484
1 484
1 484
5 1075
8 1075
8 1075
8 1075
1 118
0 114
34 844
37 844
0 306
3 1742
2 1742
1 1742
5 441
0 655
37 764
0 509
3397 3737
7 3737
1 3737
0 3737
2 562
2056 2181
1 338
3 40
0 379
2 405
1 474
2 98
0 1143
16 368
664 699
1 343
11 126
3 1644
1615 1644
0 767
1 767
757 767
0 20
17 310
0 354
3 61
2 297
49 727
362 395
2 1618
0 233
346 381
0 473
199 217
0 152
674 768
1 171
0 567
0 301
0 461
749 788
15 788
755 788
731 788
759 788
1 788
0 788
752 788
726 788
1 405
2 653
123 139
0 324
0 973
3 1386
1 633
15 664
3 1618
12 395
0 295
315 344
3 230
1109 2219
0 385
498 527
17 1926
22 1926
4 548
0 919
4 699
14 472
2 327
0 821
2 821
1 821
1 526
0 567
9 1012
6 1012
5 1012
3 562
34 739
0 266
5 227
0 241
21 635
1 391
2 177
0 407
4 435
1 535
42 527
353 371
4 371
9 240
0 57
282 297
2 262
2 361
10 1312
0 84
5 287
2 509
2 585
0 592
790 812
2226 2339
4 290
0 948
1 948
1 448
951 973
1 360
9 389
69 1646
0 2101
2 2101
3 2101
5 2101
20 876
6 472
1 265
5 777
0 502
1 137
0 209
5 144
1 183
0 370
17 135
1 120
1 962
34 721
0 114
2 3218
3 1747
0 231
3 1110
0 153
1 290
2 397
312 325
6 319
9 382
19 5267
9 5267
1 5267
15 5267
21 5267
14 5267
13 5267
22 5267
5 5267
10 5267
8 5267
0 5267
26 5267
17 5267
0 1034
4 1034
1 2191
3 2191
1 247
0 247
2 1416
82 1027
0 319
0 1042
0 384
0 163
1 127
0 484
0 900
0 544
5 265
0 368
0 930
2 2416
1 2416
5 2416
7 919
2 407
0 382
0 247
2 233
1 1183
0 1183
2 1183
1 1185
0 382
1 340
1 3763
0 3763
5 177
3 477
0 141
5 242
0 295
1 295
6 395
605 615
0 308
0 1695
7 511
0 227
0 257
6 2339
3 395
0 359
4 761
6 257
0 176
3 336
1 195
1 365
7 240
1 230
2 196
302 338
6 1116
10 1116
0 1124
0 300
3 1623
10 906
0 57
1 188
0 1057
0 233
1 721
6 318
5 735
655 699
1 446
0 310
0 165
393 465
1 1130
676 679
5 392
324 348
7 1898
4 1898
0 472
21 950
24 950
15 950
8 191
0 1695
0 324
0 282
0 861
18 1695
13 360
0 960
2 388
1 1701
1 453
0 453
0 247
3 461
16 295
5 1042
9 549
14 319
1 1110
3 2517
2 866
0 866
6 141
3 387
45 48
0 1791
2 1791
1 511
7 275
4 286
0 423
0 191
879 950
6 509
0 861
1 364
4 364
0 378
1 3651
0 364
3 364
0 298
7 679
9 654
2 177
18 605
4 392
5 392
2 569
0 43
2 414
1 272
1 327
2 2050
0 2050
1 2050
0 617
1 927
5 1268
3 1268
4 1268
29 1413
151 157
2 317
11 790
736 790
1 812
18 1077
8 584
7 562
6 1360
2 1695
14 405
549 587
4 127
3 1592
2 1592
0 1719
3 1719
1 1719
7 548
0 548
2 195
2 352
0 1043
14 2703
22 2703
27 2703
31 2703
21 1165
371 395
0 1323
1 1323
2 1323
12 1323
4 1323
0 118
0 165
2 663
15 451
13 1536
8 1526
2 1526
14 1526
0 116
298 327
2 587
1 139
1 325
4 1288
0 116
212 240
0 217
657 712
14 1386
95 2339
0 2517
338 381
10 284
0 183
9 295
1 2517
3 2339
10 465
0 247
0 2517
1 55
1 281
0 247
6 1360
2 461
39 3761
2 590
4 594
2 378
8 1539
2 108
165 4338
1464 1552
3 152
0 646
4 306
24 657
4 657
10 1042
413 421
4 1042
4 222
1 1034
0 270
0 1104
0 486
0 502
1 57
811 816
1 2365
2 1074
0 187
2 2236
4 2236
3 2236
1 2236
3 405
8 1110
456 497
5 222
0 120
0 151
0 1392
0 230
81 86
3 78
124 2339
0 9
3 1021
0 318
2 308
0 279
0 762
2 88
6 721
0 1027
4 500
0 89
5 86
9 159
0 733
23 725
0 276
1 497
6 1130
0 456
1 654
0 777
0 53
0 340
473 475
2 142
0 694
0 41
0 90
50 588
7 588
4 588
2 214
1 67
1 588
1 327
1 342
0 588
12 193
0 161
83 90
7 588
5 41
18 322
2 718
2 142
28 567
2 588
6 113
0 120
5 588
2 567
8 588
17 588
6 483
9 588
2 218
38 588
14 282
12 282
526 588
14 218
3 327
22 24
0 274
6 274
2 214
1 142
4 90
87 90
2 228
8 567
0 229
536 567
4 343
16 228
1 327
0 43
2 386
18 694
7 228
3 475
8 588
28 475
14 946
0 475
0 567
1 457
3 327
5 483
5 343
0 116
0 475
5 228
1 342
26 327
502 560
13 229
0 99
1 588
40 43
7 43
0 168
8 141
0 483
0 16
9 588
0 386
9 334
1 588
2 588
3 588
1 588
0 90
33 588
0 271
560 588
5 386
0 67
520 560
321 342
4 454
3 588
5 588
1 211
33 694
632 694
7 228
2 327
571 588
11 752
1 53
0 229
17 588
4 41
2 374
0 334
0 588
18 475
5 110
0 229
0 58
23 588
1 142
5 153
2 334
3 116
108 118
570 588
22 386
4 327
2 142
5 228
8 156
2 588
4 588
1 327
6 343
146 153
12 475
1 588
5 99
0 588
7 588
545 574
0 694
2 90
9 694
0 56
19 560
5 342
15 322
0 752
12 588
23 327
1 193
15 454
0 342
1 67
1 327
10 588
2 229
0 342
63 67
25 2673
0 211
5 483
1 327
4 228
4 33
4 962
1 1539
0 125
0 120
4 80
1 816
0 554
1 176
1 406
0 66
0 473
0 977
0 844
0 290
10 502
2 88
2 275
2 147
5 515
0 1205
2 1403
0 1695
5 605
4 605
7 1347
6 1347
19 1516
0 295
0 473
0 59
2 1021
764 788
218 228
1 1110
2 88
0 768
2 476
7 337
0 340
69 1695
4 127
0 308
4 378
0 241
0 452
0 284
1 1900
0 1900
2 3101
0 3101
0 6
4 218
11 664
0 158
0 423
3 951
19 951
0 623
0 399
6 1577
0 278
2 214
6 2150
0 2150
0 145
0 404
0 1074
1 336
0 362
3 594
0 216
0 439
0 527
3 1386
1 639
704 762
0 625
1 625
0 725
0 395
0 1036
5 1042
1 393
4 1539
1 368
2 1539
103 117
20 632
3 1042
0 518
0 567
2 452
0 1071
0 347
1 303
0 120
23 270
12 2237
22 2237
3 2237
0 2237
4 2237
0 233
1493 1552
0 409
0 1230
2 1230
10 853
2 400
0 126
0 446
11 857
0 973
1 274
2 274
0 3390
12 3390
10 3390
4 3390
0 584
8 890
1 626
14 216
0 1346
0 247
13 287
66 79
0 196
18 191
159 7353
112 7353
54 7353
7232 7353
216 7353
12 7353
278 7353
75 7353
91 7353
7185 7353
64 7353
160 7353
58 7353
126 7353
27 7353
10 7353
0 141
2 2466
1 2466
6 2466
0 2466
0 1456
53 10604
101 10604
152 10604
29 10604
36 10604
77 10604
35 10604
81 10604
121 10604
96 10604
8 10604
126 10604
65 10604
80 10604
89 10604
55 10604
9 1655
5 1655
0 407
5 1162
8 1162
3 1162
4 1162
1 479
10 623
0 87
2 564
16 391
0 295
0 590
1 508
1694 1695
1 47
18 788
720 788
732 788
19 788
23 788
6 788
1 788
13 788
728 788
1 230
0 739
0 436
4 1695
0 247
1 626
10 567
4 115
1 48
0 344
1 684
47 764
1 582
37 1072
5 1862
3 1862
11 369
30 876
1 625
0 233
1 937
2 937
3 937
0 230
1 421
0 272
1 218
1 812
15 826
0 919
1 887
1 1072
30 2339
2 958
5 958
1 1623
6 141
1 792
1 811
0 2330
1 2330
3 247
6 974
119 120
0 182
0 423
0 1967
0 30
4 384
1 549
12 1153
0 497
1 188
2 498
6 157
1 157
3 2339
3 950
1 57
0 135
2 473
0 962
1 448
0 163
0 414
3 1161
0 1161
2 1161
0 117
4 96
0 1403
0 1346
1 139
59 1110
0 473
1 318
0 318
1 700
0 162
0 1967
4 1539
0 1539
0 106
7 5662
6 5662
2 5662
4 5662
3 5662
5 1536
34 1536
5 625
14 2565
10 2565
11 2565
4 2565
13 2565
8 2565
1708 1747
6 384
4 183
10 1249
5 1249
0 87
0 812
4 746
8 2128
0 2128
5 2128
0 473
1 67
2 124
7 178
0 764
1 379
3 2396
0 2396
1 2396
13 890
12 890
5 890
0 38
0 2407
4 2407
2 2407
7 2407
0 735
2 581
0 581
0 385
1 385
9 615
1 139
0 641
1 448
0 1064
1 1064
3 2225
2 89
0 941
0 89
0 1419
423 452
3 80
5 554
0 89
7 1294
13 1294
16 381
20 1948
74 1948
26 1948
7 1948
0 962
1 448
0 352
0 137
0 594
1 1708
0 1708
2 287
0 25
5 816
0 626
0 90
26 2339
0 1536
1 233
1 69
1 319
2 796
0 446
0 527
0 142
1 369
1 153
1 590
0 385
29 413
0 446
1 2395
0 2395
0 404
295 592
16 2163
14 2163
35 2163
2 55
184 191
0 2423
3 2423
2 2423
1 344
1 196
0 452
15 1403
1 1205
0 1205
1 1014
0 294
2 448
6 86
0 395
7 844
0 844
1 303
2 1360
0 812
0 107
0 562
1 479
8 467
36 1733
37 1733
28 1733
1 80
0 739
0 446
246 247
0 389
0 733
2 215
4 295
2 431
0 175
5 130
5 187
1 135
1 284
2 371
3 330
5 1724
2 1724
3 1724
3 549
2 919
1073 1139
1 896
0 896
2 437
0 103
0 264
4 261
0 264
0 648
6 1577
0 1501
3 1501
1 1501
578 617
2 1618
0 285
5 504
2 115
45 48
0 247
0 737
0 223
0 509
0 311
20 594
2 477
0 345
1 733
4 789
3 789
0 605
2 1747
0 347
13 1511
10 1511
0 362
8 147
0 307
12 139
8 139
0 382
1576 1766
767 788
2 788
9 788
7 788
765 788
0 788
1 788
761 788
3 788
10 694
0 694
9 307
2 174
7 371
1 1077
0 537
4 178
0 103
1 290
4 3159
2 3159
1 3159
3 1331
24 50
0 716
1 508
13 1909
16 1909
20 1909
0 1618
5 1618
0 384
1 384
0 102
1 94
0 585
0 474
512 535
0 261
2 295
1 169
0 148
3 183
4 876
1 733
11 1787
9 1787
6 1787
11 617
0 1553
1 1553
4 504
2 343
1 632
0 127
6 504
15 1083
2 65
2 1144
0 178
8 172
0 240
5 431
18 919
0 498
0 1618
1465 1475
11 368
3 26
5 1965
4 1965
3 1965
0 1965
6 1965
2 1965
8 125
0 175
50 55
1 379
0 229
0 229
0 230
2 1042
0 344
5 323
2 746
800 876
6 479
387 406
2 504
160 171
1 575
11 764
3 1913
1 1913
0 1057
1 269
1 173
6 344
0 772
0 242
3 1695
5 1695
1 382
2 764
0 175
0 94
0 811
0 394
0 1287
0 176
11 139
0 310
0 360
1 230
0 811
1 381
1 1129
17 1129
3 1129
0 638
0 1071
17 1410
25 1410
20 1410
0 811
0 497
4 37
0 285
1 305
2 256
0 360
9 233
1 623
0 1061
0 260
0 452
0 563
7 592
3 144
1 327
0 617
8 337
1 362
5860 5976
52 5976
35 5976
70 5976
73 5976
38 5976
86 5976
64 5976
33 5976
8 1075
1 379
6 661
0 162
1 2517
11 431
2 100
0 1386
3 850
0 511
2 405
1 1102
0 1102
0 370
1 196
1 361
20 841
9 698
0 124
0 290
215 218
0 439
17 229
0 349
2 89
0 360
14 333
11 333
1 526
0 122
0 412
1 196
1 874
0 247
0 896
1 338
2 338
1 142
54 1779
1773 1779
8 1779
1748 1779
0 1238
801 876
10 1853
16 1853
0 1853
0 592
1 564
0 173
3 1539
0 158
1 812
4 584
0 328
2 262
0 816
0 99
11 796
4 404
2 146
1 345
4 464
1 228
5 274
910 919
4 502
0 1110
1 122
3 446
14 518
0 141
3 585
2 561
1 2808
0 1357
23 1416
1 204
1 100
543 563
0 564
0 473
5 1110
2 339
163 327
1 308
5 295
0 587
0 777
3 558
1 149
4 209
0 279
0 962
0 3095
7 3095
4 3095
9 1617
0 1617
10 1617
4 1617
1 318
2 327
1 1767
8 1767
9 1767
3 1767
8 240
0 1071
0 522
0 1618
1 465
0 465
1 465
