15 384
7 375
25 392
6 576
12 576
40 776
38 776
20 511
10 2287
14 2287
7 745
1 745
34 914
13 338
2 448
2 691
3 691
1 183
14 914
21 1155
29 1155
1084 1155
3 1155
5 1155
6 1370
13 1623
110 7389
193 7389
130 7389
43 7389
44 7389
115 7389
88 7389
55 7389
276 7389
178 7389
241 7389
3 2339
4 615
29 1288
4 176
21 1265
3 1265
11 1265
6 150
0 79
10 1983
7 1983
1 1983
2 1983
5 269
386 397
37 1208
41 1208
20 1208
1391 1474
12 240
3 448
8 558
3 1113
1 1113
69 79
7 305
19 400
4 388
8 590
5 1483
1 152
1 152
3 796
1526 1536
1 805
22 276
297 328
24 1267
17 1267
32 1267
10 1267
31 1267
29 522
184 198
0 1013
3 1013
145 152
4 1303
7 1008
12 1008
5 327
2 562
8 737
8 737
2 264
168 175
0 44
0 89
9 1913
5 1913
5 1539
23 973
19 855
16 301
77 7645
341 7645
288 7645
83 7645
24 7645
200 7645
364 7645
239 7645
266 7645
89 7645
50 7645
117 7645
168 7645
176 7645
47 7645
122 7645
179 7645
51 7645
44 7645
172 7645
948 9306
20 9306
98 9306
361 9306
174 9306
232 9306
50 9306
452 9306
39 9306
536 9306
38 9306
150 9306
102 9306
374 9306
123 9306
556 9306
342 9306
159 9306
132 3760
162 3760
156 3760
174 3760
143 3760
137 3760
121 3760
168 3760
16 689
262 295
30 1454
27 1454
28 1454
18 1454
2 626
0 203
0 405
4 794
6 794
1 844
602 657
1 1110
137 150
1 1071
0 812
0 812
0 422
9 896
5 395
18 2339
0 135
9 324
1 721
78 79
1 204
0 811
1 368
0 380
0 380
2 384
144 152
7 98
66 68
2 446
3 777
14 777
4 884
825 884
21 1514
830 876
4 348
0 169
20 663
17 663
12 303
12 240
2 441
34 1474
0 733
7 1077
2 404
0 973
1 138
17 1618
2 567
827 876
1 176
8 2150
37 2150
18 876
4 311
15 1597
6 1597
14 1597
8 1597
22 618
5 98
1 184
32 776
25 776
3 497
55 57
16 392
24 670
14 670
364 392
9 511
7 247
0 876
8 344
7 965
1538 1539
1 509
5 215
9 176
4 215
4 215
34 1386
1 283
3 764
3 465
0 792
100 10782
138 10782
158 10782
56 10782
111 10782
354 10782
198 10782
112 10782
107 10782
84 10782
179 10782
575 10782
170 10782
245 10782
208 10782
116 10782
232 10782
79 10782
271 10782
132 10782
69 10782
118 10782
206 10782
155 10782
179 10782
145 10782
1 224
11 767
10 144
514 540
9 2510
2 2510
237 269
4 269
1 1269
0 1269
1 919
3 782
2 448
0 931
1 931
1 247
3 89
39 2038
4 2038
5 2038
1 446
22 737
17 1898
14 1898
578 584
14 1360
20 2257
4 2257
13 1695
74 2339
18 1072
2 746
4 746
1 2150
15 2150
45 3410
1 3410
31 3410
4 746
6 2150
21 2150
12 764
4 746
1 456
541 590
21 2449
69 2449
166 191
4 777
4 266
3 1027
13 976
896 976
8 3000
29 3000
25 3000
50 3000
37 3000
32 3000
2 202
2 456
6 777
5 381
0 295
3 186
440 441
1 94
67 68
5 287
10 240
134 142
11 240
17 655
4 1197
9 2831
8 2831
2 2831
3 2831
3 1331
27 4210
31 4210
217 4210
49 4210
30 4210
185 4210
180 4210
16 4210
125 4210
138 4210
131 4210
5 20
3 209
6 677
1 677
2 1547
6 1547
19 888
20 888
12 344
4 413
6 1012
13 1012
15 1012
5 269
7 467
3 504
1071 1110
4 585
10 2128
14 2128
6 2128
5 960
5 1483
14 1536
6 1536
17 1110
10 1069
13 1069
20 1069
1 1014
14 811
5 1110
14 423
1 93
3 183
1 384
3 724
11 2375
8 2375
20 2375
1 178
771 788
2 788
10 788
5 788
778 788
1 788
0 788
770 788
4 788
1 203
224 226
19 4949
25 4949
24 4949
47 4949
79 4949
20 4949
45 4949
1 120
58 2150
22 2150
21 2150
2 653
13 689
10 2955
3 2955
14 2955
5 2955
27 2955
6 2955
31 2955
7 1695
0 439
0 439
201 225
3 2163
4 2163
119 13875
131 13875
41 13875
62 13875
54 13875
129 13875
106 13875
136 13875
101 13875
134 13875
13216 13875
300 13875
203 13875
282 13875
21 2339
3 222
1 150
5 1164
3 1164
1 1164
0 2347
3 2347
1 2347
2 2347
1 633
7 384
32 3126
34 3126
52 3126
23 3126
9 3126
29 3126
24 3126
11 1078
10 1078
3 1078
3 267
16 1926
523 526
13 812
12 858
10 5657
12 5657
27 5657
6 5657
18 5657
3 5657
22 5657
5531 5657
56 1042
18 423
4 218
154 172
24 1307
910 1021
12 384
9 400
237 240
22 247
1 176
5 247
4 124
22 618
5 247
8 1708
5 1708
3 1708
6 1708
7 762
9 762
1 152
4 371
3 264
0 442
2 442
2 389
62 5642
30 5642
22 5642
5415 5642
49 5642
47 5642
60 5642
9 416
198 223
83 86
19 543
10 1403
11 1403
11 679
2 2517
1 87
20 689
7 336
3 89
5 153
1320 1403
13 1963
18 1963
5 2002
2 2002
12 2002
26 147
9 147
3 163
260 264
51 1539
243 264
12 590
0 181
211 241
0 465
36 764
29 764
12 764
5 295
4 1652
7 1652
2 1967
3 86
0 1110
6 1183
3 1183
4 1183
2 876
2 389
9 1124
4 1124
6 1014
11 961
8 961
0 961
0 526
0 359
79 1130
1 257
51 1386
817 842
1041 1042
0 257
30 2403
24 2403
36 2403
0 106
7 375
544 617
22 270
25 270
11 340
3 327
0 380
5 518
8 587
5 587
5 384
1 424
14 264
19 699
14 1317
21 1317
6 1317
7 120
17 594
1 538
0 603
2 1130
2 344
11 240
0 1241
7 122
10 855
9 1898
6 1898
13 1898
9 1898
372 384
13 17
893 914
0 777
7 163
35 4713
64 4713
49 4713
274 4713
53 4713
52 4713
1 44
25 2150
21 2150
3 2150
1 2150
18 402
5 266
3 781
6 781
0 781
7 781
18 664
17 689
6 874
8 796
17 796
88 1464
19 1464
31 1464
1 548
14 382
21 233
2 663
5 257
491 506
7 1012
4 257
3 626
3 371
9 782
34 3816
52 3816
22 3816
20 3816
24 3816
60 3816
29 3816
7 340
8 1347
3 1347
0 149
7 554
5 364
6 364
279 295
26 435
14 695
2 1247
1 1247
6 423
7 914
4 265
11 631
7 631
3 186
5 518
167 171
506 511
18 431
1 2308
5 2308
5 2303
11 2303
12 145
10 145
3 145
9 467
32 518
2 405
18 318
11 423
7 324
6 389
33 8726
93 8726
206 8726
54 8726
262 8726
96 8726
383 8726
109 8726
240 8726
163 8726
21 8726
85 8726
25 8726
0 422
0 108
1 456
0 1036
1 1036
352 391
2 344
12 679
2 154
388 397
14 3066
17 3066
85 3066
5 1214
4 1214
15 1595
26 1595
650 764
0 457
0 368
0 376
7 209
6 209
1 1191
0 1191
38 592
26 378
135 141
3 389
19 446
9 264
6 526
17 1110
12523 12734
276 12734
345 12734
114 12734
319 12734
371 12734
12631 12734
285 12734
202 12734
362 12734
85 12734
85 12734
185 12734
143 12734
253 12734
347 12734
100 12734
216 12734
7 203
74 89
0 653
288 295
0 841
0 441
370 384
3 876
58 1264
1207 1264
1239 1264
5 404
0 1483
0 1110
51 590
526 590
3 264
3 107
11 1386
0 148
84 89
16 842
38 461
0 669
3 669
10 737
680 699
7 423
8 737
2 107
0 107
1 148
0 473
28 2629
55 2629
24 2629
31 2629
364 384
6 1589
3 1589
4 1589
2 113
4 2696
8 2696
5 2696
1 774
30 664
966 987
14 987
28 987
18 4344
12 4344
14 4344
38 4344
11 4344
3 4344
5 4344
3 222
34 626
19 1376
0 1376
3 1376
8 1376
10 558
6 680
10 680
2 234
2 177
171 177
12 384
22 441
30 441
3 376
18 1511
23 1511
8 522
16 522
0 169
11 737
34 664
8 479
20 2238
42 2238
40 2238
7 2238
25 1074
24 737
3 762
2387 2517
779 788
29 2300
21 2300
2 762
9 618
1 183
25 270
9 558
228 252
7 295
18 1913
27 1913
23 656
6 656
18 656
12 240
1 423
13 764
327 373
3 446
2 357
6 423
0 632
9 590
5 562
429 456
0 9
293 587
6 562
7 1014
0 774
1 404
0 567
3 1407
0 594
1 690
0 690
4 250
1 127
282 295
5 2725
3 2725
4 2725
2 2725
6 2725
0 442
2 442
9 518
1 508
0 269
1 269
0 38
13 6094
11 6094
8 6094
1 6094
16 6094
5 1370
45 2737
15 2737
1292 1409
516 526
463 465
3 339
3 960
1 960
5 382
3 295
4 404
1 431
1 1536
4 615
0 844
0 308
5 504
4 560
1 730
0 730
1 764
0 1701
233 240
10 283
17 596
389 392
11 2339
6 2339
0 303
0 461
526 563
3 438
2 122
0 980
1 980
775 845
8 665
4 378
1 352
8 889
2 889
3 189
0 431
1 751
2 526
37 1955
25 1955
35 1955
28 1955
10 1955
34 1955
15 9453
20 9453
23 9453
55 9453
64 9453
34 9453
53 9453
32 9453
44 9453
24 9453
19 9453
35 9453
38 9453
18 9453
72 9453
17 3604
8 3604
10 3604
1801 3604
12 3604
15 2982
34 2982
40 2982
31 2982
23 2982
5 1152
4 499
1 181
0 181
244 249
9 613
16 395
2 575
1 122
1 1114
5 1114
279 283
141 283
0 241
52 55
3 655
6 1887
4 1887
3 1887
240 7512
169 7512
233 7512
174 7512
57 7512
138 7512
264 7512
279 7512
315 7512
300 7512
215 7512
326 7512
142 7512
266 7512
314 7512
4 328
2 623
3 106
3 82
5 305
5 196
135 151
5 439
1 328
7 2031
6 4370
8 4370
7 4370
1 4370
0 4370
10 4370
2 4370
9 4370
0 340
0 360
2 269
1 413
11 887
1 187
0 187
3 534
22 1539
4 726
233 257
5 202
10 764
13 764
1 473
2 729
4 729
3 729
2 174
565 593
1 326
2 282
56 59
28 2849
30 2849
32 2849
14 2849
7 225
11 435
2 435
1 522
145 146
22 479
1 399
2 587
2 562
748 788
11 788
755 788
745 788
764 788
1 788
0 788
766 788
744 788
1 473
11 473
3 1528
1 1528
4 1904
2 1904
1 733
4 219
44 2417
96 2417
42 594
20 594
40 594
5 620
4 620
2 476
1 476
2 405
1681 1695
80 91
81 91
2 1223
1 1223
7 1223
11 479
1 328
4 1879
5 1879
100 4834
49 4834
63 4834
75 4834
22 4834
67 4834
1 145
8 739
22 336
5 361
169 177
1 413
703 759
2 191
1 191
5 240
5 233
157 177
1 176
4 318
5 807
2 807
7 761
1 446
0 931
1 931
4 1074
14 812
270 287
10 764
8 1043
7 857
1 922
7 558
4 558
0 279
152 173
2 130
2 617
1 617
5 1707
8 1707
18 4275
12 4275
14 4275
19 4275
17 4275
0 1149
1 1149
6 1149
14 2971
12 2971
7 336
310 318
3 1026
2 92
3 92
1 311
0 161
1 774
7 127
14 379
0 400
3 428
345 381
13 562
483 497
12 393
2 279
10 323
360 395
0 223
7 362
479 509
7 2434
8 716
6 388
16 233
1 484
1 484
5 484
13 1075
13 1075
11 1075
15 1075
106 118
0 114
795 844
17 844
0 306
6 1742
1 1742
0 1742
8 441
0 655
3 764
0 509
3654 3737
16 3737
10 3737
8 3737
3 562
1090 2181
3 338
4 40
0 379
8 405
2 474
4 98
1 1143
352 368
653 699
1 343
118 126
9 1644
30 1644
2 767
1 767
739 767
15 20
299 310
2 354
3 61
3 297
720 727
383 395
31 1618
1 233
380 381
0 473
201 217
0 152
677 768
0 171
0 567
0 301
0 461
750 788
8 788
734 788
16 788
740 788
1 788
0 788
748 788
14 788
2 405
6 653
3 139
0 324
1 973
8 1386
2 633
16 664
10 1618
15 395
1 295
325 344
5 230
1109 2219
0 385
4 527
70 1926
77 1926
5 548
0 919
9 699
428 472
6 327
2 821
3 821
5 821
1 526
1 567
11 1012
7 1012
8 1012
11 562
13 739
0 266
9 227
0 241
17 635
2 391
3 177
1 407
7 435
4 535
499 527
352 371
7 371
233 240
6 57
270 297
11 262
3 361
17 1312
0 84
6 287
8 509
6 585
1 592
14 812
2062 2339
5 290
0 948
1 948
2 448
941 973
1 360
2 389
25 1646
7 2101
13 2101
6 2101
8 2101
13 876
9 472
12 265
7 777
10 502
0 137
2 209
10 144
1 183
1 370
134 135
1 120
1 962
35 721
0 114
3 3218
6 1747
0 231
2 1110
0 153
1 290
3 397
16 325
5 319
361 382
0 5267
30 5267
17 5267
26 5267
21 5267
37 5267
16 5267
22 5267
24 5267
31 5267
15 5267
29 5267
28 5267
33 5267
0 1034
1 1034
5 2191
6 2191
1 247
2 247
5 1416
31 1027
0 319
0 1042
0 384
0 163
5 127
2 484
1 900
0 544
8 265
1 368
0 930
3 2416
1 2416
5 2416
3 919
5 407
0 382
1 247
4 233
4 1183
5 1183
7 1183
1 1185
0 382
2 340
2 3763
0 3763
10 177
15 477
1 141
15 242
3 295
1 295
10 395
15 615
1 308
1 1695
13 511
0 227
0 257
75 2339
7 395
1 359
23 761
20 257
0 176
11 336
1 195
2 365
10 240
2 230
2 196
13 338
18 1116
8 1116
3 1124
0 300
5 1623
35 906
0 57
3 188
0 1057
0 233
2 721
6 318
8 735
674 699
4 446
0 310
1 165
420 465
3 1130
653 679
3 392
332 348
16 1898
12 1898
0 472
32 950
45 950
28 950
10 191
0 1695
1 324
0 282
1 861
29 1695
8 360
23 960
3 388
4 1701
5 453
4 453
1 247
1 461
28 295
7 1042
8 549
18 319
3 1110
7 2517
2 866
1 866
125 141
1 387
47 48
2 1791
3 1791
2 511
2 275
3 286
0 423
1 191
913 950
459 509
0 861
5 364
7 364
2 378
1 3651
3 364
5 364
0 298
59 679
15 654
6 177
10 605
3 392
5 392
2 569
0 43
4 414
2 272
1 327
6 2050
3 2050
5 2050
1 617
4 927
6 1268
4 1268
5 1268
44 1413
155 157
4 317
24 790
750 790
5 812
20 1077
528 584
13 562
16 1360
3 1695
373 405
551 587
4 127
3 1592
1 1592
3 1719
4 1719
2 1719
13 548
5 548
4 195
1 352
0 1043
12 2703
10 2703
17 2703
19 2703
1085 1165
16 395
3 1323
9 1323
5 1323
22 1323
8 1323
0 118
0 165
9 663
7 451
25 1536
18 1526
6 1526
15 1526
0 116
302 327
13 587
1 139
4 325
7 1288
1 116
11 240
0 217
355 712
17 1386
92 2339
2 2517
10 381
261 284
0 183
274 295
2448 2517
8 2339
20 465
1 247
2 2517
2 55
3 281
0 247
21 1360
2 461
56 3761
12 590
7 594
10 378
63 1539
9 108
3901 4338
80 1552
2 152
1 646
8 306
43 657
15 657
28 1042
390 421
6 1042
7 222
4 1034
0 270
1 1104
0 486
1 502
1 57
786 816
16 2365
18 1074
0 187
5 2236
7 2236
8 2236
1 2236
11 405
28 1110
488 497
5 222
0 120
0 151
0 1392
2 230
80 86
3 78
2188 2339
0 9
10 1021
0 318
2 308
0 279
0 762
2 88
691 721
1 1027
8 500
0 89
78 86
10 159
0 733
712 725
1 276
1 497
7 1130
1 456
2 654
1 777
0 53
0 340
459 475
134 142
4 694
0 41
1 90
586 588
3 588
4 588
4 214
2 67
2 588
1 327
6 342
2 588
185 193
0 161
6 90
7 588
6 41
13 322
2 718
2 142
17 567
4 588
107 113
0 120
15 588
2 567
22 588
35 588
10 483
24 588
1 218
536 588
281 282
278 282
31 588
208 218
5 327
0 24
1 274
3 274
6 214
1 142
7 90
88 90
2 228
5 567
2 229
549 567
9 343
210 228
2 327
1 43
10 386
46 694
209 228
11 475
11 588
435 475
21 946
2 475
0 567
1 457
5 327
7 483
6 343
1 116
0 475
9 228
4 342
315 327
531 560
2 229
0 99
5 588
6 43
7 43
0 168
10 141
1 483
14 16
14 588
1 386
22 334
1 588
3 588
5 588
2 588
0 90
567 588
6 271
22 588
13 386
1 67
552 560
329 342
9 454
9 588
7 588
2 211
24 694
18 694
8 228
301 327
23 588
17 752
2 53
4 229
25 588
6 41
3 374
2 334
1 588
42 475
100 110
0 229
1 58
25 588
2 142
6 153
4 334
3 116
116 118
14 588
357 386
6 327
2 142
220 228
10 156
2 588
6 588
1 327
20 343
142 153
21 475
7 588
8 99
2 588
7 588
544 574
5 694
3 90
12 694
0 56
552 560
323 342
19 322
3 752
10 588
16 327
2 193
10 454
2 342
1 67
10 327
17 588
4 229
1 342
66 67
25 2673
1 211
15 483
3 327
4 228
4 33
15 962
3 1539
0 125
0 120
5 80
1 816
0 554
1 176
3 406
0 66
0 473
0 977
0 844
0 290
8 502
2 88
9 275
3 147
5 515
1 1205
5 1403
3 1695
2 605
11 605
6 1347
11 1347
24 1516
0 295
0 473
0 59
4 1021
764 788
222 228
3 1110
2 88
3 768
3 476
15 337
0 340
52 1695
4 127
0 308
6 378
0 241
0 452
1 284
5 1900
0 1900
4 3101
0 3101
0 6
4 218
20 664
0 158
0 423
7 951
39 951
0 623
0 399
17 1577
0 278
3 214
2 2150
1 2150
0 145
0 404
0 1074
9 336
0 362
2 594
0 216
0 439
2 527
4 1386
5 639
35 762
0 625
1 625
0 725
0 395
0 1036
12 1042
1 393
4 1539
1 368
8 1539
105 117
22 632
7 1042
4 518
1 567
2 452
1 1071
0 347
1 303
0 120
27 270
11 2237
39 2237
16 2237
2 2237
19 2237
1 233
1446 1552
0 409
0 1230
1 1230
17 853
1 400
0 126
0 446
38 857
0 973
1 274
2 274
9 3390
23 3390
10 3390
4 3390
0 584
18 890
1 626
208 216
0 1346
0 247
282 287
73 79
0 196
169 191
208 7353
161 7353
59 7353
7209 7353
80 7353
14 7353
237 7353
164 7353
158 7353
7351 7353
103 7353
85 7353
147 7353
148 7353
70 7353
47 7353
2 141
5 2466
9 2466
6 2466
8 2466
0 1456
114 10604
105 10604
205 10604
28 10604
36 10604
160 10604
76 10604
69 10604
138 10604
134 10604
22 10604
75 10604
92 10604
62 10604
86 10604
72 10604
12 1655
10 1655
0 407
3 1162
8 1162
5 1162
4 1162
2 479
10 623
0 87
1 564
18 391
0 295
0 590
1 508
1661 1695
38 47
733 788
751 788
17 788
20 788
14 788
3 788
2 788
15 788
746 788
2 230
0 739
2 436
15 1695
0 247
5 626
9 567
6 115
2 48
5 344
3 684
42 764
1 582
10 1072
3 1862
6 1862
11 369
819 876
2 625
1 233
2 937
3 937
6 937
0 230
1 421
4 272
4 218
1 812
8 826
2 919
1 887
1 1072
114 2339
7 958
8 958
13 1623
140 141
3 792
3 811
2 2330
3 2330
8 247
41 974
111 120
0 182
0 423
0 1967
0 30
8 384
4 549
24 1153
0 497
1 188
4 498
7 157
4 157
6 2339
4 950
3 57
0 135
15 473
0 962
1 448
0 163
3 414
4 1161
2 1161
3 1161
0 117
1 96
3 1403
1 1346
1 139
38 1110
1 473
1 318
0 318
1 700
1 162
0 1967
5 1539
2 1539
0 106
6 5662
8 5662
4 5662
7 5662
5 5662
6 1536
1453 1536
12 625
18 2565
17 2565
13 2565
7 2565
19 2565
10 2565
51 1747
10 384
4 183
15 1249
14 1249
0 87
12 812
4 746
8 2128
0 2128
4 2128
0 473
0 67
4 124
1 178
0 764
1 379
2 2396
0 2396
1 2396
18 890
22 890
17 890
0 38
2 2407
4 2407
5 2407
10 2407
2 735
1 581
0 581
2 385
1 385
10 615
1 139
1 641
12 448
1 1064
8 1064
5 2225
3 89
0 941
0 89
0 1419
444 452
2 80
13 554
1 89
7 1294
17 1294
379 381
63 1948
92 1948
55 1948
53 1948
2 962
1 448
1 352
0 137
1 594
3 1708
0 1708
9 287
0 25
3 816
1 626
0 90
79 2339
0 1536
3 233
0 69
6 319
3 796
0 446
1 527
0 142
1 369
1 153
7 590
4 385
29 413
0 446
2 2395
1 2395
2 404
295 592
17 2163
18 2163
64 2163
2 55
27 191
4 2423
2 2423
10 2423
3 344
170 196
1 452
17 1403
0 1205
1 1205
0 1014
1 294
1 448
7 86
3 395
13 844
0 844
1 303
3 1360
1 812
0 107
0 562
4 479
8 467
83 1733
68 1733
29 1733
3 80
0 739
0 446
238 247
0 389
0 733
200 215
5 295
10 431
0 175
5 130
6 187
6 135
1 284
1 371
4 330
6 1724
2 1724
5 1724
20 549
7 919
1091 1139
0 896
1 896
15 437
0 103
0 264
5 261
1 264
0 648
30 1577
0 1501
3 1501
1 1501
33 617
12 1618
1 285
5 504
3 115
1 48
0 247
0 737
0 223
0 509
0 311
50 594
9 477
0 345
1 733
6 789
5 789
0 605
38 1747
0 347
20 1511
22 1511
0 362
15 147
0 307
12 139
14 139
0 382
1742 1766
8 788
3 788
5 788
2 788
736 788
0 788
1 788
749 788
4 788
12 694
1 694
6 307
2 174
2 371
2 1077
0 537
6 178
0 103
2 290
12 3159
13 3159
7 3159
5 1331
24 50
0 716
1 508
26 1909
30 1909
32 1909
1 1618
4 1618
1 384
6 384
0 102
1 94
5 585
3 474
504 535
0 261
291 295
0 169
3 148
4 183
6 876
1 733
16 1787
19 1787
10 1787
11 617
1 1553
3 1553
6 504
15 343
2 632
0 127
12 504
9 1083
1 65
14 1144
0 178
13 172
6 240
9 431
899 919
0 498
1 1618
89 1475
337 368
3 26
7 1965
6 1965
5 1965
1 1965
3 1965
4 1965
15 125
0 175
1 55
2 379
1 229
3 229
0 230
5 1042
0 344
7 323
4 746
18 876
8 479
402 406
3 504
8 171
1 575
19 764
3 1913
2 1913
1 1057
4 269
1 173
9 344
0 772
0 242
1 1695
13 1695
4 382
2 764
0 175
0 94
0 811
0 394
0 1287
0 176
8 139
0 310
0 360
3 230
0 811
4 381
4 1129
14 1129
6 1129
1 638
7 1071
20 1410
37 1410
27 1410
0 811
0 497
35 37
0 285
1 305
2 256
1 360
221 233
3 623
0 1061
2 260
0 452
0 563
22 592
3 144
308 327
0 617
311 337
6 362
5812 5976
68 5976
71 5976
108 5976
67 5976
107 5976
139 5976
79 5976
69 5976
24 1075
1 379
6 661
2 162
1 2517
21 431
5 100
1 1386
5 850
1 511
2 405
2 1102
0 1102
1 370
3 196
1 361
32 841
20 698
0 124
0 290
216 218
0 439
204 229
0 349
3 89
0 360
19 333
308 333
4 526
3 122
0 412
163 196
7 874
0 247
4 896
1 338
2 338
2 142
1641 1779
1747 1779
29 1779
1755 1779
1 1238
14 876
16 1853
13 1853
3 1853
3 592
1 564
7 173
5 1539
0 158
5 812
3 584
0 328
234 262
3 816
1 99
13 796
5 404
5 146
321 345
3 464
222 228
4 274
459 919
8 502
1 1110
1 122
6 446
4 518
0 141
8 585
23 561
1 2808
1 1357
1261 1416
1 204
5 100
553 563
0 564
0 473
15 1110
4 339
163 327
2 308
15 295
1 587
0 777
8 558
1 149
186 209
0 279
3 962
9 3095
8 3095
6 3095
12 1617
0 1617
8 1617
7 1617
2 318
4 327
1 1767
8 1767
11 1767
2 1767
12 240
0 1071
6 522
0 1618
1 465
0 465
1 465
