2 384
5 375
3 392
0 576
2 576
8 776
4 776
42 511
7 2287
4 2287
3 745
0 745
17 914
3 338
18 448
1 691
2 691
0 183
5 914
10 1155
41 1155
1090 1155
0 1155
1 1155
1 1370
3 1623
63 7389
150 7389
306 7389
3 7389
7 7389
141 7389
136 7389
13 7389
54 7389
28 7389
317 7389
10 2339
2 615
33 1288
2 176
7 1265
30 1265
8 1265
6 150
1 79
3 1983
2 1983
4 1983
80 1983
6 269
6 397
40 1208
37 1208
17 1208
25 1474
4 240
10 448
1 558
1 1113
0 1113
0 79
4 305
16 400
2 388
5 590
1 1483
142 152
141 152
0 796
1433 1536
0 805
0 276
12 328
0 1267
1 1267
22 1267
9 1267
10 1267
2 522
0 198
4 1013
0 1013
141 152
0 1303
2 1008
0 1008
2 327
0 562
8 737
7 737
9 264
164 175
0 44
0 89
4 1913
0 1913
0 1539
3 973
2 855
0 301
5 7645
167 7645
12 7645
3 7645
18 7645
184 7645
47 7645
10 7645
17 7645
14 7645
15 7645
1 7645
26 7645
2 7645
16 7645
4 7645
13 7645
7 7645
130 7645
11 7645
218 9306
72 9306
54 9306
126 9306
12 9306
136 9306
2 9306
50 9306
18 9306
96 9306
4 9306
11 9306
17 9306
316 9306
8 9306
167 9306
203 9306
69 9306
20 3760
132 3760
231 3760
9 3760
35 3760
59 3760
24 3760
42 3760
0 689
268 295
92 1454
1183 1454
23 1454
33 1454
1 626
0 203
0 405
0 794
2 794
0 844
612 657
0 1110
123 150
3 1071
0 812
0 812
0 422
40 896
1 395
7 2339
1 135
5 324
1 721
77 79
0 204
0 811
0 368
0 380
0 380
2 384
7 152
0 98
67 68
0 446
1 777
7 777
0 884
871 884
0 1514
20 876
328 348
0 169
7 663
1 663
1 303
4 240
0 441
2 1474
0 733
2 1077
0 404
0 973
0 138
17 1618
512 567
789 876
1 176
0 2150
6 2150
790 876
2 311
3 1597
2 1597
5 1597
1 1597
1 618
0 98
0 184
9 776
3 776
1 497
53 57
3 392
7 670
6 670
3 392
440 511
0 247
0 876
0 344
3 965
25 1539
0 509
1 215
7 176
4 215
3 215
3 1386
0 283
0 764
0 465
0 792
2 10782
8 10782
1 10782
7 10782
111 10782
10 10782
24 10782
948 10782
75 10782
78 10782
25 10782
141 10782
16 10782
44 10782
43 10782
4 10782
241 10782
446 10782
80 10782
9 10782
64 10782
34 10782
26 10782
5 10782
25 10782
122 10782
1 224
684 767
2 144
41 540
5 2510
0 2510
230 269
2 269
0 1269
1 1269
2 919
0 782
6 448
0 931
1 931
1 247
0 89
16 2038
2 2038
0 2038
0 446
4 737
3 1898
4 1898
7 584
5 1360
3 2257
4 2257
0 1695
148 2339
11 1072
1 746
1 746
6 2150
14 2150
28 3410
8 3410
13 3410
1 746
3 2150
15 2150
10 764
1 746
0 456
11 590
10 2449
39 2449
31 191
71 777
7 266
1 1027
27 976
40 976
31 3000
13 3000
35 3000
36 3000
61 3000
6 3000
1 202
0 456
8 777
1 381
0 295
2 186
7 441
0 94
8 68
0 287
4 240
7 142
1 240
1 655
0 1197
6 2831
4 2831
3 2831
1 2831
2 1331
0 4210
65 4210
39 4210
17 4210
89 4210
18 4210
23 4210
1 4210
9 4210
80 4210
154 4210
0 20
2 209
0 677
19 677
2 1547
8 1547
3 888
24 888
0 344
2 413
6 1012
4 1012
11 1012
1 269
0 467
2 504
11 1110
0 585
5 2128
0 2128
6 2128
1 960
1 1483
7 1536
6 1536
0 1110
2 1069
5 1069
3 1069
0 1014
99 811
1 1110
1 423
0 93
180 183
1 384
3 724
18 2375
3 2375
0 2375
0 178
16 788
2 788
12 788
9 788
19 788
0 788
1 788
15 788
4 788
2 203
14 226
0 4949
2 4949
6 4949
32 4949
132 4949
9 4949
123 4949
0 120
45 2150
2 2150
5 2150
0 653
4 689
2 2955
1 2955
71 2955
4 2955
11 2955
0 2955
101 2955
3 1695
0 439
0 439
10 225
0 2163
2 2163
173 13875
64 13875
16 13875
29 13875
93 13875
52 13875
14 13875
4 13875
400 13875
35 13875
13596 13875
39 13875
71 13875
54 13875
7 2339
2 222
0 150
3 1164
5 1164
1151 1164
0 2347
2 2347
3 2347
1 2347
0 633
0 384
20 3126
9 3126
50 3126
4 3126
2 3126
7 3126
11 3126
5 1078
1 1078
0 1078
251 267
1 1926
3 526
3 812
6 858
3 5657
1 5657
13 5657
25 5657
10 5657
5 5657
83 5657
33 5657
26 1042
2 423
0 218
2 172
12 1307
94 1021
4 384
0 400
2 240
2 247
1 176
0 247
1 124
0 618
0 247
2 1708
3 1708
1 1708
0 1708
0 762
1 762
143 152
9 371
4 264
1 442
0 442
2 389
42 5642
7 5642
6 5642
108 5642
160 5642
49 5642
17 5642
1 416
3 223
2 86
9 543
12 1403
5 1403
0 679
1 2517
0 87
16 689
1 336
0 89
0 153
28 1403
4 1963
13 1963
12 2002
9 2002
0 2002
6 147
4 147
4 163
3 264
2 1539
11 264
1 590
0 181
15 241
0 465
748 764
759 764
9 764
9 295
0 1652
1 1652
0 1967
0 86
0 1110
3 1183
0 1183
2 1183
0 876
0 389
2 1124
1 1124
1 1014
1 961
7 961
0 961
0 526
0 359
54 1130
1 257
3 1386
2 842
880 1042
0 257
0 2403
28 2403
9 2403
0 106
4 375
17 617
1 270
17 270
4 340
1 327
0 380
3 518
0 587
6 587
0 384
0 424
3 264
684 699
1 1317
2 1317
12 1317
9 120
1 594
0 538
0 603
1 1130
1 344
3 240
0 1241
0 122
3 855
4 1898
2 1898
5 1898
4 1898
5 384
0 17
22 914
0 777
2 163
8 4713
18 4713
6 4713
4429 4713
3 4713
7 4713
0 44
5 2150
3 2150
1 2150
0 2150
9 402
235 266
2 781
0 781
1 781
7 781
20 664
1 689
0 874
0 796
0 796
1387 1464
2 1464
20 1464
0 548
3 382
17 233
2 663
1 257
18 506
11 1012
0 257
0 626
0 371
780 782
292 3816
2 3816
4 3816
1 3816
0 3816
19 3816
8 3816
3 340
1 1347
8 1347
0 149
0 554
0 364
5 364
15 295
5 435
5 695
2 1247
1 1247
6 423
1 914
0 265
4 631
3 631
2 186
0 518
170 171
13 511
1 431
0 2308
2 2308
1 2303
6 2303
9 145
5 145
6 145
0 467
5 518
1 405
9 318
10 423
4 324
7 389
3 8726
0 8726
147 8726
9 8726
308 8726
2 8726
362 8726
24 8726
40 8726
176 8726
1 8726
30 8726
206 8726
0 422
1 108
0 456
0 1036
1 1036
5 391
0 344
0 679
2 154
10 397
11 3066
4 3066
18 3066
32 1214
16 1214
26 1595
1424 1595
12 764
0 457
0 368
0 376
3 209
3 209
0 1191
1 1191
25 592
4 378
3 141
0 389
3 446
1 264
0 526
27 1110
1128 12734
36 12734
1058 12734
702 12734
77 12734
130 12734
12285 12734
372 12734
69 12734
276 12734
60 12734
13 12734
111 12734
38 12734
78 12734
165 12734
42 12734
176 12734
2 203
1 89
0 653
7 295
0 841
0 441
383 384
0 876
40 1264
140 1264
1262 1264
0 404
0 1483
0 1110
5 590
1 590
1 264
0 107
3 1386
0 148
0 89
1 842
27 461
0 669
1 669
7 737
661 699
6 423
7 737
0 107
0 107
3 148
0 473
11 2629
59 2629
19 2629
4 2629
1 384
2 1589
0 1589
1 1589
1 113
1 2696
0 2696
4 2696
0 774
24 664
66 987
2 987
7 987
4 4344
0 4344
16 4344
104 4344
2 4344
1 4344
7 4344
2 222
4 626
9 1376
5 1376
1 1376
6 1376
0 558
0 680
4 680
8 234
2 177
1 177
5 384
409 441
398 441
2 376
1 1511
0 1511
2 522
16 522
1 169
3 737
23 664
4 479
0 2238
4 2238
25 2238
5 2238
44 1074
9 737
0 762
2 2517
17 788
6 2300
2 2300
0 762
0 618
0 183
21 270
6 558
0 252
244 295
21 1913
269 1913
0 656
5 656
6 656
4 240
1 423
18 764
0 373
2 446
1 357
6 423
1 632
0 590
0 562
17 456
0 9
293 587
0 562
18 1014
1 774
0 404
0 567
0 1407
0 594
1 690
0 690
2 250
2 127
4 295
3 2725
1 2725
0 2725
2 2725
4 2725
1 442
0 442
12 518
1 508
0 269
4 269
0 38
5 6094
2 6094
0 6094
4 6094
127 6094
1 1370
14 2737
16 2737
74 1409
10 526
6 465
0 339
1 960
0 960
29 382
1 295
0 404
0 431
0 1536
1 615
0 844
0 308
0 504
3 560
1 730
0 730
0 764
1 1701
6 240
3 283
4 596
3 392
1 2339
0 2339
0 303
0 461
44 563
10 438
0 122
0 980
1 980
2 845
0 665
6 378
1 352
0 889
28 889
0 189
0 431
0 751
3 526
11 1955
9 1955
10 1955
17 1955
1 1955
13 1955
21 9453
9053 9453
5 9453
34 9453
11 9453
4 9453
10 9453
15 9453
17 9453
18 9453
16 9453
7 9453
6 9453
13 9453
2 9453
8 3604
45 3604
6 3604
3589 3604
3 3604
0 2982
11 2982
22 2982
1 2982
2 2982
1 1152
0 499
0 181
1 181
242 249
29 613
5 395
0 575
1 122
2 1114
3 1114
270 283
279 283
0 241
3 55
568 655
3 1887
7 1887
2 1887
78 7512
10 7512
48 7512
215 7512
112 7512
2 7512
5 7512
171 7512
203 7512
181 7512
25 7512
15 7512
18 7512
413 7512
61 7512
9 328
1 623
0 106
6 82
1 305
0 196
6 151
6 439
7 328
1 2031
1 4370
0 4370
4 4370
3 4370
6 4370
9 4370
5 4370
2 4370
2 340
0 360
0 269
1 413
2 887
0 187
1 187
2 534
4 1539
1 726
4 257
0 202
37 764
93 764
0 473
0 729
2 729
1 729
1 174
2 593
0 326
4 282
57 59
17 2849
15 2849
22 2849
2 2849
0 225
0 435
0 435
0 522
0 146
8 479
2 399
3 587
0 562
22 788
10 788
30 788
20 788
19 788
1 788
2 788
23 788
16 788
437 473
4 473
7 1528
0 1528
5 1904
4 1904
8 733
0 219
8 2417
136 2417
509 594
8 594
29 594
3 620
2 620
0 476
1 476
2 405
40 1695
1 91
0 91
0 1223
2 1223
3 1223
5 479
0 328
6 1879
9 1879
42 4834
23 4834
14 4834
2 4834
30 4834
9 4834
0 145
706 739
1 336
19 361
3 177
0 413
19 759
0 191
1 191
1 240
9 233
153 177
0 176
2 318
3 807
0 807
6 761
0 446
0 931
1 931
0 1074
7 812
9 287
14 764
2 1043
0 857
1 922
0 558
4 558
0 279
22 173
0 130
32 617
35 617
0 1707
5 1707
2 4275
0 4275
26 4275
3 4275
6 4275
1 1149
0 1149
2 1149
2 2971
5 2971
0 336
290 318
1 1026
1 92
0 92
0 311
0 161
0 774
5 127
0 379
0 400
0 428
3 381
0 562
0 497
0 393
1 279
0 323
5 395
0 223
0 362
18 509
0 2434
9 716
1 388
7 233
0 484
0 484
1 484
16 1075
8 1075
7 1075
9 1075
1 118
0 114
72 844
42 844
18 306
1 1742
2 1742
0 1742
6 441
0 655
82 764
1 509
3226 3737
6 3737
1 3737
0 3737
3 562
225 2181
1 338
1 40
0 379
1 405
0 474
0 98
0 1143
2 368
678 699
0 343
5 126
1 1644
128 1644
13 767
10 767
748 767
1 20
5 310
0 354
1 61
2 297
25 727
3 395
0 1618
0 233
9 381
0 473
212 217
0 152
707 768
0 171
0 567
0 301
0 461
19 788
8 788
32 788
16 788
27 788
0 788
1 788
17 788
15 788
1 405
0 653
1 139
0 324
0 973
0 1386
0 633
8 664
0 1618
3 395
0 295
7 344
3 230
2001 2219
0 385
24 527
4 1926
7 1926
2 548
0 919
1 699
2 472
1 327
0 821
6 821
2 821
1 526
0 567
5 1012
1 1012
10 1012
0 562
9 739
0 266
5 227
0 241
16 635
36 391
0 177
0 407
5 435
21 535
25 527
5 371
5 371
0 240
0 57
9 297
3 262
1 361
31 1312
0 84
2 287
4 509
1 585
0 592
47 812
182 2339
1 290
0 948
1 948
0 448
961 973
1 360
12 389
25 1646
1 2101
2 2101
5 2101
16 2101
36 876
3 472
5 265
10 777
2 502
2 137
7 209
2 144
1 183
0 370
13 135
2 120
9 962
15 721
0 114
2 3218
4 1747
0 231
0 1110
0 153
1 290
1 397
319 325
11 319
5 382
15 5267
3 5267
4 5267
6 5267
18 5267
16 5267
33 5267
21 5267
1 5267
7 5267
0 5267
5 5267
23 5267
12 5267
11 1034
13 1034
4 2191
0 2191
0 247
0 247
1 1416
111 1027
0 319
0 1042
0 384
0 163
0 127
2 484
0 900
0 544
0 265
0 368
0 930
2 2416
1 2416
0 2416
13 919
1 407
0 382
0 247
0 233
2 1183
0 1183
1 1183
1 1185
0 382
0 340
3 3763
0 3763
0 177
1 477
0 141
0 242
2 295
1 295
2 395
597 615
0 308
0 1695
12 511
0 227
1 257
8 2339
1 395
0 359
3 761
2 257
0 176
1 336
0 195
1 365
1 240
1 230
5 196
297 338
8 1116
30 1116
0 1124
0 300
73 1623
826 906
0 57
0 188
0 1057
0 233
0 721
7 318
3 735
665 699
0 446
0 310
0 165
2 465
2 1130
587 679
1 392
315 348
6 1898
5 1898
0 472
3 950
1 950
0 950
7 191
1 1695
0 324
0 282
0 861
8 1695
16 360
1 960
0 388
1 1701
1 453
0 453
0 247
0 461
9 295
1 1042
3 549
293 319
0 1110
1 2517
1 866
0 866
2 141
2 387
43 48
0 1791
17 1791
2 511
2 275
6 286
0 423
4 191
912 950
8 509
0 861
0 364
2 364
1 378
0 3651
0 364
2 364
0 298
2 679
0 654
0 177
588 605
13 392
11 392
0 569
0 43
0 414
1 272
1 327
2 2050
0 2050
1 2050
1 617
0 927
8 1268
0 1268
2 1268
3 1413
6 157
6 317
16 790
723 790
0 812
1 1077
28 584
3 562
7 1360
2 1695
10 405
8 587
6 127
1 1592
2 1592
0 1719
2 1719
1 1719
0 548
1 548
0 195
1 352
0 1043
69 2703
28 2703
98 2703
7 2703
7 1165
9 395
2 1323
0 1323
3 1323
6 1323
1 1323
0 118
0 165
3 663
14 451
22 1536
2 1526
3 1526
6 1526
0 116
4 327
2 587
1 139
0 325
1 1288
0 116
227 240
2 217
701 712
2 1386
31 2339
3 2517
7 381
8 284
0 183
5 295
0 2517
5 2339
419 465
0 247
0 2517
0 55
5 281
4 247
5 1360
0 461
10 3761
0 590
0 594
4 378
4 1539
0 108
40 4338
1412 1552
142 152
0 646
1 306
29 657
0 657
8 1042
397 421
1 1042
6 222
0 1034
0 270
0 1104
0 486
0 502
1 57
21 816
3 2365
2 1074
0 187
0 2236
2 2236
3 2236
1 2236
2 405
19 1110
0 497
1 222
0 120
0 151
0 1392
0 230
72 86
0 78
107 2339
0 9
1 1021
0 318
1 308
0 279
0 762
3 88
2 721
0 1027
1 500
0 89
1 86
145 159
22 733
4 725
0 276
0 497
4 1130
0 456
0 654
0 777
0 53
0 340
460 475
1 142
0 694
0 41
0 90
8 588
13 588
4 588
2 214
0 67
0 588
1 327
0 342
0 588
8 193
1 161
0 90
1 588
4 41
7 322
3 718
1 142
10 567
2 588
8 113
0 120
3 588
5 567
7 588
6 588
2 483
7 588
1 218
25 588
8 282
5 282
9 588
202 218
0 327
21 24
0 274
11 274
0 214
1 142
2 90
85 90
1 228
7 567
0 229
18 567
3 343
213 228
1 327
0 43
9 386
8 694
8 228
0 475
4 588
33 475
10 946
0 475
0 567
3 457
2 327
1 483
3 343
0 116
0 475
2 228
0 342
16 327
15 560
209 229
0 99
3 588
40 43
6 43
0 168
2 141
0 483
0 16
13 588
0 386
15 334
1 588
2 588
3 588
1 588
0 90
10 588
0 271
40 588
10 386
0 67
486 560
18 342
1 454
1 588
1 588
0 211
32 694
26 694
7 228
5 327
546 588
5 752
0 53
0 229
15 588
3 41
1 374
0 334
2 588
4 475
99 110
0 229
0 58
14 588
0 142
141 153
1 334
2 116
109 118
551 588
3 386
3 327
2 142
12 228
140 156
2 588
3 588
1 327
4 343
7 153
62 475
1 588
0 99
0 588
2 588
44 574
0 694
1 90
18 694
0 56
12 560
20 342
3 322
0 752
557 588
290 327
1 193
6 454
0 342
0 67
0 327
5 588
0 229
0 342
0 67
26 2673
0 211
4 483
0 327
10 228
4 33
3 962
0 1539
0 125
0 120
1 80
0 816
0 554
1 176
0 406
0 66
0 473
0 977
0 844
0 290
8 502
2 88
2 275
1 147
5 515
0 1205
4 1403
0 1695
30 605
0 605
9 1347
1 1347
13 1516
0 295
0 473
0 59
2 1021
731 788
3 228
0 1110
1 88
0 768
1 476
1 337
0 340
43 1695
115 127
0 308
1 378
0 241
0 452
0 284
1 1900
0 1900
2 3101
0 3101
0 6
1 218
14 664
0 158
0 423
0 951
3 951
0 623
0 399
2 1577
0 278
1 214
5 2150
0 2150
0 145
0 404
0 1074
1 336
0 362
4 594
0 216
0 439
0 527
3 1386
0 639
28 762
0 625
1 625
0 725
0 395
0 1036
2 1042
1 393
1 1539
1 368
2 1539
10 117
21 632
4 1042
0 518
0 567
1 452
3 1071
0 347
0 303
0 120
25 270
16 2237
11 2237
1 2237
0 2237
2 2237
0 233
1442 1552
0 409
0 1230
2 1230
1 853
0 400
0 126
0 446
13 857
0 973
0 274
1 274
2 3390
40 3390
4 3390
1 3390
0 584
7 890
1 626
5 216
0 1346
0 247
10 287
1 79
0 196
23 191
425 7353
13 7353
79 7353
833 7353
253 7353
32 7353
284 7353
20 7353
65 7353
449 7353
28 7353
231 7353
21 7353
490 7353
6 7353
5 7353
0 141
0 2466
4 2466
2 2466
1 2466
0 1456
116 10604
266 10604
42 10604
75 10604
467 10604
64 10604
69 10604
12 10604
252 10604
175 10604
19 10604
109 10604
28 10604
16 10604
73 10604
32 10604
10 1655
6 1655
0 407
2 1162
10 1162
0 1162
3 1162
1 479
98 623
0 87
0 564
338 391
0 295
0 590
1 508
51 1695
3 47
22 788
12 788
33 788
15 788
25 788
0 788
1 788
13 788
9 788
1 230
0 739
0 436
3 1695
0 247
0 626
22 567
4 115
1 48
0 344
44 684
694 764
1 582
49 1072
15 1862
0 1862
4 369
781 876
1 625
0 233
3 937
0 937
9 937
0 230
1 421
0 272
0 218
3 812
41 826
0 919
0 887
1 1072
99 2339
3 958
1 958
1 1623
1 141
0 792
4 811
1 2330
0 2330
1 247
2 974
11 120
0 182
1 423
0 1967
0 30
2 384
6 549
6 1153
0 497
5 188
1 498
3 157
1 157
3 2339
7 950
1 57
0 135
0 473
0 962
0 448
0 163
0 414
4 1161
0 1161
1 1161
0 117
7 96
2 1403
0 1346
1 139
14 1110
0 473
1 318
0 318
1 700
0 162
3 1967
2 1539
0 1539
0 106
5 5662
3 5662
4 5662
2 5662
0 5662
7 1536
11 1536
4 625
5 2565
1 2565
8 2565
0 2565
10 2565
19 2565
1646 1747
4 384
171 183
7 1249
3 1249
0 87
0 812
1 746
5 2128
0 2128
6 2128
0 473
0 67
1 124
6 178
0 764
2 379
2 2396
0 2396
1 2396
802 890
5 890
11 890
0 38
1 2407
2 2407
3 2407
10 2407
0 735
3 581
0 581
0 385
1 385
3 615
1 139
0 641
6 448
6 1064
0 1064
3 2225
0 89
0 941
0 89
0 1419
1 452
0 80
7 554
0 89
1 1294
5 1294
348 381
79 1948
18 1948
3 1948
0 1948
16 962
0 448
0 352
0 137
0 594
6 1708
0 1708
1 287
0 25
0 816
0 626
0 90
17 2339
0 1536
0 233
55 69
1 319
0 796
1 446
0 527
0 142
0 369
0 153
1 590
0 385
29 413
0 446
1 2395
0 2395
0 404
543 592
5 2163
3 2163
7 2163
2 55
37 191
0 2423
11 2423
1 2423
1 344
1 196
0 452
137 1403
1 1205
0 1205
4 1014
2 294
3 448
84 86
0 395
1 844
0 844
0 303
0 1360
0 812
1 107
0 562
0 479
13 467
1 1733
14 1733
13 1733
1 80
0 739
0 446
201 247
0 389
0 733
1 215
1 295
7 431
0 175
3 130
0 187
4 135
0 284
4 371
2 330
3 1724
1 1724
0 1724
1 549
1 919
46 1139
1 896
0 896
0 437
0 103
0 264
1 261
0 264
0 648
5 1577
0 1501
2 1501
1 1501
77 617
3 1618
0 285
1 504
0 115
47 48
0 247
1 737
0 223
0 509
0 311
36 594
4 477
0 345
0 733
1 789
0 789
0 605
0 1747
0 347
4 1511
2 1511
0 362
4 147
0 307
6 139
4 139
0 382
91 1766
32 788
3 788
14 788
10 788
38 788
0 788
1 788
29 788
4 788
0 694
1 694
302 307
1 174
4 371
1 1077
0 537
3 178
1 103
0 290
4 3159
2 3159
1 3159
3 1331
46 50
0 716
1 508
21 1909
12 1909
26 1909
0 1618
3 1618
0 384
0 384
0 102
0 94
0 585
0 474
471 535
0 261
2 295
0 169
2 148
1 183
3 876
0 733
6 1787
5 1787
1 1787
11 617
0 1553
1 1553
0 504
0 343
1 632
0 127
5 504
82 1083
2 65
2 1144
0 178
0 172
0 240
3 431
13 919
0 498
0 1618
1445 1475
9 368
1 26
14 1965
6 1965
3 1965
0 1965
8 1965
2 1965
0 125
0 175
1 55
1 379
0 229
0 229
0 230
1 1042
0 344
0 323
1 746
21 876
2 479
10 406
2 504
9 171
36 575
656 764
4 1913
1 1913
0 1057
2 269
0 173
0 344
0 772
0 242
1 1695
3 1695
1 382
3 764
0 175
0 94
0 811
0 394
0 1287
0 176
17 139
0 310
0 360
3 230
0 811
1 381
0 1129
6 1129
8 1129
0 638
0 1071
36 1410
15 1410
17 1410
0 811
0 497
0 37
1 285
5 305
2 256
0 360
8 233
1 623
0 1061
1 260
0 452
0 563
1 592
4 144
0 327
0 617
2 337
0 362
5746 5976
47 5976
54 5976
35 5976
20 5976
39 5976
31 5976
90 5976
34 5976
10 1075
1 379
621 661
0 162
1 2517
3 431
3 100
1 1386
1 850
0 511
1 405
1 1102
0 1102
0 370
0 196
1 361
5 841
5 698
0 124
0 290
215 218
0 439
13 229
0 349
0 89
0 360
6 333
4 333
0 526
0 122
0 412
0 196
0 874
0 247
0 896
2 338
0 338
0 142
39 1779
1774 1779
7 1779
1704 1779
0 1238
838 876
28 1853
88 1853
123 1853
0 592
0 564
1 173
0 1539
0 158
0 812
9 584
0 328
1 262
1 816
0 99
3 796
1 404
1 146
1 345
10 464
1 228
2 274
835 919
0 502
0 1110
2 122
8 446
3 518
0 141
0 585
20 561
1 2808
0 1357
19 1416
1 204
0 100
26 563
0 564
0 473
5 1110
0 339
308 327
0 308
5 295
0 587
1 777
2 558
0 149
11 209
0 279
2 962
1 3095
3 3095
2 3095
24 1617
1 1617
12 1617
0 1617
0 318
1 327
6 1767
8 1767
4 1767
0 1767
2 240
2 1071
0 522
0 1618
1 465
0 465
1 465
