8 384
6 375
11 392
0 576
5 576
18 776
17 776
435 511
11 2287
9 2287
3 745
0 745
34 914
5 338
11 448
2 691
3 691
1 183
7 914
19 1155
40 1155
1084 1155
0 1155
2 1155
1 1370
3 1623
38 7389
201 7389
198 7389
8 7389
19 7389
59 7389
68 7389
16 7389
240 7389
155 7389
408 7389
4 2339
2 615
36 1288
4 176
16 1265
4 1265
5 1265
5 150
0 79
0 1983
9 1983
5 1983
35 1983
2 269
5 397
42 1208
18 1208
17 1208
35 1474
10 240
1 448
3 558
3 1113
0 1113
0 79
5 305
20 400
1 388
7 590
1 1483
3 152
3 152
1 796
1495 1536
0 805
6 276
26 328
7 1267
6 1267
25 1267
9 1267
18 1267
25 522
4 198
1 1013
0 1013
141 152
0 1303
2 1008
4 1008
5 327
1 562
8 737
7 737
8 264
6 175
1 44
0 89
7 1913
1 1913
4 1539
12 973
10 855
4 301
6 7645
119 7645
68 7645
18 7645
4 7645
243 7645
216 7645
71 7645
172 7645
9 7645
12 7645
24 7645
135 7645
20 7645
2 7645
8 7645
32 7645
7 7645
70 7645
34 7645
463 9306
8 9306
10 9306
197 9306
19 9306
315 9306
2 9306
157 9306
5 9306
264 9306
3 9306
35 9306
13 9306
327 9306
14 9306
444 9306
461 9306
61 9306
72 3760
167 3760
97 3760
51 3760
54 3760
84 3760
41 3760
98 3760
5 689
5 295
18 1454
15 1454
16 1454
6 1454
1 626
0 203
0 405
0 794
2 794
1 844
647 657
0 1110
11 150
0 1071
0 812
0 812
0 422
10 896
3 395
5 2339
0 135
4 324
0 721
7 79
1 204
0 811
1 368
0 380
0 380
2 384
15 152
1 98
67 68
1 446
0 777
7 777
0 884
874 884
0 1514
819 876
9 348
0 169
16 663
7 663
12 303
7 240
0 441
7 1474
0 733
3 1077
0 404
0 973
0 138
22 1618
5 567
795 876
1 176
0 2150
12 2150
37 876
2 311
11 1597
2 1597
9 1597
3 1597
5 618
2 98
0 184
9 776
10 776
2 497
53 57
9 392
16 670
11 670
13 392
8 511
4 247
0 876
1 344
5 965
25 1539
0 509
3 215
5 176
4 215
2 215
5 1386
2 283
0 764
0 465
0 792
19 10782
41 10782
13 10782
9 10782
63 10782
73 10782
78 10782
69 10782
27 10782
20 10782
67 10782
314 10782
46 10782
118 10782
111 10782
48 10782
60 10782
14 10782
115 10782
24 10782
26 10782
22 10782
89 10782
42 10782
67 10782
49 10782
1 224
13 767
6 144
50 540
5 2510
0 2510
31 269
3 269
0 1269
1 1269
3 919
0 782
1 448
0 931
1 931
1 247
3 89
31 2038
7 2038
2 2038
1 446
18 737
12 1898
7 1898
10 584
6 1360
10 2257
11 2257
4 1695
11 2339
20 1072
2 746
2 746
1 2150
10 2150
34 3410
2 3410
14 3410
3 746
2 2150
15 2150
11 764
4 746
0 456
27 590
12 2449
40 2449
12 191
2 777
0 266
1 1027
7 976
12 976
11 3000
45 3000
12 3000
44 3000
23 3000
10 3000
2 202
0 456
6 777
3 381
0 295
3 186
426 441
1 94
58 68
2 287
6 240
5 142
8 240
2 655
0 1197
6 2831
5 2831
2 2831
1 2831
7 1331
7 4210
35 4210
115 4210
43 4210
66 4210
88 4210
52 4210
2 4210
40 4210
139 4210
224 4210
2 20
3 209
1 677
4 677
1 1547
3 1547
1 888
21 888
0 344
0 413
7 1012
3 1012
6 1012
3 269
3 467
2 504
29 1110
2 585
6 2128
3 2128
5 2128
2 960
1 1483
9 1536
5 1536
5 1110
3 1069
4 1069
14 1069
1 1014
741 811
2 1110
9 423
1 93
168 183
0 384
1 724
8 2375
2 2375
6 2375
0 178
21 788
2 788
8 788
5 788
30 788
0 788
1 788
17 788
4 788
1 203
204 226
0 4949
1 4949
5 4949
34 4949
177 4949
14 4949
42 4949
0 120
46 2150
11 2150
18 2150
1 653
5 689
4 2955
1 2955
26 2955
3 2955
23 2955
2 2955
61 2955
3 1695
0 439
0 439
13 225
2 2163
3 2163
226 13875
79 13875
9 13875
18 13875
20 13875
86 13875
29 13875
27 13875
259 13875
35 13875
13211 13875
198 13875
124 13875
182 13875
28 2339
2 222
0 150
2 1164
5 1164
15 1164
0 2347
1 2347
3 2347
2 2347
1 633
3 384
9 3126
12 3126
44 3126
5 3126
1 3126
14 3126
6 3126
10 1078
5 1078
0 1078
3 267
8 1926
485 526
5 812
10 858
11 5657
4 5657
28 5657
6 5657
24 5657
5 5657
50 5657
105 5657
56 1042
9 423
4 218
4 172
19 1307
976 1021
7 384
2 400
11 240
5 247
1 176
0 247
2 124
2 618
3 247
9 1708
2 1708
1 1708
3 1708
0 762
3 762
3 152
5 371
4 264
0 442
1 442
4 389
45 5642
9 5642
5 5642
237 5642
48 5642
32 5642
27 5642
7 416
6 223
3 86
9 543
7 1403
7 1403
0 679
1 2517
0 87
1 689
2 336
2 89
2 153
12 1403
7 1963
21 1963
5 2002
7 2002
2 2002
9 147
8 147
6 163
246 264
3 1539
237 264
6 590
0 181
195 241
1 465
58 764
24 764
11 764
10 295
0 1652
1 1652
0 1967
2 86
0 1110
3 1183
0 1183
2 1183
0 876
0 389
2 1124
5 1124
2 1014
2 961
3 961
0 961
0 526
0 359
37 1130
0 257
4 1386
12 842
924 1042
0 257
13 2403
60 2403
27 2403
0 106
7 375
6 617
7 270
21 270
7 340
5 327
0 380
5 518
5 587
4 587
1 384
0 424
8 264
41 699
2 1317
7 1317
3 1317
110 120
6 594
0 538
0 603
0 1130
1 344
6 240
0 1241
0 122
9 855
14 1898
13 1898
6 1898
2 1898
13 384
12 17
18 914
0 777
4 163
25 4713
14 4713
4 4713
4592 4713
7 4713
21 4713
0 44
16 2150
17 2150
2 2150
1 2150
11 402
6 266
4 781
3 781
1 781
10 781
21 664
5 689
0 874
1 796
2 796
78 1464
5 1464
10 1464
0 548
3 382
18 233
2 663
7 257
463 506
9 1012
4 257
0 626
0 371
771 782
31 3816
14 3816
5 3816
4 3816
0 3816
28 3816
15 3816
5 340
3 1347
7 1347
0 149
2 554
7 364
6 364
6 295
11 435
20 695
2 1247
1 1247
6 423
10 914
2 265
7 631
9 631
3 186
2 518
164 171
447 511
10 431
0 2308
4 2308
3 2303
13 2303
15 145
7 145
1 145
1 467
5 518
1 405
18 318
8 423
4 324
2 389
4 8726
8 8726
250 8726
20 8726
89 8726
11 8726
294 8726
23 8726
86 8726
65 8726
1 8726
12 8726
14 8726
0 422
1 108
0 456
0 1036
1 1036
17 391
1 344
2 679
2 154
372 397
10 3066
9 3066
85 3066
5 1214
4 1214
34 1595
72 1595
30 764
0 457
0 368
0 376
6 209
2 209
1 1191
0 1191
31 592
8 378
7 141
0 389
1 446
1 264
4 526
20 1110
12277 12734
147 12734
426 12734
176 12734
220 12734
59 12734
12339 12734
70 12734
112 12734
107 12734
37 12734
15 12734
58 12734
55 12734
165 12734
249 12734
82 12734
241 12734
7 203
2 89
0 653
11 295
0 841
0 441
370 384
0 876
37 1264
1220 1264
1257 1264
2 404
0 1483
0 1110
8 590
9 590
257 264
0 107
1 1386
0 148
4 89
6 842
39 461
1 669
2 669
9 737
625 699
7 423
8 737
0 107
0 107
1 148
0 473
24 2629
70 2629
6 2629
20 2629
3 384
3 1589
1 1589
0 1589
2 113
1 2696
3 2696
4 2696
0 774
28 664
125 987
4 987
7 987
7 4344
2 4344
15 4344
23 4344
4 4344
1 4344
3 4344
2 222
5 626
9 1376
5 1376
1 1376
6 1376
6 558
4 680
7 680
11 234
1 177
1 177
5 384
12 441
411 441
1 376
7 1511
9 1511
4 522
14 522
0 169
5 737
27 664
6 479
2 2238
12 2238
18 2238
3 2238
23 1074
9 737
1 762
12 2517
748 788
21 2300
7 2300
0 762
2 618
0 183
23 270
8 558
1 252
14 295
21 1913
35 1913
12 656
17 656
11 656
5 240
1 423
3 764
5 373
7 446
1 357
6 423
1 632
7 590
1 562
9 456
0 9
293 587
1 562
5 1014
0 774
0 404
0 567
1 1407
0 594
1 690
0 690
4 250
1 127
11 295
3 2725
4 2725
2 2725
1 2725
5 2725
0 442
1 442
3 518
1 508
0 269
4 269
0 38
6 6094
4 6094
3 6094
2 6094
9 6094
1 1370
35 2737
21 2737
1277 1409
474 526
9 465
1 339
2 960
0 960
5 382
1 295
0 404
1 431
0 1536
1 615
0 844
0 308
4 504
3 560
1 730
0 730
1 764
1 1701
13 240
1 283
6 596
10 392
3 2339
1 2339
0 303
0 461
522 563
33 438
1 122
0 980
1 980
1 845
0 665
7 378
1 352
4 889
1 889
0 189
0 431
0 751
0 526
17 1955
16 1955
19 1955
11 1955
9 1955
25 1955
13 9453
67 9453
5 9453
20 9453
25 9453
6 9453
18 9453
9 9453
16 9453
8 9453
28 9453
3 9453
15 9453
4 9453
19 9453
6 3604
13 3604
0 3604
3569 3604
1 3604
7 2982
14 2982
16 2982
5 2982
11 2982
2 1152
0 499
0 181
1 181
241 249
2 613
9 395
0 575
1 122
1 1114
2 1114
278 283
277 283
0 241
49 55
7 655
5 1887
11 1887
0 1887
117 7512
47 7512
84 7512
83 7512
21 7512
11 7512
54 7512
148 7512
218 7512
387 7512
161 7512
105 7512
178 7512
559 7512
187 7512
5 328
1 623
0 106
4 82
2 305
1 196
9 151
7 439
1 328
8 2031
3 4370
2 4370
5 4370
1 4370
7 4370
9 4370
6 4370
0 4370
0 340
0 360
1 269
0 413
6 887
1 187
0 187
2 534
4 1539
1 726
229 257
2 202
13 764
5 764
0 473
0 729
2 729
1 729
2 174
2 593
0 326
4 282
58 59
19 2849
24 2849
25 2849
11 2849
1 225
4 435
0 435
1 522
144 146
15 479
1 399
2 587
1 562
732 788
24 788
739 788
731 788
737 788
1 788
0 788
744 788
734 788
434 473
3 473
4 1528
0 1528
0 1904
3 1904
1 733
0 219
152 2417
2260 2417
29 594
13 594
18 594
5 620
3 620
0 476
1 476
2 405
1637 1695
2 91
1 91
1 1223
2 1223
5 1223
6 479
1 328
4 1879
5 1879
74 4834
14 4834
33 4834
40 4834
30 4834
21 4834
7 145
7 739
3 336
18 361
158 177
0 413
717 759
1 191
2 191
1 240
4 233
171 177
0 176
2 318
4 807
2 807
17 761
2 446
0 931
1 931
2 1074
10 812
243 287
45 764
10 1043
1 857
0 922
2 558
6 558
0 279
163 173
1 130
2 617
0 617
2 1707
10 1707
7 4275
2 4275
26 4275
9 4275
10 4275
0 1149
1 1149
4 1149
6 2971
11 2971
0 336
5 318
1 1026
1 92
0 92
1 311
0 161
0 774
9 127
0 379
0 400
1 428
343 381
1 562
5 497
3 393
2 279
3 323
368 395
0 223
1 362
507 509
1 2434
5 716
1 388
13 233
0 484
0 484
1 484
4 1075
8 1075
6 1075
8 1075
2 118
0 114
33 844
38 844
0 306
3 1742
2 1742
0 1742
7 441
0 655
36 764
0 509
3456 3737
5 3737
1 3737
0 3737
1 562
2076 2181
3 338
3 40
1 379
2 405
1 474
1 98
0 1143
12 368
666 699
0 343
11 126
3 1644
1600 1644
0 767
1 767
758 767
1 20
17 310
0 354
3 61
2 297
45 727
17 395
2 1618
0 233
12 381
0 473
196 217
0 152
679 768
1 171
0 567
0 301
0 461
740 788
12 788
741 788
722 788
745 788
1 788
0 788
743 788
23 788
1 405
2 653
119 139
0 324
0 973
3 1386
0 633
12 664
1 1618
12 395
0 295
18 344
3 230
1109 2219
0 385
481 527
15 1926
12 1926
4 548
0 919
4 699
12 472
2 327
0 821
1 821
2 821
0 526
0 567
9 1012
6 1012
5 1012
4 562
21 739
1 266
5 227
0 241
26 635
1 391
1 177
0 407
4 435
2 535
27 527
8 371
8 371
8 240
0 57
276 297
5 262
3 361
15 1312
0 84
4 287
2 509
2 585
0 592
800 812
2177 2339
5 290
0 948
1 948
1 448
967 973
1 360
9 389
49 1646
1 2101
2 2101
3 2101
5 2101
16 876
7 472
2 265
4 777
2 502
1 137
0 209
5 144
1 183
0 370
15 135
2 120
1 962
34 721
0 114
2 3218
2 1747
0 231
2 1110
0 153
0 290
2 397
309 325
5 319
6 382
17 5267
9 5267
1 5267
15 5267
21 5267
13 5267
12 5267
22 5267
2 5267
10 5267
8 5267
0 5267
24 5267
16 5267
0 1034
4 1034
1 2191
2 2191
0 247
0 247
2 1416
77 1027
0 319
0 1042
0 384
0 163
1 127
1 484
1 900
0 544
2 265
0 368
0 930
1 2416
0 2416
4 2416
6 919
2 407
0 382
0 247
2 233
1 1183
0 1183
2 1183
1 1185
0 382
1 340
1 3763
0 3763
5 177
2 477
0 141
3 242
0 295
1 295
5 395
605 615
0 308
0 1695
10 511
0 227
0 257
5 2339
3 395
0 359
6 761
7 257
0 176
2 336
0 195
1 365
7 240
1 230
2 196
20 338
4 1116
11 1116
0 1124
0 300
3 1623
9 906
0 57
0 188
0 1057
0 233
1 721
6 318
4 735
674 699
0 446
0 310
0 165
16 465
0 1130
676 679
3 392
337 348
7 1898
4 1898
0 472
17 950
24 950
10 950
5 191
0 1695
0 324
0 282
0 861
17 1695
327 360
1 960
1 388
0 1701
1 453
0 453
0 247
1 461
15 295
5 1042
7 549
15 319
1 1110
0 2517
1 866
0 866
4 141
2 387
46 48
0 1791
2 1791
1 511
9 275
3 286
0 423
0 191
884 950
22 509
0 861
0 364
4 364
0 378
1 3651
0 364
3 364
0 298
7 679
9 654
2 177
22 605
2 392
4 392
1 569
0 43
2 414
1 272
2 327
2 2050
0 2050
1 2050
0 617
0 927
7 1268
3 1268
4 1268
36 1413
144 157
1 317
10 790
742 790
1 812
20 1077
7 584
7 562
6 1360
2 1695
379 405
546 587
4 127
2 1592
1 1592
0 1719
2 1719
1 1719
1 548
0 548
2 195
1 352
0 1043
17 2703
25 2703
23 2703
28 2703
21 1165
362 395
0 1323
1 1323
2 1323
11 1323
4 1323
0 118
0 165
3 663
11 451
11 1536
5 1526
2 1526
8 1526
0 116
294 327
2 587
1 139
1 325
3 1288
0 116
205 240
0 217
686 712
12 1386
102 2339
0 2517
26 381
7 284
0 183
277 295
1 2517
3 2339
10 465
0 247
0 2517
1 55
1 281
0 247
5 1360
2 461
38 3761
1 590
4 594
4 378
8 1539
2 108
99 4338
1411 1552
3 152
0 646
2 306
22 657
2 657
8 1042
414 421
2 1042
5 222
1 1034
0 270
0 1104
0 486
0 502
1 57
808 816
1 2365
2 1074
0 187
2 2236
4 2236
3 2236
1 2236
3 405
5 1110
11 497
4 222
0 120
0 151
0 1392
0 230
75 86
2 78
101 2339
0 9
2 1021
0 318
2 308
0 279
0 762
2 88
5 721
0 1027
3 500
0 89
5 86
6 159
15 733
13 725
0 276
1 497
7 1130
0 456
1 654
0 777
0 53
0 340
468 475
2 142
0 694
0 41
0 90
51 588
10 588
3 588
1 214
1 67
1 588
1 327
1 342
0 588
9 193
0 161
81 90
4 588
6 41
18 322
2 718
2 142
27 567
3 588
5 113
0 120
4 588
1 567
7 588
16 588
4 483
8 588
1 218
41 588
10 282
10 282
13 588
14 218
4 327
22 24
0 274
5 274
2 214
1 142
4 90
87 90
2 228
9 567
0 229
526 567
4 343
19 228
1 327
0 43
2 386
19 694
207 228
3 475
5 588
429 475
13 946
0 475
0 567
3 457
3 327
5 483
8 343
0 116
0 475
3 228
1 342
308 327
544 560
13 229
0 99
2 588
40 43
7 43
0 168
7 141
0 483
0 16
9 588
0 386
8 334
1 588
2 588
4 588
1 588
0 90
25 588
0 271
562 588
5 386
0 67
512 560
324 342
4 454
2 588
5 588
1 211
30 694
42 694
9 228
3 327
578 588
6 752
1 53
0 229
15 588
6 41
2 374
0 334
0 588
23 475
100 110
0 229
0 58
23 588
1 142
4 153
2 334
2 116
106 118
575 588
11 386
4 327
2 142
8 228
5 156
2 588
4 588
1 327
5 343
142 153
29 475
0 588
2 99
0 588
6 588
547 574
0 694
2 90
14 694
0 56
26 560
4 342
21 322
0 752
563 588
21 327
1 193
12 454
0 342
1 67
1 327
5 588
1 229
0 342
5 67
31 2673
0 211
6 483
2 327
4 228
4 33
6 962
1 1539
0 125
0 120
4 80
1 816
0 554
1 176
1 406
0 66
0 473
0 977
0 844
0 290
10 502
2 88
2 275
2 147
5 515
0 1205
2 1403
0 1695
7 605
1 605
7 1347
5 1347
13 1516
0 295
0 473
0 59
2 1021
741 788
217 228
0 1110
0 88
0 768
2 476
5 337
0 340
61 1695
4 127
0 308
2 378
0 241
0 452
0 284
2 1900
0 1900
2 3101
0 3101
0 6
4 218
10 664
0 158
0 423
3 951
20 951
0 623
0 399
6 1577
0 278
2 214
5 2150
0 2150
0 145
0 404
0 1074
1 336
0 362
3 594
0 216
0 439
0 527
3 1386
1 639
695 762
0 625
1 625
0 725
0 395
0 1036
5 1042
1 393
4 1539
1 368
2 1539
11 117
17 632
3 1042
0 518
0 567
2 452
0 1071
0 347
0 303
0 120
22 270
11 2237
19 2237
1 2237
0 2237
3 2237
0 233
1509 1552
0 409
0 1230
2 1230
3 853
3 400
0 126
0 446
9 857
0 973
0 274
2 274
0 3390
12 3390
10 3390
3 3390
0 584
8 890
1 626
8 216
0 1346
0 247
13 287
67 79
0 196
14 191
224 7353
89 7353
52 7353
7229 7353
204 7353
14 7353
277 7353
81 7353
96 7353
7186 7353
73 7353
166 7353
54 7353
153 7353
24 7353
10 7353
0 141
2 2466
1 2466
3 2466
0 2466
0 1456
47 10604
139 10604
124 10604
26 10604
79 10604
68 10604
42 10604
72 10604
116 10604
91 10604
8 10604
112 10604
61 10604
71 10604
83 10604
54 10604
9 1655
5 1655
0 407
4 1162
6 1162
1 1162
2 1162
1 479
15 623
0 87
2 564
10 391
0 295
0 590
0 508
1692 1695
1 47
721 788
720 788
745 788
717 788
726 788
6 788
2 788
15 788
725 788
1 230
0 739
0 436
4 1695
0 247
1 626
10 567
8 115
2 48
0 344
1 684
58 764
2 582
49 1072
4 1862
2 1862
11 369
31 876
1 625
0 233
2 937
1 937
3 937
0 230
1 421
0 272
1 218
1 812
23 826
0 919
0 887
1 1072
14 2339
0 958
5 958
1 1623
5 141
1 792
1 811
0 2330
1 2330
3 247
5 974
118 120
0 182
0 423
0 1967
0 30
3 384
0 549
12 1153
0 497
1 188
2 498
5 157
1 157
3 2339
4 950
1 57
0 135
2 473
0 962
1 448
0 163
0 414
3 1161
0 1161
2 1161
0 117
0 96
0 1403
0 1346
1 139
62 1110
0 473
1 318
0 318
1 700
0 162
0 1967
4 1539
0 1539
0 106
7 5662
6 5662
3 5662
4 5662
2 5662
5 1536
1449 1536
4 625
12 2565
8 2565
9 2565
4 2565
14 2565
7 2565
1668 1747
6 384
5 183
9 1249
6 1249
0 87
0 812
4 746
8 2128
0 2128
6 2128
0 473
0 67
2 124
5 178
0 764
1 379
2 2396
0 2396
1 2396
14 890
10 890
5 890
0 38
1 2407
3 2407
5 2407
6 2407
0 735
3 581
0 581
0 385
1 385
5 615
1 139
0 641
2 448
1 1064
0 1064
1 2225
2 89
0 941
0 89
0 1419
14 452
3 80
7 554
0 89
4 1294
13 1294
8 381
16 1948
77 1948
26 1948
4 1948
0 962
0 448
0 352
0 137
0 594
2 1708
0 1708
2 287
0 25
2 816
0 626
0 90
24 2339
0 1536
0 233
2 69
1 319
1 796
0 446
0 527
0 142
1 369
1 153
1 590
0 385
29 413
0 446
1 2395
0 2395
0 404
295 592
14 2163
7 2163
20 2163
2 55
181 191
0 2423
2 2423
1 2423
1 344
1 196
0 452
17 1403
1 1205
0 1205
1 1014
2 294
2 448
6 86
0 395
5 844
0 844
0 303
2 1360
0 812
0 107
0 562
1 479
7 467
28 1733
31 1733
27 1733
1 80
0 739
0 446
246 247
0 389
0 733
3 215
4 295
3 431
0 175
5 130
5 187
1 135
1 284
6 371
3 330
4 1724
0 1724
1 1724
2 549
4 919
1074 1139
1 896
0 896
1 437
0 103
0 264
4 261
0 264
0 648
7 1577
0 1501
2 1501
1 1501
583 617
2 1618
0 285
5 504
2 115
46 48
0 247
0 737
0 223
0 509
0 311
12 594
2 477
0 345
1 733
5 789
3 789
0 605
1 1747
0 347
13 1511
8 1511
0 362
7 147
0 307
12 139
7 139
0 382
74 1766
769 788
2 788
12 788
8 788
764 788
0 788
1 788
761 788
5 788
8 694
1 694
10 307
2 174
11 371
1 1077
0 537
11 178
0 103
1 290
4 3159
2 3159
1 3159
5 1331
24 50
0 716
1 508
21 1909
12 1909
26 1909
0 1618
4 1618
0 384
1 384
0 102
0 94
0 585
0 474
491 535
0 261
2 295
1 169
0 148
3 183
4 876
1 733
11 1787
8 1787
5 1787
10 617
0 1553
1 1553
3 504
1 343
0 632
0 127
6 504
82 1083
2 65
2 1144
0 178
5 172
0 240
5 431
12 919
0 498
0 1618
1464 1475
14 368
3 26
6 1965
3 1965
4 1965
0 1965
5 1965
2 1965
9 125
0 175
50 55
1 379
0 229
0 229
0 230
1 1042
0 344
4 323
2 746
38 876
6 479
397 406
2 504
162 171
1 575
9 764
3 1913
1 1913
0 1057
1 269
0 173
2 344
0 772
0 242
3 1695
4 1695
3 382
1 764
0 175
0 94
0 811
0 394
0 1287
0 176
12 139
0 310
0 360
1 230
0 811
1 381
1 1129
24 1129
3 1129
0 638
0 1071
25 1410
20 1410
23 1410
0 811
0 497
2 37
0 285
1 305
2 256
0 360
7 233
1 623
0 1061
0 260
0 452
0 563
4 592
3 144
2 327
0 617
9 337
1 362
5964 5976
59 5976
31 5976
65 5976
71 5976
38 5976
80 5976
60 5976
27 5976
9 1075
1 379
12 661
0 162
1 2517
11 431
2 100
0 1386
3 850
0 511
2 405
1 1102
0 1102
0 370
1 196
1 361
26 841
7 698
0 124
0 290
212 218
0 439
11 229
0 349
2 89
0 360
15 333
9 333
1 526
0 122
0 412
1 196
0 874
0 247
0 896
1 338
2 338
0 142
54 1779
1773 1779
7 1779
1767 1779
0 1238
34 876
32 1853
14 1853
1 1853
0 592
1 564
0 173
3 1539
0 158
0 812
5 584
0 328
4 262
0 816
0 99
20 796
2 404
2 146
1 345
8 464
1 228
5 274
902 919
3 502
0 1110
3 122
5 446
11 518
0 141
3 585
2 561
1 2808
0 1357
18 1416
2 204
1 100
532 563
0 564
0 473
2 1110
0 339
163 327
0 308
6 295
0 587
0 777
3 558
0 149
3 209
0 279
0 962
0 3095
9 3095
4 3095
11 1617
0 1617
9 1617
5 1617
0 318
2 327
1 1767
7 1767
6 1767
2 1767
7 240
2 1071
0 522
0 1618
1 465
0 465
1 465
