0 384
1 375
0 392
1 576
0 576
1 776
0 776
3 511
37 2287
15 2287
11 745
1 745
16 914
1 338
0 448
1 691
0 691
0 183
3 914
25 1155
23 1155
169 1155
52 1155
29 1155
9 1370
4 1623
0 7389
5 7389
41 7389
92 7389
140 7389
30 7389
58 7389
57 7389
25 7389
10 7389
556 7389
0 2339
1 615
4 1288
1 176
8 1265
63 1265
23 1265
1 150
6 79
2 1983
3 1983
33 1983
27 1983
5 269
10 397
2 1208
1 1208
31 1208
44 1474
2 240
0 448
0 558
3 1113
1 1113
0 79
2 305
0 400
0 388
1 590
2 1483
2 152
3 152
0 796
49 1536
1 805
0 276
0 328
1 1267
2 1267
5 1267
14 1267
0 1267
1 522
4 198
34 1013
19 1013
3 152
0 1303
2 1008
1 1008
4 327
1 562
7 737
5 737
4 264
1 175
0 44
0 89
12 1913
8 1913
4 1539
0 973
0 855
0 301
48 7645
164 7645
0 7645
54 7645
199 7645
6 7645
2 7645
10 7645
11 7645
59 7645
77 7645
18 7645
19 7645
16 7645
68 7645
23 7645
51 7645
69 7645
155 7645
58 7645
330 9306
12 9306
50 9306
5 9306
4 9306
85 9306
0 9306
2 9306
6 9306
204 9306
38 9306
3 9306
47 9306
157 9306
1 9306
42 9306
26 9306
54 9306
6 3760
54 3760
1 3760
0 3760
13 3760
16 3760
8 3760
3 3760
2 689
6 295
4 1454
0 1454
2 1454
15 1454
1 626
0 203
0 405
2 794
0 794
0 844
90 657
0 1110
1 150
1 1071
0 812
0 812
1 422
9 896
0 395
4 2339
0 135
11 324
9 721
0 79
3 204
1 811
0 368
0 380
0 380
5 384
2 152
0 98
1 68
19 446
2 777
9 777
3 884
11 884
0 1514
22 876
8 348
0 169
2 663
0 663
1 303
0 240
0 441
23 1474
0 733
10 1077
0 404
1 973
0 138
35 1618
12 567
8 876
1 176
1 2150
25 2150
8 876
11 311
4 1597
16 1597
6 1597
1 1597
2 618
0 98
0 184
1 776
0 776
0 497
4 57
0 392
0 670
4 670
0 392
3 511
0 247
0 876
0 344
11 965
9 1539
1 509
4 215
4 176
4 215
4 215
2 1386
0 283
1 764
0 465
1 792
47 10782
5 10782
32 10782
48 10782
61 10782
82 10782
13 10782
143 10782
101 10782
145 10782
76 10782
83 10782
6 10782
15 10782
34 10782
52 10782
188 10782
45 10782
38 10782
36 10782
33 10782
17 10782
100 10782
0 10782
76 10782
85 10782
0 224
14 767
4 144
48 540
4 2510
61 2510
59 269
11 269
0 1269
1 1269
10 919
2 782
0 448
1 931
0 931
2 247
0 89
0 2038
17 2038
12 2038
2 446
0 737
0 1898
1 1898
33 584
5 1360
5 2257
19 2257
1 1695
1 2339
3 1072
2 746
2 746
2 2150
4 2150
18 3410
1 3410
4 3410
1 746
2 2150
7 2150
0 764
1 746
0 456
2 590
14 2449
0 2449
17 191
5 777
14 266
4 1027
9 976
90 976
27 3000
5 3000
40 3000
105 3000
37 3000
10 3000
2 202
1 456
13 777
3 381
3 295
0 186
1 441
0 94
13 68
1 287
0 240
38 142
0 240
10 655
0 1197
9 2831
6 2831
4 2831
0 2831
2 1331
0 4210
2 4210
66 4210
5 4210
10 4210
31 4210
42 4210
9 4210
3 4210
6 4210
70 4210
2 20
2 209
0 677
2 677
6 1547
5 1547
1 888
0 888
0 344
23 413
20 1012
2 1012
5 1012
0 269
1 467
3 504
33 1110
1 585
2 2128
7 2128
3 2128
2 960
2 1483
8 1536
3 1536
0 1110
2 1069
4 1069
0 1069
1 1014
62 811
0 1110
0 423
0 93
21 183
1 384
0 724
7 2375
4 2375
5 2375
1 178
28 788
8 788
13 788
21 788
33 788
0 788
3 788
31 788
10 788
2 203
6 226
1 4949
22 4949
4 4949
39 4949
44 4949
207 4949
151 4949
0 120
118 2150
8 2150
16 2150
0 653
3 689
21 2955
15 2955
11 2955
16 2955
13 2955
3 2955
8 2955
3 1695
3 439
3 439
0 225
39 2163
38 2163
381 13875
14 13875
242 13875
206 13875
248 13875
109 13875
130 13875
29 13875
379 13875
141 13875
2178 13875
166 13875
57 13875
4 13875
8 2339
2 222
0 150
4 1164
34 1164
42 1164
3 2347
0 2347
1 2347
2 2347
1 633
0 384
58 3126
77 3126
10 3126
41 3126
60 3126
48 3126
73 3126
4 1078
0 1078
27 1078
0 267
0 1926
18 526
1 812
12 858
35 5657
90 5657
61 5657
38 5657
18 5657
83 5657
153 5657
43 5657
1 1042
0 423
1 218
2 172
62 1307
109 1021
0 384
0 400
1 240
1 247
5 176
0 247
1 124
2 618
0 247
17 1708
62 1708
84 1708
52 1708
1 762
0 762
3 152
7 371
0 264
1 442
0 442
0 389
104 5642
27 5642
192 5642
308 5642
108 5642
54 5642
8 5642
3 416
0 223
0 86
12 543
5 1403
1 1403
1 679
1 2517
0 87
43 689
4 336
0 89
0 153
7 1403
0 1963
7 1963
10 2002
23 2002
2 2002
1 147
0 147
10 163
0 264
3 1539
3 264
1 590
0 181
19 241
6 465
75 764
125 764
15 764
12 295
1 1652
2 1652
0 1967
0 86
0 1110
0 1183
2 1183
1 1183
0 876
0 389
0 1124
4 1124
14 1014
0 961
4 961
15 961
0 526
0 359
19 1130
3 257
2 1386
5 842
14 1042
0 257
10 2403
79 2403
12 2403
0 106
1 375
19 617
0 270
0 270
1 340
16 327
0 380
1 518
0 587
2 587
0 384
0 424
0 264
1 699
6 1317
0 1317
13 1317
1 120
7 594
0 538
0 603
21 1130
0 344
0 240
4 1241
0 122
0 855
0 1898
1 1898
0 1898
1 1898
0 384
2 17
3 914
4 777
7 163
8 4713
19 4713
2 4713
547 4713
0 4713
16 4713
0 44
11 2150
39 2150
22 2150
45 2150
0 402
22 266
6 781
8 781
12 781
2 781
3 664
3 689
3 874
0 796
0 796
72 1464
1 1464
4 1464
0 548
0 382
3 233
3 663
14 257
13 506
42 1012
5 257
3 626
0 371
60 782
25 3816
1 3816
7 3816
10 3816
6 3816
5 3816
101 3816
1 340
0 1347
1 1347
0 149
2 554
4 364
23 364
13 295
49 435
2 695
23 1247
44 1247
4 423
2 914
0 265
5 631
3 631
0 186
0 518
3 171
38 511
4 431
12 2308
1 2308
46 2303
7 2303
5 145
3 145
21 145
2 467
6 518
1 405
3 318
1 423
5 324
1 389
60 8726
8 8726
139 8726
32 8726
275 8726
11 8726
190 8726
59 8726
4 8726
3 8726
67 8726
56 8726
127 8726
5 422
2 108
1 456
0 1036
1 1036
20 391
1 344
1 679
2 154
34 397
13 3066
11 3066
10 3066
11 1214
28 1214
6 1595
99 1595
7 764
0 457
0 368
0 376
2 209
2 209
1 1191
0 1191
0 592
1 378
5 141
0 389
0 446
3 264
0 526
4 1110
1334 12734
47 12734
0 12734
250 12734
71 12734
166 12734
1087 12734
142 12734
18 12734
289 12734
220 12734
176 12734
361 12734
303 12734
169 12734
302 12734
375 12734
231 12734
0 203
0 89
4 653
20 295
1 841
0 441
2 384
0 876
60 1264
67 1264
12 1264
0 404
2 1483
0 1110
1 590
1 590
3 264
0 107
19 1386
0 148
0 89
19 842
0 461
2 669
0 669
7 737
1 699
5 423
6 737
0 107
0 107
1 148
0 473
25 2629
18 2629
24 2629
3 2629
0 384
1 1589
3 1589
0 1589
7 113
0 2696
2 2696
47 2696
0 774
5 664
105 987
3 987
0 987
45 4344
17 4344
64 4344
21 4344
20 4344
25 4344
24 4344
3 222
7 626
29 1376
18 1376
21 1376
32 1376
0 558
0 680
5 680
5 234
3 177
3 177
0 384
1 441
15 441
5 376
2 1511
4 1511
7 522
1 522
0 169
6 737
6 664
3 479
0 2238
1 2238
22 2238
16 2238
14 1074
15 737
2 762
2 2517
32 788
0 2300
4 2300
9 762
1 618
0 183
0 270
3 558
0 252
15 295
59 1913
141 1913
4 656
8 656
2 656
0 240
4 423
151 764
0 373
15 446
5 357
9 423
10 632
1 590
1 562
17 456
0 9
293 587
1 562
32 1014
8 774
0 404
6 567
10 1407
3 594
1 690
0 690
0 250
0 127
0 295
39 2725
62 2725
56 2725
60 2725
30 2725
2 442
0 442
1 518
0 508
0 269
2 269
0 38
30 6094
117 6094
91 6094
137 6094
156 6094
3 1370
1 2737
67 2737
53 1409
22 526
17 465
3 339
2 960
1 960
32 382
1 295
0 404
3 431
16 1536
1 615
0 844
1 308
1 504
0 560
2 730
3 730
5 764
11 1701
0 240
15 283
0 596
0 392
5 2339
20 2339
0 303
0 461
26 563
31 438
4 122
28 980
10 980
14 845
2 665
16 378
5 352
7 889
18 889
0 189
4 431
0 751
19 526
3 1955
12 1955
1 1955
18 1955
9 1955
2 1955
376 9453
219 9453
350 9453
114 9453
112 9453
464 9453
36 9453
290 9453
161 9453
367 9453
190 9453
368 9453
146 9453
276 9453
203 9453
32 3604
152 3604
115 3604
625 3604
75 3604
5 2982
18 2982
1 2982
9 2982
29 2982
18 1152
16 499
0 181
1 181
15 249
8 613
12 395
1 575
1 122
3 1114
0 1114
22 283
23 283
7 241
3 55
12 655
5 1887
22 1887
71 1887
2 7512
11 7512
9 7512
12 7512
96 7512
14 7512
3 7512
124 7512
113 7512
236 7512
39 7512
4 7512
17 7512
294 7512
138 7512
4 328
13 623
7 106
7 82
10 305
1 196
20 151
10 439
17 328
22 2031
144 4370
129 4370
104 4370
140 4370
73 4370
101 4370
98 4370
90 4370
6 340
0 360
1 269
3 413
14 887
4 187
11 187
3 534
3 1539
25 726
16 257
4 202
5 764
1 764
0 473
9 729
6 729
8 729
5 174
13 593
1 326
20 282
1 59
15 2849
160 2849
27 2849
123 2849
0 225
17 435
7 435
5 522
4 146
0 479
20 399
2 587
1 562
31 788
21 788
24 788
30 788
29 788
0 788
7 788
36 788
25 788
32 473
31 473
19 1528
2 1528
44 1904
28 1904
10 733
1 219
6 2417
1 2417
73 594
44 594
60 594
7 620
2 620
4 476
25 476
1 405
54 1695
1 91
5 91
0 1223
1 1223
3 1223
3 479
1 328
35 1879
17 1879
10 4834
52 4834
19 4834
0 4834
77 4834
26 4834
0 145
16 739
4 336
27 361
4 177
9 413
28 759
1 191
5 191
30 240
7 233
2 177
3 176
3 318
14 807
29 807
0 761
4 446
1 931
0 931
1 1074
43 812
11 287
12 764
0 1043
5 857
4 922
3 558
15 558
32 279
24 173
10 130
17 617
11 617
23 1707
4 1707
12 4275
29 4275
15 4275
14 4275
37 4275
0 1149
2 1149
6 1149
11 2971
8 2971
2 336
3 318
0 1026
0 92
1 92
0 311
1 161
3 774
4 127
2 379
18 400
1 428
9 381
1 562
1 497
0 393
14 279
0 323
17 395
19 223
0 362
15 509
20 2434
7 716
16 388
11 233
1 484
1 484
1 484
4 1075
3 1075
0 1075
4 1075
9 118
6 114
29 844
35 844
2 306
4 1742
14 1742
6 1742
1 441
0 655
125 764
23 509
311 3737
4 3737
17 3737
12 3737
10 562
265 2181
0 338
0 40
12 379
1 405
1 474
1 98
6 1143
16 368
1 699
4 343
12 126
4 1644
0 1644
6 767
12 767
59 767
7 20
19 310
1 354
0 61
8 297
71 727
0 395
1 1618
2 233
11 381
10 473
18 217
4 152
84 768
14 171
2 567
6 301
5 461
31 788
18 788
26 788
30 788
33 788
0 788
6 788
35 788
22 788
1 405
0 653
13 139
11 324
2 973
4 1386
1 633
11 664
28 1618
0 395
0 295
4 344
4 230
298 2219
0 385
24 527
1 1926
1 1926
6 548
3 919
0 699
2 472
1 327
1 821
8 821
10 821
0 526
22 567
49 1012
17 1012
16 1012
3 562
59 739
9 266
15 227
0 241
10 635
9 391
6 177
10 407
9 435
35 535
18 527
1 371
2 371
1 240
0 57
13 297
0 262
4 361
15 1312
0 84
3 287
1 509
1 585
29 592
19 812
60 2339
14 290
0 948
1 948
10 448
19 973
14 360
1 389
53 1646
11 2101
2 2101
18 2101
30 2101
7 876
11 472
6 265
13 777
43 502
12 137
26 209
4 144
0 183
0 370
18 135
3 120
41 962
19 721
0 114
52 3218
7 1747
0 231
8 1110
0 153
4 290
1 397
4 325
25 319
13 382
143 5267
124 5267
97 5267
80 5267
329 5267
135 5267
204 5267
342 5267
33 5267
31 5267
63 5267
13 5267
92 5267
213 5267
21 1034
0 1034
58 2191
18 2191
21 247
17 247
117 1416
141 1027
11 319
12 1042
17 384
4 163
0 127
1 484
18 900
4 544
26 265
11 368
1 930
36 2416
41 2416
22 2416
33 919
0 407
0 382
0 247
0 233
1 1183
2 1183
0 1183
1 1185
0 382
2 340
2 3763
24 3763
0 177
6 477
0 141
0 242
4 295
6 295
8 395
39 615
4 308
5 1695
28 511
0 227
0 257
5 2339
1 395
0 359
0 761
2 257
0 176
4 336
3 195
1 365
0 240
3 230
6 196
6 338
15 1116
13 1116
10 1124
2 300
6 1623
39 906
1 57
0 188
4 1057
2 233
6 721
4 318
0 735
1 699
3 446
0 310
3 165
12 465
44 1130
32 679
3 392
8 348
0 1898
1 1898
5 472
1 950
0 950
6 950
0 191
18 1695
0 324
3 282
5 861
4 1695
23 360
13 960
8 388
1 1701
0 453
1 453
0 247
5 461
0 295
0 1042
15 549
24 319
10 1110
42 2517
14 866
26 866
10 141
7 387
3 48
1 1791
17 1791
6 511
3 275
9 286
1 423
20 191
18 950
2 509
0 861
3 364
21 364
2 378
20 3651
2 364
14 364
1 298
23 679
6 654
0 177
3 605
20 392
19 392
7 569
0 43
8 414
0 272
10 327
16 2050
15 2050
10 2050
10 617
10 927
18 1268
43 1268
64 1268
10 1413
5 157
6 317
13 790
79 790
0 812
16 1077
26 584
32 562
5 1360
12 1695
40 405
4 587
0 127
33 1592
10 1592
26 1719
13 1719
16 1719
0 548
3 548
4 195
11 352
3 1043
15 2703
19 2703
7 2703
4 2703
6 1165
6 395
5 1323
1 1323
3 1323
14 1323
10 1323
0 118
7 165
22 663
24 451
8 1536
2 1526
8 1526
3 1526
3 116
11 327
3 587
11 139
2 325
36 1288
2 116
23 240
1 217
104 712
8 1386
1 2339
20 2517
18 381
11 284
5 183
18 295
3 2517
57 2339
0 465
1 247
0 2517
0 55
1 281
5 247
9 1360
2 461
37 3761
1 590
11 594
40 378
6 1539
2 108
357 4338
173 1552
2 152
24 646
4 306
0 657
2 657
23 1042
19 421
4 1042
4 222
7 1034
0 270
0 1104
6 486
0 502
0 57
4 816
19 2365
43 1074
1 187
1 2236
2 2236
3 2236
6 2236
1 405
32 1110
2 497
19 222
0 120
0 151
1 1392
0 230
0 86
2 78
92 2339
0 9
1 1021
12 318
5 308
37 279
1 762
0 88
8 721
67 1027
1 500
1 89
4 86
11 159
10 733
13 725
1 276
2 497
6 1130
0 456
3 654
2 777
0 53
3 340
41 475
2 142
0 694
0 41
0 90
3 588
1 588
2 588
0 214
0 67
1 588
1 327
7 342
6 588
2 193
2 161
7 90
4 588
0 41
9 322
2 718
2 142
9 567
11 588
5 113
0 120
0 588
42 567
62 588
0 588
2 483
0 588
6 218
11 588
0 282
0 282
14 588
14 218
0 327
1 24
0 274
5 274
2 214
1 142
0 90
12 90
2 228
15 567
1 229
16 567
2 343
1 228
1 327
1 43
6 386
3 694
11 228
1 475
0 588
18 475
58 946
0 475
0 567
3 457
5 327
4 483
3 343
0 116
0 475
14 228
0 342
7 327
22 560
22 229
0 99
5 588
7 43
7 43
0 168
4 141
13 483
0 16
7 588
5 386
1 334
13 588
11 588
29 588
15 588
0 90
3 588
1 271
3 588
11 386
1 67
42 560
10 342
0 454
3 588
10 588
2 211
15 694
31 694
14 228
20 327
4 588
6 752
0 53
5 229
5 588
3 41
0 374
0 334
20 588
1 475
8 110
0 229
0 58
1 588
0 142
4 153
1 334
1 116
8 118
3 588
7 386
5 327
2 142
15 228
12 156
3 588
1 588
0 327
2 343
4 153
26 475
11 588
0 99
0 588
4 588
36 574
0 694
1 90
23 694
2 56
22 560
6 342
6 322
1 752
3 588
44 327
1 193
8 454
0 342
0 67
0 327
2 588
1 229
0 342
0 67
206 2673
0 211
4 483
0 327
5 228
4 33
12 962
1 1539
0 125
0 120
6 80
1 816
0 554
0 176
0 406
0 66
13 473
0 977
0 844
2 290
14 502
0 88
4 275
2 147
8 515
0 1205
0 1403
0 1695
17 605
5 605
1 1347
0 1347
1 1516
0 295
0 473
0 59
17 1021
2 788
18 228
0 1110
0 88
1 768
2 476
0 337
2 340
50 1695
0 127
2 308
1 378
0 241
17 452
0 284
1 1900
0 1900
3 3101
0 3101
0 6
1 218
7 664
0 158
0 423
5 951
1 951
0 623
0 399
3 1577
0 278
1 214
5 2150
0 2150
0 145
1 404
0 1074
4 336
0 362
6 594
1 216
0 439
2 527
1 1386
1 639
18 762
0 625
1 625
0 725
0 395
0 1036
0 1042
14 393
2 1539
1 368
3 1539
18 117
1 632
2 1042
4 518
12 567
0 452
1 1071
0 347
2 303
0 120
0 270
38 2237
0 2237
7 2237
9 2237
18 2237
0 233
174 1552
0 409
0 1230
3 1230
0 853
2 400
0 126
0 446
17 857
1 973
2 274
1 274
15 3390
65 3390
27 3390
32 3390
0 584
44 890
0 626
3 216
0 1346
0 247
8 287
3 79
0 196
10 191
199 7353
4 7353
74 7353
586 7353
175 7353
36 7353
281 7353
10 7353
1 7353
596 7353
11 7353
38 7353
2 7353
246 7353
5 7353
46 7353
0 141
15 2466
11 2466
0 2466
27 2466
2 1456
112 10604
80 10604
0 10604
81 10604
148 10604
5 10604
200 10604
187 10604
41 10604
123 10604
37 10604
175 10604
137 10604
54 10604
154 10604
298 10604
11 1655
16 1655
0 407
8 1162
21 1162
5 1162
12 1162
3 479
15 623
0 87
2 564
7 391
0 295
9 590
0 508
14 1695
3 47
31 788
19 788
23 788
25 788
30 788
1 788
9 788
26 788
17 788
1 230
0 739
1 436
2 1695
0 247
4 626
0 567
3 115
3 48
0 344
31 684
145 764
5 582
86 1072
31 1862
2 1862
1 369
6 876
1 625
4 233
2 937
0 937
23 937
0 230
1 421
0 272
0 218
5 812
31 826
0 919
9 887
1 1072
110 2339
6 958
1 958
2 1623
0 141
1 792
1 811
7 2330
4 2330
0 247
12 974
1 120
1 182
5 423
3 1967
0 30
0 384
10 549
6 1153
5 497
1 188
22 498
0 157
4 157
2 2339
7 950
1 57
10 135
0 473
0 962
0 448
0 163
0 414
14 1161
4 1161
1 1161
1 117
2 96
0 1403
0 1346
1 139
11 1110
0 473
2 318
0 318
2 700
0 162
20 1967
1 1539
0 1539
0 106
128 5662
90 5662
143 5662
135 5662
162 5662
3 1536
5 1536
6 625
13 2565
8 2565
5 2565
6 2565
4 2565
1 2565
7 1747
0 384
5 183
0 1249
1 1249
0 87
0 812
2 746
1 2128
0 2128
2 2128
0 473
2 67
3 124
32 178
1 764
4 379
2 2396
0 2396
1 2396
9 890
1 890
3 890
0 38
0 2407
2 2407
3 2407
7 2407
2 735
2 581
6 581
16 385
17 385
9 615
0 139
0 641
0 448
7 1064
0 1064
3 2225
0 89
1 941
1 89
0 1419
0 452
0 80
15 554
0 89
0 1294
20 1294
19 381
5 1948
0 1948
2 1948
1 1948
21 962
12 448
0 352
0 137
0 594
6 1708
1 1708
12 287
0 25
0 816
0 626
1 90
35 2339
0 1536
0 233
4 69
0 319
0 796
0 446
0 527
1 142
4 369
0 153
0 590
1 385
24 413
6 446
3 2395
0 2395
7 404
295 592
19 2163
20 2163
25 2163
2 55
29 191
1 2423
7 2423
0 2423
0 344
0 196
0 452
18 1403
1 1205
2 1205
3 1014
0 294
0 448
0 86
0 395
2 844
0 844
1 303
1 1360
0 812
3 107
0 562
2 479
8 467
1 1733
14 1733
7 1733
0 80
2 739
0 446
26 247
0 389
0 733
3 215
2 295
1 431
0 175
0 130
1 187
11 135
1 284
6 371
16 330
20 1724
7 1724
21 1724
4 549
1 919
47 1139
2 896
3 896
9 437
1 103
0 264
2 261
1 264
0 648
6 1577
2 1501
3 1501
1 1501
17 617
1 1618
0 285
4 504
0 115
1 48
0 247
0 737
0 223
0 509
0 311
7 594
2 477
0 345
4 733
3 789
5 789
0 605
24 1747
0 347
1 1511
3 1511
0 362
0 147
0 307
0 139
1 139
0 382
2 1766
32 788
9 788
13 788
21 788
34 788
0 788
2 788
33 788
11 788
1 694
0 694
2 307
1 174
6 371
4 1077
0 537
5 178
0 103
3 290
1 3159
2 3159
0 3159
0 1331
10 50
0 716
0 508
19 1909
23 1909
18 1909
0 1618
0 1618
1 384
1 384
0 102
0 94
1 585
0 474
28 535
0 261
0 295
0 169
0 148
8 183
6 876
3 733
14 1787
3 1787
0 1787
31 617
0 1553
1 1553
4 504
4 343
3 632
0 127
2 504
8 1083
2 65
61 1144
0 178
2 172
29 240
43 431
1 919
7 498
6 1618
3 1475
11 368
2 26
27 1965
68 1965
22 1965
67 1965
23 1965
111 1965
1 125
0 175
5 55
10 379
0 229
1 229
0 230
1 1042
0 344
1 323
1 746
7 876
3 479
8 406
5 504
0 171
38 575
13 764
9 1913
3 1913
5 1057
4 269
1 173
3 344
0 772
0 242
1 1695
2 1695
0 382
4 764
0 175
0 94
0 811
0 394
0 1287
0 176
1 139
0 310
0 360
2 230
0 811
2 381
5 1129
2 1129
13 1129
16 638
0 1071
46 1410
0 1410
1 1410
0 811
0 497
3 37
0 285
0 305
5 256
0 360
7 233
13 623
1 1061
1 260
1 452
0 563
0 592
7 144
17 327
0 617
0 337
0 362
389 5976
56 5976
4 5976
92 5976
180 5976
0 5976
76 5976
41 5976
15 5976
5 1075
4 379
16 661
0 162
19 2517
16 431
1 100
1 1386
35 850
2 511
1 405
0 1102
1 1102
0 370
3 196
1 361
10 841
1 698
0 124
0 290
1 218
4 439
8 229
0 349
0 89
0 360
1 333
1 333
0 526
0 122
0 412
0 196
3 874
1 247
0 896
2 338
4 338
4 142
21 1779
150 1779
7 1779
160 1779
1 1238
10 876
25 1853
24 1853
36 1853
33 592
1 564
1 173
0 1539
0 158
0 812
8 584
2 328
7 262
0 816
0 99
16 796
0 404
1 146
0 345
13 464
4 228
14 274
69 919
0 502
0 1110
2 122
4 446
7 518
0 141
1 585
0 561
1 2808
0 1357
240 1416
3 204
1 100
64 563
6 564
0 473
42 1110
0 339
163 327
4 308
14 295
4 587
0 777
0 558
0 149
12 209
2 279
7 962
18 3095
30 3095
38 3095
24 1617
13 1617
3 1617
5 1617
0 318
0 327
10 1767
19 1767
1 1767
3 1767
1 240
0 1071
0 522
0 1618
2 465
1 465
3 465
