0 384
1 375
0 392
1 576
0 576
1 776
0 776
3 511
35 2287
15 2287
9 745
2 745
17 914
1 338
0 448
1 691
0 691
0 183
3 914
25 1155
23 1155
169 1155
33 1155
29 1155
9 1370
4 1623
0 7389
2 7389
37 7389
88 7389
140 7389
29 7389
53 7389
57 7389
28 7389
11 7389
567 7389
0 2339
1 615
4 1288
0 176
8 1265
63 1265
23 1265
1 150
6 79
1 1983
3 1983
32 1983
29 1983
4 269
11 397
2 1208
1 1208
32 1208
44 1474
2 240
0 448
0 558
3 1113
0 1113
0 79
2 305
0 400
0 388
1 590
1 1483
2 152
3 152
0 796
50 1536
1 805
0 276
0 328
1 1267
2 1267
5 1267
13 1267
0 1267
1 522
4 198
28 1013
19 1013
3 152
0 1303
2 1008
1 1008
4 327
1 562
7 737
5 737
4 264
1 175
0 44
0 89
12 1913
8 1913
4 1539
0 973
0 855
0 301
49 7645
120 7645
0 7645
56 7645
199 7645
6 7645
2 7645
10 7645
11 7645
60 7645
77 7645
18 7645
19 7645
17 7645
71 7645
23 7645
54 7645
73 7645
154 7645
59 7645
318 9306
11 9306
55 9306
6 9306
4 9306
89 9306
0 9306
2 9306
5 9306
210 9306
40 9306
3 9306
49 9306
154 9306
1 9306
46 9306
27 9306
52 9306
6 3760
58 3760
1 3760
0 3760
11 3760
16 3760
8 3760
3 3760
3 689
6 295
4 1454
0 1454
2 1454
15 1454
1 626
0 203
0 405
2 794
0 794
0 844
92 657
0 1110
2 150
1 1071
0 812
0 812
1 422
8 896
0 395
4 2339
0 135
11 324
9 721
0 79
3 204
1 811
0 368
0 380
0 380
5 384
2 152
0 98
1 68
19 446
2 777
9 777
3 884
12 884
0 1514
28 876
8 348
0 169
2 663
0 663
1 303
0 240
0 441
22 1474
0 733
8 1077
0 404
1 973
0 138
35 1618
13 567
7 876
1 176
0 2150
23 2150
9 876
10 311
6 1597
8 1597
5 1597
1 1597
2 618
0 98
0 184
1 776
0 776
0 497
4 57
0 392
0 670
4 670
0 392
3 511
0 247
0 876
0 344
11 965
9 1539
1 509
4 215
3 176
4 215
4 215
2 1386
0 283
1 764
0 465
0 792
52 10782
5 10782
28 10782
53 10782
54 10782
83 10782
11 10782
146 10782
89 10782
122 10782
68 10782
86 10782
6 10782
15 10782
32 10782
51 10782
151 10782
44 10782
35 10782
37 10782
25 10782
17 10782
91 10782
0 10782
68 10782
66 10782
0 224
14 767
4 144
48 540
4 2510
63 2510
56 269
10 269
0 1269
1 1269
10 919
2 782
0 448
1 931
0 931
1 247
0 89
0 2038
17 2038
12 2038
2 446
0 737
0 1898
1 1898
33 584
5 1360
5 2257
24 2257
1 1695
1 2339
3 1072
1 746
2 746
1 2150
4 2150
19 3410
1 3410
3 3410
1 746
2 2150
7 2150
0 764
1 746
0 456
2 590
14 2449
0 2449
18 191
2 777
12 266
3 1027
10 976
94 976
24 3000
5 3000
31 3000
102 3000
30 3000
10 3000
2 202
1 456
11 777
3 381
3 295
0 186
1 441
0 94
11 68
1 287
0 240
38 142
0 240
13 655
0 1197
9 2831
5 2831
4 2831
0 2831
1 1331
0 4210
1 4210
69 4210
5 4210
11 4210
29 4210
42 4210
7 4210
3 4210
6 4210
75 4210
2 20
2 209
0 677
2 677
6 1547
5 1547
1 888
0 888
0 344
23 413
22 1012
1 1012
5 1012
0 269
1 467
3 504
32 1110
1 585
2 2128
5 2128
3 2128
2 960
2 1483
8 1536
3 1536
0 1110
2 1069
4 1069
0 1069
1 1014
63 811
0 1110
0 423
0 93
21 183
1 384
0 724
7 2375
4 2375
6 2375
1 178
25 788
8 788
12 788
17 788
33 788
0 788
2 788
29 788
9 788
2 203
6 226
1 4949
21 4949
4 4949
33 4949
42 4949
208 4949
160 4949
0 120
117 2150
7 2150
13 2150
0 653
3 689
19 2955
15 2955
10 2955
14 2955
16 2955
3 2955
8 2955
4 1695
3 439
3 439
0 225
40 2163
33 2163
402 13875
10 13875
234 13875
177 13875
214 13875
106 13875
127 13875
28 13875
318 13875
141 13875
2177 13875
173 13875
57 13875
3 13875
8 2339
2 222
2 150
4 1164
35 1164
38 1164
3 2347
0 2347
1 2347
2 2347
1 633
0 384
54 3126
68 3126
10 3126
33 3126
49 3126
48 3126
71 3126
4 1078
0 1078
27 1078
0 267
0 1926
16 526
1 812
12 858
32 5657
87 5657
59 5657
39 5657
18 5657
78 5657
158 5657
43 5657
1 1042
0 423
0 218
2 172
61 1307
108 1021
0 384
0 400
1 240
1 247
5 176
0 247
1 124
2 618
0 247
20 1708
58 1708
86 1708
51 1708
0 762
1 762
2 152
7 371
0 264
1 442
0 442
0 389
105 5642
30 5642
190 5642
306 5642
94 5642
53 5642
8 5642
3 416
0 223
0 86
14 543
5 1403
1 1403
1 679
1 2517
0 87
43 689
6 336
0 89
0 153
6 1403
0 1963
9 1963
9 2002
22 2002
2 2002
1 147
0 147
10 163
0 264
3 1539
4 264
1 590
0 181
20 241
6 465
69 764
127 764
15 764
12 295
1 1652
2 1652
0 1967
0 86
0 1110
0 1183
1 1183
2 1183
0 876
0 389
0 1124
5 1124
14 1014
0 961
4 961
14 961
0 526
0 359
19 1130
3 257
2 1386
5 842
13 1042
0 257
10 2403
85 2403
12 2403
0 106
1 375
22 617
0 270
0 270
1 340
15 327
0 380
1 518
0 587
1 587
0 384
0 424
0 264
0 699
3 1317
0 1317
9 1317
1 120
6 594
0 538
0 603
18 1130
0 344
0 240
4 1241
0 122
0 855
0 1898
1 1898
0 1898
1 1898
0 384
3 17
3 914
4 777
8 163
8 4713
17 4713
2 4713
553 4713
0 4713
14 4713
0 44
11 2150
39 2150
20 2150
46 2150
0 402
19 266
5 781
8 781
12 781
1 781
6 664
3 689
3 874
0 796
0 796
72 1464
1 1464
4 1464
0 548
0 382
3 233
2 663
14 257
11 506
38 1012
5 257
3 626
0 371
64 782
18 3816
1 3816
7 3816
10 3816
5 3816
6 3816
97 3816
1 340
0 1347
1 1347
0 149
1 554
5 364
23 364
11 295
49 435
2 695
24 1247
44 1247
3 423
3 914
0 265
5 631
3 631
0 186
0 518
3 171
38 511
4 431
12 2308
1 2308
45 2303
7 2303
5 145
2 145
21 145
1 467
4 518
1 405
3 318
1 423
4 324
1 389
55 8726
8 8726
146 8726
35 8726
240 8726
11 8726
186 8726
57 8726
4 8726
3 8726
59 8726
34 8726
93 8726
4 422
2 108
1 456
0 1036
1 1036
17 391
2 344
1 679
2 154
35 397
13 3066
11 3066
10 3066
10 1214
27 1214
7 1595
93 1595
6 764
0 457
0 368
0 376
2 209
2 209
1 1191
0 1191
0 592
1 378
8 141
0 389
0 446
3 264
0 526
4 1110
1355 12734
46 12734
0 12734
277 12734
74 12734
155 12734
1052 12734
129 12734
18 12734
246 12734
225 12734
171 12734
345 12734
290 12734
165 12734
309 12734
374 12734
226 12734
0 203
0 89
4 653
20 295
1 841
0 441
2 384
0 876
62 1264
71 1264
21 1264
0 404
2 1483
0 1110
1 590
1 590
3 264
0 107
19 1386
0 148
0 89
26 842
0 461
2 669
0 669
5 737
1 699
4 423
1 737
0 107
0 107
1 148
0 473
25 2629
19 2629
22 2629
3 2629
0 384
1 1589
3 1589
0 1589
7 113
0 2696
2 2696
38 2696
0 774
6 664
102 987
3 987
0 987
40 4344
15 4344
58 4344
20 4344
17 4344
23 4344
24 4344
3 222
8 626
31 1376
22 1376
25 1376
32 1376
0 558
0 680
4 680
4 234
4 177
3 177
0 384
1 441
16 441
5 376
2 1511
4 1511
7 522
1 522
0 169
6 737
6 664
3 479
0 2238
2 2238
19 2238
15 2238
13 1074
12 737
2 762
2 2517
25 788
0 2300
4 2300
9 762
1 618
0 183
0 270
3 558
0 252
15 295
60 1913
133 1913
4 656
8 656
2 656
0 240
1 423
147 764
0 373
15 446
5 357
4 423
10 632
1 590
1 562
17 456
0 9
293 587
1 562
33 1014
8 774
0 404
6 567
10 1407
3 594
1 690
0 690
0 250
0 127
0 295
42 2725
65 2725
57 2725
59 2725
30 2725
2 442
0 442
1 518
0 508
1 269
0 269
0 38
31 6094
121 6094
96 6094
145 6094
129 6094
3 1370
1 2737
69 2737
55 1409
23 526
16 465
3 339
2 960
1 960
31 382
1 295
0 404
4 431
15 1536
1 615
0 844
1 308
2 504
0 560
1 730
3 730
5 764
9 1701
0 240
12 283
0 596
0 392
7 2339
18 2339
0 303
0 461
16 563
31 438
2 122
28 980
11 980
15 845
2 665
17 378
6 352
6 889
18 889
0 189
3 431
0 751
19 526
2 1955
11 1955
1 1955
18 1955
12 1955
3 1955
326 9453
221 9453
308 9453
113 9453
114 9453
440 9453
28 9453
243 9453
159 9453
302 9453
199 9453
334 9453
131 9453
210 9453
208 9453
28 3604
137 3604
119 3604
641 3604
76 3604
4 2982
17 2982
1 2982
8 2982
29 2982
19 1152
10 499
0 181
1 181
16 249
8 613
12 395
2 575
1 122
3 1114
0 1114
22 283
23 283
7 241
3 55
15 655
5 1887
21 1887
72 1887
2 7512
11 7512
7 7512
12 7512
74 7512
14 7512
3 7512
114 7512
93 7512
247 7512
37 7512
4 7512
15 7512
262 7512
147 7512
6 328
14 623
7 106
7 82
10 305
1 196
21 151
12 439
14 328
22 2031
148 4370
130 4370
109 4370
145 4370
74 4370
97 4370
100 4370
91 4370
6 340
0 360
1 269
3 413
14 887
3 187
11 187
3 534
3 1539
26 726
15 257
5 202
4 764
1 764
0 473
9 729
7 729
8 729
5 174
11 593
1 326
19 282
1 59
17 2849
162 2849
19 2849
121 2849
0 225
16 435
7 435
4 522
4 146
0 479
21 399
2 587
2 562
32 788
19 788
25 788
31 788
29 788
0 788
7 788
36 788
24 788
32 473
23 473
13 1528
2 1528
48 1904
27 1904
10 733
1 219
6 2417
0 2417
74 594
47 594
55 594
2 620
0 620
4 476
25 476
1 405
53 1695
1 91
5 91
0 1223
1 1223
3 1223
3 479
1 328
39 1879
16 1879
10 4834
54 4834
17 4834
0 4834
81 4834
27 4834
0 145
16 739
4 336
27 361
4 177
9 413
29 759
1 191
5 191
30 240
7 233
2 177
3 176
2 318
14 807
29 807
0 761
4 446
1 931
0 931
1 1074
41 812
11 287
10 764
0 1043
6 857
4 922
3 558
15 558
30 279
23 173
11 130
16 617
5 617
23 1707
4 1707
12 4275
29 4275
16 4275
15 4275
39 4275
0 1149
1 1149
6 1149
11 2971
8 2971
2 336
3 318
0 1026
0 92
1 92
0 311
1 161
4 774
4 127
2 379
19 400
1 428
8 381
1 562
1 497
0 393
15 279
0 323
17 395
20 223
0 362
16 509
22 2434
7 716
17 388
11 233
1 484
0 484
1 484
3 1075
3 1075
0 1075
4 1075
9 118
7 114
27 844
38 844
2 306
4 1742
13 1742
6 1742
1 441
0 655
125 764
23 509
311 3737
3 3737
17 3737
14 3737
11 562
257 2181
0 338
0 40
8 379
1 405
1 474
1 98
5 1143
17 368
1 699
3 343
12 126
4 1644
0 1644
6 767
14 767
64 767
7 20
20 310
1 354
1 61
8 297
71 727
0 395
1 1618
2 233
12 381
10 473
16 217
4 152
50 768
13 171
2 567
5 301
4 461
31 788
15 788
23 788
30 788
32 788
0 788
6 788
34 788
21 788
1 405
0 653
13 139
11 324
2 973
4 1386
1 633
13 664
28 1618
1 395
0 295
4 344
4 230
297 2219
0 385
24 527
1 1926
1 1926
3 548
3 919
0 699
2 472
1 327
1 821
7 821
9 821
0 526
22 567
49 1012
20 1012
16 1012
3 562
59 739
10 266
14 227
0 241
10 635
9 391
7 177
10 407
8 435
32 535
20 527
1 371
2 371
1 240
0 57
13 297
0 262
3 361
15 1312
0 84
2 287
1 509
1 585
27 592
19 812
63 2339
14 290
0 948
1 948
10 448
21 973
9 360
1 389
57 1646
11 2101
2 2101
18 2101
27 2101
9 876
10 472
6 265
13 777
43 502
11 137
26 209
3 144
0 183
0 370
18 135
3 120
41 962
20 721
0 114
44 3218
7 1747
0 231
2 1110
0 153
4 290
1 397
4 325
22 319
15 382
144 5267
121 5267
97 5267
81 5267
327 5267
133 5267
211 5267
337 5267
31 5267
32 5267
65 5267
13 5267
94 5267
212 5267
21 1034
1 1034
58 2191
19 2191
21 247
17 247
120 1416
140 1027
11 319
13 1042
18 384
3 163
0 127
1 484
17 900
2 544
26 265
11 368
1 930
36 2416
40 2416
21 2416
37 919
0 407
0 382
0 247
0 233
0 1183
2 1183
1 1183
1 1185
0 382
2 340
2 3763
24 3763
0 177
5 477
0 141
0 242
4 295
6 295
7 395
27 615
4 308
4 1695
30 511
0 227
0 257
5 2339
1 395
0 359
0 761
3 257
0 176
4 336
3 195
1 365
0 240
2 230
6 196
6 338
15 1116
13 1116
11 1124
2 300
6 1623
39 906
0 57
0 188
4 1057
2 233
4 721
4 318
0 735
0 699
3 446
0 310
3 165
14 465
47 1130
31 679
4 392
8 348
0 1898
1 1898
6 472
1 950
0 950
6 950
0 191
16 1695
0 324
3 282
5 861
4 1695
25 360
11 960
7 388
2 1701
0 453
1 453
0 247
5 461
0 295
0 1042
10 549
25 319
10 1110
38 2517
14 866
25 866
10 141
7 387
4 48
1 1791
13 1791
6 511
3 275
8 286
1 423
17 191
20 950
1 509
0 861
3 364
18 364
2 378
17 3651
2 364
14 364
1 298
22 679
6 654
0 177
4 605
18 392
19 392
7 569
0 43
5 414
0 272
9 327
16 2050
15 2050
11 2050
10 617
9 927
21 1268
42 1268
62 1268
10 1413
5 157
5 317
14 790
84 790
0 812
17 1077
23 584
31 562
5 1360
8 1695
40 405
4 587
0 127
34 1592
11 1592
26 1719
13 1719
17 1719
0 548
3 548
4 195
11 352
3 1043
16 2703
18 2703
6 2703
3 2703
7 1165
6 395
5 1323
1 1323
3 1323
13 1323
9 1323
0 118
7 165
19 663
24 451
8 1536
2 1526
7 1526
3 1526
3 116
12 327
3 587
12 139
2 325
37 1288
2 116
15 240
1 217
102 712
7 1386
1 2339
21 2517
19 381
11 284
5 183
18 295
3 2517
49 2339
0 465
1 247
0 2517
0 55
0 281
5 247
9 1360
2 461
39 3761
1 590
11 594
39 378
6 1539
2 108
322 4338
186 1552
2 152
25 646
4 306
0 657
2 657
20 1042
20 421
4 1042
5 222
7 1034
0 270
0 1104
6 486
0 502
0 57
4 816
17 2365
43 1074
1 187
1 2236
2 2236
3 2236
6 2236
1 405
29 1110
2 497
19 222
0 120
0 151
1 1392
0 230
0 86
2 78
92 2339
0 9
1 1021
10 318
5 308
37 279
1 762
0 88
8 721
66 1027
1 500
1 89
4 86
12 159
10 733
11 725
1 276
2 497
6 1130
0 456
3 654
2 777
0 53
3 340
40 475
2 142
0 694
0 41
0 90
3 588
1 588
3 588
0 214
0 67
0 588
1 327
7 342
6 588
2 193
2 161
8 90
4 588
0 41
9 322
2 718
2 142
9 567
11 588
5 113
0 120
0 588
36 567
60 588
0 588
2 483
0 588
7 218
13 588
0 282
0 282
14 588
14 218
0 327
2 24
0 274
5 274
2 214
1 142
0 90
12 90
2 228
14 567
0 229
16 567
2 343
1 228
1 327
1 43
7 386
2 694
12 228
1 475
0 588
20 475
58 946
0 475
0 567
3 457
5 327
4 483
3 343
0 116
0 475
13 228
0 342
7 327
25 560
20 229
0 99
5 588
8 43
7 43
0 168
4 141
13 483
0 16
6 588
5 386
1 334
12 588
11 588
29 588
15 588
0 90
3 588
1 271
3 588
11 386
1 67
43 560
11 342
0 454
1 588
9 588
3 211
22 694
32 694
14 228
21 327
4 588
6 752
0 53
3 229
5 588
3 41
0 374
0 334
21 588
1 475
8 110
1 229
0 58
1 588
0 142
4 153
1 334
1 116
8 118
3 588
7 386
5 327
2 142
13 228
12 156
3 588
1 588
1 327
2 343
6 153
23 475
11 588
0 99
0 588
3 588
40 574
0 694
1 90
23 694
2 56
25 560
5 342
6 322
1 752
3 588
45 327
1 193
9 454
0 342
0 67
0 327
2 588
1 229
0 342
0 67
204 2673
0 211
4 483
0 327
5 228
4 33
12 962
1 1539
0 125
0 120
6 80
1 816
0 554
0 176
0 406
0 66
13 473
0 977
0 844
2 290
15 502
0 88
4 275
2 147
6 515
0 1205
0 1403
0 1695
18 605
3 605
1 1347
0 1347
1 1516
0 295
0 473
0 59
17 1021
3 788
18 228
0 1110
0 88
1 768
2 476
0 337
2 340
50 1695
0 127
2 308
1 378
0 241
17 452
0 284
1 1900
0 1900
3 3101
0 3101
0 6
0 218
7 664
0 158
0 423
3 951
1 951
0 623
0 399
3 1577
0 278
1 214
5 2150
0 2150
0 145
1 404
0 1074
4 336
0 362
6 594
1 216
0 439
2 527
1 1386
1 639
19 762
0 625
1 625
0 725
0 395
0 1036
0 1042
14 393
1 1539
1 368
3 1539
13 117
1 632
2 1042
5 518
9 567
0 452
1 1071
0 347
2 303
0 120
0 270
40 2237
0 2237
7 2237
9 2237
20 2237
0 233
183 1552
0 409
0 1230
2 1230
0 853
2 400
0 126
0 446
17 857
1 973
2 274
1 274
16 3390
66 3390
28 3390
32 3390
0 584
44 890
0 626
3 216
0 1346
0 247
7 287
3 79
0 196
13 191
222 7353
1 7353
80 7353
605 7353
138 7353
34 7353
284 7353
11 7353
4 7353
598 7353
9 7353
31 7353
2 7353
257 7353
5 7353
41 7353
0 141
7 2466
6 2466
0 2466
25 2466
1 1456
79 10604
76 10604
0 10604
81 10604
137 10604
4 10604
170 10604
186 10604
33 10604
101 10604
26 10604
180 10604
122 10604
60 10604
134 10604
281 10604
12 1655
16 1655
0 407
6 1162
18 1162
5 1162
9 1162
4 479
12 623
0 87
2 564
6 391
0 295
8 590
0 508
14 1695
3 47
34 788
21 788
25 788
27 788
33 788
0 788
8 788
28 788
18 788
1 230
0 739
1 436
2 1695
0 247
2 626
0 567
3 115
3 48
0 344
34 684
144 764
5 582
86 1072
31 1862
2 1862
1 369
5 876
1 625
3 233
2 937
0 937
17 937
0 230
1 421
0 272
0 218
4 812
30 826
0 919
9 887
1 1072
107 2339
7 958
1 958
1 1623
0 141
1 792
1 811
7 2330
3 2330
0 247
11 974
1 120
1 182
5 423
4 1967
0 30
0 384
8 549
10 1153
5 497
1 188
23 498
0 157
4 157
2 2339
4 950
1 57
10 135
0 473
0 962
0 448
0 163
0 414
14 1161
2 1161
1 1161
1 117
2 96
0 1403
0 1346
1 139
9 1110
0 473
2 318
0 318
1 700
0 162
19 1967
2 1539
0 1539
0 106
120 5662
89 5662
145 5662
132 5662
155 5662
4 1536
5 1536
6 625
14 2565
10 2565
4 2565
2 2565
6 2565
0 2565
11 1747
0 384
5 183
0 1249
1 1249
0 87
0 812
3 746
1 2128
0 2128
2 2128
0 473
2 67
3 124
32 178
1 764
4 379
2 2396
0 2396
1 2396
9 890
1 890
3 890
0 38
0 2407
1 2407
3 2407
7 2407
2 735
0 581
3 581
15 385
16 385
9 615
0 139
0 641
0 448
7 1064
0 1064
3 2225
0 89
1 941
1 89
0 1419
1 452
0 80
14 554
0 89
0 1294
25 1294
19 381
6 1948
0 1948
2 1948
1 1948
20 962
12 448
0 352
0 137
0 594
6 1708
0 1708
13 287
0 25
0 816
0 626
1 90
31 2339
0 1536
0 233
4 69
0 319
0 796
0 446
0 527
2 142
4 369
0 153
0 590
1 385
206 413
5 446
3 2395
0 2395
7 404
295 592
17 2163
25 2163
29 2163
3 55
27 191
1 2423
4 2423
0 2423
0 344
0 196
0 452
21 1403
1 1205
2 1205
3 1014
0 294
0 448
0 86
0 395
2 844
0 844
0 303
1 1360
0 812
1 107
0 562
2 479
7 467
0 1733
11 1733
6 1733
0 80
2 739
0 446
30 247
0 389
0 733
4 215
2 295
1 431
0 175
0 130
1 187
11 135
0 284
6 371
16 330
17 1724
6 1724
21 1724
3 549
1 919
44 1139
2 896
3 896
9 437
1 103
0 264
2 261
1 264
0 648
6 1577
1 1501
3 1501
2 1501
14 617
1 1618
0 285
4 504
0 115
1 48
0 247
0 737
0 223
0 509
0 311
2 594
2 477
0 345
4 733
2 789
5 789
0 605
23 1747
0 347
1 1511
2 1511
0 362
0 147
0 307
0 139
1 139
0 382
2 1766
32 788
8 788
11 788
17 788
36 788
0 788
1 788
31 788
9 788
2 694
0 694
2 307
1 174
6 371
3 1077
0 537
5 178
0 103
3 290
1 3159
2 3159
0 3159
0 1331
10 50
0 716
0 508
32 1909
37 1909
21 1909
0 1618
0 1618
1 384
1 384
0 102
0 94
1 585
0 474
29 535
0 261
0 295
0 169
0 148
8 183
5 876
3 733
14 1787
3 1787
0 1787
31 617
0 1553
1 1553
4 504
4 343
3 632
0 127
2 504
7 1083
2 65
61 1144
0 178
2 172
29 240
43 431
1 919
6 498
5 1618
3 1475
11 368
1 26
26 1965
64 1965
23 1965
66 1965
24 1965
111 1965
1 125
0 175
5 55
8 379
0 229
0 229
0 230
1 1042
0 344
1 323
1 746
10 876
3 479
12 406
4 504
0 171
39 575
13 764
8 1913
3 1913
5 1057
4 269
1 173
2 344
0 772
0 242
1 1695
2 1695
0 382
4 764
0 175
0 94
0 811
0 394
0 1287
0 176
1 139
0 310
0 360
2 230
0 811
2 381
4 1129
2 1129
10 1129
13 638
0 1071
9 1410
0 1410
1 1410
0 811
0 497
3 37
0 285
0 305
5 256
0 360
15 233
12 623
1 1061
2 260
1 452
0 563
3 592
6 144
17 327
0 617
0 337
0 362
440 5976
52 5976
5 5976
93 5976
177 5976
0 5976
82 5976
44 5976
15 5976
3 1075
4 379
19 661
0 162
20 2517
16 431
2 100
1 1386
35 850
2 511
1 405
0 1102
1 1102
0 370
3 196
1 361
8 841
1 698
0 124
0 290
1 218
4 439
8 229
0 349
0 89
0 360
1 333
1 333
0 526
0 122
0 412
0 196
3 874
1 247
0 896
1 338
4 338
4 142
26 1779
156 1779
8 1779
127 1779
1 1238
10 876
28 1853
25 1853
37 1853
32 592
1 564
1 173
0 1539
0 158
0 812
8 584
2 328
8 262
0 816
0 99
17 796
0 404
1 146
0 345
10 464
4 228
12 274
78 919
0 502
0 1110
2 122
4 446
6 518
0 141
2 585
0 561
1 2808
0 1357
240 1416
3 204
1 100
65 563
5 564
0 473
40 1110
0 339
163 327
4 308
13 295
3 587
0 777
0 558
0 149
11 209
1 279
6 962
17 3095
31 3095
39 3095
25 1617
13 1617
3 1617
4 1617
0 318
0 327
10 1767
19 1767
1 1767
3 1767
0 240
0 1071
0 522
0 1618
2 465
0 465
3 465
