0 384
1 375
0 392
1 576
0 576
1 776
0 776
6 511
30 2287
10 2287
9 745
4 745
19 914
1 338
0 448
1 691
0 691
0 183
2 914
22 1155
37 1155
155 1155
13 1155
19 1155
7 1370
4 1623
0 7389
3 7389
23 7389
73 7389
122 7389
32 7389
52 7389
45 7389
31 7389
8 7389
624 7389
0 2339
2 615
1 1288
0 176
7 1265
52 1265
20 1265
1 150
2 79
1 1983
3 1983
24 1983
30 1983
4 269
13 397
2 1208
1 1208
33 1208
40 1474
3 240
0 448
0 558
1 1113
0 1113
0 79
4 305
1 400
0 388
1 590
1 1483
2 152
3 152
0 796
39 1536
0 805
0 276
0 328
1 1267
2 1267
7 1267
16 1267
0 1267
1 522
3 198
10 1013
15 1013
3 152
0 1303
2 1008
1 1008
4 327
1 562
7 737
6 737
4 264
1 175
0 44
0 89
11 1913
5 1913
3 1539
0 973
0 855
0 301
53 7645
89 7645
0 7645
44 7645
182 7645
6 7645
2 7645
9 7645
11 7645
56 7645
72 7645
15 7645
19 7645
17 7645
61 7645
24 7645
51 7645
70 7645
150 7645
41 7645
364 9306
7 9306
53 9306
6 9306
4 9306
82 9306
0 9306
2 9306
5 9306
252 9306
34 9306
3 9306
47 9306
172 9306
1 9306
58 9306
31 9306
42 9306
5 3760
72 3760
1 3760
0 3760
8 3760
14 3760
9 3760
3 3760
4 689
4 295
4 1454
0 1454
2 1454
12 1454
1 626
0 203
0 405
2 794
0 794
0 844
131 657
0 1110
0 150
1 1071
0 812
0 812
0 422
8 896
0 395
5 2339
0 135
10 324
8 721
2 79
3 204
1 811
0 368
0 380
0 380
3 384
2 152
0 98
3 68
9 446
2 777
9 777
3 884
18 884
0 1514
39 876
1 348
0 169
2 663
0 663
1 303
0 240
0 441
10 1474
0 733
9 1077
1 404
0 973
0 138
27 1618
10 567
11 876
0 176
0 2150
25 2150
10 876
7 311
7 1597
8 1597
11 1597
2 1597
2 618
0 98
0 184
1 776
0 776
0 497
4 57
0 392
0 670
5 670
0 392
3 511
0 247
0 876
0 344
8 965
10 1539
0 509
4 215
6 176
4 215
4 215
4 1386
0 283
1 764
0 465
0 792
42 10782
4 10782
19 10782
54 10782
50 10782
65 10782
10 10782
112 10782
72 10782
84 10782
62 10782
80 10782
6 10782
13 10782
26 10782
45 10782
114 10782
36 10782
29 10782
32 10782
22 10782
15 10782
96 10782
0 10782
62 10782
53 10782
0 224
15 767
4 144
42 540
3 2510
47 2510
45 269
6 269
0 1269
1 1269
8 919
1 782
0 448
1 931
0 931
0 247
0 89
0 2038
15 2038
10 2038
1 446
0 737
0 1898
1 1898
34 584
8 1360
5 2257
24 2257
1 1695
1 2339
3 1072
1 746
1 746
1 2150
4 2150
19 3410
1 3410
3 3410
2 746
2 2150
5 2150
0 764
1 746
0 456
2 590
13 2449
0 2449
16 191
1 777
9 266
2 1027
6 976
93 976
17 3000
4 3000
32 3000
99 3000
26 3000
10 3000
2 202
1 456
3 777
3 381
2 295
1 186
2 441
0 94
10 68
1 287
0 240
35 142
0 240
10 655
1 1197
7 2831
5 2831
3 2831
0 2831
1 1331
0 4210
1 4210
86 4210
4 4210
9 4210
33 4210
62 4210
7 4210
3 4210
6 4210
74 4210
3 20
2 209
0 677
1 677
5 1547
3 1547
1 888
0 888
0 344
13 413
14 1012
2 1012
16 1012
0 269
1 467
2 504
27 1110
1 585
2 2128
6 2128
4 2128
2 960
1 1483
16 1536
4 1536
1 1110
2 1069
5 1069
0 1069
1 1014
46 811
0 1110
0 423
0 93
7 183
1 384
0 724
4 2375
1 2375
5 2375
1 178
17 788
3 788
10 788
11 788
25 788
0 788
1 788
18 788
7 788
1 203
6 226
1 4949
20 4949
3 4949
25 4949
42 4949
174 4949
144 4949
0 120
110 2150
2 2150
10 2150
0 653
3 689
20 2955
11 2955
9 2955
15 2955
13 2955
3 2955
8 2955
4 1695
3 439
3 439
0 225
31 2163
25 2163
354 13875
10 13875
183 13875
127 13875
140 13875
70 13875
79 13875
18 13875
340 13875
97 13875
2260 13875
142 13875
48 13875
2 13875
8 2339
3 222
3 150
4 1164
27 1164
35 1164
4 2347
0 2347
1 2347
3 2347
1 633
0 384
42 3126
54 3126
6 3126
19 3126
32 3126
33 3126
51 3126
4 1078
0 1078
24 1078
0 267
0 1926
19 526
1 812
12 858
24 5657
60 5657
26 5657
29 5657
8 5657
54 5657
117 5657
38 5657
1 1042
0 423
0 218
2 172
62 1307
118 1021
0 384
0 400
1 240
1 247
5 176
0 247
1 124
2 618
0 247
14 1708
48 1708
59 1708
39 1708
0 762
1 762
2 152
7 371
0 264
1 442
0 442
0 389
91 5642
38 5642
175 5642
263 5642
96 5642
39 5642
8 5642
3 416
0 223
0 86
15 543
3 1403
1 1403
0 679
1 2517
0 87
38 689
7 336
0 89
0 153
5 1403
0 1963
10 1963
6 2002
12 2002
2 2002
3 147
1 147
11 163
0 264
2 1539
6 264
1 590
0 181
22 241
4 465
79 764
122 764
13 764
12 295
1 1652
2 1652
0 1967
0 86
0 1110
1 1183
0 1183
2 1183
0 876
0 389
0 1124
3 1124
12 1014
0 961
4 961
11 961
0 526
0 359
19 1130
3 257
2 1386
4 842
13 1042
0 257
10 2403
63 2403
12 2403
0 106
0 375
27 617
0 270
0 270
1 340
15 327
0 380
1 518
0 587
1 587
0 384
0 424
0 264
0 699
5 1317
0 1317
3 1317
1 120
7 594
0 538
0 603
15 1130
1 344
0 240
3 1241
0 122
0 855
0 1898
1 1898
0 1898
1 1898
0 384
2 17
2 914
3 777
7 163
8 4713
16 4713
1 4713
378 4713
0 4713
12 4713
0 44
8 2150
34 2150
17 2150
34 2150
0 402
19 266
0 781
3 781
6 781
1 781
20 664
2 689
2 874
0 796
0 796
71 1464
1 1464
4 1464
0 548
0 382
3 233
2 663
14 257
6 506
8 1012
4 257
2 626
0 371
62 782
13 3816
1 3816
5 3816
8 3816
3 3816
6 3816
78 3816
0 340
0 1347
1 1347
0 149
1 554
5 364
23 364
15 295
44 435
2 695
25 1247
43 1247
3 423
2 914
0 265
4 631
2 631
0 186
0 518
3 171
47 511
3 431
9 2308
1 2308
48 2303
6 2303
5 145
2 145
18 145
0 467
5 518
1 405
2 318
1 423
3 324
1 389
44 8726
5 8726
159 8726
32 8726
200 8726
10 8726
179 8726
48 8726
4 8726
2 8726
38 8726
33 8726
57 8726
3 422
2 108
0 456
0 1036
1 1036
20 391
0 344
0 679
2 154
37 397
14 3066
9 3066
10 3066
8 1214
23 1214
7 1595
97 1595
20 764
0 457
0 368
0 376
2 209
2 209
2 1191
0 1191
0 592
7 378
11 141
0 389
0 446
2 264
0 526
4 1110
1373 12734
40 12734
0 12734
174 12734
66 12734
102 12734
922 12734
75 12734
14 12734
238 12734
148 12734
138 12734
312 12734
250 12734
143 12734
255 12734
345 12734
214 12734
0 203
0 89
2 653
19 295
0 841
0 441
2 384
0 876
43 1264
94 1264
35 1264
0 404
2 1483
0 1110
1 590
1 590
3 264
0 107
13 1386
0 148
0 89
17 842
1 461
2 669
0 669
8 737
1 699
3 423
3 737
0 107
0 107
1 148
0 473
21 2629
18 2629
9 2629
3 2629
0 384
1 1589
3 1589
0 1589
4 113
0 2696
1 2696
11 2696
0 774
4 664
108 987
1 987
0 987
42 4344
11 4344
40 4344
22 4344
8 4344
20 4344
25 4344
3 222
5 626
36 1376
29 1376
32 1376
37 1376
0 558
0 680
5 680
4 234
5 177
5 177
0 384
1 441
16 441
6 376
2 1511
4 1511
4 522
1 522
0 169
3 737
3 664
4 479
0 2238
1 2238
15 2238
10 2238
15 1074
12 737
1 762
1 2517
25 788
0 2300
4 2300
7 762
1 618
0 183
0 270
3 558
0 252
14 295
32 1913
103 1913
4 656
8 656
1 656
0 240
0 423
133 764
0 373
14 446
5 357
3 423
8 632
1 590
1 562
14 456
0 9
293 587
1 562
31 1014
3 774
0 404
5 567
10 1407
3 594
1 690
0 690
0 250
1 127
0 295
35 2725
54 2725
48 2725
51 2725
24 2725
2 442
0 442
1 518
0 508
1 269
0 269
0 38
27 6094
111 6094
92 6094
127 6094
126 6094
3 1370
1 2737
52 2737
64 1409
20 526
12 465
2 339
2 960
1 960
30 382
1 295
0 404
3 431
12 1536
2 615
0 844
1 308
1 504
0 560
1 730
3 730
2 764
4 1701
1 240
11 283
0 596
0 392
5 2339
15 2339
0 303
0 461
15 563
25 438
0 122
24 980
12 980
12 845
1 665
17 378
5 352
3 889
7 889
0 189
2 431
0 751
17 526
1 1955
9 1955
2 1955
16 1955
11 1955
3 1955
307 9453
224 9453
309 9453
107 9453
104 9453
416 9453
28 9453
237 9453
141 9453
303 9453
197 9453
324 9453
129 9453
204 9453
193 9453
20 3604
86 3604
109 3604
751 3604
57 3604
4 2982
13 2982
1 2982
8 2982
26 2982
15 1152
8 499
0 181
1 181
10 249
9 613
13 395
2 575
0 122
2 1114
0 1114
27 283
26 283
6 241
3 55
12 655
5 1887
15 1887
77 1887
3 7512
9 7512
7 7512
11 7512
59 7512
12 7512
2 7512
129 7512
130 7512
267 7512
37 7512
4 7512
16 7512
20 7512
156 7512
7 328
12 623
7 106
7 82
11 305
1 196
21 151
14 439
13 328
22 2031
138 4370
123 4370
109 4370
136 4370
68 4370
96 4370
99 4370
94 4370
5 340
0 360
1 269
3 413
17 887
3 187
11 187
3 534
1 1539
26 726
14 257
5 202
2 764
1 764
0 473
9 729
5 729
8 729
4 174
11 593
1 326
9 282
1 59
6 2849
149 2849
18 2849
109 2849
0 225
15 435
5 435
2 522
4 146
0 479
20 399
2 587
1 562
33 788
16 788
22 788
30 788
28 788
0 788
7 788
36 788
21 788
35 473
23 473
9 1528
1 1528
53 1904
25 1904
9 733
1 219
8 2417
0 2417
72 594
43 594
53 594
1 620
0 620
3 476
23 476
1 405
40 1695
1 91
5 91
0 1223
1 1223
3 1223
4 479
1 328
34 1879
12 1879
10 4834
48 4834
17 4834
0 4834
85 4834
27 4834
0 145
17 739
5 336
23 361
5 177
9 413
36 759
1 191
5 191
28 240
7 233
2 177
1 176
1 318
10 807
23 807
0 761
4 446
1 931
0 931
0 1074
31 812
10 287
9 764
0 1043
5 857
2 922
3 558
16 558
22 279
25 173
7 130
2 617
3 617
19 1707
4 1707
12 4275
20 4275
10 4275
7 4275
27 4275
1 1149
0 1149
4 1149
6 2971
4 2971
2 336
3 318
0 1026
0 92
1 92
0 311
0 161
2 774
4 127
1 379
18 400
2 428
8 381
0 562
1 497
0 393
11 279
0 323
12 395
18 223
0 362
16 509
22 2434
7 716
13 388
11 233
1 484
0 484
1 484
6 1075
3 1075
0 1075
5 1075
7 118
5 114
32 844
30 844
2 306
1 1742
6 1742
3 1742
0 441
0 655
113 764
20 509
318 3737
2 3737
15 3737
11 3737
14 562
270 2181
0 338
0 40
4 379
1 405
1 474
0 98
1 1143
15 368
2 699
3 343
11 126
4 1644
0 1644
5 767
12 767
60 767
7 20
15 310
4 354
0 61
7 297
65 727
0 395
0 1618
2 233
9 381
9 473
16 217
3 152
79 768
12 171
2 567
4 301
1 461
29 788
10 788
18 788
24 788
30 788
0 788
4 788
32 788
15 788
1 405
0 653
13 139
9 324
2 973
3 1386
0 633
11 664
25 1618
0 395
0 295
3 344
4 230
297 2219
0 385
24 527
1 1926
2 1926
5 548
1 919
0 699
3 472
1 327
1 821
5 821
4 821
0 526
20 567
42 1012
12 1012
9 1012
3 562
60 739
4 266
12 227
0 241
8 635
7 391
7 177
8 407
6 435
30 535
17 527
0 371
1 371
1 240
0 57
19 297
0 262
1 361
14 1312
0 84
3 287
0 509
1 585
20 592
28 812
65 2339
12 290
0 948
1 948
7 448
33 973
8 360
1 389
62 1646
10 2101
2 2101
15 2101
18 2101
6 876
8 472
4 265
12 777
43 502
11 137
22 209
3 144
0 183
0 370
18 135
3 120
42 962
18 721
0 114
23 3218
7 1747
0 231
0 1110
0 153
2 290
1 397
4 325
23 319
13 382
129 5267
104 5267
77 5267
66 5267
297 5267
121 5267
196 5267
309 5267
29 5267
28 5267
44 5267
13 5267
79 5267
197 5267
15 1034
0 1034
53 2191
15 2191
22 247
16 247
112 1416
140 1027
11 319
12 1042
19 384
4 163
1 127
1 484
16 900
2 544
27 265
9 368
1 930
20 2416
19 2416
8 2416
36 919
0 407
0 382
0 247
0 233
1 1183
2 1183
0 1183
1 1185
0 382
2 340
2 3763
17 3763
0 177
3 477
0 141
0 242
3 295
5 295
5 395
48 615
3 308
2 1695
20 511
1 227
0 257
5 2339
1 395
0 359
0 761
2 257
0 176
3 336
1 195
0 365
0 240
2 230
6 196
5 338
12 1116
11 1116
12 1124
2 300
6 1623
39 906
0 57
0 188
2 1057
2 233
2 721
4 318
0 735
0 699
3 446
0 310
2 165
7 465
40 1130
48 679
4 392
8 348
0 1898
1 1898
7 472
1 950
0 950
6 950
0 191
13 1695
0 324
1 282
4 861
4 1695
27 360
8 960
3 388
1 1701
0 453
1 453
0 247
4 461
0 295
0 1042
12 549
20 319
6 1110
18 2517
10 866
19 866
10 141
6 387
2 48
1 1791
6 1791
6 511
2 275
9 286
1 423
0 191
12 950
1 509
0 861
1 364
17 364
0 378
14 3651
1 364
10 364
0 298
8 679
5 654
0 177
3 605
18 392
20 392
7 569
0 43
5 414
0 272
5 327
11 2050
6 2050
3 2050
8 617
8 927
22 1268
34 1268
52 1268
12 1413
78 157
5 317
15 790
394 790
0 812
16 1077
26 584
35 562
10 1360
4 1695
40 405
3 587
0 127
30 1592
10 1592
23 1719
12 1719
14 1719
0 548
3 548
4 195
5 352
2 1043
11 2703
19 2703
4 2703
3 2703
11 1165
4 395
3 1323
0 1323
2 1323
11 1323
8 1323
0 118
4 165
7 663
14 451
10 1536
1 1526
0 1526
4 1526
2 116
13 327
2 587
3 139
2 325
36 1288
2 116
12 240
1 217
107 712
9 1386
0 2339
23 2517
17 381
10 284
0 183
16 295
3 2517
18 2339
0 465
1 247
0 2517
0 55
2 281
1 247
18 1360
2 461
44 3761
1 590
10 594
35 378
9 1539
2 108
325 4338
183 1552
2 152
24 646
3 306
0 657
1 657
21 1042
28 421
4 1042
4 222
4 1034
0 270
0 1104
3 486
0 502
0 57
4 816
15 2365
41 1074
1 187
1 2236
2 2236
3 2236
4 2236
2 405
28 1110
2 497
17 222
0 120
0 151
1 1392
0 230
0 86
3 78
118 2339
0 9
1 1021
10 318
4 308
35 279
1 762
0 88
9 721
57 1027
1 500
1 89
4 86
12 159
11 733
18 725
1 276
2 497
5 1130
0 456
2 654
1 777
0 53
2 340
42 475
2 142
0 694
0 41
0 90
7 588
1 588
3 588
0 214
0 67
0 588
1 327
5 342
3 588
2 193
2 161
7 90
2 588
0 41
12 322
3 718
1 142
9 567
11 588
5 113
0 120
0 588
27 567
60 588
0 588
3 483
0 588
5 218
14 588
0 282
0 282
12 588
13 218
0 327
2 24
0 274
2 274
2 214
1 142
0 90
12 90
2 228
8 567
0 229
14 567
1 343
1 228
1 327
1 43
4 386
2 694
14 228
1 475
0 588
18 475
46 946
0 475
0 567
1 457
3 327
4 483
3 343
0 116
0 475
12 228
0 342
6 327
26 560
15 229
0 99
4 588
8 43
7 43
0 168
4 141
10 483
0 16
2 588
2 386
1 334
8 588
7 588
27 588
10 588
0 90
3 588
1 271
3 588
11 386
0 67
37 560
13 342
0 454
1 588
10 588
2 211
15 694
24 694
12 228
21 327
3 588
7 752
0 53
3 229
3 588
3 41
0 374
0 334
23 588
1 475
7 110
0 229
0 58
1 588
0 142
6 153
1 334
1 116
8 118
3 588
7 386
3 327
1 142
16 228
13 156
3 588
1 588
1 327
3 343
6 153
26 475
11 588
0 99
0 588
2 588
36 574
0 694
1 90
26 694
2 56
24 560
6 342
10 322
1 752
2 588
44 327
0 193
9 454
0 342
0 67
0 327
2 588
1 229
0 342
0 67
176 2673
0 211
3 483
0 327
3 228
4 33
5 962
1 1539
0 125
0 120
6 80
1 816
0 554
1 176
0 406
0 66
3 473
0 977
0 844
2 290
12 502
0 88
3 275
2 147
5 515
0 1205
0 1403
0 1695
19 605
3 605
1 1347
0 1347
1 1516
0 295
0 473
0 59
14 1021
3 788
17 228
0 1110
0 88
0 768
2 476
0 337
0 340
50 1695
0 127
3 308
1 378
0 241
15 452
0 284
2 1900
0 1900
1 3101
0 3101
0 6
4 218
8 664
0 158
0 423
3 951
1 951
0 623
0 399
2 1577
0 278
1 214
4 2150
0 2150
0 145
1 404
0 1074
4 336
0 362
5 594
0 216
0 439
1 527
1 1386
1 639
18 762
0 625
1 625
0 725
0 395
0 1036
0 1042
13 393
1 1539
1 368
2 1539
17 117
5 632
1 1042
3 518
5 567
0 452
1 1071
0 347
0 303
0 120
0 270
29 2237
0 2237
6 2237
4 2237
18 2237
0 233
236 1552
0 409
0 1230
2 1230
0 853
2 400
0 126
0 446
18 857
0 973
2 274
1 274
10 3390
45 3390
22 3390
30 3390
0 584
48 890
0 626
2 216
0 1346
0 247
8 287
3 79
0 196
17 191
95 7353
3 7353
78 7353
361 7353
166 7353
35 7353
264 7353
14 7353
4 7353
690 7353
7 7353
21 7353
1 7353
284 7353
6 7353
39 7353
0 141
4 2466
7 2466
0 2466
10 2466
1 1456
58 10604
73 10604
0 10604
49 10604
45 10604
3 10604
115 10604
127 10604
37 10604
74 10604
14 10604
160 10604
86 10604
46 10604
91 10604
174 10604
11 1655
16 1655
0 407
6 1162
18 1162
4 1162
7 1162
4 479
19 623
0 87
1 564
6 391
0 295
7 590
0 508
18 1695
3 47
29 788
20 788
28 788
24 788
31 788
0 788
3 788
23 788
17 788
1 230
0 739
0 436
2 1695
0 247
2 626
1 567
3 115
3 48
0 344
28 684
94 764
3 582
88 1072
27 1862
1 1862
1 369
9 876
1 625
1 233
4 937
2 937
16 937
0 230
1 421
0 272
0 218
2 812
30 826
0 919
9 887
1 1072
106 2339
6 958
1 958
0 1623
0 141
0 792
1 811
4 2330
1 2330
1 247
10 974
1 120
1 182
4 423
0 1967
0 30
0 384
5 549
19 1153
4 497
2 188
19 498
0 157
3 157
2 2339
3 950
1 57
8 135
0 473
0 962
0 448
0 163
0 414
14 1161
1 1161
3 1161
1 117
2 96
0 1403
0 1346
1 139
14 1110
0 473
2 318
0 318
1 700
0 162
14 1967
2 1539
0 1539
0 106
98 5662
59 5662
115 5662
108 5662
121 5662
4 1536
6 1536
6 625
19 2565
11 2565
12 2565
2 2565
14 2565
4 2565
15 1747
2 384
1 183
0 1249
1 1249
0 87
0 812
3 746
1 2128
0 2128
2 2128
0 473
2 67
3 124
28 178
0 764
2 379
1 2396
0 2396
2 2396
11 890
1 890
3 890
0 38
0 2407
3 2407
2 2407
7 2407
1 735
0 581
2 581
12 385
15 385
11 615
0 139
0 641
0 448
4 1064
0 1064
4 2225
0 89
1 941
0 89
0 1419
6 452
0 80
10 554
0 89
0 1294
21 1294
16 381
5 1948
2 1948
0 1948
1 1948
10 962
9 448
0 352
0 137
0 594
4 1708
0 1708
12 287
0 25
0 816
0 626
0 90
27 2339
0 1536
0 233
5 69
0 319
0 796
0 446
0 527
2 142
1 369
0 153
0 590
0 385
206 413
3 446
1 2395
0 2395
5 404
295 592
24 2163
20 2163
31 2163
3 55
18 191
1 2423
2 2423
0 2423
0 344
0 196
0 452
28 1403
1 1205
2 1205
3 1014
0 294
0 448
0 86
0 395
1 844
0 844
0 303
6 1360
0 812
0 107
0 562
2 479
5 467
2 1733
25 1733
7 1733
0 80
3 739
0 446
33 247
0 389
0 733
3 215
2 295
2 431
0 175
0 130
1 187
6 135
0 284
6 371
14 330
11 1724
4 1724
14 1724
2 549
1 919
35 1139
3 896
2 896
8 437
0 103
0 264
2 261
1 264
0 648
6 1577
1 1501
3 1501
2 1501
26 617
1 1618
0 285
3 504
0 115
1 48
0 247
0 737
0 223
0 509
0 311
4 594
2 477
0 345
4 733
3 789
1 789
0 605
17 1747
0 347
1 1511
2 1511
0 362
1 147
0 307
2 139
1 139
0 382
2 1766
35 788
3 788
9 788
11 788
36 788
0 788
1 788
30 788
5 788
4 694
0 694
2 307
1 174
6 371
0 1077
0 537
5 178
0 103
3 290
1 3159
2 3159
0 3159
0 1331
24 50
0 716
0 508
28 1909
28 1909
28 1909
0 1618
0 1618
1 384
1 384
0 102
0 94
1 585
0 474
34 535
0 261
0 295
0 169
0 148
8 183
4 876
3 733
11 1787
3 1787
0 1787
19 617
0 1553
2 1553
2 504
3 343
3 632
0 127
2 504
1 1083
2 65
58 1144
0 178
2 172
27 240
44 431
1 919
2 498
1 1618
4 1475
10 368
3 26
20 1965
59 1965
22 1965
60 1965
17 1965
103 1965
1 125
0 175
5 55
4 379
0 229
0 229
0 230
1 1042
0 344
4 323
1 746
11 876
3 479
20 406
4 504
1 171
29 575
9 764
7 1913
2 1913
3 1057
4 269
1 173
2 344
0 772
0 242
1 1695
2 1695
0 382
3 764
0 175
0 94
1 811
0 394
0 1287
0 176
1 139
0 310
0 360
2 230
1 811
2 381
3 1129
4 1129
6 1129
4 638
0 1071
6 1410
1 1410
0 1410
0 811
0 497
3 37
0 285
0 305
5 256
0 360
116 233
13 623
1 1061
2 260
0 452
0 563
3 592
6 144
12 327
0 617
0 337
0 362
403 5976
53 5976
2 5976
123 5976
148 5976
0 5976
125 5976
46 5976
15 5976
10 1075
4 379
22 661
0 162
16 2517
14 431
0 100
1 1386
29 850
2 511
1 405
0 1102
1 1102
0 370
2 196
1 361
10 841
0 698
0 124
0 290
1 218
3 439
10 229
0 349
0 89
0 360
7 333
7 333
0 526
0 122
0 412
0 196
1 874
0 247
0 896
1 338
2 338
4 142
34 1779
168 1779
8 1779
147 1779
1 1238
12 876
19 1853
18 1853
29 1853
30 592
3 564
1 173
0 1539
0 158
0 812
5 584
2 328
8 262
0 816
0 99
9 796
0 404
0 146
1 345
5 464
3 228
14 274
459 919
0 502
0 1110
2 122
4 446
4 518
0 141
1 585
0 561
1 2808
0 1357
230 1416
3 204
1 100
62 563
1 564
0 473
37 1110
0 339
163 327
4 308
8 295
3 587
0 777
0 558
1 149
12 209
1 279
5 962
14 3095
25 3095
37 3095
14 1617
8 1617
2 1617
4 1617
0 318
0 327
5 1767
16 1767
1 1767
2 1767
0 240
0 1071
0 522
0 1618
1 465
0 465
2 465
