0 384
1 375
0 392
1 576
0 576
1 776
0 776
3 511
32 2287
16 2287
13 745
0 745
17 914
1 338
0 448
1 691
0 691
0 183
3 914
22 1155
23 1155
161 1155
49 1155
29 1155
8 1370
4 1623
0 7389
6 7389
42 7389
95 7389
138 7389
33 7389
53 7389
52 7389
24 7389
10 7389
537 7389
0 2339
1 615
4 1288
1 176
6 1265
60 1265
18 1265
1 150
6 79
2 1983
3 1983
25 1983
28 1983
6 269
7 397
2 1208
1 1208
29 1208
44 1474
2 240
0 448
0 558
3 1113
1 1113
0 79
2 305
0 400
1 388
1 590
1 1483
4 152
4 152
0 796
41 1536
1 805
0 276
0 328
1 1267
2 1267
5 1267
14 1267
0 1267
0 522
4 198
33 1013
16 1013
3 152
0 1303
2 1008
0 1008
4 327
0 562
7 737
6 737
3 264
1 175
0 44
0 89
11 1913
8 1913
4 1539
0 973
0 855
0 301
41 7645
145 7645
1 7645
47 7645
194 7645
7 7645
2 7645
9 7645
11 7645
51 7645
75 7645
18 7645
17 7645
16 7645
71 7645
22 7645
48 7645
63 7645
149 7645
56 7645
289 9306
12 9306
78 9306
6 9306
4 9306
82 9306
0 9306
2 9306
8 9306
150 9306
31 9306
3 9306
48 9306
217 9306
1 9306
45 9306
22 9306
74 9306
6 3760
52 3760
1 3760
0 3760
11 3760
16 3760
5 3760
3 3760
1 689
12 295
3 1454
0 1454
2 1454
19 1454
0 626
0 203
0 405
2 794
0 794
0 844
88 657
0 1110
1 150
1 1071
0 812
0 812
1 422
9 896
0 395
5 2339
2 135
8 324
9 721
1 79
2 204
1 811
0 368
0 380
0 380
5 384
2 152
0 98
1 68
16 446
2 777
8 777
2 884
11 884
0 1514
21 876
11 348
0 169
2 663
0 663
1 303
0 240
0 441
24 1474
0 733
6 1077
0 404
1 973
0 138
32 1618
13 567
5 876
1 176
0 2150
36 2150
7 876
11 311
3 1597
19 1597
7 1597
1 1597
2 618
0 98
0 184
1 776
0 776
0 497
4 57
0 392
0 670
4 670
0 392
3 511
0 247
0 876
0 344
11 965
6 1539
0 509
4 215
3 176
4 215
4 215
3 1386
0 283
2 764
0 465
1 792
45 10782
5 10782
26 10782
38 10782
71 10782
67 10782
9 10782
142 10782
99 10782
144 10782
74 10782
83 10782
6 10782
14 10782
43 10782
49 10782
275 10782
61 10782
46 10782
42 10782
41 10782
19 10782
80 10782
0 10782
74 10782
96 10782
0 224
19 767
4 144
46 540
5 2510
57 2510
58 269
10 269
0 1269
1 1269
5 919
2 782
0 448
1 931
0 931
1 247
0 89
0 2038
16 2038
11 2038
2 446
0 737
0 1898
1 1898
33 584
6 1360
5 2257
18 2257
1 1695
1 2339
3 1072
1 746
2 746
1 2150
5 2150
23 3410
1 3410
4 3410
1 746
2 2150
7 2150
2 764
1 746
0 456
2 590
11 2449
0 2449
19 191
9 777
12 266
5 1027
12 976
99 976
44 3000
4 3000
58 3000
95 3000
68 3000
9 3000
2 202
1 456
14 777
3 381
3 295
0 186
1 441
0 94
11 68
1 287
0 240
38 142
0 240
9 655
0 1197
9 2831
5 2831
3 2831
0 2831
2 1331
0 4210
2 4210
55 4210
5 4210
10 4210
31 4210
36 4210
8 4210
3 4210
6 4210
66 4210
2 20
2 209
0 677
3 677
6 1547
7 1547
1 888
0 888
0 344
26 413
27 1012
7 1012
11 1012
0 269
1 467
3 504
34 1110
1 585
2 2128
5 2128
3 2128
2 960
1 1483
6 1536
3 1536
0 1110
2 1069
5 1069
0 1069
1 1014
67 811
0 1110
0 423
0 93
23 183
1 384
0 724
10 2375
4 2375
5 2375
1 178
29 788
10 788
16 788
22 788
34 788
0 788
5 788
30 788
12 788
3 203
6 226
1 4949
20 4949
3 4949
30 4949
49 4949
196 4949
150 4949
0 120
105 2150
8 2150
16 2150
0 653
3 689
18 2955
19 2955
12 2955
13 2955
10 2955
2 2955
8 2955
3 1695
3 439
3 439
0 225
35 2163
34 2163
359 13875
23 13875
289 13875
172 13875
315 13875
108 13875
126 13875
30 13875
384 13875
136 13875
2222 13875
165 13875
51 13875
4 13875
8 2339
2 222
0 150
4 1164
33 1164
62 1164
3 2347
0 2347
1 2347
2 2347
1 633
0 384
62 3126
73 3126
10 3126
43 3126
51 3126
54 3126
77 3126
4 1078
0 1078
24 1078
0 267
0 1926
16 526
1 812
11 858
31 5657
81 5657
62 5657
56 5657
18 5657
92 5657
136 5657
37 5657
1 1042
0 423
0 218
2 172
49 1307
108 1021
0 384
0 400
1 240
1 247
5 176
0 247
1 124
2 618
0 247
12 1708
54 1708
65 1708
40 1708
0 762
1 762
3 152
4 371
0 264
1 442
0 442
0 389
93 5642
31 5642
232 5642
300 5642
110 5642
46 5642
8 5642
3 416
0 223
0 86
11 543
5 1403
3 1403
1 679
1 2517
0 87
43 689
7 336
0 89
0 153
7 1403
0 1963
7 1963
13 2002
23 2002
2 2002
0 147
0 147
11 163
0 264
4 1539
5 264
1 590
0 181
17 241
4 465
83 764
188 764
13 764
12 295
1 1652
2 1652
0 1967
0 86
0 1110
1 1183
2 1183
0 1183
0 876
0 389
0 1124
4 1124
12 1014
0 961
4 961
10 961
0 526
0 359
23 1130
3 257
2 1386
5 842
17 1042
0 257
9 2403
62 2403
12 2403
0 106
1 375
22 617
0 270
0 270
0 340
13 327
0 380
1 518
0 587
1 587
0 384
0 424
0 264
2 699
4 1317
0 1317
12 1317
1 120
5 594
0 538
0 603
17 1130
1 344
0 240
3 1241
0 122
0 855
0 1898
1 1898
0 1898
1 1898
0 384
1 17
3 914
4 777
7 163
7 4713
21 4713
3 4713
521 4713
0 4713
13 4713
0 44
10 2150
32 2150
21 2150
40 2150
1 402
20 266
6 781
8 781
12 781
3 781
3 664
2 689
3 874
0 796
0 796
73 1464
1 1464
6 1464
0 548
0 382
3 233
2 663
13 257
11 506
39 1012
5 257
3 626
0 371
67 782
54 3816
1 3816
7 3816
8 3816
5 3816
6 3816
97 3816
0 340
0 1347
2 1347
0 149
1 554
4 364
21 364
12 295
45 435
2 695
20 1247
45 1247
7 423
3 914
0 265
5 631
2 631
0 186
0 518
3 171
29 511
4 431
12 2308
1 2308
46 2303
7 2303
5 145
3 145
20 145
1 467
6 518
1 405
3 318
1 423
6 324
1 389
56 8726
7 8726
135 8726
23 8726
362 8726
11 8726
162 8726
48 8726
3 8726
4 8726
65 8726
63 8726
221 8726
5 422
2 108
0 456
0 1036
1 1036
17 391
2 344
1 679
1 154
34 397
14 3066
11 3066
8 3066
19 1214
29 1214
6 1595
102 1595
3 764
0 457
0 368
0 376
2 209
2 209
1 1191
0 1191
0 592
1 378
4 141
0 389
0 446
3 264
0 526
4 1110
1319 12734
49 12734
0 12734
240 12734
58 12734
151 12734
1060 12734
176 12734
17 12734
278 12734
274 12734
226 12734
328 12734
286 12734
180 12734
300 12734
359 12734
235 12734
0 203
0 89
3 653
20 295
1 841
0 441
2 384
0 876
56 1264
69 1264
15 1264
0 404
2 1483
0 1110
1 590
1 590
2 264
0 107
18 1386
0 148
0 89
19 842
0 461
1 669
0 669
7 737
4 699
4 423
5 737
0 107
0 107
1 148
0 473
21 2629
13 2629
38 2629
3 2629
0 384
1 1589
3 1589
0 1589
6 113
0 2696
2 2696
51 2696
0 774
3 664
106 987
3 987
0 987
33 4344
11 4344
59 4344
37 4344
16 4344
22 4344
21 4344
3 222
11 626
10 1376
2 1376
4 1376
3 1376
0 558
0 680
5 680
3 234
4 177
3 177
0 384
1 441
15 441
5 376
2 1511
4 1511
4 522
1 522
0 169
5 737
4 664
2 479
0 2238
1 2238
21 2238
14 2238
18 1074
18 737
2 762
2 2517
38 788
0 2300
4 2300
9 762
1 618
0 183
0 270
3 558
0 252
20 295
56 1913
134 1913
3 656
8 656
2 656
0 240
4 423
148 764
0 373
12 446
4 357
4 423
10 632
1 590
1 562
22 456
0 9
78 587
0 562
31 1014
13 774
0 404
5 567
10 1407
3 594
1 690
0 690
0 250
0 127
0 295
36 2725
60 2725
53 2725
57 2725
28 2725
2 442
0 442
1 518
0 508
0 269
2 269
0 38
28 6094
111 6094
87 6094
133 6094
177 6094
2 1370
2 2737
61 2737
51 1409
21 526
11 465
3 339
2 960
1 960
32 382
1 295
0 404
3 431
11 1536
1 615
0 844
1 308
1 504
0 560
3 730
2 730
5 764
10 1701
0 240
11 283
0 596
0 392
5 2339
18 2339
0 303
0 461
19 563
25 438
4 122
24 980
10 980
12 845
0 665
16 378
5 352
6 889
19 889
0 189
6 431
0 751
19 526
3 1955
10 1955
1 1955
20 1955
9 1955
2 1955
352 9453
219 9453
332 9453
117 9453
101 9453
449 9453
35 9453
294 9453
145 9453
354 9453
176 9453
347 9453
136 9453
259 9453
189 9453
30 3604
144 3604
118 3604
608 3604
70 3604
4 2982
18 2982
3 2982
8 2982
22 2982
13 1152
12 499
0 181
1 181
13 249
9 613
9 395
1 575
0 122
4 1114
0 1114
21 283
28 283
7 241
3 55
13 655
4 1887
20 1887
71 1887
2 7512
11 7512
9 7512
15 7512
140 7512
13 7512
1 7512
131 7512
118 7512
212 7512
36 7512
7 7512
17 7512
264 7512
113 7512
4 328
12 623
7 106
7 82
10 305
1 196
21 151
8 439
19 328
21 2031
135 4370
121 4370
99 4370
134 4370
63 4370
110 4370
91 4370
85 4370
5 340
0 360
1 269
2 413
14 887
3 187
12 187
2 534
4 1539
25 726
15 257
3 202
5 764
2 764
0 473
9 729
5 729
7 729
5 174
12 593
1 326
20 282
1 59
11 2849
158 2849
28 2849
121 2849
0 225
14 435
7 435
3 522
3 146
0 479
19 399
2 587
1 562
32 788
21 788
24 788
31 788
30 788
0 788
9 788
38 788
26 788
34 473
25 473
25 1528
1 1528
48 1904
28 1904
9 733
1 219
6 2417
1 2417
75 594
48 594
58 594
5 620
3 620
3 476
22 476
2 405
51 1695
0 91
5 91
0 1223
1 1223
3 1223
3 479
1 328
33 1879
18 1879
9 4834
47 4834
19 4834
0 4834
85 4834
25 4834
0 145
25 739
4 336
26 361
3 177
8 413
28 759
0 191
5 191
26 240
7 233
2 177
3 176
8 318
15 807
28 807
2 761
3 446
1 931
0 931
1 1074
42 812
9 287
14 764
0 1043
6 857
2 922
3 558
13 558
29 279
25 173
10 130
42 617
43 617
18 1707
5 1707
11 4275
25 4275
16 4275
13 4275
34 4275
0 1149
1 1149
6 1149
11 2971
7 2971
1 336
4 318
0 1026
0 92
1 92
0 311
3 161
4 774
4 127
2 379
20 400
0 428
9 381
0 562
1 497
0 393
12 279
0 323
13 395
16 223
0 362
16 509
17 2434
5 716
14 388
8 233
1 484
0 484
1 484
7 1075
3 1075
0 1075
5 1075
9 118
5 114
27 844
35 844
9 306
4 1742
14 1742
6 1742
0 441
0 655
125 764
23 509
297 3737
4 3737
14 3737
12 3737
10 562
254 2181
0 338
0 40
8 379
1 405
1 474
1 98
7 1143
16 368
2 699
3 343
12 126
3 1644
0 1644
8 767
15 767
76 767
7 20
16 310
1 354
0 61
7 297
63 727
0 395
0 1618
0 233
10 381
9 473
18 217
3 152
103 768
12 171
2 567
5 301
3 461
34 788
19 788
28 788
32 788
33 788
0 788
6 788
38 788
26 788
1 405
0 653
12 139
13 324
2 973
1 1386
1 633
9 664
27 1618
0 395
0 295
4 344
4 230
294 2219
0 385
24 527
1 1926
1 1926
4 548
3 919
0 699
2 472
1 327
1 821
18 821
11 821
1 526
22 567
53 1012
20 1012
25 1012
3 562
57 739
10 266
14 227
0 241
11 635
10 391
5 177
9 407
11 435
32 535
20 527
1 371
1 371
1 240
0 57
13 297
0 262
2 361
16 1312
0 84
2 287
1 509
1 585
24 592
20 812
59 2339
14 290
0 948
1 948
10 448
18 973
10 360
1 389
43 1646
11 2101
3 2101
17 2101
29 2101
7 876
9 472
5 265
20 777
45 502
13 137
26 209
3 144
0 183
0 370
18 135
3 120
45 962
20 721
0 114
46 3218
7 1747
0 231
8 1110
0 153
3 290
1 397
5 325
21 319
17 382
143 5267
111 5267
93 5267
86 5267
318 5267
178 5267
195 5267
312 5267
38 5267
46 5267
53 5267
19 5267
98 5267
201 5267
85 1034
3 1034
54 2191
17 2191
20 247
16 247
112 1416
135 1027
11 319
12 1042
17 384
3 163
0 127
1 484
15 900
4 544
23 265
11 368
0 930
26 2416
36 2416
21 2416
31 919
0 407
0 382
0 247
0 233
1 1183
2 1183
0 1183
1 1185
0 382
2 340
2 3763
23 3763
0 177
5 477
0 141
0 242
4 295
6 295
7 395
33 615
3 308
4 1695
29 511
0 227
0 257
4 2339
1 395
0 359
0 761
2 257
0 176
3 336
2 195
1 365
0 240
3 230
6 196
6 338
15 1116
13 1116
12 1124
2 300
9 1623
38 906
1 57
0 188
5 1057
2 233
5 721
4 318
0 735
3 699
3 446
0 310
3 165
9 465
39 1130
28 679
3 392
11 348
0 1898
1 1898
3 472
1 950
0 950
6 950
0 191
17 1695
0 324
3 282
5 861
4 1695
20 360
12 960
7 388
4 1701
0 453
1 453
0 247
5 461
0 295
0 1042
15 549
36 319
11 1110
45 2517
14 866
22 866
8 141
7 387
3 48
1 1791
41 1791
7 511
3 275
8 286
1 423
22 191
15 950
1 509
0 861
3 364
18 364
2 378
17 3651
3 364
14 364
1 298
21 679
6 654
0 177
3 605
22 392
23 392
7 569
0 43
3 414
0 272
9 327
13 2050
10 2050
7 2050
9 617
8 927
17 1268
38 1268
56 1268
9 1413
4 157
4 317
12 790
64 790
0 812
12 1077
29 584
28 562
6 1360
10 1695
39 405
4 587
0 127
31 1592
9 1592
24 1719
13 1719
15 1719
0 548
3 548
4 195
13 352
2 1043
16 2703
20 2703
8 2703
3 2703
6 1165
7 395
5 1323
1 1323
3 1323
9 1323
8 1323
0 118
7 165
16 663
28 451
19 1536
2 1526
8 1526
5 1526
3 116
11 327
3 587
10 139
2 325
26 1288
2 116
25 240
1 217
114 712
5 1386
0 2339
20 2517
14 381
10 284
6 183
16 295
2 2517
57 2339
2 465
1 247
0 2517
0 55
4 281
11 247
5 1360
2 461
29 3761
1 590
9 594
42 378
6 1539
2 108
322 4338
158 1552
3 152
23 646
4 306
0 657
2 657
16 1042
17 421
4 1042
4 222
7 1034
0 270
0 1104
8 486
0 502
0 57
1 816
15 2365
40 1074
1 187
1 2236
2 2236
3 2236
5 2236
1 405
32 1110
2 497
19 222
0 120
0 151
1 1392
0 230
0 86
0 78
71 2339
0 9
1 1021
11 318
5 308
34 279
1 762
0 88
6 721
55 1027
1 500
1 89
4 86
11 159
10 733
16 725
1 276
2 497
6 1130
0 456
2 654
2 777
0 53
2 340
38 475
2 142
0 694
0 41
0 90
1 588
1 588
2 588
0 214
0 67
1 588
1 327
6 342
4 588
2 193
2 161
7 90
3 588
0 41
10 322
3 718
2 142
9 567
11 588
5 113
0 120
0 588
45 567
57 588
0 588
2 483
0 588
4 218
6 588
0 282
0 282
11 588
15 218
0 327
1 24
0 274
5 274
2 214
0 142
1 90
12 90
2 228
13 567
1 229
16 567
2 343
2 228
1 327
1 43
6 386
2 694
11 228
1 475
0 588
18 475
54 946
0 475
1 567
5 457
4 327
4 483
3 343
0 116
0 475
13 228
0 342
7 327
24 560
22 229
0 99
4 588
7 43
6 43
0 168
3 141
13 483
0 16
7 588
4 386
1 334
17 588
13 588
30 588
17 588
0 90
4 588
1 271
2 588
11 386
1 67
35 560
12 342
1 454
3 588
10 588
1 211
16 694
30 694
13 228
21 327
3 588
6 752
0 53
3 229
6 588
3 41
1 374
0 334
19 588
1 475
8 110
0 229
0 58
1 588
0 142
5 153
3 334
1 116
7 118
3 588
7 386
5 327
1 142
14 228
12 156
3 588
1 588
1 327
2 343
3 153
24 475
11 588
0 99
0 588
3 588
36 574
0 694
1 90
28 694
2 56
20 560
8 342
10 322
1 752
4 588
43 327
1 193
8 454
0 342
0 67
0 327
1 588
1 229
0 342
0 67
221 2673
0 211
3 483
0 327
5 228
4 33
9 962
1 1539
0 125
0 120
5 80
0 816
0 554
0 176
0 406
0 66
14 473
0 977
0 844
2 290
18 502
0 88
4 275
2 147
10 515
0 1205
1 1403
0 1695
23 605
6 605
1 1347
0 1347
1 1516
0 295
0 473
0 59
17 1021
3 788
18 228
0 1110
0 88
1 768
2 476
0 337
2 340
46 1695
0 127
2 308
1 378
0 241
16 452
0 284
1 1900
0 1900
1 3101
0 3101
0 6
0 218
9 664
0 158
0 423
4 951
1 951
0 623
0 399
3 1577
0 278
1 214
6 2150
0 2150
0 145
1 404
0 1074
4 336
0 362
6 594
1 216
0 439
1 527
1 1386
1 639
17 762
0 625
1 625
0 725
0 395
0 1036
0 1042
14 393
1 1539
1 368
2 1539
18 117
5 632
4 1042
1 518
8 567
0 452
1 1071
0 347
0 303
0 120
0 270
38 2237
0 2237
7 2237
9 2237
22 2237
0 233
164 1552
0 409
0 1230
2 1230
0 853
2 400
0 126
0 446
18 857
1 973
2 274
1 274
13 3390
73 3390
24 3390
27 3390
0 584
40 890
0 626
3 216
0 1346
0 247
8 287
2 79
0 196
10 191
217 7353
2 7353
94 7353
495 7353
237 7353
60 7353
294 7353
10 7353
3 7353
612 7353
13 7353
188 7353
4 7353
504 7353
5 7353
28 7353
0 141
8 2466
5 2466
0 2466
22 2466
3 1456
127 10604
83 10604
0 10604
89 10604
144 10604
6 10604
193 10604
160 10604
53 10604
142 10604
34 10604
185 10604
131 10604
31 10604
141 10604
260 10604
11 1655
16 1655
0 407
8 1162
18 1162
5 1162
10 1162
3 479
26 623
0 87
3 564
5 391
0 295
5 590
0 508
12 1695
4 47
33 788
18 788
23 788
27 788
32 788
0 788
8 788
28 788
17 788
0 230
0 739
1 436
1 1695
0 247
3 626
0 567
1 115
3 48
0 344
34 684
173 764
5 582
90 1072
31 1862
2 1862
1 369
2 876
1 625
6 233
3 937
0 937
19 937
0 230
1 421
0 272
0 218
4 812
30 826
0 919
10 887
1 1072
111 2339
6 958
1 958
3 1623
0 141
1 792
2 811
5 2330
1 2330
0 247
11 974
3 120
1 182
5 423
2 1967
0 30
0 384
10 549
3 1153
3 497
2 188
22 498
0 157
5 157
1 2339
6 950
1 57
10 135
0 473
0 962
0 448
0 163
0 414
13 1161
3 1161
1 1161
1 117
2 96
0 1403
0 1346
1 139
9 1110
0 473
1 318
0 318
2 700
0 162
20 1967
2 1539
0 1539
0 106
118 5662
79 5662
151 5662
121 5662
140 5662
3 1536
5 1536
6 625
10 2565
3 2565
4 2565
7 2565
5 2565
8 2565
5 1747
0 384
9 183
1 1249
0 1249
0 87
0 812
1 746
2 2128
0 2128
1 2128
0 473
2 67
3 124
31 178
1 764
6 379
2 2396
0 2396
1 2396
14 890
1 890
4 890
0 38
0 2407
1 2407
5 2407
7 2407
2 735
5 581
7 581
16 385
13 385
10 615
0 139
0 641
0 448
13 1064
0 1064
4 2225
0 89
2 941
0 89
0 1419
0 452
0 80
20 554
0 89
0 1294
20 1294
18 381
7 1948
1 1948
3 1948
0 1948
28 962
12 448
0 352
0 137
0 594
10 1708
0 1708
10 287
0 25
0 816
0 626
1 90
36 2339
0 1536
0 233
6 69
0 319
0 796
0 446
0 527
1 142
0 369
0 153
0 590
0 385
22 413
7 446
4 2395
0 2395
5 404
295 592
20 2163
17 2163
14 2163
3 55
28 191
0 2423
12 2423
1 2423
0 344
0 196
0 452
16 1403
0 1205
2 1205
3 1014
0 294
0 448
0 86
0 395
2 844
0 844
0 303
0 1360
0 812
3 107
0 562
2 479
9 467
0 1733
11 1733
7 1733
0 80
0 739
0 446
21 247
0 389
0 733
4 215
2 295
3 431
0 175
0 130
1 187
12 135
0 284
3 371
13 330
17 1724
8 1724
21 1724
4 549
1 919
49 1139
2 896
3 896
9 437
1 103
1 264
2 261
1 264
0 648
7 1577
2 1501
3 1501
1 1501
17 617
2 1618
0 285
2 504
0 115
1 48
0 247
0 737
0 223
0 509
0 311
10 594
4 477
0 345
4 733
3 789
4 789
0 605
22 1747
0 347
1 1511
2 1511
0 362
1 147
0 307
0 139
1 139
0 382
2 1766
31 788
8 788
13 788
19 788
32 788
0 788
2 788
33 788
11 788
0 694
2 694
3 307
1 174
6 371
2 1077
0 537
5 178
0 103
3 290
1 3159
2 3159
0 3159
0 1331
10 50
0 716
0 508
11 1909
12 1909
8 1909
0 1618
0 1618
1 384
1 384
0 102
0 94
1 585
1 474
28 535
0 261
0 295
0 169
0 148
8 183
5 876
3 733
16 1787
3 1787
0 1787
30 617
0 1553
2 1553
2 504
4 343
3 632
0 127
0 504
17 1083
2 65
47 1144
0 178
2 172
24 240
43 431
1 919
5 498
4 1618
4 1475
11 368
2 26
28 1965
57 1965
24 1965
55 1965
22 1965
103 1965
1 125
0 175
4 55
11 379
0 229
1 229
0 230
1 1042
0 344
0 323
1 746
5 876
2 479
4 406
5 504
0 171
51 575
13 764
9 1913
3 1913
6 1057
4 269
1 173
2 344
0 772
0 242
1 1695
2 1695
1 382
3 764
0 175
0 94
0 811
0 394
0 1287
0 176
1 139
0 310
0 360
5 230
0 811
2 381
6 1129
2 1129
16 1129
12 638
0 1071
50 1410
0 1410
2 1410
0 811
0 497
3 37
0 285
0 305
4 256
0 360
4 233
1 623
4 1061
0 260
1 452
0 563
1 592
6 144
14 327
0 617
0 337
0 362
262 5976
54 5976
11 5976
88 5976
161 5976
0 5976
51 5976
64 5976
30 5976
5 1075
2 379
19 661
0 162
18 2517
13 431
1 100
1 1386
33 850
2 511
1 405
0 1102
1 1102
0 370
4 196
1 361
9 841
1 698
0 124
0 290
1 218
5 439
10 229
0 349
0 89
0 360
2 333
2 333
0 526
0 122
0 412
0 196
3 874
0 247
0 896
1 338
4 338
4 142
5 1779
183 1779
6 1779
95 1779
0 1238
8 876
21 1853
28 1853
36 1853
29 592
1 564
2 173
0 1539
0 158
0 812
8 584
2 328
8 262
0 816
0 99
14 796
0 404
1 146
0 345
10 464
4 228
14 274
59 919
0 502
0 1110
2 122
5 446
4 518
2 141
1 585
0 561
1 2808
0 1357
237 1416
2 204
1 100
75 563
5 564
0 473
51 1110
0 339
65 327
4 308
14 295
2 587
0 777
0 558
0 149
11 209
2 279
6 962
16 3095
25 3095
32 3095
27 1617
9 1617
3 1617
4 1617
0 318
1 327
11 1767
22 1767
1 1767
4 1767
1 240
0 1071
0 522
0 1618
2 465
0 465
3 465
