0 384
1 375
0 392
1 576
0 576
1 776
0 776
3 511
32 2287
12 2287
10 745
1 745
18 914
1 338
0 448
1 691
0 691
0 183
2 914
23 1155
26 1155
158 1155
28 1155
27 1155
8 1370
4 1623
0 7389
2 7389
28 7389
86 7389
137 7389
32 7389
53 7389
47 7389
31 7389
11 7389
578 7389
0 2339
2 615
4 1288
0 176
6 1265
69 1265
18 1265
1 150
3 79
1 1983
3 1983
32 1983
30 1983
4 269
11 397
2 1208
1 1208
32 1208
44 1474
2 240
0 448
0 558
1 1113
0 1113
0 79
4 305
0 400
0 388
1 590
1 1483
2 152
3 152
0 796
42 1536
1 805
0 276
0 328
1 1267
2 1267
5 1267
15 1267
0 1267
1 522
3 198
14 1013
18 1013
3 152
0 1303
2 1008
1 1008
4 327
1 562
7 737
6 737
4 264
1 175
0 44
0 89
11 1913
6 1913
4 1539
0 973
0 855
0 301
51 7645
93 7645
0 7645
53 7645
200 7645
6 7645
2 7645
9 7645
11 7645
63 7645
74 7645
17 7645
19 7645
16 7645
70 7645
25 7645
58 7645
71 7645
152 7645
52 7645
335 9306
9 9306
48 9306
6 9306
4 9306
91 9306
0 9306
2 9306
5 9306
234 9306
38 9306
3 9306
46 9306
179 9306
1 9306
50 9306
28 9306
45 9306
5 3760
61 3760
1 3760
0 3760
10 3760
16 3760
9 3760
3 3760
4 689
5 295
3 1454
0 1454
2 1454
12 1454
1 626
0 203
0 405
2 794
0 794
0 844
98 657
0 1110
1 150
1 1071
0 812
0 812
0 422
9 896
0 395
5 2339
0 135
11 324
9 721
0 79
3 204
1 811
0 368
0 380
0 380
5 384
2 152
0 98
1 68
13 446
1 777
9 777
3 884
12 884
0 1514
33 876
4 348
0 169
2 663
0 663
1 303
0 240
0 441
16 1474
0 733
8 1077
1 404
1 973
0 138
35 1618
11 567
9 876
1 176
0 2150
24 2150
10 876
9 311
8 1597
3 1597
7 1597
0 1597
2 618
0 98
0 184
1 776
0 776
0 497
4 57
0 392
0 670
4 670
0 392
3 511
0 247
0 876
0 344
10 965
9 1539
0 509
4 215
3 176
4 215
4 215
3 1386
0 283
1 764
0 465
0 792
45 10782
5 10782
23 10782
52 10782
50 10782
76 10782
11 10782
134 10782
78 10782
91 10782
63 10782
82 10782
6 10782
13 10782
27 10782
51 10782
151 10782
43 10782
34 10782
35 10782
25 10782
16 10782
96 10782
0 10782
63 10782
60 10782
0 224
13 767
4 144
43 540
3 2510
57 2510
58 269
10 269
0 1269
1 1269
9 919
2 782
0 448
1 931
0 931
0 247
0 89
0 2038
16 2038
12 2038
1 446
0 737
0 1898
1 1898
34 584
6 1360
5 2257
24 2257
1 1695
1 2339
3 1072
1 746
2 746
1 2150
5 2150
21 3410
1 3410
2 3410
1 746
2 2150
7 2150
0 764
1 746
0 456
2 590
13 2449
0 2449
16 191
4 777
13 266
2 1027
10 976
90 976
19 3000
5 3000
31 3000
93 3000
27 3000
12 3000
2 202
1 456
8 777
3 381
3 295
1 186
2 441
0 94
11 68
1 287
0 240
37 142
0 240
11 655
0 1197
7 2831
5 2831
3 2831
0 2831
1 1331
0 4210
1 4210
74 4210
4 4210
9 4210
32 4210
49 4210
7 4210
3 4210
6 4210
76 4210
3 20
2 209
0 677
2 677
6 1547
4 1547
1 888
0 888
0 344
19 413
19 1012
2 1012
11 1012
0 269
1 467
3 504
30 1110
1 585
2 2128
5 2128
4 2128
2 960
2 1483
13 1536
4 1536
0 1110
2 1069
5 1069
0 1069
1 1014
59 811
0 1110
0 423
0 93
22 183
1 384
0 724
4 2375
3 2375
7 2375
1 178
21 788
8 788
10 788
13 788
27 788
0 788
1 788
23 788
9 788
1 203
6 226
1 4949
21 4949
4 4949
27 4949
35 4949
181 4949
141 4949
0 120
120 2150
2 2150
13 2150
0 653
3 689
19 2955
13 2955
10 2955
15 2955
14 2955
3 2955
8 2955
4 1695
3 439
3 439
0 225
35 2163
29 2163
379 13875
11 13875
209 13875
142 13875
203 13875
85 13875
107 13875
22 13875
329 13875
130 13875
2234 13875
163 13875
49 13875
3 13875
7 2339
3 222
3 150
4 1164
31 1164
36 1164
3 2347
0 2347
1 2347
2 2347
1 633
0 384
48 3126
67 3126
9 3126
27 3126
46 3126
36 3126
62 3126
4 1078
0 1078
25 1078
0 267
0 1926
19 526
1 812
12 858
30 5657
60 5657
50 5657
31 5657
15 5657
71 5657
136 5657
39 5657
1 1042
0 423
0 218
2 172
56 1307
113 1021
0 384
0 400
1 240
1 247
5 176
0 247
1 124
2 618
0 247
14 1708
57 1708
76 1708
48 1708
0 762
1 762
2 152
7 371
0 264
1 442
0 442
0 389
101 5642
32 5642
187 5642
301 5642
92 5642
46 5642
8 5642
3 416
0 223
0 86
16 543
5 1403
0 1403
0 679
1 2517
0 87
42 689
6 336
0 89
0 153
6 1403
0 1963
9 1963
9 2002
22 2002
2 2002
2 147
0 147
10 163
0 264
2 1539
4 264
1 590
0 181
21 241
6 465
70 764
121 764
12 764
13 295
1 1652
2 1652
0 1967
0 86
0 1110
1 1183
0 1183
2 1183
0 876
0 389
0 1124
4 1124
14 1014
0 961
4 961
14 961
0 526
0 359
17 1130
3 257
2 1386
4 842
14 1042
0 257
10 2403
70 2403
12 2403
0 106
1 375
24 617
0 270
0 270
1 340
15 327
0 380
1 518
0 587
1 587
0 384
0 424
0 264
0 699
5 1317
0 1317
7 1317
1 120
6 594
0 538
0 603
18 1130
0 344
0 240
4 1241
0 122
0 855
0 1898
1 1898
0 1898
1 1898
0 384
3 17
3 914
3 777
7 163
8 4713
17 4713
2 4713
561 4713
0 4713
15 4713
0 44
12 2150
35 2150
21 2150
42 2150
0 402
19 266
2 781
5 781
9 781
0 781
11 664
3 689
3 874
0 796
0 796
78 1464
1 1464
4 1464
0 548
0 382
3 233
2 663
14 257
10 506
29 1012
4 257
2 626
0 371
66 782
15 3816
1 3816
7 3816
10 3816
4 3816
6 3816
91 3816
0 340
0 1347
1 1347
0 149
1 554
5 364
24 364
11 295
46 435
2 695
23 1247
42 1247
3 423
2 914
0 265
4 631
2 631
0 186
0 518
3 171
44 511
3 431
10 2308
1 2308
47 2303
7 2303
5 145
2 145
20 145
1 467
5 518
1 405
3 318
1 423
4 324
1 389
51 8726
6 8726
150 8726
39 8726
212 8726
11 8726
184 8726
48 8726
4 8726
3 8726
54 8726
36 8726
84 8726
4 422
2 108
0 456
0 1036
1 1036
19 391
0 344
0 679
2 154
35 397
13 3066
11 3066
10 3066
9 1214
24 1214
8 1595
89 1595
11 764
0 457
0 368
0 376
2 209
2 209
1 1191
0 1191
0 592
2 378
10 141
0 389
0 446
3 264
0 526
4 1110
1388 12734
43 12734
0 12734
253 12734
67 12734
135 12734
1010 12734
106 12734
16 12734
214 12734
235 12734
177 12734
340 12734
275 12734
162 12734
305 12734
374 12734
200 12734
0 203
0 89
3 653
20 295
1 841
0 441
2 384
0 876
60 1264
85 1264
26 1264
0 404
3 1483
0 1110
1 590
1 590
3 264
0 107
17 1386
0 148
0 89
27 842
1 461
2 669
0 669
6 737
1 699
4 423
2 737
0 107
0 107
1 148
0 473
24 2629
18 2629
22 2629
3 2629
0 384
1 1589
3 1589
0 1589
6 113
0 2696
1 2696
26 2696
0 774
6 664
108 987
3 987
0 987
43 4344
15 4344
54 4344
20 4344
11 4344
21 4344
24 4344
3 222
6 626
36 1376
29 1376
32 1376
37 1376
0 558
0 680
2 680
4 234
5 177
3 177
0 384
1 441
17 441
5 376
2 1511
4 1511
5 522
1 522
0 169
6 737
4 664
3 479
0 2238
2 2238
16 2238
11 2238
15 1074
12 737
2 762
2 2517
21 788
0 2300
4 2300
7 762
1 618
0 183
0 270
3 558
0 252
15 295
62 1913
122 1913
4 656
8 656
2 656
0 240
1 423
141 764
0 373
14 446
5 357
4 423
8 632
1 590
1 562
14 456
0 9
293 587
1 562
32 1014
5 774
0 404
5 567
10 1407
3 594
1 690
0 690
0 250
0 127
0 295
39 2725
61 2725
55 2725
58 2725
30 2725
2 442
0 442
1 518
0 508
1 269
0 269
0 38
30 6094
118 6094
94 6094
138 6094
136 6094
3 1370
1 2737
63 2737
62 1409
22 526
16 465
3 339
2 960
1 960
27 382
1 295
0 404
3 431
13 1536
1 615
0 844
1 308
2 504
0 560
1 730
3 730
3 764
8 1701
0 240
11 283
0 596
0 392
6 2339
15 2339
1 303
0 461
15 563
31 438
1 122
26 980
11 980
11 845
2 665
18 378
6 352
5 889
14 889
0 189
3 431
0 751
18 526
2 1955
10 1955
1 1955
17 1955
12 1955
3 1955
318 9453
224 9453
313 9453
110 9453
114 9453
435 9453
28 9453
250 9453
137 9453
307 9453
195 9453
340 9453
133 9453
210 9453
205 9453
24 3604
106 3604
126 3604
628 3604
80 3604
4 2982
17 2982
1 2982
8 2982
27 2982
17 1152
11 499
0 181
1 181
16 249
9 613
13 395
4 575
0 122
2 1114
0 1114
19 283
23 283
7 241
4 55
13 655
5 1887
19 1887
72 1887
3 7512
10 7512
8 7512
12 7512
67 7512
13 7512
2 7512
119 7512
104 7512
225 7512
37 7512
4 7512
15 7512
164 7512
152 7512
7 328
14 623
7 106
7 82
11 305
1 196
21 151
12 439
13 328
22 2031
146 4370
128 4370
110 4370
142 4370
73 4370
101 4370
102 4370
93 4370
5 340
0 360
1 269
3 413
14 887
3 187
11 187
4 534
3 1539
25 726
15 257
5 202
2 764
1 764
0 473
9 729
7 729
8 729
5 174
11 593
1 326
18 282
1 59
15 2849
163 2849
17 2849
117 2849
0 225
17 435
5 435
3 522
4 146
0 479
21 399
2 587
1 562
33 788
17 788
25 788
30 788
29 788
0 788
7 788
36 788
22 788
32 473
24 473
12 1528
1 1528
49 1904
28 1904
10 733
1 219
7 2417
1 2417
73 594
46 594
56 594
2 620
0 620
3 476
27 476
1 405
60 1695
1 91
5 91
0 1223
1 1223
3 1223
4 479
1 328
37 1879
17 1879
10 4834
54 4834
17 4834
0 4834
80 4834
26 4834
0 145
16 739
5 336
24 361
5 177
9 413
23 759
1 191
5 191
29 240
7 233
2 177
3 176
1 318
15 807
29 807
0 761
4 446
1 931
0 931
1 1074
41 812
10 287
9 764
0 1043
5 857
4 922
3 558
15 558
28 279
23 173
8 130
12 617
3 617
21 1707
4 1707
14 4275
26 4275
13 4275
12 4275
36 4275
0 1149
1 1149
4 1149
9 2971
5 2971
2 336
3 318
0 1026
0 92
1 92
0 311
1 161
4 774
4 127
2 379
19 400
1 428
8 381
1 562
1 497
0 393
12 279
0 323
18 395
19 223
0 362
16 509
23 2434
7 716
17 388
10 233
1 484
0 484
1 484
3 1075
3 1075
0 1075
6 1075
9 118
7 114
30 844
37 844
2 306
3 1742
11 1742
5 1742
1 441
0 655
117 764
21 509
315 3737
3 3737
16 3737
12 3737
12 562
250 2181
0 338
0 40
4 379
1 405
1 474
1 98
2 1143
16 368
2 699
3 343
12 126
4 1644
0 1644
6 767
12 767
65 767
7 20
19 310
1 354
1 61
8 297
72 727
0 395
1 1618
2 233
10 381
10 473
16 217
3 152
64 768
13 171
2 567
5 301
2 461
31 788
11 788
19 788
29 788
32 788
0 788
6 788
35 788
17 788
1 405
0 653
13 139
12 324
2 973
3 1386
1 633
13 664
27 1618
1 395
0 295
4 344
4 230
295 2219
0 385
24 527
1 1926
1 1926
5 548
3 919
0 699
4 472
1 327
1 821
5 821
8 821
0 526
22 567
44 1012
12 1012
9 1012
3 562
61 739
9 266
14 227
0 241
9 635
8 391
7 177
10 407
7 435
32 535
20 527
1 371
1 371
1 240
0 57
17 297
0 262
1 361
16 1312
0 84
4 287
1 509
1 585
24 592
22 812
71 2339
13 290
0 948
1 948
10 448
27 973
8 360
1 389
66 1646
11 2101
2 2101
18 2101
25 2101
8 876
8 472
5 265
12 777
44 502
11 137
26 209
3 144
0 183
0 370
18 135
3 120
43 962
20 721
0 114
36 3218
7 1747
0 231
3 1110
0 153
3 290
1 397
4 325
22 319
13 382
140 5267
118 5267
93 5267
79 5267
317 5267
131 5267
208 5267
326 5267
32 5267
30 5267
57 5267
13 5267
92 5267
212 5267
19 1034
1 1034
55 2191
19 2191
22 247
17 247
117 1416
142 1027
11 319
12 1042
19 384
3 163
1 127
1 484
16 900
2 544
26 265
11 368
1 930
35 2416
36 2416
21 2416
41 919
0 407
0 382
0 247
0 233
1 1183
2 1183
0 1183
1 1185
0 382
2 340
2 3763
24 3763
0 177
3 477
0 141
0 242
4 295
5 295
7 395
38 615
4 308
3 1695
25 511
1 227
0 257
5 2339
1 395
0 359
0 761
2 257
0 176
4 336
3 195
1 365
0 240
2 230
5 196
5 338
13 1116
14 1116
11 1124
2 300
6 1623
38 906
0 57
0 188
3 1057
2 233
4 721
4 318
0 735
0 699
3 446
0 310
3 165
11 465
40 1130
35 679
4 392
9 348
0 1898
1 1898
7 472
1 950
0 950
6 950
0 191
18 1695
1 324
2 282
5 861
4 1695
27 360
11 960
7 388
1 1701
0 453
1 453
0 247
4 461
0 295
0 1042
12 549
26 319
8 1110
30 2517
13 866
24 866
9 141
7 387
4 48
1 1791
9 1791
6 511
3 275
8 286
1 423
6 191
17 950
1 509
0 861
3 364
18 364
1 378
15 3651
2 364
12 364
1 298
17 679
6 654
0 177
3 605
18 392
20 392
7 569
0 43
6 414
0 272
6 327
14 2050
12 2050
10 2050
10 617
10 927
24 1268
37 1268
54 1268
12 1413
4 157
4 317
13 790
86 790
0 812
17 1077
24 584
31 562
5 1360
7 1695
40 405
4 587
0 127
34 1592
11 1592
26 1719
13 1719
16 1719
0 548
3 548
4 195
8 352
2 1043
12 2703
17 2703
4 2703
6 2703
8 1165
5 395
5 1323
1 1323
3 1323
13 1323
9 1323
0 118
4 165
15 663
23 451
10 1536
0 1526
3 1526
4 1526
2 116
12 327
3 587
11 139
3 325
37 1288
2 116
14 240
1 217
100 712
8 1386
0 2339
21 2517
16 381
11 284
3 183
18 295
3 2517
27 2339
0 465
2 247
0 2517
0 55
1 281
1 247
15 1360
2 461
39 3761
1 590
11 594
39 378
7 1539
2 108
325 4338
179 1552
2 152
25 646
4 306
0 657
2 657
21 1042
19 421
4 1042
4 222
6 1034
0 270
0 1104
4 486
0 502
0 57
4 816
16 2365
43 1074
1 187
1 2236
2 2236
3 2236
6 2236
1 405
29 1110
2 497
19 222
0 120
0 151
1 1392
0 230
0 86
2 78
97 2339
0 9
1 1021
10 318
5 308
38 279
1 762
0 88
9 721
61 1027
1 500
1 89
4 86
11 159
11 733
17 725
1 276
2 497
5 1130
0 456
2 654
1 777
0 53
3 340
41 475
2 142
0 694
0 41
0 90
3 588
1 588
3 588
0 214
0 67
1 588
1 327
6 342
6 588
2 193
2 161
8 90
4 588
0 41
10 322
3 718
2 142
9 567
11 588
5 113
0 120
0 588
32 567
60 588
0 588
3 483
0 588
6 218
12 588
0 282
0 282
13 588
14 218
0 327
2 24
0 274
3 274
2 214
1 142
0 90
14 90
2 228
13 567
1 229
15 567
2 343
1 228
1 327
1 43
5 386
2 694
13 228
1 475
0 588
17 475
53 946
0 475
0 567
3 457
4 327
4 483
3 343
0 116
0 475
14 228
0 342
7 327
26 560
16 229
0 99
5 588
8 43
7 43
0 168
4 141
12 483
0 16
4 588
3 386
1 334
11 588
10 588
29 588
12 588
0 90
3 588
1 271
3 588
11 386
0 67
41 560
8 342
0 454
1 588
10 588
1 211
20 694
23 694
14 228
21 327
3 588
7 752
0 53
3 229
4 588
3 41
1 374
0 334
22 588
1 475
8 110
1 229
0 58
1 588
0 142
5 153
1 334
1 116
7 118
3 588
9 386
4 327
1 142
17 228
13 156
3 588
1 588
1 327
3 343
6 153
26 475
11 588
0 99
0 588
3 588
33 574
0 694
1 90
25 694
2 56
25 560
6 342
7 322
1 752
3 588
46 327
0 193
11 454
0 342
0 67
0 327
1 588
1 229
0 342
0 67
191 2673
0 211
3 483
0 327
4 228
4 33
6 962
1 1539
0 125
0 120
6 80
1 816
0 554
1 176
0 406
0 66
8 473
0 977
0 844
2 290
13 502
0 88
4 275
2 147
5 515
0 1205
0 1403
0 1695
18 605
3 605
1 1347
0 1347
1 1516
0 295
0 473
0 59
15 1021
3 788
18 228
0 1110
0 88
1 768
2 476
0 337
1 340
50 1695
0 127
2 308
1 378
0 241
16 452
0 284
1 1900
0 1900
1 3101
0 3101
0 6
2 218
6 664
0 158
0 423
3 951
1 951
0 623
0 399
4 1577
0 278
1 214
5 2150
0 2150
0 145
1 404
0 1074
4 336
0 362
6 594
1 216
0 439
2 527
1 1386
1 639
18 762
0 625
1 625
0 725
0 395
0 1036
0 1042
14 393
2 1539
1 368
2 1539
15 117
1 632
0 1042
4 518
4 567
0 452
1 1071
0 347
2 303
0 120
0 270
31 2237
0 2237
7 2237
8 2237
19 2237
0 233
219 1552
0 409
0 1230
2 1230
0 853
2 400
0 126
0 446
18 857
1 973
2 274
1 274
15 3390
61 3390
26 3390
31 3390
0 584
46 890
0 626
3 216
0 1346
0 247
8 287
3 79
0 196
19 191
253 7353
2 7353
89 7353
631 7353
145 7353
35 7353
285 7353
11 7353
3 7353
735 7353
7 7353
24 7353
1 7353
266 7353
5 7353
40 7353
0 141
5 2466
8 2466
0 2466
20 2466
1 1456
66 10604
78 10604
0 10604
69 10604
104 10604
3 10604
118 10604
167 10604
33 10604
87 10604
15 10604
158 10604
95 10604
60 10604
117 10604
242 10604
11 1655
18 1655
0 407
6 1162
18 1162
4 1162
9 1162
5 479
14 623
0 87
1 564
4 391
0 295
8 590
0 508
14 1695
3 47
32 788
21 788
27 788
26 788
36 788
1 788
4 788
25 788
18 788
1 230
0 739
0 436
2 1695
0 247
3 626
1 567
3 115
3 48
0 344
32 684
109 764
5 582
86 1072
27 1862
2 1862
1 369
7 876
1 625
3 233
1 937
0 937
15 937
0 230
1 421
0 272
0 218
3 812
31 826
0 919
9 887
1 1072
110 2339
6 958
1 958
1 1623
0 141
0 792
1 811
7 2330
2 2330
1 247
11 974
1 120
1 182
5 423
4 1967
0 30
0 384
5 549
13 1153
5 497
2 188
22 498
0 157
3 157
2 2339
4 950
1 57
9 135
0 473
0 962
0 448
0 163
0 414
14 1161
2 1161
1 1161
1 117
3 96
0 1403
0 1346
1 139
11 1110
0 473
2 318
0 318
1 700
0 162
17 1967
2 1539
0 1539
0 106
115 5662
83 5662
131 5662
129 5662
149 5662
4 1536
5 1536
6 625
17 2565
10 2565
4 2565
0 2565
8 2565
1 2565
12 1747
1 384
2 183
1 1249
0 1249
0 87
0 812
3 746
1 2128
0 2128
2 2128
0 473
2 67
2 124
30 178
0 764
2 379
2 2396
0 2396
1 2396
9 890
1 890
3 890
0 38
0 2407
1 2407
2 2407
7 2407
1 735
0 581
3 581
13 385
16 385
9 615
0 139
0 641
0 448
6 1064
0 1064
4 2225
0 89
1 941
1 89
0 1419
2 452
0 80
13 554
0 89
0 1294
22 1294
18 381
6 1948
0 1948
2 1948
1 1948
18 962
11 448
0 352
0 137
0 594
5 1708
0 1708
12 287
0 25
0 816
0 626
1 90
29 2339
0 1536
0 233
5 69
0 319
0 796
0 446
0 527
2 142
3 369
0 153
0 590
1 385
206 413
5 446
2 2395
0 2395
4 404
295 592
18 2163
26 2163
33 2163
3 55
22 191
1 2423
2 2423
0 2423
0 344
0 196
0 452
20 1403
1 1205
2 1205
3 1014
0 294
0 448
0 86
0 395
2 844
0 844
0 303
4 1360
0 812
0 107
0 562
2 479
5 467
1 1733
17 1733
6 1733
0 80
3 739
0 446
32 247
0 389
0 733
4 215
2 295
2 431
0 175
0 130
1 187
8 135
0 284
6 371
14 330
16 1724
8 1724
20 1724
2 549
1 919
42 1139
2 896
3 896
9 437
1 103
0 264
2 261
1 264
0 648
6 1577
1 1501
3 1501
2 1501
22 617
1 1618
0 285
4 504
0 115
1 48
0 247
0 737
0 223
0 509
0 311
3 594
1 477
0 345
4 733
1 789
4 789
0 605
21 1747
0 347
1 1511
2 1511
0 362
1 147
0 307
1 139
0 139
0 382
2 1766
31 788
6 788
11 788
14 788
36 788
0 788
1 788
30 788
9 788
3 694
0 694
2 307
1 174
6 371
0 1077
0 537
5 178
0 103
3 290
1 3159
2 3159
0 3159
0 1331
10 50
0 716
0 508
40 1909
42 1909
25 1909
0 1618
0 1618
1 384
1 384
0 102
0 94
1 585
0 474
29 535
0 261
0 295
0 169
0 148
8 183
4 876
3 733
9 1787
3 1787
0 1787
27 617
0 1553
2 1553
3 504
4 343
3 632
0 127
2 504
1 1083
2 65
64 1144
0 178
2 172
29 240
44 431
1 919
5 498
1 1618
3 1475
10 368
3 26
25 1965
62 1965
23 1965
60 1965
20 1965
106 1965
1 125
0 175
5 55
8 379
0 229
0 229
0 230
1 1042
0 344
2 323
1 746
12 876
3 479
18 406
4 504
0 171
31 575
10 764
7 1913
2 1913
5 1057
4 269
1 173
2 344
0 772
0 242
1 1695
2 1695
0 382
4 764
0 175
0 94
0 811
0 394
0 1287
0 176
2 139
0 310
0 360
2 230
1 811
2 381
2 1129
3 1129
6 1129
8 638
0 1071
5 1410
0 1410
1 1410
0 811
0 497
3 37
0 285
0 305
5 256
0 360
21 233
12 623
1 1061
2 260
1 452
0 563
3 592
7 144
15 327
0 617
0 337
0 362
615 5976
46 5976
4 5976
105 5976
171 5976
0 5976
104 5976
40 5976
17 5976
9 1075
4 379
18 661
0 162
20 2517
15 431
1 100
1 1386
32 850
2 511
1 405
0 1102
1 1102
0 370
3 196
1 361
10 841
0 698
0 124
0 290
1 218
4 439
8 229
0 349
0 89
0 360
4 333
3 333
0 526
0 122
0 412
0 196
3 874
0 247
0 896
1 338
3 338
4 142
32 1779
152 1779
8 1779
121 1779
1 1238
10 876
18 1853
22 1853
32 1853
34 592
1 564
1 173
0 1539
0 158
0 812
7 584
2 328
7 262
0 816
0 99
10 796
0 404
0 146
0 345
6 464
3 228
14 274
81 919
0 502
0 1110
2 122
4 446
5 518
0 141
1 585
0 561
1 2808
0 1357
240 1416
3 204
1 100
65 563
5 564
0 473
38 1110
0 339
163 327
4 308
11 295
3 587
0 777
0 558
0 149
13 209
1 279
7 962
17 3095
30 3095
39 3095
20 1617
12 1617
3 1617
4 1617
0 318
0 327
9 1767
17 1767
1 1767
2 1767
0 240
0 1071
0 522
0 1618
1 465
0 465
3 465
