0 384
1 375
0 392
1 576
0 576
1 776
0 776
0 511
27 2287
10 2287
9 745
4 745
17 914
0 338
0 448
1 691
0 691
0 183
2 914
18 1155
38 1155
147 1155
4 1155
6 1155
4 1370
1 1623
0 7389
4 7389
27 7389
57 7389
104 7389
26 7389
52 7389
43 7389
32 7389
5 7389
589 7389
0 2339
3 615
2 1288
0 176
5 1265
41 1265
13 1265
1 150
1 79
0 1983
3 1983
16 1983
21 1983
4 269
10 397
2 1208
0 1208
35 1208
42 1474
3 240
0 448
0 558
1 1113
0 1113
0 79
5 305
2 400
1 388
1 590
0 1483
4 152
3 152
0 796
46 1536
0 805
0 276
0 328
1 1267
2 1267
9 1267
15 1267
0 1267
1 522
3 198
7 1013
4 1013
4 152
0 1303
2 1008
0 1008
4 327
1 562
4 737
2 737
3 264
1 175
0 44
0 89
7 1913
3 1913
3 1539
0 973
0 855
0 301
38 7645
96 7645
0 7645
43 7645
159 7645
7 7645
2 7645
9 7645
10 7645
49 7645
52 7645
12 7645
18 7645
14 7645
48 7645
21 7645
47 7645
58 7645
134 7645
34 7645
444 9306
9 9306
50 9306
6 9306
4 9306
68 9306
0 9306
2 9306
5 9306
252 9306
30 9306
3 9306
45 9306
132 9306
1 9306
65 9306
44 9306
35 9306
5 3760
66 3760
1 3760
0 3760
6 3760
11 3760
8 3760
2 3760
3 689
4 295
4 1454
0 1454
2 1454
10 1454
1 626
0 203
0 405
2 794
0 794
0 844
105 657
0 1110
1 150
1 1071
0 812
0 812
0 422
6 896
0 395
4 2339
0 135
7 324
8 721
3 79
2 204
1 811
0 368
0 380
0 380
3 384
2 152
0 98
5 68
7 446
1 777
10 777
2 884
19 884
0 1514
23 876
4 348
0 169
2 663
0 663
1 303
0 240
0 441
14 1474
0 733
7 1077
0 404
0 973
0 138
16 1618
8 567
11 876
0 176
0 2150
24 2150
10 876
7 311
0 1597
5 1597
20 1597
18 1597
2 618
0 98
0 184
1 776
0 776
0 497
3 57
0 392
0 670
5 670
0 392
2 511
0 247
0 876
1 344
5 965
33 1539
0 509
4 215
6 176
4 215
4 215
5 1386
0 283
1 764
0 465
0 792
31 10782
6 10782
12 10782
35 10782
37 10782
55 10782
9 10782
85 10782
57 10782
61 10782
47 10782
77 10782
4 10782
10 10782
18 10782
27 10782
98 10782
25 10782
29 10782
28 10782
16 10782
13 10782
74 10782
0 10782
47 10782
44 10782
0 224
17 767
3 144
42 540
3 2510
40 2510
45 269
5 269
0 1269
1 1269
6 919
1 782
0 448
1 931
0 931
0 247
0 89
0 2038
13 2038
9 2038
0 446
1 737
0 1898
1 1898
33 584
10 1360
5 2257
24 2257
1 1695
1 2339
4 1072
1 746
1 746
1 2150
3 2150
16 3410
1 3410
3 3410
2 746
2 2150
5 2150
3 764
1 746
0 456
2 590
12 2449
0 2449
19 191
1 777
8 266
1 1027
3 976
78 976
20 3000
4 3000
13 3000
129 3000
12 3000
10 3000
2 202
1 456
1 777
3 381
1 295
1 186
2 441
0 94
10 68
0 287
0 240
70 142
1 240
10 655
3 1197
6 2831
5 2831
3 2831
0 2831
1 1331
0 4210
1 4210
69 4210
2 4210
11 4210
37 4210
39 4210
6 4210
4 4210
8 4210
91 4210
2 20
2 209
0 677
1 677
2 1547
3 1547
0 888
1 888
0 344
5 413
14 1012
0 1012
4 1012
0 269
0 467
1 504
30 1110
1 585
0 2128
6 2128
4 2128
2 960
0 1483
23 1536
7 1536
0 1110
2 1069
4 1069
0 1069
1 1014
32 811
0 1110
0 423
0 93
6 183
0 384
0 724
2 2375
3 2375
7 2375
0 178
15 788
2 788
7 788
8 788
18 788
0 788
1 788
13 788
4 788
0 203
4 226
1 4949
16 4949
2 4949
20 4949
43 4949
138 4949
129 4949
0 120
80 2150
0 2150
5 2150
0 653
3 689
20 2955
11 2955
9 2955
15 2955
12 2955
2 2955
8 2955
3 1695
1 439
2 439
0 225
13 2163
12 2163
337 13875
9 13875
145 13875
109 13875
138 13875
60 13875
50 13875
10 13875
284 13875
70 13875
2214 13875
136 13875
28 13875
1 13875
7 2339
3 222
4 150
4 1164
12 1164
24 1164
2 2347
0 2347
1 2347
3 2347
0 633
0 384
30 3126
39 3126
6 3126
10 3126
20 3126
23 3126
29 3126
4 1078
0 1078
25 1078
0 267
0 1926
28 526
1 812
11 858
18 5657
43 5657
14 5657
21 5657
3 5657
23 5657
95 5657
36 5657
1 1042
0 423
0 218
3 172
57 1307
104 1021
0 384
0 400
1 240
1 247
2 176
0 247
1 124
1 618
0 247
8 1708
29 1708
42 1708
25 1708
0 762
1 762
2 152
6 371
0 264
1 442
0 442
0 389
81 5642
30 5642
138 5642
254 5642
95 5642
38 5642
4 5642
1 416
0 223
0 86
17 543
3 1403
0 1403
1 679
1 2517
0 87
29 689
7 336
0 89
0 153
6 1403
0 1963
7 1963
6 2002
11 2002
2 2002
6 147
1 147
9 163
0 264
1 1539
7 264
1 590
0 181
23 241
3 465
81 764
123 764
13 764
11 295
1 1652
2 1652
0 1967
0 86
0 1110
2 1183
0 1183
1 1183
0 876
0 389
0 1124
2 1124
9 1014
0 961
3 961
8 961
0 526
0 359
21 1130
3 257
2 1386
4 842
12 1042
0 257
7 2403
39 2403
11 2403
0 106
0 375
20 617
0 270
0 270
1 340
15 327
0 380
1 518
0 587
1 587
0 384
0 424
0 264
0 699
4 1317
0 1317
1 1317
1 120
8 594
0 538
0 603
9 1130
0 344
0 240
1 1241
0 122
0 855
0 1898
1 1898
0 1898
1 1898
0 384
2 17
2 914
4 777
6 163
8 4713
14 4713
1 4713
319 4713
0 4713
10 4713
0 44
4 2150
22 2150
11 2150
25 2150
2 402
24 266
0 781
1 781
3 781
2 781
22 664
2 689
0 874
0 796
0 796
74 1464
1 1464
4 1464
0 548
0 382
3 233
2 663
14 257
7 506
3 1012
3 257
2 626
0 371
55 782
9 3816
0 3816
4 3816
8 3816
2 3816
6 3816
50 3816
0 340
0 1347
1 1347
0 149
0 554
4 364
23 364
15 295
46 435
1 695
17 1247
31 1247
3 423
2 914
0 265
4 631
2 631
0 186
0 518
6 171
30 511
2 431
4 2308
0 2308
38 2303
6 2303
4 145
2 145
18 145
1 467
9 518
1 405
3 318
1 423
1 324
1 389
34 8726
5 8726
145 8726
23 8726
195 8726
10 8726
205 8726
40 8726
4 8726
2 8726
27 8726
32 8726
31 8726
3 422
3 108
0 456
0 1036
1 1036
22 391
0 344
0 679
2 154
32 397
13 3066
7 3066
12 3066
1 1214
13 1214
6 1595
83 1595
25 764
0 457
0 368
0 376
2 209
2 209
2 1191
0 1191
0 592
7 378
70 141
0 389
0 446
2 264
0 526
4 1110
1287 12734
23 12734
0 12734
114 12734
67 12734
85 12734
991 12734
57 12734
11 12734
188 12734
153 12734
140 12734
294 12734
224 12734
121 12734
262 12734
343 12734
171 12734
0 203
0 89
1 653
16 295
0 841
0 441
3 384
0 876
37 1264
141 1264
65 1264
0 404
1 1483
0 1110
1 590
1 590
2 264
0 107
10 1386
0 148
0 89
21 842
28 461
2 669
0 669
6 737
2 699
3 423
4 737
0 107
0 107
1 148
0 473
16 2629
18 2629
7 2629
2 2629
0 384
1 1589
2 1589
0 1589
4 113
0 2696
1 2696
3 2696
0 774
4 664
112 987
1 987
0 987
34 4344
9 4344
15 4344
23 4344
8 4344
11 4344
17 4344
3 222
3 626
37 1376
2 1376
35 1376
4 1376
0 558
0 680
6 680
3 234
5 177
5 177
1 384
0 441
17 441
4 376
1 1511
4 1511
3 522
1 522
0 169
1 737
6 664
3 479
0 2238
1 2238
13 2238
8 2238
18 1074
12 737
1 762
1 2517
38 788
0 2300
3 2300
4 762
0 618
0 183
0 270
4 558
0 252
13 295
26 1913
81 1913
4 656
8 656
1 656
0 240
1 423
118 764
0 373
14 446
3 357
3 423
5 632
1 590
1 562
14 456
0 9
293 587
0 562
31 1014
2 774
0 404
3 567
6 1407
3 594
1 690
0 690
0 250
1 127
0 295
29 2725
42 2725
37 2725
40 2725
17 2725
1 442
0 442
1 518
0 508
0 269
1 269
0 38
21 6094
86 6094
73 6094
94 6094
99 6094
3 1370
2 2737
35 2737
61 1409
21 526
7 465
1 339
2 960
1 960
34 382
1 295
0 404
3 431
8 1536
2 615
0 844
1 308
1 504
0 560
0 730
1 730
1 764
2 1701
2 240
17 283
0 596
0 392
4 2339
9 2339
0 303
0 461
20 563
27 438
0 122
21 980
11 980
10 845
0 665
16 378
1 352
1 889
4 889
0 189
1 431
0 751
12 526
2 1955
8 1955
0 1955
12 1955
7 1955
3 1955
268 9453
222 9453
271 9453
87 9453
75 9453
378 9453
22 9453
202 9453
110 9453
272 9453
191 9453
248 9453
104 9453
172 9453
166 9453
12 3604
67 3604
92 3604
783 3604
49 3604
4 2982
10 2982
1 2982
6 2982
17 2982
7 1152
7 499
0 181
1 181
10 249
9 613
10 395
2 575
0 122
4 1114
0 1114
38 283
34 283
4 241
3 55
9 655
5 1887
13 1887
59 1887
2 7512
8 7512
6 7512
10 7512
45 7512
12 7512
3 7512
154 7512
37 7512
386 7512
53 7512
4 7512
26 7512
15 7512
184 7512
5 328
11 623
7 106
6 82
5 305
1 196
20 151
16 439
10 328
20 2031
125 4370
112 4370
102 4370
123 4370
60 4370
87 4370
91 4370
84 4370
5 340
0 360
1 269
3 413
18 887
2 187
11 187
2 534
1 1539
23 726
15 257
6 202
2 764
1 764
0 473
7 729
5 729
6 729
4 174
10 593
1 326
9 282
1 59
7 2849
131 2849
16 2849
91 2849
0 225
14 435
2 435
1 522
4 146
0 479
15 399
1 587
1 562
23 788
13 788
17 788
24 788
25 788
0 788
4 788
31 788
18 788
33 473
18 473
6 1528
1 1528
49 1904
24 1904
8 733
0 219
8 2417
1 2417
71 594
46 594
49 594
1 620
0 620
3 476
18 476
0 405
26 1695
0 91
5 91
0 1223
1 1223
3 1223
4 479
1 328
29 1879
10 1879
13 4834
37 4834
16 4834
0 4834
48 4834
22 4834
0 145
17 739
5 336
21 361
9 177
5 413
34 759
2 191
6 191
26 240
5 233
2 177
0 176
2 318
8 807
15 807
0 761
3 446
1 931
0 931
0 1074
29 812
10 287
11 764
0 1043
4 857
2 922
3 558
15 558
21 279
33 173
9 130
0 617
1 617
14 1707
3 1707
14 4275
10 4275
4 4275
6 4275
18 4275
1 1149
0 1149
3 1149
3 2971
5 2971
1 336
3 318
0 1026
0 92
1 92
0 311
1 161
2 774
4 127
0 379
13 400
3 428
5 381
0 562
1 497
2 393
7 279
0 323
13 395
19 223
0 362
18 509
22 2434
7 716
11 388
16 233
1 484
0 484
1 484
4 1075
4 1075
0 1075
1 1075
7 118
3 114
33 844
30 844
1 306
1 1742
3 1742
2 1742
0 441
0 655
111 764
15 509
334 3737
1 3737
10 3737
6 3737
13 562
269 2181
0 338
0 40
3 379
1 405
1 474
0 98
0 1143
13 368
5 699
3 343
14 126
3 1644
0 1644
4 767
8 767
60 767
7 20
14 310
4 354
0 61
4 297
87 727
0 395
0 1618
1 233
6 381
9 473
16 217
3 152
74 768
8 171
1 567
0 301
0 461
19 788
8 788
13 788
15 788
24 788
0 788
1 788
25 788
11 788
1 405
0 653
13 139
8 324
1 973
3 1386
0 633
11 664
16 1618
0 395
0 295
6 344
4 230
1109 2219
0 385
25 527
1 1926
2 1926
5 548
0 919
0 699
3 472
2 327
1 821
2 821
3 821
0 526
17 567
41 1012
13 1012
7 1012
3 562
59 739
2 266
11 227
0 241
7 635
4 391
7 177
7 407
7 435
29 535
19 527
0 371
1 371
1 240
0 57
32 297
0 262
1 361
13 1312
0 84
3 287
0 509
1 585
17 592
30 812
80 2339
14 290
0 948
1 948
1 448
32 973
6 360
1 389
76 1646
9 2101
0 2101
12 2101
15 2101
6 876
9 472
4 265
9 777
35 502
10 137
19 209
3 144
0 183
0 370
18 135
2 120
37 962
18 721
1 114
6 3218
7 1747
0 231
3 1110
0 153
1 290
1 397
4 325
22 319
12 382
96 5267
75 5267
46 5267
41 5267
258 5267
85 5267
153 5267
259 5267
21 5267
18 5267
35 5267
8 5267
51 5267
164 5267
10 1034
0 1034
37 2191
11 2191
19 247
16 247
103 1416
149 1027
10 319
11 1042
17 384
4 163
0 127
1 484
14 900
3 544
27 265
8 368
0 930
11 2416
8 2416
15 2416
39 919
0 407
0 382
0 247
0 233
0 1183
2 1183
1 1183
1 1185
0 382
2 340
1 3763
9 3763
4 177
2 477
0 141
0 242
3 295
4 295
4 395
31 615
3 308
1 1695
23 511
0 227
0 257
4 2339
1 395
0 359
0 761
3 257
0 176
5 336
0 195
0 365
1 240
1 230
6 196
5 338
9 1116
12 1116
10 1124
0 300
6 1623
43 906
0 57
0 188
2 1057
2 233
3 721
3 318
0 735
2 699
3 446
0 310
2 165
7 465
22 1130
66 679
1 392
9 348
0 1898
1 1898
7 472
1 950
0 950
5 950
0 191
13 1695
0 324
0 282
2 861
4 1695
13 360
7 960
3 388
1 1701
0 453
1 453
0 247
4 461
0 295
0 1042
12 549
19 319
6 1110
8 2517
7 866
13 866
12 141
7 387
2 48
1 1791
4 1791
6 511
2 275
8 286
0 423
0 191
15 950
0 509
0 861
0 364
12 364
0 378
6 3651
0 364
5 364
0 298
9 679
5 654
1 177
5 605
15 392
18 392
6 569
0 43
6 414
0 272
4 327
4 2050
3 2050
2 2050
6 617
6 927
22 1268
27 1268
36 1268
12 1413
78 157
8 317
34 790
394 790
0 812
18 1077
24 584
33 562
16 1360
3 1695
40 405
2 587
0 127
28 1592
9 1592
18 1719
5 1719
10 1719
0 548
3 548
4 195
5 352
0 1043
12 2703
10 2703
3 2703
2 2703
9 1165
8 395
3 1323
0 1323
2 1323
8 1323
5 1323
0 118
2 165
8 663
12 451
10 1536
0 1526
1 1526
20 1526
3 116
12 327
2 587
3 139
3 325
27 1288
3 116
9 240
1 217
106 712
8 1386
0 2339
20 2517
14 381
10 284
0 183
15 295
3 2517
13 2339
0 465
1 247
0 2517
0 55
2 281
1 247
19 1360
2 461
42 3761
1 590
7 594
33 378
14 1539
2 108
317 4338
187 1552
2 152
18 646
2 306
0 657
1 657
19 1042
32 421
3 1042
4 222
1 1034
0 270
0 1104
1 486
0 502
0 57
4 816
14 2365
37 1074
1 187
1 2236
2 2236
3 2236
4 2236
3 405
28 1110
1 497
21 222
0 120
0 151
1 1392
0 230
0 86
3 78
123 2339
0 9
1 1021
7 318
2 308
32 279
0 762
0 88
8 721
52 1027
1 500
1 89
4 86
11 159
11 733
20 725
1 276
1 497
4 1130
0 456
2 654
1 777
0 53
2 340
46 475
1 142
2 694
0 41
0 90
15 588
1 588
3 588
1 214
0 67
0 588
1 327
2 342
2 588
2 193
1 161
7 90
2 588
0 41
10 322
3 718
1 142
13 567
9 588
5 113
0 120
0 588
24 567
55 588
0 588
3 483
1 588
6 218
20 588
0 282
0 282
12 588
13 218
0 327
1 24
0 274
1 274
2 214
1 142
0 90
12 90
1 228
6 567
0 229
14 567
1 343
1 228
1 327
1 43
4 386
2 694
14 228
1 475
0 588
22 475
41 946
0 475
0 567
1 457
1 327
3 483
3 343
0 116
0 475
13 228
0 342
5 327
31 560
16 229
0 99
4 588
7 43
7 43
0 168
3 141
8 483
0 16
3 588
2 386
1 334
2 588
4 588
19 588
4 588
0 90
4 588
1 271
3 588
11 386
0 67
34 560
16 342
0 454
1 588
11 588
1 211
19 694
25 694
12 228
20 327
2 588
6 752
0 53
2 229
3 588
3 41
0 374
0 334
23 588
1 475
8 110
0 229
0 58
1 588
0 142
9 153
1 334
3 116
8 118
3 588
7 386
3 327
1 142
17 228
11 156
3 588
1 588
1 327
2 343
6 153
27 475
11 588
0 99
0 588
1 588
32 574
1 694
1 90
13 694
2 56
25 560
5 342
8 322
1 752
2 588
38 327
0 193
10 454
0 342
0 67
0 327
2 588
1 229
0 342
0 67
157 2673
0 211
3 483
0 327
2 228
4 33
4 962
1 1539
0 125
0 120
6 80
1 816
0 554
1 176
0 406
0 66
0 473
0 977
0 844
2 290
10 502
0 88
3 275
1 147
4 515
0 1205
0 1403
0 1695
16 605
4 605
3 1347
0 1347
1 1516
0 295
0 473
0 59
10 1021
4 788
17 228
0 1110
0 88
0 768
1 476
0 337
0 340
44 1695
0 127
1 308
0 378
0 241
11 452
0 284
2 1900
0 1900
1 3101
0 3101
0 6
4 218
10 664
0 158
0 423
1 951
2 951
0 623
0 399
2 1577
0 278
1 214
5 2150
0 2150
0 145
1 404
0 1074
3 336
0 362
4 594
0 216
1 439
2 527
1 1386
1 639
19 762
0 625
1 625
0 725
0 395
0 1036
0 1042
12 393
2 1539
1 368
3 1539
16 117
8 632
1 1042
1 518
4 567
0 452
1 1071
0 347
1 303
0 120
0 270
13 2237
0 2237
2 2237
3 2237
9 2237
0 233
176 1552
0 409
0 1230
2 1230
0 853
1 400
0 126
0 446
18 857
0 973
2 274
1 274
9 3390
47 3390
19 3390
20 3390
0 584
43 890
0 626
3 216
0 1346
0 247
8 287
3 79
0 196
16 191
106 7353
1 7353
105 7353
375 7353
131 7353
36 7353
80 7353
18 7353
14 7353
615 7353
4 7353
9 7353
3 7353
193 7353
8 7353
47 7353
0 141
1 2466
2 2466
0 2466
5 2466
1 1456
40 10604
51 10604
1 10604
14 10604
18 10604
2 10604
59 10604
127 10604
30 10604
64 10604
5 10604
37 10604
42 10604
17 10604
70 10604
107 10604
10 1655
14 1655
0 407
6 1162
13 1162
3 1162
7 1162
4 479
18 623
0 87
1 564
7 391
0 295
3 590
0 508
28 1695
3 47
35 788
26 788
30 788
28 788
33 788
2 788
4 788
29 788
24 788
1 230
0 739
0 436
2 1695
0 247
3 626
1 567
3 115
3 48
0 344
13 684
79 764
1 582
94 1072
20 1862
0 1862
1 369
9 876
1 625
0 233
3 937
0 937
5 937
0 230
1 421
0 272
0 218
2 812
23 826
0 919
7 887
1 1072
87 2339
5 958
0 958
2 1623
0 141
0 792
1 811
2 2330
1 2330
0 247
7 974
2 120
0 182
4 423
0 1967
0 30
0 384
2 549
22 1153
3 497
2 188
15 498
0 157
2 157
2 2339
3 950
1 57
7 135
0 473
0 962
0 448
0 163
0 414
12 1161
2 1161
3 1161
1 117
2 96
0 1403
0 1346
1 139
18 1110
0 473
2 318
0 318
1 700
0 162
11 1967
1 1539
0 1539
0 106
50 5662
33 5662
71 5662
77 5662
78 5662
8 1536
7 1536
6 625
26 2565
24 2565
23 2565
15 2565
20 2565
16 2565
20 1747
3 384
2 183
2 1249
0 1249
0 87
0 812
3 746
1 2128
0 2128
4 2128
0 473
2 67
2 124
24 178
0 764
2 379
1 2396
0 2396
2 2396
15 890
1 890
3 890
0 38
0 2407
3 2407
2 2407
8 2407
1 735
0 581
1 581
10 385
13 385
10 615
0 139
0 641
0 448
5 1064
0 1064
5 2225
0 89
0 941
0 89
0 1419
0 452
0 80
9 554
0 89
0 1294
19 1294
13 381
10 1948
2 1948
0 1948
1 1948
12 962
7 448
0 352
0 137
0 594
6 1708
0 1708
7 287
0 25
0 816
0 626
0 90
31 2339
0 1536
0 233
0 69
0 319
0 796
0 446
0 527
1 142
1 369
0 153
0 590
1 385
206 413
3 446
1 2395
0 2395
4 404
295 592
27 2163
23 2163
32 2163
4 55
15 191
1 2423
2 2423
0 2423
0 344
0 196
0 452
25 1403
1 1205
2 1205
3 1014
0 294
0 448
3 86
0 395
1 844
0 844
0 303
9 1360
0 812
0 107
0 562
2 479
6 467
5 1733
16 1733
11 1733
0 80
3 739
0 446
31 247
0 389
0 733
3 215
2 295
1 431
0 175
0 130
1 187
6 135
0 284
5 371
10 330
7 1724
3 1724
8 1724
1 549
1 919
58 1139
3 896
2 896
6 437
0 103
0 264
2 261
0 264
0 648
5 1577
2 1501
3 1501
1 1501
12 617
1 1618
0 285
2 504
0 115
1 48
0 247
0 737
0 223
0 509
0 311
4 594
3 477
0 345
3 733
2 789
1 789
0 605
12 1747
0 347
0 1511
1 1511
0 362
2 147
0 307
2 139
3 139
0 382
3 1766
31 788
2 788
5 788
4 788
21 788
0 788
1 788
22 788
3 788
9 694
0 694
3 307
1 174
4 371
2 1077
0 537
5 178
0 103
3 290
2 3159
4 3159
0 3159
0 1331
24 50
0 716
0 508
28 1909
28 1909
28 1909
0 1618
0 1618
1 384
1 384
0 102
0 94
1 585
0 474
32 535
0 261
0 295
0 169
0 148
8 183
5 876
3 733
8 1787
3 1787
0 1787
27 617
0 1553
2 1553
1 504
3 343
2 632
0 127
2 504
2 1083
2 65
49 1144
0 178
2 172
25 240
42 431
0 919
0 498
0 1618
5 1475
10 368
3 26
14 1965
56 1965
22 1965
51 1965
16 1965
95 1965
1 125
0 175
4 55
3 379
0 229
0 229
0 230
1 1042
0 344
7 323
1 746
11 876
2 479
27 406
3 504
1 171
24 575
6 764
4 1913
2 1913
2 1057
3 269
0 173
2 344
0 772
0 242
1 1695
2 1695
0 382
3 764
0 175
0 94
1 811
0 394
0 1287
0 176
2 139
0 310
0 360
5 230
1 811
1 381
2 1129
4 1129
5 1129
4 638
0 1071
10 1410
11 1410
0 1410
1 811
0 497
2 37
0 285
0 305
5 256
0 360
116 233
13 623
1 1061
3 260
0 452
0 563
4 592
5 144
8 327
0 617
0 337
1 362
451 5976
35 5976
8 5976
167 5976
187 5976
0 5976
181 5976
114 5976
45 5976
12 1075
6 379
14 661
0 162
11 2517
16 431
0 100
1 1386
22 850
1 511
1 405
0 1102
1 1102
0 370
0 196
1 361
8 841
0 698
0 124
0 290
1 218
1 439
14 229
0 349
0 89
0 360
12 333
11 333
0 526
0 122
0 412
0 196
1 874
0 247
0 896
1 338
2 338
3 142
40 1779
889 1779
10 1779
140 1779
1 1238
13 876
8 1853
11 1853
22 1853
26 592
3 564
1 173
0 1539
0 158
0 812
4 584
1 328
7 262
0 816
0 99
6 796
2 404
1 146
2 345
5 464
2 228
8 274
459 919
0 502
0 1110
2 122
4 446
5 518
0 141
1 585
0 561
1 2808
0 1357
202 1416
3 204
1 100
60 563
1 564
0 473
38 1110
0 339
163 327
4 308
8 295
3 587
0 777
0 558
1 149
6 209
1 279
5 962
14 3095
21 3095
31 3095
13 1617
6 1617
2 1617
4 1617
0 318
1 327
3 1767
15 1767
1 1767
2 1767
1 240
0 1071
0 522
0 1618
1 465
0 465
2 465
