0 384
1 375
0 392
1 576
0 576
1 776
0 776
4 511
31 2287
17 2287
11 745
0 745
17 914
1 338
0 448
1 691
0 691
0 183
3 914
20 1155
25 1155
160 1155
45 1155
29 1155
7 1370
5 1623
0 7389
5 7389
42 7389
93 7389
138 7389
33 7389
52 7389
51 7389
24 7389
10 7389
534 7389
0 2339
1 615
4 1288
1 176
6 1265
60 1265
19 1265
1 150
6 79
2 1983
3 1983
25 1983
26 1983
6 269
8 397
2 1208
1 1208
29 1208
44 1474
2 240
0 448
0 558
2 1113
1 1113
0 79
2 305
0 400
1 388
1 590
1 1483
4 152
5 152
0 796
38 1536
0 805
0 276
0 328
1 1267
2 1267
5 1267
14 1267
0 1267
0 522
5 198
29 1013
14 1013
3 152
0 1303
3 1008
0 1008
4 327
0 562
6 737
3 737
3 264
1 175
0 44
0 89
11 1913
8 1913
4 1539
0 973
0 855
0 301
41 7645
143 7645
1 7645
46 7645
191 7645
7 7645
2 7645
9 7645
11 7645
50 7645
75 7645
17 7645
18 7645
16 7645
76 7645
22 7645
49 7645
60 7645
149 7645
55 7645
276 9306
13 9306
72 9306
5 9306
4 9306
74 9306
0 9306
1 9306
8 9306
146 9306
32 9306
3 9306
46 9306
220 9306
2 9306
44 9306
20 9306
66 9306
7 3760
48 3760
1 3760
0 3760
11 3760
16 3760
5 3760
3 3760
1 689
13 295
3 1454
0 1454
2 1454
19 1454
0 626
0 203
0 405
2 794
0 794
0 844
91 657
0 1110
1 150
1 1071
0 812
1 812
1 422
8 896
0 395
6 2339
2 135
8 324
9 721
1 79
1 204
1 811
0 368
0 380
0 380
5 384
2 152
0 98
1 68
19 446
1 777
7 777
2 884
11 884
0 1514
13 876
17 348
0 169
2 663
0 663
1 303
0 240
0 441
17 1474
0 733
5 1077
0 404
1 973
0 138
32 1618
13 567
3 876
1 176
0 2150
32 2150
4 876
11 311
3 1597
18 1597
7 1597
1 1597
2 618
0 98
0 184
1 776
0 776
0 497
4 57
0 392
0 670
4 670
0 392
3 511
0 247
0 876
0 344
8 965
9 1539
0 509
4 215
3 176
4 215
4 215
3 1386
0 283
3 764
0 465
0 792
43 10782
5 10782
25 10782
45 10782
73 10782
62 10782
9 10782
179 10782
110 10782
154 10782
68 10782
83 10782
6 10782
14 10782
35 10782
47 10782
261 10782
77 10782
46 10782
38 10782
42 10782
19 10782
87 10782
0 10782
68 10782
90 10782
1 224
19 767
3 144
48 540
5 2510
56 2510
56 269
6 269
0 1269
1 1269
5 919
2 782
0 448
1 931
0 931
1 247
0 89
0 2038
16 2038
11 2038
2 446
0 737
0 1898
1 1898
33 584
7 1360
5 2257
16 2257
1 1695
1 2339
3 1072
1 746
2 746
2 2150
5 2150
24 3410
1 3410
4 3410
1 746
2 2150
7 2150
4 764
1 746
0 456
2 590
10 2449
0 2449
21 191
7 777
12 266
6 1027
12 976
88 976
42 3000
4 3000
61 3000
98 3000
70 3000
10 3000
2 202
1 456
15 777
3 381
2 295
1 186
1 441
0 94
12 68
1 287
0 240
38 142
0 240
8 655
1 1197
8 2831
5 2831
3 2831
0 2831
4 1331
0 4210
2 4210
52 4210
5 4210
11 4210
29 4210
36 4210
8 4210
3 4210
6 4210
65 4210
2 20
2 209
0 677
3 677
7 1547
6 1547
1 888
0 888
0 344
26 413
20 1012
3 1012
14 1012
0 269
1 467
3 504
32 1110
0 585
3 2128
5 2128
2 2128
2 960
1 1483
9 1536
1 1536
0 1110
2 1069
5 1069
0 1069
1 1014
60 811
0 1110
0 423
0 93
23 183
1 384
0 724
19 2375
8 2375
4 2375
1 178
33 788
10 788
17 788
25 788
35 788
0 788
6 788
34 788
15 788
3 203
6 226
1 4949
20 4949
3 4949
30 4949
49 4949
196 4949
147 4949
0 120
102 2150
8 2150
15 2150
0 653
3 689
18 2955
19 2955
14 2955
11 2955
10 2955
2 2955
8 2955
3 1695
3 439
3 439
0 225
33 2163
32 2163
351 13875
21 13875
312 13875
179 13875
310 13875
117 13875
124 13875
30 13875
374 13875
138 13875
2230 13875
174 13875
49 13875
4 13875
8 2339
2 222
0 150
4 1164
32 1164
67 1164
3 2347
0 2347
2 2347
1 2347
1 633
0 384
61 3126
70 3126
10 3126
43 3126
51 3126
53 3126
75 3126
4 1078
0 1078
24 1078
0 267
0 1926
13 526
1 812
11 858
39 5657
78 5657
58 5657
50 5657
17 5657
83 5657
137 5657
33 5657
1 1042
0 423
0 218
1 172
46 1307
106 1021
0 384
0 400
1 240
1 247
5 176
0 247
1 124
2 618
0 247
11 1708
50 1708
61 1708
39 1708
0 762
1 762
3 152
3 371
0 264
1 442
0 442
0 389
93 5642
34 5642
231 5642
298 5642
110 5642
46 5642
8 5642
3 416
0 223
0 86
11 543
6 1403
4 1403
1 679
1 2517
0 87
44 689
7 336
0 89
0 153
7 1403
0 1963
6 1963
18 2002
23 2002
2 2002
0 147
0 147
11 163
0 264
4 1539
4 264
1 590
0 181
14 241
4 465
115 764
216 764
13 764
11 295
1 1652
2 1652
0 1967
0 86
0 1110
1 1183
2 1183
0 1183
0 876
0 389
0 1124
4 1124
8 1014
0 961
4 961
10 961
0 526
0 359
22 1130
3 257
2 1386
5 842
17 1042
0 257
7 2403
49 2403
13 2403
0 106
1 375
21 617
0 270
0 270
0 340
13 327
0 380
1 518
0 587
1 587
0 384
0 424
0 264
2 699
3 1317
0 1317
14 1317
1 120
5 594
0 538
0 603
13 1130
0 344
0 240
1 1241
0 122
0 855
0 1898
1 1898
0 1898
1 1898
0 384
0 17
3 914
3 777
7 163
8 4713
22 4713
2 4713
511 4713
0 4713
13 4713
0 44
10 2150
32 2150
19 2150
37 2150
1 402
18 266
5 781
7 781
13 781
3 781
3 664
2 689
3 874
0 796
0 796
87 1464
1 1464
7 1464
0 548
0 382
3 233
2 663
12 257
10 506
41 1012
5 257
3 626
0 371
80 782
52 3816
1 3816
7 3816
8 3816
6 3816
5 3816
95 3816
0 340
0 1347
2 1347
0 149
1 554
4 364
21 364
11 295
45 435
2 695
20 1247
45 1247
4 423
3 914
0 265
5 631
2 631
0 186
0 518
5 171
22 511
4 431
12 2308
1 2308
44 2303
7 2303
5 145
3 145
20 145
1 467
3 518
1 405
3 318
1 423
5 324
1 389
51 8726
7 8726
126 8726
22 8726
351 8726
11 8726
155 8726
45 8726
3 8726
4 8726
61 8726
59 8726
212 8726
5 422
2 108
0 456
1 1036
0 1036
14 391
3 344
1 679
1 154
34 397
14 3066
9 3066
7 3066
19 1214
29 1214
5 1595
107 1595
5 764
0 457
0 368
0 376
2 209
2 209
1 1191
0 1191
0 592
1 378
3 141
0 389
0 446
3 264
0 526
4 1110
1303 12734
46 12734
0 12734
244 12734
63 12734
171 12734
1216 12734
207 12734
15 12734
265 12734
263 12734
218 12734
338 12734
340 12734
214 12734
298 12734
371 12734
237 12734
0 203
0 89
2 653
20 295
1 841
0 441
2 384
0 876
57 1264
65 1264
16 1264
0 404
2 1483
0 1110
1 590
1 590
2 264
0 107
16 1386
0 148
0 89
18 842
0 461
1 669
0 669
7 737
3 699
4 423
5 737
0 107
0 107
1 148
0 473
18 2629
12 2629
30 2629
2 2629
0 384
1 1589
3 1589
0 1589
6 113
0 2696
1 2696
50 2696
0 774
3 664
102 987
3 987
0 987
31 4344
11 4344
66 4344
41 4344
18 4344
22 4344
21 4344
3 222
11 626
7 1376
5 1376
1 1376
6 1376
0 558
0 680
5 680
3 234
4 177
4 177
0 384
1 441
15 441
6 376
2 1511
4 1511
4 522
1 522
0 169
5 737
3 664
2 479
0 2238
1 2238
20 2238
14 2238
18 1074
18 737
2 762
2 2517
24 788
0 2300
4 2300
9 762
0 618
0 183
0 270
3 558
0 252
23 295
62 1913
141 1913
3 656
8 656
2 656
0 240
3 423
128 764
0 373
11 446
4 357
4 423
11 632
1 590
1 562
20 456
0 9
78 587
0 562
31 1014
14 774
0 404
4 567
9 1407
3 594
1 690
0 690
0 250
1 127
0 295
34 2725
58 2725
51 2725
54 2725
27 2725
2 442
0 442
1 518
0 508
0 269
2 269
0 38
27 6094
111 6094
86 6094
132 6094
184 6094
1 1370
2 2737
60 2737
58 1409
24 526
11 465
1 339
2 960
1 960
32 382
1 295
0 404
3 431
11 1536
1 615
0 844
1 308
1 504
0 560
3 730
0 730
3 764
7 1701
0 240
4 283
0 596
0 392
4 2339
17 2339
0 303
0 461
18 563
27 438
4 122
24 980
10 980
10 845
0 665
16 378
5 352
5 889
20 889
0 189
6 431
0 751
17 526
3 1955
10 1955
1 1955
21 1955
8 1955
2 1955
367 9453
221 9453
331 9453
116 9453
101 9453
448 9453
35 9453
293 9453
154 9453
352 9453
176 9453
346 9453
136 9453
259 9453
189 9453
27 3604
141 3604
114 3604
606 3604
70 3604
1 2982
13 2982
4 2982
7 2982
14 2982
13 1152
9 499
0 181
1 181
11 249
9 613
12 395
0 575
0 122
7 1114
0 1114
21 283
28 283
7 241
3 55
14 655
4 1887
19 1887
70 1887
3 7512
9 7512
11 7512
33 7512
126 7512
6 7512
1 7512
171 7512
160 7512
181 7512
27 7512
4 7512
10 7512
283 7512
84 7512
4 328
11 623
7 106
7 82
10 305
1 196
21 151
10 439
19 328
23 2031
135 4370
121 4370
99 4370
134 4370
62 4370
109 4370
91 4370
84 4370
5 340
0 360
1 269
2 413
14 887
3 187
11 187
2 534
4 1539
25 726
15 257
3 202
6 764
2 764
0 473
9 729
5 729
7 729
5 174
12 593
1 326
18 282
1 59
10 2849
158 2849
27 2849
120 2849
0 225
12 435
2 435
2 522
2 146
0 479
19 399
3 587
1 562
36 788
23 788
26 788
34 788
33 788
2 788
8 788
38 788
25 788
34 473
25 473
29 1528
1 1528
48 1904
32 1904
9 733
1 219
6 2417
1 2417
74 594
47 594
59 594
4 620
2 620
4 476
22 476
2 405
50 1695
0 91
5 91
0 1223
1 1223
3 1223
3 479
1 328
31 1879
17 1879
8 4834
45 4834
19 4834
0 4834
92 4834
27 4834
0 145
24 739
4 336
26 361
3 177
7 413
23 759
0 191
5 191
26 240
7 233
3 177
3 176
10 318
15 807
28 807
2 761
3 446
1 931
0 931
1 1074
48 812
9 287
12 764
0 1043
6 857
2 922
3 558
13 558
27 279
25 173
5 130
48 617
68 617
20 1707
5 1707
12 4275
25 4275
16 4275
11 4275
33 4275
1 1149
0 1149
6 1149
11 2971
7 2971
1 336
4 318
0 1026
1 92
0 92
0 311
4 161
4 774
4 127
2 379
19 400
0 428
9 381
0 562
1 497
0 393
12 279
0 323
13 395
15 223
0 362
15 509
17 2434
5 716
14 388
9 233
1 484
0 484
1 484
7 1075
3 1075
0 1075
5 1075
9 118
5 114
31 844
40 844
9 306
4 1742
14 1742
6 1742
1 441
0 655
125 764
23 509
298 3737
4 3737
13 3737
12 3737
15 562
253 2181
0 338
0 40
6 379
1 405
1 474
0 98
6 1143
14 368
2 699
3 343
12 126
3 1644
0 1644
9 767
15 767
77 767
7 20
13 310
1 354
0 61
6 297
58 727
0 395
0 1618
0 233
12 381
9 473
18 217
3 152
98 768
12 171
2 567
4 301
3 461
35 788
22 788
29 788
31 788
37 788
0 788
6 788
39 788
27 788
1 405
0 653
12 139
13 324
2 973
1 1386
1 633
8 664
24 1618
0 395
0 295
4 344
3 230
295 2219
0 385
24 527
1 1926
1 1926
4 548
3 919
0 699
2 472
1 327
1 821
18 821
9 821
0 526
21 567
48 1012
18 1012
21 1012
3 562
57 739
10 266
13 227
0 241
11 635
12 391
5 177
9 407
12 435
31 535
16 527
1 371
1 371
0 240
0 57
13 297
0 262
1 361
14 1312
0 84
2 287
1 509
1 585
18 592
19 812
72 2339
8 290
0 948
1 948
10 448
20 973
7 360
1 389
37 1646
11 2101
3 2101
17 2101
31 2101
7 876
5 472
5 265
19 777
45 502
12 137
25 209
3 144
0 183
0 370
18 135
3 120
43 962
18 721
0 114
43 3218
7 1747
0 231
7 1110
0 153
3 290
1 397
4 325
22 319
17 382
144 5267
107 5267
91 5267
96 5267
331 5267
174 5267
195 5267
310 5267
52 5267
58 5267
54 5267
28 5267
110 5267
200 5267
102 1034
5 1034
56 2191
16 2191
21 247
18 247
106 1416
135 1027
10 319
12 1042
17 384
3 163
0 127
1 484
15 900
4 544
23 265
10 368
0 930
24 2416
33 2416
21 2416
30 919
0 407
0 382
0 247
0 233
1 1183
2 1183
0 1183
1 1185
0 382
2 340
2 3763
21 3763
0 177
5 477
0 141
0 242
4 295
6 295
7 395
32 615
3 308
4 1695
29 511
0 227
0 257
4 2339
1 395
0 359
1 761
2 257
0 176
3 336
2 195
0 365
0 240
3 230
6 196
5 338
14 1116
13 1116
12 1124
2 300
9 1623
44 906
1 57
0 188
4 1057
2 233
2 721
4 318
0 735
3 699
3 446
0 310
3 165
9 465
38 1130
29 679
3 392
9 348
0 1898
1 1898
3 472
1 950
0 950
6 950
0 191
15 1695
0 324
3 282
5 861
4 1695
19 360
13 960
5 388
3 1701
0 453
1 453
0 247
5 461
0 295
0 1042
13 549
37 319
10 1110
37 2517
14 866
22 866
6 141
7 387
3 48
1 1791
42 1791
7 511
2 275
7 286
1 423
27 191
12 950
1 509
0 861
3 364
17 364
2 378
16 3651
3 364
13 364
1 298
18 679
7 654
0 177
4 605
22 392
23 392
6 569
0 43
2 414
0 272
9 327
11 2050
10 2050
6 2050
9 617
10 927
17 1268
47 1268
66 1268
9 1413
4 157
4 317
11 790
65 790
0 812
8 1077
36 584
43 562
6 1360
10 1695
39 405
4 587
0 127
30 1592
9 1592
24 1719
12 1719
15 1719
0 548
3 548
4 195
11 352
2 1043
16 2703
22 2703
8 2703
3 2703
8 1165
8 395
5 1323
1 1323
3 1323
9 1323
7 1323
0 118
6 165
21 663
27 451
19 1536
2 1526
9 1526
5 1526
3 116
11 327
3 587
9 139
2 325
25 1288
2 116
25 240
1 217
115 712
4 1386
1 2339
20 2517
14 381
9 284
7 183
16 295
2 2517
39 2339
2 465
1 247
0 2517
0 55
4 281
12 247
8 1360
2 461
26 3761
0 590
9 594
48 378
6 1539
2 108
314 4338
155 1552
3 152
21 646
4 306
0 657
2 657
16 1042
18 421
4 1042
4 222
6 1034
0 270
0 1104
6 486
0 502
0 57
1 816
15 2365
40 1074
1 187
1 2236
2 2236
3 2236
5 2236
1 405
33 1110
2 497
18 222
0 120
0 151
1 1392
0 230
0 86
0 78
69 2339
0 9
1 1021
9 318
3 308
33 279
1 762
0 88
6 721
54 1027
1 500
1 89
4 86
13 159
10 733
16 725
1 276
1 497
6 1130
0 456
3 654
2 777
0 53
2 340
38 475
2 142
0 694
0 41
0 90
0 588
1 588
3 588
0 214
0 67
1 588
1 327
6 342
4 588
2 193
2 161
7 90
3 588
0 41
10 322
3 718
2 142
9 567
11 588
5 113
0 120
0 588
45 567
54 588
0 588
2 483
0 588
2 218
8 588
0 282
0 282
11 588
17 218
0 327
1 24
0 274
6 274
2 214
0 142
2 90
12 90
2 228
13 567
1 229
14 567
2 343
2 228
1 327
1 43
8 386
2 694
9 228
1 475
0 588
14 475
52 946
0 475
0 567
4 457
4 327
4 483
3 343
0 116
0 475
14 228
0 342
7 327
22 560
20 229
0 99
4 588
7 43
6 43
0 168
3 141
13 483
0 16
7 588
3 386
1 334
17 588
14 588
30 588
17 588
0 90
4 588
1 271
2 588
11 386
1 67
31 560
14 342
1 454
4 588
10 588
2 211
20 694
30 694
13 228
21 327
3 588
6 752
0 53
3 229
7 588
3 41
1 374
0 334
19 588
1 475
8 110
0 229
0 58
1 588
0 142
8 153
3 334
1 116
7 118
3 588
9 386
4 327
1 142
14 228
12 156
3 588
1 588
0 327
3 343
3 153
24 475
10 588
0 99
0 588
3 588
36 574
0 694
1 90
27 694
2 56
18 560
8 342
10 322
1 752
4 588
43 327
1 193
9 454
0 342
0 67
0 327
1 588
1 229
0 342
0 67
211 2673
0 211
3 483
0 327
5 228
4 33
10 962
1 1539
0 125
0 120
4 80
0 816
0 554
0 176
0 406
0 66
14 473
0 977
0 844
2 290
18 502
0 88
3 275
3 147
8 515
0 1205
1 1403
0 1695
23 605
3 605
1 1347
0 1347
1 1516
0 295
0 473
0 59
17 1021
5 788
17 228
0 1110
0 88
1 768
2 476
0 337
2 340
41 1695
0 127
2 308
1 378
0 241
19 452
0 284
1 1900
0 1900
1 3101
0 3101
0 6
0 218
10 664
0 158
0 423
4 951
1 951
0 623
0 399
4 1577
0 278
1 214
5 2150
0 2150
0 145
1 404
0 1074
4 336
0 362
6 594
1 216
0 439
1 527
1 1386
1 639
18 762
0 625
1 625
0 725
0 395
0 1036
0 1042
13 393
1 1539
1 368
2 1539
18 117
7 632
4 1042
0 518
6 567
0 452
1 1071
0 347
0 303
0 120
0 270
37 2237
0 2237
7 2237
8 2237
22 2237
0 233
155 1552
0 409
0 1230
2 1230
0 853
2 400
0 126
0 446
18 857
1 973
2 274
1 274
13 3390
71 3390
23 3390
26 3390
0 584
40 890
0 626
3 216
0 1346
0 247
7 287
2 79
0 196
12 191
349 7353
1 7353
99 7353
451 7353
200 7353
68 7353
297 7353
8 7353
7 7353
526 7353
10 7353
197 7353
4 7353
505 7353
2 7353
17 7353
0 141
5 2466
6 2466
0 2466
17 2466
2 1456
162 10604
84 10604
0 10604
93 10604
143 10604
6 10604
186 10604
146 10604
61 10604
169 10604
31 10604
183 10604
135 10604
27 10604
144 10604
252 10604
11 1655
16 1655
0 407
8 1162
17 1162
5 1162
9 1162
3 479
32 623
0 87
2 564
5 391
0 295
3 590
0 508
8 1695
4 47
31 788
18 788
24 788
30 788
32 788
1 788
7 788
27 788
16 788
1 230
0 739
1 436
1 1695
0 247
2 626
0 567
1 115
3 48
0 344
34 684
182 764
5 582
94 1072
31 1862
2 1862
1 369
3 876
1 625
4 233
3 937
1 937
20 937
0 230
1 421
0 272
0 218
5 812
33 826
0 919
9 887
1 1072
127 2339
6 958
1 958
3 1623
0 141
1 792
2 811
4 2330
1 2330
0 247
11 974
3 120
1 182
5 423
1 1967
0 30
0 384
11 549
2 1153
2 497
2 188
21 498
0 157
5 157
1 2339
6 950
1 57
10 135
0 473
0 962
0 448
0 163
0 414
15 1161
3 1161
1 1161
1 117
2 96
0 1403
0 1346
1 139
10 1110
0 473
1 318
0 318
3 700
0 162
21 1967
2 1539
0 1539
0 106
115 5662
72 5662
145 5662
119 5662
139 5662
4 1536
5 1536
6 625
8 2565
1 2565
3 2565
7 2565
6 2565
9 2565
6 1747
0 384
10 183
1 1249
0 1249
0 87
0 812
1 746
3 2128
0 2128
1 2128
0 473
2 67
3 124
31 178
1 764
6 379
2 2396
0 2396
1 2396
14 890
0 890
5 890
0 38
0 2407
1 2407
4 2407
8 2407
1 735
5 581
7 581
15 385
13 385
9 615
0 139
0 641
0 448
11 1064
0 1064
3 2225
0 89
2 941
0 89
0 1419
0 452
0 80
21 554
0 89
0 1294
19 1294
18 381
11 1948
1 1948
3 1948
0 1948
29 962
11 448
0 352
0 137
0 594
11 1708
0 1708
8 287
0 25
0 816
0 626
0 90
32 2339
0 1536
0 233
9 69
0 319
0 796
0 446
0 527
1 142
0 369
0 153
0 590
0 385
19 413
5 446
7 2395
0 2395
3 404
295 592
13 2163
10 2163
12 2163
4 55
25 191
0 2423
10 2423
1 2423
1 344
0 196
0 452
24 1403
0 1205
1 1205
3 1014
0 294
0 448
0 86
0 395
2 844
0 844
0 303
0 1360
0 812
3 107
0 562
2 479
9 467
0 1733
10 1733
6 1733
0 80
0 739
0 446
20 247
0 389
0 733
3 215
2 295
5 431
0 175
0 130
1 187
11 135
0 284
2 371
12 330
17 1724
8 1724
21 1724
2 549
1 919
48 1139
2 896
3 896
8 437
1 103
0 264
2 261
1 264
0 648
7 1577
2 1501
3 1501
1 1501
20 617
2 1618
0 285
1 504
0 115
1 48
0 247
1 737
0 223
0 509
0 311
16 594
4 477
0 345
3 733
2 789
4 789
0 605
20 1747
0 347
1 1511
2 1511
0 362
1 147
0 307
0 139
1 139
0 382
2 1766
33 788
10 788
18 788
24 788
35 788
0 788
3 788
37 788
14 788
0 694
2 694
4 307
1 174
6 371
1 1077
0 537
5 178
0 103
3 290
3 3159
2 3159
0 3159
0 1331
10 50
0 716
0 508
11 1909
8 1909
10 1909
0 1618
0 1618
1 384
1 384
0 102
0 94
0 585
0 474
27 535
0 261
0 295
0 169
0 148
8 183
4 876
3 733
15 1787
3 1787
0 1787
28 617
0 1553
2 1553
1 504
4 343
3 632
0 127
2 504
35 1083
2 65
45 1144
0 178
2 172
22 240
43 431
1 919
5 498
3 1618
4 1475
11 368
0 26
28 1965
60 1965
26 1965
65 1965
22 1965
101 1965
1 125
0 175
4 55
9 379
0 229
1 229
0 230
1 1042
0 344
0 323
1 746
2 876
2 479
3 406
5 504
0 171
52 575
13 764
8 1913
3 1913
6 1057
4 269
1 173
2 344
0 772
0 242
1 1695
2 1695
0 382
2 764
0 175
0 94
0 811
0 394
1 1287
0 176
1 139
0 310
0 360
4 230
0 811
2 381
5 1129
3 1129
13 1129
21 638
0 1071
49 1410
0 1410
1 1410
0 811
0 497
3 37
0 285
0 305
4 256
0 360
5 233
1 623
1 1061
0 260
0 452
0 563
1 592
6 144
13 327
0 617
0 337
0 362
272 5976
64 5976
11 5976
71 5976
148 5976
0 5976
38 5976
61 5976
29 5976
5 1075
1 379
17 661
0 162
16 2517
13 431
1 100
1 1386
30 850
2 511
1 405
1 1102
0 1102
0 370
3 196
1 361
8 841
1 698
0 124
0 290
2 218
5 439
10 229
0 349
0 89
0 360
2 333
2 333
1 526
0 122
0 412
0 196
3 874
0 247
0 896
1 338
3 338
3 142
6 1779
229 1779
5 1779
112 1779
0 1238
7 876
20 1853
36 1853
63 1853
28 592
0 564
2 173
0 1539
0 158
0 812
9 584
2 328
8 262
0 816
0 99
14 796
0 404
0 146
0 345
13 464
4 228
12 274
62 919
0 502
0 1110
2 122
5 446
4 518
2 141
1 585
0 561
1 2808
0 1357
238 1416
2 204
1 100
75 563
5 564
0 473
40 1110
0 339
64 327
4 308
12 295
2 587
0 777
0 558
0 149
10 209
2 279
6 962
14 3095
24 3095
31 3095
30 1617
8 1617
3 1617
4 1617
0 318
1 327
10 1767
20 1767
1 1767
2 1767
1 240
1 1071
0 522
0 1618
2 465
0 465
3 465
