0 384
1 375
0 392
1 576
0 576
1 776
0 776
3 511
34 2287
16 2287
8 745
0 745
18 914
1 338
0 448
1 691
0 691
0 183
3 914
22 1155
24 1155
163 1155
52 1155
29 1155
9 1370
4 1623
0 7389
4 7389
41 7389
96 7389
139 7389
33 7389
61 7389
60 7389
24 7389
10 7389
539 7389
0 2339
1 615
4 1288
1 176
6 1265
62 1265
20 1265
1 150
6 79
2 1983
3 1983
28 1983
31 1983
7 269
7 397
2 1208
1 1208
30 1208
43 1474
2 240
0 448
0 558
3 1113
2 1113
0 79
2 305
0 400
1 388
1 590
1 1483
4 152
4 152
0 796
46 1536
1 805
0 276
0 328
1 1267
3 1267
5 1267
17 1267
0 1267
0 522
4 198
36 1013
21 1013
3 152
0 1303
2 1008
1 1008
4 327
1 562
7 737
5 737
4 264
1 175
0 44
0 89
12 1913
8 1913
4 1539
0 973
0 855
0 301
42 7645
149 7645
1 7645
48 7645
191 7645
7 7645
2 7645
9 7645
11 7645
55 7645
72 7645
17 7645
19 7645
16 7645
76 7645
22 7645
49 7645
65 7645
147 7645
59 7645
308 9306
12 9306
65 9306
5 9306
4 9306
89 9306
0 9306
1 9306
6 9306
163 9306
35 9306
3 9306
49 9306
213 9306
2 9306
47 9306
26 9306
50 9306
6 3760
54 3760
1 3760
0 3760
11 3760
16 3760
7 3760
3 3760
1 689
10 295
3 1454
0 1454
2 1454
18 1454
0 626
0 203
0 405
2 794
0 794
0 844
88 657
0 1110
1 150
1 1071
0 812
0 812
1 422
9 896
0 395
4 2339
0 135
11 324
9 721
0 79
2 204
1 811
0 368
0 380
0 380
5 384
2 152
0 98
1 68
22 446
2 777
8 777
2 884
11 884
0 1514
24 876
14 348
0 169
2 663
0 663
1 303
0 240
0 441
25 1474
0 733
7 1077
0 404
1 973
0 138
36 1618
12 567
7 876
1 176
1 2150
36 2150
7 876
11 311
5 1597
15 1597
7 1597
1 1597
2 618
0 98
0 184
1 776
0 776
0 497
4 57
0 392
0 670
4 670
0 392
3 511
0 247
0 876
1 344
11 965
5 1539
1 509
4 215
3 176
4 215
4 215
2 1386
0 283
2 764
0 465
1 792
48 10782
5 10782
30 10782
42 10782
67 10782
76 10782
11 10782
160 10782
105 10782
149 10782
75 10782
83 10782
6 10782
15 10782
39 10782
51 10782
275 10782
53 10782
43 10782
33 10782
44 10782
19 10782
87 10782
0 10782
75 10782
91 10782
0 224
17 767
4 144
46 540
5 2510
58 2510
58 269
12 269
0 1269
1 1269
5 919
2 782
0 448
1 931
0 931
1 247
0 89
0 2038
17 2038
11 2038
2 446
0 737
0 1898
1 1898
33 584
7 1360
5 2257
19 2257
1 1695
1 2339
3 1072
1 746
2 746
2 2150
5 2150
20 3410
1 3410
5 3410
1 746
2 2150
7 2150
2 764
1 746
0 456
2 590
11 2449
0 2449
14 191
7 777
13 266
5 1027
11 976
101 976
44 3000
4 3000
50 3000
99 3000
48 3000
9 3000
2 202
1 456
15 777
3 381
3 295
0 186
1 441
0 94
13 68
1 287
0 240
39 142
0 240
9 655
0 1197
10 2831
6 2831
3 2831
0 2831
2 1331
0 4210
2 4210
57 4210
5 4210
11 4210
31 4210
37 4210
8 4210
4 4210
6 4210
70 4210
3 20
2 209
0 677
3 677
7 1547
6 1547
1 888
0 888
0 344
28 413
26 1012
7 1012
12 1012
0 269
1 467
3 504
35 1110
1 585
2 2128
7 2128
3 2128
2 960
2 1483
7 1536
3 1536
0 1110
2 1069
4 1069
0 1069
1 1014
56 811
0 1110
0 423
0 93
21 183
1 384
0 724
14 2375
4 2375
5 2375
1 178
29 788
8 788
13 788
23 788
33 788
0 788
5 788
32 788
11 788
3 203
6 226
1 4949
20 4949
3 4949
33 4949
47 4949
195 4949
156 4949
0 120
115 2150
8 2150
18 2150
0 653
3 689
19 2955
18 2955
11 2955
14 2955
13 2955
3 2955
8 2955
4 1695
3 439
3 439
0 225
33 2163
32 2163
386 13875
15 13875
308 13875
182 13875
281 13875
115 13875
140 13875
29 13875
358 13875
132 13875
2172 13875
164 13875
55 13875
4 13875
8 2339
2 222
0 150
4 1164
35 1164
47 1164
3 2347
0 2347
1 2347
2 2347
1 633
0 384
55 3126
68 3126
9 3126
40 3126
48 3126
49 3126
69 3126
4 1078
0 1078
24 1078
0 267
0 1926
19 526
1 812
12 858
29 5657
90 5657
60 5657
56 5657
19 5657
99 5657
141 5657
38 5657
1 1042
0 423
1 218
2 172
54 1307
103 1021
0 384
0 400
1 240
1 247
5 176
0 247
0 124
2 618
0 247
12 1708
55 1708
69 1708
44 1708
1 762
0 762
3 152
6 371
0 264
1 442
0 442
0 389
99 5642
32 5642
238 5642
296 5642
100 5642
50 5642
8 5642
3 416
0 223
0 86
11 543
4 1403
1 1403
1 679
1 2517
0 87
41 689
5 336
0 89
0 153
7 1403
0 1963
7 1963
15 2002
23 2002
2 2002
0 147
0 147
10 163
0 264
4 1539
3 264
1 590
0 181
17 241
5 465
70 764
120 764
15 764
12 295
1 1652
2 1652
0 1967
0 86
0 1110
2 1183
1 1183
0 1183
0 876
0 389
0 1124
4 1124
14 1014
0 961
4 961
11 961
0 526
0 359
21 1130
3 257
2 1386
5 842
17 1042
0 257
10 2403
68 2403
15 2403
0 106
1 375
19 617
0 270
0 270
0 340
15 327
0 380
1 518
0 587
2 587
0 384
0 424
0 264
2 699
5 1317
0 1317
15 1317
1 120
6 594
0 538
0 603
20 1130
0 344
0 240
4 1241
0 122
0 855
0 1898
1 1898
0 1898
1 1898
0 384
1 17
3 914
4 777
7 163
8 4713
21 4713
3 4713
518 4713
0 4713
13 4713
0 44
11 2150
37 2150
24 2150
42 2150
0 402
20 266
6 781
8 781
11 781
3 781
3 664
2 689
3 874
0 796
0 796
68 1464
1 1464
4 1464
0 548
0 382
3 233
2 663
13 257
13 506
41 1012
5 257
3 626
0 371
62 782
39 3816
1 3816
7 3816
9 3816
6 3816
5 3816
98 3816
0 340
0 1347
1 1347
0 149
1 554
4 364
22 364
12 295
48 435
3 695
20 1247
43 1247
6 423
2 914
0 265
4 631
2 631
0 186
0 518
3 171
34 511
4 431
12 2308
1 2308
44 2303
7 2303
5 145
3 145
21 145
2 467
5 518
1 405
3 318
1 423
6 324
1 389
52 8726
7 8726
142 8726
24 8726
364 8726
11 8726
167 8726
49 8726
3 8726
4 8726
59 8726
53 8726
202 8726
5 422
2 108
1 456
0 1036
1 1036
19 391
2 344
1 679
1 154
36 397
16 3066
15 3066
10 3066
17 1214
26 1214
6 1595
97 1595
5 764
0 457
0 368
0 376
2 209
2 209
1 1191
0 1191
0 592
1 378
5 141
0 389
0 446
3 264
0 526
4 1110
1341 12734
48 12734
0 12734
236 12734
62 12734
169 12734
1094 12734
171 12734
18 12734
303 12734
299 12734
243 12734
350 12734
311 12734
181 12734
274 12734
374 12734
238 12734
0 203
0 89
3 653
20 295
1 841
0 441
2 384
0 876
58 1264
66 1264
12 1264
0 404
2 1483
0 1110
1 590
1 590
3 264
0 107
20 1386
0 148
0 89
19 842
0 461
2 669
0 669
7 737
3 699
4 423
6 737
0 107
0 107
1 148
0 473
24 2629
15 2629
26 2629
3 2629
0 384
1 1589
3 1589
0 1589
7 113
0 2696
2 2696
60 2696
0 774
3 664
107 987
3 987
0 987
39 4344
14 4344
61 4344
27 4344
19 4344
25 4344
21 4344
3 222
11 626
17 1376
0 1376
4 1376
8 1376
0 558
0 680
6 680
3 234
4 177
2 177
0 384
1 441
15 441
5 376
2 1511
4 1511
7 522
1 522
0 169
4 737
4 664
3 479
0 2238
1 2238
21 2238
14 2238
19 1074
18 737
2 762
2 2517
40 788
0 2300
4 2300
9 762
1 618
0 183
0 270
3 558
0 252
16 295
58 1913
139 1913
3 656
8 656
2 656
0 240
4 423
151 764
0 373
14 446
5 357
4 423
9 632
1 590
1 562
22 456
0 9
293 587
1 562
31 1014
11 774
0 404
6 567
10 1407
3 594
1 690
0 690
0 250
0 127
0 295
37 2725
61 2725
56 2725
59 2725
30 2725
2 442
0 442
1 518
0 508
0 269
2 269
0 38
28 6094
111 6094
91 6094
137 6094
155 6094
4 1370
2 2737
65 2737
52 1409
22 526
12 465
4 339
2 960
1 960
32 382
2 295
0 404
3 431
15 1536
2 615
0 844
1 308
1 504
0 560
2 730
3 730
5 764
10 1701
0 240
12 283
0 596
0 392
5 2339
18 2339
0 303
0 461
20 563
30 438
4 122
26 980
10 980
12 845
2 665
16 378
5 352
7 889
18 889
0 189
4 431
0 751
20 526
3 1955
10 1955
1 1955
20 1955
9 1955
2 1955
359 9453
219 9453
335 9453
120 9453
103 9453
454 9453
36 9453
299 9453
150 9453
360 9453
180 9453
353 9453
138 9453
265 9453
194 9453
32 3604
153 3604
125 3604
596 3604
74 3604
4 2982
20 2982
1 2982
8 2982
27 2982
16 1152
15 499
0 181
1 181
11 249
9 613
10 395
1 575
0 122
3 1114
0 1114
18 283
21 283
7 241
3 55
15 655
4 1887
20 1887
66 1887
2 7512
13 7512
10 7512
11 7512
87 7512
14 7512
3 7512
132 7512
100 7512
220 7512
41 7512
7 7512
19 7512
278 7512
126 7512
4 328
13 623
7 106
7 82
10 305
1 196
20 151
15 439
19 328
22 2031
136 4370
123 4370
101 4370
135 4370
68 4370
113 4370
93 4370
86 4370
5 340
0 360
1 269
2 413
14 887
3 187
12 187
2 534
4 1539
25 726
16 257
3 202
8 764
2 764
0 473
9 729
7 729
8 729
5 174
14 593
1 326
19 282
1 59
12 2849
162 2849
30 2849
124 2849
0 225
16 435
7 435
4 522
3 146
0 479
20 399
2 587
1 562
35 788
21 788
25 788
32 788
31 788
1 788
10 788
38 788
26 788
34 473
27 473
23 1528
1 1528
49 1904
29 1904
10 733
1 219
6 2417
1 2417
75 594
49 594
57 594
7 620
4 620
3 476
23 476
2 405
55 1695
1 91
5 91
0 1223
1 1223
3 1223
3 479
1 328
36 1879
17 1879
10 4834
50 4834
19 4834
0 4834
82 4834
25 4834
0 145
21 739
4 336
26 361
3 177
9 413
25 759
0 191
5 191
29 240
7 233
2 177
3 176
8 318
12 807
27 807
0 761
4 446
1 931
0 931
1 1074
37 812
11 287
13 764
0 1043
6 857
2 922
3 558
13 558
30 279
27 173
10 130
29 617
9 617
20 1707
4 1707
13 4275
29 4275
16 4275
14 4275
39 4275
0 1149
1 1149
6 1149
11 2971
8 2971
1 336
4 318
0 1026
0 92
1 92
0 311
2 161
4 774
4 127
2 379
20 400
0 428
9 381
1 562
1 497
0 393
11 279
0 323
16 395
16 223
0 362
16 509
17 2434
6 716
15 388
8 233
1 484
1 484
1 484
7 1075
3 1075
0 1075
4 1075
9 118
5 114
23 844
33 844
11 306
4 1742
14 1742
6 1742
0 441
0 655
123 764
22 509
299 3737
4 3737
16 3737
12 3737
10 562
257 2181
0 338
0 40
13 379
1 405
1 474
1 98
8 1143
16 368
2 699
4 343
12 126
3 1644
0 1644
8 767
14 767
69 767
7 20
17 310
1 354
0 61
7 297
67 727
0 395
0 1618
1 233
10 381
9 473
18 217
3 152
91 768
13 171
2 567
5 301
5 461
34 788
20 788
28 788
32 788
33 788
0 788
6 788
38 788
27 788
1 405
0 653
13 139
11 324
2 973
3 1386
1 633
9 664
28 1618
0 395
0 295
4 344
3 230
298 2219
0 385
24 527
1 1926
1 1926
4 548
3 919
0 699
2 472
1 327
1 821
12 821
13 821
1 526
22 567
55 1012
24 1012
26 1012
3 562
58 739
10 266
14 227
0 241
11 635
9 391
6 177
9 407
10 435
34 535
17 527
1 371
1 371
1 240
0 57
13 297
0 262
3 361
15 1312
0 84
2 287
1 509
1 585
30 592
20 812
59 2339
16 290
0 948
1 948
10 448
16 973
9 360
1 389
54 1646
11 2101
2 2101
18 2101
27 2101
7 876
9 472
5 265
18 777
47 502
13 137
26 209
3 144
0 183
0 370
18 135
3 120
42 962
21 721
0 114
47 3218
7 1747
0 231
10 1110
0 153
3 290
1 397
4 325
22 319
15 382
138 5267
113 5267
98 5267
66 5267
310 5267
186 5267
195 5267
324 5267
34 5267
31 5267
53 5267
13 5267
91 5267
201 5267
66 1034
3 1034
55 2191
20 2191
20 247
16 247
115 1416
142 1027
11 319
12 1042
17 384
3 163
0 127
1 484
15 900
4 544
25 265
11 368
1 930
25 2416
37 2416
22 2416
32 919
0 407
0 382
0 247
0 233
1 1183
2 1183
0 1183
1 1185
0 382
2 340
2 3763
23 3763
0 177
6 477
0 141
0 242
4 295
6 295
6 395
34 615
3 308
4 1695
31 511
0 227
0 257
5 2339
1 395
0 359
0 761
2 257
0 176
4 336
2 195
1 365
0 240
3 230
6 196
6 338
15 1116
13 1116
11 1124
2 300
8 1623
38 906
2 57
0 188
5 1057
2 233
5 721
5 318
0 735
2 699
3 446
0 310
3 165
10 465
42 1130
28 679
3 392
11 348
0 1898
1 1898
4 472
1 950
0 950
6 950
0 191
17 1695
0 324
3 282
5 861
4 1695
22 360
13 960
9 388
3 1701
0 453
1 453
0 247
5 461
0 295
0 1042
16 549
23 319
11 1110
47 2517
14 866
24 866
11 141
7 387
3 48
1 1791
31 1791
5 511
2 275
8 286
2 423
20 191
16 950
2 509
0 861
3 364
20 364
2 378
18 3651
3 364
15 364
1 298
24 679
6 654
0 177
4 605
20 392
23 392
7 569
0 43
3 414
0 272
9 327
16 2050
13 2050
8 2050
9 617
9 927
18 1268
36 1268
60 1268
10 1413
4 157
5 317
12 790
70 790
0 812
15 1077
26 584
30 562
6 1360
10 1695
40 405
4 587
0 127
32 1592
9 1592
25 1719
13 1719
16 1719
0 548
3 548
4 195
13 352
2 1043
16 2703
22 2703
7 2703
3 2703
6 1165
7 395
5 1323
1 1323
3 1323
11 1323
8 1323
0 118
8 165
20 663
30 451
22 1536
2 1526
9 1526
5 1526
3 116
11 327
3 587
10 139
2 325
30 1288
2 116
25 240
1 217
114 712
6 1386
0 2339
19 2517
15 381
11 284
6 183
17 295
2 2517
45 2339
2 465
1 247
0 2517
0 55
3 281
5 247
7 1360
2 461
30 3761
1 590
10 594
43 378
6 1539
2 108
340 4338
155 1552
3 152
25 646
4 306
0 657
2 657
19 1042
17 421
4 1042
4 222
6 1034
0 270
0 1104
6 486
0 502
0 57
1 816
16 2365
41 1074
1 187
1 2236
2 2236
3 2236
6 2236
1 405
32 1110
2 497
19 222
0 120
0 151
1 1392
0 230
0 86
2 78
85 2339
0 9
1 1021
11 318
5 308
36 279
1 762
0 88
7 721
58 1027
1 500
1 89
4 86
11 159
10 733
12 725
1 276
2 497
6 1130
0 456
2 654
2 777
0 53
3 340
39 475
2 142
0 694
0 41
0 90
3 588
1 588
2 588
0 214
0 67
1 588
1 327
7 342
5 588
2 193
2 161
7 90
3 588
0 41
9 322
3 718
2 142
10 567
11 588
5 113
0 120
0 588
47 567
60 588
0 588
3 483
0 588
4 218
10 588
0 282
0 282
12 588
15 218
0 327
1 24
0 274
5 274
2 214
1 142
1 90
12 90
2 228
14 567
1 229
16 567
2 343
1 228
1 327
1 43
6 386
2 694
11 228
1 475
0 588
20 475
56 946
0 475
0 567
4 457
4 327
4 483
2 343
0 116
0 475
13 228
0 342
7 327
24 560
23 229
0 99
5 588
7 43
6 43
0 168
4 141
13 483
0 16
7 588
5 386
1 334
18 588
13 588
30 588
19 588
0 90
3 588
1 271
3 588
11 386
1 67
38 560
10 342
1 454
3 588
9 588
2 211
12 694
29 694
13 228
21 327
4 588
6 752
0 53
4 229
6 588
3 41
1 374
0 334
19 588
1 475
8 110
0 229
0 58
1 588
0 142
4 153
3 334
1 116
7 118
3 588
7 386
5 327
1 142
15 228
12 156
3 588
1 588
1 327
2 343
4 153
24 475
11 588
0 99
0 588
3 588
35 574
0 694
1 90
22 694
2 56
20 560
8 342
8 322
1 752
3 588
46 327
1 193
8 454
0 342
0 67
0 327
1 588
1 229
0 342
0 67
211 2673
0 211
4 483
0 327
5 228
4 33
12 962
1 1539
0 125
0 120
5 80
0 816
0 554
0 176
0 406
0 66
16 473
0 977
0 844
2 290
17 502
0 88
4 275
3 147
10 515
0 1205
0 1403
0 1695
20 605
7 605
1 1347
0 1347
1 1516
0 295
0 473
0 59
17 1021
2 788
18 228
0 1110
0 88
1 768
2 476
0 337
2 340
52 1695
0 127
2 308
1 378
0 241
17 452
0 284
1 1900
0 1900
1 3101
0 3101
0 6
1 218
7 664
0 158
0 423
4 951
1 951
0 623
0 399
3 1577
0 278
1 214
6 2150
0 2150
0 145
1 404
0 1074
4 336
0 362
6 594
1 216
0 439
2 527
1 1386
1 639
16 762
0 625
1 625
0 725
0 395
0 1036
0 1042
14 393
2 1539
1 368
2 1539
19 117
1 632
4 1042
3 518
9 567
0 452
1 1071
0 347
1 303
0 120
0 270
41 2237
0 2237
7 2237
8 2237
22 2237
0 233
171 1552
0 409
0 1230
2 1230
0 853
2 400
0 126
0 446
16 857
1 973
2 274
1 274
14 3390
66 3390
25 3390
31 3390
0 584
42 890
0 626
3 216
0 1346
0 247
9 287
2 79
0 196
10 191
243 7353
4 7353
86 7353
518 7353
186 7353
57 7353
277 7353
10 7353
1 7353
652 7353
13 7353
116 7353
3 7353
406 7353
5 7353
34 7353
0 141
13 2466
7 2466
0 2466
24 2466
3 1456
132 10604
76 10604
1 10604
88 10604
142 10604
6 10604
202 10604
174 10604
53 10604
150 10604
37 10604
165 10604
138 10604
39 10604
137 10604
268 10604
12 1655
17 1655
0 407
10 1162
20 1162
5 1162
13 1162
3 479
28 623
0 87
3 564
5 391
0 295
7 590
0 508
12 1695
4 47
32 788
18 788
24 788
27 788
31 788
0 788
9 788
28 788
17 788
0 230
0 739
2 436
1 1695
0 247
5 626
0 567
0 115
3 48
0 344
32 684
173 764
5 582
86 1072
32 1862
2 1862
1 369
3 876
1 625
5 233
4 937
0 937
20 937
0 230
1 421
0 272
0 218
5 812
32 826
0 919
9 887
1 1072
108 2339
6 958
1 958
3 1623
0 141
1 792
2 811
7 2330
2 2330
0 247
11 974
1 120
1 182
5 423
3 1967
0 30
0 384
12 549
4 1153
4 497
1 188
22 498
0 157
5 157
1 2339
9 950
1 57
10 135
0 473
0 962
0 448
0 163
0 414
14 1161
4 1161
1 1161
1 117
3 96
0 1403
0 1346
1 139
10 1110
0 473
1 318
0 318
2 700
0 162
22 1967
2 1539
0 1539
0 106
119 5662
85 5662
153 5662
130 5662
152 5662
3 1536
5 1536
7 625
14 2565
6 2565
4 2565
7 2565
5 2565
3 2565
4 1747
0 384
8 183
1 1249
0 1249
0 87
0 812
2 746
3 2128
0 2128
1 2128
0 473
2 67
3 124
31 178
1 764
6 379
2 2396
0 2396
1 2396
14 890
1 890
4 890
0 38
0 2407
1 2407
4 2407
7 2407
2 735
5 581
8 581
16 385
13 385
8 615
0 139
0 641
0 448
14 1064
0 1064
5 2225
0 89
2 941
0 89
0 1419
1 452
0 80
19 554
0 89
0 1294
20 1294
19 381
4 1948
0 1948
3 1948
1 1948
26 962
10 448
0 352
0 137
0 594
7 1708
0 1708
11 287
0 25
0 816
0 626
1 90
40 2339
0 1536
0 233
6 69
0 319
0 796
0 446
0 527
1 142
3 369
0 153
0 590
0 385
23 413
6 446
4 2395
0 2395
7 404
295 592
21 2163
23 2163
20 2163
3 55
28 191
1 2423
10 2423
0 2423
1 344
0 196
0 452
18 1403
0 1205
2 1205
3 1014
0 294
0 448
0 86
0 395
2 844
0 844
1 303
0 1360
0 812
3 107
0 562
2 479
10 467
1 1733
11 1733
7 1733
0 80
0 739
0 446
22 247
0 389
0 733
3 215
2 295
3 431
0 175
0 130
1 187
12 135
1 284
3 371
15 330
18 1724
8 1724
23 1724
5 549
1 919
43 1139
2 896
3 896
9 437
1 103
0 264
2 261
1 264
0 648
7 1577
2 1501
3 1501
1 1501
18 617
1 1618
0 285
2 504
0 115
1 48
0 247
0 737
0 223
0 509
0 311
9 594
6 477
0 345
4 733
2 789
5 789
0 605
24 1747
0 347
2 1511
3 1511
0 362
1 147
0 307
0 139
1 139
0 382
2 1766
31 788
9 788
13 788
21 788
32 788
0 788
2 788
33 788
11 788
0 694
2 694
3 307
1 174
5 371
2 1077
0 537
5 178
0 103
3 290
1 3159
2 3159
0 3159
0 1331
10 50
0 716
0 508
13 1909
16 1909
12 1909
0 1618
0 1618
1 384
1 384
0 102
0 94
1 585
1 474
29 535
0 261
0 295
0 169
0 148
8 183
5 876
3 733
17 1787
3 1787
0 1787
33 617
0 1553
2 1553
2 504
4 343
3 632
0 127
1 504
16 1083
2 65
52 1144
0 178
2 172
28 240
43 431
1 919
8 498
4 1618
3 1475
11 368
2 26
28 1965
61 1965
22 1965
63 1965
24 1965
107 1965
1 125
0 175
5 55
12 379
0 229
1 229
0 230
1 1042
0 344
0 323
1 746
7 876
3 479
4 406
5 504
0 171
45 575
14 764
9 1913
3 1913
6 1057
8 269
1 173
3 344
0 772
0 242
1 1695
1 1695
0 382
4 764
0 175
0 94
0 811
0 394
0 1287
0 176
1 139
0 310
0 360
4 230
0 811
2 381
5 1129
3 1129
17 1129
17 638
0 1071
49 1410
0 1410
1 1410
0 811
0 497
3 37
0 285
0 305
5 256
0 360
6 233
8 623
3 1061
0 260
1 452
0 563
1 592
6 144
16 327
0 617
0 337
0 362
278 5976
51 5976
5 5976
108 5976
169 5976
0 5976
63 5976
57 5976
29 5976
5 1075
2 379
19 661
0 162
19 2517
14 431
1 100
1 1386
35 850
2 511
1 405
0 1102
1 1102
0 370
3 196
1 361
13 841
1 698
0 124
0 290
1 218
5 439
6 229
0 349
0 89
0 360
2 333
2 333
0 526
0 122
0 412
0 196
3 874
1 247
0 896
2 338
4 338
4 142
4 1779
167 1779
6 1779
101 1779
1 1238
10 876
21 1853
30 1853
38 1853
32 592
2 564
1 173
0 1539
0 158
0 812
8 584
2 328
7 262
0 816
0 99
16 796
0 404
1 146
0 345
12 464
4 228
14 274
70 919
0 502
0 1110
2 122
5 446
5 518
2 141
1 585
0 561
1 2808
0 1357
239 1416
3 204
1 100
62 563
6 564
0 473
38 1110
0 339
163 327
4 308
13 295
3 587
0 777
0 558
0 149
11 209
2 279
6 962
17 3095
28 3095
37 3095
27 1617
9 1617
3 1617
4 1617
0 318
1 327
10 1767
21 1767
1 1767
4 1767
1 240
0 1071
0 522
0 1618
2 465
1 465
3 465
