0 384
1 375
0 392
1 576
0 576
1 776
0 776
3 511
36 2287
18 2287
9 745
1 745
16 914
1 338
0 448
1 691
0 691
0 183
3 914
22 1155
23 1155
164 1155
52 1155
30 1155
9 1370
4 1623
0 7389
3 7389
43 7389
101 7389
138 7389
31 7389
60 7389
62 7389
25 7389
10 7389
548 7389
0 2339
1 615
4 1288
1 176
7 1265
63 1265
23 1265
1 150
6 79
2 1983
3 1983
29 1983
27 1983
5 269
6 397
2 1208
1 1208
31 1208
43 1474
2 240
0 448
0 558
3 1113
2 1113
0 79
2 305
0 400
1 388
1 590
1 1483
4 152
3 152
0 796
44 1536
1 805
0 276
0 328
1 1267
3 1267
5 1267
15 1267
0 1267
1 522
4 198
33 1013
21 1013
3 152
0 1303
2 1008
1 1008
4 327
1 562
7 737
5 737
4 264
1 175
0 44
0 89
12 1913
8 1913
4 1539
0 973
0 855
0 301
45 7645
152 7645
1 7645
53 7645
194 7645
6 7645
2 7645
9 7645
11 7645
55 7645
72 7645
19 7645
18 7645
17 7645
80 7645
23 7645
47 7645
67 7645
149 7645
60 7645
312 9306
12 9306
62 9306
4 9306
5 9306
92 9306
0 9306
1 9306
6 9306
184 9306
39 9306
3 9306
56 9306
192 9306
2 9306
44 9306
23 9306
51 9306
6 3760
54 3760
1 3760
0 3760
13 3760
16 3760
7 3760
3 3760
2 689
8 295
3 1454
0 1454
2 1454
17 1454
0 626
0 203
0 405
2 794
0 794
0 844
87 657
0 1110
2 150
1 1071
0 812
0 812
1 422
9 896
0 395
5 2339
1 135
11 324
8 721
0 79
2 204
1 811
0 368
0 380
0 380
5 384
2 152
0 98
1 68
21 446
2 777
8 777
3 884
11 884
0 1514
18 876
7 348
0 169
2 663
0 663
1 303
0 240
0 441
24 1474
0 733
8 1077
0 404
1 973
0 138
38 1618
12 567
7 876
1 176
2 2150
35 2150
8 876
11 311
4 1597
16 1597
8 1597
1 1597
2 618
0 98
0 184
1 776
0 776
0 497
4 57
0 392
0 670
5 670
0 392
3 511
0 247
0 876
0 344
11 965
8 1539
1 509
4 215
4 176
4 215
4 215
3 1386
0 283
2 764
0 465
1 792
49 10782
5 10782
29 10782
45 10782
60 10782
77 10782
11 10782
164 10782
97 10782
142 10782
75 10782
81 10782
6 10782
15 10782
36 10782
50 10782
212 10782
53 10782
44 10782
37 10782
33 10782
18 10782
95 10782
0 10782
75 10782
84 10782
0 224
17 767
4 144
46 540
5 2510
61 2510
60 269
12 269
0 1269
1 1269
8 919
2 782
0 448
1 931
0 931
1 247
0 89
0 2038
17 2038
12 2038
2 446
0 737
0 1898
1 1898
33 584
6 1360
5 2257
19 2257
1 1695
1 2339
3 1072
2 746
2 746
2 2150
5 2150
18 3410
1 3410
5 3410
2 746
2 2150
7 2150
2 764
3 746
0 456
2 590
13 2449
0 2449
14 191
5 777
13 266
5 1027
10 976
93 976
30 3000
5 3000
56 3000
99 3000
35 3000
10 3000
2 202
1 456
15 777
3 381
3 295
0 186
1 441
0 94
13 68
1 287
0 240
39 142
0 240
10 655
0 1197
10 2831
6 2831
4 2831
0 2831
2 1331
0 4210
2 4210
59 4210
5 4210
11 4210
31 4210
38 4210
9 4210
4 4210
6 4210
71 4210
3 20
2 209
0 677
2 677
6 1547
5 1547
1 888
0 888
0 344
24 413
18 1012
3 1012
9 1012
0 269
1 467
3 504
35 1110
1 585
2 2128
7 2128
4 2128
2 960
2 1483
7 1536
2 1536
0 1110
2 1069
4 1069
0 1069
1 1014
59 811
0 1110
0 423
0 93
22 183
1 384
0 724
10 2375
4 2375
6 2375
1 178
29 788
8 788
14 788
21 788
32 788
0 788
4 788
30 788
10 788
3 203
6 226
1 4949
21 4949
3 4949
37 4949
47 4949
202 4949
148 4949
0 120
116 2150
8 2150
18 2150
0 653
3 689
19 2955
16 2955
12 2955
15 2955
14 2955
3 2955
8 2955
4 1695
3 439
3 439
0 225
36 2163
35 2163
403 13875
13 13875
228 13875
198 13875
245 13875
107 13875
133 13875
29 13875
390 13875
132 13875
2152 13875
165 13875
58 13875
4 13875
8 2339
2 222
0 150
4 1164
35 1164
44 1164
3 2347
0 2347
1 2347
2 2347
1 633
0 384
59 3126
71 3126
10 3126
41 3126
56 3126
51 3126
73 3126
4 1078
0 1078
25 1078
0 267
0 1926
16 526
1 812
12 858
31 5657
94 5657
65 5657
40 5657
20 5657
96 5657
150 5657
43 5657
1 1042
0 423
1 218
2 172
58 1307
106 1021
0 384
0 400
1 240
1 247
5 176
0 247
0 124
2 618
0 247
13 1708
60 1708
74 1708
49 1708
1 762
0 762
3 152
7 371
0 264
1 442
0 442
0 389
103 5642
33 5642
240 5642
298 5642
104 5642
53 5642
8 5642
3 416
0 223
0 86
12 543
5 1403
1 1403
1 679
1 2517
0 87
43 689
5 336
0 89
0 153
7 1403
0 1963
7 1963
13 2002
22 2002
2 2002
0 147
0 147
10 163
0 264
3 1539
4 264
1 590
0 181
19 241
5 465
69 764
125 764
15 764
13 295
1 1652
2 1652
0 1967
0 86
0 1110
2 1183
1 1183
0 1183
0 876
0 389
0 1124
4 1124
14 1014
0 961
4 961
15 961
0 526
0 359
17 1130
3 257
2 1386
5 842
13 1042
0 257
10 2403
72 2403
15 2403
0 106
1 375
20 617
0 270
0 270
1 340
15 327
0 380
1 518
0 587
1 587
0 384
0 424
0 264
2 699
5 1317
0 1317
14 1317
1 120
5 594
0 538
0 603
18 1130
0 344
0 240
4 1241
0 122
0 855
0 1898
1 1898
0 1898
1 1898
0 384
1 17
3 914
4 777
7 163
8 4713
20 4713
2 4713
529 4713
0 4713
16 4713
0 44
12 2150
39 2150
24 2150
45 2150
0 402
22 266
6 781
8 781
11 781
3 781
3 664
3 689
3 874
0 796
0 796
72 1464
1 1464
4 1464
0 548
0 382
3 233
2 663
14 257
12 506
41 1012
5 257
3 626
0 371
60 782
31 3816
1 3816
7 3816
8 3816
6 3816
5 3816
98 3816
0 340
0 1347
1 1347
0 149
2 554
4 364
24 364
12 295
49 435
2 695
22 1247
44 1247
5 423
3 914
0 265
5 631
2 631
0 186
0 518
3 171
36 511
4 431
12 2308
1 2308
45 2303
7 2303
5 145
3 145
21 145
1 467
6 518
1 405
3 318
1 423
6 324
1 389
56 8726
9 8726
149 8726
27 8726
304 8726
11 8726
179 8726
54 8726
4 8726
3 8726
66 8726
60 8726
186 8726
5 422
2 108
1 456
0 1036
1 1036
20 391
2 344
1 679
1 154
35 397
13 3066
16 3066
10 3066
11 1214
27 1214
6 1595
97 1595
5 764
0 457
0 368
0 376
2 209
2 209
1 1191
0 1191
0 592
1 378
6 141
0 389
0 446
3 264
0 526
4 1110
1346 12734
49 12734
0 12734
239 12734
66 12734
172 12734
1069 12734
177 12734
19 12734
307 12734
275 12734
249 12734
354 12734
319 12734
186 12734
285 12734
381 12734
242 12734
0 203
0 89
4 653
20 295
1 841
0 441
2 384
0 876
59 1264
66 1264
11 1264
0 404
2 1483
0 1110
1 590
1 590
3 264
0 107
20 1386
0 148
0 89
20 842
0 461
2 669
0 669
7 737
1 699
4 423
6 737
0 107
0 107
1 148
0 473
25 2629
16 2629
27 2629
3 2629
0 384
1 1589
3 1589
0 1589
7 113
0 2696
2 2696
48 2696
0 774
4 664
107 987
3 987
0 987
43 4344
16 4344
61 4344
25 4344
20 4344
26 4344
23 4344
3 222
9 626
29 1376
13 1376
18 1376
26 1376
0 558
0 680
6 680
5 234
4 177
3 177
0 384
1 441
15 441
5 376
2 1511
4 1511
7 522
1 522
0 169
5 737
5 664
3 479
0 2238
2 2238
24 2238
15 2238
17 1074
18 737
2 762
2 2517
30 788
0 2300
4 2300
9 762
1 618
0 183
0 270
3 558
0 252
16 295
55 1913
138 1913
3 656
8 656
2 656
0 240
4 423
152 764
0 373
14 446
5 357
5 423
11 632
1 590
1 562
19 456
0 9
293 587
1 562
31 1014
10 774
0 404
6 567
10 1407
3 594
1 690
0 690
0 250
0 127
0 295
38 2725
61 2725
56 2725
60 2725
30 2725
2 442
0 442
1 518
0 508
0 269
2 269
0 38
29 6094
113 6094
92 6094
134 6094
152 6094
3 1370
2 2737
67 2737
50 1409
19 526
15 465
5 339
2 960
1 960
32 382
1 295
0 404
3 431
17 1536
1 615
0 844
1 308
1 504
0 560
2 730
3 730
5 764
11 1701
0 240
15 283
0 596
0 392
5 2339
18 2339
0 303
0 461
21 563
31 438
4 122
27 980
10 980
14 845
2 665
16 378
5 352
7 889
18 889
0 189
5 431
0 751
19 526
4 1955
12 1955
1 1955
20 1955
9 1955
3 1955
369 9453
222 9453
346 9453
116 9453
109 9453
463 9453
34 9453
302 9453
155 9453
370 9453
189 9453
361 9453
144 9453
272 9453
199 9453
31 3604
148 3604
132 3604
609 3604
76 3604
4 2982
20 2982
1 2982
8 2982
28 2982
17 1152
15 499
0 181
1 181
13 249
8 613
11 395
1 575
1 122
3 1114
0 1114
19 283
22 283
7 241
3 55
11 655
4 1887
21 1887
70 1887
2 7512
13 7512
10 7512
12 7512
90 7512
14 7512
3 7512
131 7512
107 7512
235 7512
42 7512
7 7512
19 7512
292 7512
133 7512
4 328
13 623
7 106
7 82
10 305
1 196
20 151
14 439
20 328
21 2031
143 4370
128 4370
102 4370
140 4370
68 4370
109 4370
94 4370
89 4370
5 340
0 360
1 269
3 413
14 887
3 187
11 187
3 534
4 1539
25 726
16 257
3 202
5 764
2 764
0 473
9 729
7 729
8 729
5 174
12 593
1 326
20 282
1 59
13 2849
164 2849
28 2849
132 2849
0 225
17 435
7 435
5 522
4 146
0 479
20 399
3 587
1 562
34 788
21 788
25 788
32 788
31 788
1 788
10 788
38 788
26 788
34 473
30 473
20 1528
1 1528
49 1904
26 1904
10 733
1 219
6 2417
1 2417
72 594
45 594
57 594
8 620
4 620
4 476
24 476
1 405
52 1695
1 91
5 91
0 1223
1 1223
3 1223
3 479
1 328
35 1879
17 1879
8 4834
50 4834
19 4834
0 4834
84 4834
25 4834
0 145
18 739
4 336
27 361
3 177
9 413
26 759
1 191
5 191
30 240
7 233
2 177
3 176
9 318
14 807
28 807
0 761
4 446
1 931
0 931
1 1074
40 812
11 287
13 764
0 1043
6 857
3 922
3 558
14 558
32 279
22 173
10 130
29 617
9 617
21 1707
4 1707
13 4275
29 4275
15 4275
14 4275
42 4275
0 1149
2 1149
6 1149
10 2971
7 2971
2 336
4 318
0 1026
0 92
1 92
0 311
2 161
4 774
4 127
2 379
18 400
0 428
9 381
1 562
1 497
0 393
13 279
0 323
16 395
19 223
0 362
16 509
20 2434
7 716
15 388
10 233
1 484
1 484
1 484
7 1075
3 1075
0 1075
4 1075
9 118
6 114
29 844
35 844
6 306
4 1742
14 1742
6 1742
0 441
0 655
125 764
24 509
305 3737
4 3737
17 3737
12 3737
10 562
262 2181
0 338
0 40
12 379
1 405
1 474
1 98
9 1143
16 368
3 699
4 343
12 126
4 1644
0 1644
6 767
13 767
58 767
7 20
19 310
1 354
0 61
8 297
70 727
0 395
0 1618
2 233
10 381
10 473
18 217
4 152
92 768
13 171
2 567
5 301
5 461
34 788
19 788
27 788
31 788
33 788
0 788
6 788
36 788
26 788
1 405
0 653
13 139
11 324
2 973
3 1386
1 633
9 664
28 1618
0 395
0 295
4 344
4 230
298 2219
0 385
24 527
1 1926
1 1926
5 548
3 919
0 699
2 472
1 327
1 821
9 821
12 821
0 526
22 567
46 1012
16 1012
14 1012
3 562
58 739
11 266
15 227
0 241
11 635
9 391
6 177
9 407
9 435
35 535
16 527
1 371
2 371
1 240
0 57
13 297
0 262
4 361
15 1312
0 84
2 287
1 509
1 585
29 592
20 812
61 2339
15 290
0 948
1 948
10 448
17 973
13 360
1 389
58 1646
11 2101
2 2101
19 2101
30 2101
7 876
9 472
6 265
16 777
48 502
13 137
26 209
4 144
0 183
0 370
18 135
3 120
43 962
19 721
0 114
50 3218
7 1747
0 231
11 1110
0 153
4 290
1 397
4 325
23 319
16 382
135 5267
120 5267
97 5267
73 5267
320 5267
131 5267
198 5267
332 5267
32 5267
31 5267
58 5267
13 5267
96 5267
209 5267
24 1034
2 1034
58 2191
20 2191
21 247
16 247
119 1416
137 1027
11 319
12 1042
17 384
3 163
0 127
1 484
18 900
4 544
26 265
11 368
1 930
31 2416
39 2416
21 2416
32 919
0 407
0 382
0 247
0 233
1 1183
2 1183
0 1183
1 1185
0 382
2 340
2 3763
25 3763
0 177
6 477
0 141
0 242
4 295
6 295
5 395
37 615
4 308
4 1695
28 511
0 227
0 257
5 2339
1 395
0 359
0 761
2 257
0 176
4 336
3 195
1 365
0 240
3 230
6 196
6 338
14 1116
13 1116
12 1124
2 300
8 1623
39 906
0 57
0 188
4 1057
2 233
6 721
5 318
0 735
2 699
3 446
0 310
3 165
12 465
44 1130
30 679
2 392
8 348
0 1898
1 1898
4 472
1 950
0 950
6 950
0 191
18 1695
0 324
3 282
5 861
4 1695
22 360
13 960
10 388
2 1701
0 453
1 453
0 247
5 461
0 295
0 1042
16 549
25 319
11 1110
51 2517
14 866
26 866
10 141
7 387
3 48
1 1791
29 1791
6 511
2 275
9 286
1 423
20 191
18 950
2 509
0 861
3 364
19 364
2 378
19 3651
3 364
13 364
1 298
23 679
6 654
0 177
3 605
20 392
21 392
7 569
0 43
5 414
0 272
10 327
16 2050
15 2050
10 2050
9 617
10 927
19 1268
38 1268
62 1268
10 1413
4 157
5 317
15 790
79 790
1 812
15 1077
25 584
30 562
5 1360
12 1695
40 405
4 587
0 127
32 1592
10 1592
25 1719
13 1719
16 1719
0 548
3 548
4 195
12 352
2 1043
17 2703
21 2703
7 2703
4 2703
6 1165
6 395
6 1323
1 1323
3 1323
11 1323
9 1323
0 118
7 165
23 663
27 451
16 1536
2 1526
9 1526
5 1526
3 116
11 327
3 587
11 139
2 325
34 1288
2 116
19 240
1 217
104 712
7 1386
1 2339
20 2517
16 381
11 284
6 183
17 295
2 2517
53 2339
0 465
1 247
0 2517
0 55
2 281
4 247
8 1360
2 461
34 3761
1 590
11 594
39 378
6 1539
2 108
347 4338
160 1552
2 152
25 646
4 306
0 657
2 657
22 1042
19 421
4 1042
4 222
7 1034
0 270
0 1104
6 486
0 502
0 57
2 816
17 2365
43 1074
1 187
1 2236
2 2236
3 2236
6 2236
1 405
32 1110
2 497
19 222
0 120
0 151
1 1392
0 230
0 86
2 78
81 2339
0 9
1 1021
11 318
5 308
37 279
1 762
0 88
7 721
62 1027
1 500
1 89
4 86
9 159
10 733
13 725
1 276
2 497
6 1130
0 456
3 654
2 777
0 53
3 340
40 475
2 142
0 694
0 41
0 90
3 588
1 588
2 588
0 214
0 67
1 588
1 327
7 342
5 588
2 193
2 161
7 90
4 588
0 41
8 322
2 718
2 142
10 567
11 588
5 113
0 120
0 588
46 567
62 588
0 588
2 483
0 588
5 218
12 588
0 282
0 282
13 588
17 218
0 327
1 24
0 274
5 274
2 214
1 142
1 90
12 90
2 228
14 567
1 229
16 567
2 343
1 228
1 327
1 43
7 386
2 694
11 228
1 475
0 588
19 475
57 946
0 475
0 567
3 457
5 327
4 483
2 343
0 116
0 475
14 228
0 342
7 327
25 560
23 229
0 99
5 588
8 43
7 43
0 168
4 141
14 483
0 16
7 588
5 386
1 334
17 588
13 588
29 588
20 588
0 90
3 588
1 271
3 588
11 386
1 67
39 560
8 342
0 454
3 588
10 588
2 211
13 694
30 694
13 228
21 327
3 588
6 752
0 53
4 229
5 588
3 41
1 374
0 334
20 588
1 475
8 110
0 229
0 58
1 588
0 142
4 153
3 334
1 116
7 118
3 588
7 386
5 327
2 142
15 228
12 156
3 588
1 588
1 327
3 343
4 153
24 475
11 588
0 99
0 588
4 588
36 574
0 694
1 90
23 694
2 56
24 560
6 342
9 322
1 752
3 588
47 327
1 193
8 454
0 342
0 67
0 327
1 588
1 229
0 342
0 67
203 2673
0 211
4 483
0 327
5 228
4 33
12 962
1 1539
0 125
0 120
5 80
0 816
0 554
0 176
0 406
0 66
14 473
0 977
0 844
2 290
17 502
0 88
4 275
3 147
10 515
0 1205
0 1403
0 1695
17 605
5 605
1 1347
0 1347
1 1516
0 295
0 473
0 59
17 1021
2 788
18 228
0 1110
0 88
1 768
2 476
0 337
2 340
52 1695
0 127
2 308
1 378
0 241
17 452
0 284
1 1900
0 1900
3 3101
0 3101
0 6
1 218
6 664
0 158
0 423
5 951
1 951
0 623
0 399
3 1577
0 278
1 214
6 2150
0 2150
0 145
1 404
0 1074
4 336
0 362
6 594
1 216
0 439
2 527
1 1386
1 639
16 762
0 625
1 625
0 725
0 395
0 1036
0 1042
14 393
2 1539
1 368
3 1539
17 117
1 632
2 1042
3 518
9 567
0 452
1 1071
0 347
1 303
0 120
0 270
38 2237
0 2237
7 2237
10 2237
24 2237
0 233
163 1552
0 409
0 1230
3 1230
0 853
2 400
0 126
0 446
19 857
1 973
2 274
1 274
14 3390
63 3390
26 3390
32 3390
0 584
43 890
0 626
3 216
0 1346
0 247
9 287
3 79
0 196
10 191
259 7353
4 7353
89 7353
494 7353
173 7353
59 7353
302 7353
10 7353
1 7353
672 7353
11 7353
121 7353
3 7353
277 7353
5 7353
37 7353
0 141
13 2466
10 2466
0 2466
26 2466
3 1456
126 10604
82 10604
1 10604
85 10604
148 10604
6 10604
197 10604
185 10604
45 10604
132 10604
38 10604
159 10604
135 10604
43 10604
147 10604
287 10604
12 1655
17 1655
0 407
10 1162
21 1162
5 1162
12 1162
3 479
20 623
0 87
2 564
5 391
0 295
7 590
0 508
13 1695
3 47
33 788
20 788
24 788
30 788
32 788
1 788
10 788
29 788
19 788
0 230
0 739
2 436
1 1695
0 247
4 626
0 567
2 115
3 48
0 344
31 684
175 764
5 582
87 1072
32 1862
2 1862
1 369
5 876
1 625
6 233
3 937
0 937
22 937
0 230
1 421
0 272
0 218
5 812
31 826
0 919
9 887
1 1072
105 2339
6 958
1 958
2 1623
0 141
1 792
1 811
7 2330
4 2330
0 247
12 974
1 120
1 182
5 423
3 1967
0 30
0 384
14 549
4 1153
5 497
1 188
23 498
0 157
5 157
1 2339
9 950
1 57
10 135
0 473
0 962
0 448
0 163
0 414
14 1161
3 1161
1 1161
1 117
3 96
0 1403
0 1346
1 139
11 1110
0 473
1 318
0 318
2 700
0 162
21 1967
2 1539
0 1539
0 106
123 5662
87 5662
142 5662
133 5662
159 5662
3 1536
5 1536
6 625
15 2565
6 2565
4 2565
7 2565
5 2565
3 2565
6 1747
0 384
6 183
1 1249
0 1249
0 87
0 812
2 746
2 2128
0 2128
1 2128
0 473
2 67
3 124
32 178
1 764
5 379
2 2396
0 2396
1 2396
10 890
1 890
3 890
0 38
0 2407
2 2407
4 2407
7 2407
2 735
5 581
6 581
18 385
15 385
9 615
0 139
0 641
0 448
10 1064
0 1064
2 2225
0 89
2 941
0 89
0 1419
0 452
0 80
20 554
0 89
0 1294
20 1294
19 381
5 1948
0 1948
3 1948
1 1948
26 962
12 448
0 352
0 137
0 594
6 1708
1 1708
9 287
0 25
0 816
0 626
1 90
37 2339
0 1536
0 233
5 69
0 319
0 796
0 446
0 527
1 142
4 369
0 153
0 590
0 385
27 413
6 446
4 2395
0 2395
7 404
295 592
24 2163
20 2163
22 2163
3 55
29 191
1 2423
8 2423
0 2423
1 344
0 196
0 452
20 1403
0 1205
2 1205
3 1014
0 294
0 448
0 86
0 395
2 844
0 844
1 303
0 1360
0 812
3 107
0 562
2 479
12 467
1 1733
13 1733
7 1733
0 80
1 739
0 446
24 247
0 389
0 733
3 215
2 295
1 431
0 175
0 130
1 187
11 135
1 284
5 371
15 330
22 1724
11 1724
23 1724
4 549
1 919
45 1139
2 896
3 896
9 437
1 103
0 264
3 261
1 264
0 648
7 1577
2 1501
3 1501
1 1501
20 617
1 1618
0 285
4 504
0 115
1 48
0 247
0 737
0 223
0 509
0 311
8 594
4 477
0 345
4 733
2 789
7 789
0 605
25 1747
0 347
1 1511
3 1511
0 362
0 147
0 307
0 139
1 139
0 382
2 1766
33 788
9 788
14 788
21 788
32 788
0 788
2 788
34 788
11 788
0 694
1 694
3 307
1 174
6 371
4 1077
0 537
5 178
0 103
3 290
1 3159
2 3159
0 3159
0 1331
10 50
0 716
0 508
13 1909
14 1909
10 1909
0 1618
0 1618
1 384
1 384
0 102
0 94
1 585
1 474
29 535
0 261
0 295
0 169
0 148
8 183
6 876
3 733
15 1787
3 1787
0 1787
36 617
0 1553
2 1553
3 504
4 343
3 632
0 127
1 504
8 1083
2 65
55 1144
0 178
2 172
29 240
43 431
1 919
8 498
4 1618
3 1475
11 368
2 26
29 1965
64 1965
22 1965
63 1965
24 1965
107 1965
1 125
0 175
5 55
12 379
0 229
1 229
0 230
1 1042
0 344
0 323
1 746
7 876
3 479
7 406
5 504
0 171
43 575
12 764
9 1913
3 1913
6 1057
4 269
1 173
2 344
0 772
0 242
1 1695
2 1695
0 382
4 764
0 175
0 94
0 811
0 394
0 1287
0 176
1 139
0 310
0 360
2 230
0 811
2 381
5 1129
3 1129
15 1129
18 638
0 1071
46 1410
0 1410
1 1410
0 811
0 497
3 37
0 285
0 305
5 256
0 360
6 233
11 623
1 1061
1 260
1 452
0 563
1 592
6 144
17 327
0 617
0 337
0 362
308 5976
52 5976
5 5976
87 5976
169 5976
0 5976
76 5976
44 5976
21 5976
5 1075
2 379
23 661
0 162
19 2517
15 431
1 100
1 1386
34 850
2 511
1 405
0 1102
1 1102
0 370
3 196
1 361
12 841
1 698
0 124
0 290
1 218
4 439
6 229
0 349
0 89
0 360
1 333
1 333
0 526
0 122
0 412
0 196
3 874
1 247
1 896
2 338
4 338
4 142
9 1779
172 1779
5 1779
142 1779
1 1238
10 876
21 1853
26 1853
33 1853
33 592
1 564
1 173
0 1539
0 158
0 812
7 584
2 328
8 262
0 816
0 99
16 796
0 404
1 146
0 345
12 464
4 228
14 274
74 919
0 502
0 1110
2 122
4 446
5 518
1 141
1 585
0 561
1 2808
0 1357
241 1416
3 204
1 100
63 563
6 564
0 473
41 1110
0 339
163 327
4 308
13 295
3 587
0 777
0 558
0 149
11 209
2 279
6 962
18 3095
29 3095
38 3095
26 1617
11 1617
3 1617
4 1617
0 318
1 327
10 1767
20 1767
1 1767
4 1767
1 240
0 1071
0 522
0 1618
2 465
1 465
3 465
