916.000000
424.000000
205.000000
156.000000
85.000000
67.000000
30.000000
15.000000
9.000000
4.000000
4.000000
1.000000
1.000000
0.000000
3.000000
1.000000
1.000000
0.000000
0.000000
0.000000
1.000000
0.000000
0.000000
0.000000
0.000000
0.000000
0.000000
0.000000
0.000000
0.000000
0.000000
0.000000
0.000000
0.000000
0.000000
0.000000
0.000000
0.000000
0.000000
0.000000
0.000000
0.000000
0.000000
0.000000
0.000000
0.000000
0.000000
1.000000
2.000000
83.000000
0.000000
0.000000
0.000000
0.000000
0.000000
0.000000
0.000000
0.000000
0.000000
0.000000
1.000000
0.000000
0.000000
0.000000
0.000000
0.000000
0.000000
0.000000
0.000000
0.000000
0.000000
0.000000
0.000000
0.000000
0.000000
0.000000
0.000000
0.000000
0.000000
0.000000
0.000000
1.000000
0.000000
2.000000
2.000000
0.000000
0.000000
4.000000
7.000000
7.000000
14.000000
13.000000
14.000000
25.000000
29.000000
40.000000
57.000000
67.000000
96.000000
162.000000
