1779.000000
286.000000
131.000000
66.000000
37.000000
26.000000
16.000000
16.000000
14.000000
2.000000
3.000000
2.000000
2.000000
1.000000
2.000000
0.000000
0.000000
1.000000
0.000000
0.000000
0.000000
0.000000
0.000000
0.000000
0.000000
0.000000
0.000000
0.000000
0.000000
0.000000
0.000000
0.000000
0.000000
0.000000
0.000000
0.000000
0.000000
0.000000
0.000000
0.000000
0.000000
0.000000
0.000000
0.000000
0.000000
0.000000
0.000000
0.000000
0.000000
4.000000
0.000000
0.000000
0.000000
0.000000
0.000000
0.000000
0.000000
0.000000
0.000000
0.000000
0.000000
0.000000
0.000000
0.000000
0.000000
0.000000
0.000000
0.000000
0.000000
0.000000
0.000000
0.000000
0.000000
0.000000
0.000000
0.000000
0.000000
0.000000
0.000000
0.000000
0.000000
1.000000
0.000000
0.000000
4.000000
2.000000
3.000000
7.000000
11.000000
4.000000
12.000000
17.000000
17.000000
15.000000
12.000000
14.000000
12.000000
9.000000
11.000000
11.000000
