1820.000000
270.000000
126.000000
79.000000
38.000000
28.000000
16.000000
9.000000
7.000000
7.000000
4.000000
5.000000
1.000000
2.000000
1.000000
0.000000
0.000000
0.000000
0.000000
0.000000
0.000000
0.000000
0.000000
0.000000
0.000000
0.000000
0.000000
0.000000
0.000000
0.000000
0.000000
0.000000
0.000000
0.000000
0.000000
0.000000
0.000000
0.000000
0.000000
0.000000
0.000000
0.000000
0.000000
0.000000
0.000000
0.000000
0.000000
0.000000
0.000000
5.000000
0.000000
0.000000
0.000000
0.000000
0.000000
0.000000
0.000000
0.000000
0.000000
0.000000
0.000000
0.000000
0.000000
0.000000
0.000000
0.000000
0.000000
0.000000
0.000000
0.000000
0.000000
0.000000
0.000000
0.000000
0.000000
0.000000
0.000000
1.000000
0.000000
2.000000
0.000000
0.000000
3.000000
4.000000
3.000000
1.000000
1.000000
5.000000
5.000000
3.000000
11.000000
18.000000
8.000000
9.000000
9.000000
13.000000
10.000000
5.000000
10.000000
11.000000
