1566.000000
333.000000
175.000000
99.000000
47.000000
28.000000
22.000000
11.000000
10.000000
5.000000
2.000000
2.000000
2.000000
1.000000
2.000000
0.000000
2.000000
0.000000
0.000000
0.000000
0.000000
0.000000
0.000000
0.000000
0.000000
0.000000
0.000000
0.000000
0.000000
0.000000
0.000000
0.000000
0.000000
0.000000
0.000000
0.000000
0.000000
0.000000
0.000000
0.000000
0.000000
0.000000
0.000000
0.000000
0.000000
0.000000
0.000000
0.000000
1.000000
9.000000
0.000000
0.000000
0.000000
0.000000
0.000000
0.000000
0.000000
0.000000
0.000000
0.000000
0.000000
0.000000
0.000000
0.000000
0.000000
0.000000
0.000000
0.000000
0.000000
0.000000
0.000000
0.000000
0.000000
0.000000
0.000000
0.000000
0.000000
0.000000
0.000000
0.000000
1.000000
0.000000
0.000000
1.000000
2.000000
1.000000
3.000000
4.000000
5.000000
8.000000
9.000000
16.000000
25.000000
22.000000
21.000000
26.000000
18.000000
18.000000
26.000000
27.000000
