1843.000000
240.000000
118.000000
73.000000
49.000000
22.000000
18.000000
14.000000
7.000000
8.000000
5.000000
1.000000
8.000000
2.000000
1.000000
2.000000
0.000000
0.000000
0.000000
1.000000
0.000000
0.000000
0.000000
0.000000
0.000000
0.000000
0.000000
0.000000
0.000000
0.000000
0.000000
0.000000
0.000000
0.000000
0.000000
0.000000
0.000000
0.000000
0.000000
0.000000
0.000000
0.000000
0.000000
0.000000
0.000000
0.000000
0.000000
0.000000
0.000000
0.000000
0.000000
0.000000
0.000000
0.000000
0.000000
0.000000
0.000000
0.000000
0.000000
0.000000
0.000000
0.000000
0.000000
0.000000
0.000000
0.000000
0.000000
0.000000
0.000000
0.000000
0.000000
0.000000
0.000000
0.000000
0.000000
0.000000
0.000000
0.000000
0.000000
1.000000
0.000000
2.000000
1.000000
1.000000
3.000000
4.000000
7.000000
5.000000
4.000000
6.000000
13.000000
9.000000
12.000000
13.000000
12.000000
8.000000
7.000000
11.000000
11.000000
8.000000
