1 384
4 375
3 392
0 576
2 576
7 776
4 776
24 511
5 2287
4 2287
3 745
0 745
15 914
3 338
11 448
2 691
1 691
1 183
4 914
15 1155
31 1155
1108 1155
0 1155
1 1155
1 1370
2 1623
64 7389
154 7389
318 7389
3 7389
5 7389
134 7389
108 7389
8 7389
47 7389
34 7389
356 7389
5 2339
2 615
25 1288
2 176
9 1265
25 1265
6 1265
8 150
1 79
3 1983
2 1983
4 1983
73 1983
6 269
5 397
34 1208
55 1208
15 1208
23 1474
3 240
12 448
1 558
1 1113
0 1113
0 79
4 305
9 400
2 388
5 590
1 1483
143 152
142 152
0 796
1448 1536
0 805
0 276
9 328
0 1267
1 1267
19 1267
10 1267
11 1267
2 522
0 198
4 1013
0 1013
144 152
0 1303
3 1008
1 1008
2 327
0 562
8 737
8 737
6 264
164 175
0 44
0 89
4 1913
0 1913
1 1539
4 973
2 855
0 301
5 7645
159 7645
13 7645
4 7645
24 7645
188 7645
66 7645
11 7645
16 7645
14 7645
17 7645
1 7645
22 7645
2 7645
15 7645
3 7645
12 7645
7 7645
128 7645
9 7645
240 9306
59 9306
65 9306
139 9306
15 9306
167 9306
2 9306
53 9306
18 9306
113 9306
4 9306
11 9306
16 9306
316 9306
5 9306
200 9306
256 9306
91 9306
24 3760
129 3760
249 3760
5 3760
29 3760
66 3760
12 3760
37 3760
0 689
264 295
1237 1454
1251 1454
60 1454
70 1454
1 626
0 203
0 405
0 794
2 794
0 844
622 657
0 1110
13 150
0 1071
0 812
0 812
0 422
28 896
2 395
6 2339
1 135
4 324
1 721
78 79
1 204
0 811
0 368
0 380
0 380
2 384
7 152
0 98
66 68
0 446
1 777
4 777
0 884
881 884
0 1514
814 876
22 348
0 169
4 663
0 663
1 303
4 240
0 441
0 1474
0 733
2 1077
0 404
0 973
0 138
16 1618
13 567
28 876
1 176
0 2150
4 2150
792 876
2 311
4 1597
2 1597
5 1597
1 1597
1 618
0 98
0 184
7 776
3 776
1 497
53 57
3 392
7 670
6 670
3 392
455 511
0 247
0 876
0 344
3 965
1406 1539
0 509
3 215
5 176
4 215
3 215
4 1386
0 283
0 764
0 465
0 792
3 10782
13 10782
2 10782
5 10782
102 10782
15 10782
28 10782
301 10782
58 10782
63 10782
34 10782
179 10782
16 10782
72 10782
62 10782
6 10782
298 10782
204 10782
93 10782
7 10782
66 10782
43 10782
21 10782
10 10782
34 10782
177 10782
1 224
668 767
3 144
40 540
5 2510
0 2510
243 269
2 269
0 1269
1 1269
1 919
0 782
7 448
0 931
1 931
1 247
0 89
11 2038
1 2038
0 2038
0 446
1 737
3 1898
4 1898
7 584
4 1360
3 2257
4 2257
0 1695
1984 2339
13 1072
1 746
1 746
4 2150
14 2150
29 3410
5 3410
14 3410
2 746
1 2150
16 2150
9 764
1 746
0 456
14 590
10 2449
36 2449
38 191
76 777
7 266
1 1027
42 976
50 976
30 3000
14 3000
27 3000
26 3000
60 3000
4 3000
1 202
0 456
7 777
2 381
0 295
3 186
9 441
0 94
7 68
0 287
4 240
6 142
1 240
1 655
0 1197
6 2831
4 2831
3 2831
0 2831
2 1331
2 4210
74 4210
45 4210
13 4210
98 4210
31 4210
15 4210
1 4210
10 4210
89 4210
169 4210
0 20
1 209
0 677
13 677
2 1547
10 1547
2 888
24 888
0 344
2 413
8 1012
5 1012
7 1012
1 269
0 467
2 504
12 1110
0 585
4 2128
0 2128
8 2128
1 960
1 1483
7 1536
6 1536
0 1110
2 1069
6 1069
3 1069
1 1014
759 811
1 1110
1 423
0 93
180 183
1 384
3 724
9 2375
0 2375
2 2375
0 178
16 788
2 788
11 788
8 788
19 788
0 788
1 788
13 788
4 788
1 203
10 226
0 4949
2 4949
3 4949
26 4949
188 4949
10 4949
101 4949
0 120
50 2150
3 2150
5 2150
0 653
4 689
3 2955
2 2955
65 2955
4 2955
11 2955
0 2955
89 2955
3 1695
0 439
0 439
18 225
0 2163
2 2163
157 13875
59 13875
17 13875
27 13875
100 13875
56 13875
15 13875
4 13875
346 13875
32 13875
13552 13875
44 13875
64 13875
52 13875
6 2339
2 222
1 150
3 1164
5 1164
1153 1164
0 2347
2 2347
3 2347
1 2347
0 633
0 384
26 3126
11 3126
50 3126
5 3126
2 3126
7 3126
12 3126
5 1078
1 1078
0 1078
258 267
1 1926
473 526
3 812
6 858
3 5657
1 5657
13 5657
25 5657
10 5657
5 5657
84 5657
33 5657
48 1042
2 423
0 218
2 172
12 1307
855 1021
2 384
0 400
3 240
2 247
1 176
0 247
1 124
1 618
0 247
3 1708
2 1708
0 1708
1 1708
0 762
1 762
143 152
7 371
6 264
1 442
0 442
2 389
33 5642
7 5642
6 5642
156 5642
208 5642
38 5642
16 5642
1 416
3 223
2 86
9 543
16 1403
5 1403
0 679
1 2517
0 87
4 689
3 336
0 89
0 153
29 1403
4 1963
17 1963
14 2002
10 2002
0 2002
8 147
4 147
13 163
5 264
2 1539
228 264
0 590
0 181
120 241
0 465
752 764
674 764
7 764
8 295
0 1652
1 1652
0 1967
0 86
0 1110
3 1183
0 1183
2 1183
0 876
0 389
2 1124
1 1124
1 1014
1 961
6 961
0 961
0 526
0 359
152 1130
2 257
3 1386
1 842
45 1042
0 257
2 2403
32 2403
12 2403
0 106
4 375
37 617
