2 384
5 375
2 392
0 576
2 576
8 776
6 776
451 511
7 2287
6 2287
6 745
1 745
18 914
0 338
6 448
1 691
2 691
0 183
8 914
17 1155
43 1155
1071 1155
0 1155
2 1155
1 1370
1 1623
46 7389
145 7389
351 7389
2 7389
5 7389
129 7389
130 7389
9 7389
94 7389
50 7389
394 7389
2 2339
2 615
69 1288
2 176
15 1265
31 1265
8 1265
9 150
0 79
1 1983
3 1983
4 1983
132 1983
8 269
6 397
45 1208
30 1208
24 1208
27 1474
8 240
7 448
5 558
1 1113
0 1113
0 79
5 305
11 400
0 388
6 590
1 1483
5 152
139 152
2 796
1499 1536
0 805
0 276
22 328
12 1267
7 1267
21 1267
9 1267
17 1267
4 522
2 198
1 1013
0 1013
139 152
0 1303
2 1008
3 1008
3 327
1 562
8 737
8 737
234 264
159 175
0 44
0 89
3 1913
1 1913
4 1539
16 973
3 855
0 301
11 7645
186 7645
13 7645
3 7645
19 7645
164 7645
99 7645
26 7645
47 7645
16 7645
17 7645
7 7645
40 7645
2 7645
4 7645
1 7645
15 7645
12 7645
98 7645
10 7645
415 9306
8 9306
14 9306
132 9306
19 9306
268 9306
2 9306
139 9306
3 9306
216 9306
4 9306
23 9306
12 9306
301 9306
7 9306
372 9306
412 9306
54 9306
30 3760
263 3760
140 3760
54 3760
96 3760
33 3760
39 3760
104 3760
9 689
6 295
72 1454
19 1454
11 1454
14 1454
1 626
0 203
0 405
0 794
2 794
1 844
624 657
2 1110
8 150
0 1071
0 812
0 812
0 422
17 896
2 395
7 2339
0 135
4 324
1 721
6 79
1 204
0 811
1 368
0 380
0 380
2 384
8 152
0 98
67 68
2 446
1 777
2 777
0 884
883 884
0 1514
851 876
3 348
0 169
7 663
4 663
2 303
6 240
0 441
5 1474
0 733
4 1077
0 404
0 973
0 138
16 1618
5 567
823 876
1 176
0 2150
14 2150
804 876
2 311
11 1597
3 1597
14 1597
8 1597
4 618
0 98
0 184
6 776
3 776
2 497
55 57
3 392
16 670
11 670
3 392
469 511
2 247
0 876
1 344
2 965
1533 1539
0 509
5 215
5 176
4 215
2 215
7 1386
1 283
0 764
0 465
0 792
7 10782
34 10782
4 10782
5 10782
60 10782
47 10782
56 10782
237 10782
51 10782
30 10782
40 10782
257 10782
22 10782
99 10782
73 10782
14 10782
44 10782
28 10782
92 10782
9 10782
33 10782
17 10782
27 10782
21 10782
40 10782
89 10782
1 224
6 767
3 144
62 540
3 2510
0 2510
234 269
3 269
0 1269
1 1269
2 919
0 782
7 448
0 931
1 931
1 247
1 89
19 2038
1 2038
0 2038
1 446
9 737
5 1898
4 1898
8 584
6 1360
3 2257
4 2257
1 1695
1970 2339
16 1072
2 746
1 746
1 2150
13 2150
33 3410
5 3410
14 3410
3 746
1 2150
16 2150
11 764
3 746
0 456
34 590
18 2449
34 2449
16 191
6 777
9 266
1 1027
2 976
12 976
9 3000
43 3000
10 3000
48 3000
22 3000
12 3000
0 202
0 456
6 777
2 381
0 295
3 186
416 441
0 94
5 68
1 287
5 240
9 142
8 240
1 655
0 1197
6 2831
5 2831
2 2831
1 2831
3 1331
5 4210
33 4210
83 4210
35 4210
63 4210
98 4210
39 4210
2 4210
44 4210
159 4210
222 4210
0 20
2 209
0 677
4 677
1 1547
10 1547
4 888
25 888
0 344
2 413
8 1012
5 1012
9 1012
1 269
0 467
3 504
17 1110
2 585
5 2128
2 2128
8 2128
3 960
1 1483
13 1536
6 1536
2 1110
2 1069
3 1069
4 1069
4 1014
25 811
1 1110
1 423
0 93
178 183
0 384
3 724
6 2375
3 2375
7 2375
0 178
16 788
3 788
11 788
5 788
33 788
0 788
1 788
13 788
4 788
1 203
207 226
0 4949
2 4949
6 4949
35 4949
105 4949
11 4949
77 4949
0 120
45 2150
1 2150
14 2150
1 653
7 689
3 2955
1 2955
44 2955
4 2955
13 2955
2 2955
88 2955
1 1695
0 439
0 439
12 225
2 2163
3 2163
186 13875
39 13875
4 13875
30 13875
17 13875
150 13875
24 13875
10 13875
366 13875
19 13875
13291 13875
77 13875
117 13875
82 13875
8 2339
2 222
2 150
2 1164
5 1164
16 1164
0 2347
1 2347
3 2347
2 2347
0 633
0 384
20 3126
22 3126
31 3126
6 3126
3 3126
16 3126
17 3126
6 1078
1 1078
0 1078
242 267
2 1926
480 526
5 812
9 858
6 5657
4 5657
11 5657
9 5657
10 5657
3 5657
81 5657
59 5657
31 1042
6 423
4 218
1 172
19 1307
893 1021
4 384
3 400
5 240
3 247
1 176
0 247
2 124
1 618
0 247
4 1708
2 1708
0 1708
1 1708
0 762
1 762
3 152
5 371
2 264
2 442
0 442
9 389
56 5642
10 5642
1 5642
213 5642
148 5642
58 5642
14 5642
4 416
3 223
2 86
11 543
8 1403
4 1403
7 679
1 2517
0 87
1 689
1 336
0 89
1 153
10 1403
7 1963
20 1963
6 2002
10 2002
2 2002
12 147
8 147
5 163
250 264
1 1539
257 264
5 590
0 181
210 241
0 465
619 764
30 764
11 764
7 295
0 1652
1 1652
0 1967
1 86
0 1110
2 1183
0 1183
3 1183
0 876
0 389
3 1124
1 1124
1 1014
0 961
3 961
1 961
0 526
0 359
28 1130
0 257
7 1386
1 842
27 1042
0 257
10 2403
65 2403
20 2403
0 106
5 375
7 617
2 270
19 270
6 340
2 327
0 380
8 518
9 587
4 587
0 384
0 424
3 264
626 699
1 1317
5 1317
6 1317
10 120
3 594
0 538
0 603
0 1130
1 344
6 240
0 1241
0 122
5 855
4 1898
1 1898
5 1898
4 1898
4 384
15 17
23 914
0 777
11 163
15 4713
11 4713
4 4713
4478 4713
5 4713
16 4713
0 44
9 2150
12 2150
1 2150
0 2150
10 402
11 266
4 781
3 781
1 781
7 781
18 664
1 689
0 874
0 796
1 796
1320 1464
4 1464
11 1464
0 548
4 382
10 233
2 663
5 257
469 506
7 1012
2 257
0 626
0 371
773 782
35 3816
6 3816
0 3816
1 3816
2 3816
29 3816
7 3816
4 340
2 1347
7 1347
0 149
1 554
0 364
3 364
271 295
8 435
7 695
2 1247
1 1247
6 423
4 914
0 265
7 631
6 631
3 186
1 518
155 171
482 511
1 431
0 2308
2 2308
1 2303
12 2303
9 145
5 145
6 145
1 467
15 518
1 405
10 318
8 423
3 324
42 389
3 8726
6 8726
225 8726
9 8726
118 8726
11 8726
299 8726
12 8726
72 8726
83 8726
0 8726
18 8726
22 8726
0 422
1 108
0 456
0 1036
1 1036
15 391
1 344
4 679
2 154
370 397
10 3066
9 3066
108 3066
4 1214
6 1214
40 1595
69 1595
38 764
0 457
0 368
0 376
2 209
2 209
1 1191
0 1191
23 592
8 378
136 141
0 389
1 446
1 264
2 526
22 1110
1107 12734
54 12734
1079 12734
961 12734
119 12734
131 12734
11813 12734
94 12734
75 12734
157 12734
33 12734
9 12734
84 12734
23 12734
68 12734
200 12734
48 12734
184 12734
7 203
1 89
0 653
2 295
0 841
0 441
372 384
0 876
99 1264
1222 1264
1263 1264
1 404
0 1483
0 1110
5 590
4 590
253 264
0 107
1 1386
0 148
0 89
6 842
39 461
0 669
1 669
8 737
646 699
8 423
8 737
0 107
0 107
0 148
0 473
17 2629
88 2629
4 2629
9 2629
2 384
3 1589
1 1589
0 1589
1 113
0 2696
1 2696
5 2696
0 774
27 664
144 987
5 987
9 987
8 4344
2 4344
16 4344
39 4344
10 4344
1 4344
3 4344
2 222
0 626
34 1376
22 1376
27 1376
33 1376
4 558
4 680
7 680
7 234
1 177
1 177
5 384
413 441
405 441
1 376
1 1511
0 1511
2 522
10 522
1 169
0 737
24 664
5 479
0 2238
6 2238
23 2238
4 2238
23 1074
5 737
0 762
15 2517
722 788
9 2300
3 2300
0 762
0 618
0 183
20 270
8 558
0 252
9 295
9 1913
105 1913
5 656
6 656
7 656
5 240
1 423
4 764
5 373
11 446
1 357
6 423
1 632
5 590
1 562
8 456
0 9
293 587
0 562
11 1014
0 774
0 404
0 567
0 1407
0 594
1 690
0 690
2 250
1 127
51 295
3 2725
1 2725
0 2725
2 2725
5 2725
0 442
1 442
3 518
1 508
0 269
4 269
0 38
5 6094
2 6094
0 6094
4 6094
34 6094
4 1370
19 2737
21 2737
1290 1409
7 526
4 465
1 339
1 960
0 960
354 382
1 295
0 404
0 431
1 1536
1 615
0 844
0 308
3 504
3 560
1 730
0 730
1 764
1 1701
9 240
1 283
5 596
1 392
1 2339
0 2339
0 303
0 461
30 563
23 438
1 122
0 980
1 980
1 845
0 665
10 378
1 352
1 889
11 889
0 189
0 431
0 751
4 526
15 1955
13 1955
18 1955
11 1955
5 1955
17 1955
10 9453
8801 9453
4 9453
33 9453
18 9453
3 9453
11 9453
5 9453
20 9453
12 9453
21 9453
8 9453
7 9453
9 9453
2 9453
6 3604
35 3604
2 3604
3408 3604
3 3604
6 2982
15 2982
13 2982
8 2982
12 2982
1 1152
0 499
0 181
1 181
239 249
21 613
3 395
1 575
1 122
1 1114
5 1114
272 283
275 283
0 241
4 55
8 655
3 1887
8 1887
4 1887
91 7512
61 7512
54 7512
102 7512
33 7512
24 7512
89 7512
144 7512
232 7512
382 7512
117 7512
111 7512
135 7512
569 7512
231 7512
9 328
1 623
0 106
7 82
2 305
0 196
4 151
6 439
1 328
1 2031
1 4370
0 4370
5 4370
2 4370
6 4370
9 4370
4 4370
3 4370
1 340
0 360
0 269
1 413
1 887
1 187
0 187
3 534
3 1539
1 726
5 257
2 202
11 764
18 764
0 473
0 729
2 729
1 729
1 174
4 593
0 326
4 282
55 59
20 2849
16 2849
17 2849
2 2849
2 225
1 435
0 435
0 522
11 146
9 479
2 399
3 587
0 562
17 788
10 788
27 788
16 788
18 788
0 788
1 788
22 788
19 788
435 473
4 473
3 1528
0 1528
1 1904
2 1904
11 733
0 219
15 2417
203 2417
51 594
10 594
17 594
4 620
3 620
0 476
1 476
2 405
1632 1695
2 91
0 91
0 1223
2 1223
3 1223
6 479
1 328
3 1879
7 1879
64 4834
20 4834
23 4834
13 4834
17 4834
16 4834
2 145
21 739
1 336
305 361
154 177
0 413
709 759
1 191
1 191
1 240
8 233
159 177
0 176
2 318
3 807
1 807
3 761
1 446
0 931
1 931
1 1074
5 812
250 287
15 764
4 1043
0 857
1 922
0 558
4 558
0 279
150 173
2 130
2 617
1 617
0 1707
11 1707
2 4275
1 4275
19 4275
4 4275
7 4275
0 1149
1 1149
3 1149
2 2971
4 2971
0 336
293 318
1 1026
1 92
0 92
1 311
0 161
0 774
5 127
0 379
0 400
4 428
7 381
1 562
0 497
2 393
2 279
3 323
17 395
0 223
0 362
451 509
0 2434
9 716
1 388
6 233
0 484
0 484
0 484
5 1075
6 1075
6 1075
8 1075
1 118
0 114
39 844
15 844
1 306
3 1742
2 1742
0 1742
15 441
0 655
674 764
0 509
3444 3737
5 3737
1 3737
0 3737
2 562
2102 2181
2 338
1 40
1 379
2 405
2 474
0 98
0 1143
5 368
652 699
0 343
7 126
1 1644
158 1644
2 767
1 767
727 767
0 20
17 310
0 354
2 61
1 297
51 727
7 395
0 1618
0 233
7 381
0 473
210 217
0 152
654 768
0 171
0 567
0 301
0 461
20 788
6 788
23 788
14 788
26 788
0 788
1 788
21 788
15 788
1 405
0 653
2 139
0 324
0 973
2 1386
0 633
22 664
0 1618
8 395
0 295
5 344
5 230
2044 2219
0 385
7 527
6 1926
11 1926
3 548
0 919
6 699
15 472
2 327
0 821
2 821
3 821
1 526
0 567
6 1012
7 1012
5 1012
3 562
11 739
0 266
5 227
0 241
15 635
11 391
0 177
0 407
4 435
11 535
7 527
5 371
8 371
0 240
0 57
259 297
11 262
3 361
43 1312
0 84
3 287
8 509
2 585
0 592
754 812
2068 2339
4 290
0 948
1 948
1 448
970 973
1 360
12 389
68 1646
1 2101
2 2101
5 2101
13 2101
810 876
7 472
3 265
3 777
3 502
1 137
4 209
2 144
1 183
0 370
14 135
1 120
6 962
12 721
0 114
2 3218
4 1747
0 231
3 1110
0 153
1 290
2 397
322 325
12 319
4 382
17 5267
5 5267
3 5267
12 5267
20 5267
6 5267
31 5267
19 5267
2 5267
9 5267
1 5267
0 5267
18 5267
14 5267
0 1034
4 1034
1 2191
0 2191
0 247
0 247
1 1416
81 1027
0 319
0 1042
0 384
0 163
0 127
1 484
0 900
0 544
0 265
0 368
0 930
2 2416
1 2416
4 2416
11 919
1 407
0 382
0 247
0 233
2 1183
0 1183
1 1183
1 1185
0 382
1 340
2 3763
0 3763
8 177
1 477
0 141
5 242
0 295
1 295
2 395
572 615
0 308
0 1695
15 511
0 227
0 257
10 2339
1 395
1 359
3 761
2 257
0 176
2 336
0 195
1 365
9 240
1 230
4 196
8 338
10 1116
58 1116
0 1124
0 300
38 1623
33 906
0 57
0 188
0 1057
0 233
1 721
6 318
2 735
30 699
0 446
0 310
0 165
2 465
2 1130
671 679
0 392
318 348
6 1898
5 1898
0 472
15 950
18 950
3 950
7 191
0 1695
0 324
0 282
0 861
3 1695
317 360
0 960
1 388
0 1701
1 453
0 453
0 247
0 461
18 295
3 1042
2 549
22 319
1 1110
1 2517
1 866
0 866
8 141
2 387
43 48
0 1791
1 1791
6 511
3 275
7 286
0 423
2 191
945 950
31 509
0 861
0 364
3 364
0 378
1 3651
0 364
3 364
0 298
1 679
1 654
2 177
577 605
2 392
1 392
0 569
0 43
2 414
1 272
2 327
2 2050
0 2050
1 2050
1 617
0 927
5 1268
2 1268
3 1268
3 1413
154 157
14 317
22 790
735 790
0 812
14 1077
8 584
3 562
6 1360
4 1695
11 405
16 587
4 127
1 1592
2 1592
0 1719
2 1719
1 1719
1 548
0 548
2 195
1 352
0 1043
27 2703
24 2703
49 2703
32 2703
24 1165
16 395
1 1323
0 1323
3 1323
6 1323
2 1323
0 118
0 165
3 663
12 451
12 1536
5 1526
1 1526
11 1526
0 116
21 327
2 587
4 139
0 325
1 1288
0 116
203 240
0 217
661 712
2 1386
40 2339
2 2517
13 381
256 284
0 183
11 295
0 2517
4 2339
21 465
0 247
1 2517
0 55
1 281
0 247
16 1360
2 461
13 3761
0 590
0 594
1 378
9 1539
0 108
69 4338
1360 1552
3 152
0 646
1 306
10 657
3 657
9 1042
415 421
1 1042
4 222
1 1034
0 270
0 1104
0 486
0 502
1 57
757 816
1 2365
2 1074
0 187
1 2236
2 2236
3 2236
0 2236
4 405
6 1110
2 497
6 222
0 120
0 151
0 1392
0 230
73 86
1 78
66 2339
0 9
1 1021
0 318
1 308
1 279
0 762
3 88
2 721
0 1027
2 500
0 89
1 86
9 159
10 733
22 725
0 276
1 497
6 1130
0 456
1 654
0 777
0 53
0 340
461 475
1 142
0 694
0 41
0 90
45 588
16 588
3 588
1 214
0 67
2 588
1 327
1 342
0 588
8 193
0 161
4 90
4 588
5 41
14 322
2 718
2 142
28 567
2 588
2 113
0 120
3 588
1 567
7 588
8 588
4 483
10 588
3 218
533 588
10 282
7 282
16 588
8 218
3 327
23 24
0 274
7 274
1 214
1 142
2 90
89 90
1 228
8 567
0 229
46 567
4 343
209 228
1 327
0 43
8 386
32 694
202 228
1 475
3 588
45 475
10 946
0 475
0 567
1 457
2 327
1 483
4 343
0 116
0 475
1 228
0 342
24 327
25 560
219 229
0 99
3 588
40 43
6 43
0 168
2 141
1 483
0 16
15 588
0 386
22 334
1 588
2 588
2 588
1 588
0 90
15 588
0 271
563 588
11 386
0 67
540 560
17 342
1 454
1 588
1 588
0 211
31 694
41 694
10 228
14 327
557 588
4 752
0 53
0 229
12 588
6 41
0 374
0 334
0 588
3 475
96 110
0 229
0 58
12 588
1 142
10 153
2 334
2 116
108 118
555 588
4 386
3 327
2 142
11 228
11 156
2 588
2 588
1 327
4 343
8 153
426 475
0 588
0 99
0 588
1 588
545 574
0 694
1 90
23 694
0 56
30 560
6 342
6 322
0 752
564 588
26 327
1 193
14 454
0 342
0 67
0 327
13 588
0 229
0 342
0 67
16 2673
0 211
6 483
2 327
5 228
4 33
5 962
1 1539
0 125
0 120
4 80
1 816
0 554
1 176
2 406
0 66
0 473
0 977
0 844
0 290
9 502
2 88
2 275
2 147
5 515
0 1205
2 1403
0 1695
5 605
4 605
8 1347
3 1347
14 1516
0 295
0 473
0 59
2 1021
744 788
7 228
0 1110
0 88
0 768
1 476
1 337
0 340
44 1695
4 127
0 308
2 378
0 241
0 452
0 284
1 1900
0 1900
2 3101
0 3101
0 6
4 218
9 664
0 158
0 423
3 951
15 951
0 623
0 399
4 1577
0 278
2 214
6 2150
0 2150
0 145
0 404
0 1074
1 336
0 362
4 594
0 216
0 439
1 527
3 1386
1 639
32 762
0 625
1 625
0 725
0 395
0 1036
4 1042
1 393
4 1539
1 368
2 1539
104 117
13 632
4 1042
1 518
0 567
2 452
0 1071
0 347
0 303
0 120
24 270
13 2237
11 2237
1 2237
0 2237
2 2237
0 233
1537 1552
0 409
0 1230
2 1230
7 853
0 400
0 126
0 446
9 857
0 973
1 274
0 274
1 3390
28 3390
7 3390
3 3390
0 584
8 890
1 626
3 216
0 1346
0 247
5 287
2 79
0 196
13 191
166 7353
168 7353
54 7353
7006 7353
89 7353
12 7353
292 7353
153 7353
163 7353
7243 7353
112 7353
78 7353
106 7353
124 7353
49 7353
35 7353
0 141
2 2466
0 2466
3 2466
1 2466
0 1456
50 10604
163 10604
101 10604
34 10604
368 10604
56 10604
39 10604
33 10604
109 10604
75 10604
7 10604
122 10604
52 10604
35 10604
100 10604
47 10604
9 1655
4 1655
0 407
2 1162
6 1162
1 1162
3 1162
2 479
17 623
0 87
2 564
336 391
0 295
0 590
1 508
1689 1695
1 47
730 788
732 788
749 788
728 788
737 788
7 788
5 788
19 788
739 788
1 230
0 739
0 436
4 1695
0 247
1 626
9 567
6 115
2 48
0 344
5 684
51 764
1 582
30 1072
10 1862
1 1862
4 369
793 876
1 625
0 233
2 937
5 937
4 937
0 230
1 421
0 272
4 218
1 812
33 826
0 919
0 887
1 1072
126 2339
3 958
2 958
1 1623
2 141
1 792
1 811
1 2330
0 2330
1 247
4 974
118 120
0 182
2 423
0 1967
0 30
2 384
2 549
17 1153
0 497
4 188
1 498
5 157
1 157
10 2339
4 950
1 57
0 135
0 473
0 962
1 448
0 163
0 414
3 1161
0 1161
2 1161
0 117
3 96
0 1403
0 1346
1 139
57 1110
0 473
1 318
0 318
1 700
0 162
0 1967
4 1539
0 1539
0 106
5 5662
4 5662
3 5662
2 5662
0 5662
4 1536
11 1536
4 625
14 2565
10 2565
11 2565
4 2565
15 2565
8 2565
80 1747
6 384
6 183
8 1249
6 1249
0 87
0 812
4 746
5 2128
0 2128
4 2128
0 473
0 67
2 124
4 178
0 764
1 379
3 2396
0 2396
1 2396
15 890
14 890
8 890
0 38
0 2407
4 2407
2 2407
7 2407
0 735
1 581
0 581
0 385
2 385
0 615
1 139
0 641
9 448
1 1064
0 1064
3 2225
1 89
0 941
0 89
0 1419
424 452
3 80
6 554
0 89
0 1294
10 1294
339 381
56 1948
79 1948
18 1948
20 1948
10 962
0 448
0 352
1 137
1 594
2 1708
0 1708
3 287
0 25
0 816
0 626
0 90
21 2339
0 1536
3 233
1 69
2 319
1 796
0 446
0 527
0 142
0 369
0 153
4 590
3 385
406 413
0 446
1 2395
0 2395
1 404
295 592
32 2163
31 2163
83 2163
2 55
176 191
0 2423
2 2423
3 2423
1 344
1 196
3 452
17 1403
1 1205
0 1205
1 1014
2 294
3 448
6 86
0 395
4 844
0 844
0 303
5 1360
0 812
0 107
0 562
1 479
9 467
28 1733
29 1733
25 1733
1 80
5 739
0 446
243 247
0 389
0 733
3 215
4 295
2 431
0 175
5 130
5 187
1 135
0 284
2 371
3 330
2 1724
0 1724
1 1724
2 549
13 919
1033 1139
1 896
0 896
0 437
0 103
0 264
1 261
0 264
0 648
8 1577
0 1501
3 1501
1 1501
545 617
2 1618
0 285
4 504
2 115
47 48
0 247
0 737
0 223
0 509
0 311
46 594
2 477
0 345
1 733
5 789
3 789
0 605
0 1747
0 347
8 1511
5 1511
0 362
13 147
0 307
12 139
7 139
0 382
70 1766
756 788
3 788
15 788
9 788
770 788
0 788
1 788
744 788
5 788
12 694
1 694
277 307
2 174
1 371
1 1077
0 537
5 178
0 103
1 290
18 3159
19 3159
11 3159
4 1331
45 50
0 716
1 508
38 1909
1792 1909
27 1909
0 1618
1 1618
0 384
0 384
0 102
0 94
0 585
0 474
518 535
0 261
288 295
1 169
0 148
2 183
4 876
1 733
7 1787
4 1787
5 1787
4 617
0 1553
1 1553
3 504
0 343
0 632
0 127
6 504
10 1083
2 65
1 1144
0 178
1 172
2 240
2 431
14 919
0 498
0 1618
1448 1475
11 368
3 26
19 1965
6 1965
3 1965
0 1965
5 1965
2 1965
3 125
0 175
50 55
1 379
0 229
0 229
0 230
2 1042
5 344
7 323
2 746
804 876
6 479
404 406
2 504
154 171
1 575
23 764
6 1913
1 1913
0 1057
1 269
0 173
316 344
0 772
0 242
3 1695
5 1695
2 382
2 764
0 175
0 94
0 811
0 394
0 1287
0 176
14 139
0 310
0 360
1 230
0 811
1 381
1 1129
18 1129
3 1129
0 638
0 1071
17 1410
25 1410
20 1410
0 811
0 497
0 37
0 285
1 305
4 256
0 360
223 233
14 623
0 1061
2 260
0 452
0 563
27 592
2 144
1 327
0 617
5 337
4 362
5922 5976
55 5976
49 5976
73 5976
70 5976
52 5976
95 5976
58 5976
46 5976
8 1075
367 379
35 661
0 162
1 2517
4 431
2 100
0 1386
2 850
0 511
2 405
4 1102
0 1102
0 370
2 196
1 361
20 841
6 698
0 124
0 290
208 218
0 439
19 229
0 349
0 89
0 360
15 333
9 333
0 526
0 122
0 412
1 196
0 874
0 247
0 896
2 338
1 338
0 142
1681 1779
1670 1779
40 1779
1724 1779
1 1238
806 876
55 1853
13 1853
1 1853
0 592
15 564
0 173
3 1539
0 158
1 812
4 584
0 328
3 262
1 816
0 99
14 796
2 404
2 146
172 345
8 464
2 228
4 274
912 919
1 502
1 1110
1 122
12 446
4 518
0 141
3 585
2 561
1 2808
1 1357
23 1416
1 204
1 100
513 563
0 564
0 473
9 1110
0 339
163 327
1 308
5 295
0 587
0 777
10 558
2 149
181 209
0 279
0 962
0 3095
7 3095
2 3095
12 1617
1 1617
10 1617
0 1617
2 318
2 327
4 1767
9 1767
5 1767
2 1767
7 240
0 1071
0 522
0 1618
0 465
1 465
1 465
