2 384
5 375
1 392
0 576
2 576
9 776
4 776
448 511
5 2287
3 2287
4 745
0 745
13 914
0 338
9 448
2 691
1 691
0 183
5 914
16 1155
29 1155
1056 1155
1 1155
2 1155
1 1370
1 1623
38 7389
133 7389
352 7389
5 7389
6 7389
143 7389
115 7389
14 7389
58 7389
35 7389
358 7389
4 2339
2 615
36 1288
2 176
12 1265
26 1265
6 1265
8 150
0 79
2 1983
3 1983
4 1983
113 1983
7 269
4 397
45 1208
34 1208
19 1208
27 1474
8 240
16 448
3 558
1 1113
0 1113
0 79
5 305
11 400
0 388
6 590
1 1483
141 152
139 152
1 796
1527 1536
0 805
0 276
20 328
5 1267
11 1267
25 1267
7 1267
12 1267
4 522
2 198
1 1013
0 1013
4 152
0 1303
2 1008
3 1008
2 327
1 562
7 737
8 737
229 264
163 175
0 44
0 89
3 1913
0 1913
3 1539
12 973
3 855
0 301
6 7645
205 7645
13 7645
3 7645
19 7645
180 7645
83 7645
16 7645
22 7645
14 7645
18 7645
4 7645
26 7645
1 7645
15 7645
2 7645
11 7645
9 7645
100 7645
8 7645
352 9306
32 9306
9 9306
137 9306
28 9306
303 9306
2 9306
159 9306
6 9306
217 9306
3 9306
33 9306
7 9306
296 9306
8 9306
334 9306
400 9306
51 9306
26 3760
198 3760
165 3760
36 3760
59 3760
66 3760
48 3760
67 3760
7 689
7 295
68 1454
46 1454
14 1454
18 1454
1 626
0 203
0 405
0 794
2 794
1 844
633 657
1 1110
124 150
1 1071
0 812
0 812
0 422
46 896
2 395
10 2339
0 135
4 324
1 721
70 79
1 204
0 811
1 368
0 380
0 380
2 384
8 152
0 98
67 68
2 446
1 777
4 777
0 884
883 884
0 1514
846 876
6 348
0 169
5 663
4 663
1 303
6 240
0 441
3 1474
0 733
3 1077
0 404
0 973
0 138
12 1618
5 567
810 876
1 176
0 2150
9 2150
25 876
2 311
9 1597
5 1597
14 1597
6 1597
1 618
0 98
0 184
10 776
4 776
1 497
54 57
3 392
17 670
12 670
3 392
43 511
1 247
0 876
1 344
2 965
1517 1539
0 509
4 215
5 176
4 215
2 215
6 1386
0 283
0 764
0 465
0 792
7 10782
30 10782
3 10782
5 10782
65 10782
31 10782
53 10782
200 10782
59 10782
57 10782
35 10782
162 10782
18 10782
76 10782
52 10782
12 10782
63 10782
42 10782
77 10782
10 10782
40 10782
11 10782
23 10782
9 10782
35 10782
108 10782
1 224
11 767
3 144
49 540
4 2510
0 2510
262 269
3 269
0 1269
1 1269
2 919
0 782
10 448
0 931
1 931
1 247
1 89
17 2038
1 2038
0 2038
1 446
8 737
5 1898
4 1898
7 584
4 1360
3 2257
4 2257
0 1695
1973 2339
21 1072
2 746
1 746
4 2150
13 2150
31 3410
5 3410
15 3410
2 746
1 2150
17 2150
9 764
2 746
0 456
23 590
20 2449
29 2449
23 191
22 777
4 266
1 1027
4 976
21 976
9 3000
26 3000
19 3000
33 3000
25 3000
5 3000
0 202
0 456
6 777
1 381
0 295
3 186
403 441
0 94
56 68
1 287
4 240
5 142
6 240
1 655
0 1197
6 2831
4 2831
3 2831
1 2831
2 1331
4 4210
48 4210
71 4210
28 4210
114 4210
82 4210
30 4210
1 4210
47 4210
142 4210
228 4210
1 20
2 209
0 677
4 677
2 1547
11 1547
3 888
28 888
0 344
0 413
7 1012
3 1012
6 1012
1 269
0 467
2 504
23 1110
2 585
4 2128
0 2128
8 2128
1 960
1 1483
12 1536
5 1536
1 1110
2 1069
3 1069
4 1069
3 1014
53 811
1 1110
4 423
0 93
179 183
1 384
3 724
8 2375
3 2375
6 2375
0 178
13 788
3 788
7 788
5 788
19 788
0 788
1 788
11 788
4 788
1 203
26 226
0 4949
2 4949
5 4949
35 4949
87 4949
10 4949
71 4949
0 120
44 2150
3 2150
15 2150
0 653
5 689
3 2955
1 2955
81 2955
5 2955
13 2955
2 2955
148 2955
1 1695
0 439
0 439
11 225
0 2163
3 2163
254 13875
41 13875
6 13875
51 13875
30 13875
87 13875
18 13875
5 13875
472 13875
20 13875
13264 13875
54 13875
86 13875
85 13875
7 2339
2 222
2 150
2 1164
5 1164
20 1164
0 2347
2 2347
3 2347
1 2347
0 633
0 384
19 3126
21 3126
45 3126
6 3126
3 3126
12 3126
15 3126
6 1078
1 1078
0 1078
252 267
2 1926
13 526
4 812
8 858
7 5657
3 5657
16 5657
13 5657
11 5657
2 5657
103 5657
48 5657
32 1042
3 423
2 218
1 172
15 1307
104 1021
4 384
0 400
5 240
3 247
1 176
0 247
1 124
1 618
0 247
3 1708
2 1708
1 1708
0 1708
0 762
1 762
5 152
8 371
3 264
1 442
0 442
5 389
54 5642
6 5642
1 5642
142 5642
199 5642
51 5642
19 5642
2 416
2 223
2 86
9 543
12 1403
5 1403
0 679
1 2517
0 87
2 689
1 336
0 89
0 153
10 1403
5 1963
20 1963
8 2002
10 2002
2 2002
9 147
8 147
2 163
253 264
2 1539
242 264
5 590
0 181
224 241
0 465
746 764
29 764
10 764
8 295
0 1652
1 1652
0 1967
0 86
0 1110
2 1183
0 1183
3 1183
0 876
0 389
2 1124
1 1124
1 1014
1 961
3 961
0 961
0 526
0 359
53 1130
1 257
4 1386
1 842
24 1042
0 257
4 2403
48 2403
17 2403
0 106
4 375
17 617
1 270
17 270
5 340
1 327
0 380
2 518
5 587
4 587
0 384
0 424
3 264
669 699
1 1317
3 1317
5 1317
10 120
3 594
0 538
0 603
0 1130
1 344
6 240
0 1241
0 122
3 855
6 1898
4 1898
5 1898
4 1898
5 384
16 17
22 914
0 777
5 163
14 4713
18 4713
2 4713
4318 4713
4 4713
17 4713
0 44
3 2150
10 2150
1 2150
0 2150
9 402
242 266
2 781
3 781
0 781
9 781
23 664
1 689
0 874
0 796
0 796
116 1464
4 1464
10 1464
0 548
5 382
11 233
2 663
1 257
460 506
10 1012
1 257
0 626
0 371
770 782
84 3816
4 3816
3 3816
0 3816
2 3816
21 3816
7 3816
3 340
2 1347
6 1347
0 149
1 554
0 364
5 364
271 295
3 435
5 695
2 1247
1 1247
6 423
2 914
0 265
6 631
4 631
2 186
0 518
164 171
452 511
0 431
0 2308
2 2308
1 2303
11 2303
9 145
5 145
6 145
1 467
10 518
1 405
10 318
11 423
4 324
359 389
1 8726
5 8726
183 8726
13 8726
152 8726
6 8726
347 8726
29 8726
67 8726
86 8726
0 8726
26 8726
132 8726
0 422
1 108
0 456
0 1036
1 1036
17 391
1 344
0 679
2 154
359 397
7 3066
8 3066
42 3066
3 1214
6 1214
30 1595
42 1595
20 764
0 457
0 368
0 376
2 209
0 209
1 1191
0 1191
16 592
3 378
9 141
0 389
4 446
1 264
0 526
17 1110
11850 12734
59 12734
886 12734
874 12734
107 12734
206 12734
12267 12734
299 12734
96 12734
297 12734
50 12734
29 12734
146 12734
48 12734
115 12734
187 12734
52 12734
244 12734
7 203
1 89
0 653
2 295
0 841
0 441
382 384
0 876
84 1264
1171 1264
1263 1264
1 404
0 1483
0 1110
5 590
4 590
221 264
0 107
2 1386
0 148
1 89
6 842
35 461
0 669
1 669
8 737
639 699
8 423
8 737
0 107
0 107
1 148
0 473
14 2629
83 2629
5 2629
6 2629
1 384
2 1589
1 1589
0 1589
2 113
0 2696
1 2696
3 2696
0 774
24 664
100 987
1 987
5 987
7 4344
0 4344
24 4344
30 4344
5 4344
1 4344
3 4344
2 222
0 626
32 1376
16 1376
24 1376
31 1376
2 558
3 680
8 680
11 234
1 177
2 177
5 384
405 441
399 441
1 376
1 1511
0 1511
2 522
6 522
0 169
3 737
23 664
5 479
0 2238
4 2238
23 2238
5 2238
27 1074
7 737
0 762
5 2517
730 788
9 2300
2 2300
0 762
0 618
0 183
21 270
8 558
0 252
11 295
9 1913
47 1913
2 656
7 656
8 656
4 240
1 423
3 764
4 373
10 446
1 357
12 423
0 632
2 590
0 562
7 456
0 9
293 587
0 562
16 1014
0 774
0 404
0 567
0 1407
0 594
1 690
0 690
2 250
1 127
18 295
3 2725
1 2725
0 2725
2 2725
5 2725
0 442
1 442
10 518
1 508
0 269
5 269
0 38
5 6094
2 6094
0 6094
4 6094
64 6094
1 1370
19 2737
15 2737
60 1409
4 526
6 465
1 339
1 960
0 960
347 382
1 295
0 404
0 431
1 1536
1 615
0 844
0 308
0 504
3 560
1 730
0 730
1 764
1 1701
9 240
4 283
5 596
2 392
1 2339
0 2339
0 303
0 461
33 563
17 438
1 122
0 980
1 980
2 845
0 665
7 378
1 352
1 889
11 889
0 189
0 431
0 751
13 526
16 1955
12 1955
17 1955
11 1955
4 1955
18 1955
21 9453
8862 9453
5 9453
37 9453
14 9453
4 9453
10 9453
8 9453
18 9453
19 9453
17 9453
7 9453
6 9453
15 9453
2 9453
11 3604
58 3604
5 3604
3536 3604
2 3604
4 2982
13 2982
18 2982
5 2982
10 2982
1 1152
0 499
0 181
1 181
242 249
22 613
4 395
1 575
1 122
1 1114
4 1114
269 283
274 283
0 241
3 55
6 655
3 1887
7 1887
4 1887
114 7512
30 7512
85 7512
92 7512
20 7512
9 7512
38 7512
158 7512
234 7512
383 7512
161 7512
81 7512
174 7512
553 7512
193 7512
7 328
1 623
0 106
5 82
1 305
0 196
4 151
5 439
7 328
1 2031
1 4370
0 4370
4 4370
3 4370
6 4370
9 4370
5 4370
2 4370
0 340
0 360
0 269
1 413
2 887
1 187
0 187
3 534
3 1539
1 726
7 257
2 202
22 764
33 764
0 473
0 729
2 729
1 729
1 174
4 593
0 326
4 282
57 59
19 2849
16 2849
21 2849
2 2849
1 225
1 435
0 435
0 522
8 146
7 479
2 399
3 587
0 562
16 788
8 788
21 788
15 788
17 788
0 788
1 788
18 788
13 788
429 473
5 473
4 1528
0 1528
1 1904
2 1904
9 733
0 219
13 2417
169 2417
57 594
11 594
38 594
4 620
3 620
0 476
1 476
2 405
1598 1695
1 91
0 91
0 1223
2 1223
3 1223
6 479
1 328
5 1879
9 1879
49 4834
19 4834
18 4834
9 4834
21 4834
12 4834
0 145
28 739
1 336
19 361
152 177
0 413
27 759
1 191
1 191
2 240
8 233
12 177
0 176
3 318
3 807
1 807
4 761
0 446
0 931
1 931
0 1074
2 812
19 287
49 764
3 1043
0 857
1 922
2 558
4 558
0 279
22 173
1 130
2 617
1 617
0 1707
8 1707
2 4275
1 4275
17 4275
3 4275
5 4275
0 1149
1 1149
4 1149
1 2971
4 2971
0 336
19 318
0 1026
1 92
0 92
1 311
0 161
0 774
5 127
0 379
0 400
3 428
4 381
1 562
0 497
1 393
1 279
2 323
8 395
1 223
0 362
447 509
0 2434
12 716
0 388
4 233
0 484
0 484
0 484
5 1075
7 1075
4 1075
8 1075
1 118
0 114
34 844
37 844
1 306
1 1742
2 1742
0 1742
11 441
0 655
638 764
0 509
3301 3737
6 3737
1 3737
0 3737
1 562
2115 2181
1 338
1 40
0 379
2 405
2 474
0 98
0 1143
5 368
683 699
0 343
5 126
1 1644
133 1644
0 767
2 767
729 767
1 20
10 310
0 354
2 61
1 297
39 727
4 395
0 1618
0 233
10 381
0 473
215 217
0 152
679 768
0 171
0 567
0 301
0 461
19 788
7 788
23 788
16 788
26 788
0 788
1 788
22 788
15 788
1 405
0 653
1 139
0 324
0 973
1 1386
0 633
17 664
0 1618
4 395
0 295
8 344
4 230
2033 2219
0 385
26 527
5 1926
9 1926
3 548
0 919
6 699
9 472
2 327
0 821
3 821
2 821
1 526
0 567
6 1012
5 1012
7 1012
1 562
11 739
0 266
6 227
0 241
7 635
17 391
0 177
0 407
2 435
17 535
6 527
7 371
8 371
0 240
0 57
254 297
7 262
2 361
30 1312
0 84
2 287
7 509
2 585
0 592
729 812
2016 2339
5 290
0 948
1 948
0 448
971 973
1 360
7 389
1507 1646
1 2101
2 2101
5 2101
17 2101
808 876
4 472
4 265
3 777
1 502
2 137
4 209
3 144
1 183
0 370
131 135
1 120
9 962
10 721
0 114
3 3218
4 1747
0 231
1 1110
0 153
1 290
2 397
319 325
5 319
4 382
14 5267
5 5267
1 5267
10 5267
19 5267
6 5267
31 5267
18 5267
2 5267
9 5267
0 5267
4 5267
23 5267
13 5267
0 1034
5 1034
2 2191
0 2191
0 247
0 247
1 1416
65 1027
0 319
0 1042
0 384
0 163
0 127
2 484
0 900
0 544
0 265
0 368
0 930
0 2416
1 2416
3 2416
13 919
1 407
0 382
0 247
0 233
2 1183
0 1183
1 1183
1 1185
0 382
1 340
2 3763
0 3763
6 177
1 477
0 141
1 242
0 295
1 295
2 395
601 615
0 308
0 1695
13 511
0 227
0 257
11 2339
1 395
1 359
1 761
1 257
0 176
2 336
0 195
1 365
7 240
1 230
4 196
11 338
8 1116
30 1116
0 1124
0 300
29 1623
36 906
0 57
0 188
0 1057
0 233
1 721
10 318
2 735
623 699
0 446
0 310
0 165
2 465
2 1130
657 679
0 392
326 348
6 1898
5 1898
0 472
14 950
15 950
1 950
6 191
1 1695
0 324
0 282
0 861
4 1695
13 360
0 960
2 388
0 1701
1 453
0 453
0 247
0 461
15 295
3 1042
6 549
271 319
0 1110
1 2517
1 866
0 866
5 141
2 387
43 48
0 1791
2 1791
4 511
2 275
6 286
0 423
1 191
946 950
14 509
0 861
0 364
2 364
0 378
1 3651
0 364
2 364
0 298
1 679
0 654
1 177
581 605
6 392
1 392
0 569
0 43
0 414
2 272
2 327
2 2050
0 2050
1 2050
1 617
0 927
6 1268
2 1268
3 1268
2 1413
150 157
7 317
11 790
743 790
0 812
2 1077
8 584
3 562
5 1360
4 1695
10 405
8 587
4 127
1 1592
2 1592
0 1719
2 1719
1 1719
0 548
1 548
1 195
1 352
0 1043
35 2703
13 2703
72 2703
25 2703
19 1165
14 395
2 1323
0 1323
3 1323
6 1323
1 1323
0 118
0 165
2 663
20 451
10 1536
3 1526
1 1526
7 1526
0 116
12 327
2 587
4 139
0 325
3 1288
0 116
205 240
0 217
635 712
2 1386
36 2339
2 2517
10 381
249 284
0 183
8 295
0 2517
3 2339
40 465
0 247
1 2517
0 55
2 281
0 247
10 1360
1 461
11 3761
0 590
0 594
2 378
7 1539
0 108
55 4338
1506 1552
139 152
0 646
1 306
16 657
3 657
17 1042
408 421
1 1042
4 222
1 1034
0 270
0 1104
0 486
0 502
1 57
54 816
3 2365
2 1074
0 187
1 2236
2 2236
3 2236
0 2236
3 405
7 1110
2 497
3 222
0 120
0 151
0 1392
0 230
72 86
4 78
108 2339
0 9
1 1021
0 318
1 308
1 279
0 762
3 88
2 721
0 1027
1 500
0 89
2 86
6 159
15 733
9 725
0 276
0 497
5 1130
0 456
0 654
0 777
0 53
0 340
456 475
1 142
0 694
0 41
0 90
30 588
13 588
3 588
2 214
0 67
1 588
1 327
1 342
0 588
9 193
0 161
3 90
3 588
4 41
10 322
2 718
1 142
22 567
3 588
2 113
0 120
3 588
4 567
8 588
6 588
4 483
8 588
3 218
25 588
8 282
6 282
15 588
11 218
3 327
22 24
0 274
8 274
1 214
1 142
2 90
87 90
1 228
9 567
0 229
28 567
3 343
207 228
1 327
0 43
9 386
31 694
15 228
0 475
4 588
426 475
10 946
0 475
0 567
1 457
2 327
1 483
4 343
0 116
0 475
1 228
0 342
22 327
12 560
219 229
0 99
3 588
40 43
6 43
0 168
2 141
1 483
0 16
14 588
0 386
18 334
1 588
2 588
2 588
1 588
0 90
12 588
0 271
551 588
12 386
0 67
534 560
15 342
2 454
0 588
1 588
0 211
17 694
28 694
10 228
6 327
551 588
3 752
0 53
0 229
12 588
3 41
1 374
0 334
2 588
5 475
98 110
0 229
0 58
14 588
1 142
138 153
2 334
2 116
109 118
553 588
3 386
3 327
2 142
9 228
11 156
2 588
4 588
1 327
4 343
5 153
60 475
0 588
0 99
0 588
2 588
543 574
0 694
1 90
22 694
0 56
31 560
9 342
4 322
0 752
560 588
292 327
1 193
10 454
0 342
0 67
0 327
10 588
0 229
0 342
0 67
16 2673
0 211
6 483
2 327
6 228
4 33
3 962
0 1539
0 125
0 120
3 80
0 816
0 554
1 176
2 406
0 66
0 473
0 977
0 844
0 290
10 502
2 88
2 275
1 147
5 515
0 1205
2 1403
0 1695
9 605
6 605
8 1347
3 1347
15 1516
0 295
0 473
0 59
2 1021
722 788
5 228
0 1110
2 88
0 768
1 476
0 337
0 340
68 1695
4 127
0 308
2 378
0 241
0 452
0 284
1 1900
0 1900
2 3101
0 3101
0 6
4 218
8 664
0 158
0 423
3 951
7 951
0 623
0 399
3 1577
0 278
2 214
5 2150
0 2150
0 145
0 404
0 1074
1 336
0 362
4 594
0 216
0 439
0 527
3 1386
1 639
23 762
0 625
1 625
0 725
0 395
0 1036
3 1042
1 393
3 1539
1 368
2 1539
102 117
22 632
3 1042
0 518
0 567
2 452
1 1071
0 347
0 303
0 120
26 270
13 2237
16 2237
1 2237
0 2237
3 2237
0 233
1530 1552
0 409
0 1230
2 1230
6 853
0 400
0 126
0 446
13 857
0 973
0 274
1 274
2 3390
28 3390
7 3390
1 3390
0 584
7 890
1 626
3 216
0 1346
0 247
5 287
1 79
0 196
17 191
102 7353
126 7353
36 7353
7206 7353
186 7353
9 7353
262 7353
99 7353
120 7353
7126 7353
77 7353
167 7353
82 7353
121 7353
29 7353
12 7353
0 141
2 2466
1 2466
3 2466
0 2466
0 1456
103 10604
282 10604
115 10604
36 10604
588 10604
70 10604
88 10604
27 10604
183 10604
148 10604
24 10604
129 10604
65 10604
29 10604
78 10604
42 10604
9 1655
5 1655
0 407
2 1162
6 1162
1 1162
3 1162
2 479
18 623
0 87
0 564
349 391
0 295
0 590
0 508
1691 1695
1 47
23 788
14 788
728 788
16 788
724 788
3 788
1 788
11 788
20 788
1 230
0 739
0 436
4 1695
0 247
0 626
9 567
5 115
2 48
0 344
13 684
57 764
1 582
35 1072
12 1862
0 1862
3 369
20 876
1 625
0 233
1 937
3 937
2 937
0 230
1 421
0 272
1 218
1 812
24 826
0 919
0 887
1 1072
103 2339
0 958
2 958
1 1623
1 141
0 792
1 811
1 2330
0 2330
1 247
3 974
118 120
0 182
2 423
0 1967
0 30
2 384
5 549
12 1153
0 497
4 188
1 498
5 157
1 157
4 2339
9 950
1 57
0 135
0 473
0 962
1 448
0 163
0 414
3 1161
0 1161
2 1161
0 117
5 96
0 1403
0 1346
1 139
55 1110
0 473
1 318
0 318
1 700
0 162
0 1967
4 1539
0 1539
0 106
5 5662
4 5662
3 5662
2 5662
0 5662
3 1536
11 1536
3 625
11 2565
7 2565
10 2565
4 2565
13 2565
9 2565
99 1747
5 384
9 183
8 1249
5 1249
0 87
0 812
4 746
11 2128
0 2128
6 2128
0 473
0 67
2 124
6 178
0 764
0 379
3 2396
0 2396
1 2396
15 890
9 890
7 890
0 38
1 2407
3 2407
4 2407
6 2407
0 735
1 581
0 581
0 385
1 385
11 615
1 139
0 641
8 448
1 1064
0 1064
1 2225
1 89
0 941
0 89
0 1419
11 452
2 80
7 554
0 89
0 1294
8 1294
349 381
34 1948
67 1948
17 1948
7 1948
14 962
0 448
0 352
0 137
0 594
1 1708
0 1708
2 287
0 25
0 816
0 626
0 90
16 2339
0 1536
3 233
1 69
1 319
0 796
0 446
1 527
0 142
0 369
0 153
7 590
0 385
400 413
0 446
1 2395
0 2395
0 404
295 592
44 2163
20 2163
67 2163
1 55
179 191
0 2423
3 2423
2 2423
1 344
1 196
1 452
31 1403
1 1205
0 1205
1 1014
2 294
7 448
6 86
0 395
3 844
0 844
0 303
3 1360
0 812
0 107
0 562
1 479
8 467
16 1733
34 1733
24 1733
1 80
4 739
0 446
246 247
0 389
0 733
2 215
4 295
1 431
0 175
3 130
5 187
1 135
0 284
1 371
3 330
2 1724
0 1724
1 1724
2 549
3 919
28 1139
1 896
0 896
0 437
0 103
0 264
1 261
0 264
0 648
5 1577
0 1501
3 1501
1 1501
575 617
2 1618
0 285
4 504
2 115
47 48
0 247
0 737
0 223
0 509
0 311
480 594
2 477
0 345
0 733
4 789
2 789
0 605
0 1747
0 347
8 1511
3 1511
0 362
12 147
0 307
9 139
7 139
0 382
92 1766
731 788
2 788
12 788
9 788
747 788
0 788
1 788
723 788
4 788
12 694
0 694
283 307
2 174
3 371
1 1077
0 537
4 178
0 103
0 290
11 3159
13 3159
6 3159
2 1331
44 50
0 716
1 508
26 1909
59 1909
30 1909
0 1618
2 1618
0 384
0 384
0 102
0 94
0 585
0 474
484 535
0 261
270 295
0 169
1 148
1 183
3 876
1 733
6 1787
5 1787
4 1787
9 617
0 1553
1 1553
2 504
0 343
1 632
0 127
5 504
9 1083
1 65
1 1144
0 178
1 172
2 240
2 431
23 919
0 498
0 1618
1460 1475
9 368
3 26
14 1965
6 1965
2 1965
0 1965
5 1965
3 1965
1 125
0 175
51 55
1 379
0 229
0 229
0 230
0 1042
0 344
6 323
2 746
29 876
4 479
401 406
2 504
152 171
1 575
71 764
10 1913
1 1913
0 1057
1 269
0 173
13 344
0 772
0 242
3 1695
5 1695
2 382
1 764
0 175
0 94
0 811
0 394
0 1287
0 176
15 139
0 310
0 360
1 230
0 811
1 381
1 1129
13 1129
6 1129
0 638
0 1071
29 1410
18 1410
22 1410
0 811
0 497
0 37
0 285
1 305
2 256
0 360
231 233
13 623
0 1061
1 260
0 452
0 563
6 592
2 144
1 327
0 617
5 337
2 362
5951 5976
63 5976
31 5976
62 5976
66 5976
34 5976
79 5976
68 5976
25 5976
8 1075
355 379
25 661
0 162
1 2517
2 431
2 100
0 1386
2 850
0 511
2 405
2 1102
0 1102
0 370
2 196
1 361
18 841
5 698
0 124
0 290
205 218
0 439
12 229
0 349
0 89
0 360
8 333
9 333
0 526
0 122
0 412
1 196
0 874
0 247
1 896
1 338
2 338
0 142
1646 1779
1749 1779
32 1779
1763 1779
0 1238
30 876
59 1853
6 1853
0 1853
0 592
4 564
0 173
1 1539
0 158
0 812
6 584
0 328
2 262
1 816
0 99
14 796
1 404
2 146
1 345
10 464
2 228
2 274
902 919
0 502
0 1110
2 122
9 446
4 518
0 141
2 585
6 561
1 2808
0 1357
22 1416
1 204
0 100
28 563
0 564
0 473
7 1110
0 339
163 327
0 308
5 295
0 587
0 777
5 558
0 149
6 209
0 279
0 962
1 3095
4 3095
2 3095
17 1617
0 1617
10 1617
1 1617
1 318
2 327
3 1767
11 1767
7 1767
1 1767
8 240
0 1071
0 522
0 1618
1 465
0 465
1 465
