4 384
6 375
7 392
0 576
3 576
13 776
11 776
33 511
10 2287
8 2287
9 745
1 745
33 914
5 338
3 448
2 691
3 691
1 183
6 914
21 1155
29 1155
75 1155
3 1155
5 1155
4 1370
5 1623
30 7389
305 7389
155 7389
6 7389
13 7389
57 7389
104 7389
15 7389
192 7389
147 7389
377 7389
16 2339
4 615
48 1288
4 176
15 1265
5 1265
4 1265
6 150
0 79
0 1983
10 1983
4 1983
34 1983
5 269
338 397
28 1208
21 1208
26 1208
53 1474
10 240
1 448
8 558
3 1113
1 1113
0 79
8 305
396 400
2 388
6 590
1 1483
3 152
2 152
4 796
1504 1536
0 805
6 276
294 328
46 1267
48 1267
45 1267
14 1267
43 1267
18 522
189 198
0 1013
1 1013
143 152
1 1303
5 1008
6 1008
4 327
1 562
8 737
7 737
244 264
8 175
0 44
0 89
7 1913
2 1913
4 1539
27 973
10 855
1 301
6 7645
99 7645
68 7645
15 7645
4 7645
249 7645
225 7645
71 7645
165 7645
9 7645
7 7645
24 7645
150 7645
21 7645
2 7645
11 7645
28 7645
8 7645
76 7645
37 7645
775 9306
11 9306
61 9306
319 9306
119 9306
227 9306
34 9306
428 9306
31 9306
526 9306
20 9306
100 9306
98 9306
220 9306
107 9306
537 9306
407 9306
115 9306
86 3760
153 3760
111 3760
82 3760
88 3760
80 3760
94 3760
129 3760
24 689
272 295
33 1454
13 1454
7 1454
8 1454
4 626
0 203
0 405
0 794
2 794
1 844
29 657
8 1110
130 150
1 1071
0 812
1 812
0 422
15 896
4 395
6 2339
0 135
4 324
0 721
78 79
193 204
0 811
1 368
0 380
0 380
1 384
12 152
1 98
67 68
2 446
2 777
4 777
1 884
842 884
0 1514
833 876
342 348
0 169
14 663
5 663
11 303
8 240
2 441
1433 1474
0 733
5 1077
2 404
0 973
0 138
19 1618
0 567
809 876
1 176
13 2150
43 2150
18 876
2 311
8 1597
22 1597
21 1597
24 1597
6 618
0 98
1 184
9 776
10 776
3 497
52 57
7 392
17 670
20 670
9 392
6 511
4 247
0 876
0 344
5 965
1536 1539
0 509
6 215
8 176
4 215
5 215
48 1386
2 283
3 764
3 465
2 792
30 10782
65 10782
22 10782
15 10782
60 10782
111 10782
90 10782
70 10782
45 10782
34 10782
79 10782
385 10782
62 10782
104 10782
103 10782
51 10782
82 10782
25 10782
118 10782
40 10782
31 10782
33 10782
114 10782
55 10782
79 10782
38 10782
3 224
18 767
5 144
53 540
4 2510
0 2510
246 269
4 269
2 1269
0 1269
2 919
1 782
1 448
0 931
1 931
1 247
3 89
28 2038
3 2038
0 2038
1 446
17 737
11 1898
6 1898
6 584
19 1360
8 2257
10 2257
4 1695
11 2339
15 1072
2 746
3 746
1 2150
8 2150
34 3410
2 3410
18 3410
5 746
1 2150
18 2150
12 764
4 746
0 456
49 590
12 2449
51 2449
32 191
4 777
0 266
2 1027
1 976
19 976
10 3000
39 3000
13 3000
72 3000
33 3000
40 3000
2 202
0 456
6 777
2 381
0 295
4 186
434 441
1 94
61 68
3 287
8 240
131 142
12 240
2 655
6 1197
7 2831
5 2831
2 2831
3 2831
9 1331
24 4210
28 4210
138 4210
38 4210
43 4210
143 4210
114 4210
15 4210
100 4210
154 4210
172 4210
2 20
3 209
2 677
4 677
1 1547
5 1547
7 888
20 888
1 344
2 413
6 1012
16 1012
17 1012
3 269
4 467
2 504
1057 1110
4 585
9 2128
14 2128
5 2128
6 960
1 1483
27 1536
11 1536
20 1110
3 1069
4 1069
7 1069
1 1014
756 811
6 1110
9 423
1 93
2 183
1 384
1 724
15 2375
16 2375
24 2375
0 178
752 788
3 788
8 788
7 788
761 788
0 788
1 788
745 788
5 788
0 203
223 226
0 4949
2 4949
3 4949
32 4949
125 4949
9 4949
40 4949
0 120
44 2150
13 2150
15 2150
2 653
16 689
5 2955
1 2955
13 2955
2 2955
35 2955
4 2955
27 2955
4 1695
0 439
0 439
26 225
2 2163
3 2163
270 13875
91 13875
10 13875
19 13875
16 13875
107 13875
26 13875
33 13875
257 13875
45 13875
13375 13875
186 13875
156 13875
212 13875
13 2339
5 222
4 150
2 1164
6 1164
15 1164
0 2347
1 2347
3 2347
2 2347
1 633
2 384
13 3126
18 3126
45 3126
8 3126
4 3126
20 3126
11 3126
2 1078
1 1078
0 1078
5 267
6 1926
523 526
13 812
12 858
10 5657
7 5657
16 5657
5 5657
17 5657
3 5657
31 5657
127 5657
41 1042
9 423
4 218
6 172
15 1307
1000 1021
5 384
386 400
15 240
5 247
1 176
0 247
4 124
3 618
3 247
10 1708
3 1708
1 1708
2 1708
0 762
1 762
3 152
5 371
2 264
1 442
3 442
3 389
25 5642
9 5642
3 5642
271 5642
108 5642
39 5642
22 5642
4 416
7 223
2 86
22 543
5 1403
10 1403
14 679
8 2517
0 87
1 689
2 336
1 89
2 153
18 1403
15 1963
20 1963
4 2002
1 2002
15 2002
136 147
11 147
148 163
262 264
0 1539
248 264
6 590
0 181
16 241
0 465
29 764
21 764
11 764
9 295
0 1652
4 1652
2 1967
2 86
0 1110
3 1183
0 1183
2 1183
0 876
0 389
3 1124
4 1124
2 1014
2 961
4 961
0 961
0 526
0 359
57 1130
0 257
1250 1386
2 842
55 1042
0 257
26 2403
28 2403
31 2403
96 106
7 375
3 617
6 270
20 270
8 340
3 327
0 380
8 518
8 587
5 587
1 384
1 424
3 264
650 699
7 1317
19 1317
2 1317
110 120
6 594
0 538
0 603
1 1130
1 344
8 240
0 1241
1 122
8 855
14 1898
11 1898
9 1898
4 1898
9 384
16 17
16 914
0 777
3 163
31 4713
29 4713
16 4713
192 4713
26 4713
28 4713
0 44
15 2150
16 2150
3 2150
1 2150
17 402
4 266
4 781
10 781
0 781
7 781
25 664
4 689
0 874
1 796
6 796
105 1464
10 1464
20 1464
0 548
5 382
17 233
2 663
1 257
480 506
5 1012
4 257
2 626
1 371
9 782
39 3816
25 3816
6 3816
9 3816
4 3816
43 3816
16 3816
6 340
8 1347
2 1347
0 149
4 554
6 364
4 364
6 295
14 435
20 695
2 1247
1 1247
6 423
7 914
3 265
7 631
9 631
3 186
2 518
158 171
502 511
9 431
0 2308
4 2308
2 2303
7 2303
12 145
5 145
4 145
5 467
496 518
2 405
14 318
14 423
7 324
2 389
19 8726
65 8726
286 8726
66 8726
182 8726
63 8726
283 8726
88 8726
202 8726
163 8726
9 8726
48 8726
29 8726
0 422
1 108
0 456
0 1036
1 1036
379 391
1 344
12 679
2 154
388 397
13 3066
18 3066
86 3066
5 1214
4 1214
26 1595
39 1595
730 764
0 457
0 368
0 376
5 209
4 209
1 1191
0 1191
523 592
9 378
132 141
0 389
4 446
13 264
4 526
1011 1110
12179 12734
132 12734
737 12734
303 12734
172 12734
49 12734
12397 12734
57 12734
108 12734
98 12734
29 12734
10 12734
53 12734
50 12734
133 12734
207 12734
74 12734
192 12734
9 203
2 89
0 653
7 295
0 841
0 441
378 384
3 876
50 1264
1167 1264
1222 1264
3 404
0 1483
0 1110
6 590
10 590
234 264
0 107
13 1386
0 148
2 89
14 842
41 461
1 669
2 669
8 737
625 699
4 423
7 737
0 107
0 107
1 148
0 473
36 2629
98 2629
6 2629
25 2629
2 384
5 1589
2 1589
3 1589
2 113
3 2696
6 2696
2 2696
2 774
24 664
929 987
16 987
23 987
21 4344
14 4344
13 4344
38 4344
15 4344
9 4344
5 4344
3 222
4 626
1361 1376
29 1376
32 1376
34 1376
8 558
5 680
13 680
6 234
1 177
1 177
9 384
27 441
404 441
1 376
2 1511
3 1511
5 522
15 522
0 169
5 737
26 664
8 479
4 2238
16 2238
21 2238
6 2238
35 1074
12 737
1 762
2450 2517
773 788
22 2300
7 2300
0 762
1 618
0 183
21 270
8 558
8 252
10 295
18 1913
26 1913
14 656
15 656
12 656
10 240
1 423
10 764
327 373
15 446
1 357
6 423
0 632
12 590
1 562
428 456
0 9
293 587
1 562
9 1014
0 774
0 404
0 567
1 1407
0 594
1 690
0 690
4 250
1 127
294 295
4 2725
3 2725
2 2725
1 2725
5 2725
0 442
2 442
4 518
1 508
0 269
4 269
0 38
5 6094
4 6094
2 6094
1 6094
9 6094
7 1370
30 2737
10 2737
1307 1409
471 526
6 465
1 339
3 960
1 960
17 382
1 295
0 404
0 431
0 1536
4 615
0 844
0 308
5 504
3 560
1 730
0 730
1 764
1 1701
226 240
11 283
10 596
6 392
2 2339
1 2339
0 303
0 461
555 563
11 438
2 122
0 980
1 980
2 845
0 665
5 378
1 352
8 889
2 889
0 189
0 431
0 751
0 526
21 1955
16 1955
33 1955
17 1955
7 1955
29 1955
9 9453
105 9453
8 9453
19 9453
22 9453
3 9453
18 9453
5 9453
19 9453
7 9453
28 9453
10 9453
14 9453
2 9453
4 9453
9 3604
11 3604
6 3604
3385 3604
3 3604
12 2982
33 2982
40 2982
25 2982
21 2982
1 1152
5 499
0 181
1 181
241 249
6 613
11 395
6 575
1 122
13 1114
10 1114
278 283
282 283
0 241
50 55
5 655
3 1887
8 1887
1 1887
273 7512
256 7512
307 7512
265 7512
144 7512
249 7512
308 7512
456 7512
230 7512
373 7512
261 7512
328 7512
267 7512
103 7512
555 7512
4 328
0 623
0 106
2 82
3 305
2 196
9 151
407 439
1 328
5 2031
2 4370
1 4370
5 4370
0 4370
7 4370
9 4370
4 4370
3 4370
0 340
0 360
1 269
0 413
5 887
1 187
0 187
7 534
13 1539
1 726
231 257
5 202
13 764
10 764
0 473
0 729
2 729
1 729
2 174
4 593
0 326
2 282
57 59
19 2849
25 2849
23 2849
6 2849
15 225
10 435
2 435
1 522
141 146
11 479
1 399
2 587
1 562
728 788
22 788
734 788
726 788
734 788
1 788
0 788
739 788
730 788
432 473
2 473
3 1528
1 1528
0 1904
3 1904
1 733
0 219
2252 2417
2268 2417
39 594
12 594
17 594
5 620
4 620
2 476
0 476
2 405
1671 1695
2 91
1 91
2 1223
1 1223
5 1223
8 479
1 328
2 1879
6 1879
67 4834
15 4834
37 4834
38 4834
31 4834
17 4834
141 145
4 739
2 336
12 361
169 177
0 413
741 759
2 191
1 191
3 240
6 233
165 177
0 176
4 318
4 807
2 807
14 761
4 446
0 931
1 931
3 1074
23 812
242 287
7 764
12 1043
1 857
0 922
2 558
8 558
0 279
168 173
120 130
0 617
1 617
1 1707
9 1707
12 4275
13 4275
17 4275
8 4275
7 4275
0 1149
1 1149
2 1149
8 2971
12 2971
0 336
295 318
5 1026
0 92
1 92
1 311
0 161
1 774
9 127
0 379
0 400
427 428
12 381
2 562
6 497
7 393
0 279
11 323
5 395
1 223
0 362
500 509
0 2434
5 716
0 388
12 233
0 484
1 484
1 484
4 1075
8 1075
8 1075
8 1075
0 118
0 114
834 844
827 844
0 306
11 1742
1 1742
0 1742
5 441
8 655
51 764
0 509
251 3737
5 3737
1 3737
0 3737
4 562
2139 2181
2 338
3 40
0 379
3 405
3 474
1 98
1 1143
15 368
673 699
0 343
11 126
3 1644
126 1644
0 767
1 767
723 767
1 20
286 310
2 354
3 61
2 297
713 727
8 395
2 1618
0 233
353 381
0 473
197 217
0 152
706 768
0 171
0 567
0 301
0 461
741 788
13 788
756 788
721 788
757 788
1 788
0 788
747 788
719 788
2 405
2 653
1 139
0 324
0 973
3 1386
1 633
12 664
2 1618
11 395
1 295
17 344
2 230
1109 2219
0 385
7 527
10 1926
11 1926
4 548
0 919
19 699
37 472
6 327
1 821
3 821
2 821
0 526
0 567
9 1012
6 1012
5 1012
5 562
30 739
0 266
9 227
0 241
25 635
1 391
2 177
0 407
8 435
2 535
25 527
355 371
3 371
6 240
0 57
282 297
3 262
2 361
11 1312
0 84
5 287
1 509
6 585
1 592
805 812
2109 2339
7 290
0 948
1 948
1 448
922 973
1 360
20 389
38 1646
1 2101
2 2101
3 2101
4 2101
10 876
7 472
1 265
4 777
2 502
1 137
1 209
5 144
1 183
0 370
134 135
1 120
1 962
25 721
0 114
2 3218
2 1747
0 231
3 1110
0 153
0 290
2 397
316 325
7 319
9 382
18 5267
10 5267
1 5267
13 5267
20 5267
12 5267
24 5267
21 5267
2 5267
9 5267
4 5267
0 5267
19 5267
14 5267
0 1034
4 1034
1 2191
2 2191
0 247
0 247
2 1416
828 1027
0 319
0 1042
0 384
0 163
1 127
1 484
0 900
0 544
2 265
0 368
0 930
2 2416
1 2416
6 2416
6 919
2 407
0 382
0 247
2 233
0 1183
1 1183
3 1183
1 1185
0 382
1 340
1 3763
0 3763
175 177
9 477
1 141
15 242
0 295
1 295
5 395
554 615
0 308
0 1695
8 511
0 227
0 257
4 2339
5 395
0 359
6 761
16 257
0 176
3 336
1 195
2 365
13 240
2 230
1 196
19 338
2 1116
25 1116
0 1124
0 300
2 1623
6 906
0 57
1 188
0 1057
0 233
2 721
6 318
5 735
662 699
2 446
0 310
0 165
406 465
3 1130
676 679
1 392
12 348
6 1898
2 1898
0 472
27 950
37 950
30 950
9 191
1 1695
0 324
0 282
0 861
8 1695
13 360
1 960
3 388
1 1701
1 453
0 453
1 247
1 461
278 295
6 1042
1 549
11 319
1 1110
4 2517
1 866
0 866
123 141
2 387
42 48
0 1791
2 1791
13 511
9 275
4 286
0 423
0 191
909 950
12 509
0 861
1 364
4 364
0 378
1 3651
0 364
4 364
0 298
36 679
8 654
8 177
10 605
2 392
6 392
1 569
0 43
4 414
5 272
2 327
2 2050
0 2050
1 2050
0 617
0 927
5 1268
3 1268
4 1268
24 1413
78 157
3 317
785 790
394 790
1 812
988 1077
545 584
7 562
18 1360
2 1695
376 405
13 587
4 127
2 1592
1 1592
0 1719
2 1719
1 1719
1 548
0 548
2 195
1 352
0 1043
8 2703
7 2703
19 2703
21 2703
1085 1165
17 395
0 1323
1 1323
2 1323
8 1323
3 1323
0 118
0 165
5 663
399 451
31 1536
24 1526
11 1526
22 1526
0 116
28 327
2 587
1 139
1 325
4 1288
0 116
16 240
0 217
667 712
7 1386
97 2339
0 2517
31 381
9 284
0 183
4 295
0 2517
12 2339
12 465
0 247
0 2517
0 55
2 281
0 247
1344 1360
2 461
99 3761
2 590
2 594
5 378
1477 1539
1 108
52 4338
1469 1552
3 152
0 646
0 306
35 657
12 657
6 1042
411 421
2 1042
4 222
3 1034
1 270
0 1104
0 486
0 502
1 57
801 816
1 2365
1 1074
0 187
2 2236
5 2236
3 2236
1 2236
378 405
25 1110
456 497
4 222
0 120
0 151
0 1392
0 230
83 86
3 78
2021 2339
0 9
1 1021
0 318
2 308
0 279
0 762
2 88
5 721
0 1027
3 500
0 89
6 86
11 159
10 733
685 725
0 276
1 497
7 1130
1 456
0 654
2 777
0 53
0 340
474 475
1 142
5 694
4 41
2 90
41 588
11 588
4 588
2 214
1 67
4 588
1 327
1 342
0 588
12 193
0 161
83 90
3 588
6 41
22 322
2 718
2 142
15 567
3 588
4 113
0 120
4 588
3 567
7 588
17 588
9 483
21 588
4 218
576 588
8 282
12 282
14 588
15 218
4 327
22 24
0 274
5 274
2 214
1 142
1 90
84 90
1 228
4 567
0 229
540 567
7 343
21 228
3 327
0 43
4 386
29 694
6 228
3 475
4 588
21 475
13 946
0 475
0 567
1 457
3 327
4 483
5 343
0 116
3 475
3 228
0 342
32 327
503 560
12 229
0 99
2 588
40 43
7 43
0 168
3 141
0 483
0 16
7 588
0 386
20 334
1 588
2 588
4 588
1 588
0 90
27 588
0 271
553 588
340 386
0 67
537 560
320 342
4 454
5 588
8 588
0 211
33 694
27 694
7 228
1 327
572 588
14 752
0 53
5 229
15 588
6 41
0 374
0 334
1 588
14 475
106 110
0 229
0 58
14 588
1 142
3 153
2 334
2 116
6 118
582 588
11 386
4 327
2 142
7 228
7 156
2 588
5 588
1 327
5 343
142 153
439 475
0 588
0 99
0 588
6 588
520 574
8 694
2 90
13 694
0 56
19 560
5 342
14 322
0 752
548 588
302 327
2 193
14 454
0 342
1 67
1 327
9 588
0 229
0 342
3 67
33 2673
1 211
14 483
4 327
3 228
4 33
10 962
1 1539
0 125
0 120
5 80
1 816
0 554
1 176
2 406
0 66
0 473
0 977
0 844
0 290
10 502
3 88
2 275
3 147
5 515
0 1205
3 1403
0 1695
2 605
16 605
7 1347
8 1347
49 1516
0 295
0 473
0 59
2 1021
753 788
218 228
1 1110
0 88
2 768
2 476
10 337
0 340
16 1695
4 127
0 308
4 378
0 241
0 452
0 284
3 1900
0 1900
1 3101
0 3101
0 6
5 218
17 664
0 158
0 423
7 951
29 951
0 623
0 399
11 1577
1 278
3 214
3 2150
1 2150
0 145
0 404
0 1074
1 336
0 362
3 594
0 216
0 439
5 527
16 1386
1 639
694 762
0 625
1 625
0 725
0 395
0 1036
5 1042
1 393
6 1539
1 368
14 1539
103 117
629 632
6 1042
1 518
0 567
2 452
1 1071
0 347
0 303
0 120
22 270
13 2237
22 2237
3 2237
1 2237
5 2237
1 233
1480 1552
0 409
0 1230
2 1230
20 853
0 400
0 126
0 446
12 857
0 973
1 274
2 274
0 3390
12 3390
8 3390
1 3390
0 584
8 890
2 626
15 216
0 1346
0 247
11 287
71 79
0 196
162 191
140 7353
185 7353
72 7353
362 7353
111 7353
38 7353
124 7353
138 7353
229 7353
371 7353
232 7353
126 7353
230 7353
206 7353
150 7353
104 7353
0 141
5 2466
8 2466
7 2466
6 2466
4 1456
104 10604
110 10604
212 10604
23 10604
31 10604
136 10604
71 10604
68 10604
127 10604
122 10604
18 10604
73 10604
86 10604
61 10604
96 10604
63 10604
9 1655
5 1655
0 407
3 1162
6 1162
1 1162
2 1162
468 479
5 623
0 87
1 564
12 391
0 295
0 590
1 508
1688 1695
1 47
22 788
17 788
20 788
21 788
18 788
3 788
1 788
19 788
739 788
2 230
3 739
1 436
12 1695
0 247
12 626
7 567
114 115
2 48
0 344
2 684
43 764
1 582
26 1072
5 1862
2 1862
12 369
21 876
1 625
0 233
5 937
6 937
17 937
0 230
1 421
1 272
5 218
1 812
16 826
0 919
1 887
1 1072
46 2339
3 958
6 958
7 1623
13 141
3 792
3 811
0 2330
1 2330
3 247
6 974
112 120
0 182
0 423
0 1967
0 30
2 384
2 549
1118 1153
0 497
1 188
2 498
6 157
2 157
14 2339
4 950
3 57
0 135
2 473
0 962
1 448
0 163
3 414
3 1161
1 1161
2 1161
0 117
0 96
3 1403
0 1346
1 139
57 1110
0 473
1 318
0 318
2 700
2 162
0 1967
6 1539
6 1539
0 106
7 5662
6 5662
2 5662
4 5662
3 5662
7 1536
1431 1536
6 625
24 2565
21 2565
22 2565
16 2565
18 2565
17 2565
1726 1747
12 384
4 183
12 1249
9 1249
0 87
9 812
707 746
16 2128
3 2128
4 2128
2 473
0 67
4 124
1 178
0 764
1 379
6 2396
0 2396
1 2396
14 890
19 890
11 890
0 38
5 2407
3 2407
2 2407
9 2407
2 735
1 581
0 581
0 385
1 385
11 615
1 139
0 641
3 448
1 1064
7 1064
8 2225
3 89
0 941
0 89
0 1419
431 452
2 80
523 554
0 89
7 1294
13 1294
21 381
86 1948
207 1948
78 1948
93 1948
0 962
1 448
1 352
136 137
2 594
3 1708
0 1708
7 287
0 25
2 816
0 626
0 90
53 2339
0 1536
5 233
63 69
6 319
1 796
2 446
1 527
0 142
1 369
1 153
544 590
8 385
206 413
0 446
4 2395
6 2395
6 404
295 592
79 2163
22 2163
122 2163
2 55
16 191
11 2423
6 2423
16 2423
3 344
164 196
432 452
17 1403
1 1205
0 1205
0 1014
1 294
2 448
82 86
0 395
12 844
0 844
1 303
20 1360
1 812
105 107
1 562
1 479
6 467
42 1733
23 1733
30 1733
4 80
728 739
0 446
235 247
0 389
0 733
7 215
5 295
6 431
0 175
5 130
7 187
1 135
1 284
8 371
3 330
5 1724
0 1724
2 1724
7 549
4 919
1135 1139
1 896
0 896
0 437
0 103
0 264
4 261
0 264
0 648
9 1577
7 1501
12 1501
9 1501
600 617
3 1618
0 285
5 504
2 115
46 48
0 247
5 737
0 223
0 509
1 311
593 594
476 477
0 345
1 733
6 789
4 789
0 605
0 1747
1 347
15 1511
17 1511
0 362
131 147
0 307
18 139
19 139
0 382
81 1766
764 788
2 788
5 788
4 788
770 788
0 788
1 788
776 788
3 788
18 694
3 694
13 307
166 174
3 371
3 1077
0 537
10 178
0 103
0 290
27 3159
23 3159
12 3159
6 1331
24 50
0 716
1 508
28 1909
28 1909
28 1909
1 1618
27 1618
0 384
1 384
0 102
1 94
1 585
6 474
495 535
0 261
286 295
2 169
0 148
4 183
13 876
1 733
13 1787
14 1787
10 1787
24 617
0 1553
3 1553
5 504
1 343
1 632
0 127
12 504
14 1083
2 65
2 1144
0 178
4 172
0 240
6 431
33 919
1 498
0 1618
1437 1475
8 368
3 26
6 1965
5 1965
2 1965
0 1965
3 1965
4 1965
8 125
0 175
1 55
4 379
0 229
2 229
0 230
5 1042
8 344
8 323
3 746
23 876
10 479
404 406
3 504
157 171
1 575
8 764
4 1913
1 1913
0 1057
1 269
1 173
3 344
0 772
0 242
3 1695
13 1695
3 382
3 764
0 175
0 94
0 811
0 394
0 1287
0 176
126 139
1 310
0 360
2 230
0 811
1 381
3 1129
11 1129
7 1129
1 638
1 1071
27 1410
39 1410
31 1410
0 811
0 497
0 37
0 285
1 305
2 256
0 360
116 233
616 623
0 1061
5 260
0 452
0 563
571 592
3 144
3 327
0 617
10 337
9 362
5469 5976
47 5976
130 5976
128 5976
93 5976
150 5976
147 5976
90 5976
98 5976
34 1075
378 379
6 661
1 162
1 2517
4 431
3 100
0 1386
4 850
1 511
391 405
10 1102
4 1102
0 370
10 196
1 361
23 841
12 698
0 124
0 290
216 218
0 439
211 229
0 349
2 89
0 360
331 333
331 333
3 526
105 122
0 412
2 196
0 874
0 247
2 896
1 338
2 338
1 142
1778 1779
1751 1779
1673 1779
1702 1779
5 1238
18 876
10 1853
9 1853
4 1853
0 592
563 564
5 173
6 1539
0 158
6 812
3 584
0 328
2 262
0 816
8 99
10 796
5 404
5 146
344 345
1 464
1 228
4 274
459 919
3 502
1 1110
0 122
10 446
14 518
0 141
5 585
2 561
2 2808
5 1357
15 1416
2 204
0 100
543 563
0 564
0 473
1049 1110
0 339
163 327
0 308
6 295
0 587
0 777
9 558
142 149
3 209
1 279
1 962
0 3095
7 3095
5 3095
11 1617
2 1617
8 1617
4 1617
3 318
5 327
1 1767
8 1767
10 1767
5 1767
14 240
2 1071
6 522
0 1618
1 465
0 465
1 465
