5 384
7 375
8 392
0 576
3 576
15 776
14 776
23 511
11 2287
15 2287
9 745
1 745
17 914
5 338
1 448
2 691
3 691
1 183
7 914
21 1155
31 1155
1082 1155
3 1155
5 1155
8 1370
7 1623
41 7389
204 7389
161 7389
8 7389
22 7389
66 7389
73 7389
18 7389
274 7389
132 7389
441 7389
19 2339
4 615
25 1288
5 176
14 1265
9 1265
8 1265
5 150
1 79
0 1983
7 1983
2 1983
20 1983
5 269
386 397
30 1208
18 1208
32 1208
17 1474
8 240
1 448
10 558
3 1113
1 1113
0 79
7 305
397 400
2 388
8 590
1 1483
1 152
1 152
4 796
1531 1536
0 805
6 276
18 328
39 1267
48 1267
47 1267
15 1267
34 1267
27 522
188 198
0 1013
3 1013
2 152
1 1303
6 1008
8 1008
6 327
3 562
8 737
7 737
2 264
6 175
1 44
0 89
6 1913
5 1913
5 1539
32 973
12 855
3 301
14 7645
140 7645
114 7645
38 7645
3 7645
240 7645
274 7645
121 7645
190 7645
15 7645
8 7645
37 7645
167 7645
48 7645
4 7645
29 7645
49 7645
12 7645
78 7645
58 7645
1047 9306
20 9306
117 9306
413 9306
222 9306
165 9306
94 9306
509 9306
61 9306
578 9306
55 9306
202 9306
138 9306
428 9306
182 9306
519 9306
356 9306
194 9306
113 3760
156 3760
138 3760
124 3760
120 3760
111 3760
103 3760
155 3760
22 689
2 295
32 1454
15 1454
8 1454
5 1454
5 626
0 203
0 405
0 794
2 794
1 844
29 657
10 1110
136 150
1 1071
0 812
1 812
0 422
14 896
6 395
4 2339
0 135
5 324
0 721
77 79
195 204
0 811
1 368
0 380
0 380
2 384
15 152
2 98
67 68
2 446
2 777
8 777
1 884
830 884
0 1514
845 876
342 348
0 169
18 663
14 663
10 303
10 240
2 441
1452 1474
0 733
3 1077
2 404
0 973
0 138
15 1618
1 567
828 876
1 176
18 2150
56 2150
19 876
2 311
10 1597
13 1597
25 1597
26 1597
7 618
3 98
1 184
12 776
13 776
3 497
52 57
9 392
33 670
23 670
11 392
7 511
4 247
0 876
2 344
9 965
1532 1539
0 509
7 215
8 176
4 215
5 215
1260 1386
2 283
5 764
3 465
2 792
29 10782
80 10782
49 10782
19 10782
104 10782
162 10782
98 10782
124 10782
38 10782
45 10782
109 10782
457 10782
78 10782
153 10782
122 10782
32 10782
93 10782
34 10782
167 10782
51 10782
33 10782
42 10782
126 10782
77 10782
109 10782
71 10782
4 224
18 767
7 144
514 540
6 2510
0 2510
238 269
4 269
3 1269
1 1269
3 919
1 782
1 448
0 931
1 931
2 247
3 89
34 2038
5 2038
2 2038
1 446
18 737
14 1898
7 1898
5 584
34 1360
11 2257
10 2257
6 1695
7 2339
19 1072
1 746
4 746
1 2150
14 2150
48 3410
1 3410
34 3410
6 746
2 2150
19 2150
12 764
4 746
0 456
507 590
14 2449
40 2449
167 191
4 777
0 266
3 1027
2 976
23 976
11 3000
60 3000
15 3000
70 3000
17 3000
59 3000
2 202
0 456
6 777
2 381
0 295
4 186
440 441
1 94
64 68
3 287
10 240
70 142
11 240
2 655
7 1197
9 2831
8 2831
2 2831
3 2831
10 1331
44 4210
49 4210
75 4210
57 4210
67 4210
107 4210
119 4210
55 4210
105 4210
154 4210
192 4210
2 20
5 209
3 677
4 677
2 1547
6 1547
14 888
21 888
8 344
7 413
6 1012
12 1012
14 1012
3 269
5 467
2 504
1083 1110
4 585
15 2128
17 2128
14 2128
8 960
2 1483
36 1536
20 1536
39 1110
3 1069
4 1069
10 1069
1 1014
797 811
4 1110
9 423
1 93
1 183
1 384
1 724
15 2375
17 2375
19 2375
7 178
784 788
9 788
744 788
728 788
786 788
0 788
1 788
783 788
724 788
0 203
216 226
0 4949
1 4949
5 4949
34 4949
178 4949
11 4949
52 4949
0 120
55 2150
18 2150
22 2150
3 653
27 689
10 2955
3 2955
14 2955
5 2955
29 2955
6 2955
30 2955
3 1695
0 439
0 439
189 225
2 2163
3 2163
356 13875
105 13875
13 13875
22 13875
14 13875
87 13875
44 13875
53 13875
170 13875
54 13875
13651 13875
258 13875
168 13875
247 13875
17 2339
7 222
140 150
3 1164
7 1164
14 1164
0 2347
1 2347
3 2347
2 2347
1 633
3 384
24 3126
23 3126
39 3126
16 3126
4 3126
34 3126
20 3126
2 1078
1 1078
0 1078
2 267
8 1926
521 526
15 812
13 858
7 5657
8 5657
16 5657
5 5657
19 5657
3 5657
35 5657
170 5657
55 1042
9 423
4 218
8 172
18 1307
983 1021
7 384
392 400
228 240
7 247
1 176
0 247
5 124
3 618
4 247
7 1708
5 1708
2 1708
3 1708
1 762
4 762
3 152
18 371
2 264
0 442
2 442
5 389
47 5642
9 5642
7 5642
309 5642
45 5642
33 5642
30 5642
6 416
6 223
2 86
27 543
8 1403
12 1403
18 679
11 2517
0 87
6 689
2 336
0 89
4 153
31 1403
26 1963
33 1963
5 2002
2 2002
31 2002
136 147
11 147
158 163
261 264
2 1539
261 264
6 590
0 181
209 241
1 465
35 764
28 764
12 764
6 295
3 1652
7 1652
9 1967
2 86
0 1110
2 1183
0 1183
3 1183
0 876
0 389
5 1124
3 1124
3 1014
2 961
6 961
0 961
0 526
0 359
36 1130
1 257
1279 1386
4 842
942 1042
0 257
28 2403
24 2403
35 2403
100 106
7 375
4 617
5 270
21 270
7 340
5 327
0 380
12 518
8 587
6 587
2 384
1 424
3 264
641 699
13 1317
21 1317
5 1317
10 120
19 594
0 538
0 603
1 1130
1 344
11 240
0 1241
1 122
9 855
15 1898
13 1898
7 1898
3 1898
13 384
14 17
38 914
0 777
141 163
25 4713
57 4713
37 4713
255 4713
47 4713
44 4713
0 44
17 2150
21 2150
3 2150
2 2150
376 402
2 266
3 781
10 781
0 781
7 781
645 664
8 689
1 874
1 796
8 796
73 1464
14 1464
20 1464
1 548
12 382
18 233
2 663
13 257
492 506
7 1012
5 257
3 626
3 371
12 782
16 3816
38 3816
12 3816
9 3816
5 3816
50 3816
20 3816
7 340
10 1347
4 1347
0 149
4 554
8 364
6 364
264 295
28 435
15 695
2 1247
1 1247
6 423
7 914
4 265
6 631
9 631
3 186
3 518
164 171
508 511
11 431
0 2308
4 2308
3 2303
11 2303
12 145
6 145
3 145
8 467
512 518
2 405
16 318
10 423
7 324
2 389
37 8726
98 8726
170 8726
62 8726
253 8726
97 8726
392 8726
114 8726
222 8726
178 8726
24 8726
95 8726
28 8726
0 422
1 108
0 456
0 1036
1 1036
382 391
2 344
12 679
2 154
393 397
14 3066
18 3066
110 3066
5 1214
4 1214
17 1595
65 1595
683 764
0 457
0 368
0 376
4 209
6 209
1 1191
0 1191
38 592
7 378
70 141
0 389
9 446
254 264
4 526
22 1110
12574 12734
143 12734
459 12734
197 12734
240 12734
82 12734
12307 12734
72 12734
140 12734
148 12734
41 12734
28 12734
74 12734
61 12734
162 12734
299 12734
68 12734
214 12734
5 203
2 89
0 653
7 295
0 841
0 441
380 384
3 876
45 1264
1177 1264
1205 1264
4 404
0 1483
0 1110
7 590
15 590
7 264
0 107
12 1386
0 148
6 89
13 842
37 461
1 669
2 669
9 737
31 699
6 423
7 737
0 107
0 107
0 148
0 473
39 2629
85 2629
13 2629
25 2629
3 384
6 1589
3 1589
4 1589
2 113
5 2696
8 2696
6 2696
2 774
25 664
942 987
23 987
30 987
24 4344
22 4344
8 4344
39 4344
23 4344
9 4344
6 4344
3 222
15 626
1367 1376
0 1376
1365 1376
4 1376
8 558
6 680
5 680
11 234
1 177
1 177
13 384
22 441
420 441
1 376
5 1511
3 1511
8 522
20 522
0 169
5 737
27 664
8 479
9 2238
26 2238
31 2238
6 2238
1005 1074
14 737
1 762
2516 2517
778 788
24 2300
13 2300
1 762
1 618
0 183
23 270
8 558
226 252
11 295
13 1913
28 1913
17 656
12 656
15 656
12 240
1 423
13 764
328 373
4 446
1 357
6 423
0 632
14 590
1 562
429 456
0 9
293 587
1 562
5 1014
0 774
0 404
0 567
1 1407
0 594
0 690
1 690
4 250
1 127
294 295
3 2725
4 2725
2 2725
1 2725
5 2725
0 442
2 442
6 518
1 508
0 269
1 269
0 38
6 6094
4 6094
3 6094
2 6094
9 6094
10 1370
43 2737
11 2737
1342 1409
478 526
13 465
1 339
4 960
2 960
7 382
1 295
2 404
0 431
0 1536
4 615
0 844
0 308
6 504
3 560
1 730
0 730
1 764
0 1701
12 240
254 283
16 596
9 392
3 2339
1 2339
0 303
0 461
561 563
4 438
2 122
1 980
0 980
5 845
0 665
5 378
1 352
10 889
3 889
0 189
0 431
1 751
8 526
30 1955
22 1955
32 1955
23 1955
10 1955
29 1955
13 9453
113 9453
3 9453
18 9453
24 9453
6 9453
11 9453
7 9453
10 9453
5 9453
31 9453
2 9453
14 9453
4 9453
12 9453
10 3604
9 3604
7 3604
3317 3604
4 3604
17 2982
36 2982
44 2982
34 2982
25 2982
3 1152
5 499
1 181
0 181
246 249
8 613
9 395
9 575
1 122
13 1114
11 1114
280 283
274 283
0 241
48 55
8 655
5 1887
11 1887
0 1887
306 7512
243 7512
332 7512
247 7512
134 7512
231 7512
331 7512
379 7512
238 7512
389 7512
289 7512
320 7512
257 7512
143 7512
616 7512
5 328
1 623
0 106
3 82
2 305
2 196
133 151
408 439
1 328
4 2031
2 4370
1 4370
5 4370
0 4370
8 4370
9 4370
4 4370
3 4370
1 340
0 360
1 269
0 413
9 887
1 187
0 187
3 534
19 1539
1 726
237 257
4 202
10 764
11 764
1 473
0 729
3 729
1 729
3 174
4 593
1 326
2 282
58 59
21 2849
27 2849
26 2849
11 2849
17 225
12 435
2 435
1 522
139 146
10 479
1 399
2 587
0 562
750 788
731 788
748 788
739 788
751 788
1 788
0 788
752 788
741 788
433 473
3 473
3 1528
1 1528
0 1904
6 1904
6 733
1 219
199 2417
285 2417
46 594
11 594
11 594
5 620
4 620
0 476
1 476
2 405
1692 1695
2 91
1 91
2 1223
1 1223
6 1223
10 479
2 328
4 1879
5 1879
84 4834
17 4834
48 4834
49 4834
22 4834
24 4834
12 145
6 739
3 336
3 361
6 177
0 413
738 759
2 191
1 191
1 240
4 233
169 177
1 176
4 318
5 807
2 807
9 761
3 446
0 931
1 931
2 1074
27 812
252 287
7 764
8 1043
1 857
0 922
2 558
6 558
0 279
147 173
2 130
0 617
1 617
2 1707
11 1707
12 4275
10 4275
17 4275
13 4275
11 4275
0 1149
1 1149
2 1149
8 2971
7 2971
0 336
304 318
18 1026
0 92
1 92
1 311
1 161
1 774
8 127
0 379
0 400
411 428
6 381
6 562
5 497
9 393
0 279
10 323
7 395
0 223
1 362
497 509
0 2434
5 716
1 388
14 233
0 484
1 484
2 484
4 1075
8 1075
10 1075
9 1075
1 118
0 114
842 844
834 844
0 306
6 1742
1 1742
0 1742
5 441
9 655
53 764
0 509
3276 3737
4 3737
1 3737
0 3737
4 562
2157 2181
2 338
3 40
0 379
7 405
4 474
2 98
3 1143
344 368
683 699
0 343
10 126
3 1644
167 1644
1 767
0 767
714 767
0 20
306 310
2 354
4 61
2 297
689 727
16 395
3 1618
0 233
352 381
0 473
201 217
0 152
737 768
1 171
0 567
0 301
0 461
769 788
722 788
777 788
733 788
778 788
1 788
0 788
774 788
734 788
2 405
3 653
118 139
0 324
0 973
3 1386
1 633
15 664
3 1618
11 395
1 295
316 344
2 230
1109 2219
0 385
6 527
13 1926
15 1926
4 548
0 919
25 699
45 472
5 327
1 821
2 821
3 821
1 526
0 567
9 1012
6 1012
5 1012
2 562
684 739
0 266
213 227
0 241
16 635
1 391
3 177
0 407
6 435
2 535
36 527
352 371
13 371
8 240
0 57
268 297
4 262
3 361
17 1312
0 84
6 287
2 509
5 585
1 592
799 812
2304 2339
278 290
0 948
1 948
1 448
932 973
2 360
12 389
43 1646
0 2101
2 2101
3 2101
5 2101
16 876
8 472
2 265
5 777
1 502
0 137
1 209
5 144
1 183
0 370
134 135
1 120
1 962
37 721
0 114
2 3218
3 1747
0 231
3 1110
0 153
0 290
2 397
308 325
4 319
11 382
17 5267
9 5267
1 5267
15 5267
20 5267
13 5267
12 5267
21 5267
2 5267
11 5267
7 5267
0 5267
22 5267
16 5267
0 1034
4 1034
1 2191
2 2191
0 247
0 247
2 1416
841 1027
0 319
0 1042
0 384
0 163
1 127
2 484
0 900
0 544
2 265
0 368
0 930
4 2416
1 2416
7 2416
9 919
3 407
0 382
0 247
2 233
1 1183
4 1183
7 1183
1 1185
0 382
1 340
1 3763
0 3763
171 177
11 477
2 141
20 242
0 295
1 295
6 395
16 615
0 308
0 1695
8 511
0 227
0 257
9 2339
7 395
1 359
6 761
16 257
0 176
8 336
1 195
2 365
228 240
2 230
3 196
10 338
4 1116
11 1116
0 1124
0 300
3 1623
6 906
0 57
1 188
0 1057
0 233
3 721
6 318
5 735
657 699
3 446
0 310
0 165
408 465
0 1130
664 679
2 392
9 348
9 1898
4 1898
0 472
32 950
45 950
29 950
159 191
1 1695
0 324
0 282
0 861
17 1695
16 360
1 960
3 388
3 1701
5 453
2 453
1 247
1 461
292 295
7 1042
4 549
11 319
2 1110
7 2517
1 866
0 866
137 141
2 387
46 48
2 1791
3 1791
22 511
7 275
6 286
0 423
1 191
920 950
8 509
0 861
2 364
6 364
0 378
1 3651
2 364
4 364
0 298
21 679
9 654
7 177
8 605
2 392
5 392
2 569
0 43
4 414
246 272
1 327
1 2050
0 2050
2 2050
0 617
0 927
5 1268
3 1268
4 1268
34 1413
78 157
5 317
788 790
394 790
1 812
978 1077
536 584
7 562
25 1360
2 1695
10 405
17 587
4 127
2 1592
1 1592
0 1719
2 1719
1 1719
7 548
0 548
2 195
1 352
0 1043
10 2703
9 2703
14 2703
20 2703
1110 1165
16 395
0 1323
1 1323
2 1323
11 1323
4 1323
0 118
1 165
10 663
9 451
18 1536
16 1526
13 1526
25 1526
0 116
312 327
2 587
3 139
1 325
6 1288
0 116
16 240
0 217
683 712
12 1386
81 2339
0 2517
23 381
11 284
3 183
7 295
0 2517
14 2339
6 465
0 247
0 2517
1 55
2 281
0 247
1298 1360
2 461
104 3761
2 590
2 594
4 378
1535 1539
2 108
50 4338
1430 1552
3 152
0 646
1 306
35 657
14 657
10 1042
414 421
4 1042
6 222
3 1034
4 270
0 1104
1 486
1 502
1 57
811 816
3 2365
1 1074
0 187
4 2236
7 2236
9 2236
1 2236
404 405
20 1110
479 497
4 222
0 120
0 151
0 1392
0 230
81 86
4 78
2029 2339
0 9
2 1021
0 318
2 308
0 279
0 762
2 88
4 721
0 1027
4 500
0 89
6 86
12 159
21 733
713 725
0 276
1 497
6 1130
1 456
1 654
3 777
0 53
0 340
474 475
1 142
6 694
5 41
5 90
579 588
7 588
5 588
2 214
1 67
7 588
1 327
1 342
0 588
180 193
0 161
85 90
3 588
6 41
19 322
2 718
2 142
14 567
2 588
4 113
0 120
9 588
3 567
8 588
18 588
16 483
26 588
5 218
580 588
11 282
251 282
16 588
15 218
3 327
22 24
0 274
6 274
3 214
1 142
4 90
89 90
2 228
2 567
0 229
557 567
10 343
17 228
4 327
0 43
5 386
29 694
5 228
3 475
5 588
25 475
15 946
0 475
0 567
1 457
3 327
5 483
6 343
0 116
6 475
5 228
0 342
26 327
504 560
15 229
7 99
1 588
40 43
8 43
0 168
4 141
0 483
0 16
8 588
0 386
13 334
1 588
3 588
4 588
1 588
0 90
26 588
0 271
556 588
30 386
0 67
543 560
324 342
5 454
6 588
5 588
2 211
35 694
44 694
7 228
1 327
580 588
13 752
1 53
3 229
15 588
6 41
1 374
0 334
2 588
16 475
5 110
0 229
0 58
21 588
1 142
5 153
2 334
3 116
8 118
568 588
9 386
5 327
3 142
9 228
10 156
2 588
6 588
1 327
10 343
146 153
441 475
0 588
0 99
0 588
6 588
520 574
10 694
2 90
9 694
0 56
26 560
12 342
14 322
0 752
552 588
12 327
2 193
15 454
0 342
1 67
1 327
10 588
0 229
0 342
62 67
32 2673
1 211
15 483
5 327
3 228
3 33
15 962
3 1539
0 125
0 120
75 80
1 816
0 554
1 176
3 406
0 66
0 473
0 977
0 844
0 290
463 502
3 88
2 275
3 147
5 515
1 1205
3 1403
0 1695
4 605
12 605
8 1347
9 1347
41 1516
0 295
0 473
0 59
3 1021
747 788
216 228
4 1110
2 88
3 768
2 476
14 337
0 340
17 1695
5 127
0 308
6 378
0 241
0 452
1 284
4 1900
0 1900
1 3101
0 3101
0 6
5 218
20 664
0 158
0 423
9 951
27 951
0 623
0 399
11 1577
1 278
3 214
5 2150
3 2150
0 145
0 404
0 1074
3 336
0 362
3 594
0 216
0 439
6 527
20 1386
1 639
701 762
0 625
1 625
0 725
0 395
0 1036
6 1042
1 393
15 1539
1 368
13 1539
108 117
627 632
10 1042
2 518
0 567
4 452
1 1071
0 347
0 303
0 120
23 270
12 2237
26 2237
7 2237
2 2237
8 2237
1 233
1501 1552
0 409
0 1230
2 1230
25 853
0 400
0 126
0 446
15 857
0 973
1 274
2 274
0 3390
12 3390
10 3390
2 3390
0 584
8 890
3 626
201 216
0 1346
0 247
20 287
67 79
0 196
172 191
167 7353
178 7353
57 7353
385 7353
138 7353
54 7353
153 7353
139 7353
215 7353
414 7353
246 7353
127 7353
275 7353
106 7353
174 7353
137 7353
2 141
6 2466
10 2466
7 2466
8 2466
4 1456
158 10604
81 10604
206 10604
27 10604
47 10604
236 10604
104 10604
90 10604
174 10604
169 10604
24 10604
28 10604
132 10604
79 10604
99 10604
125 10604
10 1655
6 1655
0 407
4 1162
7 1162
2 1162
3 1162
470 479
18 623
0 87
4 564
11 391
0 295
0 590
1 508
1675 1695
1 47
741 788
23 788
743 788
742 788
739 788
1 788
0 788
21 788
754 788
2 230
3 739
1 436
10 1695
0 247
584 626
11 567
114 115
2 48
0 344
2 684
46 764
1 582
16 1072
5 1862
3 1862
12 369
24 876
1 625
0 233
4 937
8 937
3 937
0 230
1 421
3 272
4 218
1 812
27 826
0 919
1 887
1 1072
19 2339
4 958
6 958
8 1623
136 141
3 792
3 811
0 2330
2 2330
4 247
9 974
110 120
0 182
0 423
0 1967
0 30
3 384
2 549
1148 1153
0 497
1 188
2 498
6 157
4 157
14 2339
4 950
3 57
0 135
4 473
0 962
1 448
0 163
4 414
3 1161
1 1161
2 1161
0 117
0 96
3 1403
0 1346
1 139
44 1110
1 473
1 318
0 318
2 700
2 162
0 1967
5 1539
6 1539
0 106
5 5662
7 5662
2 5662
4 5662
3 5662
7 1536
38 1536
10 625
25 2565
23 2565
24 2565
20 2565
21 2565
15 2565
1731 1747
12 384
4 183
9 1249
10 1249
0 87
11 812
739 746
6 2128
3 2128
2 2128
5 473
0 67
5 124
1 178
0 764
2 379
6 2396
0 2396
1 2396
19 890
18 890
11 890
0 38
4 2407
3 2407
5 2407
10 2407
2 735
1 581
0 581
0 385
1 385
12 615
1 139
0 641
3 448
2 1064
11 1064
9 2225
3 89
0 941
0 89
0 1419
4 452
2 80
540 554
0 89
5 1294
14 1294
16 381
85 1948
1876 1948
77 1948
96 1948
0 962
1 448
1 352
136 137
2 594
4 1708
2 1708
247 287
0 25
1 816
1 626
0 90
104 2339
0 1536
5 233
0 69
6 319
1 796
2 446
8 527
0 142
1 369
1 153
547 590
8 385
206 413
0 446
3 2395
10 2395
390 404
295 592
73 2163
21 2163
90 2163
2 55
17 191
15 2423
12 2423
17 2423
3 344
166 196
440 452
22 1403
0 1205
1 1205
2 1014
1 294
2 448
79 86
3 395
13 844
1 844
2 303
28 1360
1 812
101 107
0 562
2 479
4 467
55 1733
26 1733
30 1733
4 80
734 739
5 446
236 247
0 389
0 733
8 215
5 295
8 431
0 175
5 130
16 187
2 135
1 284
10 371
4 330
5 1724
2 1724
3 1724
4 549
2 919
1124 1139
1 896
0 896
0 437
0 103
0 264
4 261
0 264
0 648
16 1577
8 1501
15 1501
9 1501
553 617
6 1618
1 285
6 504
3 115
46 48
0 247
10 737
0 223
0 509
1 311
592 594
476 477
0 345
1 733
6 789
5 789
0 605
1 1747
2 347
18 1511
20 1511
0 362
142 147
0 307
17 139
16 139
0 382
1611 1766
714 788
3 788
5 788
2 788
737 788
0 788
1 788
750 788
4 788
18 694
2 694
13 307
173 174
11 371
9 1077
0 537
152 178
0 103
1 290
27 3159
24 3159
13 3159
8 1331
24 50
0 716
1 508
28 1909
28 1909
28 1909
1 1618
33 1618
0 384
1 384
0 102
1 94
0 585
7 474
507 535
0 261
288 295
1 169
0 148
3 183
17 876
1 733
14 1787
19 1787
10 1787
10 617
0 1553
3 1553
6 504
1 343
1 632
0 127
12 504
15 1083
2 65
3 1144
1 178
5 172
1 240
9 431
839 919
0 498
0 1618
1428 1475
337 368
3 26
6 1965
5 1965
3 1965
0 1965
4 1965
2 1965
10 125
1 175
1 55
10 379
0 229
3 229
0 230
5 1042
9 344
10 323
5 746
836 876
10 479
402 406
2 504
160 171
1 575
11 764
3 1913
2 1913
0 1057
1 269
1 173
317 344
0 772
0 242
1 1695
10 1695
3 382
7 764
0 175
0 94
0 811
0 394
0 1287
0 176
124 139
1 310
0 360
3 230
0 811
1 381
4 1129
13 1129
6 1129
1 638
4 1071
26 1410
42 1410
34 1410
0 811
0 497
31 37
0 285
1 305
2 256
0 360
116 233
622 623
0 1061
9 260
0 452
0 563
591 592
3 144
1 327
0 617
22 337
11 362
359 5976
80 5976
172 5976
226 5976
169 5976
196 5976
234 5976
137 5976
136 5976
991 1075
378 379
6 661
2 162
1 2517
7 431
3 100
0 1386
3 850
3 511
402 405
9 1102
4 1102
0 370
4 196
1 361
30 841
19 698
0 124
0 290
216 218
0 439
217 229
0 349
2 89
0 360
330 333
332 333
4 526
116 122
0 412
3 196
2 874
0 247
4 896
1 338
2 338
3 142
1778 1779
889 1779
1733 1779
1716 1779
6 1238
19 876
9 1853
13 1853
7 1853
0 592
555 564
5 173
6 1539
0 158
6 812
3 584
0 328
2 262
0 816
97 99
5 796
6 404
5 146
344 345
1 464
2 228
4 274
459 919
3 502
5 1110
1 122
10 446
7 518
0 141
7 585
3 561
4 2808
10 1357
21 1416
1 204
0 100
534 563
0 564
0 473
14 1110
2 339
163 327
0 308
7 295
0 587
1 777
12 558
146 149
3 209
0 279
3 962
0 3095
6 3095
5 3095
10 1617
0 1617
9 1617
5 1617
9 318
7 327
1 1767
9 1767
12 1767
2 1767
236 240
3 1071
7 522
0 1618
1 465
0 465
1 465
