3 384
6 375
3 392
0 576
3 576
14 776
8 776
28 511
13 2287
9 2287
9 745
1 745
22 914
0 338
12 448
1 691
2 691
0 183
6 914
19 1155
33 1155
1080 1155
1 1155
5 1155
2 1370
3 1623
47 7389
199 7389
196 7389
6 7389
11 7389
109 7389
123 7389
10 7389
184 7389
92 7389
405 7389
3 2339
4 615
28 1288
4 176
16 1265
20 1265
6 1265
2 150
0 79
0 1983
5 1983
4 1983
103 1983
2 269
10 397
48 1208
26 1208
29 1208
26 1474
9 240
3 448
8 558
3 1113
0 1113
0 79
8 305
362 400
0 388
7 590
1 1483
3 152
3 152
5 796
1498 1536
0 805
6 276
300 328
29 1267
18 1267
34 1267
10 1267
35 1267
6 522
5 198
0 1013
2 1013
143 152
0 1303
4 1008
5 1008
3 327
1 562
8 737
7 737
226 264
160 175
0 44
0 89
6 1913
1 1913
4 1539
22 973
10 855
0 301
11 7645
80 7645
28 7645
4 7645
12 7645
201 7645
194 7645
65 7645
106 7645
15 7645
14 7645
8 7645
104 7645
10 7645
2 7645
6 7645
17 7645
5 7645
94 7645
9 7645
608 9306
2 9306
25 9306
280 9306
41 9306
365 9306
9 9306
283 9306
15 9306
415 9306
10 9306
69 9306
31 9306
444 9306
23 9306
472 9306
399 9306
82 9306
52 3760
174 3760
95 3760
55 3760
66 3760
62 3760
63 3760
90 3760
19 689
269 295
28 1454
10 1454
4 1454
8 1454
2 626
0 203
0 405
0 794
2 794
1 844
643 657
8 1110
11 150
1 1071
0 812
0 812
0 422
6 896
3 395
8 2339
0 135
4 324
0 721
78 79
1 204
0 811
1 368
0 380
0 380
2 384
8 152
1 98
67 68
1 446
1 777
1 777
0 884
871 884
0 1514
837 876
1 348
0 169
14 663
10 663
7 303
8 240
0 441
33 1474
0 733
3 1077
2 404
0 973
0 138
14 1618
0 567
811 876
1 176
1 2150
31 2150
21 876
2 311
17 1597
8 1597
19 1597
21 1597
3 618
0 98
1 184
9 776
7 776
3 497
55 57
4 392
20 670
13 670
4 392
12 511
4 247
0 876
1 344
3 965
1538 1539
0 509
5 215
4 176
4 215
3 215
34 1386
1 283
0 764
0 465
1 792
12 10782
51 10782
8 10782
6 10782
51 10782
66 10782
61 10782
93 10782
33 10782
18 10782
49 10782
313 10782
45 10782
99 10782
81 10782
56 10782
77 10782
19 10782
118 10782
17 10782
28 10782
20 10782
68 10782
35 10782
49 10782
63 10782
1 224
10 767
4 144
66 540
3 2510
0 2510
20 269
3 269
0 1269
1 1269
3 919
0 782
2 448
0 931
1 931
2 247
3 89
27 2038
1 2038
0 2038
1 446
13 737
5 1898
4 1898
7 584
11 1360
4 2257
8 2257
2 1695
19 2339
19 1072
3 746
2 746
1 2150
10 2150
31 3410
1 3410
9 3410
4 746
1 2150
16 2150
11 764
4 746
0 456
26 590
8 2449
95 2449
15 191
6 777
0 266
1 1027
4 976
12 976
8 3000
28 3000
27 3000
50 3000
38 3000
33 3000
1 202
0 456
6 777
2 381
0 295
3 186
431 441
1 94
56 68
2 287
6 240
120 142
9 240
1 655
3 1197
6 2831
5 2831
1 2831
2 2831
8 1331
15 4210
21 4210
187 4210
43 4210
29 4210
143 4210
127 4210
7 4210
82 4210
136 4210
229 4210
0 20
3 209
2 677
4 677
0 1547
7 1547
3 888
27 888
0 344
0 413
12 1012
6 1012
13 1012
2 269
3 467
2 504
988 1110
3 585
7 2128
8 2128
6 2128
5 960
1 1483
28 1536
10 1536
18 1110
3 1069
4 1069
7 1069
1 1014
23 811
1 1110
6 423
1 93
2 183
0 384
1 724
9 2375
7 2375
21 2375
0 178
726 788
2 788
8 788
5 788
728 788
0 788
1 788
22 788
3 788
0 203
219 226
0 4949
2 4949
5 4949
35 4949
102 4949
11 4949
40 4949
0 120
44 2150
12 2150
16 2150
1 653
13 689
4 2955
1 2955
13 2955
3 2955
21 2955
2 2955
66 2955
3 1695
0 439
0 439
11 225
2 2163
3 2163
215 13875
68 13875
9 13875
17 13875
16 13875
86 13875
33 13875
21 13875
195 13875
34 13875
13397 13875
150 13875
113 13875
170 13875
10 2339
3 222
4 150
2 1164
5 1164
15 1164
0 2347
1 2347
3 2347
2 2347
1 633
0 384
10 3126
11 3126
37 3126
5 3126
2 3126
16 3126
6 3126
2 1078
1 1078
0 1078
242 267
5 1926
501 526
12 812
12 858
11 5657
4 5657
28 5657
6 5657
23 5657
5 5657
51 5657
96 5657
26 1042
9 423
3 218
3 172
18 1307
963 1021
4 384
8 400
11 240
5 247
1 176
0 247
2 124
3 618
3 247
6 1708
3 1708
1 1708
2 1708
0 762
1 762
3 152
2 371
1 264
1 442
0 442
9 389
37 5642
11 5642
2 5642
433 5642
82 5642
33 5642
17 5642
14 416
6 223
2 86
21 543
8 1403
8 1403
12 679
1 2517
0 87
1 689
1 336
0 89
2 153
13 1403
12 1963
19 1963
7 2002
4 2002
8 2002
137 147
11 147
2 163
261 264
0 1539
229 264
6 590
0 181
19 241
0 465
39 764
22 764
11 764
8 295
0 1652
1 1652
1 1967
2 86
0 1110
4 1183
0 1183
3 1183
0 876
0 389
4 1124
2 1124
3 1014
1 961
3 961
0 961
0 526
0 359
65 1130
0 257
18 1386
2 842
913 1042
0 257
18 2403
77 2403
23 2403
0 106
7 375
5 617
3 270
18 270
7 340
2 327
0 380
5 518
9 587
7 587
1 384
1 424
4 264
629 699
3 1317
11 1317
4 1317
10 120
3 594
0 538
0 603
0 1130
1 344
7 240
0 1241
0 122
8 855
12 1898
9 1898
8 1898
4 1898
8 384
13 17
20 914
0 777
4 163
24 4713
18 4713
11 4713
4565 4713
17 4713
22 4713
0 44
15 2150
17 2150
2 2150
1 2150
10 402
8 266
3 781
6 781
0 781
8 781
18 664
1 689
0 874
0 796
3 796
93 1464
7 1464
11 1464
0 548
5 382
21 233
2 663
1 257
479 506
10 1012
4 257
0 626
0 371
33 782
30 3816
11 3816
5 3816
6 3816
0 3816
34 3816
13 3816
6 340
7 1347
3 1347
0 149
2 554
5 364
2 364
6 295
12 435
13 695
2 1247
1 1247
6 423
4 914
1 265
6 631
8 631
3 186
0 518
167 171
503 511
5 431
0 2308
4 2308
2 2303
8 2303
11 145
7 145
4 145
4 467
442 518
2 405
14 318
11 423
6 324
4 389
6 8726
25 8726
204 8726
22 8726
145 8726
24 8726
267 8726
33 8726
113 8726
96 8726
3 8726
23 8726
9 8726
0 422
1 108
0 456
0 1036
1 1036
359 391
1 344
8 679
2 154
364 397
11 3066
13 3066
74 3066
5 1214
4 1214
36 1595
60 1595
675 764
0 457
0 368
0 376
4 209
3 209
1 1191
0 1191
50 592
24 378
138 141
0 389
2 446
6 264
3 526
18 1110
11863 12734
80 12734
12087 12734
529 12734
123 12734
128 12734
11863 12734
70 12734
107 12734
118 12734
40 12734
9 12734
60 12734
27 12734
89 12734
165 12734
57 12734
199 12734
9 203
1 89
0 653
8 295
0 841
0 441
377 384
1 876
39 1264
1213 1264
1262 1264
2 404
0 1483
0 1110
6 590
7 590
256 264
0 107
4 1386
0 148
1 89
9 842
44 461
0 669
2 669
9 737
624 699
5 423
6 737
0 107
0 107
2 148
0 473
26 2629
78 2629
4 2629
17 2629
2 384
3 1589
0 1589
1 1589
2 113
0 2696
4 2696
4 2696
1 774
29 664
943 987
13 987
24 987
14 4344
8 4344
6 4344
35 4344
9 4344
4 4344
3 4344
2 222
9 626
1361 1376
29 1376
32 1376
34 1376
6 558
7 680
23 680
7 234
1 177
1 177
6 384
409 441
22 441
1 376
2 1511
0 1511
3 522
16 522
0 169
3 737
29 664
6 479
2 2238
12 2238
19 2238
3 2238
24 1074
10 737
1 762
66 2517
781 788
21 2300
6 2300
0 762
0 618
0 183
20 270
8 558
2 252
9 295
1 1913
30 1913
11 656
14 656
10 656
8 240
1 423
3 764
17 373
13 446
1 357
6 423
1 632
7 590
1 562
11 456
0 9
293 587
1 562
18 1014
0 774
0 404
0 567
1 1407
0 594
1 690
0 690
3 250
1 127
294 295
4 2725
2 2725
1 2725
0 2725
5 2725
1 442
2 442
4 518
1 508
0 269
4 269
0 38
5 6094
3 6094
1 6094
4 6094
9 6094
5 1370
27 2737
17 2737
38 1409
476 526
4 465
1 339
2 960
0 960
17 382
1 295
0 404
0 431
1 1536
3 615
0 844
0 308
5 504
3 560
1 730
0 730
1 764
1 1701
11 240
12 283
7 596
1 392
1 2339
0 2339
0 303
0 461
549 563
389 438
1 122
1 980
0 980
1 845
0 665
6 378
1 352
4 889
2 889
0 189
0 431
0 751
4 526
17 1955
16 1955
19 1955
11 1955
9 1955
25 1955
9 9453
528 9453
6 9453
19 9453
23 9453
3 9453
10 9453
2 9453
13 9453
10 9453
24 9453
7 9453
8 9453
4 9453
5 9453
8 3604
11 3604
1 3604
3543 3604
3 3604
10 2982
25 2982
23 2982
13 2982
19 2982
0 1152
2 499
0 181
1 181
243 249
18 613
7 395
2 575
1 122
9 1114
5 1114
273 283
277 283
0 241
49 55
4 655
2 1887
4 1887
1 1887
249 7512
173 7512
241 7512
161 7512
58 7512
145 7512
275 7512
282 7512
325 7512
304 7512
219 7512
339 7512
150 7512
269 7512
311 7512
3 328
1 623
0 106
3 82
2 305
1 196
5 151
11 439
1 328
6 2031
1 4370
0 4370
5 4370
3 4370
7 4370
9 4370
4 4370
2 4370
0 340
0 360
1 269
1 413
5 887
1 187
0 187
7 534
3 1539
1 726
10 257
5 202
11 764
10 764
0 473
0 729
2 729
1 729
1 174
5 593
0 326
4 282
57 59
19 2849
22 2849
18 2849
4 2849
10 225
4 435
0 435
0 522
134 146
8 479
5 399
2 587
1 562
23 788
14 788
25 788
21 788
32 788
1 788
0 788
734 788
24 788
439 473
3 473
3 1528
0 1528
1 1904
6 1904
0 733
0 219
217 2417
338 2417
34 594
9 594
16 594
4 620
5 620
1 476
0 476
2 405
1613 1695
2 91
0 91
1 1223
2 1223
5 1223
8 479
1 328
3 1879
6 1879
55 4834
19 4834
30 4834
31 4834
26 4834
18 4834
139 145
11 739
2 336
320 361
171 177
0 413
723 759
2 191
1 191
2 240
20 233
162 177
0 176
3 318
2 807
0 807
7 761
4 446
0 931
1 931
1 1074
12 812
25 287
13 764
8 1043
0 857
0 922
1 558
7 558
0 279
154 173
1 130
2 617
1 617
0 1707
7 1707
7 4275
2 4275
26 4275
9 4275
10 4275
0 1149
1 1149
4 1149
4 2971
6 2971
0 336
278 318
1 1026
0 92
1 92
1 311
0 161
0 774
7 127
0 379
0 400
383 428
8 381
2 562
2 497
4 393
0 279
6 323
357 395
1 223
0 362
499 509
0 2434
3 716
0 388
13 233
0 484
1 484
1 484
4 1075
6 1075
6 1075
8 1075
0 118
0 114
818 844
12 844
0 306
8 1742
6 1742
4 1742
4 441
7 655
672 764
0 509
3344 3737
4 3737
1 3737
0 3737
4 562
2076 2181
3 338
2 40
0 379
2 405
2 474
0 98
0 1143
11 368
638 699
0 343
9 126
1 1644
138 1644
0 767
1 767
759 767
0 20
282 310
0 354
1 61
1 297
711 727
12 395
1 1618
0 233
12 381
0 473
204 217
0 152
682 768
0 171
0 567
0 301
0 461
734 788
11 788
740 788
27 788
741 788
1 788
0 788
737 788
729 788
2 405
2 653
3 139
0 324
0 973
3 1386
1 633
13 664
0 1618
12 395
0 295
19 344
3 230
2129 2219
0 385
4 527
8 1926
14 1926
4 548
0 919
15 699
14 472
3 327
0 821
2 821
3 821
1 526
0 567
8 1012
5 1012
3 1012
7 562
15 739
1 266
5 227
0 241
26 635
1 391
1 177
0 407
6 435
6 535
7 527
5 371
2 371
1 240
0 57
285 297
3 262
2 361
29 1312
0 84
4 287
6 509
4 585
0 592
798 812
2232 2339
7 290
0 948
1 948
1 448
961 973
1 360
343 389
68 1646
0 2101
2 2101
3 2101
5 2101
25 876
4 472
1 265
4 777
4 502
1 137
0 209
4 144
1 183
0 370
18 135
1 120
4 962
27 721
0 114
2 3218
3 1747
0 231
2 1110
0 153
0 290
2 397
320 325
6 319
6 382
16 5267
4 5267
0 5267
15 5267
20 5267
8 5267
30 5267
19 5267
3 5267
13 5267
2 5267
1 5267
21 5267
14 5267
0 1034
4 1034
0 2191
1 2191
0 247
0 247
1 1416
837 1027
0 319
0 1042
0 384
0 163
1 127
1 484
0 900
0 544
1 265
0 368
0 930
1 2416
2 2416
6 2416
4 919
2 407
0 382
0 247
2 233
2 1183
0 1183
1 1183
1 1185
0 382
1 340
1 3763
0 3763
164 177
3 477
1 141
13 242
0 295
1 295
3 395
558 615
0 308
0 1695
7 511
0 227
0 257
7 2339
3 395
0 359
2 761
4 257
0 176
2 336
0 195
1 365
12 240
1 230
5 196
5 338
3 1116
72 1116
0 1124
0 300
5 1623
827 906
0 57
1 188
0 1057
0 233
1 721
6 318
3 735
33 699
0 446
0 310
0 165
11 465
1 1130
674 679
1 392
323 348
6 1898
4 1898
0 472
23 950
26 950
14 950
160 191
0 1695
0 324
0 282
0 861
6 1695
323 360
1 960
3 388
1 1701
1 453
0 453
0 247
1 461
33 295
4 1042
8 549
20 319
1 1110
3 2517
1 866
0 866
120 141
2 387
39 48
0 1791
2 1791
18 511
6 275
5 286
0 423
0 191
882 950
12 509
0 861
0 364
3 364
0 378
1 3651
0 364
4 364
0 298
12 679
5 654
6 177
13 605
2 392
3 392
1 569
0 43
3 414
1 272
2 327
2 2050
0 2050
1 2050
1 617
0 927
5 1268
3 1268
4 1268
7 1413
155 157
2 317
757 790
394 790
0 812
975 1077
525 584
4 562
15 1360
4 1695
14 405
543 587
4 127
1 1592
2 1592
0 1719
2 1719
1 1719
1 548
0 548
2 195
1 352
0 1043
10 2703
15 2703
21 2703
20 2703
31 1165
357 395
1 1323
0 1323
2 1323
7 1323
3 1323
0 118
0 165
4 663
8 451
20 1536
20 1526
5 1526
15 1526
0 116
19 327
2 587
127 139
1 325
2 1288
0 116
203 240
0 217
648 712
7 1386
47 2339
2 2517
11 381
264 284
0 183
5 295
0 2517
13 2339
7 465
0 247
0 2517
0 55
1 281
0 247
38 1360
2 461
36 3761
1 590
0 594
0 378
39 1539
1 108
46 4338
1347 1552
3 152
0 646
0 306
23 657
8 657
3 1042
414 421
1 1042
4 222
1 1034
1 270
0 1104
0 486
0 502
1 57
761 816
0 2365
2 1074
0 187
3 2236
4 2236
2 2236
1 2236
7 405
8 1110
9 497
6 222
0 120
0 151
0 1392
0 230
81 86
2 78
101 2339
0 9
1 1021
0 318
1 308
0 279
0 762
1 88
6 721
0 1027
3 500
0 89
5 86
9 159
20 733
662 725
0 276
1 497
5 1130
0 456
1 654
1 777
0 53
0 340
471 475
1 142
2 694
0 41
0 90
580 588
13 588
4 588
3 214
1 67
2 588
1 327
1 342
0 588
9 193
1 161
79 90
5 588
6 41
33 322
2 718
2 142
17 567
3 588
2 113
0 120
3 588
3 567
7 588
10 588
6 483
13 588
4 218
562 588
9 282
6 282
21 588
10 218
3 327
23 24
0 274
5 274
1 214
1 142
1 90
88 90
1 228
4 567
0 229
41 567
5 343
212 228
1 327
0 43
2 386
18 694
207 228
2 475
3 588
430 475
13 946
0 475
0 567
1 457
3 327
4 483
7 343
1 116
1 475
3 228
0 342
25 327
522 560
9 229
0 99
3 588
6 43
6 43
0 168
2 141
0 483
0 16
8 588
0 386
20 334
1 588
2 588
1 588
1 588
0 90
24 588
0 271
569 588
26 386
0 67
509 560
314 342
3 454
3 588
4 588
0 211
17 694
642 694
7 228
6 327
575 588
7 752
0 53
1 229
11 588
6 41
0 374
0 334
1 588
10 475
8 110
0 229
0 58
12 588
1 142
4 153
2 334
2 116
6 118
585 588
6 386
4 327
2 142
8 228
5 156
2 588
4 588
1 327
4 343
14 153
52 475
0 588
0 99
0 588
4 588
547 574
5 694
1 90
17 694
0 56
495 560
5 342
12 322
0 752
569 588
22 327
1 193
9 454
0 342
1 67
0 327
7 588
0 229
0 342
1 67
29 2673
1 211
8 483
3 327
4 228
4 33
5 962
1 1539
0 125
0 120
5 80
1 816
0 554
1 176
3 406
0 66
0 473
0 977
0 844
0 290
9 502
2 88
2 275
2 147
5 515
0 1205
2 1403
0 1695
1 605
7 605
7 1347
6 1347
17 1516
0 295
0 473
0 59
2 1021
758 788
217 228
2 1110
0 88
0 768
2 476
7 337
0 340
15 1695
4 127
0 308
2 378
0 241
0 452
0 284
3 1900
0 1900
2 3101
0 3101
0 6
5 218
13 664
0 158
0 423
4 951
22 951
0 623
0 399
6 1577
1 278
3 214
3 2150
0 2150
0 145
0 404
0 1074
1 336
0 362
3 594
0 216
0 439
2 527
3 1386
2 639
29 762
0 625
1 625
0 725
0 395
0 1036
5 1042
1 393
5 1539
1 368
9 1539
109 117
584 632
4 1042
0 518
0 567
5 452
1 1071
0 347
0 303
0 120
22 270
9 2237
17 2237
2 2237
0 2237
3 2237
0 233
1486 1552
0 409
0 1230
2 1230
18 853
3 400
0 126
0 446
7 857
0 973
0 274
1 274
0 3390
14 3390
8 3390
4 3390
0 584
13 890
1 626
8 216
0 1346
0 247
16 287
71 79
0 196
15 191
233 7353
186 7353
46 7353
6918 7353
101 7353
1 7353
236 7353
185 7353
197 7353
7268 7353
151 7353
126 7353
187 7353
141 7353
102 7353
72 7353
0 141
4 2466
3 2466
9 2466
2 2466
1 1456
67 10604
93 10604
167 10604
28 10604
26 10604
97 10604
42 10604
75 10604
135 10604
105 10604
8 10604
132 10604
68 10604
62 10604
82 10604
69 10604
9 1655
5 1655
0 407
2 1162
6 1162
1 1162
3 1162
3 479
12 623
0 87
1 564
14 391
0 295
0 590
0 508
1693 1695
1 47
733 788
745 788
741 788
732 788
728 788
2 788
0 788
26 788
753 788
1 230
1 739
1 436
4 1695
0 247
5 626
11 567
109 115
2 48
0 344
1 684
31 764
1 582
121 1072
5 1862
1 1862
11 369
816 876
1 625
0 233
4 937
6 937
15 937
0 230
1 421
0 272
5 218
1 812
29 826
0 919
0 887
1 1072
72 2339
0 958
5 958
1 1623
5 141
0 792
3 811
0 2330
1 2330
3 247
4 974
118 120
0 182
1 423
0 1967
0 30
2 384
1 549
39 1153
0 497
2 188
2 498
5 157
1 157
13 2339
3 950
3 57
0 135
1 473
0 962
1 448
0 163
2 414
3 1161
0 1161
2 1161
0 117
8 96
6 1403
0 1346
1 139
40 1110
0 473
1 318
0 318
1 700
2 162
0 1967
5 1539
4 1539
0 106
6 5662
5 5662
2 5662
4 5662
3 5662
6 1536
15 1536
6 625
19 2565
15 2565
20 2565
10 2565
18 2565
12 2565
1680 1747
14 384
3 183
10 1249
6 1249
0 87
1 812
4 746
4 2128
0 2128
3 2128
2 473
0 67
2 124
5 178
0 764
1 379
2 2396
0 2396
1 2396
11 890
13 890
6 890
0 38
2 2407
5 2407
4 2407
10 2407
0 735
1 581
0 581
0 385
1 385
6 615
1 139
0 641
3 448
0 1064
2 1064
5 2225
3 89
0 941
0 89
0 1419
439 452
1 80
8 554
0 89
3 1294
10 1294
348 381
73 1948
113 1948
63 1948
76 1948
4 962
1 448
1 352
136 137
2 594
3 1708
0 1708
5 287
0 25
5 816
0 626
0 90
52 2339
0 1536
5 233
2 69
3 319
0 796
0 446
0 527
0 142
1 369
0 153
527 590
6 385
206 413
0 446
2 2395
3 2395
4 404
295 592
45 2163
42 2163
102 2163
2 55
30 191
6 2423
3 2423
13 2423
2 344
3 196
5 452
14 1403
1 1205
0 1205
0 1014
1 294
4 448
5 86
0 395
9 844
0 844
1 303
20 1360
0 812
1 107
1 562
1 479
8 467
79 1733
64 1733
29 1733
3 80
710 739
0 446
222 247
0 389
0 733
6 215
4 295
7 431
0 175
4 130
5 187
1 135
1 284
4 371
3 330
3 1724
0 1724
1 1724
2 549
8 919
1077 1139
1 896
0 896
0 437
0 103
0 264
4 261
0 264
0 648
6 1577
2 1501
10 1501
8 1501
587 617
2 1618
0 285
5 504
2 115
2 48
0 247
3 737
0 223
0 509
0 311
8 594
15 477
0 345
0 733
4 789
3 789
0 605
1 1747
0 347
11 1511
9 1511
0 362
18 147
0 307
12 139
13 139
0 382
1598 1766
758 788
2 788
6 788
4 788
754 788
0 788
1 788
752 788
3 788
13 694
2 694
9 307
4 174
2 371
1 1077
0 537
6 178
0 103
0 290
28 3159
25 3159
16 3159
4 1331
24 50
0 716
1 508
48 1909
49 1909
32 1909
1 1618
18 1618
0 384
1 384
0 102
1 94
0 585
3 474
525 535
0 261
294 295
1 169
0 148
2 183
6 876
1 733
11 1787
8 1787
6 1787
17 617
0 1553
2 1553
5 504
2 343
1 632
0 127
10 504
14 1083
2 65
1 1144
0 178
2 172
1 240
5 431
18 919
0 498
0 1618
1440 1475
12 368
3 26
14 1965
5 1965
2 1965
0 1965
4 1965
3 1965
7 125
0 175
1 55
2 379
0 229
0 229
0 230
2 1042
7 344
6 323
4 746
21 876
8 479
405 406
2 504
162 171
1 575
9 764
6 1913
1 1913
0 1057
1 269
0 173
2 344
0 772
0 242
3 1695
9 1695
3 382
4 764
0 175
0 94
0 811
0 394
0 1287
0 176
12 139
0 310
0 360
1 230
0 811
1 381
1 1129
10 1129
2 1129
0 638
0 1071
22 1410
36 1410
27 1410
0 811
0 497
30 37
0 285
1 305
1 256
0 360
229 233
18 623
0 1061
4 260
0 452
0 563
547 592
3 144
2 327
0 617
7 337
9 362
5789 5976
64 5976
99 5976
121 5976
84 5976
120 5976
142 5976
92 5976
74 5976
10 1075
377 379
6 661
1 162
1 2517
0 431
2 100
0 1386
3 850
1 511
6 405
11 1102
1 1102
0 370
4 196
1 361
15 841
9 698
0 124
0 290
216 218
0 439
209 229
0 349
1 89
0 360
322 333
317 333
1 526
3 122
0 412
2 196
0 874
0 247
0 896
1 338
2 338
1 142
1761 1779
1749 1779
56 1779
1688 1779
3 1238
14 876
8 1853
10 1853
1 1853
0 592
560 564
0 173
6 1539
0 158
5 812
3 584
0 328
4 262
2 816
2 99
16 796
4 404
2 146
340 345
1 464
5 228
4 274
893 919
4 502
0 1110
0 122
11 446
3 518
0 141
3 585
3 561
1 2808
2 1357
43 1416
1 204
0 100
513 563
0 564
0 473
18 1110
0 339
163 327
0 308
6 295
0 587
0 777
8 558
2 149
204 209
0 279
0 962
3 3095
7 3095
4 3095
11 1617
3 1617
8 1617
4 1617
2 318
4 327
1 1767
9 1767
11 1767
6 1767
11 240
1 1071
6 522
0 1618
1 465
0 465
1 465
