2 384
6 375
2 392
0 576
2 576
8 776
6 776
31 511
7 2287
9 2287
6 745
1 745
24 914
1 338
3 448
2 691
1 691
0 183
6 914
19 1155
51 1155
1080 1155
0 1155
2 1155
1 1370
1 1623
53 7389
131 7389
207 7389
5 7389
8 7389
88 7389
112 7389
15 7389
122 7389
75 7389
450 7389
1 2339
2 615
57 1288
2 176
21 1265
42 1265
8 1265
7 150
0 79
1 1983
4 1983
3 1983
97 1983
8 269
6 397
51 1208
21 1208
24 1208
42 1474
8 240
2 448
7 558
2 1113
0 1113
0 79
7 305
12 400
0 388
6 590
1 1483
139 152
5 152
2 796
1491 1536
0 805
0 276
26 328
14 1267
8 1267
28 1267
10 1267
21 1267
4 522
4 198
1 1013
0 1013
139 152
0 1303
2 1008
4 1008
3 327
1 562
8 737
8 737
246 264
158 175
0 44
0 89
3 1913
1 1913
4 1539
17 973
4 855
0 301
10 7645
146 7645
16 7645
7 7645
14 7645
182 7645
164 7645
33 7645
76 7645
15 7645
18 7645
8 7645
44 7645
4 7645
5 7645
2 7645
17 7645
11 7645
87 7645
9 7645
464 9306
12 9306
22 9306
175 9306
16 9306
280 9306
2 9306
152 9306
6 9306
226 9306
3 9306
32 9306
13 9306
294 9306
11 9306
409 9306
444 9306
73 9306
28 3760
215 3760
124 3760
57 3760
93 3760
53 3760
46 3760
109 3760
12 689
263 295
38 1454
13 1454
9 1454
14 1454
1 626
0 203
0 405
0 794
2 794
1 844
628 657
2 1110
8 150
0 1071
0 812
0 812
0 422
6 896
3 395
7 2339
0 135
4 324
1 721
6 79
1 204
0 811
1 368
0 380
0 380
3 384
8 152
0 98
67 68
1 446
1 777
2 777
0 884
880 884
0 1514
819 876
334 348
0 169
9 663
4 663
2 303
6 240
0 441
8 1474
0 733
2 1077
0 404
0 973
0 138
17 1618
5 567
793 876
1 176
1 2150
18 2150
27 876
2 311
15 1597
5 1597
14 1597
8 1597
4 618
0 98
0 184
6 776
3 776
2 497
54 57
3 392
14 670
0 670
3 392
443 511
2 247
0 876
1 344
3 965
1535 1539
0 509
5 215
5 176
4 215
2 215
8 1386
1 283
0 764
0 465
0 792
9 10782
39 10782
4 10782
5 10782
62 10782
57 10782
46 10782
261 10782
54 10782
32 10782
44 10782
253 10782
20 10782
105 10782
65 10782
26 10782
50 10782
40 10782
104 10782
10 10782
28 10782
23 10782
33 10782
32 10782
44 10782
78 10782
1 224
7 767
3 144
66 540
4 2510
0 2510
238 269
3 269
1 1269
0 1269
2 919
0 782
7 448
0 931
1 931
1 247
0 89
23 2038
1 2038
0 2038
1 446
9 737
5 1898
4 1898
8 584
7 1360
3 2257
4 2257
1 1695
53 2339
14 1072
2 746
2 746
1 2150
12 2150
32 3410
4 3410
14 3410
4 746
1 2150
16 2150
11 764
3 746
0 456
29 590
10 2449
65 2449
17 191
2 777
3 266
1 1027
4 976
8 976
10 3000
29 3000
8 3000
51 3000
22 3000
18 3000
0 202
0 456
5 777
2 381
0 295
3 186
408 441
0 94
52 68
1 287
6 240
16 142
9 240
1 655
0 1197
6 2831
5 2831
2 2831
1 2831
2 1331
7 4210
35 4210
114 4210
41 4210
73 4210
90 4210
51 4210
2 4210
40 4210
133 4210
221 4210
0 20
2 209
1 677
4 677
0 1547
9 1547
6 888
31 888
0 344
0 413
11 1012
5 1012
12 1012
1 269
0 467
4 504
25 1110
2 585
6 2128
3 2128
5 2128
3 960
1 1483
15 1536
6 1536
8 1110
2 1069
3 1069
4 1069
1 1014
17 811
1 1110
2 423
1 93
181 183
0 384
3 724
8 2375
3 2375
7 2375
0 178
28 788
3 788
13 788
6 788
734 788
0 788
1 788
22 788
4 788
1 203
204 226
0 4949
1 4949
5 4949
40 4949
93 4949
11 4949
83 4949
0 120
49 2150
1 2150
15 2150
1 653
7 689
3 2955
1 2955
45 2955
4 2955
19 2955
2 2955
105 2955
2 1695
0 439
0 439
18 225
1 2163
3 2163
216 13875
34 13875
5 13875
23 13875
17 13875
123 13875
27 13875
12 13875
162 13875
26 13875
13454 13875
99 13875
83 13875
69 13875
11 2339
2 222
3 150
2 1164
5 1164
15 1164
0 2347
1 2347
3 2347
2 2347
0 633
0 384
21 3126
13 3126
31 3126
7 3126
2 3126
17 3126
12 3126
5 1078
1 1078
0 1078
244 267
3 1926
479 526
6 812
10 858
5 5657
4 5657
15 5657
8 5657
11 5657
3 5657
87 5657
58 5657
36 1042
7 423
3 218
2 172
21 1307
919 1021
3 384
4 400
6 240
3 247
1 176
0 247
2 124
1 618
1 247
4 1708
2 1708
0 1708
1 1708
0 762
1 762
3 152
10 371
2 264
2 442
0 442
8 389
71 5642
13 5642
1 5642
264 5642
153 5642
49 5642
15 5642
7 416
3 223
2 86
13 543
9 1403
4 1403
8 679
1 2517
0 87
2 689
1 336
0 89
1 153
9 1403
8 1963
14 1963
4 2002
7 2002
2 2002
12 147
9 147
4 163
253 264
1 1539
10 264
5 590
0 181
24 241
0 465
55 764
24 764
11 764
7 295
0 1652
1 1652
0 1967
1 86
0 1110
2 1183
0 1183
3 1183
0 876
0 389
2 1124
1 1124
1 1014
0 961
3 961
1 961
0 526
0 359
44 1130
0 257
7 1386
1 842
19 1042
0 257
10 2403
70 2403
22 2403
0 106
5 375
5 617
6 270
17 270
7 340
1 327
0 380
5 518
10 587
5 587
0 384
0 424
3 264
626 699
1 1317
8 1317
3 1317
11 120
3 594
0 538
0 603
0 1130
1 344
6 240
0 1241
0 122
9 855
8 1898
3 1898
5 1898
3 1898
6 384
15 17
22 914
0 777
6 163
21 4713
11 4713
4 4713
4562 4713
5 4713
12 4713
0 44
10 2150
13 2150
1 2150
0 2150
11 402
5 266
3 781
4 781
1 781
12 781
14 664
1 689
0 874
0 796
1 796
1320 1464
4 1464
9 1464
0 548
3 382
11 233
2 663
2 257
20 506
9 1012
2 257
0 626
0 371
740 782
36 3816
6 3816
4 3816
3 3816
0 3816
40 3816
7 3816
5 340
3 1347
7 1347
0 149
1 554
0 364
2 364
276 295
8 435
8 695
2 1247
1 1247
6 423
4 914
0 265
8 631
6 631
3 186
1 518
158 171
476 511
3 431
0 2308
2 2308
1 2303
15 2303
13 145
6 145
5 145
2 467
22 518
1 405
13 318
8 423
3 324
24 389
3 8726
6 8726
249 8726
14 8726
107 8726
9 8726
287 8726
20 8726
82 8726
77 8726
0 8726
10 8726
8 8726
0 422
1 108
0 456
0 1036
1 1036
17 391
1 344
7 679
2 154
362 397
10 3066
9 3066
65 3066
5 1214
6 1214
39 1595
33 1595
45 764
0 457
0 368
0 376
3 209
2 209
1 1191
0 1191
21 592
19 378
134 141
0 389
1 446
1 264
2 526
25 1110
1085 12734
59 12734
11938 12734
753 12734
118 12734
146 12734
11987 12734
76 12734
82 12734
152 12734
32 12734
7 12734
74 12734
24 12734
74 12734
191 12734
37 12734
228 12734
7 203
1 89
0 653
2 295
0 841
0 441
377 384
0 876
109 1264
1240 1264
1263 1264
1 404
0 1483
0 1110
5 590
4 590
254 264
0 107
1 1386
0 148
0 89
6 842
41 461
0 669
1 669
8 737
626 699
7 423
8 737
0 107
0 107
0 148
0 473
18 2629
80 2629
6 2629
12 2629
2 384
3 1589
1 1589
0 1589
2 113
0 2696
3 2696
4 2696
1 774
30 664
128 987
6 987
10 987
7 4344
2 4344
16 4344
34 4344
6 4344
1 4344
3 4344
2 222
0 626
34 1376
22 1376
27 1376
33 1376
3 558
5 680
16 680
7 234
1 177
1 177
5 384
405 441
401 441
1 376
1 1511
0 1511
2 522
10 522
1 169
0 737
26 664
6 479
0 2238
8 2238
22 2238
5 2238
29 1074
6 737
0 762
22 2517
726 788
10 2300
3 2300
0 762
0 618
0 183
19 270
8 558
0 252
12 295
21 1913
34 1913
6 656
8 656
9 656
5 240
1 423
3 764
9 373
13 446
1 357
6 423
1 632
5 590
1 562
10 456
0 9
293 587
1 562
11 1014
0 774
0 404
0 567
0 1407
0 594
1 690
0 690
2 250
1 127
284 295
3 2725
1 2725
0 2725
2 2725
5 2725
0 442
1 442
2 518
1 508
0 269
3 269
0 38
5 6094
3 6094
0 6094
4 6094
15 6094
4 1370
19 2737
32 2737
76 1409
8 526
3 465
1 339
1 960
0 960
19 382
1 295
0 404
0 431
1 1536
2 615
0 844
0 308
4 504
3 560
1 730
0 730
1 764
1 1701
10 240
2 283
6 596
1 392
1 2339
0 2339
0 303
0 461
523 563
23 438
1 122
0 980
1 980
2 845
0 665
12 378
1 352
1 889
6 889
0 189
0 431
0 751
10 526
14 1955
11 1955
17 1955
10 1955
5 1955
20 1955
14 9453
8916 9453
6 9453
28 9453
19 9453
4 9453
10 9453
3 9453
20 9453
9 9453
21 9453
7 9453
8 9453
5 9453
2 9453
7 3604
33 3604
2 3604
3356 3604
3 3604
6 2982
16 2982
15 2982
8 2982
14 2982
1 1152
0 499
0 181
1 181
242 249
22 613
5 395
1 575
1 122
2 1114
7 1114
269 283
274 283
0 241
48 55
3 655
1 1887
5 1887
4 1887
124 7512
83 7512
85 7512
102 7512
19 7512
39 7512
108 7512
156 7512
290 7512
371 7512
138 7512
153 7512
118 7512
539 7512
249 7512
7 328
1 623
0 106
8 82
2 305
0 196
4 151
6 439
3 328
1 2031
1 4370
0 4370
4 4370
2 4370
6 4370
9 4370
5 4370
3 4370
1 340
0 360
0 269
1 413
1 887
1 187
0 187
3 534
3 1539
1 726
5 257
3 202
10 764
12 764
0 473
0 729
2 729
1 729
1 174
2 593
0 326
4 282
56 59
20 2849
16 2849
17 2849
2 2849
2 225
1 435
0 435
0 522
15 146
9 479
3 399
3 587
1 562
23 788
13 788
43 788
20 788
27 788
1 788
0 788
30 788
28 788
439 473
3 473
4 1528
0 1528
1 1904
4 1904
19 733
0 219
27 2417
172 2417
34 594
8 594
15 594
4 620
3 620
0 476
1 476
2 405
1641 1695
2 91
0 91
1 1223
2 1223
3 1223
6 479
1 328
3 1879
5 1879
47 4834
21 4834
28 4834
15 4834
19 4834
14 4834
4 145
19 739
1 336
20 361
155 177
0 413
717 759
1 191
1 191
1 240
14 233
156 177
0 176
3 318
3 807
1 807
4 761
1 446
0 931
1 931
1 1074
7 812
251 287
18 764
5 1043
0 857
1 922
0 558
6 558
0 279
160 173
2 130
2 617
1 617
0 1707
9 1707
3 4275
1 4275
21 4275
6 4275
9 4275
0 1149
1 1149
3 1149
2 2971
4 2971
0 336
279 318
1 1026
1 92
0 92
1 311
0 161
0 774
5 127
0 379
0 400
4 428
8 381
1 562
0 497
2 393
2 279
3 323
353 395
1 223
0 362
454 509
0 2434
5 716
1 388
7 233
0 484
0 484
1 484
4 1075
7 1075
6 1075
7 1075
1 118
0 114
36 844
19 844
0 306
3 1742
2 1742
0 1742
12 441
0 655
635 764
0 509
3348 3737
5 3737
1 3737
0 3737
2 562
2116 2181
2 338
1 40
0 379
2 405
1 474
0 98
0 1143
6 368
666 699
0 343
8 126
1 1644
174 1644
1 767
0 767
704 767
0 20
16 310
0 354
2 61
1 297
68 727
2 395
0 1618
0 233
4 381
0 473
212 217
0 152
693 768
0 171
0 567
0 301
0 461
19 788
7 788
23 788
12 788
27 788
1 788
0 788
20 788
14 788
1 405
1 653
2 139
0 324
0 973
2 1386
0 633
25 664
0 1618
10 395
0 295
9 344
7 230
2059 2219
0 385
7 527
7 1926
11 1926
3 548
0 919
6 699
12 472
2 327
0 821
2 821
3 821
1 526
0 567
10 1012
9 1012
11 1012
3 562
8 739
0 266
5 227
0 241
18 635
7 391
0 177
0 407
4 435
8 535
10 527
4 371
9 371
0 240
0 57
267 297
5 262
2 361
38 1312
0 84
3 287
10 509
2 585
0 592
762 812
2121 2339
4 290
0 948
1 948
1 448
971 973
1 360
14 389
73 1646
1 2101
2 2101
4 2101
12 2101
812 876
6 472
2 265
3 777
7 502
1 137
4 209
2 144
1 183
0 370
17 135
1 120
6 962
12 721
0 114
2 3218
4 1747
0 231
3 1110
0 153
1 290
2 397
322 325
5 319
5 382
15 5267
4 5267
3 5267
13 5267
21 5267
6 5267
31 5267
20 5267
2 5267
12 5267
0 5267
1 5267
18 5267
14 5267
0 1034
4 1034
0 2191
1 2191
0 247
0 247
1 1416
96 1027
0 319
0 1042
0 384
0 163
0 127
1 484
0 900
0 544
0 265
0 368
0 930
3 2416
1 2416
4 2416
11 919
1 407
0 382
0 247
0 233
1 1183
0 1183
2 1183
1 1185
0 382
1 340
2 3763
0 3763
8 177
2 477
0 141
5 242
0 295
1 295
2 395
579 615
0 308
0 1695
14 511
0 227
0 257
7 2339
2 395
0 359
7 761
3 257
0 176
2 336
0 195
1 365
9 240
1 230
4 196
12 338
7 1116
61 1116
0 1124
0 300
18 1623
30 906
0 57
0 188
0 1057
0 233
1 721
6 318
2 735
20 699
0 446
0 310
0 165
3 465
1 1130
666 679
0 392
326 348
7 1898
5 1898
0 472
15 950
21 950
5 950
9 191
1 1695
0 324
0 282
0 861
2 1695
320 360
0 960
2 388
0 1701
1 453
0 453
0 247
0 461
22 295
4 1042
2 549
18 319
1 1110
1 2517
1 866
0 866
104 141
2 387
41 48
0 1791
1 1791
6 511
6 275
5 286
0 423
4 191
940 950
21 509
0 861
0 364
4 364
0 378
1 3651
0 364
3 364
0 298
3 679
2 654
4 177
587 605
2 392
3 392
1 569
0 43
2 414
1 272
2 327
2 2050
0 2050
1 2050
1 617
0 927
5 1268
2 1268
4 1268
4 1413
154 157
8 317
27 790
756 790
0 812
25 1077
8 584
3 562
6 1360
4 1695
11 405
543 587
4 127
1 1592
2 1592
0 1719
2 1719
1 1719
1 548
0 548
2 195
1 352
0 1043
19 2703
22 2703
23 2703
24 2703
24 1165
371 395
1 1323
0 1323
3 1323
6 1323
2 1323
0 118
0 165
3 663
18 451
11 1536
8 1526
3 1526
12 1526
0 116
19 327
2 587
7 139
0 325
2 1288
0 116
193 240
0 217
672 712
2 1386
49 2339
3 2517
14 381
255 284
0 183
10 295
0 2517
4 2339
15 465
0 247
1 2517
0 55
1 281
0 247
18 1360
2 461
24 3761
0 590
0 594
2 378
9 1539
0 108
32 4338
1333 1552
3 152
0 646
1 306
16 657
3 657
12 1042
420 421
1 1042
4 222
1 1034
0 270
0 1104
0 486
0 502
1 57
748 816
1 2365
2 1074
0 187
1 2236
3 2236
4 2236
0 2236
4 405
3 1110
3 497
2 222
0 120
0 151
0 1392
0 230
70 86
2 78
77 2339
0 9
1 1021
0 318
1 308
0 279
0 762
2 88
2 721
0 1027
2 500
0 89
1 86
9 159
10 733
16 725
0 276
1 497
6 1130
0 456
1 654
0 777
0 53
0 340
467 475
1 142
0 694
0 41
0 90
555 588
20 588
4 588
1 214
0 67
1 588
1 327
1 342
0 588
6 193
0 161
78 90
4 588
6 41
15 322
2 718
2 142
22 567
3 588
2 113
0 120
3 588
1 567
7 588
9 588
4 483
8 588
4 218
23 588
11 282
7 282
26 588
8 218
3 327
23 24
0 274
8 274
1 214
1 142
3 90
89 90
1 228
8 567
0 229
524 567
5 343
206 228
1 327
0 43
6 386
28 694
203 228
1 475
3 588
427 475
12 946
0 475
0 567
1 457
2 327
1 483
4 343
0 116
0 475
2 228
0 342
289 327
28 560
216 229
0 99
2 588
40 43
6 43
0 168
2 141
0 483
0 16
14 588
0 386
21 334
1 588
2 588
2 588
1 588
0 90
16 588
0 271
573 588
14 386
0 67
555 560
311 342
1 454
1 588
1 588
0 211
36 694
612 694
11 228
17 327
562 588
4 752
0 53
0 229
15 588
6 41
0 374
0 334
1 588
5 475
97 110
0 229
0 58
9 588
1 142
13 153
2 334
2 116
104 118
567 588
4 386
3 327
2 142
10 228
9 156
2 588
3 588
1 327
4 343
12 153
45 475
0 588
0 99
0 588
0 588
554 574
1 694
1 90
20 694
0 56
31 560
2 342
7 322
0 752
573 588
21 327
2 193
11 454
0 342
0 67
0 327
13 588
0 229
0 342
0 67
16 2673
0 211
5 483
3 327
5 228
4 33
7 962
1 1539
0 125
0 120
4 80
1 816
0 554
1 176
2 406
0 66
0 473
0 977
0 844
0 290
10 502
2 88
2 275
3 147
5 515
0 1205
2 1403
0 1695
6 605
1 605
8 1347
4 1347
10 1516
0 295
0 473
0 59
2 1021
766 788
7 228
0 1110
0 88
0 768
1 476
1 337
0 340
52 1695
4 127
0 308
2 378
0 241
0 452
0 284
1 1900
0 1900
2 3101
0 3101
0 6
4 218
9 664
0 158
0 423
3 951
18 951
0 623
0 399
4 1577
0 278
2 214
6 2150
0 2150
0 145
0 404
0 1074
1 336
0 362
3 594
0 216
0 439
1 527
1 1386
1 639
694 762
0 625
1 625
0 725
0 395
0 1036
5 1042
1 393
4 1539
1 368
3 1539
7 117
22 632
3 1042
0 518
0 567
2 452
0 1071
0 347
0 303
0 120
25 270
17 2237
13 2237
1 2237
0 2237
2 2237
0 233
1548 1552
0 409
0 1230
2 1230
11 853
1 400
0 126
0 446
11 857
0 973
0 274
1 274
1 3390
32 3390
7 3390
2 3390
0 584
10 890
1 626
4 216
0 1346
0 247
7 287
67 79
0 196
13 191
182 7353
169 7353
70 7353
6936 7353
90 7353
13 7353
290 7353
172 7353
157 7353
7342 7353
109 7353
93 7353
129 7353
162 7353
62 7353
39 7353
0 141
2 2466
1 2466
3 2466
0 2466
0 1456
46 10604
143 10604
107 10604
25 10604
189 10604
57 10604
50 10604
39 10604
116 10604
80 10604
9 10604
122 10604
55 10604
40 10604
69 10604
60 10604
9 1655
5 1655
0 407
2 1162
6 1162
1 1162
3 1162
3 479
9 623
0 87
2 564
26 391
0 295
0 590
1 508
1692 1695
1 47
721 788
736 788
747 788
722 788
735 788
6 788
2 788
18 788
746 788
1 230
0 739
0 436
4 1695
0 247
2 626
9 567
6 115
1 48
0 344
8 684
56 764
1 582
54 1072
8 1862
1 1862
7 369
795 876
1 625
0 233
2 937
3 937
7 937
0 230
1 421
0 272
4 218
1 812
38 826
0 919
0 887
1 1072
114 2339
3 958
1 958
1 1623
3 141
1 792
1 811
0 2330
1 2330
2 247
5 974
118 120
0 182
3 423
0 1967
0 30
2 384
1 549
19 1153
0 497
4 188
1 498
5 157
1 157
10 2339
5 950
1 57
0 135
0 473
0 962
1 448
0 163
1 414
3 1161
0 1161
1 1161
0 117
5 96
1 1403
0 1346
1 139
37 1110
0 473
1 318
0 318
1 700
1 162
1 1967
5 1539
0 1539
0 106
5 5662
4 5662
3 5662
2 5662
0 5662
5 1536
10 1536
4 625
14 2565
11 2565
13 2565
6 2565
17 2565
8 2565
55 1747
8 384
5 183
8 1249
7 1249
0 87
0 812
4 746
9 2128
0 2128
4 2128
0 473
0 67
2 124
6 178
0 764
1 379
3 2396
0 2396
1 2396
15 890
11 890
6 890
0 38
1 2407
2 2407
3 2407
7 2407
0 735
1 581
0 581
0 385
2 385
0 615
1 139
0 641
7 448
1 1064
0 1064
2 2225
2 89
0 941
0 89
0 1419
430 452
2 80
8 554
0 89
1 1294
10 1294
336 381
64 1948
85 1948
32 1948
23 1948
9 962
0 448
0 352
132 137
1 594
3 1708
0 1708
3 287
0 25
0 816
0 626
0 90
24 2339
0 1536
3 233
1 69
2 319
1 796
0 446
1 527
0 142
0 369
0 153
5 590
5 385
206 413
0 446
2 2395
1 2395
1 404
295 592
19 2163
43 2163
57 2163
2 55
169 191
0 2423
6 2423
8 2423
1 344
1 196
3 452
15 1403
1 1205
0 1205
1 1014
2 294
4 448
6 86
0 395
5 844
0 844
1 303
8 1360
0 812
0 107
0 562
1 479
10 467
52 1733
54 1733
25 1733
2 80
4 739
0 446
236 247
0 389
0 733
3 215
4 295
2 431
0 175
5 130
5 187
1 135
0 284
2 371
3 330
2 1724
0 1724
1 1724
3 549
14 919
1068 1139
1 896
0 896
0 437
0 103
0 264
2 261
0 264
0 648
5 1577
0 1501
3 1501
1 1501
535 617
2 1618
0 285
5 504
2 115
47 48
0 247
1 737
0 223
0 509
0 311
2 594
3 477
0 345
0 733
5 789
4 789
0 605
1 1747
0 347
11 1511
6 1511
0 362
15 147
0 307
13 139
9 139
0 382
69 1766
759 788
2 788
11 788
7 788
761 788
0 788
1 788
744 788
5 788
15 694
0 694
278 307
3 174
2 371
1 1077
0 537
4 178
0 103
0 290
21 3159
20 3159
11 3159
5 1331
45 50
0 716
1 508
42 1909
62 1909
27 1909
1 1618
6 1618
0 384
1 384
0 102
0 94
0 585
1 474
522 535
0 261
291 295
1 169
0 148
2 183
4 876
1 733
8 1787
5 1787
6 1787
6 617
0 1553
1 1553
3 504
1 343
0 632
0 127
6 504
8 1083
2 65
1 1144
0 178
1 172
2 240
4 431
16 919
0 498
0 1618
1457 1475
7 368
3 26
15 1965
6 1965
3 1965
0 1965
5 1965
2 1965
3 125
0 175
50 55
1 379
0 229
0 229
0 230
2 1042
6 344
7 323
2 746
35 876
6 479
394 406
2 504
154 171
1 575
7 764
4 1913
1 1913
0 1057
1 269
0 173
323 344
0 772
0 242
3 1695
5 1695
2 382
4 764
0 175
0 94
0 811
0 394
0 1287
0 176
13 139
0 310
0 360
1 230
0 811
1 381
1 1129
20 1129
3 1129
0 638
0 1071
20 1410
28 1410
25 1410
0 811
0 497
0 37
0 285
1 305
4 256
0 360
230 233
12 623
0 1061
3 260
0 452
0 563
16 592
2 144
2 327
0 617
5 337
4 362
5966 5976
55 5976
49 5976
80 5976
67 5976
63 5976
110 5976
64 5976
59 5976
10 1075
372 379
13 661
0 162
1 2517
2 431
2 100
0 1386
2 850
0 511
2 405
6 1102
0 1102
0 370
4 196
1 361
19 841
6 698
0 124
0 290
208 218
0 439
21 229
0 349
0 89
0 360
17 333
11 333
0 526
0 122
0 412
1 196
0 874
0 247
0 896
0 338
2 338
0 142
1707 1779
1703 1779
45 1779
1686 1779
1 1238
18 876
33 1853
15 1853
1 1853
0 592
524 564
0 173
3 1539
0 158
1 812
4 584
0 328
8 262
1 816
0 99
21 796
3 404
2 146
334 345
8 464
2 228
5 274
892 919
0 502
0 1110
1 122
9 446
3 518
0 141
3 585
6 561
1 2808
1 1357
28 1416
1 204
0 100
9 563
0 564
0 473
10 1110
0 339
163 327
0 308
5 295
0 587
0 777
10 558
2 149
188 209
0 279
0 962
0 3095
6 3095
3 3095
12 1617
2 1617
9 1617
0 1617
2 318
3 327
4 1767
8 1767
5 1767
1 1767
8 240
0 1071
0 522
0 1618
1 465
0 465
1 465
