9 384
6 375
13 392
0 576
9 576
18 776
19 776
469 511
9 2287
15 2287
10 745
4 745
7 914
7 338
3 448
2 691
3 691
1 183
8 914
25 1155
39 1155
1118 1155
5 1155
7 1155
17 1370
10 1623
42 7389
147 7389
98 7389
16 7389
22 7389
62 7389
27 7389
26 7389
222 7389
115 7389
347 7389
25 2339
5 615
27 1288
4 176
17 1265
7 1265
8 1265
4 150
1 79
0 1983
5 1983
2 1983
4 1983
4 269
382 397
31 1208
18 1208
28 1208
12 1474
8 240
1 448
11 558
3 1113
1 1113
0 79
12 305
397 400
2 388
10 590
2 1483
2 152
1 152
7 796
1528 1536
0 805
9 276
322 328
49 1267
54 1267
47 1267
21 1267
43 1267
33 522
7 198
3 1013
1 1013
145 152
1 1303
6 1008
9 1008
5 327
3 562
9 737
7 737
6 264
8 175
0 44
0 89
9 1913
4 1913
14 1539
938 973
12 855
8 301
38 7645
213 7645
197 7645
50 7645
10 7645
235 7645
244 7645
162 7645
224 7645
44 7645
12 7645
52 7645
214 7645
86 7645
18 7645
55 7645
87 7645
20 7645
81 7645
117 7645
9158 9306
32 9306
195 9306
450 9306
285 9306
287 9306
185 9306
588 9306
100 9306
654 9306
142 9306
308 9306
207 9306
534 9306
218 9306
490 9306
397 9306
130 9306
147 3760
134 3760
159 3760
196 3760
156 3760
127 3760
138 3760
163 3760
26 689
2 295
24 1454
15 1454
12 1454
8 1454
6 626
0 203
0 405
2 794
4 794
1 844
567 657
1022 1110
132 150
1 1071
0 812
0 812
0 422
9 896
6 395
4 2339
0 135
5 324
0 721
73 79
202 204
0 811
1 368
0 380
0 380
5 384
137 152
4 98
63 68
2 446
2 777
14 777
3 884
859 884
3 1514
849 876
342 348
0 169
20 663
18 663
10 303
9 240
3 441
1469 1474
0 733
3 1077
2 404
0 973
1 138
15 1618
4 567
20 876
1 176
35 2150
66 2150
16 876
2 311
17 1597
21 1597
18 1597
27 1597
11 618
4 98
1 184
16 776
15 776
4 497
54 57
11 392
36 670
30 670
16 392
8 511
6 247
0 876
5 344
8 965
1531 1539
0 509
7 215
13 176
4 215
6 215
1312 1386
3 283
5 764
4 465
3 792
65 10782
111 10782
104 10782
29 10782
139 10782
300 10782
135 10782
67 10782
64 10782
56 10782
176 10782
510 10782
107 10782
204 10782
146 10782
81 10782
193 10782
55 10782
196 10782
94 10782
57 10782
72 10782
132 10782
129 10782
176 10782
112 10782
4 224
22 767
10 144
501 540
4 2510
0 2510
244 269
5 269
4 1269
1 1269
3 919
3 782
1 448
0 931
1 931
2 247
3 89
34 2038
14 2038
13 2038
1 446
16 737
17 1898
8 1898
9 584
1257 1360
11 2257
10 2257
9 1695
11 2339
19 1072
2 746
4 746
1 2150
16 2150
41 3410
2 3410
44 3410
8 746
4 2150
22 2150
11 764
6 746
1 456
536 590
20 2449
79 2449
159 191
9 777
2 266
7 1027
10 976
32 976
19 3000
64 3000
16 3000
93 3000
23 3000
70 3000
2 202
0 456
8 777
3 381
0 295
170 186
440 441
1 94
60 68
5 287
9 240
70 142
230 240
2 655
7 1197
10 2831
7 2831
3 2831
2 2831
3 1331
79 4210
77 4210
118 4210
83 4210
92 4210
139 4210
143 4210
90 4210
133 4210
192 4210
219 4210
5 20
3 209
5 677
4 677
6 1547
7 1547
20 888
19 888
3 344
2 413
6 1012
17 1012
16 1012
5 269
7 467
2 504
1097 1110
4 585
14 2128
18 2128
19 2128
9 960
5 1483
43 1536
33 1536
1027 1110
4 1069
2 1069
12 1069
2 1014
807 811
4 1110
9 423
1 93
1 183
0 384
2 724
24 2375
23 2375
16 2375
171 178
778 788
2 788
7 788
5 788
784 788
1 788
0 788
776 788
4 788
188 203
209 226
0 4949
6 4949
5 4949
27 4949
166 4949
19 4949
39 4949
0 120
66 2150
27 2150
26 2150
4 653
35 689
10 2955
3 2955
21 2955
5 2955
26 2955
9 2955
41 2955
4 1695
0 439
0 439
211 225
2 2163
3 2163
173 13875
111 13875
31 13875
35 13875
29 13875
94 13875
55 13875
73 13875
102 13875
62 13875
13716 13875
300 13875
184 13875
208 13875
24 2339
210 222
140 150
4 1164
2 1164
11 1164
0 2347
1 2347
3 2347
2 2347
1 633
3 384
34 3126
37 3126
58 3126
24 3126
11 3126
30 3126
26 3126
8 1078
3 1078
0 1078
3 267
10 1926
514 526
29 812
13 858
9 5657
12 5657
25 5657
6 5657
17 5657
3 5657
23 5657
5478 5657
85 1042
9 423
5 218
158 172
37 1307
963 1021
10 384
398 400
232 240
7 247
1 176
1 247
4 124
3 618
4 247
9 1708
4 1708
1 1708
3 1708
1 762
6 762
3 152
353 371
6 264
1 442
4 442
2 389
50 5642
9 5642
8 5642
302 5642
36 5642
40 5642
32 5642
6 416
7 223
3 86
37 543
11 1403
11 1403
21 679
17 2517
0 87
19 689
3 336
1 89
3 153
1294 1403
57 1963
46 1963
6 2002
4 2002
71 2002
137 147
11 147
3 163
263 264
4 1539
259 264
7 590
0 181
211 241
0 465
46 764
36 764
12 764
8 295
6 1652
8 1652
11 1967
2 86
0 1110
4 1183
1 1183
5 1183
1 876
1 389
7 1124
2 1124
3 1014
3 961
7 961
0 961
0 526
0 359
31 1130
1 257
1372 1386
12 842
1041 1042
0 257
36 2403
33 2403
28 2403
105 106
7 375
5 617
12 270
23 270
8 340
1 327
0 380
9 518
7 587
9 587
3 384
1 424
9 264
634 699
18 1317
30 1317
10 1317
8 120
16 594
0 538
0 603
1 1130
2 344
11 240
0 1241
1 122
9 855
11 1898
9 1898
6 1898
2 1898
15 384
0 17
52 914
0 777
148 163
31 4713
64 4713
51 4713
272 4713
55 4713
50 4713
0 44
22 2150
21 2150
3 2150
2 2150
19 402
244 266
5 781
7 781
4 781
10 781
658 664
16 689
4 874
4 796
10 796
79 1464
16 1464
27 1464
4 548
16 382
17 233
2 663
13 257
500 506
10 1012
3 257
3 626
4 371
734 782
35 3816
46 3816
21 3816
18 3816
22 3816
53 3816
29 3816
7 340
13 1347
6 1347
0 149
7 554
7 364
4 364
272 295
24 435
14 695
2 1247
1 1247
8 423
7 914
4 265
8 631
10 631
3 186
3 518
168 171
496 511
17 431
0 2308
4 2308
2 2303
12 2303
12 145
7 145
1 145
9 467
488 518
2 405
20 318
16 423
7 324
3 389
46 8726
170 8726
114 8726
138 8726
319 8726
207 8726
418 8726
188 8726
335 8726
284 8726
40 8726
123 8726
51 8726
0 422
1 108
0 456
0 1036
1 1036
377 391
2 344
14 679
2 154
381 397
18 3066
21 3066
163 3066
6 1214
7 1214
15 1595
26 1595
720 764
0 457
0 368
0 376
6 209
7 209
1 1191
0 1191
39 592
8 378
70 141
3 389
12 446
260 264
4 526
12 1110
1126 12734
163 12734
429 12734
208 12734
324 12734
132 12734
12286 12734
136 12734
212 12734
217 12734
47 12734
49 12734
52 12734
67 12734
227 12734
344 12734
50 12734
298 12734
9 203
2 89
0 653
8 295
0 841
0 441
362 384
5 876
36 1264
1226 1264
51 1264
4 404
0 1483
0 1110
9 590
16 590
7 264
1 107
59 1386
0 148
78 89
12 842
443 461
1 669
3 669
9 737
31 699
7 423
7 737
0 107
0 107
1 148
0 473
44 2629
94 2629
17 2629
28 2629
6 384
8 1589
5 1589
6 1589
2 113
6 2696
10 2696
7 2696
3 774
28 664
974 987
31 987
34 987
30 4344
26 4344
10 4344
40 4344
21 4344
27 4344
18 4344
3 222
578 626
1367 1376
0 1376
1365 1376
4 1376
9 558
8 680
7 680
6 234
2 177
1 177
14 384
15 441
408 441
3 376
7 1511
9 1511
8 522
23 522
0 169
20 737
29 664
9 479
21 2238
51 2238
41 2238
7 2238
22 1074
23 737
1 762
2516 2517
759 788
23 2300
15 2300
1 762
2 618
0 183
25 270
8 558
9 252
18 295
4 1913
34 1913
22 656
9 656
19 656
13 240
1 423
14 764
372 373
12 446
1 357
6 423
0 632
14 590
1 562
427 456
0 9
293 587
2 562
7 1014
0 774
0 404
0 567
1 1407
0 594
0 690
1 690
4 250
1 127
294 295
2 2725
4 2725
3 2725
1 2725
5 2725
0 442
2 442
10 518
1 508
0 269
1 269
0 38
5 6094
4 6094
3 6094
1 6094
9 6094
1348 1370
59 2737
13 2737
21 1409
516 526
30 465
2 339
4 960
1 960
4 382
1 295
2 404
1 431
1 1536
4 615
4 844
0 308
7 504
3 560
1 730
0 730
1 764
0 1701
12 240
256 283
20 596
13 392
4 2339
1 2339
0 303
0 461
557 563
3 438
3 122
1 980
0 980
13 845
5 665
7 378
1 352
15 889
4 889
0 189
0 431
2 751
3 526
42 1955
32 1955
46 1955
36 1955
22 1955
45 1955
13 9453
77 9453
5 9453
23 9453
24 9453
6 9453
18 9453
9 9453
16 9453
8 9453
29 9453
3 9453
15 9453
4 9453
19 9453
15 3604
9 3604
10 3604
1801 3604
12 3604
25 2982
50 2982
48 2982
32 2982
26 2982
3 1152
5 499
0 181
1 181
247 249
2 613
10 395
6 575
1 122
7 1114
1 1114
141 283
276 283
0 241
49 55
637 655
4 1887
10 1887
1 1887
322 7512
277 7512
361 7512
269 7512
109 7512
267 7512
323 7512
440 7512
241 7512
395 7512
319 7512
364 7512
285 7512
131 7512
673 7512
5 328
1 623
0 106
1 82
2 305
5 196
7 151
13 439
1 328
8 2031
2 4370
1 4370
7 4370
0 4370
6 4370
9 4370
4 4370
3 4370
0 340
0 360
1 269
0 413
10 887
1 187
0 187
4 534
18 1539
1 726
240 257
6 202
10 764
13 764
1 473
1 729
3 729
2 729
3 174
3 593
1 326
2 282
57 59
22 2849
27 2849
28 2849
8 2849
15 225
3 435
9 435
1 522
139 146
17 479
3 399
1 587
1 562
762 788
730 788
772 788
757 788
775 788
1 788
0 788
767 788
753 788
26 473
4 473
3 1528
1 1528
1 1904
3 1904
0 733
1 219
135 2417
172 2417
29 594
13 594
14 594
5 620
4 620
0 476
1 476
2 405
1672 1695
2 91
1 91
2 1223
1 1223
6 1223
11 479
2 328
2 1879
5 1879
62 4834
24 4834
59 4834
74 4834
25 4834
33 4834
9 145
7 739
4 336
4 361
8 177
0 413
754 759
190 191
1 191
1 240
4 233
168 177
1 176
4 318
5 807
2 807
5 761
1 446
0 931
1 931
0 1074
16 812
23 287
10 764
7 1043
1 857
0 922
5 558
3 558
0 279
156 173
127 130
0 617
1 617
1 1707
13 1707
19 4275
13 4275
16 4275
20 4275
18 4275
0 1149
1 1149
5 1149
13 2971
9 2971
1 336
1 318
28 1026
1 92
2 92
1 311
1 161
4 774
13 127
3 379
0 400
406 428
6 381
12 562
6 497
15 393
2 279
13 323
367 395
0 223
1 362
29 509
0 2434
6 716
1 388
16 233
0 484
1 484
2 484
5 1075
8 1075
9 1075
16 1075
2 118
0 114
421 844
822 844
1 306
9 1742
2 1742
0 1742
6 441
10 655
32 764
0 509
3447 3737
7 3737
1 3737
0 3737
4 562
2156 2181
3 338
3 40
8 379
8 405
7 474
2 98
6 1143
353 368
660 699
1 343
12 126
3 1644
1614 1644
2 767
1 767
732 767
0 20
291 310
2 354
3 61
3 297
695 727
17 395
2 1618
0 233
370 381
0 473
201 217
0 152
383 768
4 171
0 567
0 301
0 461
772 788
725 788
768 788
744 788
766 788
1 788
0 788
770 788
759 788
2 405
5 653
124 139
0 324
0 973
3 1386
3 633
17 664
4 1618
15 395
1 295
313 344
5 230
1109 2219
0 385
24 527
22 1926
15 1926
5 548
0 919
36 699
24 472
5 327
2 821
3 821
5 821
1 526
0 567
9 1012
5 1012
6 1012
5 562
28 739
0 266
225 227
0 241
20 635
2 391
3 177
3 407
7 435
2 535
44 527
358 371
362 371
9 240
0 57
273 297
2 262
3 361
18 1312
0 84
7 287
2 509
5 585
5 592
721 812
2112 2339
282 290
0 948
1 948
2 448
920 973
1 360
9 389
25 1646
0 2101
2 2101
3 2101
4 2101
28 876
17 472
1 265
6 777
5 502
0 137
2 209
7 144
1 183
0 370
134 135
1 120
2 962
641 721
0 114
2 3218
3 1747
0 231
3 1110
0 153
1 290
2 397
306 325
7 319
11 382
19 5267
9 5267
1 5267
14 5267
22 5267
15 5267
13 5267
25 5267
5 5267
11 5267
7 5267
0 5267
28 5267
18 5267
1 1034
3 1034
2 2191
3 2191
0 247
0 247
2 1416
75 1027
0 319
0 1042
0 384
0 163
1 127
0 484
0 900
0 544
2 265
0 368
0 930
6 2416
1 2416
9 2416
3 919
4 407
0 382
0 247
2 233
2 1183
5 1183
6 1183
1 1185
0 382
2 340
2 3763
0 3763
176 177
468 477
3 141
22 242
0 295
1 295
6 395
19 615
0 308
0 1695
18 511
0 227
0 257
13 2339
8 395
1 359
4 761
10 257
0 176
7 336
1 195
2 365
227 240
2 230
5 196
313 338
7 1116
11 1116
0 1124
0 300
4 1623
8 906
0 57
6 188
0 1057
0 233
4 721
6 318
5 735
660 699
4 446
0 310
1 165
405 465
1 1130
647 679
3 392
327 348
7 1898
4 1898
0 472
31 950
48 950
27 950
13 191
1 1695
1 324
1 282
0 861
26 1695
19 360
0 960
2 388
7 1701
8 453
6 453
2 247
3 461
294 295
8 1042
7 549
17 319
3 1110
6 2517
2 866
0 866
125 141
2 387
45 48
4 1791
5 1791
3 511
3 275
5 286
0 423
2 191
889 950
29 509
0 861
5 364
7 364
1 378
1 3651
3 364
5 364
0 298
5 679
11 654
6 177
7 605
3 392
3 392
2 569
0 43
5 414
254 272
3 327
3 2050
2 2050
1 2050
0 617
1 927
5 1268
3 1268
4 1268
24 1413
78 157
9 317
394 790
394 790
2 812
20 1077
560 584
6 562
1265 1360
2 1695
11 405
555 587
4 127
2 1592
1 1592
0 1719
2 1719
1 1719
9 548
0 548
2 195
3 352
0 1043
15 2703
14 2703
19 2703
13 2703
1147 1165
359 395
0 1323
1 1323
3 1323
14 1323
4 1323
0 118
2 165
11 663
6 451
24 1536
22 1526
20 1526
28 1526
0 116
298 327
2 587
0 139
1 325
5 1288
0 116
13 240
0 217
355 712
15 1386
84 2339
0 2517
14 381
10 284
7 183
7 295
1 2517
17 2339
9 465
0 247
2 2517
1 55
3 281
0 247
1315 1360
2 461
107 3761
5 590
4 594
5 378
1527 1539
2 108
151 4338
1361 1552
3 152
0 646
2 306
38 657
17 657
8 1042
398 421
3 1042
5 222
4 1034
267 270
1 1104
1 486
1 502
1 57
814 816
2 2365
2 1074
0 187
12 2236
10 2236
11 2236
5 2236
400 405
29 1110
495 497
4 222
0 120
0 151
0 1392
0 230
7 86
5 78
2111 2339
0 9
3 1021
0 318
2 308
0 279
0 762
2 88
5 721
0 1027
3 500
0 89
1 86
15 159
10 733
678 725
0 276
2 497
7 1130
1 456
1 654
4 777
0 53
0 340
471 475
2 142
16 694
6 41
3 90
587 588
8 588
9 588
2 214
2 67
12 588
1 327
3 342
0 588
191 193
1 161
6 90
14 588
6 41
18 322
2 718
2 142
15 567
2 588
6 113
0 120
7 588
2 567
5 588
29 588
26 483
24 588
209 218
577 588
10 282
264 282
26 588
203 218
5 327
23 24
0 274
5 274
4 214
1 142
4 90
88 90
2 228
3 567
1 229
546 567
9 343
16 228
5 327
0 43
6 386
37 694
10 228
6 475
9 588
21 475
17 946
2 475
4 567
1 457
5 327
4 483
8 343
0 116
14 475
200 228
1 342
27 327
525 560
12 229
8 99
1 588
6 43
41 43
0 168
6 141
0 483
0 16
9 588
0 386
12 334
3 588
4 588
5 588
1 588
0 90
549 588
0 271
538 588
8 386
0 67
528 560
324 342
9 454
8 588
5 588
1 211
29 694
42 694
9 228
2 327
570 588
17 752
1 53
2 229
20 588
4 41
2 374
0 334
2 588
20 475
5 110
0 229
1 58
22 588
2 142
6 153
3 334
3 116
6 118
571 588
6 386
5 327
3 142
14 228
10 156
2 588
6 588
3 327
12 343
146 153
29 475
0 588
0 99
0 588
10 588
538 574
11 694
2 90
11 694
0 56
22 560
323 342
21 322
0 752
13 588
15 327
2 193
21 454
0 342
1 67
5 327
9 588
2 229
0 342
63 67
22 2673
2 211
22 483
7 327
3 228
4 33
880 962
4 1539
0 125
0 120
73 80
1 816
0 554
1 176
3 406
0 66
0 473
0 977
0 844
0 290
462 502
3 88
3 275
3 147
5 515
1 1205
5 1403
0 1695
6 605
5 605
6 1347
11 1347
23 1516
0 295
0 473
0 59
3 1021
758 788
222 228
4 1110
2 88
3 768
3 476
15 337
0 340
1577 1695
4 127
0 308
4 378
0 241
0 452
1 284
5 1900
0 1900
3 3101
0 3101
0 6
7 218
25 664
0 158
0 423
11 951
824 951
0 623
0 399
17 1577
3 278
5 214
18 2150
19 2150
1 145
0 404
0 1074
6 336
0 362
3 594
0 216
2 439
496 527
22 1386
2 639
35 762
0 625
1 625
0 725
0 395
0 1036
9 1042
1 393
6 1539
1 368
15 1539
111 117
581 632
18 1042
1 518
1 567
2 452
1 1071
0 347
1 303
0 120
24 270
12 2237
37 2237
17 2237
2 2237
18 2237
1 233
1461 1552
0 409
0 1230
2 1230
26 853
0 400
0 126
0 446
11 857
0 973
1 274
2 274
0 3390
12 3390
10 3390
4 3390
0 584
9 890
4 626
203 216
0 1346
0 247
265 287
68 79
0 196
176 191
262 7353
256 7353
62 7353
419 7353
131 7353
65 7353
195 7353
163 7353
235 7353
443 7353
261 7353
132 7353
340 7353
153 7353
194 7353
138 7353
2 141
9 2466
12 2466
13 2466
11 2466
6 1456
207 10604
97 10604
237 10604
89 10604
113 10604
282 10604
121 10604
116 10604
182 10604
191 10604
69 10604
67 10604
179 10604
106 10604
139 10604
151 10604
9 1655
5 1655
0 407
4 1162
6 1162
2 1162
3 1162
462 479
589 623
1 87
23 564
14 391
0 295
0 590
1 508
1680 1695
1 47
757 788
741 788
746 788
744 788
745 788
1 788
0 788
742 788
756 788
3 230
4 739
1 436
15 1695
0 247
625 626
12 567
114 115
42 48
0 344
2 684
46 764
1 582
22 1072
4 1862
3 1862
9 369
816 876
1 625
1 233
6 937
10 937
6 937
0 230
2 421
4 272
6 218
1 812
13 826
1 919
1 887
1 1072
16 2339
8 958
9 958
13 1623
139 141
3 792
3 811
2 2330
0 2330
5 247
16 974
10 120
0 182
0 423
0 1967
0 30
4 384
3 549
1135 1153
0 497
1 188
2 498
7 157
4 157
14 2339
5 950
56 57
0 135
9 473
0 962
4 448
0 163
4 414
4 1161
1 1161
2 1161
0 117
0 96
25 1403
1 1346
1 139
47 1110
1 473
1 318
0 318
3 700
158 162
0 1967
6 1539
6 1539
2 106
5 5662
7 5662
3 5662
4 5662
2 5662
15 1536
1449 1536
12 625
26 2565
24 2565
25 2565
20 2565
21 2565
16 2565
1744 1747
11 384
4 183
13 1249
8 1249
0 87
13 812
745 746
24 2128
4 2128
2 2128
7 473
0 67
122 124
1 178
0 764
1 379
6 2396
0 2396
1 2396
18 890
20 890
22 890
0 38
12 2407
5 2407
4 2407
18 2407
3 735
1 581
0 581
0 385
1 385
9 615
1 139
0 641
1 448
3 1064
12 1064
11 2225
3 89
0 941
0 89
0 1419
3 452
2 80
7 554
1 89
6 1294
13 1294
8 381
95 1948
116 1948
78 1948
110 1948
2 962
1 448
1 352
136 137
2 594
5 1708
3 1708
278 287
0 25
11 816
1 626
0 90
74 2339
0 1536
8 233
0 69
8 319
2 796
0 446
16 527
0 142
1 369
1 153
557 590
10 385
206 413
0 446
5 2395
11 2395
394 404
295 592
20 2163
18 2163
24 2163
2 55
17 191
15 2423
13 2423
25 2423
2 344
168 196
438 452
1324 1403
0 1205
1 1205
4 1014
1 294
2 448
85 86
4 395
20 844
0 844
4 303
1295 1360
1 812
106 107
0 562
5 479
8 467
1702 1733
34 1733
35 1733
75 80
718 739
14 446
123 247
0 389
0 733
8 215
5 295
13 431
0 175
6 130
11 187
3 135
1 284
12 371
3 330
6 1724
2 1724
4 1724
14 549
2 919
1119 1139
1 896
0 896
0 437
0 103
10 264
8 261
1 264
0 648
42 1577
5 1501
14 1501
6 1501
609 617
9 1618
1 285
6 504
4 115
46 48
0 247
8 737
0 223
0 509
2 311
593 594
474 477
0 345
1 733
6 789
5 789
0 605
4 1747
2 347
25 1511
24 1511
0 362
19 147
0 307
137 139
132 139
1 382
1711 1766
736 788
3 788
2 788
4 788
746 788
0 788
1 788
733 788
5 788
20 694
2 694
3 307
165 174
9 371
1033 1077
0 537
10 178
94 103
1 290
36 3159
35 3159
17 3159
10 1331
24 50
0 716
1 508
28 1909
28 1909
28 1909
1 1618
1551 1618
0 384
1 384
0 102
1 94
4 585
15 474
527 535
0 261
294 295
156 169
1 148
4 183
17 876
1 733
18 1787
23 1787
12 1787
6 617
1 1553
3 1553
6 504
2 343
5 632
0 127
15 504
11 1083
2 65
5 1144
1 178
5 172
1 240
5 431
904 919
0 498
1 1618
1467 1475
4 368
3 26
6 1965
3 1965
4 1965
0 1965
5 1965
2 1965
12 125
1 175
1 55
3 379
1 229
4 229
0 230
5 1042
12 344
10 323
4 746
22 876
10 479
202 406
4 504
4 171
1 575
16 764
10 1913
1 1913
0 1057
2 269
1 173
324 344
0 772
9 242
4 1695
14 1695
3 382
9 764
0 175
0 94
0 811
0 394
0 1287
0 176
10 139
1 310
0 360
3 230
0 811
1 381
5 1129
13 1129
4 1129
1 638
14 1071
33 1410
44 1410
32 1410
0 811
0 497
32 37
0 285
1 305
1 256
0 360
116 233
622 623
0 1061
249 260
0 452
0 563
591 592
3 144
13 327
4 617
316 337
11 362
5797 5976
114 5976
207 5976
220 5976
211 5976
193 5976
292 5976
171 5976
159 5976
1012 1075
378 379
6 661
2 162
1 2517
10 431
5 100
0 1386
5 850
3 511
404 405
9 1102
4 1102
0 370
5 196
1 361
14 841
20 698
0 124
0 290
217 218
1 439
218 229
0 349
2 89
0 360
332 333
330 333
4 526
121 122
0 412
4 196
4 874
0 247
5 896
1 338
2 338
2 142
1778 1779
889 1779
1772 1779
1737 1779
6 1238
17 876
11 1853
15 1853
4 1853
0 592
555 564
9 173
6 1539
0 158
11 812
3 584
0 328
2 262
0 816
98 99
10 796
6 404
5 146
344 345
2 464
3 228
4 274
459 919
5 502
15 1110
2 122
6 446
8 518
0 141
8 585
1 561
2 2808
5 1357
28 1416
1 204
1 100
542 563
0 564
0 473
16 1110
2 339
163 327
0 308
14 295
0 587
1 777
13 558
148 149
5 209
0 279
17 962
0 3095
9 3095
3 3095
10 1617
0 1617
11 1617
5 1617
289 318
12 327
5 1767
12 1767
21 1767
10 1767
239 240
4 1071
7 522
0 1618
1 465
0 465
1 465
