3 384
5 375
1 392
0 576
2 576
9 776
4 776
460 511
6 2287
3 2287
6 745
1 745
16 914
0 338
9 448
2 691
1 691
0 183
5 914
17 1155
40 1155
1063 1155
1 1155
2 1155
1 1370
1 1623
52 7389
160 7389
376 7389
2 7389
6 7389
141 7389
95 7389
8 7389
73 7389
46 7389
385 7389
3 2339
2 615
54 1288
2 176
13 1265
31 1265
6 1265
119 150
0 79
2 1983
3 1983
4 1983
110 1983
7 269
6 397
47 1208
34 1208
22 1208
26 1474
8 240
11 448
3 558
1 1113
0 1113
0 79
5 305
18 400
0 388
6 590
1 1483
4 152
139 152
1 796
1527 1536
0 805
0 276
25 328
7 1267
5 1267
26 1267
11 1267
14 1267
4 522
2 198
1 1013
0 1013
139 152
0 1303
2 1008
3 1008
2 327
1 562
8 737
8 737
234 264
158 175
0 44
0 89
3 1913
1 1913
3 1539
16 973
3 855
0 301
8 7645
224 7645
14 7645
3 7645
18 7645
178 7645
82 7645
25 7645
32 7645
16 7645
17 7645
4 7645
28 7645
2 7645
7 7645
1 7645
13 7645
12 7645
89 7645
10 7645
392 9306
13 9306
8 9306
127 9306
30 9306
270 9306
2 9306
137 9306
3 9306
254 9306
4 9306
26 9306
9 9306
283 9306
5 9306
363 9306
407 9306
74 9306
37 3760
229 3760
137 3760
40 3760
71 3760
56 3760
38 3760
87 3760
6 689
6 295
62 1454
25 1454
9 1454
11 1454
1 626
0 203
0 405
0 794
2 794
1 844
631 657
1 1110
13 150
1 1071
0 812
0 812
0 422
38 896
2 395
10 2339
0 135
4 324
1 721
6 79
2 204
0 811
1 368
0 380
0 380
2 384
7 152
0 98
67 68
2 446
0 777
3 777
0 884
882 884
0 1514
851 876
317 348
0 169
5 663
4 663
2 303
6 240
0 441
6 1474
0 733
3 1077
0 404
0 973
0 138
15 1618
5 567
814 876
1 176
0 2150
11 2150
30 876
2 311
9 1597
6 1597
15 1597
8 1597
1 618
0 98
0 184
10 776
4 776
1 497
55 57
3 392
17 670
11 670
3 392
445 511
2 247
0 876
1 344
3 965
1529 1539
0 509
4 215
5 176
4 215
2 215
7 1386
1 283
0 764
0 465
0 792
3 10782
22 10782
4 10782
6 10782
86 10782
34 10782
45 10782
201 10782
53 10782
40 10782
42 10782
216 10782
18 10782
85 10782
59 10782
12 10782
62 10782
35 10782
81 10782
7 10782
43 10782
15 10782
25 10782
13 10782
42 10782
116 10782
1 224
12 767
3 144
57 540
3 2510
0 2510
258 269
3 269
0 1269
1 1269
2 919
0 782
10 448
0 931
1 931
1 247
0 89
19 2038
1 2038
0 2038
0 446
8 737
5 1898
4 1898
7 584
5 1360
3 2257
4 2257
0 1695
1973 2339
20 1072
2 746
1 746
1 2150
12 2150
34 3410
3 3410
14 3410
3 746
1 2150
16 2150
10 764
2 746
0 456
30 590
24 2449
16 2449
24 191
11 777
6 266
1 1027
2 976
8 976
10 3000
34 3000
11 3000
41 3000
33 3000
8 3000
0 202
0 456
6 777
1 381
0 295
3 186
415 441
0 94
7 68
1 287
4 240
5 142
8 240
1 655
0 1197
6 2831
5 2831
3 2831
1 2831
1 1331
5 4210
41 4210
80 4210
26 4210
77 4210
82 4210
39 4210
1 4210
48 4210
171 4210
236 4210
0 20
2 209
0 677
4 677
1 1547
12 1547
3 888
27 888
0 344
1 413
7 1012
4 1012
8 1012
1 269
0 467
3 504
14 1110
2 585
5 2128
1 2128
7 2128
2 960
1 1483
13 1536
6 1536
2 1110
2 1069
3 1069
4 1069
2 1014
718 811
1 1110
3 423
0 93
174 183
1 384
3 724
7 2375
2 2375
6 2375
0 178
16 788
3 788
11 788
5 788
25 788
0 788
1 788
14 788
4 788
1 203
22 226
0 4949
2 4949
6 4949
36 4949
91 4949
10 4949
76 4949
0 120
45 2150
1 2150
14 2150
1 653
6 689
3 2955
1 2955
53 2955
4 2955
12 2955
2 2955
114 2955
0 1695
0 439
0 439
6 225
2 2163
3 2163
199 13875
50 13875
5 13875
39 13875
33 13875
104 13875
20 13875
8 13875
477 13875
14 13875
13128 13875
57 13875
101 13875
77 13875
8 2339
2 222
2 150
2 1164
5 1164
16 1164
0 2347
1 2347
3 2347
2 2347
0 633
0 384
21 3126
20 3126
33 3126
9 3126
4 3126
14 3126
15 3126
6 1078
1 1078
0 1078
238 267
3 1926
470 526
4 812
8 858
7 5657
4 5657
15 5657
9 5657
10 5657
3 5657
120 5657
55 5657
27 1042
3 423
2 218
1 172
16 1307
861 1021
4 384
1 400
5 240
3 247
1 176
0 247
2 124
1 618
0 247
3 1708
2 1708
1 1708
0 1708
0 762
1 762
5 152
9 371
2 264
2 442
0 442
8 389
51 5642
7 5642
1 5642
164 5642
210 5642
54 5642
14 5642
4 416
2 223
1 86
8 543
8 1403
3 1403
4 679
1 2517
0 87
2 689
1 336
0 89
0 153
12 1403
7 1963
18 1963
5 2002
10 2002
2 2002
10 147
8 147
3 163
252 264
1 1539
262 264
5 590
0 181
227 241
0 465
736 764
26 764
11 764
7 295
0 1652
1 1652
0 1967
1 86
0 1110
2 1183
0 1183
3 1183
0 876
0 389
3 1124
1 1124
1 1014
0 961
3 961
1 961
0 526
0 359
34 1130
0 257
5 1386
1 842
25 1042
0 257
5 2403
53 2403
20 2403
0 106
4 375
6 617
2 270
17 270
5 340
1 327
0 380
6 518
8 587
7 587
0 384
0 424
3 264
655 699
1 1317
4 1317
9 1317
10 120
3 594
0 538
0 603
0 1130
1 344
6 240
0 1241
0 122
2 855
6 1898
1 1898
5 1898
4 1898
5 384
16 17
22 914
0 777
6 163
19 4713
11 4713
3 4713
4344 4713
4 4713
18 4713
0 44
3 2150
10 2150
1 2150
0 2150
10 402
240 266
2 781
3 781
0 781
8 781
19 664
1 689
0 874
0 796
1 796
122 1464
4 1464
10 1464
0 548
3 382
11 233
2 663
3 257
471 506
11 1012
3 257
0 626
0 371
769 782
76 3816
6 3816
1 3816
0 3816
3 3816
27 3816
7 3816
4 340
2 1347
6 1347
0 149
1 554
0 364
4 364
272 295
4 435
7 695
2 1247
1 1247
6 423
3 914
0 265
7 631
6 631
3 186
1 518
168 171
465 511
1 431
0 2308
2 2308
1 2303
15 2303
8 145
5 145
6 145
2 467
12 518
1 405
13 318
11 423
3 324
50 389
1 8726
6 8726
203 8726
10 8726
125 8726
8 8726
325 8726
23 8726
68 8726
84 8726
0 8726
29 8726
41 8726
0 422
1 108
0 456
0 1036
1 1036
16 391
1 344
2 679
2 154
365 397
10 3066
9 3066
65 3066
4 1214
5 1214
42 1595
51 1595
25 764
0 457
0 368
0 376
2 209
0 209
1 1191
0 1191
18 592
3 378
7 141
0 389
3 446
1 264
0 526
18 1110
1093 12734
54 12734
955 12734
1011 12734
109 12734
151 12734
12311 12734
145 12734
78 12734
230 12734
26 12734
10 12734
104 12734
39 12734
76 12734
197 12734
47 12734
185 12734
7 203
1 89
0 653
2 295
0 841
0 441
379 384
0 876
73 1264
1176 1264
1262 1264
1 404
0 1483
0 1110
5 590
5 590
235 264
0 107
2 1386
0 148
0 89
6 842
38 461
0 669
1 669
8 737
654 699
9 423
8 737
0 107
0 107
0 148
0 473
13 2629
98 2629
4 2629
8 2629
1 384
3 1589
1 1589
0 1589
1 113
0 2696
1 2696
4 2696
0 774
27 664
109 987
4 987
9 987
6 4344
1 4344
18 4344
28 4344
8 4344
2 4344
3 4344
2 222
0 626
31 1376
19 1376
22 1376
32 1376
2 558
7 680
4 680
9 234
1 177
2 177
5 384
413 441
405 441
1 376
0 1511
1 1511
2 522
5 522
1 169
1 737
24 664
5 479
0 2238
4 2238
22 2238
5 2238
27 1074
8 737
0 762
12 2517
739 788
10 2300
2 2300
0 762
0 618
0 183
21 270
8 558
0 252
11 295
9 1913
64 1913
3 656
7 656
6 656
5 240
1 423
4 764
4 373
11 446
1 357
11 423
0 632
3 590
0 562
9 456
0 9
293 587
0 562
22 1014
0 774
0 404
0 567
0 1407
0 594
1 690
0 690
2 250
1 127
31 295
3 2725
1 2725
0 2725
2 2725
5 2725
0 442
1 442
4 518
1 508
0 269
4 269
0 38
5 6094
2 6094
0 6094
4 6094
76 6094
2 1370
18 2737
17 2737
64 1409
4 526
7 465
1 339
1 960
0 960
348 382
1 295
0 404
0 431
1 1536
1 615
0 844
0 308
2 504
3 560
1 730
0 730
1 764
1 1701
9 240
3 283
5 596
1 392
1 2339
0 2339
0 303
0 461
534 563
22 438
1 122
1 980
0 980
2 845
0 665
8 378
1 352
1 889
12 889
0 189
0 431
0 751
2 526
17 1955
13 1955
18 1955
10 1955
4 1955
16 1955
21 9453
8847 9453
5 9453
34 9453
15 9453
4 9453
13 9453
8 9453
19 9453
17 9453
18 9453
6 9453
6 9453
14 9453
2 9453
11 3604
62 3604
3 3604
3395 3604
2 3604
7 2982
14 2982
16 2982
5 2982
11 2982
1 1152
0 499
0 181
1 181
243 249
23 613
4 395
1 575
1 122
1 1114
3 1114
265 283
280 283
0 241
4 55
8 655
4 1887
7 1887
3 1887
114 7512
42 7512
73 7512
76 7512
31 7512
18 7512
51 7512
146 7512
242 7512
346 7512
145 7512
105 7512
132 7512
495 7512
197 7512
7 328
1 623
0 106
6 82
1 305
0 196
4 151
7 439
4 328
1 2031
1 4370
0 4370
4 4370
3 4370
6 4370
9 4370
5 4370
2 4370
1 340
0 360
0 269
1 413
1 887
1 187
0 187
3 534
3 1539
1 726
7 257
2 202
20 764
37 764
0 473
0 729
2 729
1 729
1 174
4 593
0 326
4 282
53 59
18 2849
14 2849
19 2849
2 2849
2 225
1 435
0 435
0 522
8 146
7 479
2 399
3 587
0 562
16 788
9 788
21 788
13 788
15 788
0 788
1 788
18 788
14 788
429 473
6 473
3 1528
0 1528
1 1904
2 1904
9 733
0 219
18 2417
196 2417
37 594
8 594
24 594
4 620
3 620
0 476
1 476
2 405
1637 1695
1 91
0 91
0 1223
2 1223
3 1223
6 479
1 328
5 1879
11 1879
51 4834
24 4834
16 4834
13 4834
22 4834
11 4834
0 145
25 739
1 336
22 361
7 177
0 413
706 759
1 191
1 191
2 240
7 233
155 177
0 176
3 318
3 807
1 807
3 761
0 446
0 931
1 931
0 1074
3 812
239 287
21 764
3 1043
0 857
1 922
0 558
4 558
0 279
144 173
1 130
2 617
1 617
0 1707
8 1707
2 4275
1 4275
18 4275
3 4275
7 4275
0 1149
1 1149
3 1149
1 2971
6 2971
0 336
275 318
1 1026
1 92
0 92
1 311
0 161
0 774
5 127
0 379
0 400
4 428
7 381
1 562
0 497
2 393
2 279
2 323
11 395
1 223
0 362
451 509
0 2434
9 716
1 388
6 233
0 484
0 484
0 484
4 1075
6 1075
6 1075
8 1075
1 118
0 114
39 844
28 844
0 306
2 1742
1 1742
0 1742
14 441
0 655
660 764
0 509
3356 3737
6 3737
1 3737
0 3737
1 562
2132 2181
1 338
1 40
1 379
2 405
2 474
0 98
0 1143
5 368
663 699
0 343
7 126
1 1644
124 1644
1 767
2 767
721 767
1 20
14 310
0 354
2 61
1 297
45 727
5 395
0 1618
0 233
7 381
0 473
212 217
0 152
688 768
0 171
0 567
0 301
0 461
17 788
6 788
21 788
11 788
22 788
0 788
1 788
19 788
12 788
1 405
0 653
1 139
0 324
0 973
2 1386
0 633
19 664
0 1618
4 395
0 295
9 344
4 230
2042 2219
0 385
21 527
6 1926
9 1926
3 548
0 919
4 699
14 472
2 327
0 821
3 821
2 821
1 526
0 567
6 1012
7 1012
5 1012
1 562
12 739
0 266
5 227
0 241
12 635
12 391
0 177
0 407
4 435
18 535
7 527
6 371
9 371
0 240
0 57
260 297
10 262
2 361
26 1312
0 84
2 287
12 509
2 585
0 592
93 812
2038 2339
4 290
0 948
1 948
1 448
971 973
1 360
11 389
66 1646
1 2101
2 2101
6 2101
19 2101
811 876
4 472
4 265
3 777
2 502
1 137
4 209
3 144
1 183
0 370
133 135
1 120
5 962
10 721
0 114
3 3218
3 1747
0 231
1 1110
0 153
1 290
1 397
322 325
7 319
4 382
15 5267
4 5267
1 5267
11 5267
20 5267
6 5267
31 5267
19 5267
3 5267
10 5267
0 5267
2 5267
18 5267
14 5267
0 1034
5 1034
0 2191
1 2191
0 247
0 247
1 1416
69 1027
0 319
0 1042
0 384
0 163
0 127
2 484
0 900
0 544
0 265
0 368
0 930
1 2416
0 2416
4 2416
12 919
1 407
0 382
0 247
0 233
2 1183
0 1183
1 1183
1 1185
0 382
1 340
2 3763
0 3763
6 177
1 477
0 141
1 242
0 295
1 295
2 395
609 615
0 308
0 1695
12 511
0 227
0 257
9 2339
1 395
1 359
4 761
2 257
0 176
2 336
0 195
1 365
9 240
1 230
2 196
16 338
10 1116
39 1116
0 1124
0 300
18 1623
39 906
0 57
0 188
0 1057
0 233
1 721
6 318
3 735
628 699
0 446
0 310
0 165
2 465
2 1130
672 679
0 392
333 348
6 1898
5 1898
0 472
16 950
15 950
1 950
5 191
0 1695
0 324
0 282
0 861
4 1695
12 360
0 960
2 388
0 1701
1 453
0 453
0 247
0 461
16 295
3 1042
8 549
27 319
1 1110
1 2517
1 866
0 866
7 141
2 387
42 48
0 1791
1 1791
6 511
3 275
7 286
0 423
0 191
943 950
23 509
0 861
0 364
3 364
0 378
1 3651
0 364
2 364
0 298
0 679
1 654
2 177
581 605
5 392
1 392
0 569
0 43
3 414
1 272
2 327
2 2050
0 2050
1 2050
1 617
0 927
6 1268
2 1268
3 1268
3 1413
154 157
14 317
14 790
757 790
0 812
9 1077
8 584
3 562
6 1360
4 1695
10 405
11 587
4 127
1 1592
2 1592
0 1719
2 1719
1 1719
0 548
1 548
2 195
1 352
0 1043
29 2703
12 2703
59 2703
27 2703
20 1165
19 395
2 1323
0 1323
3 1323
6 1323
1 1323
0 118
0 165
3 663
16 451
13 1536
3 1526
1 1526
7 1526
0 116
15 327
2 587
4 139
0 325
1 1288
0 116
205 240
0 217
654 712
2 1386
36 2339
2 2517
9 381
256 284
0 183
10 295
0 2517
3 2339
45 465
0 247
1 2517
0 55
1 281
0 247
11 1360
1 461
11 3761
0 590
0 594
1 378
5 1539
0 108
59 4338
1499 1552
5 152
0 646
1 306
8 657
3 657
18 1042
414 421
1 1042
4 222
1 1034
0 270
0 1104
0 486
0 502
1 57
747 816
3 2365
2 1074
0 187
1 2236
2 2236
3 2236
0 2236
3 405
9 1110
2 497
5 222
0 120
0 151
0 1392
0 230
75 86
2 78
112 2339
0 9
1 1021
0 318
1 308
1 279
0 762
3 88
2 721
0 1027
2 500
0 89
1 86
9 159
11 733
11 725
0 276
1 497
5 1130
0 456
0 654
0 777
0 53
0 340
458 475
1 142
0 694
0 41
0 90
34 588
12 588
3 588
3 214
0 67
1 588
1 327
1 342
0 588
10 193
0 161
3 90
3 588
6 41
12 322
2 718
2 142
20 567
2 588
2 113
0 120
3 588
2 567
7 588
8 588
4 483
9 588
2 218
536 588
8 282
5 282
16 588
7 218
3 327
22 24
0 274
6 274
1 214
1 142
2 90
88 90
1 228
9 567
0 229
34 567
5 343
211 228
1 327
0 43
8 386
35 694
201 228
1 475
4 588
428 475
10 946
0 475
0 567
1 457
2 327
1 483
4 343
0 116
0 475
1 228
0 342
21 327
16 560
214 229
0 99
3 588
40 43
6 43
0 168
2 141
1 483
0 16
15 588
0 386
20 334
1 588
2 588
2 588
1 588
0 90
13 588
0 271
547 588
11 386
0 67
537 560
22 342
1 454
0 588
1 588
0 211
23 694
42 694
10 228
7 327
562 588
4 752
0 53
0 229
12 588
4 41
0 374
0 334
1 588
4 475
10 110
0 229
0 58
12 588
1 142
137 153
2 334
2 116
110 118
551 588
3 386
3 327
2 142
9 228
10 156
2 588
4 588
1 327
4 343
5 153
433 475
0 588
0 99
0 588
3 588
534 574
0 694
1 90
22 694
0 56
20 560
15 342
5 322
0 752
569 588
22 327
1 193
12 454
0 342
0 67
0 327
8 588
0 229
0 342
0 67
18 2673
0 211
6 483
3 327
6 228
4 33
5 962
0 1539
0 125
0 120
4 80
1 816
0 554
1 176
2 406
0 66
0 473
0 977
0 844
0 290
8 502
2 88
2 275
1 147
5 515
0 1205
3 1403
0 1695
4 605
3 605
8 1347
3 1347
15 1516
0 295
0 473
0 59
2 1021
735 788
5 228
0 1110
1 88
0 768
1 476
1 337
0 340
54 1695
4 127
0 308
2 378
0 241
0 452
0 284
1 1900
0 1900
2 3101
0 3101
0 6
4 218
9 664
0 158
0 423
3 951
11 951
0 623
0 399
3 1577
0 278
1 214
5 2150
0 2150
0 145
0 404
0 1074
1 336
0 362
4 594
0 216
0 439
0 527
3 1386
1 639
29 762
0 625
1 625
0 725
0 395
0 1036
3 1042
1 393
4 1539
1 368
2 1539
105 117
9 632
4 1042
0 518
0 567
2 452
1 1071
0 347
0 303
0 120
25 270
14 2237
12 2237
1 2237
0 2237
2 2237
0 233
1541 1552
0 409
0 1230
2 1230
3 853
1 400
0 126
0 446
12 857
0 973
0 274
1 274
5 3390
28 3390
7 3390
2 3390
0 584
7 890
1 626
3 216
0 1346
0 247
3 287
2 79
0 196
13 191
130 7353
145 7353
43 7353
7262 7353
149 7353
11 7353
261 7353
103 7353
126 7353
7043 7353
82 7353
92 7353
94 7353
105 7353
35 7353
24 7353
0 141
2 2466
1 2466
3 2466
0 2466
0 1456
108 10604
232 10604
97 10604
36 10604
500 10604
74 10604
68 10604
25 10604
147 10604
125 10604
21 10604
130 10604
63 10604
33 10604
93 10604
42 10604
9 1655
4 1655
0 407
2 1162
6 1162
1 1162
3 1162
2 479
13 623
0 87
1 564
345 391
0 295
0 590
0 508
1693 1695
1 47
18 788
16 788
735 788
15 788
717 788
6 788
1 788
12 788
716 788
1 230
0 739
0 436
4 1695
0 247
0 626
9 567
4 115
1 48
0 344
6 684
42 764
1 582
17 1072
9 1862
0 1862
3 369
29 876
1 625
0 233
1 937
2 937
3 937
0 230
1 421
0 272
3 218
1 812
28 826
0 919
0 887
1 1072
130 2339
2 958
1 958
1 1623
2 141
0 792
1 811
1 2330
0 2330
1 247
3 974
117 120
0 182
2 423
0 1967
0 30
2 384
4 549
13 1153
0 497
4 188
1 498
5 157
1 157
6 2339
10 950
1 57
0 135
0 473
0 962
1 448
0 163
0 414
3 1161
0 1161
2 1161
0 117
7 96
0 1403
0 1346
1 139
59 1110
0 473
1 318
0 318
1 700
0 162
0 1967
4 1539
0 1539
0 106
5 5662
4 5662
3 5662
2 5662
0 5662
4 1536
11 1536
2 625
14 2565
10 2565
11 2565
4 2565
13 2565
7 2565
94 1747
6 384
6 183
8 1249
6 1249
0 87
0 812
4 746
7 2128
0 2128
4 2128
0 473
0 67
2 124
7 178
0 764
0 379
3 2396
0 2396
1 2396
12 890
11 890
7 890
0 38
0 2407
5 2407
3 2407
7 2407
0 735
1 581
0 581
0 385
2 385
3 615
1 139
0 641
8 448
1 1064
0 1064
3 2225
1 89
0 941
0 89
0 1419
14 452
2 80
5 554
0 89
0 1294
8 1294
344 381
45 1948
70 1948
19 1948
12 1948
12 962
0 448
0 352
1 137
0 594
1 1708
0 1708
1 287
0 25
0 816
0 626
0 90
19 2339
0 1536
3 233
1 69
2 319
0 796
0 446
0 527
0 142
0 369
0 153
4 590
3 385
406 413
0 446
1 2395
0 2395
1 404
295 592
29 2163
25 2163
87 2163
1 55
170 191
0 2423
4 2423
3 2423
1 344
1 196
1 452
15 1403
1 1205
0 1205
1 1014
2 294
2 448
7 86
0 395
2 844
0 844
0 303
3 1360
0 812
0 107
0 562
1 479
7 467
21 1733
36 1733
32 1733
1 80
5 739
0 446
245 247
0 389
0 733
2 215
4 295
2 431
0 175
5 130
5 187
1 135
1 284
2 371
3 330
3 1724
0 1724
1 1724
2 549
4 919
1039 1139
1 896
0 896
0 437
0 103
0 264
1 261
0 264
0 648
6 1577
0 1501
3 1501
1 1501
558 617
2 1618
0 285
4 504
2 115
47 48
0 247
0 737
0 223
0 509
0 311
47 594
2 477
0 345
1 733
5 789
1 789
0 605
0 1747
0 347
7 1511
4 1511
0 362
12 147
0 307
9 139
7 139
0 382
81 1766
752 788
3 788
13 788
9 788
760 788
0 788
1 788
738 788
5 788
13 694
1 694
277 307
2 174
1 371
1 1077
0 537
5 178
0 103
0 290
12 3159
13 3159
7 3159
2 1331
44 50
0 716
1 508
35 1909
52 1909
27 1909
0 1618
1 1618
0 384
0 384
0 102
0 94
0 585
0 474
494 535
0 261
288 295
1 169
0 148
1 183
3 876
1 733
7 1787
5 1787
4 1787
5 617
0 1553
1 1553
3 504
0 343
1 632
0 127
6 504
8 1083
2 65
1 1144
0 178
1 172
2 240
2 431
14 919
0 498
0 1618
1461 1475
13 368
3 26
14 1965
6 1965
2 1965
0 1965
4 1965
3 1965
1 125
0 175
51 55
1 379
0 229
0 229
0 230
0 1042
1 344
6 323
2 746
35 876
5 479
404 406
2 504
154 171
1 575
27 764
9 1913
1 1913
0 1057
1 269
0 173
13 344
0 772
0 242
3 1695
5 1695
2 382
1 764
0 175
0 94
0 811
0 394
0 1287
0 176
15 139
0 310
0 360
1 230
0 811
1 381
1 1129
18 1129
4 1129
0 638
0 1071
31 1410
21 1410
22 1410
0 811
0 497
1 37
0 285
1 305
2 256
0 360
232 233
14 623
0 1061
1 260
0 452
0 563
10 592
2 144
1 327
0 617
5 337
4 362
5967 5976
59 5976
29 5976
66 5976
69 5976
33 5976
79 5976
65 5976
27 5976
8 1075
8 379
22 661
0 162
1 2517
3 431
2 100
0 1386
2 850
0 511
2 405
2 1102
0 1102
0 370
2 196
1 361
18 841
6 698
0 124
0 290
208 218
0 439
17 229
0 349
0 89
0 360
10 333
11 333
0 526
0 122
0 412
1 196
0 874
0 247
0 896
1 338
2 338
0 142
93 1779
100 1779
38 1779
1769 1779
1 1238
33 876
59 1853
12 1853
1 1853
0 592
1 564
0 173
3 1539
0 158
1 812
5 584
0 328
3 262
1 816
0 99
14 796
1 404
2 146
5 345
425 464
2 228
2 274
902 919
1 502
1 1110
1 122
13 446
4 518
0 141
3 585
3 561
1 2808
1 1357
23 1416
1 204
0 100
34 563
0 564
0 473
6 1110
0 339
163 327
1 308
5 295
0 587
0 777
7 558
2 149
6 209
0 279
0 962
1 3095
4 3095
2 3095
15 1617
0 1617
9 1617
2 1617
2 318
2 327
3 1767
11 1767
4 1767
1 1767
9 240
0 1071
0 522
0 1618
1 465
0 465
1 465
