2 384
5 375
2 392
0 576
3 576
8 776
7 776
434 511
9 2287
10 2287
6 745
1 745
25 914
0 338
6 448
2 691
1 691
0 183
7 914
19 1155
45 1155
1114 1155
0 1155
2 1155
1 1370
2 1623
55 7389
195 7389
181 7389
5 7389
7 7389
106 7389
186 7389
14 7389
198 7389
121 7389
561 7389
2 2339
4 615
30 1288
3 176
24 1265
35 1265
9 1265
8 150
0 79
0 1983
4 1983
3 1983
128 1983
5 269
6 397
46 1208
21 1208
29 1208
25 1474
8 240
4 448
7 558
3 1113
0 1113
0 79
6 305
12 400
0 388
7 590
2 1483
4 152
6 152
4 796
1474 1536
0 805
0 276
27 328
19 1267
12 1267
24 1267
9 1267
22 1267
4 522
5 198
0 1013
1 1013
142 152
0 1303
3 1008
5 1008
3 327
1 562
9 737
8 737
237 264
9 175
0 44
0 89
3 1913
1 1913
4 1539
19 973
7 855
0 301
12 7645
58 7645
17 7645
7 7645
14 7645
186 7645
195 7645
42 7645
92 7645
20 7645
23 7645
8 7645
71 7645
5 7645
3 7645
4 7645
19 7645
11 7645
94 7645
6 7645
495 9306
6 9306
12 9306
206 9306
15 9306
333 9306
2 9306
192 9306
4 9306
274 9306
3 9306
39 9306
14 9306
339 9306
11 9306
418 9306
419 9306
34 9306
32 3760
205 3760
111 3760
35 3760
78 3760
67 3760
45 3760
110 3760
14 689
4 295
34 1454
11 1454
9 1454
10 1454
1 626
0 203
0 405
0 794
2 794
1 844
631 657
4 1110
10 150
0 1071
0 812
0 812
0 422
4 896
3 395
7 2339
0 135
5 324
1 721
74 79
1 204
0 811
1 368
0 380
0 380
3 384
8 152
0 98
67 68
1 446
2 777
3 777
0 884
880 884
0 1514
24 876
0 348
0 169
10 663
5 663
3 303
6 240
0 441
7 1474
0 733
2 1077
1 404
0 973
0 138
19 1618
5 567
21 876
1 176
1 2150
22 2150
31 876
2 311
16 1597
6 1597
14 1597
8 1597
4 618
0 98
0 184
8 776
5 776
2 497
5 57
3 392
17 670
0 670
4 392
23 511
2 247
0 876
1 344
4 965
1538 1539
0 509
5 215
5 176
4 215
2 215
28 1386
1 283
0 764
0 465
0 792
8 10782
36 10782
5 10782
4 10782
50 10782
53 10782
51 10782
158 10782
30 10782
14 10782
43 10782
293 10782
20 10782
101 10782
71 10782
37 10782
56 10782
25 10782
96 10782
11 10782
19 10782
16 10782
49 10782
44 10782
43 10782
69 10782
1 224
7 767
3 144
68 540
5 2510
0 2510
237 269
4 269
1 1269
0 1269
1 919
0 782
6 448
0 931
1 931
1 247
1 89
20 2038
1 2038
0 2038
0 446
9 737
5 1898
4 1898
4 584
9 1360
4 2257
3 2257
1 1695
25 2339
11 1072
2 746
2 746
1 2150
11 2150
32 3410
2 3410
14 3410
4 746
1 2150
16 2150
11 764
4 746
0 456
26 590
9 2449
54 2449
13 191
2 777
1 266
1 1027
4 976
16 976
9 3000
27 3000
16 3000
44 3000
23 3000
21 3000
1 202
0 456
4 777
2 381
0 295
3 186
416 441
0 94
54 68
1 287
5 240
15 142
9 240
2 655
0 1197
6 2831
5 2831
2 2831
1 2831
4 1331
9 4210
25 4210
132 4210
33 4210
62 4210
116 4210
74 4210
3 4210
50 4210
125 4210
214 4210
0 20
4 209
1 677
4 677
1 1547
10 1547
6 888
35 888
0 344
0 413
11 1012
5 1012
14 1012
1 269
2 467
5 504
25 1110
2 585
5 2128
4 2128
6 2128
3 960
1 1483
22 1536
7 1536
11 1110
2 1069
3 1069
4 1069
2 1014
14 811
1 1110
3 423
1 93
175 183
0 384
2 724
8 2375
4 2375
7 2375
0 178
20 788
2 788
10 788
6 788
723 788
0 788
1 788
18 788
4 788
1 203
204 226
0 4949
2 4949
5 4949
36 4949
88 4949
7 4949
63 4949
0 120
50 2150
1 2150
14 2150
1 653
9 689
3 2955
1 2955
24 2955
4 2955
23 2955
2 2955
70 2955
2 1695
0 439
0 439
17 225
2 2163
3 2163
178 13875
41 13875
6 13875
12 13875
19 13875
147 13875
24 13875
18 13875
192 13875
23 13875
13365 13875
79 13875
85 13875
126 13875
10 2339
2 222
3 150
2 1164
5 1164
16 1164
0 2347
1 2347
3 2347
2 2347
0 633
0 384
23 3126
14 3126
35 3126
10 3126
3 3126
17 3126
12 3126
4 1078
1 1078
0 1078
239 267
3 1926
480 526
10 812
11 858
5 5657
4 5657
14 5657
7 5657
10 5657
3 5657
82 5657
69 5657
33 1042
8 423
4 218
3 172
21 1307
968 1021
4 384
3 400
8 240
4 247
1 176
0 247
2 124
1 618
1 247
4 1708
3 1708
0 1708
1 1708
0 762
1 762
3 152
7 371
2 264
2 442
0 442
8 389
51 5642
9 5642
1 5642
345 5642
133 5642
56 5642
17 5642
9 416
4 223
2 86
16 543
8 1403
4 1403
10 679
1 2517
0 87
1 689
1 336
0 89
1 153
11 1403
9 1963
16 1963
5 2002
7 2002
2 2002
17 147
9 147
5 163
244 264
0 1539
6 264
5 590
0 181
206 241
0 465
56 764
26 764
11 764
7 295
0 1652
1 1652
0 1967
2 86
0 1110
4 1183
0 1183
3 1183
0 876
0 389
2 1124
4 1124
2 1014
0 961
3 961
1 961
0 526
0 359
40 1130
0 257
9 1386
1 842
35 1042
0 257
13 2403
65 2403
25 2403
0 106
5 375
7 617
5 270
18 270
7 340
2 327
0 380
5 518
9 587
6 587
0 384
0 424
2 264
633 699
2 1317
8 1317
3 1317
9 120
3 594
0 538
0 603
0 1130
1 344
7 240
0 1241
0 122
6 855
10 1898
7 1898
7 1898
4 1898
6 384
12 17
16 914
0 777
4 163
23 4713
11 4713
3 4713
4620 4713
4 4713
18 4713
0 44
10 2150
13 2150
2 2150
0 2150
10 402
5 266
2 781
5 781
1 781
9 781
17 664
2 689
0 874
0 796
2 796
113 1464
5 1464
9 1464
0 548
4 382
12 233
2 663
1 257
468 506
8 1012
4 257
0 626
0 371
768 782
41 3816
6 3816
5 3816
4 3816
0 3816
39 3816
8 3816
5 340
3 1347
7 1347
0 149
1 554
0 364
2 364
267 295
10 435
9 695
2 1247
1 1247
6 423
4 914
0 265
4 631
6 631
3 186
0 518
163 171
470 511
2 431
0 2308
4 2308
1 2303
12 2303
12 145
6 145
5 145
3 467
23 518
1 405
14 318
8 423
5 324
9 389
4 8726
7 8726
256 8726
18 8726
91 8726
9 8726
281 8726
27 8726
87 8726
62 8726
1 8726
13 8726
12 8726
0 422
1 108
0 456
0 1036
1 1036
28 391
1 344
7 679
2 154
373 397
11 3066
10 3066
58 3066
5 1214
4 1214
49 1595
45 1595
70 764
0 457
0 368
0 376
4 209
2 209
1 1191
0 1191
27 592
15 378
140 141
0 389
1 446
2 264
2 526
12 1110
1085 12734
64 12734
11919 12734
498 12734
104 12734
122 12734
11950 12734
55 12734
62 12734
120 12734
28 12734
7 12734
86 12734
24 12734
73 12734
163 12734
44 12734
239 12734
7 203
1 89
0 653
3 295
0 841
0 441
379 384
0 876
65 1264
1245 1264
1261 1264
1 404
0 1483
0 1110
6 590
5 590
258 264
0 107
1 1386
0 148
0 89
6 842
39 461
0 669
1 669
7 737
28 699
7 423
8 737
0 107
0 107
0 148
0 473
17 2629
100 2629
5 2629
13 2629
2 384
3 1589
1 1589
0 1589
2 113
1 2696
3 2696
5 2696
1 774
28 664
125 987
7 987
13 987
7 4344
3 4344
14 4344
21 4344
4 4344
2 4344
1 4344
2 222
1 626
37 1376
24 1376
28 1376
36 1376
4 558
6 680
10 680
8 234
1 177
1 177
5 384
405 441
30 441
1 376
1 1511
0 1511
2 522
13 522
0 169
1 737
25 664
6 479
0 2238
9 2238
18 2238
3 2238
30 1074
7 737
0 762
30 2517
740 788
10 2300
4 2300
0 762
0 618
0 183
18 270
9 558
2 252
12 295
20 1913
34 1913
6 656
8 656
11 656
5 240
1 423
3 764
9 373
17 446
1 357
7 423
1 632
7 590
1 562
6 456
0 9
293 587
1 562
15 1014
0 774
0 404
0 567
0 1407
0 594
1 690
0 690
2 250
1 127
294 295
4 2725
1 2725
0 2725
2 2725
5 2725
0 442
1 442
2 518
1 508
0 269
3 269
0 38
5 6094
3 6094
1 6094
4 6094
16 6094
4 1370
16 2737
41 2737
65 1409
10 526
4 465
1 339
1 960
0 960
13 382
0 295
0 404
0 431
1 1536
2 615
0 844
0 308
5 504
3 560
1 730
0 730
1 764
2 1701
10 240
5 283
6 596
2 392
1 2339
0 2339
0 303
0 461
535 563
18 438
1 122
0 980
1 980
1 845
0 665
8 378
1 352
4 889
3 889
0 189
0 431
0 751
3 526
11 1955
14 1955
20 1955
10 1955
6 1955
23 1955
16 9453
8788 9453
6 9453
26 9453
19 9453
4 9453
10 9453
3 9453
17 9453
9 9453
21 9453
7 9453
8 9453
5 9453
2 9453
4 3604
12 3604
2 3604
3441 3604
3 3604
6 2982
18 2982
15 2982
11 2982
16 2982
0 1152
1 499
0 181
1 181
235 249
17 613
4 395
2 575
1 122
2 1114
6 1114
277 283
277 283
0 241
48 55
3 655
1 1887
5 1887
3 1887
180 7512
114 7512
143 7512
124 7512
29 7512
85 7512
171 7512
199 7512
295 7512
280 7512
148 7512
212 7512
121 7512
260 7512
227 7512
5 328
2 623
0 106
7 82
2 305
1 196
5 151
6 439
3 328
3 2031
1 4370
0 4370
5 4370
2 4370
6 4370
9 4370
4 4370
3 4370
0 340
0 360
0 269
1 413
3 887
1 187
0 187
6 534
3 1539
1 726
5 257
3 202
17 764
7 764
0 473
0 729
2 729
1 729
1 174
3 593
0 326
4 282
57 59
23 2849
17 2849
15 2849
2 2849
4 225
1 435
0 435
0 522
129 146
9 479
3 399
2 587
1 562
27 788
14 788
38 788
23 788
31 788
1 788
0 788
33 788
30 788
30 473
3 473
6 1528
0 1528
1 1904
5 1904
5 733
0 219
34 2417
212 2417
31 594
14 594
12 594
5 620
3 620
0 476
1 476
2 405
1615 1695
2 91
0 91
1 1223
2 1223
3 1223
6 479
1 328
3 1879
5 1879
47 4834
17 4834
23 4834
14 4834
25 4834
16 4834
4 145
10 739
2 336
312 361
161 177
0 413
721 759
2 191
2 191
2 240
14 233
160 177
0 176
2 318
3 807
1 807
2 761
1 446
0 931
1 931
1 1074
9 812
18 287
28 764
7 1043
0 857
1 922
1 558
6 558
0 279
163 173
1 130
2 617
1 617
0 1707
8 1707
3 4275
1 4275
25 4275
8 4275
9 4275
0 1149
1 1149
3 1149
2 2971
5 2971
0 336
284 318
1 1026
1 92
0 92
1 311
0 161
0 774
5 127
0 379
0 400
369 428
8 381
1 562
1 497
6 393
2 279
5 323
366 395
0 223
0 362
479 509
0 2434
5 716
0 388
12 233
0 484
0 484
1 484
4 1075
7 1075
5 1075
8 1075
1 118
0 114
798 844
18 844
0 306
3 1742
2 1742
0 1742
8 441
0 655
79 764
0 509
3305 3737
5 3737
1 3737
0 3737
2 562
2137 2181
2 338
1 40
0 379
2 405
1 474
0 98
0 1143
10 368
664 699
0 343
9 126
1 1644
157 1644
1 767
0 767
724 767
0 20
281 310
0 354
1 61
1 297
703 727
5 395
0 1618
0 233
7 381
0 473
215 217
0 152
42 768
0 171
0 567
0 301
0 461
32 788
6 788
34 788
21 788
393 788
1 788
0 788
31 788
26 788
1 405
0 653
1 139
0 324
0 973
2 1386
0 633
35 664
0 1618
9 395
0 295
11 344
3 230
2062 2219
0 385
6 527
7 1926
7 1926
3 548
0 919
6 699
11 472
2 327
0 821
2 821
3 821
1 526
0 567
9 1012
6 1012
3 1012
3 562
10 739
0 266
5 227
0 241
14 635
2 391
0 177
0 407
4 435
12 535
5 527
9 371
4 371
0 240
0 57
281 297
4 262
2 361
40 1312
0 84
4 287
11 509
3 585
0 592
785 812
2177 2339
7 290
0 948
1 948
1 448
971 973
1 360
18 389
1539 1646
0 2101
2 2101
3 2101
11 2101
47 876
6 472
2 265
3 777
10 502
1 137
2 209
3 144
1 183
0 370
17 135
2 120
4 962
19 721
0 114
2 3218
3 1747
0 231
3 1110
0 153
1 290
2 397
321 325
11 319
6 382
16 5267
4 5267
0 5267
14 5267
20 5267
6 5267
31 5267
19 5267
3 5267
12 5267
1 5267
2 5267
18 5267
15 5267
0 1034
4 1034
0 2191
1 2191
0 247
0 247
1 1416
91 1027
0 319
0 1042
0 384
0 163
0 127
1 484
0 900
0 544
0 265
0 368
0 930
2 2416
0 2416
4 2416
10 919
2 407
0 382
0 247
0 233
1 1183
0 1183
2 1183
1 1185
0 382
1 340
3 3763
0 3763
9 177
2 477
0 141
7 242
0 295
1 295
2 395
603 615
0 308
0 1695
15 511
0 227
0 257
9 2339
3 395
0 359
4 761
4 257
0 176
2 336
1 195
1 365
10 240
1 230
2 196
1 338
5 1116
83 1116
0 1124
0 300
8 1623
44 906
0 57
0 188
0 1057
0 233
1 721
6 318
3 735
22 699
0 446
0 310
0 165
4 465
0 1130
663 679
0 392
325 348
6 1898
1 1898
0 472
13 950
25 950
7 950
9 191
1 1695
0 324
0 282
0 861
5 1695
322 360
1 960
3 388
0 1701
1 453
0 453
0 247
1 461
38 295
5 1042
3 549
14 319
1 1110
0 2517
1 866
0 866
11 141
2 387
41 48
0 1791
2 1791
7 511
9 275
5 286
0 423
0 191
921 950
23 509
0 861
0 364
3 364
0 378
1 3651
0 364
3 364
0 298
7 679
5 654
4 177
577 605
2 392
3 392
1 569
0 43
3 414
1 272
2 327
2 2050
0 2050
1 2050
1 617
0 927
5 1268
1 1268
4 1268
4 1413
156 157
7 317
755 790
780 790
0 812
23 1077
14 584
4 562
7 1360
4 1695
11 405
557 587
4 127
1 1592
2 1592
0 1719
2 1719
1 1719
0 548
1 548
2 195
2 352
0 1043
16 2703
24 2703
21 2703
26 2703
21 1165
385 395
1 1323
0 1323
3 1323
6 1323
2 1323
0 118
0 165
2 663
11 451
13 1536
9 1526
3 1526
16 1526
0 116
24 327
2 587
7 139
0 325
2 1288
0 116
199 240
0 217
686 712
3 1386
51 2339
3 2517
19 381
257 284
0 183
11 295
0 2517
6 2339
8 465
0 247
0 2517
0 55
1 281
0 247
22 1360
2 461
18 3761
0 590
0 594
3 378
15 1539
0 108
34 4338
1302 1552
3 152
0 646
1 306
16 657
2 657
6 1042
420 421
1 1042
4 222
1 1034
0 270
0 1104
0 486
0 502
1 57
759 816
0 2365
2 1074
0 187
2 2236
3 2236
4 2236
1 2236
6 405
3 1110
4 497
4 222
0 120
0 151
0 1392
0 230
76 86
2 78
89 2339
0 9
1 1021
0 318
1 308
0 279
0 762
2 88
2 721
0 1027
2 500
0 89
1 86
9 159
14 733
12 725
0 276
1 497
5 1130
0 456
1 654
0 777
0 53
0 340
469 475
1 142
0 694
0 41
0 90
562 588
18 588
4 588
1 214
0 67
1 588
1 327
1 342
0 588
6 193
0 161
5 90
5 588
6 41
16 322
2 718
2 142
18 567
3 588
2 113
0 120
3 588
2 567
7 588
10 588
4 483
9 588
3 218
536 588
8 282
7 282
530 588
10 218
3 327
23 24
0 274
7 274
1 214
1 142
2 90
89 90
1 228
9 567
0 229
529 567
4 343
214 228
1 327
0 43
5 386
32 694
207 228
1 475
3 588
433 475
11 946
0 475
0 567
1 457
2 327
2 483
5 343
0 116
0 475
4 228
0 342
294 327
498 560
211 229
0 99
3 588
40 43
6 43
0 168
2 141
0 483
0 16
9 588
0 386
22 334
1 588
2 588
2 588
1 588
0 90
20 588
0 271
564 588
23 386
0 67
548 560
17 342
3 454
1 588
2 588
0 211
38 694
33 694
10 228
14 327
561 588
6 752
0 53
0 229
15 588
6 41
0 374
0 334
0 588
5 475
9 110
0 229
0 58
12 588
1 142
7 153
2 334
2 116
104 118
575 588
4 386
4 327
2 142
14 228
7 156
2 588
4 588
1 327
3 343
14 153
37 475
0 588
0 99
0 588
1 588
535 574
2 694
1 90
19 694
0 56
32 560
3 342
9 322
0 752
574 588
22 327
1 193
14 454
0 342
1 67
0 327
14 588
0 229
0 342
0 67
20 2673
0 211
5 483
2 327
5 228
4 33
4 962
1 1539
0 125
0 120
4 80
1 816
0 554
1 176
1 406
0 66
0 473
0 977
0 844
0 290
8 502
2 88
2 275
3 147
5 515
0 1205
2 1403
0 1695
5 605
4 605
8 1347
4 1347
9 1516
0 295
0 473
0 59
2 1021
765 788
7 228
1 1110
0 88
0 768
1 476
1 337
0 340
30 1695
4 127
0 308
2 378
0 241
0 452
0 284
1 1900
0 1900
2 3101
0 3101
0 6
4 218
8 664
0 158
0 423
3 951
19 951
0 623
0 399
5 1577
0 278
3 214
2 2150
0 2150
0 145
0 404
0 1074
1 336
0 362
3 594
0 216
0 439
1 527
2 1386
1 639
42 762
0 625
1 625
0 725
0 395
0 1036
5 1042
1 393
4 1539
1 368
8 1539
10 117
27 632
3 1042
0 518
0 567
5 452
0 1071
0 347
1 303
0 120
24 270
10 2237
12 2237
1 2237
0 2237
3 2237
0 233
1481 1552
0 409
0 1230
2 1230
11 853
1 400
0 126
0 446
10 857
0 973
1 274
0 274
0 3390
34 3390
7 3390
2 3390
0 584
10 890
1 626
3 216
0 1346
0 247
10 287
72 79
0 196
17 191
233 7353
171 7353
61 7353
7204 7353
93 7353
13 7353
253 7353
166 7353
150 7353
7352 7353
95 7353
81 7353
159 7353
144 7353
68 7353
44 7353
0 141
3 2466
1 2466
5 2466
0 2466
0 1456
49 10604
146 10604
94 10604
20 10604
180 10604
69 10604
38 10604
53 10604
120 10604
87 10604
11 10604
90 10604
72 10604
57 10604
67 10604
74 10604
7 1655
5 1655
0 407
2 1162
5 1162
1 1162
3 1162
3 479
15 623
0 87
1 564
12 391
0 295
0 590
1 508
1692 1695
1 47
12 788
23 788
26 788
15 788
17 788
5 788
1 788
10 788
728 788
1 230
0 739
0 436
4 1695
0 247
3 626
10 567
6 115
1 48
0 344
2 684
28 764
1 582
77 1072
7 1862
1 1862
8 369
27 876
1 625
0 233
3 937
7 937
8 937
0 230
1 421
0 272
4 218
1 812
33 826
0 919
0 887
1 1072
108 2339
1 958
2 958
1 1623
4 141
1 792
1 811
0 2330
1 2330
2 247
3 974
119 120
0 182
1 423
0 1967
0 30
2 384
1 549
23 1153
0 497
4 188
1 498
5 157
1 157
11 2339
3 950
1 57
0 135
1 473
0 962
1 448
0 163
2 414
3 1161
0 1161
2 1161
0 117
6 96
2 1403
0 1346
1 139
31 1110
0 473
1 318
0 318
1 700
2 162
0 1967
5 1539
0 1539
0 106
5 5662
4 5662
2 5662
3 5662
0 5662
5 1536
10 1536
5 625
15 2565
14 2565
13 2565
7 2565
17 2565
10 2565
64 1747
9 384
4 183
8 1249
5 1249
0 87
0 812
4 746
9 2128
0 2128
4 2128
0 473
0 67
2 124
2 178
0 764
1 379
3 2396
0 2396
1 2396
13 890
12 890
5 890
0 38
0 2407
3 2407
4 2407
7 2407
0 735
1 581
0 581
0 385
2 385
1 615
1 139
0 641
11 448
0 1064
1 1064
4 2225
2 89
0 941
0 89
0 1419
432 452
1 80
8 554
0 89
1 1294
13 1294
338 381
69 1948
86 1948
42 1948
39 1948
4 962
0 448
0 352
136 137
2 594
4 1708
0 1708
2 287
0 25
2 816
0 626
0 90
26 2339
0 1536
4 233
1 69
2 319
1 796
0 446
1 527
0 142
1 369
0 153
9 590
5 385
206 413
0 446
2 2395
0 2395
0 404
295 592
23 2163
37 2163
72 2163
2 55
24 191
2 2423
1 2423
7 2423
1 344
1 196
8 452
15 1403
1 1205
0 1205
0 1014
2 294
4 448
5 86
0 395
5 844
0 844
1 303
11 1360
0 812
0 107
0 562
1 479
7 467
55 1733
52 1733
27 1733
2 80
6 739
0 446
218 247
0 389
0 733
2 215
4 295
2 431
0 175
5 130
5 187
1 135
1 284
2 371
3 330
2 1724
0 1724
1 1724
3 549
14 919
1071 1139
1 896
0 896
0 437
0 103
0 264
2 261
0 264
0 648
5 1577
0 1501
5 1501
1 1501
513 617
2 1618
0 285
5 504
2 115
47 48
0 247
1 737
0 223
0 509
0 311
3 594
6 477
0 345
1 733
5 789
4 789
0 605
0 1747
0 347
9 1511
7 1511
0 362
16 147
0 307
13 139
9 139
0 382
91 1766
768 788
2 788
11 788
8 788
764 788
0 788
1 788
760 788
5 788
16 694
1 694
13 307
3 174
3 371
1 1077
0 537
4 178
1 103
0 290
24 3159
21 3159
13 3159
4 1331
47 50
0 716
1 508
42 1909
61 1909
28 1909
1 1618
8 1618
0 384
1 384
0 102
1 94
0 585
2 474
521 535
0 261
281 295
1 169
0 148
3 183
4 876
1 733
8 1787
5 1787
6 1787
7 617
0 1553
2 1553
3 504
1 343
0 632
0 127
7 504
11 1083
2 65
1 1144
0 178
1 172
1 240
4 431
12 919
0 498
0 1618
1451 1475
13 368
3 26
17 1965
6 1965
3 1965
0 1965
4 1965
2 1965
5 125
0 175
50 55
1 379
0 229
0 229
0 230
1 1042
6 344
7 323
2 746
22 876
6 479
404 406
2 504
156 171
1 575
7 764
3 1913
1 1913
0 1057
1 269
0 173
312 344
0 772
0 242
1 1695
6 1695
1 382
4 764
0 175
0 94
0 811
0 394
0 1287
0 176
14 139
0 310
0 360
1 230
0 811
1 381
1 1129
25 1129
3 1129
0 638
0 1071
22 1410
32 1410
24 1410
0 811
0 497
2 37
0 285
1 305
2 256
0 360
231 233
15 623
0 1061
3 260
0 452
0 563
30 592
3 144
2 327
0 617
5 337
6 362
5931 5976
49 5976
67 5976
88 5976
61 5976
79 5976
118 5976
72 5976
70 5976
8 1075
378 379
12 661
0 162
1 2517
0 431
2 100
0 1386
2 850
0 511
2 405
6 1102
1 1102
0 370
3 196
1 361
18 841
7 698
0 124
0 290
212 218
0 439
204 229
0 349
2 89
0 360
16 333
13 333
0 526
1 122
0 412
2 196
0 874
0 247
0 896
1 338
2 338
0 142
1690 1779
1716 1779
46 1779
1700 1779
2 1238
18 876
9 1853
16 1853
0 1853
0 592
536 564
0 173
4 1539
0 158
2 812
3 584
0 328
10 262
2 816
1 99
10 796
4 404
2 146
327 345
3 464
3 228
5 274
909 919
1 502
1 1110
1 122
6 446
5 518
0 141
3 585
1 561
1 2808
1 1357
29 1416
1 204
0 100
15 563
0 564
0 473
13 1110
0 339
163 327
0 308
5 295
0 587
0 777
10 558
1 149
193 209
0 279
0 962
0 3095
6 3095
2 3095
13 1617
3 1617
9 1617
1 1617
2 318
4 327
1 1767
6 1767
9 1767
3 1767
9 240
0 1071
2 522
0 1618
1 465
0 465
1 465
