15 384
9 375
26 392
2 576
14 576
27 776
29 776
506 511
26 2287
21 2287
4 745
4 745
12 914
11 338
5 448
1 691
3 691
1 183
10 914
29 1155
1147 1155
577 1155
27 1155
17 1155
5 1370
21 1623
173 7389
170 7389
120 7389
84 7389
70 7389
125 7389
122 7389
74 7389
272 7389
189 7389
93 7389
55 2339
14 615
1275 1288
175 176
9 1265
2 1265
12 1265
131 150
3 79
26 1983
17 1983
4 1983
2 1983
5 269
395 397
38 1208
36 1208
26 1208
20 1474
230 240
2 448
18 558
4 1113
2 1113
5 79
14 305
396 400
4 388
8 590
12 1483
1 152
1 152
8 796
767 1536
2 805
13 276
321 328
48 1267
62 1267
41 1267
47 1267
50 1267
499 522
191 198
2 1013
2 1013
3 152
6 1303
7 1008
15 1008
4 327
3 562
9 737
12 737
3 264
10 175
1 44
0 89
20 1913
25 1913
1525 1539
29 973
44 855
24 301
159 7645
468 7645
453 7645
273 7645
124 7645
410 7645
470 7645
438 7645
449 7645
376 7645
255 7645
326 7645
206 7645
330 7645
209 7645
303 7645
259 7645
291 7645
134 7645
252 7645
9299 9306
235 9306
455 9306
565 9306
564 9306
474 9306
684 9306
827 9306
314 9306
9287 9306
526 9306
537 9306
513 9306
627 9306
648 9306
468 9306
541 9306
246 9306
165 3760
110 3760
198 3760
205 3760
174 3760
132 3760
148 3760
194 3760
676 689
0 295
21 1454
22 1454
17 1454
12 1454
8 626
1 203
5 405
12 794
11 794
2 844
328 657
1100 1110
4 150
1 1071
2 812
2 812
0 422
20 896
7 395
20 2339
1 135
8 324
1 721
76 79
202 204
5 811
1 368
7 380
0 380
2 384
137 152
95 98
6 68
425 446
6 777
9 777
9 884
11 884
31 1514
862 876
173 348
0 169
22 663
15 663
16 303
11 240
424 441
5 1474
3 733
1 1077
3 404
1 973
1 138
19 1618
5 567
17 876
1 176
2149 2150
2145 2150
851 876
3 311
2 1597
23 1597
1 1597
23 1597
18 618
4 98
3 184
33 776
27 776
496 497
55 57
17 392
44 670
40 670
20 392
7 511
6 247
7 876
7 344
46 965
1536 1539
1 509
209 215
167 176
206 215
6 215
52 1386
276 283
670 764
10 465
2 792
456 10782
500 10782
519 10782
376 10782
496 10782
594 10782
537 10782
412 10782
461 10782
397 10782
577 10782
650 10782
673 10782
669 10782
621 10782
515 10782
325 10782
463 10782
557 10782
488 10782
430 10782
464 10782
452 10782
552 10782
577 10782
589 10782
4 224
742 767
10 144
522 540
19 2510
11 2510
134 269
5 269
11 1269
8 1269
1 919
4 782
2 448
1 931
2 931
1 247
4 89
33 2038
8 2038
9 2038
5 446
25 737
18 1898
15 1898
549 584
1359 1360
18 2257
5 2257
30 1695
71 2339
1069 1072
4 746
7 746
15 2150
30 2150
77 3410
29 3410
85 3410
728 746
16 2150
35 2150
15 764
745 746
1 456
580 590
42 2449
50 2449
185 191
760 777
1 266
28 1027
943 976
10 976
32 3000
161 3000
14 3000
176 3000
24 3000
53 3000
6 202
3 456
761 777
14 381
266 295
185 186
220 441
1 94
61 68
6 287
238 240
70 142
236 240
9 655
1157 1197
19 2831
6 2831
15 2831
12 2831
10 1331
212 4210
160 4210
195 4210
131 4210
165 4210
166 4210
220 4210
258 4210
170 4210
140 4210
211 4210
4 20
3 209
7 677
1 677
3 1547
8 1547
31 888
28 888
343 344
404 413
14 1012
0 1012
14 1012
268 269
12 467
484 504
1057 1110
7 585
45 2128
40 2128
37 2128
11 960
11 1483
1535 1536
1524 1536
1109 1110
18 1069
20 1069
27 1069
948 1014
405 811
24 1110
15 423
1 93
175 183
2 384
3 724
25 2375
26 2375
30 2375
177 178
759 788
3 788
7 788
5 788
759 788
1 788
0 788
759 788
6 788
201 203
216 226
25 4949
27 4949
28 4949
54 4949
103 4949
13 4949
19 4949
3 120
65 2150
46 2150
34 2150
619 653
679 689
45 2955
17 2955
42 2955
20 2955
63 2955
33 2955
23 2955
12 1695
388 439
0 439
218 225
4 2163
5 2163
172 13875
208 13875
135 13875
93 13875
90 13875
143 13875
198 13875
223 13875
213 13875
245 13875
974 13875
368 13875
233 13875
260 13875
22 2339
218 222
4 150
10 1164
5 1164
1 1164
0 2347
3 2347
1 2347
2 2347
4 633
7 384
31 3126
34 3126
51 3126
36 3126
28 3126
7 3126
11 3126
5 1078
8 1078
0 1078
8 267
17 1926
506 526
792 812
21 858
49 5657
50 5657
74 5657
28 5657
59 5657
1 5657
41 5657
5615 5657
33 1042
16 423
7 218
165 172
19 1307
867 1021
12 384
396 400
237 240
225 247
165 176
5 247
9 124
14 618
5 247
9 1708
15 1708
6 1708
11 1708
7 762
9 762
1 152
368 371
2 264
32 442
45 442
2 389
73 5642
48 5642
29 5642
5464 5642
35 5642
61 5642
88 5642
411 416
211 223
9 86
39 543
11 1403
17 1403
646 679
2466 2517
3 87
681 689
6 336
3 89
8 153
1338 1403
1889 1963
1768 1963
13 2002
11 2002
1993 2002
136 147
146 147
159 163
261 264
55 1539
261 264
13 590
0 181
120 241
0 465
32 764
35 764
19 764
5 295
12 1652
13 1652
1965 1967
3 86
1 1110
5 1183
3 1183
4 1183
3 876
7 389
18 1124
10 1124
7 1014
13 961
11 961
0 961
4 526
2 359
39 1130
3 257
1364 1386
34 842
520 1042
1 257
33 2403
60 2403
38 2403
105 106
365 375
36 617
25 270
26 270
11 340
3 327
12 380
19 518
13 587
12 587
7 384
1 424
14 264
15 699
28 1317
19 1317
27 1317
8 120
558 594
1 538
0 603
10 1130
2 344
239 240
1 1241
108 122
10 855
12 1898
8 1898
11 1898
8 1898
15 384
8 17
913 914
1 777
159 163
86 4713
88 4713
85 4713
219 4713
78 4713
98 4713
0 44
32 2150
27 2150
3 2150
2 2150
396 402
132 266
9 781
15 781
8 781
7 781
331 664
656 689
8 874
8 796
773 796
1408 1464
34 1464
81 1464
23 548
378 382
212 233
10 663
9 257
252 506
3 1012
11 257
6 626
3 371
390 782
60 3816
107 3816
49 3816
44 3816
91 3816
72 3816
62 3816
315 340
17 1347
8 1347
1 149
10 554
6 364
5 364
285 295
414 435
21 695
10 1247
4 1247
11 423
11 914
5 265
5 631
17 631
4 186
10 518
85 171
255 511
18 431
8 2308
13 2308
5 2303
11 2303
10 145
8 145
2 145
466 467
258 518
386 405
19 318
419 423
320 324
9 389
144 8726
298 8726
42 8726
248 8726
268 8726
280 8726
422 8726
266 8726
344 8726
320 8726
99 8726
186 8726
162 8726
0 422
1 108
3 456
6 1036
5 1036
2 391
2 344
27 679
2 154
198 397
44 3066
42 3066
49 3066
12 1214
11 1214
31 1595
36 1595
381 764
0 457
2 368
0 376
6 209
207 209
1 1191
0 1191
527 592
375 378
70 141
11 389
441 446
258 264
8 526
16 1110
6366 12734
353 12734
435 12734
162 12734
368 12734
413 12734
6366 12734
383 12734
279 12734
360 12734
137 12734
137 12734
200 12734
205 12734
261 12734
451 12734
158 12734
291 12734
199 203
7 89
1 653
276 295
0 841
1 441
371 384
827 876
1254 1264
631 1264
1261 1264
6 404
0 1483
0 1110
30 590
501 590
5 264
0 107
1216 1386
138 148
88 89
9 842
460 461
1 669
4 669
701 737
690 699
12 423
11 737
0 107
0 107
10 148
0 473
38 2629
40 2629
37 2629
44 2629
13 384
6 1589
9 1589
7 1589
3 113
23 2696
24 2696
22 2696
741 774
31 664
493 987
44 987
46 987
59 4344
67 4344
26 4344
4183 4344
48 4344
50 4344
54 4344
213 222
624 626
687 1376
687 1376
687 1376
687 1376
12 558
10 680
9 680
2 234
3 177
162 177
14 384
26 441
28 441
3 376
14 1511
20 1511
8 522
9 522
1 169
6 737
33 664
11 479
44 2238
2190 2238
22 2238
29 2238
1062 1074
685 737
4 762
2516 2517
760 788
79 2300
41 2300
742 762
9 618
1 183
26 270
9 558
5 252
5 295
26 1913
13 1913
623 656
15 656
24 656
237 240
416 423
686 764
372 373
0 446
1 357
12 423
0 632
12 590
8 562
443 456
0 9
293 587
540 562
8 1014
695 774
1 404
0 567
3 1407
3 594
0 690
2 690
8 250
124 127
292 295
3 2725
4 2725
5 2725
2 2725
6 2725
0 442
2 442
33 518
1 508
0 269
4 269
0 38
16 6094
15 6094
13 6094
5 6094
6 6094
1359 1370
43 2737
22 2737
1399 1409
524 526
440 465
3 339
8 960
5 960
10 382
3 295
4 404
1 431
1 1536
13 615
5 844
9 308
9 504
5 560
1 730
0 730
4 764
0 1701
239 240
141 283
20 596
374 392
16 2339
8 2339
1 303
0 461
552 563
2 438
118 122
0 980
1 980
830 845
8 665
345 378
351 352
23 889
6 889
3 189
1 431
7 751
488 526
75 1955
64 1955
73 1955
72 1955
68 1955
70 1955
20 9453
36 9453
26 9453
46 9453
57 9453
24 9453
48 9453
33 9453
34 9453
12 9453
32 9453
27 9453
29 9453
10 9453
60 9453
28 3604
20 3604
21 3604
1801 3604
22 3604
52 2982
47 2982
57 2982
50 2982
37 2982
5 1152
490 499
1 181
0 181
124 249
3 613
375 395
557 575
1 122
3 1114
15 1114
141 283
141 283
0 241
3 55
652 655
8 1887
7 1887
3 1887
334 7512
333 7512
328 7512
381 7512
98 7512
344 7512
362 7512
465 7512
262 7512
441 7512
361 7512
348 7512
366 7512
254 7512
7508 7512
319 328
1 623
1 106
0 82
4 305
189 196
146 151
6 439
1 328
9 2031
4 4370
3 4370
6 4370
1 4370
7 4370
11 4370
5 4370
2 4370
0 340
0 360
3 269
1 413
884 887
1 187
0 187
5 534
1453 1539
3 726
253 257
199 202
11 764
16 764
2 473
6 729
7 729
8 729
3 174
566 593
4 326
7 282
29 59
24 2849
30 2849
35 2849
15 2849
15 225
14 435
421 435
5 522
145 146
21 479
4 399
2 587
4 562
767 788
9 788
759 788
765 788
756 788
1 788
0 788
756 788
763 788
7 473
9 473
4 1528
5 1528
11 1904
12 1904
0 733
3 219
71 2417
112 2417
497 594
21 594
579 594
4 620
5 620
2 476
1 476
2 405
5 1695
85 91
82 91
4 1223
0 1223
8 1223
14 479
325 328
1 1879
6 1879
112 4834
68 4834
83 4834
125 4834
69 4834
98 4834
3 145
30 739
11 336
10 361
168 177
7 413
379 759
190 191
189 191
213 240
6 233
6 177
1 176
4 318
6 807
4 807
6 761
2 446
0 931
3 931
2 1074
4 812
281 287
19 764
13 1043
3 857
2 922
6 558
2 558
0 279
86 173
64 130
3 617
1 617
5 1707
8 1707
54 4275
38 4275
34 4275
57 4275
56 4275
14 1149
15 1149
16 1149
12 2971
22 2971
7 336
10 318
14 1026
4 92
3 92
2 311
1 161
720 774
7 127
363 379
0 400
424 428
375 381
541 562
482 497
392 393
265 279
321 323
366 395
1 223
5 362
475 509
1 2434
14 716
6 388
17 233
0 484
8 484
5 484
13 1075
14 1075
34 1075
1072 1075
1 118
0 114
421 844
421 844
303 306
25 1742
26 1742
22 1742
429 441
654 655
6 764
4 509
3729 3737
10 3737
5 3737
1 3737
5 562
1090 2181
3 338
4 40
376 379
6 405
12 474
3 98
1142 1143
183 368
661 699
5 343
11 126
13 1644
24 1644
4 767
0 767
383 767
12 20
300 310
2 354
4 61
5 297
363 727
369 395
1463 1618
1 233
190 381
0 473
5 217
1 152
383 768
0 171
0 567
0 301
1 461
775 788
744 788
764 788
759 788
766 788
1 788
0 788
766 788
762 788
398 405
11 653
3 139
0 324
9 973
14 1386
3 633
18 664
25 1618
386 395
3 295
330 344
221 230
1109 2219
1 385
494 527
38 1926
58 1926
5 548
0 919
691 699
427 472
5 327
7 821
6 821
5 821
3 526
1 567
9 1012
15 1012
17 1012
12 562
13 739
5 266
113 227
4 241
618 635
2 391
4 177
0 407
7 435
0 535
485 527
369 371
370 371
235 240
5 57
148 297
15 262
344 361
22 1312
1 84
6 287
6 509
582 585
14 592
736 812
2192 2339
144 290
1 948
3 948
2 448
935 973
3 360
2 389
9 1646
13 2101
16 2101
11 2101
8 2101
17 876
447 472
18 265
9 777
6 502
0 137
199 209
10 144
1 183
1 370
67 135
2 120
3 962
677 721
1 114
6 3218
7 1747
0 231
4 1110
0 153
1 290
3 397
10 325
4 319
356 382
1 5267
36 5267
22 5267
32 5267
24 5267
40 5267
15 5267
23 5267
31 5267
33 5267
19 5267
34 5267
17 5267
21 5267
1 1034
4 1034
5 2191
7 2191
2 247
2 247
5 1416
44 1027
0 319
0 1042
0 384
0 163
1 127
1 484
1 900
0 544
4 265
1 368
0 930
13 2416
11 2416
14 2416
6 919
7 407
0 382
2 247
4 233
11 1183
12 1183
10 1183
2 1185
2 382
3 340
4 3763
1 3763
175 177
473 477
135 141
236 242
4 295
3 295
12 395
571 615
1 308
1 1695
14 511
2 227
13 257
34 2339
12 395
1 359
17 761
256 257
1 176
9 336
2 195
340 365
239 240
3 230
4 196
309 338
22 1116
10 1116
2 1124
0 300
18 1623
866 906
53 57
8 188
0 1057
0 233
708 721
10 318
12 735
687 699
1 446
4 310
1 165
464 465
23 1130
339 679
4 392
4 348
13 1898
11 1898
0 472
48 950
59 950
43 950
5 191
1 1695
7 324
277 282
5 861
15 1695
8 360
44 960
379 388
24 1701
21 453
24 453
244 247
3 461
294 295
18 1042
546 549
316 319
4 1110
6 2517
2 866
3 866
1 141
0 387
44 48
15 1791
9 1791
3 511
0 275
284 286
0 423
183 191
5 950
502 509
1 861
10 364
8 364
2 378
9 3651
7 364
8 364
0 298
668 679
20 654
176 177
8 605
4 392
9 392
5 569
0 43
405 414
271 272
5 327
13 2050
11 2050
10 2050
1 617
6 927
6 1268
4 1268
5 1268
1352 1413
78 157
2 317
394 790
394 790
11 812
14 1077
7 584
14 562
1352 1360
3 1695
8 405
575 587
119 127
4 1592
1 1592
3 1719
5 1719
2 1719
14 548
11 548
189 195
345 352
0 1043
48 2703
52 2703
50 2703
47 2703
1158 1165
388 395
3 1323
16 1323
6 1323
29 1323
15 1323
2 118
159 165
14 663
3 451
51 1536
22 1526
22 1526
22 1526
0 116
307 327
12 587
0 139
4 325
2 1288
2 116
12 240
0 217
355 712
29 1386
2240 2339
3 2517
343 381
15 284
172 183
9 295
5 2517
2320 2339
15 465
1 247
5 2517
3 55
2 281
0 247
1359 1360
2 461
80 3761
17 590
4 594
10 378
1514 1539
9 108
3927 4338
1371 1552
1 152
1 646
8 306
609 657
38 657
933 1042
210 421
10 1042
215 222
7 1034
266 270
11 1104
3 486
13 502
2 57
766 816
47 2365
26 1074
0 187
26 2236
22 2236
24 2236
8 2236
403 405
8 1110
489 497
209 222
0 120
1 151
0 1392
2 230
83 86
77 78
2194 2339
0 9
13 1021
6 318
2 308
0 279
6 762
3 88
8 721
1 1027
12 500
0 89
70 86
157 159
1 733
720 725
4 276
3 497
10 1130
2 456
2 654
776 777
1 53
0 340
440 475
2 142
693 694
6 41
7 90
293 588
13 588
24 588
4 214
2 67
577 588
3 327
7 342
2 588
187 193
3 161
7 90
587 588
6 41
19 322
8 718
3 142
24 567
7 588
106 113
0 120
25 588
3 567
7 588
569 588
475 483
587 588
216 218
583 588
281 282
259 282
586 588
214 218
17 327
20 24
5 274
6 274
7 214
1 142
7 90
44 90
2 228
4 567
2 229
560 567
14 343
13 228
310 327
1 43
21 386
684 694
17 228
13 475
11 588
454 475
26 946
5 475
558 567
2 457
11 327
11 483
7 343
1 116
23 475
221 228
3 342
321 327
546 560
2 229
8 99
12 588
7 43
42 43
0 168
10 141
2 483
14 16
14 588
5 386
29 334
17 588
558 588
552 588
15 588
5 90
563 588
4 271
18 588
7 386
63 67
556 560
340 342
445 454
14 588
9 588
2 211
692 694
623 694
4 228
5 327
539 588
17 752
3 53
0 229
31 588
6 41
3 374
5 334
1 588
36 475
102 110
1 229
2 58
19 588
2 142
5 153
11 334
3 116
115 118
21 588
31 386
19 327
4 142
227 228
151 156
6 588
16 588
9 327
325 343
150 153
17 475
1 588
7 99
3 588
6 588
567 574
692 694
4 90
19 694
0 56
547 560
328 342
14 322
2 752
7 588
16 327
4 193
451 454
1 342
66 67
12 327
15 588
6 229
1 342
66 67
46 2673
3 211
15 483
324 327
6 228
3 33
931 962
3 1539
7 125
0 120
75 80
2 816
5 554
3 176
11 406
0 66
1 473
1 977
2 844
0 290
497 502
87 88
8 275
146 147
5 515
1 1205
31 1403
6 1695
3 605
565 605
11 1347
12 1347
1476 1516
0 295
2 473
3 59
7 1021
781 788
113 228
10 1110
3 88
3 768
5 476
336 337
335 340
1692 1695
5 127
0 308
5 378
0 241
4 452
1 284
4 1900
2 1900
6 3101
0 3101
0 6
214 218
650 664
1 158
0 423
14 951
879 951
2 623
3 399
1499 1577
7 278
208 214
25 2150
48 2150
1 145
0 404
0 1074
10 336
3 362
2 594
1 216
5 439
525 527
1352 1386
11 639
34 762
0 625
1 625
2 725
5 395
1 1036
20 1042
1 393
1462 1539
3 368
19 1539
58 117
616 632
988 1042
457 518
3 567
440 452
1 1071
1 347
2 303
0 120
29 270
34 2237
66 2237
26 2237
24 2237
30 2237
6 233
775 1552
0 409
0 1230
1 1230
839 853
377 400
0 126
10 446
22 857
0 973
3 274
2 274
9 3390
24 3390
10 3390
5 3390
0 584
20 890
11 626
215 216
0 1346
0 247
285 287
72 79
0 196
190 191
203 7353
357 7353
113 7353
413 7353
194 7353
192 7353
363 7353
337 7353
348 7353
7280 7353
281 7353
336 7353
376 7353
364 7353
362 7353
270 7353
4 141
25 2466
23 2466
24 2466
22 2466
1450 1456
330 10604
330 10604
1 10604
330 10604
330 10604
330 10604
330 10604
330 10604
330 10604
330 10604
330 10604
330 10604
330 10604
330 10604
330 10604
330 10604
12 1655
10 1655
1 407
4 1162
8 1162
5 1162
3 1162
5 479
620 623
2 87
542 564
3 391
0 295
0 590
1 508
1655 1695
1 47
393 788
0 788
773 788
5 788
775 788
2 788
0 788
14 788
393 788
3 230
732 739
1 436
26 1695
0 247
625 626
552 567
113 115
44 48
6 344
4 684
22 764
2 582
949 1072
5 1862
9 1862
13 369
852 876
2 625
1 233
6 937
10 937
6 937
0 230
1 421
265 272
213 218
3 812
8 826
10 919
2 887
2 1072
64 2339
13 958
9 958
15 1623
135 141
8 792
8 811
2 2330
3 2330
13 247
21 974
117 120
0 182
0 423
0 1967
2 30
8 384
2 549
1143 1153
0 497
1 188
6 498
7 157
6 157
2282 2339
937 950
56 57
0 135
446 473
0 962
4 448
1 163
4 414
3 1161
5 1161
4 1161
0 117
0 96
1361 1403
1 1346
2 139
1101 1110
20 473
0 318
4 318
10 700
2 162
1 1967
1489 1539
1491 1539
105 106
14 5662
16 5662
11 5662
13 5662
12 5662
1533 1536
55 1536
13 625
19 2565
19 2565
19 2565
19 2565
19 2565
19 2565
1745 1747
12 384
4 183
6 1249
22 1249
3 87
18 812
744 746
30 2128
23 2128
45 2128
9 473
0 67
121 124
1 178
4 764
375 379
7 2396
1 2396
6 2396
7 890
27 890
13 890
6 38
21 2407
25 2407
24 2407
19 2407
3 735
4 581
2 581
2 385
1 385
21 615
1 139
9 641
11 448
4 1064
15 1064
24 2225
82 89
19 941
1 89
0 1419
447 452
3 80
547 554
1 89
20 1294
43 1294
355 381
91 1948
96 1948
109 1948
110 1948
1 962
4 448
1 352
135 137
17 594
6 1708
7 1708
143 287
0 25
783 816
8 626
86 90
2178 2339
0 1536
9 233
68 69
12 319
5 796
11 446
525 527
5 142
1 369
1 153
589 590
382 385
206 413
0 446
9 2395
13 2395
403 404
295 592
26 2163
13 2163
16 2163
52 55
174 191
26 2423
14 2423
31 2423
5 344
180 196
446 452
1402 1403
0 1205
1 1205
16 1014
3 294
1 448
85 86
12 395
834 844
8 844
299 303
1359 1360
3 812
53 107
0 562
466 479
461 467
1717 1733
34 1733
1646 1733
79 80
738 739
445 446
123 247
0 389
0 733
208 215
4 295
23 431
3 175
129 130
180 187
122 135
1 284
327 371
4 330
6 1724
4 1724
5 1724
7 549
13 919
569 1139
0 896
1 896
8 437
101 103
17 264
246 261
3 264
4 648
97 1577
15 1501
17 1501
10 1501
308 617
38 1618
5 285
494 504
113 115
1 48
234 247
11 737
0 223
0 509
3 311
592 594
238 477
1 345
1 733
11 789
10 789
6 605
6 1747
8 347
26 1511
28 1511
0 362
146 147
6 307
137 139
136 139
2 382
1757 1766
772 788
3 788
6 788
4 788
772 788
0 788
2 788
772 788
5 788
683 694
346 694
301 307
170 174
5 371
1075 1077
4 537
6 178
98 103
3 290
31 3159
30 3159
29 3159
32 1331
24 50
1 716
1 508
28 1909
28 1909
28 1909
12 1618
1575 1618
1 384
6 384
0 102
91 94
2 585
426 474
513 535
0 261
294 295
0 169
5 148
4 183
18 876
1 733
20 1787
44 1787
29 1787
10 617
3 1553
2 1553
489 504
2 343
2 632
0 127
502 504
1046 1083
2 65
9 1144
172 178
8 172
217 240
10 431
918 919
494 498
1 1618
1448 1475
363 368
3 26
7 1965
6 1965
5 1965
1 1965
3 1965
4 1965
16 125
3 175
1 55
2 379
5 229
227 229
5 230
5 1042
10 344
318 323
713 746
16 876
466 479
202 406
3 504
2 171
3 575
12 764
21 1913
19 1913
1 1057
3 269
1 173
332 344
4 772
20 242
9 1695
1653 1695
379 382
14 764
1 175
1 94
0 811
0 394
0 1287
0 176
8 139
3 310
1 360
224 230
2 811
6 381
9 1129
15 1129
5 1129
1 638
1066 1071
43 1410
13 1410
58 1410
3 811
2 497
35 37
1 285
2 305
7 256
1 360
116 233
620 623
2 1061
259 260
3 452
1 563
587 592
3 144
326 327
16 617
13 337
12 362
2987 5976
4 5976
265 5976
185 5976
185 5976
263 5976
185 5976
256 5976
185 5976
1059 1075
189 379
6 661
161 162
2 2517
19 431
6 100
1 1386
848 850
7 511
404 405
8 1102
6 1102
1 370
2 196
1 361
14 841
689 698
0 124
0 290
215 218
1 439
216 229
0 349
3 89
0 360
330 333
332 333
9 526
121 122
0 412
177 196
7 874
0 247
7 896
0 338
1 338
3 142
1775 1779
889 1779
1778 1779
889 1779
1228 1238
870 876
12 1853
21 1853
9 1853
3 592
281 564
11 173
1513 1539
3 158
9 812
6 584
1 328
251 262
3 816
98 99
779 796
403 404
5 146
342 345
1 464
226 228
272 274
459 919
9 502
1107 1110
120 122
5 446
469 518
0 141
16 585
28 561
13 2808
12 1357
1290 1416
1 204
4 100
281 563
521 564
0 473
1101 1110
6 339
163 327
0 308
294 295
0 587
3 777
18 558
74 149
203 209
1 279
880 962
7 3095
9 3095
5 3095
15 1617
0 1617
11 1617
7 1617
309 318
8 327
18 1767
24 1767
31 1767
28 1767
239 240
9 1071
515 522
0 1618
2 465
0 465
1 465
