2 384
5 375
3 392
0 576
2 576
8 776
3 776
443 511
6 2287
4 2287
3 745
0 745
17 914
3 338
7 448
2 691
1 691
0 183
5 914
15 1155
41 1155
1098 1155
0 1155
2 1155
1 1370
1 1623
50 7389
148 7389
329 7389
3 7389
6 7389
129 7389
136 7389
14 7389
57 7389
28 7389
327 7389
2 2339
2 615
33 1288
2 176
9 1265
30 1265
6 1265
9 150
2 79
2 1983
3 1983
4 1983
99 1983
8 269
5 397
40 1208
36 1208
17 1208
19 1474
6 240
13 448
3 558
1 1113
0 1113
0 79
3 305
9 400
1 388
5 590
1 1483
140 152
141 152
1 796
1519 1536
0 805
0 276
19 328
3 1267
8 1267
18 1267
12 1267
15 1267
2 522
0 198
1 1013
0 1013
145 152
0 1303
2 1008
3 1008
2 327
0 562
7 737
7 737
224 264
160 175
0 44
0 89
4 1913
1 1913
2 1539
3 973
3 855
0 301
5 7645
168 7645
12 7645
2 7645
19 7645
175 7645
54 7645
10 7645
20 7645
14 7645
17 7645
1 7645
25 7645
3 7645
18 7645
4 7645
13 7645
7 7645
106 7645
11 7645
323 9306
36 9306
13 9306
177 9306
30 9306
299 9306
2 9306
110 9306
5 9306
162 9306
3 9306
43 9306
12 9306
284 9306
7 9306
324 9306
347 9306
33 9306
32 3760
174 3760
196 3760
22 3760
38 3760
78 3760
40 3760
51 3760
3 689
5 295
81 1454
1194 1454
23 1454
33 1454
1 626
0 203
0 405
0 794
2 794
1 844
607 657
0 1110
124 150
1 1071
0 812
0 812
0 422
39 896
1 395
9 2339
0 135
4 324
1 721
72 79
1 204
0 811
0 368
0 380
0 380
2 384
7 152
0 98
67 68
1 446
1 777
5 777
0 884
882 884
0 1514
833 876
5 348
0 169
4 663
3 663
2 303
4 240
0 441
2 1474
0 733
3 1077
0 404
0 973
0 138
19 1618
10 567
791 876
1 176
0 2150
11 2150
17 876
2 311
10 1597
1 1597
7 1597
2 1597
3 618
0 98
0 184
9 776
3 776
1 497
54 57
3 392
13 670
7 670
3 392
34 511
0 247
0 876
0 344
2 965
1425 1539
0 509
3 215
6 176
4 215
2 215
5 1386
0 283
0 764
0 465
0 792
2 10782
21 10782
3 10782
7 10782
82 10782
24 10782
29 10782
334 10782
52 10782
35 10782
25 10782
234 10782
15 10782
69 10782
60 10782
5 10782
152 10782
101 10782
81 10782
6 10782
53 10782
22 10782
31 10782
8 10782
25 10782
132 10782
1 224
17 767
4 144
36 540
5 2510
0 2510
252 269
2 269
0 1269
1 1269
2 919
0 782
7 448
0 931
1 931
1 247
0 89
16 2038
2 2038
0 2038
0 446
4 737
3 1898
4 1898
7 584
5 1360
3 2257
4 2257
0 1695
1169 2339
14 1072
1 746
1 746
4 2150
15 2150
30 3410
5 3410
17 3410
2 746
1 2150
16 2150
10 764
2 746
0 456
12 590
19 2449
43 2449
22 191
46 777
6 266
1 1027
10 976
875 976
22 3000
23 3000
18 3000
27 3000
24 3000
5 3000
1 202
0 456
7 777
1 381
0 295
3 186
20 441
0 94
8 68
0 287
5 240
5 142
3 240
1 655
0 1197
6 2831
5 2831
3 2831
1 2831
3 1331
3 4210
64 4210
58 4210
23 4210
135 4210
52 4210
22 4210
1 4210
26 4210
100 4210
195 4210
0 20
1 209
0 677
7 677
2 1547
11 1547
3 888
21 888
0 344
2 413
6 1012
5 1012
8 1012
1 269
0 467
2 504
21 1110
0 585
5 2128
0 2128
9 2128
1 960
1 1483
8 1536
5 1536
0 1110
2 1069
3 1069
4 1069
2 1014
730 811
1 1110
4 423
0 93
176 183
1 384
3 724
8 2375
3 2375
6 2375
0 178
12 788
2 788
6 788
5 788
17 788
0 788
1 788
10 788
3 788
1 203
15 226
0 4949
2 4949
6 4949
32 4949
141 4949
9 4949
79 4949
0 120
52 2150
8 2150
12 2150
0 653
4 689
2 2955
1 2955
76 2955
5 2955
13 2955
0 2955
132 2955
3 1695
0 439
0 439
9 225
0 2163
2 2163
202 13875
37 13875
8 13875
36 13875
35 13875
61 13875
10 13875
4 13875
339 13875
28 13875
12993 13875
40 13875
84 13875
57 13875
6 2339
2 222
1 150
3 1164
5 1164
29 1164
0 2347
2 2347
3 2347
1 2347
0 633
0 384
21 3126
13 3126
43 3126
5 3126
3 3126
9 3126
14 3126
5 1078
1 1078
0 1078
252 267
1 1926
13 526
4 812
7 858
4 5657
1 5657
12 5657
22 5657
11 5657
2 5657
95 5657
42 5657
22 1042
2 423
1 218
1 172
14 1307
96 1021
4 384
0 400
4 240
2 247
1 176
0 247
1 124
0 618
0 247
3 1708
2 1708
1 1708
0 1708
0 762
1 762
6 152
8 371
4 264
1 442
0 442
3 389
44 5642
8 5642
6 5642
121 5642
202 5642
55 5642
21 5642
3 416
2 223
1 86
10 543
10 1403
4 1403
0 679
1 2517
0 87
1 689
1 336
0 89
0 153
8 1403
4 1963
14 1963
15 2002
12 2002
0 2002
9 147
6 147
2 163
240 264
1 1539
222 264
1 590
0 181
217 241
0 465
725 764
27 764
8 764
8 295
0 1652
1 1652
0 1967
0 86
0 1110
3 1183
0 1183
2 1183
0 876
0 389
3 1124
1 1124
1 1014
1 961
3 961
0 961
0 526
0 359
71 1130
2 257
3 1386
4 842
25 1042
0 257
2 2403
43 2403
20 2403
0 106
4 375
16 617
1 270
17 270
4 340
2 327
0 380
2 518
4 587
5 587
0 384
0 424
3 264
686 699
1 1317
2 1317
11 1317
10 120
2 594
0 538
0 603
0 1130
1 344
4 240
0 1241
0 122
2 855
4 1898
2 1898
7 1898
4 1898
5 384
14 17
28 914
0 777
4 163
10 4713
12 4713
2 4713
4381 4713
4 4713
14 4713
0 44
3 2150
10 2150
1 2150
0 2150
6 402
248 266
1 781
2 781
0 781
8 781
19 664
1 689
0 874
0 796
0 796
77 1464
2 1464
15 1464
0 548
4 382
202 233
2 663
1 257
19 506
14 1012
0 257
0 626
0 371
759 782
160 3816
2 3816
3 3816
0 3816
1 3816
17 3816
8 3816
3 340
3 1347
6 1347
0 149
0 554
0 364
5 364
264 295
3 435
5 695
2 1247
1 1247
8 423
1 914
0 265
4 631
5 631
2 186
0 518
165 171
434 511
0 431
0 2308
2 2308
1 2303
8 2303
9 145
5 145
6 145
0 467
4 518
1 405
9 318
11 423
4 324
14 389
1 8726
2 8726
162 8726
9 8726
243 8726
3 8726
354 8726
21 8726
67 8726
128 8726
0 8726
27 8726
162 8726
0 422
1 108
0 456
0 1036
1 1036
9 391
1 344
0 679
2 154
359 397
8 3066
7 3066
36 3066
7 1214
9 1214
28 1595
75 1595
17 764
0 457
0 368
0 376
2 209
0 209
1 1191
0 1191
23 592
7 378
7 141
0 389
5 446
0 264
0 526
19 1110
1063 12734
39 12734
886 12734
653 12734
80 12734
154 12734
12074 12734
289 12734
79 12734
277 12734
46 12734
24 12734
117 12734
43 12734
87 12734
154 12734
46 12734
197 12734
3 203
1 89
0 653
7 295
0 841
0 441
383 384
0 876
78 1264
1139 1264
1262 1264
0 404
0 1483
0 1110
5 590
4 590
9 264
0 107
2 1386
0 148
1 89
5 842
29 461
0 669
1 669
8 737
671 699
8 423
8 737
0 107
0 107
2 148
0 473
14 2629
60 2629
11 2629
5 2629
0 384
2 1589
1 1589
0 1589
1 113
0 2696
1 2696
4 2696
0 774
23 664
90 987
5 987
9 987
5 4344
0 4344
19 4344
74 4344
4 4344
3 4344
2 4344
2 222
1 626
24 1376
8 1376
14 1376
21 1376
1 558
3 680
4 680
9 234
2 177
1 177
5 384
406 441
402 441
1 376
0 1511
1 1511
2 522
8 522
0 169
1 737
22 664
4 479
0 2238
4 2238
23 2238
5 2238
20 1074
11 737
0 762
4 2517
27 788
9 2300
2 2300
0 762
0 618
0 183
21 270
7 558
0 252
21 295
14 1913
1682 1913
1 656
6 656
7 656
4 240
1 423
4 764
3 373
8 446
1 357
7 423
0 632
1 590
0 562
17 456
0 9
293 587
0 562
20 1014
0 774
0 404
0 567
0 1407
0 594
1 690
0 690
2 250
1 127
12 295
3 2725
1 2725
0 2725
2 2725
4 2725
1 442
0 442
10 518
1 508
0 269
5 269
0 38
5 6094
2 6094
0 6094
4 6094
96 6094
1 1370
15 2737
14 2737
51 1409
3 526
6 465
1 339
1 960
0 960
26 382
1 295
0 404
0 431
1 1536
1 615
0 844
0 308
0 504
3 560
1 730
0 730
0 764
1 1701
8 240
2 283
5 596
3 392
1 2339
0 2339
0 303
0 461
33 563
17 438
0 122
0 980
1 980
2 845
0 665
6 378
1 352
1 889
14 889
0 189
0 431
0 751
9 526
14 1955
10 1955
15 1955
17 1955
4 1955
16 1955
21 9453
9083 9453
5 9453
44 9453
11 9453
4 9453
10 9453
15 9453
17 9453
18 9453
16 9453
8 9453
6 9453
14 9453
2 9453
8 3604
50 3604
4 3604
3588 3604
3 3604
2 2982
12 2982
18 2982
4 2982
8 2982
1 1152
0 499
0 181
1 181
242 249
29 613
5 395
1 575
1 122
1 1114
2 1114
258 283
280 283
0 241
2 55
7 655
2 1887
7 1887
3 1887
115 7512
23 7512
95 7512
66 7512
27 7512
6 7512
52 7512
151 7512
229 7512
325 7512
130 7512
95 7512
120 7512
507 7512
167 7512
6 328
1 623
0 106
6 82
1 305
0 196
4 151
9 439
6 328
1 2031
1 4370
0 4370
4 4370
3 4370
5 4370
9 4370
6 4370
2 4370
2 340
0 360
0 269
1 413
2 887
0 187
1 187
2 534
3 1539
1 726
4 257
1 202
36 764
78 764
0 473
0 729
2 729
1 729
1 174
2 593
0 326
4 282
57 59
17 2849
15 2849
22 2849
2 2849
1 225
1 435
0 435
0 522
1 146
8 479
1 399
3 587
0 562
28 788
13 788
32 788
23 788
27 788
1 788
2 788
32 788
20 788
429 473
4 473
3 1528
0 1528
5 1904
4 1904
7 733
0 219
7 2417
137 2417
87 594
8 594
31 594
4 620
3 620
0 476
1 476
2 405
1578 1695
1 91
0 91
1 1223
2 1223
3 1223
5 479
1 328
2 1879
9 1879
50 4834
21 4834
17 4834
3 4834
31 4834
9 4834
0 145
33 739
1 336
18 361
159 177
0 413
10 759
1 191
1 191
2 240
9 233
155 177
0 176
2 318
3 807
0 807
2 761
0 446
0 931
1 931
0 1074
2 812
12 287
39 764
2 1043
0 857
1 922
1 558
4 558
0 279
149 173
1 130
2 617
0 617
0 1707
5 1707
3 4275
1 4275
19 4275
2 4275
5 4275
0 1149
1 1149
3 1149
1 2971
4 2971
0 336
291 318
0 1026
1 92
0 92
0 311
0 161
0 774
4 127
0 379
0 400
1 428
4 381
1 562
0 497
2 393
1 279
1 323
5 395
0 223
0 362
27 509
0 2434
13 716
1 388
3 233
0 484
0 484
0 484
14 1075
8 1075
6 1075
8 1075
1 118
0 114
47 844
44 844
280 306
2 1742
2 1742
0 1742
9 441
0 655
624 764
0 509
3222 3737
6 3737
1 3737
0 3737
1 562
2108 2181
1 338
1 40
0 379
1 405
0 474
0 98
0 1143
5 368
687 699
0 343
6 126
1 1644
129 1644
2 767
5 767
724 767
1 20
8 310
0 354
2 61
1 297
34 727
3 395
0 1618
0 233
6 381
0 473
214 217
0 152
62 768
0 171
0 567
0 301
0 461
22 788
9 788
29 788
15 788
29 788
0 788
1 788
23 788
14 788
1 405
0 653
1 139
0 324
0 973
1 1386
0 633
13 664
0 1618
3 395
0 295
7 344
4 230
2019 2219
0 385
24 527
4 1926
9 1926
3 548
0 919
4 699
8 472
1 327
0 821
2 821
3 821
1 526
0 567
5 1012
4 1012
11 1012
0 562
8 739
0 266
5 227
0 241
3 635
21 391
0 177
0 407
3 435
21 535
11 527
5 371
11 371
0 240
0 57
249 297
4 262
2 361
76 1312
0 84
2 287
8 509
2 585
0 592
76 812
160 2339
2 290
0 948
1 948
0 448
971 973
1 360
10 389
61 1646
1 2101
2 2101
5 2101
15 2101
43 876
4 472
4 265
11 777
3 502
2 137
4 209
2 144
1 183
0 370
15 135
1 120
10 962
10 721
0 114
3 3218
4 1747
0 231
0 1110
0 153
1 290
1 397
319 325
6 319
4 382
16 5267
3 5267
4 5267
7 5267
18 5267
5 5267
32 5267
20 5267
1 5267
8 5267
0 5267
6 5267
25 5267
13 5267
0 1034
7 1034
2 2191
0 2191
0 247
0 247
1 1416
118 1027
0 319
0 1042
0 384
0 163
0 127
2 484
0 900
0 544
0 265
0 368
0 930
0 2416
2 2416
1 2416
11 919
1 407
0 382
0 247
0 233
2 1183
0 1183
1 1183
1 1185
0 382
0 340
3 3763
0 3763
4 177
2 477
0 141
0 242
1 295
3 295
2 395
609 615
0 308
0 1695
11 511
0 227
0 257
9 2339
0 395
0 359
2 761
1 257
0 176
1 336
0 195
1 365
7 240
1 230
3 196
12 338
9 1116
31 1116
0 1124
0 300
43 1623
824 906
0 57
0 188
0 1057
0 233
0 721
8 318
2 735
624 699
0 446
0 310
0 165
1 465
2 1130
604 679
0 392
334 348
6 1898
5 1898
0 472
11 950
9 950
1 950
2 191
1 1695
0 324
0 282
0 861
4 1695
322 360
0 960
0 388
0 1701
1 453
0 453
0 247
0 461
16 295
1 1042
7 549
26 319
0 1110
2 2517
1 866
0 866
4 141
2 387
43 48
0 1791
3 1791
3 511
1 275
6 286
0 423
1 191
934 950
21 509
0 861
0 364
3 364
0 378
1 3651
0 364
2 364
0 298
1 679
0 654
1 177
573 605
7 392
6 392
0 569
0 43
0 414
1 272
2 327
2 2050
0 2050
1 2050
1 617
0 927
9 1268
0 1268
2 1268
2 1413
150 157
9 317
18 790
773 790
0 812
1 1077
9 584
3 562
4 1360
3 1695
10 405
6 587
4 127
1 1592
2 1592
0 1719
2 1719
1 1719
0 548
1 548
1 195
2 352
0 1043
67 2703
29 2703
103 2703
20 2703
11 1165
9 395
2 1323
0 1323
3 1323
6 1323
1 1323
0 118
0 165
4 663
21 451
18 1536
3 1526
2 1526
7 1526
0 116
4 327
2 587
3 139
0 325
3 1288
0 116
204 240
0 217
648 712
2 1386
37 2339
3 2517
11 381
9 284
0 183
5 295
0 2517
3 2339
49 465
0 247
1 2517
0 55
2 281
0 247
6 1360
0 461
10 3761
0 590
0 594
6 378
4 1539
0 108
46 4338
1435 1552
142 152
0 646
1 306
26 657
0 657
9 1042
405 421
1 1042
4 222
0 1034
0 270
0 1104
0 486
0 502
1 57
39 816
4 2365
2 1074
0 187
0 2236
2 2236
3 2236
1 2236
3 405
9 1110
0 497
3 222
0 120
0 151
0 1392
0 230
76 86
3 78
122 2339
0 9
1 1021
0 318
1 308
0 279
0 762
3 88
2 721
0 1027
2 500
0 89
1 86
10 159
17 733
6 725
0 276
0 497
5 1130
0 456
0 654
0 777
0 53
0 340
452 475
1 142
0 694
0 41
0 90
13 588
13 588
3 588
2 214
0 67
1 588
1 327
1 342
0 588
8 193
1 161
1 90
3 588
4 41
5 322
2 718
1 142
15 567
2 588
2 113
0 120
3 588
6 567
9 588
7 588
5 483
8 588
1 218
29 588
8 282
5 282
21 588
18 218
1 327
21 24
0 274
9 274
1 214
1 142
2 90
85 90
1 228
7 567
0 229
32 567
3 343
214 228
1 327
0 43
7 386
16 694
195 228
1 475
4 588
426 475
8 946
0 475
0 567
5 457
2 327
1 483
3 343
0 116
0 475
1 228
0 342
18 327
17 560
212 229
0 99
0 588
41 43
6 43
0 168
2 141
0 483
0 16
14 588
1 386
19 334
1 588
2 588
3 588
1 588
0 90
11 588
0 271
536 588
11 386
0 67
530 560
14 342
1 454
0 588
2 588
0 211
18 694
26 694
8 228
3 327
550 588
7 752
0 53
0 229
16 588
3 41
1 374
0 334
2 588
4 475
11 110
0 229
0 58
11 588
1 142
144 153
1 334
2 116
111 118
551 588
3 386
3 327
2 142
12 228
143 156
2 588
3 588
1 327
4 343
7 153
63 475
1 588
0 99
0 588
1 588
539 574
0 694
1 90
22 694
0 56
25 560
6 342
3 322
0 752
565 588
293 327
1 193
9 454
0 342
0 67
0 327
5 588
0 229
0 342
0 67
16 2673
0 211
5 483
1 327
11 228
4 33
3 962
2 1539
0 125
0 120
3 80
0 816
0 554
1 176
2 406
0 66
0 473
0 977
0 844
0 290
9 502
2 88
2 275
1 147
4 515
0 1205
1 1403
0 1695
11 605
3 605
9 1347
1 1347
10 1516
0 295
0 473
0 59
2 1021
28 788
4 228
0 1110
2 88
0 768
1 476
0 337
0 340
100 1695
4 127
0 308
1 378
0 241
0 452
0 284
1 1900
0 1900
2 3101
0 3101
0 6
3 218
10 664
0 158
0 423
0 951
6 951
0 623
0 399
3 1577
0 278
1 214
5 2150
0 2150
0 145
0 404
0 1074
1 336
0 362
4 594
0 216
0 439
0 527
3 1386
0 639
26 762
0 625
1 625
0 725
0 395
0 1036
3 1042
1 393
2 1539
1 368
2 1539
9 117
20 632
4 1042
0 518
0 567
2 452
1 1071
0 347
0 303
0 120
27 270
14 2237
13 2237
1 2237
0 2237
2 2237
0 233
1516 1552
0 409
0 1230
2 1230
4 853
1 400
0 126
0 446
13 857
0 973
0 274
1 274
2 3390
26 3390
4 3390
1 3390
0 584
7 890
1 626
3 216
0 1346
0 247
20 287
0 79
0 196
14 191
220 7353
82 7353
44 7353
7243 7353
186 7353
15 7353
285 7353
78 7353
86 7353
7079 7353
60 7353
155 7353
43 7353
153 7353
21 7353
9 7353
0 141
1 2466
2 2466
3 2466
0 2466
0 1456
101 10604
349 10604
77 10604
53 10604
442 10604
60 10604
83 10604
21 10604
198 10604
158 10604
21 10604
150 10604
36 10604
24 10604
99 10604
32 10604
9 1655
6 1655
0 407
2 1162
11 1162
1 1162
3 1162
1 479
64 623
0 87
0 564
334 391
0 295
0 590
0 508
1692 1695
2 47
17 788
8 788
22 788
13 788
18 788
2 788
1 788
10 788
11 788
1 230
0 739
0 436
2 1695
0 247
0 626
14 567
4 115
2 48
0 344
25 684
638 764
1 582
41 1072
15 1862
0 1862
3 369
13 876
1 625
0 233
2 937
0 937
1 937
0 230
1 421
0 272
1 218
3 812
24 826
0 919
0 887
1 1072
67 2339
3 958
1 958
1 1623
1 141
0 792
3 811
2 2330
0 2330
1 247
3 974
117 120
0 182
1 423
0 1967
0 30
1 384
8 549
11 1153
0 497
5 188
1 498
3 157
1 157
3 2339
10 950
1 57
0 135
0 473
0 962
1 448
0 163
0 414
3 1161
0 1161
1 1161
0 117
7 96
1 1403
0 1346
1 139
41 1110
0 473
1 318
0 318
1 700
0 162
1 1967
2 1539
0 1539
0 106
5 5662
4 5662
3 5662
2 5662
0 5662
4 1536
10 1536
3 625
10 2565
7 2565
8 2565
4 2565
12 2565
11 2565
1672 1747
5 384
171 183
8 1249
4 1249
0 87
0 812
2 746
9 2128
0 2128
4 2128
0 473
0 67
1 124
5 178
0 764
1 379
2 2396
0 2396
1 2396
19 890
8 890
9 890
0 38
1 2407
3 2407
7 2407
6 2407
0 735
3 581
0 581
0 385
1 385
5 615
1 139
0 641
7 448
2 1064
0 1064
3 2225
0 89
0 941
0 89
0 1419
16 452
2 80
4 554
0 89
1 1294
6 1294
354 381
16 1948
77 1948
13 1948
3 1948
17 962
0 448
0 352
0 137
0 594
1 1708
0 1708
1 287
0 25
0 816
0 626
0 90
23 2339
0 1536
1 233
10 69
2 319
0 796
0 446
0 527
0 142
0 369
0 153
3 590
0 385
387 413
0 446
1 2395
0 2395
0 404
295 592
18 2163
23 2163
52 2163
1 55
181 191
0 2423
3 2423
1 2423
1 344
1 196
0 452
56 1403
1 1205
0 1205
1 1014
2 294
6 448
75 86
0 395
3 844
0 844
0 303
2 1360
0 812
0 107
0 562
0 479
6 467
10 1733
22 1733
20 1733
1 80
1 739
0 446
237 247
0 389
0 733
2 215
4 295
1 431
0 175
2 130
2 187
1 135
0 284
6 371
3 330
3 1724
0 1724
1 1724
2 549
3 919
31 1139
1 896
0 896
0 437
0 103
0 264
1 261
0 264
0 648
8 1577
0 1501
3 1501
1 1501
74 617
3 1618
0 285
1 504
0 115
47 48
0 247
0 737
0 223
0 509
0 311
27 594
2 477
0 345
0 733
4 789
1 789
0 605
0 1747
0 347
8 1511
2 1511
0 362
8 147
0 307
11 139
7 139
0 382
1569 1766
23 788
2 788
10 788
6 788
721 788
0 788
1 788
16 788
3 788
10 694
0 694
304 307
2 174
4 371
1 1077
0 537
4 178
0 103
0 290
5 3159
8 3159
4 3159
3 1331
46 50
0 716
1 508
22 1909
36 1909
26 1909
0 1618
6 1618
0 384
0 384
0 102
0 94
0 585
0 474
483 535
0 261
18 295
0 169
1 148
1 183
3 876
0 733
6 1787
5 1787
4 1787
7 617
0 1553
1 1553
1 504
0 343
1 632
0 127
5 504
12 1083
1 65
1 1144
0 178
1 172
2 240
4 431
23 919
0 498
0 1618
1454 1475
12 368
3 26
12 1965
5 1965
3 1965
0 1965
6 1965
2 1965
0 125
0 175
3 55
1 379
0 229
0 229
0 230
0 1042
0 344
5 323
2 746
31 876
3 479
396 406
2 504
164 171
13 575
650 764
4 1913
1 1913
0 1057
2 269
0 173
5 344
0 772
0 242
1 1695
3 1695
2 382
5 764
0 175
0 94
0 811
0 394
0 1287
0 176
16 139
0 310
0 360
2 230
0 811
1 381
0 1129
9 1129
10 1129
0 638
0 1071
28 1410
16 1410
20 1410
0 811
0 497
1 37
0 285
5 305
2 256
0 360
15 233
10 623
0 1061
1 260
0 452
0 563
2 592
2 144
1 327
0 617
5 337
1 362
5936 5976
33 5976
29 5976
57 5976
37 5976
33 5976
66 5976
82 5976
30 5976
8 1075
11 379
40 661
0 162
1 2517
3 431
1 100
1 1386
2 850
0 511
2 405
2 1102
0 1102
0 370
2 196
1 361
15 841
5 698
0 124
0 290
205 218
0 439
8 229
0 349
1 89
0 360
5 333
3 333
0 526
0 122
0 412
1 196
0 874
0 247
0 896
1 338
2 338
0 142
75 1779
1774 1779
14 1779
1763 1779
0 1238
812 876
50 1853
22 1853
2 1853
0 592
1 564
0 173
1 1539
0 158
0 812
8 584
0 328
2 262
1 816
0 99
6 796
1 404
2 146
0 345
8 464
1 228
2 274
868 919
0 502
0 1110
1 122
8 446
4 518
0 141
0 585
9 561
1 2808
0 1357
21 1416
1 204
0 100
28 563
0 564
0 473
2 1110
0 339
163 327
0 308
5 295
0 587
0 777
3 558
0 149
3 209
0 279
0 962
2 3095
3 3095
1 3095
16 1617
0 1617
10 1617
1 1617
0 318
2 327
2 1767
10 1767
8 1767
1 1767
5 240
0 1071
0 522
0 1618
1 465
0 465
1 465
