1 384
4 375
3 392
0 576
1 576
8 776
3 776
431 511
7 2287
4 2287
2 745
0 745
15 914
2 338
12 448
2 691
1 691
0 183
4 914
14 1155
39 1155
1082 1155
0 1155
2 1155
1 1370
1 1623
70 7389
136 7389
300 7389
3 7389
7 7389
135 7389
113 7389
8 7389
53 7389
30 7389
315 7389
3 2339
2 615
32 1288
2 176
6 1265
30 1265
8 1265
6 150
1 79
3 1983
2 1983
4 1983
84 1983
8 269
6 397
38 1208
42 1208
15 1208
10 1474
3 240
14 448
2 558
1 1113
0 1113
0 79
4 305
8 400
1 388
5 590
1 1483
142 152
141 152
0 796
1474 1536
0 805
0 276
16 328
0 1267
3 1267
21 1267
11 1267
10 1267
2 522
0 198
2 1013
0 1013
145 152
0 1303
3 1008
1 1008
2 327
0 562
7 737
7 737
217 264
162 175
0 44
0 89
4 1913
0 1913
2 1539
4 973
2 855
0 301
5 7645
165 7645
12 7645
4 7645
24 7645
197 7645
67 7645
9 7645
16 7645
14 7645
17 7645
1 7645
21 7645
2 7645
15 7645
3 7645
13 7645
7 7645
139 7645
11 7645
247 9306
36 9306
47 9306
120 9306
15 9306
218 9306
2 9306
60 9306
11 9306
123 9306
3 9306
18 9306
17 9306
337 9306
7 9306
295 9306
350 9306
76 9306
27 3760
139 3760
208 3760
12 3760
35 3760
69 3760
26 3760
43 3760
1 689
11 295
104 1454
1184 1454
31 1454
38 1454
1 626
0 203
0 405
0 794
2 794
0 844
623 657
0 1110
122 150
0 1071
0 812
0 812
0 422
38 896
1 395
7 2339
0 135
4 324
1 721
77 79
2 204
0 811
0 368
0 380
0 380
2 384
8 152
0 98
67 68
0 446
1 777
7 777
0 884
882 884
0 1514
827 876
325 348
0 169
7 663
2 663
1 303
4 240
0 441
0 1474
0 733
2 1077
0 404
0 973
0 138
17 1618
8 567
29 876
1 176
0 2150
6 2150
28 876
2 311
5 1597
2 1597
6 1597
1 1597
2 618
0 98
0 184
8 776
3 776
1 497
53 57
3 392
11 670
6 670
3 392
454 511
0 247
0 876
0 344
3 965
47 1539
0 509
3 215
7 176
4 215
3 215
4 1386
0 283
0 764
0 465
0 792
2 10782
19 10782
3 10782
6 10782
86 10782
18 10782
25 10782
361 10782
62 10782
57 10782
33 10782
198 10782
17 10782
68 10782
58 10782
7 10782
350 10782
150 10782
92 10782
5 10782
80 10782
32 10782
27 10782
12 10782
33 10782
174 10782
1 224
653 767
2 144
44 540
5 2510
0 2510
237 269
2 269
0 1269
1 1269
2 919
0 782
5 448
0 931
1 931
1 247
0 89
12 2038
1 2038
0 2038
0 446
1 737
3 1898
4 1898
7 584
5 1360
3 2257
4 2257
0 1695
1991 2339
13 1072
1 746
1 746
4 2150
12 2150
29 3410
5 3410
15 3410
2 746
1 2150
16 2150
10 764
2 746
0 456
13 590
12 2449
38 2449
23 191
71 777
7 266
1 1027
38 976
883 976
25 3000
14 3000
20 3000
22 3000
58 3000
5 3000
1 202
0 456
8 777
1 381
0 295
3 186
12 441
0 94
9 68
0 287
4 240
7 142
2 240
1 655
0 1197
6 2831
4 2831
3 2831
0 2831
2 1331
3 4210
68 4210
50 4210
17 4210
109 4210
35 4210
15 4210
1 4210
20 4210
105 4210
194 4210
0 20
1 209
0 677
9 677
2 1547
8 1547
3 888
25 888
0 344
2 413
8 1012
4 1012
7 1012
1 269
0 467
2 504
16 1110
0 585
2 2128
0 2128
7 2128
1 960
1 1483
8 1536
6 1536
0 1110
2 1069
5 1069
3 1069
2 1014
71 811
1 1110
1 423
0 93
180 183
2 384
3 724
10 2375
0 2375
1 2375
0 178
17 788
2 788
13 788
9 788
26 788
0 788
1 788
15 788
4 788
1 203
9 226
0 4949
2 4949
3 4949
29 4949
167 4949
11 4949
105 4949
0 120
46 2150
1 2150
11 2150
0 653
4 689
1 2955
1 2955
77 2955
4 2955
12 2955
0 2955
117 2955
3 1695
0 439
0 439
12 225
0 2163
3 2163
181 13875
42 13875
14 13875
28 13875
103 13875
59 13875
15 13875
4 13875
353 13875
37 13875
13392 13875
41 13875
78 13875
62 13875
6 2339
2 222
2 150
3 1164
6 1164
1115 1164
0 2347
2 2347
3 2347
1 2347
0 633
0 384
20 3126
8 3126
51 3126
4 3126
2 3126
7 3126
11 3126
5 1078
1 1078
0 1078
258 267
1 1926
481 526
3 812
6 858
1 5657
2 5657
14 5657
23 5657
13 5657
6 5657
92 5657
37 5657
28 1042
2 423
0 218
2 172
13 1307
861 1021
4 384
0 400
4 240
2 247
1 176
0 247
1 124
0 618
0 247
3 1708
2 1708
1 1708
0 1708
0 762
1 762
143 152
9 371
4 264
1 442
0 442
2 389
40 5642
8 5642
6 5642
100 5642
253 5642
45 5642
16 5642
2 416
4 223
1 86
7 543
12 1403
5 1403
0 679
1 2517
0 87
3 689
1 336
0 89
0 153
22 1403
4 1963
17 1963
13 2002
10 2002
0 2002
8 147
4 147
5 163
222 264
2 1539
227 264
0 590
0 181
200 241
0 465
750 764
638 764
8 764
8 295
0 1652
1 1652
0 1967
0 86
0 1110
3 1183
0 1183
1 1183
0 876
0 389
3 1124
1 1124
1 1014
1 961
6 961
0 961
0 526
0 359
90 1130
3 257
3 1386
1 842
34 1042
0 257
2 2403
37 2403
13 2403
0 106
4 375
27 617
0 270
18 270
3 340
1 327
0 380
3 518
1 587
7 587
0 384
0 424
3 264
683 699
1 1317
3 1317
7 1317
9 120
2 594
0 538
0 603
0 1130
1 344
6 240
0 1241
0 122
2 855
2 1898
4 1898
5 1898
4 1898
5 384
11 17
21 914
0 777
3 163
11 4713
13 4713
3 4713
4497 4713
2 4713
8 4713
0 44
3 2150
10 2150
1 2150
0 2150
9 402
241 266
2 781
1 781
0 781
6 781
14 664
1 689
0 874
0 796
0 796
1275 1464
2 1464
17 1464
0 548
3 382
16 233
2 663
2 257
16 506
11 1012
0 257
0 626
0 371
773 782
277 3816
2 3816
4 3816
1 3816
0 3816
19 3816
8 3816
3 340
1 1347
8 1347
0 149
0 554
0 364
5 364
263 295
4 435
5 695
2 1247
1 1247
7 423
1 914
0 265
4 631
3 631
2 186
0 518
170 171
28 511
0 431
0 2308
2 2308
1 2303
3 2303
14 145
5 145
6 145
0 467
6 518
1 405
8 318
9 423
4 324
7 389
1 8726
2 8726
151 8726
6 8726
307 8726
3 8726
364 8726
23 8726
47 8726
157 8726
0 8726
17 8726
198 8726
0 422
1 108
0 456
0 1036
1 1036
8 391
2 344
0 679
2 154
12 397
8 3066
7 3066
25 3066
18 1214
10 1214
24 1595
82 1595
13 764
0 457
0 368
0 376
3 209
2 209
0 1191
1 1191
25 592
11 378
3 141
0 389
5 446
2 264
0 526
33 1110
1129 12734
36 12734
1057 12734
703 12734
77 12734
130 12734
12286 12734
371 12734
69 12734
277 12734
60 12734
12 12734
111 12734
38 12734
79 12734
165 12734
42 12734
176 12734
3 203
1 89
0 653
5 295
0 841
0 441
381 384
0 876
48 1264
138 1264
1262 1264
0 404
0 1483
0 1110
5 590
1 590
4 264
0 107
3 1386
0 148
1 89
4 842
27 461
0 669
1 669
7 737
683 699
7 423
7 737
0 107
0 107
2 148
0 473
14 2629
60 2629
17 2629
3 2629
1 384
2 1589
1 1589
0 1589
1 113
1 2696
0 2696
4 2696
0 774
22 664
72 987
7 987
12 987
4 4344
0 4344
16 4344
55 4344
3 4344
1 4344
2 4344
2 222
4 626
12 1376
2 1376
3 1376
6 1376
0 558
2 680
4 680
10 234
2 177
1 177
5 384
400 441
402 441
1 376
1 1511
0 1511
2 522
13 522
1 169
3 737
20 664
4 479
0 2238
4 2238
25 2238
5 2238
36 1074
10 737
0 762
1 2517
725 788
6 2300
2 2300
0 762
0 618
0 183
21 270
6 558
0 252
244 295
13 1913
224 1913
0 656
6 656
4 656
4 240
1 423
4 764
1 373
2 446
1 357
7 423
0 632
0 590
0 562
26 456
0 9
293 587
0 562
14 1014
0 774
0 404
0 567
0 1407
0 594
1 690
0 690
2 250
1 127
8 295
3 2725
1 2725
0 2725
2 2725
4 2725
1 442
0 442
12 518
1 508
0 269
5 269
0 38
5 6094
2 6094
0 6094
4 6094
402 6094
1 1370
14 2737
16 2737
1302 1409
7 526
6 465
1 339
1 960
0 960
23 382
1 295
0 404
0 431
0 1536
1 615
0 844
0 308
0 504
3 560
1 730
0 730
0 764
1 1701
6 240
1 283
4 596
3 392
1 2339
0 2339
0 303
0 461
541 563
11 438
0 122
0 980
1 980
2 845
0 665
6 378
1 352
0 889
15 889
0 189
0 431
0 751
11 526
14 1955
9 1955
10 1955
18 1955
2 1955
13 1955
20 9453
9068 9453
5 9453
55 9453
10 9453
4 9453
15 9453
14 9453
21 9453
16 9453
18 9453
6 9453
8 9453
11 9453
2 9453
8 3604
48 3604
6 3604
3577 3604
3 3604
2 2982
16 2982
27 2982
5 2982
7 2982
1 1152
0 499
0 181
1 181
240 249
29 613
3 395
0 575
0 122
1 1114
2 1114
261 283
276 283
0 241
2 55
7 655
3 1887
6 1887
2 1887
120 7512
24 7512
66 7512
81 7512
104 7512
5 7512
40 7512
143 7512
165 7512
268 7512
92 7512
78 7512
93 7512
491 7512
115 7512
11 328
1 623
0 106
5 82
1 305
0 196
5 151
6 439
8 328
1 2031
1 4370
0 4370
5 4370
3 4370
4 4370
9 4370
6 4370
2 4370
2 340
0 360
0 269
1 413
1 887
0 187
1 187
2 534
4 1539
1 726
5 257
1 202
55 764
111 764
0 473
0 729
2 729
1 729
1 174
5 593
0 326
5 282
57 59
17 2849
14 2849
19 2849
2 2849
1 225
1 435
0 435
0 522
0 146
8 479
2 399
3 587
0 562
22 788
12 788
31 788
20 788
20 788
1 788
2 788
25 788
17 788
432 473
3 473
3 1528
0 1528
3 1904
5 1904
8 733
0 219
4 2417
116 2417
505 594
14 594
29 594
3 620
2 620
0 476
1 476
2 405
58 1695
1 91
0 91
0 1223
2 1223
3 1223
5 479
1 328
5 1879
12 1879
40 4834
23 4834
14 4834
1 4834
39 4834
9 4834
0 145
687 739
1 336
19 361
7 177
0 413
4 759
1 191
1 191
2 240
8 233
153 177
0 176
2 318
3 807
0 807
2 761
0 446
0 931
1 931
0 1074
2 812
11 287
611 764
2 1043
1 857
1 922
0 558
4 558
0 279
145 173
1 130
3 617
1 617
0 1707
9 1707
2 4275
1 4275
30 4275
3 4275
6 4275
0 1149
1 1149
2 1149
1 2971
5 2971
0 336
283 318
1 1026
0 92
1 92
0 311
0 161
0 774
2 127
0 379
0 400
1 428
3 381
1 562
0 497
0 393
1 279
0 323
6 395
0 223
0 362
18 509
0 2434
17 716
1 388
5 233
0 484
0 484
0 484
13 1075
8 1075
6 1075
10 1075
1 118
0 114
47 844
36 844
288 306
1 1742
2 1742
0 1742
6 441
0 655
635 764
1 509
286 3737
7 3737
1 3737
0 3737
1 562
228 2181
1 338
1 40
0 379
1 405
0 474
0 98
0 1143
5 368
678 699
0 343
4 126
1 1644
132 1644
4 767
9 767
747 767
1 20
7 310
0 354
1 61
2 297
26 727
2 395
0 1618
0 233
5 381
0 473
213 217
0 152
697 768
0 171
0 567
0 301
0 461
24 788
10 788
32 788
16 788
30 788
0 788
1 788
21 788
15 788
1 405
0 653
1 139
0 324
0 973
1 1386
0 633
10 664
0 1618
3 395
0 295
7 344
3 230
2006 2219
0 385
39 527
4 1926
6 1926
2 548
0 919
3 699
9 472
1 327
0 821
3 821
2 821
1 526
0 567
5 1012
1 1012
11 1012
0 562
9 739
0 266
5 227
0 241
4 635
38 391
0 177
0 407
4 435
21 535
26 527
6 371
7 371
0 240
0 57
10 297
3 262
0 361
36 1312
0 84
2 287
4 509
1 585
0 592
49 812
149 2339
1 290
0 948
1 948
0 448
964 973
1 360
11 389
39 1646
1 2101
2 2101
5 2101
15 2101
35 876
4 472
5 265
10 777
1 502
2 137
4 209
2 144
1 183
0 370
14 135
1 120
9 962
15 721
0 114
3 3218
5 1747
0 231
0 1110
0 153
1 290
1 397
319 325
7 319
5 382
19 5267
2 5267
1 5267
8 5267
23 5267
12 5267
35 5267
18 5267
4 5267
17 5267
0 5267
9 5267
26 5267
10 5267
3 1034
11 1034
4 2191
0 2191
0 247
0 247
1 1416
97 1027
0 319
0 1042
0 384
0 163
0 127
2 484
0 900
0 544
1 265
0 368
0 930
2 2416
1 2416
0 2416
14 919
1 407
0 382
0 247
0 233
2 1183
0 1183
1 1183
1 1185
0 382
0 340
3 3763
0 3763
2 177
1 477
0 141
0 242
2 295
1 295
2 395
605 615
0 308
0 1695
12 511
0 227
1 257
7 2339
1 395
0 359
4 761
2 257
0 176
1 336
0 195
1 365
5 240
1 230
3 196
297 338
9 1116
31 1116
0 1124
0 300
1407 1623
822 906
0 57
0 188
0 1057
0 233
0 721
7 318
3 735
660 699
0 446
0 310
0 165
1 465
2 1130
576 679
1 392
318 348
6 1898
5 1898
0 472
4 950
7 950
0 950
3 191
0 1695
0 324
0 282
0 861
8 1695
320 360
1 960
0 388
0 1701
1 453
0 453
0 247
0 461
10 295
1 1042
2 549
300 319
0 1110
1 2517
1 866
0 866
4 141
1 387
43 48
0 1791
4 1791
3 511
2 275
6 286
0 423
2 191
932 950
13 509
0 861
0 364
2 364
1 378
0 3651
0 364
2 364
0 298
2 679
0 654
1 177
576 605
13 392
11 392
0 569
0 43
0 414
2 272
2 327
2 2050
1 2050
0 2050
1 617
0 927
9 1268
0 1268
2 1268
2 1413
6 157
9 317
41 790
753 790
0 812
1 1077
9 584
3 562
5 1360
2 1695
9 405
6 587
4 127
1 1592
2 1592
0 1719
2 1719
1 1719
0 548
1 548
0 195
1 352
0 1043
64 2703
20 2703
87 2703
9 2703
8 1165
7 395
1 1323
0 1323
3 1323
5 1323
2 1323
0 118
0 165
1 663
19 451
27 1536
3 1526
1 1526
6 1526
0 116
4 327
2 587
2 139
0 325
2 1288
0 116
227 240
0 217
703 712
2 1386
31 2339
3 2517
8 381
8 284
0 183
2 295
0 2517
4 2339
430 465
0 247
1 2517
0 55
3 281
3 247
5 1360
0 461
10 3761
0 590
0 594
4 378
4 1539
0 108
38 4338
1387 1552
142 152
0 646
1 306
29 657
0 657
7 1042
400 421
1 1042
4 222
0 1034
0 270
0 1104
0 486
0 502
1 57
26 816
3 2365
2 1074
0 187
0 2236
2 2236
3 2236
1 2236
3 405
9 1110
0 497
2 222
0 120
0 151
0 1392
0 230
70 86
2 78
116 2339
0 9
1 1021
0 318
1 308
0 279
0 762
3 88
2 721
0 1027
1 500
0 89
1 86
17 159
24 733
5 725
0 276
0 497
4 1130
0 456
0 654
0 777
0 53
0 340
453 475
1 142
0 694
0 41
0 90
10 588
14 588
3 588
2 214
0 67
0 588
1 327
0 342
0 588
8 193
0 161
1 90
2 588
4 41
10 322
2 718
1 142
13 567
3 588
5 113
0 120
3 588
4 567
9 588
6 588
2 483
7 588
2 218
41 588
7 282
5 282
12 588
16 218
0 327
21 24
0 274
11 274
1 214
1 142
2 90
87 90
1 228
7 567
0 229
23 567
3 343
206 228
1 327
0 43
8 386
10 694
14 228
0 475
4 588
43 475
10 946
0 475
0 567
5 457
2 327
1 483
3 343
0 116
0 475
2 228
0 342
14 327
23 560
209 229
0 99
3 588
41 43
6 43
0 168
2 141
0 483
0 16
12 588
0 386
16 334
1 588
2 588
3 588
1 588
0 90
12 588
0 271
44 588
7 386
0 67
518 560
17 342
1 454
0 588
2 588
0 211
16 694
22 694
8 228
4 327
543 588
6 752
0 53
0 229
15 588
2 41
1 374
0 334
2 588
4 475
8 110
0 229
0 58
10 588
0 142
143 153
2 334
2 116
110 118
546 588
3 386
3 327
2 142
12 228
142 156
2 588
3 588
1 327
4 343
9 153
65 475
0 588
0 99
0 588
0 588
55 574
0 694
1 90
17 694
0 56
16 560
16 342
5 322
0 752
557 588
289 327
1 193
6 454
0 342
0 67
0 327
6 588
0 229
0 342
0 67
28 2673
0 211
4 483
0 327
12 228
4 33
3 962
2 1539
0 125
0 120
2 80
0 816
0 554
1 176
0 406
0 66
0 473
0 977
0 844
0 290
7 502
2 88
2 275
1 147
4 515
0 1205
3 1403
0 1695
22 605
3 605
9 1347
1 1347
12 1516
0 295
0 473
0 59
2 1021
32 788
3 228
0 1110
1 88
0 768
1 476
0 337
0 340
55 1695
4 127
0 308
1 378
0 241
0 452
0 284
1 1900
0 1900
2 3101
0 3101
0 6
2 218
15 664
0 158
0 423
0 951
4 951
0 623
0 399
3 1577
0 278
1 214
5 2150
0 2150
0 145
0 404
0 1074
2 336
0 362
4 594
0 216
0 439
0 527
3 1386
0 639
28 762
0 625
1 625
0 725
0 395
0 1036
3 1042
1 393
1 1539
1 368
2 1539
9 117
26 632
6 1042
0 518
0 567
1 452
0 1071
0 347
0 303
0 120
25 270
16 2237
11 2237
1 2237
0 2237
2 2237
0 233
1450 1552
0 409
0 1230
2 1230
1 853
0 400
0 126
0 446
22 857
0 973
0 274
1 274
2 3390
46 3390
4 3390
1 3390
0 584
7 890
1 626
5 216
0 1346
0 247
11 287
1 79
0 196
18 191
190 7353
41 7353
53 7353
7251 7353
245 7353
15 7353
283 7353
50 7353
77 7353
714 7353
47 7353
141 7353
54 7353
316 7353
10 7353
5 7353
0 141
0 2466
1 2466
3 2466
2 2466
0 1456
106 10604
279 10604
51 10604
82 10604
352 10604
47 10604
76 10604
16 10604
273 10604
187 10604
18 10604
89 10604
28 10604
21 10604
72 10604
33 10604
10 1655
7 1655
0 407
1 1162
8 1162
0 1162
2 1162
1 479
560 623
0 87
0 564
334 391
0 295
0 590
1 508
1680 1695
3 47
13 788
9 788
17 788
10 788
16 788
2 788
1 788
7 788
5 788
1 230
0 739
0 436
2 1695
0 247
0 626
44 567
9 115
2 48
0 344
51 684
83 764
1 582
47 1072
15 1862
0 1862
3 369
13 876
1 625
0 233
1 937
0 937
2 937
0 230
1 421
0 272
0 218
3 812
41 826
0 919
0 887
1 1072
101 2339
1 958
2 958
1 1623
1 141
0 792
3 811
2 2330
0 2330
1 247
3 974
112 120
0 182
1 423
0 1967
0 30
1 384
6 549
11 1153
0 497
5 188
1 498
4 157
1 157
3 2339
8 950
1 57
0 135
0 473
0 962
4 448
0 163
0 414
3 1161
0 1161
1 1161
0 117
5 96
1 1403
0 1346
1 139
25 1110
0 473
1 318
0 318
1 700
0 162
2 1967
2 1539
0 1539
0 106
5 5662
3 5662
4 5662
2 5662
0 5662
5 1536
8 1536
3 625
7 2565
2 2565
10 2565
1 2565
11 2565
12 2565
1691 1747
5 384
171 183
7 1249
3 1249
0 87
0 812
2 746
8 2128
0 2128
7 2128
0 473
0 67
1 124
6 178
0 764
0 379
3 2396
0 2396
1 2396
23 890
6 890
9 890
0 38
1 2407
2 2407
6 2407
7 2407
0 735
2 581
0 581
0 385
1 385
3 615
1 139
0 641
7 448
1 1064
0 1064
3 2225
0 89
0 941
0 89
0 1419
5 452
2 80
4 554
0 89
1 1294
5 1294
341 381
42 1948
34 1948
7 1948
0 1948
15 962
1 448
0 352
0 137
0 594
5 1708
0 1708
1 287
0 25
0 816
0 626
0 90
22 2339
0 1536
0 233
6 69
2 319
0 796
0 446
0 527
0 142
0 369
0 153
0 590
0 385
393 413
0 446
1 2395
0 2395
0 404
295 592
14 2163
7 2163
16 2163
1 55
42 191
0 2423
5 2423
1 2423
1 344
0 196
0 452
44 1403
1 1205
0 1205
1 1014
2 294
7 448
76 86
0 395
2 844
0 844
0 303
0 1360
0 812
0 107
0 562
0 479
5 467
3 1733
14 1733
13 1733
1 80
0 739
0 446
216 247
0 389
0 733
1 215
1 295
8 431
0 175
1 130
0 187
3 135
0 284
4 371
3 330
3 1724
1 1724
0 1724
3 549
2 919
50 1139
1 896
0 896
0 437
0 103
0 264
1 261
0 264
0 648
5 1577
0 1501
2 1501
1 1501
53 617
3 1618
0 285
1 504
0 115
47 48
0 247
0 737
0 223
0 509
0 311
19 594
2 477
0 345
0 733
3 789
0 789
0 605
0 1747
0 347
6 1511
2 1511
0 362
7 147
0 307
10 139
6 139
0 382
98 1766
16 788
2 788
7 788
4 788
18 788
0 788
1 788
14 788
3 788
4 694
1 694
294 307
2 174
4 371
1 1077
0 537
4 178
0 103
0 290
4 3159
5 3159
2 3159
3 1331
46 50
0 716
1 508
14 1909
19 1909
25 1909
0 1618
4 1618
0 384
0 384
0 102
0 94
0 585
0 474
470 535
0 261
13 295
0 169
1 148
0 183
2 876
0 733
6 1787
5 1787
1 1787
10 617
0 1553
1 1553
1 504
0 343
1 632
0 127
5 504
18 1083
1 65
2 1144
0 178
0 172
1 240
3 431
28 919
0 498
0 1618
1442 1475
11 368
2 26
12 1965
6 1965
3 1965
0 1965
8 1965
2 1965
0 125
0 175
2 55
1 379
0 229
0 229
0 230
1 1042
0 344
4 323
1 746
18 876
2 479
389 406
2 504
160 171
34 575
668 764
4 1913
1 1913
0 1057
2 269
0 173
0 344
0 772
0 242
1 1695
2 1695
1 382
4 764
0 175
0 94
0 811
0 394
0 1287
0 176
17 139
0 310
0 360
3 230
0 811
1 381
0 1129
9 1129
11 1129
0 638
0 1071
30 1410
15 1410
18 1410
0 811
0 497
5 37
1 285
3 305
2 256
0 360
10 233
3 623
0 1061
0 260
0 452
0 563
2 592
3 144
1 327
0 617
3 337
1 362
5814 5976
42 5976
34 5976
60 5976
24 5976
41 5976
50 5976
88 5976
16 5976
9 1075
11 379
36 661
0 162
1 2517
4 431
1 100
1 1386
1 850
0 511
1 405
1 1102
0 1102
0 370
0 196
1 361
17 841
5 698
0 124
0 290
210 218
0 439
6 229
0 349
0 89
0 360
7 333
4 333
0 526
0 122
0 412
1 196
0 874
0 247
0 896
2 338
0 338
0 142
58 1779
1775 1779
6 1779
1767 1779
0 1238
807 876
35 1853
31 1853
11 1853
0 592
1 564
0 173
1 1539
0 158
0 812
7 584
0 328
3 262
1 816
0 99
3 796
1 404
1 146
1 345
6 464
1 228
2 274
847 919
0 502
0 1110
2 122
7 446
2 518
0 141
0 585
20 561
1 2808
0 1357
20 1416
1 204
0 100
25 563
0 564
0 473
3 1110
0 339
316 327
0 308
7 295
0 587
1 777
3 558
0 149
174 209
0 279
1 962
2 3095
3 3095
1 3095
25 1617
1 1617
12 1617
0 1617
0 318
1 327
4 1767
11 1767
6 1767
1 1767
2 240
0 1071
0 522
0 1618
1 465
0 465
1 465
