3 384
6 375
5 392
0 576
3 576
12 776
8 776
442 511
10 2287
11 2287
9 745
1 745
35 914
3 338
14 448
2 691
3 691
0 183
6 914
22 1155
34 1155
1118 1155
0 1155
8 1155
3 1370
3 1623
46 7389
309 7389
163 7389
6 7389
10 7389
84 7389
114 7389
13 7389
141 7389
125 7389
401 7389
2 2339
4 615
27 1288
4 176
18 1265
12 1265
8 1265
11 150
0 79
1 1983
6 1983
5 1983
65 1983
5 269
11 397
35 1208
25 1208
33 1208
36 1474
10 240
3 448
8 558
3 1113
0 1113
0 79
7 305
380 400
1 388
6 590
1 1483
3 152
3 152
2 796
1502 1536
0 805
6 276
296 328
40 1267
35 1267
39 1267
10 1267
38 1267
11 522
176 198
0 1013
2 1013
143 152
0 1303
5 1008
8 1008
3 327
1 562
8 737
7 737
231 264
166 175
0 44
0 89
7 1913
1 1913
4 1539
27 973
12 855
1 301
10 7645
82 7645
21 7645
7 7645
13 7645
230 7645
156 7645
38 7645
122 7645
15 7645
20 7645
9 7645
112 7645
11 7645
4 7645
5 7645
19 7645
3 7645
91 7645
14 7645
639 9306
8 9306
47 9306
359 9306
46 9306
338 9306
11 9306
302 9306
16 9306
437 9306
15 9306
40 9306
62 9306
472 9306
37 9306
461 9306
398 9306
65 9306
66 3760
145 3760
96 3760
80 3760
69 3760
64 3760
79 3760
91 3760
26 689
268 295
38 1454
11 1454
4 1454
9 1454
2 626
0 203
0 405
0 794
2 794
1 844
611 657
8 1110
135 150
1 1071
0 812
0 812
0 422
9 896
3 395
9 2339
0 135
4 324
0 721
78 79
1 204
0 811
1 368
0 380
0 380
2 384
13 152
1 98
67 68
1 446
2 777
1 777
0 884
866 884
0 1514
851 876
339 348
0 169
16 663
6 663
9 303
8 240
1 441
1413 1474
0 733
7 1077
2 404
0 973
0 138
21 1618
0 567
25 876
1 176
10 2150
37 2150
17 876
2 311
15 1597
13 1597
21 1597
23 1597
5 618
0 98
1 184
8 776
9 776
2 497
54 57
5 392
23 670
16 670
6 392
6 511
4 247
0 876
1 344
5 965
1538 1539
0 509
6 215
6 176
4 215
5 215
41 1386
2 283
2 764
3 465
1 792
18 10782
46 10782
12 10782
9 10782
63 10782
68 10782
78 10782
64 10782
26 10782
20 10782
60 10782
312 10782
58 10782
117 10782
107 10782
52 10782
57 10782
16 10782
119 10782
23 10782
25 10782
21 10782
83 10782
39 10782
60 10782
51 10782
1 224
12 767
6 144
42 540
4 2510
0 2510
234 269
3 269
2 1269
1 1269
2 919
0 782
1 448
0 931
1 931
3 247
3 89
28 2038
1 2038
0 2038
1 446
13 737
7 1898
4 1898
8 584
12 1360
5 2257
7 2257
2 1695
21 2339
9 1072
2 746
2 746
1 2150
9 2150
36 3410
2 3410
13 3410
4 746
2 2150
15 2150
11 764
4 746
0 456
27 590
8 2449
86 2449
20 191
4 777
0 266
4 1027
5 976
14 976
10 3000
35 3000
30 3000
47 3000
46 3000
32 3000
2 202
0 456
6 777
2 381
0 295
3 186
420 441
1 94
58 68
2 287
7 240
120 142
10 240
2 655
4 1197
6 2831
5 2831
3 2831
1 2831
10 1331
20 4210
31 4210
199 4210
38 4210
26 4210
164 4210
176 4210
13 4210
103 4210
127 4210
130 4210
2 20
3 209
3 677
4 677
2 1547
4 1547
3 888
25 888
1 344
1 413
6 1012
13 1012
15 1012
3 269
4 467
2 504
1056 1110
3 585
9 2128
11 2128
5 2128
5 960
1 1483
30 1536
13 1536
16 1110
3 1069
4 1069
7 1069
1 1014
25 811
3 1110
9 423
1 93
1 183
1 384
1 724
12 2375
8 2375
22 2375
0 178
735 788
2 788
6 788
5 788
734 788
0 788
1 788
726 788
3 788
0 203
218 226
0 4949
2 4949
6 4949
33 4949
101 4949
8 4949
46 4949
0 120
47 2150
14 2150
18 2150
1 653
16 689
5 2955
1 2955
17 2955
2 2955
30 2955
4 2955
32 2955
3 1695
0 439
0 439
19 225
2 2163
3 2163
213 13875
82 13875
9 13875
18 13875
20 13875
86 13875
30 13875
25 13875
240 13875
34 13875
13175 13875
190 13875
121 13875
176 13875
10 2339
3 222
4 150
2 1164
6 1164
15 1164
0 2347
1 2347
3 2347
2 2347
1 633
1 384
13 3126
15 3126
41 3126
5 3126
2 3126
18 3126
8 3126
2 1078
1 1078
0 1078
9 267
5 1926
517 526
13 812
12 858
11 5657
6 5657
10 5657
4 5657
13 5657
5 5657
38 5657
112 5657
40 1042
9 423
4 218
4 172
16 1307
1001 1021
4 384
14 400
13 240
5 247
1 176
0 247
3 124
2 618
3 247
8 1708
3 1708
1 1708
2 1708
0 762
2 762
3 152
4 371
2 264
0 442
1 442
4 389
26 5642
9 5642
3 5642
5205 5642
101 5642
37 5642
22 5642
4 416
11 223
2 86
24 543
5 1403
10 1403
12 679
3 2517
0 87
1 689
1 336
0 89
2 153
14 1403
13 1963
18 1963
5 2002
2 2002
11 2002
141 147
11 147
7 163
261 264
1 1539
6 264
6 590
0 181
213 241
0 465
39 764
24 764
11 764
9 295
0 1652
1 1652
2 1967
2 86
0 1110
2 1183
0 1183
4 1183
0 876
0 389
1 1124
4 1124
3 1014
2 961
4 961
0 961
0 526
0 359
122 1130
0 257
36 1386
3 842
937 1042
0 257
21 2403
65 2403
24 2403
1 106
7 375
4 617
3 270
20 270
7 340
2 327
0 380
5 518
8 587
6 587
1 384
1 424
3 264
623 699
3 1317
20 1317
6 1317
110 120
6 594
0 538
0 603
0 1130
1 344
8 240
0 1241
0 122
6 855
13 1898
11 1898
9 1898
4 1898
11 384
14 17
27 914
0 777
2 163
28 4713
17 4713
9 4713
275 4713
16 4713
24 4713
1 44
16 2150
17 2150
2 2150
1 2150
13 402
7 266
3 781
6 781
0 781
7 781
20 664
2 689
0 874
1 796
5 796
90 1464
8 1464
15 1464
0 548
4 382
18 233
2 663
2 257
470 506
4 1012
4 257
2 626
1 371
9 782
20 3816
16 3816
7 3816
4 3816
0 3816
30 3816
9 3816
5 340
8 1347
4 1347
0 149
2 554
4 364
5 364
5 295
11 435
18 695
2 1247
1 1247
6 423
7 914
1 265
8 631
9 631
3 186
2 518
168 171
501 511
5 431
0 2308
4 2308
2 2303
8 2303
11 145
6 145
3 145
4 467
459 518
2 405
15 318
8 423
6 324
3 389
10 8726
48 8726
255 8726
36 8726
154 8726
52 8726
258 8726
56 8726
155 8726
124 8726
6 8726
33 8726
18 8726
0 422
1 108
0 456
0 1036
1 1036
370 391
1 344
11 679
2 154
366 397
14 3066
17 3066
86 3066
5 1214
4 1214
42 1595
43 1595
683 764
0 457
0 368
0 376
6 209
4 209
1 1191
0 1191
509 592
17 378
138 141
0 389
1 446
11 264
4 526
22 1110
11828 12734
122 12734
821 12734
333 12734
156 12734
79 12734
12416 12734
38 12734
89 12734
151 12734
19 12734
16 12734
41 12734
44 12734
139 12734
153 12734
76 12734
190 12734
8 203
2 89
0 653
7 295
0 841
0 441
382 384
1 876
1095 1264
1216 1264
1262 1264
2 404
0 1483
0 1110
6 590
8 590
230 264
0 107
5 1386
0 148
1 89
15 842
41 461
1 669
2 669
9 737
26 699
6 423
6 737
0 107
0 107
2 148
0 473
22 2629
74 2629
5 2629
18 2629
2 384
3 1589
1 1589
2 1589
2 113
3 2696
6 2696
2 2696
1 774
23 664
959 987
14 987
27 987
19 4344
6 4344
14 4344
54 4344
10 4344
7 4344
5 4344
2 222
14 626
1361 1376
29 1376
32 1376
34 1376
8 558
7 680
29 680
5 234
1 177
1 177
5 384
38 441
27 441
1 376
3 1511
2 1511
4 522
15 522
0 169
5 737
24 664
7 479
3 2238
13 2238
22 2238
4 2238
25 1074
11 737
1 762
2441 2517
774 788
18 2300
7 2300
0 762
1 618
0 183
22 270
8 558
2 252
8 295
10 1913
28 1913
12 656
17 656
11 656
10 240
1 423
6 764
22 373
13 446
1 357
5 423
0 632
7 590
1 562
415 456
0 9
293 587
1 562
13 1014
0 774
0 404
0 567
0 1407
0 594
1 690
0 690
4 250
1 127
294 295
4 2725
3 2725
2 2725
0 2725
5 2725
0 442
2 442
4 518
1 508
0 269
4 269
0 38
5 6094
3 6094
2 6094
1 6094
9 6094
6 1370
29 2737
19 2737
46 1409
487 526
6 465
1 339
2 960
1 960
14 382
1 295
0 404
0 431
1 1536
4 615
0 844
0 308
5 504
3 560
1 730
0 730
1 764
0 1701
222 240
15 283
7 596
2 392
2 2339
1 2339
0 303
0 461
556 563
13 438
1 122
1 980
0 980
1 845
0 665
6 378
1 352
7 889
2 889
0 189
0 431
0 751
0 526
19 1955
13 1955
24 1955
10 1955
4 1955
28 1955
7 9453
247 9453
6 9453
23 9453
24 9453
5 9453
13 9453
4 9453
14 9453
10 9453
26 9453
8 9453
11 9453
3 9453
2 9453
9 3604
8 3604
3 3604
3296 3604
1 3604
18 2982
29 2982
35 2982
24 2982
28 2982
0 1152
1 499
0 181
1 181
235 249
12 613
9 395
2 575
1 122
10 1114
1 1114
270 283
278 283
0 241
49 55
4 655
2 1887
7 1887
1 1887
272 7512
212 7512
265 7512
178 7512
84 7512
166 7512
310 7512
362 7512
387 7512
318 7512
225 7512
373 7512
200 7512
80 7512
456 7512
4 328
0 623
0 106
2 82
3 305
2 196
9 151
409 439
1 328
7 2031
1 4370
0 4370
5 4370
3 4370
8 4370
9 4370
4 4370
2 4370
0 340
0 360
1 269
0 413
7 887
1 187
0 187
9 534
7 1539
1 726
13 257
7 202
13 764
10 764
0 473
0 729
2 729
1 729
1 174
3 593
0 326
2 282
57 59
18 2849
25 2849
20 2849
6 2849
12 225
7 435
0 435
1 522
132 146
9 479
1 399
2 587
1 562
24 788
16 788
725 788
21 788
724 788
1 788
0 788
734 788
722 788
445 473
2 473
3 1528
1 1528
0 1904
5 1904
0 733
0 219
278 2417
2289 2417
33 594
9 594
16 594
4 620
5 620
1 476
0 476
2 405
1632 1695
2 91
1 91
2 1223
1 1223
5 1223
9 479
1 328
2 1879
5 1879
63 4834
13 4834
34 4834
36 4834
30 4834
19 4834
140 145
7 739
2 336
18 361
169 177
0 413
704 759
2 191
2 191
2 240
10 233
171 177
0 176
3 318
3 807
0 807
10 761
4 446
0 931
1 931
2 1074
17 812
245 287
10 764
10 1043
0 857
0 922
1 558
7 558
0 279
158 173
3 130
2 617
1 617
0 1707
11 1707
9 4275
5 4275
26 4275
6 4275
8 4275
0 1149
1 1149
4 1149
5 2971
10 2971
0 336
285 318
3 1026
0 92
1 92
1 311
0 161
1 774
6 127
0 379
0 400
426 428
17 381
2 562
2 497
11 393
0 279
9 323
6 395
1 223
0 362
506 509
0 2434
3 716
0 388
13 233
0 484
1 484
1 484
4 1075
6 1075
7 1075
8 1075
0 118
0 114
42 844
34 844
0 306
9 1742
5 1742
0 1742
3 441
8 655
710 764
0 509
3254 3737
4 3737
1 3737
0 3737
4 562
2063 2181
3 338
3 40
0 379
3 405
2 474
1 98
0 1143
16 368
650 699
0 343
8 126
2 1644
121 1644
0 767
1 767
753 767
0 20
280 310
0 354
2 61
1 297
724 727
8 395
3 1618
0 233
13 381
0 473
200 217
0 152
694 768
0 171
0 567
0 301
0 461
740 788
13 788
741 788
723 788
745 788
1 788
0 788
743 788
720 788
2 405
2 653
1 139
0 324
0 973
3 1386
1 633
12 664
0 1618
12 395
0 295
15 344
3 230
2155 2219
0 385
6 527
8 1926
11 1926
4 548
0 919
13 699
17 472
5 327
0 821
1 821
2 821
1 526
0 567
8 1012
5 1012
4 1012
6 562
23 739
0 266
6 227
0 241
23 635
1 391
1 177
0 407
8 435
10 535
15 527
8 371
3 371
3 240
0 57
280 297
4 262
2 361
16 1312
0 84
4 287
2 509
6 585
0 592
780 812
2177 2339
267 290
0 948
1 948
1 448
926 973
1 360
348 389
1552 1646
0 2101
2 2101
3 2101
4 2101
19 876
6 472
1 265
4 777
4 502
1 137
0 209
5 144
1 183
0 370
134 135
1 120
1 962
24 721
0 114
2 3218
1 1747
0 231
2 1110
0 153
0 290
2 397
316 325
6 319
6 382
17 5267
6 5267
0 5267
15 5267
19 5267
10 5267
32 5267
18 5267
2 5267
12 5267
3 5267
1 5267
20 5267
14 5267
0 1034
4 1034
0 2191
1 2191
0 247
0 247
1 1416
864 1027
0 319
0 1042
0 384
0 163
1 127
1 484
0 900
0 544
1 265
0 368
0 930
2 2416
1 2416
6 2416
6 919
2 407
0 382
0 247
2 233
1 1183
0 1183
2 1183
1 1185
0 382
1 340
1 3763
0 3763
175 177
3 477
1 141
14 242
0 295
1 295
3 395
31 615
0 308
0 1695
7 511
0 227
0 257
6 2339
4 395
0 359
4 761
4 257
0 176
2 336
1 195
1 365
12 240
2 230
3 196
7 338
2 1116
66 1116
0 1124
0 300
5 1623
44 906
0 57
1 188
0 1057
0 233
2 721
6 318
3 735
641 699
0 446
0 310
0 165
389 465
0 1130
676 679
1 392
324 348
6 1898
2 1898
0 472
20 950
31 950
24 950
10 191
0 1695
0 324
0 282
0 861
7 1695
328 360
1 960
3 388
1 1701
1 453
0 453
0 247
2 461
266 295
5 1042
4 549
11 319
1 1110
4 2517
1 866
0 866
134 141
3 387
40 48
0 1791
1 1791
15 511
8 275
3 286
0 423
0 191
908 950
11 509
0 861
0 364
4 364
0 378
1 3651
0 364
3 364
0 298
29 679
7 654
6 177
10 605
3 392
4 392
1 569
0 43
3 414
1 272
1 327
2 2050
0 2050
1 2050
1 617
0 927
5 1268
3 1268
4 1268
9 1413
78 157
2 317
781 790
394 790
0 812
17 1077
528 584
5 562
14 1360
2 1695
15 405
547 587
4 127
1 1592
2 1592
0 1719
2 1719
1 1719
1 548
0 548
2 195
1 352
0 1043
11 2703
18 2703
21 2703
23 2703
39 1165
374 395
1 1323
0 1323
2 1323
7 1323
3 1323
0 118
0 165
3 663
14 451
24 1536
19 1526
8 1526
15 1526
0 116
290 327
2 587
2 139
1 325
3 1288
0 116
207 240
0 217
659 712
7 1386
92 2339
0 2517
15 381
259 284
0 183
3 295
0 2517
11 2339
11 465
0 247
0 2517
0 55
2 281
0 247
1257 1360
2 461
46 3761
1 590
1 594
4 378
52 1539
1 108
36 4338
1397 1552
4 152
0 646
1 306
22 657
11 657
5 1042
416 421
2 1042
5 222
1 1034
1 270
0 1104
0 486
0 502
1 57
769 816
0 2365
2 1074
0 187
2 2236
4 2236
3 2236
1 2236
7 405
10 1110
9 497
4 222
0 120
0 151
0 1392
0 230
85 86
3 78
94 2339
0 9
1 1021
0 318
2 308
0 279
0 762
1 88
5 721
0 1027
4 500
0 89
5 86
9 159
14 733
27 725
0 276
1 497
6 1130
0 456
1 654
2 777
0 53
0 340
471 475
1 142
3 694
1 41
1 90
585 588
14 588
4 588
2 214
1 67
3 588
1 327
1 342
0 588
9 193
0 161
82 90
6 588
6 41
21 322
2 718
2 142
14 567
3 588
4 113
0 120
3 588
3 567
7 588
15 588
8 483
19 588
4 218
573 588
7 282
9 282
515 588
13 218
3 327
23 24
0 274
5 274
2 214
1 142
1 90
84 90
1 228
4 567
0 229
528 567
5 343
20 228
2 327
0 43
2 386
27 694
7 228
2 475
4 588
28 475
13 946
0 475
0 567
1 457
3 327
4 483
6 343
0 116
4 475
5 228
0 342
21 327
546 560
14 229
0 99
1 588
40 43
7 43
0 168
3 141
0 483
0 16
7 588
0 386
22 334
1 588
2 588
2 588
1 588
0 90
25 588
0 271
557 588
332 386
0 67
516 560
322 342
3 454
3 588
4 588
0 211
24 694
48 694
7 228
1 327
575 588
8 752
0 53
1 229
12 588
6 41
1 374
0 334
1 588
11 475
101 110
0 229
0 58
11 588
1 142
5 153
2 334
2 116
5 118
573 588
8 386
4 327
2 142
5 228
6 156
3 588
4 588
1 327
5 343
15 153
440 475
0 588
0 99
0 588
3 588
547 574
7 694
1 90
19 694
0 56
21 560
4 342
11 322
0 752
554 588
27 327
1 193
10 454
0 342
1 67
0 327
8 588
0 229
0 342
3 67
33 2673
1 211
9 483
3 327
3 228
4 33
5 962
1 1539
0 125
0 120
5 80
1 816
0 554
1 176
2 406
0 66
0 473
0 977
0 844
0 290
9 502
2 88
2 275
2 147
4 515
0 1205
2 1403
0 1695
6 605
7 605
7 1347
8 1347
54 1516
0 295
0 473
0 59
2 1021
747 788
216 228
2 1110
1 88
2 768
2 476
10 337
0 340
14 1695
4 127
0 308
4 378
0 241
0 452
0 284
3 1900
0 1900
2 3101
0 3101
0 6
6 218
14 664
0 158
0 423
4 951
22 951
0 623
0 399
6 1577
1 278
3 214
3 2150
0 2150
0 145
0 404
0 1074
1 336
0 362
3 594
0 216
0 439
3 527
7 1386
3 639
696 762
0 625
1 625
0 725
0 395
0 1036
5 1042
1 393
6 1539
1 368
15 1539
103 117
628 632
4 1042
0 518
0 567
2 452
1 1071
0 347
0 303
0 120
23 270
11 2237
19 2237
2 2237
0 2237
4 2237
0 233
1538 1552
0 409
0 1230
2 1230
20 853
0 400
0 126
0 446
7 857
0 973
0 274
2 274
0 3390
13 3390
7 3390
4 3390
0 584
6 890
2 626
8 216
0 1346
0 247
13 287
73 79
0 196
15 191
109 7353
193 7353
54 7353
313 7353
127 7353
3 7353
256 7353
153 7353
249 7353
353 7353
196 7353
150 7353
206 7353
168 7353
130 7353
89 7353
0 141
3 2466
5 2466
6 2466
4 2466
1 1456
93 10604
103 10604
198 10604
32 10604
22 10604
113 10604
53 10604
75 10604
127 10604
126 10604
10 10604
128 10604
63 10604
95 10604
99 10604
47 10604
9 1655
2 1655
0 407
2 1162
6 1162
1 1162
3 1162
5 479
9 623
0 87
1 564
6 391
0 295
0 590
1 508
1694 1695
1 47
752 788
766 788
764 788
754 788
738 788
5 788
1 788
738 788
778 788
2 230
2 739
1 436
6 1695
0 247
7 626
9 567
107 115
2 48
0 344
1 684
40 764
1 582
44 1072
5 1862
2 1862
10 369
812 876
1 625
0 233
4 937
5 937
16 937
0 230
1 421
0 272
5 218
1 812
17 826
0 919
1 887
1 1072
64 2339
2 958
5 958
3 1623
6 141
2 792
3 811
0 2330
1 2330
3 247
5 974
117 120
0 182
0 423
0 1967
0 30
2 384
1 549
63 1153
0 497
1 188
2 498
5 157
2 157
13 2339
2 950
3 57
0 135
1 473
0 962
1 448
0 163
3 414
3 1161
0 1161
2 1161
0 117
3 96
7 1403
0 1346
1 139
46 1110
0 473
1 318
0 318
1 700
2 162
0 1967
5 1539
6 1539
0 106
6 5662
5 5662
2 5662
4 5662
3 5662
7 1536
29 1536
7 625
18 2565
16 2565
20 2565
13 2565
19 2565
14 2565
1695 1747
10 384
2 183
11 1249
5 1249
0 87
3 812
5 746
7 2128
0 2128
3 2128
4 473
0 67
3 124
7 178
0 764
1 379
5 2396
0 2396
1 2396
10 890
14 890
6 890
0 38
3 2407
5 2407
0 2407
10 2407
0 735
1 581
0 581
0 385
1 385
7 615
1 139
0 641
5 448
0 1064
4 1064
6 2225
3 89
0 941
0 89
0 1419
437 452
1 80
14 554
0 89
3 1294
12 1294
348 381
78 1948
126 1948
67 1948
84 1948
1 962
1 448
1 352
136 137
2 594
3 1708
0 1708
7 287
0 25
3 816
0 626
0 90
51 2339
0 1536
5 233
58 69
3 319
1 796
4 446
0 527
0 142
1 369
0 153
15 590
6 385
206 413
0 446
2 2395
4 2395
4 404
295 592
57 2163
18 2163
87 2163
2 55
21 191
11 2423
4 2423
15 2423
2 344
4 196
2 452
12 1403
1 1205
0 1205
0 1014
1 294
2 448
7 86
0 395
10 844
0 844
1 303
22 1360
0 812
1 107
1 562
1 479
5 467
75 1733
39 1733
33 1733
3 80
710 739
0 446
228 247
0 389
0 733
6 215
5 295
3 431
0 175
5 130
6 187
1 135
1 284
5 371
3 330
4 1724
0 1724
1 1724
5 549
6 919
1099 1139
1 896
0 896
0 437
0 103
0 264
5 261
0 264
0 648
7 1577
2 1501
9 1501
4 1501
605 617
2 1618
0 285
5 504
2 115
47 48
0 247
7 737
0 223
0 509
0 311
572 594
459 477
0 345
1 733
4 789
3 789
0 605
0 1747
0 347
14 1511
16 1511
0 362
20 147
0 307
15 139
19 139
0 382
1571 1766
761 788
2 788
7 788
4 788
760 788
0 788
1 788
762 788
3 788
13 694
2 694
11 307
4 174
2 371
2 1077
0 537
7 178
0 103
0 290
29 3159
26 3159
16 3159
5 1331
24 50
0 716
1 508
28 1909
28 1909
28 1909
1 1618
24 1618
0 384
1 384
0 102
1 94
0 585
4 474
505 535
0 261
294 295
1 169
0 148
3 183
10 876
1 733
10 1787
13 1787
8 1787
12 617
0 1553
2 1553
5 504
1 343
1 632
0 127
11 504
24 1083
2 65
2 1144
0 178
4 172
0 240
5 431
13 919
0 498
0 1618
1458 1475
333 368
3 26
8 1965
5 1965
2 1965
0 1965
4 1965
3 1965
10 125
0 175
1 55
3 379
0 229
0 229
0 230
5 1042
8 344
7 323
3 746
17 876
8 479
405 406
3 504
163 171
1 575
6 764
7 1913
1 1913
0 1057
1 269
0 173
6 344
0 772
0 242
3 1695
9 1695
3 382
2 764
0 175
0 94
0 811
0 394
0 1287
0 176
123 139
0 310
0 360
2 230
0 811
1 381
2 1129
13 1129
3 1129
0 638
0 1071
20 1410
41 1410
28 1410
0 811
0 497
32 37
0 285
1 305
2 256
0 360
116 233
18 623
0 1061
5 260
0 452
0 563
568 592
3 144
2 327
0 617
8 337
9 362
5727 5976
72 5976
120 5976
132 5976
70 5976
142 5976
145 5976
86 5976
77 5976
20 1075
378 379
6 661
1 162
1 2517
0 431
2 100
0 1386
3 850
1 511
364 405
13 1102
4 1102
0 370
5 196
1 361
16 841
9 698
0 124
0 290
215 218
0 439
204 229
0 349
2 89
0 360
329 333
331 333
1 526
3 122
0 412
2 196
0 874
0 247
1 896
1 338
2 338
1 142
1778 1779
1751 1779
59 1779
1702 1779
3 1238
15 876
8 1853
10 1853
4 1853
0 592
562 564
5 173
6 1539
0 158
5 812
3 584
0 328
6 262
2 816
6 99
10 796
5 404
4 146
344 345
1 464
1 228
4 274
459 919
2 502
1 1110
0 122
7 446
7 518
0 141
5 585
2 561
3 2808
2 1357
52 1416
1 204
0 100
531 563
0 564
0 473
21 1110
0 339
163 327
0 308
5 295
0 587
0 777
9 558
141 149
204 209
0 279
1 962
0 3095
7 3095
4 3095
10 1617
3 1617
8 1617
4 1617
2 318
4 327
1 1767
10 1767
12 1767
5 1767
226 240
1 1071
6 522
0 1618
1 465
0 465
1 465
